nbNodes
27
nbVehi
5
nbServi
6
r
1 1 1 1 1 1 
0 0 1 0 0 0 
1 0 0 0 0 1 
1 0 0 0 0 0 
0 1 0 0 0 0 
0 0 0 0 0 1 
0 0 0 0 0 1 
0 0 0 0 1 0 
0 0 0 0 0 1 
1 0 0 0 0 1 
0 1 0 0 0 0 
0 1 0 0 1 0 
1 0 0 1 0 0 
0 1 0 0 1 0 
0 0 1 0 0 1 
0 0 0 1 0 0 
0 0 0 0 1 0 
0 0 0 1 0 0 
0 0 0 0 1 0 
0 1 0 0 0 0 
1 0 0 0 1 0 
0 0 0 0 0 1 
0 1 0 0 0 0 
1 0 0 0 0 0 
0 0 1 0 0 0 
0 0 1 0 1 0 
1 1 1 1 1 1 
DS
3 10 12 13 14 15 21 26 
a
0 1 1 0 0 0 
1 0 0 0 0 0 
0 0 0 0 1 1 
0 0 0 0 0 1 
0 0 0 1 1 0 
x
-29.9782 -30.0857 -29.9994 -29.9782 -30.0483 -30.0169 -30.1379 -30.076 -30.0892 -30.0234 -30.047 -30.2092 -30.0458 -30.2012 -29.9788 -29.9992 -30.0726 -30.004 -30.044 -30.0771 -30.0368 -30.0908 -30.0424 -30.0616 -30.055 -29.9992 -29.9782
y
-51.1194 -51.2305 -51.104 -51.1194 -51.1553 -51.2587 -51.2121 -51.1731 -51.2191 -51.2162 -51.1833 -51.1731 -51.151 -51.1341 -51.1363 -51.0994 -51.2064 -51.0935 -51.2059 -51.1663 -51.1535 -51.2399 -51.0981 -51.1575 -51.1514 -51.1037 -51.1194
d
0.00000 35.00000 14.00000 0.00000 21.00000 33.00000 44.00000 30.00000 33.00000 23.00000 24.00000 58.00000 21.00000 60.00000 7.00000 15.00000 30.00000 16.00000 24.00000 30.00000 19.00000 35.00000 24.00000 25.00000 23.00000 14.00000 0.00000
36.00000 0.00000 32.00000 36.00000 17.00000 34.00000 15.00000 16.00000 4.00000 17.00000 15.00000 29.00000 19.00000 31.00000 33.00000 32.00000 9.00000 33.00000 13.00000 19.00000 19.00000 4.00000 30.00000 16.00000 20.00000 32.00000 36.00000
14.00000 32.00000 0.00000 14.00000 16.00000 30.00000 40.00000 25.00000 29.00000 22.00000 21.00000 54.00000 15.00000 53.00000 13.00000 3.00000 26.00000 4.00000 24.00000 25.00000 15.00000 33.00000 17.00000 18.00000 16.00000 1.00000 14.00000
0.00000 35.00000 14.00000 0.00000 21.00000 33.00000 44.00000 30.00000 33.00000 23.00000 24.00000 58.00000 21.00000 60.00000 7.00000 15.00000 30.00000 16.00000 24.00000 30.00000 19.00000 35.00000 24.00000 25.00000 23.00000 14.00000 0.00000
20.00000 17.00000 16.00000 20.00000 0.00000 30.00000 26.00000 11.00000 14.00000 15.00000 9.00000 40.00000 3.00000 41.00000 18.00000 17.00000 12.00000 17.00000 11.00000 11.00000 3.00000 18.00000 14.00000 4.00000 5.00000 16.00000 20.00000
34.00000 34.00000 30.00000 34.00000 30.00000 0.00000 44.00000 33.00000 32.00000 20.00000 27.00000 58.00000 30.00000 59.00000 31.00000 32.00000 29.00000 32.00000 24.00000 36.00000 28.00000 33.00000 40.00000 32.00000 34.00000 30.00000 34.00000
44.00000 15.00000 39.00000 44.00000 25.00000 45.00000 0.00000 23.00000 14.00000 28.00000 23.00000 19.00000 27.00000 22.00000 41.00000 40.00000 17.00000 41.00000 22.00000 27.00000 27.00000 14.00000 38.00000 24.00000 28.00000 39.00000 44.00000
30.00000 15.00000 26.00000 30.00000 11.00000 33.00000 24.00000 0.00000 12.00000 16.00000 10.00000 38.00000 13.00000 38.00000 28.00000 27.00000 10.00000 27.00000 11.00000 6.00000 14.00000 16.00000 24.00000 9.00000 14.00000 26.00000 30.00000
32.00000 4.00000 28.00000 32.00000 13.00000 33.00000 13.00000 12.00000 0.00000 16.00000 11.00000 27.00000 15.00000 29.00000 30.00000 29.00000 5.00000 29.00000 11.00000 15.00000 15.00000 5.00000 26.00000 12.00000 16.00000 28.00000 32.00000
23.00000 17.00000 19.00000 23.00000 14.00000 19.00000 27.00000 16.00000 15.00000 0.00000 9.00000 41.00000 14.00000 42.00000 19.00000 20.00000 12.00000 21.00000 6.00000 18.00000 14.00000 16.00000 24.00000 15.00000 18.00000 19.00000 23.00000
24.00000 14.00000 19.00000 24.00000 8.00000 28.00000 23.00000 11.00000 12.00000 10.00000 0.00000 37.00000 8.00000 39.00000 21.00000 20.00000 9.00000 21.00000 7.00000 11.00000 7.00000 15.00000 18.00000 7.00000 11.00000 20.00000 24.00000
58.00000 29.00000 53.00000 58.00000 39.00000 59.00000 19.00000 37.00000 28.00000 41.00000 37.00000 0.00000 41.00000 9.00000 55.00000 54.00000 31.00000 53.00000 36.00000 41.00000 41.00000 28.00000 50.00000 38.00000 42.00000 53.00000 58.00000
20.00000 19.00000 15.00000 20.00000 3.00000 29.00000 28.00000 13.00000 16.00000 14.00000 9.00000 42.00000 0.00000 43.00000 17.00000 16.00000 13.00000 16.00000 12.00000 12.00000 3.00000 20.00000 13.00000 6.00000 5.00000 15.00000 20.00000
58.00000 29.00000 53.00000 58.00000 40.00000 59.00000 22.00000 38.00000 29.00000 42.00000 38.00000 9.00000 42.00000 0.00000 56.00000 52.00000 32.00000 51.00000 37.00000 40.00000 42.00000 29.00000 48.00000 39.00000 42.00000 53.00000 58.00000
7.00000 33.00000 12.00000 7.00000 19.00000 31.00000 42.00000 28.00000 31.00000 20.00000 22.00000 56.00000 19.00000 58.00000 0.00000 13.00000 27.00000 14.00000 22.00000 28.00000 16.00000 33.00000 22.00000 23.00000 21.00000 12.00000 7.00000
16.00000 32.00000 3.00000 16.00000 17.00000 32.00000 41.00000 26.00000 30.00000 23.00000 22.00000 54.00000 16.00000 53.00000 14.00000 0.00000 27.00000 3.00000 25.00000 26.00000 15.00000 34.00000 17.00000 19.00000 17.00000 3.00000 16.00000
30.00000 8.00000 26.00000 30.00000 12.00000 29.00000 17.00000 10.00000 5.00000 12.00000 10.00000 31.00000 14.00000 33.00000 28.00000 27.00000 0.00000 27.00000 7.00000 13.00000 14.00000 9.00000 24.00000 11.00000 15.00000 26.00000 30.00000
16.00000 33.00000 4.00000 16.00000 17.00000 32.00000 42.00000 27.00000 30.00000 24.00000 22.00000 53.00000 16.00000 52.00000 15.00000 3.00000 27.00000 0.00000 24.00000 26.00000 16.00000 34.00000 17.00000 20.00000 17.00000 4.00000 16.00000
25.00000 13.00000 23.00000 25.00000 10.00000 25.00000 23.00000 11.00000 12.00000 7.00000 6.00000 37.00000 11.00000 38.00000 22.00000 24.00000 8.00000 24.00000 0.00000 13.00000 11.00000 14.00000 22.00000 9.00000 13.00000 23.00000 25.00000
31.00000 19.00000 26.00000 31.00000 11.00000 36.00000 27.00000 6.00000 16.00000 19.00000 13.00000 42.00000 13.00000 40.00000 28.00000 26.00000 13.00000 27.00000 14.00000 0.00000 14.00000 20.00000 24.00000 8.00000 14.00000 26.00000 31.00000
18.00000 20.00000 15.00000 18.00000 3.00000 29.00000 28.00000 13.00000 17.00000 13.00000 9.00000 43.00000 3.00000 44.00000 15.00000 16.00000 14.00000 16.00000 12.00000 13.00000 0.00000 21.00000 13.00000 7.00000 7.00000 15.00000 18.00000
37.00000 4.00000 33.00000 37.00000 18.00000 33.00000 15.00000 17.00000 6.00000 16.00000 16.00000 29.00000 20.00000 30.00000 34.00000 34.00000 10.00000 34.00000 12.00000 20.00000 20.00000 0.00000 31.00000 17.00000 21.00000 33.00000 37.00000
24.00000 30.00000 17.00000 24.00000 14.00000 39.00000 39.00000 24.00000 27.00000 24.00000 19.00000 49.00000 13.00000 48.00000 22.00000 18.00000 25.00000 17.00000 23.00000 24.00000 13.00000 31.00000 0.00000 17.00000 15.00000 17.00000 24.00000
25.00000 16.00000 19.00000 25.00000 5.00000 32.00000 25.00000 9.00000 13.00000 15.00000 9.00000 39.00000 7.00000 40.00000 22.00000 20.00000 10.00000 20.00000 11.00000 10.00000 8.00000 17.00000 17.00000 0.00000 7.00000 19.00000 25.00000
24.00000 20.00000 17.00000 24.00000 5.00000 33.00000 28.00000 13.00000 17.00000 17.00000 12.00000 43.00000 5.00000 41.00000 21.00000 18.00000 14.00000 18.00000 13.00000 13.00000 7.00000 21.00000 15.00000 6.00000 0.00000 17.00000 24.00000
15.00000 32.00000 1.00000 15.00000 16.00000 30.00000 41.00000 26.00000 29.00000 22.00000 21.00000 54.00000 15.00000 53.00000 13.00000 2.00000 26.00000 4.00000 24.00000 25.00000 15.00000 33.00000 17.00000 19.00000 16.00000 0.00000 15.00000
0.00000 35.00000 14.00000 0.00000 21.00000 33.00000 44.00000 30.00000 33.00000 23.00000 24.00000 58.00000 21.00000 60.00000 7.00000 15.00000 30.00000 16.00000 24.00000 30.00000 19.00000 35.00000 24.00000 25.00000 23.00000 14.00000 0.00000
p
0.0 0.0 0.0 0.0 0.0 0.0 
0.0 0.0 0.0 0.0 0.0 0.0 
0.0 0.0 0.0 0.0 0.0 0.0 
0.0 0.0 0.0 0.0 0.0 0.0 
0.0 0.0 0.0 0.0 0.0 0.0 
0 0 32 0 0 0 
0 0 32 0 0 0 
0 0 32 0 0 0 
0 0 32 0 0 0 
0 0 32 0 0 0 
19 0 0 0 0 24 
19 0 0 0 0 24 
19 0 0 0 0 24 
19 0 0 0 0 24 
19 0 0 0 0 24 
39 0 0 0 0 0 
39 0 0 0 0 0 
39 0 0 0 0 0 
39 0 0 0 0 0 
39 0 0 0 0 0 
0 59 0 0 0 0 
0 59 0 0 0 0 
0 59 0 0 0 0 
0 59 0 0 0 0 
0 59 0 0 0 0 
0 0 0 0 0 51 
0 0 0 0 0 51 
0 0 0 0 0 51 
0 0 0 0 0 51 
0 0 0 0 0 51 
0 0 0 0 0 25 
0 0 0 0 0 25 
0 0 0 0 0 25 
0 0 0 0 0 25 
0 0 0 0 0 25 
0 0 0 0 24 0 
0 0 0 0 24 0 
0 0 0 0 24 0 
0 0 0 0 24 0 
0 0 0 0 24 0 
0 0 0 0 0 34 
0 0 0 0 0 34 
0 0 0 0 0 34 
0 0 0 0 0 34 
0 0 0 0 0 34 
28 0 0 0 0 32 
28 0 0 0 0 32 
28 0 0 0 0 32 
28 0 0 0 0 32 
28 0 0 0 0 32 
0 51 0 0 0 0 
0 51 0 0 0 0 
0 51 0 0 0 0 
0 51 0 0 0 0 
0 51 0 0 0 0 
0 30 0 0 34 0 
0 30 0 0 34 0 
0 30 0 0 34 0 
0 30 0 0 34 0 
0 30 0 0 34 0 
39 0 0 51 0 0 
39 0 0 51 0 0 
39 0 0 51 0 0 
39 0 0 51 0 0 
39 0 0 51 0 0 
0 52 0 0 19 0 
0 52 0 0 19 0 
0 52 0 0 19 0 
0 52 0 0 19 0 
0 52 0 0 19 0 
0 0 54 0 0 58 
0 0 54 0 0 58 
0 0 54 0 0 58 
0 0 54 0 0 58 
0 0 54 0 0 58 
0 0 0 56 0 0 
0 0 0 56 0 0 
0 0 0 56 0 0 
0 0 0 56 0 0 
0 0 0 56 0 0 
0 0 0 0 45 0 
0 0 0 0 45 0 
0 0 0 0 45 0 
0 0 0 0 45 0 
0 0 0 0 45 0 
0 0 0 40 0 0 
0 0 0 40 0 0 
0 0 0 40 0 0 
0 0 0 40 0 0 
0 0 0 40 0 0 
0 0 0 0 24 0 
0 0 0 0 24 0 
0 0 0 0 24 0 
0 0 0 0 24 0 
0 0 0 0 24 0 
0 38 0 0 0 0 
0 38 0 0 0 0 
0 38 0 0 0 0 
0 38 0 0 0 0 
0 38 0 0 0 0 
31 0 0 0 42 0 
31 0 0 0 42 0 
31 0 0 0 42 0 
31 0 0 0 42 0 
31 0 0 0 42 0 
0 0 0 0 0 23 
0 0 0 0 0 23 
0 0 0 0 0 23 
0 0 0 0 0 23 
0 0 0 0 0 23 
0 55 0 0 0 0 
0 55 0 0 0 0 
0 55 0 0 0 0 
0 55 0 0 0 0 
0 55 0 0 0 0 
18 0 0 0 0 0 
18 0 0 0 0 0 
18 0 0 0 0 0 
18 0 0 0 0 0 
18 0 0 0 0 0 
0 0 28 0 0 0 
0 0 28 0 0 0 
0 0 28 0 0 0 
0 0 28 0 0 0 
0 0 28 0 0 0 
0 0 32 0 49 0 
0 0 32 0 49 0 
0 0 32 0 49 0 
0 0 32 0 49 0 
0 0 32 0 49 0 
0.0 0.0 0.0 0.0 0.0 0.0 
0.0 0.0 0.0 0.0 0.0 0.0 
0.0 0.0 0.0 0.0 0.0 0.0 
0.0 0.0 0.0 0.0 0.0 0.0 
0.0 0.0 0.0 0.0 0.0 0.0 
mind
0 0 0 0 0 0 0 0 0 17 0 10 17 0 0 0 0 0 0 0 10 0 0 0 0 0 0
maxd
0 0 0 0 0 0 0 0 0 20 0 15 30 0 0 0 0 0 0 0 19 0 0 0 0 0 0
e
0 906 711 898 647 731 594 795 587 579 506 632 523 611 905 959 877 956 675 850 569 789 827 750 717 589 0
l
99999 1026 831 1018 767 851 714 915 707 699 626 752 643 731 1025 1079 997 1076 795 970 689 909 947 870 837 709 99999
