nbNodes
27
nbVehi
5
nbServi
6
r
1 1 1 1 1 1 
0 0 1 0 0 0 
0 0 1 0 0 0 
0 1 0 0 0 0 
0 0 0 0 0 1 
0 1 0 0 0 1 
0 0 0 0 0 1 
0 0 1 1 0 0 
0 0 1 0 0 1 
0 0 0 1 0 0 
0 0 0 0 0 1 
0 0 1 0 0 0 
0 1 0 0 0 1 
0 0 0 0 0 1 
0 1 0 0 0 1 
1 0 0 0 0 0 
0 0 1 0 0 0 
0 0 0 0 0 1 
0 0 1 0 0 1 
1 0 0 0 0 0 
0 0 0 0 0 1 
1 0 0 0 0 0 
0 0 0 1 0 0 
0 0 1 0 0 1 
0 0 0 0 1 0 
0 1 0 1 0 0 
1 1 1 1 1 1 
DS
6 8 9 13 15 19 24 26 
a
0 0 1 0 0 0 
1 1 0 0 0 0 
0 0 0 1 0 1 
0 0 0 0 0 1 
0 0 0 0 1 1 
x
-30.1273 -30.0785 -30.0505 -30.0107 -30.11 -30.0324 -30.006 -30.0117 -30.0607 -30.0884 -30.0644 -30.0178 -30.114 -30.0463 -30.0867 -30.0261 -30.1553 -30.031 -30.0985 -30.1841 -30.0273 -30.0274 -30.0594 -29.9891 -30.0825 -30.1273 -30.1273
y
-51.2355 -51.201 -51.1863 -51.1119 -51.2303 -51.187 -51.2029 -51.1064 -51.1856 -51.2033 -51.1795 -51.1154 -51.2427 -51.1404 -51.1167 -51.1015 -51.2238 -51.1688 -51.2507 -51.1377 -51.1495 -51.1013 -51.1461 -51.1362 -51.2132 -51.2355 -51.2355
d
0.00000 15.00000 20.00000 35.00000 7.00000 24.00000 28.00000 36.00000 20.00000 15.00000 18.00000 33.00000 7.00000 27.00000 30.00000 35.00000 9.00000 25.00000 9.00000 22.00000 27.00000 34.00000 25.00000 37.00000 12.00000 0.00000 0.00000
16.00000 0.00000 9.00000 24.00000 11.00000 13.00000 17.00000 24.00000 9.00000 5.00000 7.00000 21.00000 13.00000 15.00000 19.00000 24.00000 19.00000 13.00000 13.00000 28.00000 16.00000 23.00000 14.00000 25.00000 5.00000 16.00000 16.00000
20.00000 8.00000 0.00000 19.00000 15.00000 7.00000 13.00000 19.00000 3.00000 12.00000 5.00000 16.00000 17.00000 10.00000 16.00000 19.00000 23.00000 8.00000 17.00000 35.00000 11.00000 18.00000 11.00000 20.00000 9.00000 20.00000 20.00000
35.00000 24.00000 18.00000 0.00000 30.00000 17.00000 17.00000 2.00000 19.00000 28.00000 19.00000 5.00000 33.00000 10.00000 22.00000 7.00000 39.00000 15.00000 33.00000 48.00000 13.00000 7.00000 15.00000 9.00000 25.00000 35.00000 35.00000
7.00000 11.00000 16.00000 31.00000 0.00000 20.00000 24.00000 32.00000 16.00000 11.00000 14.00000 29.00000 4.00000 22.00000 26.00000 31.00000 11.00000 20.00000 7.00000 24.00000 23.00000 30.00000 21.00000 32.00000 8.00000 7.00000 7.00000
24.00000 12.00000 5.00000 18.00000 19.00000 0.00000 10.00000 19.00000 8.00000 16.00000 9.00000 16.00000 21.00000 10.00000 18.00000 18.00000 28.00000 6.00000 20.00000 39.00000 9.00000 17.00000 13.00000 16.00000 13.00000 24.00000 24.00000
28.00000 16.00000 12.00000 18.00000 23.00000 8.00000 0.00000 18.00000 13.00000 20.00000 15.00000 15.00000 25.00000 15.00000 24.00000 19.00000 32.00000 10.00000 22.00000 43.00000 12.00000 19.00000 19.00000 14.00000 17.00000 28.00000 28.00000
36.00000 25.00000 19.00000 3.00000 31.00000 18.00000 17.00000 0.00000 20.00000 29.00000 20.00000 5.00000 33.00000 11.00000 22.00000 6.00000 40.00000 16.00000 34.00000 48.00000 14.00000 6.00000 16.00000 11.00000 25.00000 36.00000 36.00000
17.00000 6.00000 4.00000 19.00000 12.00000 8.00000 14.00000 20.00000 0.00000 10.00000 4.00000 17.00000 15.00000 11.00000 15.00000 19.00000 21.00000 9.00000 15.00000 32.00000 11.00000 18.00000 9.00000 21.00000 7.00000 17.00000 17.00000
16.00000 5.00000 11.00000 26.00000 11.00000 15.00000 20.00000 27.00000 11.00000 0.00000 9.00000 24.00000 13.00000 18.00000 21.00000 26.00000 20.00000 16.00000 14.00000 31.00000 18.00000 26.00000 17.00000 28.00000 5.00000 16.00000 16.00000
20.00000 9.00000 6.00000 19.00000 15.00000 10.00000 16.00000 20.00000 6.00000 12.00000 0.00000 17.00000 17.00000 11.00000 13.00000 19.00000 24.00000 11.00000 18.00000 35.00000 13.00000 19.00000 8.00000 22.00000 9.00000 20.00000 20.00000
33.00000 22.00000 16.00000 4.00000 28.00000 16.00000 16.00000 5.00000 17.00000 26.00000 17.00000 0.00000 30.00000 8.00000 19.00000 5.00000 37.00000 13.00000 31.00000 45.00000 11.00000 5.00000 13.00000 10.00000 22.00000 33.00000 33.00000
8.00000 12.00000 17.00000 32.00000 4.00000 21.00000 25.00000 33.00000 17.00000 12.00000 15.00000 30.00000 0.00000 24.00000 27.00000 32.00000 13.00000 22.00000 5.00000 26.00000 24.00000 32.00000 23.00000 34.00000 9.00000 8.00000 8.00000
28.00000 17.00000 11.00000 10.00000 23.00000 11.00000 17.00000 11.00000 12.00000 21.00000 12.00000 8.00000 26.00000 0.00000 15.00000 10.00000 32.00000 9.00000 26.00000 41.00000 7.00000 10.00000 8.00000 15.00000 18.00000 28.00000 28.00000
33.00000 22.00000 19.00000 24.00000 28.00000 21.00000 27.00000 23.00000 17.00000 25.00000 16.00000 21.00000 30.00000 16.00000 0.00000 20.00000 36.00000 20.00000 31.00000 33.00000 20.00000 19.00000 13.00000 28.00000 22.00000 33.00000 33.00000
36.00000 25.00000 19.00000 7.00000 31.00000 18.00000 20.00000 7.00000 19.00000 28.00000 20.00000 5.00000 33.00000 11.00000 22.00000 0.00000 39.00000 16.00000 34.00000 47.00000 14.00000 1.00000 15.00000 13.00000 25.00000 36.00000 36.00000
9.00000 19.00000 24.00000 39.00000 11.00000 28.00000 32.00000 39.00000 24.00000 18.00000 21.00000 36.00000 14.00000 30.00000 33.00000 39.00000 0.00000 28.00000 16.00000 20.00000 31.00000 38.00000 29.00000 40.00000 15.00000 9.00000 9.00000
26.00000 14.00000 8.00000 16.00000 21.00000 6.00000 12.00000 17.00000 9.00000 18.00000 10.00000 14.00000 23.00000 8.00000 18.00000 16.00000 29.00000 0.00000 23.00000 41.00000 5.00000 15.00000 12.00000 14.00000 15.00000 26.00000 26.00000
9.00000 13.00000 18.00000 33.00000 7.00000 22.00000 24.00000 34.00000 18.00000 13.00000 16.00000 31.00000 5.00000 25.00000 28.00000 33.00000 16.00000 23.00000 0.00000 28.00000 25.00000 32.00000 23.00000 34.00000 10.00000 9.00000 9.00000
21.00000 28.00000 33.00000 48.00000 23.00000 38.00000 42.00000 49.00000 33.00000 28.00000 31.00000 46.00000 26.00000 40.00000 33.00000 47.00000 19.00000 38.00000 28.00000 0.00000 40.00000 46.00000 37.00000 50.00000 25.00000 21.00000 21.00000
28.00000 17.00000 11.00000 13.00000 23.00000 9.00000 12.00000 13.00000 12.00000 21.00000 12.00000 10.00000 26.00000 6.00000 17.00000 14.00000 32.00000 5.00000 26.00000 43.00000 0.00000 14.00000 10.00000 11.00000 18.00000 28.00000 28.00000
35.00000 24.00000 18.00000 7.00000 30.00000 17.00000 20.00000 7.00000 19.00000 27.00000 19.00000 5.00000 32.00000 10.00000 21.00000 1.00000 39.00000 15.00000 33.00000 46.00000 14.00000 0.00000 14.00000 13.00000 24.00000 35.00000 35.00000
24.00000 13.00000 9.00000 14.00000 19.00000 11.00000 17.00000 15.00000 7.00000 16.00000 8.00000 12.00000 21.00000 6.00000 10.00000 14.00000 28.00000 10.00000 22.00000 36.00000 9.00000 13.00000 0.00000 19.00000 13.00000 24.00000 24.00000
37.00000 26.00000 20.00000 10.00000 32.00000 15.00000 14.00000 11.00000 21.00000 30.00000 23.00000 10.00000 34.00000 15.00000 26.00000 14.00000 41.00000 14.00000 32.00000 52.00000 12.00000 14.00000 19.00000 0.00000 26.00000 37.00000 37.00000
13.00000 4.00000 9.00000 24.00000 8.00000 13.00000 17.00000 25.00000 9.00000 4.00000 7.00000 21.00000 10.00000 15.00000 19.00000 24.00000 17.00000 13.00000 11.00000 28.00000 16.00000 23.00000 14.00000 25.00000 0.00000 13.00000 13.00000
0.00000 15.00000 20.00000 35.00000 7.00000 24.00000 28.00000 36.00000 20.00000 15.00000 18.00000 33.00000 7.00000 27.00000 30.00000 35.00000 9.00000 25.00000 9.00000 22.00000 27.00000 34.00000 25.00000 37.00000 12.00000 0.00000 0.00000
0.00000 15.00000 20.00000 35.00000 7.00000 24.00000 28.00000 36.00000 20.00000 15.00000 18.00000 33.00000 7.00000 27.00000 30.00000 35.00000 9.00000 25.00000 9.00000 22.00000 27.00000 34.00000 25.00000 37.00000 12.00000 0.00000 0.00000
p
0.0 0.0 0.0 0.0 0.0 0.0 
0.0 0.0 0.0 0.0 0.0 0.0 
0.0 0.0 0.0 0.0 0.0 0.0 
0.0 0.0 0.0 0.0 0.0 0.0 
0.0 0.0 0.0 0.0 0.0 0.0 
0 0 55 0 0 0 
0 0 55 0 0 0 
0 0 55 0 0 0 
0 0 55 0 0 0 
0 0 55 0 0 0 
0 0 60 0 0 0 
0 0 60 0 0 0 
0 0 60 0 0 0 
0 0 60 0 0 0 
0 0 60 0 0 0 
0 16 0 0 0 0 
0 16 0 0 0 0 
0 16 0 0 0 0 
0 16 0 0 0 0 
0 16 0 0 0 0 
0 0 0 0 0 59 
0 0 0 0 0 59 
0 0 0 0 0 59 
0 0 0 0 0 59 
0 0 0 0 0 59 
0 16 0 0 0 44 
0 16 0 0 0 44 
0 16 0 0 0 44 
0 16 0 0 0 44 
0 16 0 0 0 44 
0 0 0 0 0 44 
0 0 0 0 0 44 
0 0 0 0 0 44 
0 0 0 0 0 44 
0 0 0 0 0 44 
0 0 55 38 0 0 
0 0 55 38 0 0 
0 0 55 38 0 0 
0 0 55 38 0 0 
0 0 55 38 0 0 
0 0 26 0 0 60 
0 0 26 0 0 60 
0 0 26 0 0 60 
0 0 26 0 0 60 
0 0 26 0 0 60 
0 0 0 49 0 0 
0 0 0 49 0 0 
0 0 0 49 0 0 
0 0 0 49 0 0 
0 0 0 49 0 0 
0 0 0 0 0 53 
0 0 0 0 0 53 
0 0 0 0 0 53 
0 0 0 0 0 53 
0 0 0 0 0 53 
0 0 43 0 0 0 
0 0 43 0 0 0 
0 0 43 0 0 0 
0 0 43 0 0 0 
0 0 43 0 0 0 
0 53 0 0 0 43 
0 53 0 0 0 43 
0 53 0 0 0 43 
0 53 0 0 0 43 
0 53 0 0 0 43 
0 0 0 0 0 60 
0 0 0 0 0 60 
0 0 0 0 0 60 
0 0 0 0 0 60 
0 0 0 0 0 60 
0 27 0 0 0 32 
0 27 0 0 0 32 
0 27 0 0 0 32 
0 27 0 0 0 32 
0 27 0 0 0 32 
38 0 0 0 0 0 
38 0 0 0 0 0 
38 0 0 0 0 0 
38 0 0 0 0 0 
38 0 0 0 0 0 
0 0 17 0 0 0 
0 0 17 0 0 0 
0 0 17 0 0 0 
0 0 17 0 0 0 
0 0 17 0 0 0 
0 0 0 0 0 50 
0 0 0 0 0 50 
0 0 0 0 0 50 
0 0 0 0 0 50 
0 0 0 0 0 50 
0 0 49 0 0 28 
0 0 49 0 0 28 
0 0 49 0 0 28 
0 0 49 0 0 28 
0 0 49 0 0 28 
39 0 0 0 0 0 
39 0 0 0 0 0 
39 0 0 0 0 0 
39 0 0 0 0 0 
39 0 0 0 0 0 
0 0 0 0 0 40 
0 0 0 0 0 40 
0 0 0 0 0 40 
0 0 0 0 0 40 
0 0 0 0 0 40 
19 0 0 0 0 0 
19 0 0 0 0 0 
19 0 0 0 0 0 
19 0 0 0 0 0 
19 0 0 0 0 0 
0 0 0 57 0 0 
0 0 0 57 0 0 
0 0 0 57 0 0 
0 0 0 57 0 0 
0 0 0 57 0 0 
0 0 38 0 0 41 
0 0 38 0 0 41 
0 0 38 0 0 41 
0 0 38 0 0 41 
0 0 38 0 0 41 
0 0 0 0 52 0 
0 0 0 0 52 0 
0 0 0 0 52 0 
0 0 0 0 52 0 
0 0 0 0 52 0 
0 38 0 52 0 0 
0 38 0 52 0 0 
0 38 0 52 0 0 
0 38 0 52 0 0 
0 38 0 52 0 0 
0.0 0.0 0.0 0.0 0.0 0.0 
0.0 0.0 0.0 0.0 0.0 0.0 
0.0 0.0 0.0 0.0 0.0 0.0 
0.0 0.0 0.0 0.0 0.0 0.0 
0.0 0.0 0.0 0.0 0.0 0.0 
mind
0 0 0 0 0 16 0 0 0 0 0 0 26 0 0 0 0 0 0 0 0 0 0 13 0 23 0
maxd
0 0 0 0 0 30 0 0 0 0 0 0 27 0 0 0 0 0 0 0 0 0 0 14 0 25 0
e
0 517 489 505 614 634 718 578 960 658 897 604 909 946 651 683 890 488 681 572 483 618 805 928 874 672 0
l
99999 637 609 625 734 754 838 698 1080 778 1017 724 1029 1066 771 803 1010 608 801 692 603 738 925 1048 994 792 99999
