nbNodes
27
nbVehi
5
nbServi
6
r
1 1 1 1 1 1 
0 1 0 0 0 1 
0 0 0 0 1 0 
0 0 0 0 1 0 
1 0 0 0 0 0 
0 0 0 0 1 0 
1 0 0 0 0 1 
1 0 0 0 0 0 
0 0 0 0 1 0 
0 0 0 1 0 0 
0 0 1 0 0 1 
1 0 0 0 0 1 
0 1 0 0 1 0 
0 0 0 0 1 0 
0 1 0 0 0 0 
0 0 1 0 0 0 
1 0 0 0 1 0 
0 0 0 0 1 0 
0 0 1 0 0 0 
1 0 0 0 0 0 
0 0 0 1 0 0 
0 1 0 0 1 0 
0 1 0 0 0 1 
0 0 0 0 0 1 
1 0 0 0 0 0 
0 0 0 1 0 0 
1 1 1 1 1 1 
DS
2 7 11 12 13 17 22 23 
a
0 1 1 0 0 0 
1 1 0 0 0 0 
0 0 0 1 1 1 
0 0 0 1 1 1 
0 0 0 0 1 0 
x
-30.1007 -30.0118 -30.0757 -30.2167 -30.1523 -30.0239 -30.0502 -30.1007 -30.029 -30.0767 -30.0064 -30.08 -30.0158 -30.0073 -30.0477 -30.0472 -30.1025 -30.1108 -30.0218 -30.0167 -30.0289 -29.9857 -30.0264 -30.0788 -30.1028 -30.0143 -30.1007
y
-51.1439 -51.19 -51.2229 -51.0643 -51.1661 -51.0885 -51.1648 -51.1439 -51.2196 -51.2251 -51.1999 -51.2228 -51.1097 -51.2021 -51.1573 -51.1384 -51.1436 -51.2011 -51.1884 -51.1132 -51.1939 -51.1102 -51.1079 -51.22 -51.1438 -51.1876 -51.1439
d
0.00000 24.00000 21.00000 38.00000 19.00000 27.00000 15.00000 0.00000 26.00000 21.00000 26.00000 21.00000 24.00000 27.00000 14.00000 16.00000 1.00000 15.00000 22.00000 22.00000 24.00000 27.00000 23.00000 21.00000 2.00000 24.00000 0.00000
23.00000 0.00000 17.00000 54.00000 35.00000 21.00000 12.00000 23.00000 9.00000 17.00000 6.00000 18.00000 16.00000 6.00000 12.00000 14.00000 23.00000 25.00000 4.00000 14.00000 6.00000 16.00000 17.00000 18.00000 23.00000 2.00000 23.00000
21.00000 16.00000 0.00000 43.00000 24.00000 31.00000 15.00000 21.00000 15.00000 2.00000 16.00000 2.00000 27.00000 17.00000 16.00000 20.00000 21.00000 14.00000 16.00000 26.00000 14.00000 29.00000 26.00000 3.00000 20.00000 17.00000 21.00000
38.00000 54.00000 43.00000 0.00000 22.00000 49.00000 46.00000 38.00000 53.00000 42.00000 54.00000 40.00000 44.00000 54.00000 46.00000 47.00000 38.00000 33.00000 52.00000 47.00000 51.00000 49.00000 44.00000 41.00000 38.00000 54.00000 38.00000
19.00000 35.00000 24.00000 22.00000 0.00000 45.00000 30.00000 19.00000 34.00000 23.00000 35.00000 21.00000 41.00000 35.00000 30.00000 34.00000 19.00000 14.00000 33.00000 40.00000 32.00000 45.00000 40.00000 22.00000 19.00000 35.00000 19.00000
27.00000 22.00000 31.00000 47.00000 45.00000 0.00000 19.00000 27.00000 27.00000 31.00000 22.00000 31.00000 8.00000 22.00000 17.00000 14.00000 27.00000 37.00000 20.00000 8.00000 23.00000 14.00000 6.00000 31.00000 27.00000 22.00000 27.00000
15.00000 12.00000 16.00000 46.00000 31.00000 19.00000 0.00000 15.00000 15.00000 15.00000 14.00000 15.00000 15.00000 14.00000 4.00000 8.00000 15.00000 21.00000 10.00000 14.00000 12.00000 19.00000 14.00000 15.00000 15.00000 12.00000 15.00000
0.00000 24.00000 21.00000 38.00000 19.00000 27.00000 15.00000 0.00000 26.00000 21.00000 26.00000 21.00000 24.00000 27.00000 14.00000 16.00000 1.00000 15.00000 22.00000 22.00000 24.00000 27.00000 23.00000 21.00000 2.00000 24.00000 0.00000
23.00000 10.00000 12.00000 50.00000 31.00000 25.00000 13.00000 23.00000 0.00000 12.00000 9.00000 13.00000 22.00000 9.00000 13.00000 15.00000 23.00000 21.00000 9.00000 21.00000 7.00000 18.00000 21.00000 13.00000 23.00000 10.00000 23.00000
21.00000 17.00000 2.00000 44.00000 24.00000 31.00000 16.00000 21.00000 15.00000 0.00000 17.00000 3.00000 28.00000 17.00000 16.00000 21.00000 21.00000 14.00000 16.00000 26.00000 14.00000 29.00000 26.00000 4.00000 21.00000 17.00000 21.00000
25.00000 3.00000 17.00000 55.00000 36.00000 21.00000 13.00000 25.00000 7.00000 17.00000 0.00000 18.00000 16.00000 2.00000 14.00000 15.00000 25.00000 26.00000 5.00000 14.00000 7.00000 15.00000 17.00000 18.00000 25.00000 4.00000 25.00000
21.00000 18.00000 3.00000 41.00000 22.00000 30.00000 15.00000 21.00000 17.00000 3.00000 18.00000 0.00000 27.00000 19.00000 16.00000 20.00000 20.00000 12.00000 17.00000 26.00000 15.00000 30.00000 26.00000 2.00000 20.00000 18.00000 21.00000
23.00000 16.00000 27.00000 44.00000 40.00000 8.00000 15.00000 23.00000 21.00000 27.00000 16.00000 27.00000 0.00000 16.00000 13.00000 10.00000 23.00000 33.00000 14.00000 3.00000 16.00000 8.00000 4.00000 27.00000 23.00000 16.00000 23.00000
26.00000 4.00000 16.00000 55.00000 35.00000 22.00000 14.00000 26.00000 6.00000 17.00000 2.00000 18.00000 16.00000 0.00000 15.00000 16.00000 26.00000 26.00000 6.00000 15.00000 7.00000 15.00000 18.00000 18.00000 26.00000 4.00000 26.00000
14.00000 13.00000 16.00000 46.00000 32.00000 17.00000 4.00000 14.00000 16.00000 16.00000 15.00000 15.00000 13.00000 15.00000 0.00000 6.00000 14.00000 22.00000 11.00000 12.00000 13.00000 17.00000 12.00000 15.00000 14.00000 13.00000 14.00000
16.00000 15.00000 21.00000 45.00000 34.00000 14.00000 9.00000 16.00000 18.00000 21.00000 17.00000 20.00000 11.00000 17.00000 7.00000 0.00000 16.00000 27.00000 13.00000 9.00000 14.00000 14.00000 9.00000 20.00000 16.00000 15.00000 16.00000
1.00000 24.00000 21.00000 38.00000 19.00000 27.00000 15.00000 1.00000 26.00000 21.00000 26.00000 20.00000 24.00000 26.00000 14.00000 16.00000 0.00000 15.00000 22.00000 22.00000 23.00000 27.00000 22.00000 20.00000 1.00000 24.00000 1.00000
15.00000 25.00000 14.00000 33.00000 14.00000 35.00000 20.00000 15.00000 24.00000 13.00000 25.00000 11.00000 32.00000 25.00000 20.00000 25.00000 15.00000 0.00000 23.00000 30.00000 22.00000 35.00000 31.00000 12.00000 14.00000 25.00000 15.00000
22.00000 4.00000 15.00000 53.00000 34.00000 21.00000 10.00000 22.00000 8.00000 15.00000 6.00000 16.00000 16.00000 6.00000 11.00000 13.00000 22.00000 24.00000 0.00000 14.00000 4.00000 16.00000 17.00000 16.00000 22.00000 3.00000 22.00000
22.00000 16.00000 27.00000 44.00000 40.00000 8.00000 15.00000 22.00000 21.00000 27.00000 15.00000 26.00000 2.00000 16.00000 12.00000 9.00000 22.00000 33.00000 14.00000 0.00000 16.00000 8.00000 4.00000 26.00000 22.00000 16.00000 22.00000
22.00000 6.00000 13.00000 51.00000 32.00000 22.00000 10.00000 22.00000 7.00000 13.00000 7.00000 14.00000 17.00000 7.00000 11.00000 13.00000 22.00000 22.00000 4.00000 16.00000 0.00000 17.00000 18.00000 14.00000 22.00000 6.00000 22.00000
26.00000 17.00000 28.00000 47.00000 44.00000 13.00000 19.00000 26.00000 17.00000 29.00000 16.00000 29.00000 9.00000 16.00000 16.00000 13.00000 26.00000 37.00000 15.00000 7.00000 17.00000 0.00000 10.00000 30.00000 26.00000 17.00000 26.00000
22.00000 18.00000 27.00000 43.00000 40.00000 6.00000 15.00000 22.00000 23.00000 27.00000 18.00000 26.00000 4.00000 18.00000 13.00000 10.00000 22.00000 33.00000 16.00000 4.00000 19.00000 10.00000 0.00000 26.00000 23.00000 18.00000 22.00000
20.00000 18.00000 4.00000 42.00000 22.00000 30.00000 15.00000 20.00000 17.00000 4.00000 18.00000 2.00000 27.00000 18.00000 15.00000 20.00000 20.00000 12.00000 17.00000 25.00000 15.00000 30.00000 26.00000 0.00000 20.00000 18.00000 20.00000
2.00000 24.00000 21.00000 38.00000 19.00000 27.00000 15.00000 2.00000 26.00000 21.00000 26.00000 20.00000 24.00000 27.00000 14.00000 16.00000 1.00000 14.00000 22.00000 22.00000 24.00000 27.00000 23.00000 20.00000 0.00000 24.00000 2.00000
22.00000 4.00000 16.00000 53.00000 34.00000 22.00000 10.00000 22.00000 8.00000 16.00000 6.00000 17.00000 17.00000 6.00000 11.00000 13.00000 22.00000 24.00000 2.00000 15.00000 5.00000 17.00000 18.00000 17.00000 22.00000 0.00000 22.00000
0.00000 24.00000 21.00000 38.00000 19.00000 27.00000 15.00000 0.00000 26.00000 21.00000 26.00000 21.00000 24.00000 27.00000 14.00000 16.00000 1.00000 15.00000 22.00000 22.00000 24.00000 27.00000 23.00000 21.00000 2.00000 24.00000 0.00000
p
0.0 0.0 0.0 0.0 0.0 0.0 
0.0 0.0 0.0 0.0 0.0 0.0 
0.0 0.0 0.0 0.0 0.0 0.0 
0.0 0.0 0.0 0.0 0.0 0.0 
0.0 0.0 0.0 0.0 0.0 0.0 
0 60 0 0 0 40 
0 60 0 0 0 40 
0 60 0 0 0 40 
0 60 0 0 0 40 
0 60 0 0 0 40 
0 0 0 0 18 0 
0 0 0 0 18 0 
0 0 0 0 18 0 
0 0 0 0 18 0 
0 0 0 0 18 0 
0 0 0 0 29 0 
0 0 0 0 29 0 
0 0 0 0 29 0 
0 0 0 0 29 0 
0 0 0 0 29 0 
42 0 0 0 0 0 
42 0 0 0 0 0 
42 0 0 0 0 0 
42 0 0 0 0 0 
42 0 0 0 0 0 
0 0 0 0 34 0 
0 0 0 0 34 0 
0 0 0 0 34 0 
0 0 0 0 34 0 
0 0 0 0 34 0 
17 0 0 0 0 51 
17 0 0 0 0 51 
17 0 0 0 0 51 
17 0 0 0 0 51 
17 0 0 0 0 51 
60 0 0 0 0 0 
60 0 0 0 0 0 
60 0 0 0 0 0 
60 0 0 0 0 0 
60 0 0 0 0 0 
0 0 0 0 24 0 
0 0 0 0 24 0 
0 0 0 0 24 0 
0 0 0 0 24 0 
0 0 0 0 24 0 
0 0 0 18 0 0 
0 0 0 18 0 0 
0 0 0 18 0 0 
0 0 0 18 0 0 
0 0 0 18 0 0 
0 0 52 0 0 38 
0 0 52 0 0 38 
0 0 52 0 0 38 
0 0 52 0 0 38 
0 0 52 0 0 38 
18 0 0 0 0 49 
18 0 0 0 0 49 
18 0 0 0 0 49 
18 0 0 0 0 49 
18 0 0 0 0 49 
0 57 0 0 23 0 
0 57 0 0 23 0 
0 57 0 0 23 0 
0 57 0 0 23 0 
0 57 0 0 23 0 
0 0 0 0 51 0 
0 0 0 0 51 0 
0 0 0 0 51 0 
0 0 0 0 51 0 
0 0 0 0 51 0 
0 23 0 0 0 0 
0 23 0 0 0 0 
0 23 0 0 0 0 
0 23 0 0 0 0 
0 23 0 0 0 0 
0 0 47 0 0 0 
0 0 47 0 0 0 
0 0 47 0 0 0 
0 0 47 0 0 0 
0 0 47 0 0 0 
39 0 0 0 20 0 
39 0 0 0 20 0 
39 0 0 0 20 0 
39 0 0 0 20 0 
39 0 0 0 20 0 
0 0 0 0 40 0 
0 0 0 0 40 0 
0 0 0 0 40 0 
0 0 0 0 40 0 
0 0 0 0 40 0 
0 0 54 0 0 0 
0 0 54 0 0 0 
0 0 54 0 0 0 
0 0 54 0 0 0 
0 0 54 0 0 0 
18 0 0 0 0 0 
18 0 0 0 0 0 
18 0 0 0 0 0 
18 0 0 0 0 0 
18 0 0 0 0 0 
0 0 0 53 0 0 
0 0 0 53 0 0 
0 0 0 53 0 0 
0 0 0 53 0 0 
0 0 0 53 0 0 
0 15 0 0 36 0 
0 15 0 0 36 0 
0 15 0 0 36 0 
0 15 0 0 36 0 
0 15 0 0 36 0 
0 29 0 0 0 26 
0 29 0 0 0 26 
0 29 0 0 0 26 
0 29 0 0 0 26 
0 29 0 0 0 26 
0 0 0 0 0 54 
0 0 0 0 0 54 
0 0 0 0 0 54 
0 0 0 0 0 54 
0 0 0 0 0 54 
43 0 0 0 0 0 
43 0 0 0 0 0 
43 0 0 0 0 0 
43 0 0 0 0 0 
43 0 0 0 0 0 
0 0 0 27 0 0 
0 0 0 27 0 0 
0 0 0 27 0 0 
0 0 0 27 0 0 
0 0 0 27 0 0 
0.0 0.0 0.0 0.0 0.0 0.0 
0.0 0.0 0.0 0.0 0.0 0.0 
0.0 0.0 0.0 0.0 0.0 0.0 
0.0 0.0 0.0 0.0 0.0 0.0 
0.0 0.0 0.0 0.0 0.0 0.0 
mind
0 0 0 0 0 0 0 0 0 0 26 12 18 0 0 0 19 0 0 0 0 0 0 0 0 0 0
maxd
0 0 0 0 0 0 0 0 0 0 30 13 29 0 0 0 23 0 0 0 0 0 0 0 0 0 0
e
0 874 850 596 617 844 847 879 487 689 862 601 572 700 734 882 831 903 580 713 596 780 626 823 775 760 0
l
99999 994 970 716 737 964 967 999 607 809 982 721 692 820 854 1002 951 1023 700 833 716 900 746 943 895 880 99999
