nbNodes
27
nbVehi
5
nbServi
6
r
1 1 1 1 1 1 
0 1 0 0 0 0 
1 0 0 0 0 0 
0 0 1 1 0 0 
1 0 0 1 0 0 
0 0 0 1 0 0 
1 0 0 0 0 0 
0 0 0 1 0 0 
1 0 0 0 1 0 
1 0 0 0 0 1 
0 0 0 0 1 0 
0 0 1 0 0 0 
0 0 0 0 1 0 
0 0 0 0 0 1 
1 0 0 0 1 0 
0 1 0 0 0 0 
0 0 0 0 0 1 
0 0 0 1 0 0 
0 0 0 0 1 0 
0 1 0 0 0 0 
0 0 1 0 0 0 
0 0 1 1 0 0 
0 0 0 0 0 1 
0 0 1 1 0 0 
1 0 0 0 1 0 
0 0 0 0 1 0 
1 1 1 1 1 1 
DS
4 5 9 10 15 22 24 25 
a
1 1 1 0 0 0 
1 1 1 0 0 0 
0 0 0 1 1 1 
0 0 0 1 1 0 
0 0 0 1 1 0 
x
-30.0013 -30.0484 -30.0378 -30.0698 -30.0182 -30.0368 -30.028 -30.0839 -30.0684 -30.0744 -30.0744 -30.1038 -30.0603 -30.0659 -30.0672 -30.0898 -30.0437 -30.0762 -30.07 -30.065 -30.093 -30.1014 -30.0543 -30.1155 -30.0013 -30.0894 -30.0013
y
-51.0929 -51.1711 -51.2047 -51.2112 -51.1747 -51.1655 -51.2111 -51.1243 -51.214 -51.1646 -51.1702 -51.2175 -51.1587 -51.1536 -51.1546 -51.1822 -51.1537 -51.2258 -51.1613 -51.1539 -51.2261 -51.2283 -51.1798 -51.1106 -51.0929 -51.2271 -51.0929
d
0.00000 21.00000 25.00000 29.00000 17.00000 19.00000 24.00000 24.00000 30.00000 27.00000 25.00000 35.00000 21.00000 20.00000 20.00000 33.00000 16.00000 33.00000 24.00000 19.00000 32.00000 34.00000 24.00000 31.00000 0.00000 32.00000 0.00000
20.00000 0.00000 9.00000 11.00000 8.00000 5.00000 12.00000 12.00000 12.00000 10.00000 7.00000 17.00000 5.00000 6.00000 7.00000 15.00000 6.00000 15.00000 7.00000 6.00000 14.00000 16.00000 6.00000 19.00000 20.00000 14.00000 20.00000
24.00000 8.00000 0.00000 8.00000 9.00000 9.00000 7.00000 17.00000 7.00000 14.00000 12.00000 16.00000 10.00000 11.00000 11.00000 13.00000 9.00000 10.00000 12.00000 11.00000 13.00000 15.00000 7.00000 24.00000 24.00000 13.00000 24.00000
29.00000 11.00000 9.00000 0.00000 15.00000 15.00000 12.00000 18.00000 1.00000 15.00000 12.00000 11.00000 12.00000 12.00000 12.00000 8.00000 14.00000 6.00000 12.00000 13.00000 8.00000 10.00000 9.00000 25.00000 29.00000 8.00000 29.00000
18.00000 10.00000 9.00000 15.00000 0.00000 7.00000 8.00000 20.00000 14.00000 17.00000 15.00000 22.00000 13.00000 14.00000 14.00000 19.00000 9.00000 17.00000 15.00000 14.00000 19.00000 21.00000 11.00000 27.00000 18.00000 19.00000 18.00000
18.00000 5.00000 9.00000 14.00000 8.00000 0.00000 12.00000 15.00000 14.00000 13.00000 10.00000 20.00000 8.00000 9.00000 10.00000 17.00000 4.00000 18.00000 10.00000 9.00000 17.00000 19.00000 9.00000 22.00000 18.00000 17.00000 18.00000
23.00000 12.00000 5.00000 13.00000 8.00000 13.00000 0.00000 21.00000 12.00000 19.00000 16.00000 20.00000 14.00000 15.00000 16.00000 17.00000 13.00000 15.00000 16.00000 15.00000 17.00000 19.00000 11.00000 28.00000 23.00000 17.00000 23.00000
25.00000 13.00000 18.00000 19.00000 19.00000 16.00000 22.00000 0.00000 19.00000 16.00000 15.00000 25.00000 10.00000 9.00000 9.00000 19.00000 13.00000 22.00000 13.00000 8.00000 21.00000 23.00000 14.00000 11.00000 25.00000 21.00000 25.00000
29.00000 11.00000 9.00000 2.00000 15.00000 15.00000 13.00000 18.00000 0.00000 15.00000 12.00000 11.00000 12.00000 12.00000 13.00000 8.00000 15.00000 5.00000 13.00000 13.00000 7.00000 9.00000 9.00000 25.00000 29.00000 7.00000 29.00000
26.00000 11.00000 16.00000 15.00000 17.00000 15.00000 20.00000 14.00000 16.00000 0.00000 4.00000 21.00000 8.00000 8.00000 7.00000 18.00000 13.00000 19.00000 5.00000 8.00000 18.00000 20.00000 12.00000 21.00000 26.00000 18.00000 26.00000
25.00000 8.00000 13.00000 12.00000 15.00000 12.00000 16.00000 12.00000 12.00000 4.00000 0.00000 18.00000 7.00000 6.00000 7.00000 15.00000 11.00000 16.00000 5.00000 7.00000 15.00000 17.00000 8.00000 20.00000 25.00000 15.00000 25.00000
33.00000 15.00000 16.00000 9.00000 20.00000 19.00000 20.00000 22.00000 10.00000 20.00000 16.00000 0.00000 16.00000 16.00000 17.00000 13.00000 19.00000 11.00000 17.00000 17.00000 5.00000 3.00000 13.00000 29.00000 33.00000 5.00000 33.00000
21.00000 6.00000 12.00000 11.00000 13.00000 9.00000 15.00000 9.00000 12.00000 9.00000 7.00000 18.00000 0.00000 3.00000 3.00000 15.00000 6.00000 15.00000 6.00000 3.00000 14.00000 16.00000 7.00000 16.00000 21.00000 14.00000 21.00000
20.00000 7.00000 13.00000 12.00000 13.00000 10.00000 16.00000 7.00000 12.00000 8.00000 8.00000 18.00000 3.00000 0.00000 1.00000 15.00000 7.00000 16.00000 5.00000 2.00000 15.00000 17.00000 8.00000 14.00000 20.00000 15.00000 20.00000
20.00000 7.00000 13.00000 12.00000 14.00000 11.00000 16.00000 7.00000 13.00000 7.00000 8.00000 19.00000 3.00000 1.00000 0.00000 16.00000 8.00000 16.00000 5.00000 2.00000 15.00000 17.00000 8.00000 14.00000 20.00000 15.00000 20.00000
31.00000 13.00000 13.00000 8.00000 18.00000 17.00000 17.00000 18.00000 8.00000 17.00000 14.00000 14.00000 14.00000 14.00000 14.00000 0.00000 16.00000 12.00000 14.00000 15.00000 11.00000 13.00000 11.00000 21.00000 31.00000 11.00000 31.00000
16.00000 6.00000 11.00000 14.00000 9.00000 5.00000 14.00000 12.00000 15.00000 13.00000 10.00000 20.00000 6.00000 8.00000 8.00000 18.00000 0.00000 18.00000 10.00000 7.00000 17.00000 19.00000 9.00000 19.00000 16.00000 17.00000 16.00000
33.00000 15.00000 12.00000 6.00000 18.00000 18.00000 15.00000 21.00000 5.00000 19.00000 15.00000 12.00000 16.00000 15.00000 16.00000 12.00000 18.00000 0.00000 16.00000 16.00000 7.00000 10.00000 12.00000 28.00000 33.00000 6.00000 33.00000
23.00000 7.00000 13.00000 13.00000 14.00000 11.00000 17.00000 10.00000 13.00000 4.00000 5.00000 19.00000 4.00000 4.00000 4.00000 16.00000 9.00000 17.00000 0.00000 5.00000 16.00000 18.00000 9.00000 17.00000 23.00000 16.00000 23.00000
20.00000 6.00000 12.00000 12.00000 13.00000 10.00000 16.00000 8.00000 12.00000 10.00000 8.00000 18.00000 3.00000 3.00000 4.00000 15.00000 8.00000 15.00000 6.00000 0.00000 14.00000 16.00000 8.00000 15.00000 20.00000 14.00000 20.00000
31.00000 13.00000 14.00000 7.00000 18.00000 17.00000 18.00000 20.00000 7.00000 17.00000 14.00000 6.00000 14.00000 14.00000 14.00000 11.00000 16.00000 8.00000 14.00000 15.00000 0.00000 4.00000 11.00000 27.00000 31.00000 2.00000 31.00000
32.00000 14.00000 15.00000 8.00000 19.00000 18.00000 19.00000 21.00000 8.00000 18.00000 15.00000 3.00000 15.00000 15.00000 15.00000 12.00000 17.00000 9.00000 15.00000 16.00000 4.00000 0.00000 12.00000 28.00000 32.00000 4.00000 32.00000
22.00000 4.00000 8.00000 9.00000 9.00000 7.00000 11.00000 14.00000 9.00000 12.00000 9.00000 15.00000 7.00000 8.00000 9.00000 12.00000 7.00000 13.00000 9.00000 8.00000 12.00000 14.00000 0.00000 21.00000 22.00000 12.00000 22.00000
32.00000 19.00000 25.00000 25.00000 26.00000 23.00000 28.00000 11.00000 25.00000 22.00000 21.00000 31.00000 16.00000 16.00000 16.00000 22.00000 19.00000 29.00000 19.00000 14.00000 28.00000 30.00000 21.00000 0.00000 32.00000 28.00000 32.00000
0.00000 21.00000 25.00000 29.00000 17.00000 19.00000 24.00000 24.00000 30.00000 27.00000 25.00000 35.00000 21.00000 20.00000 20.00000 33.00000 16.00000 33.00000 24.00000 19.00000 32.00000 34.00000 24.00000 31.00000 0.00000 32.00000 0.00000
32.00000 14.00000 15.00000 8.00000 19.00000 18.00000 18.00000 21.00000 7.00000 18.00000 15.00000 7.00000 15.00000 15.00000 15.00000 11.00000 17.00000 7.00000 15.00000 16.00000 2.00000 5.00000 12.00000 28.00000 32.00000 0.00000 32.00000
0.00000 21.00000 25.00000 29.00000 17.00000 19.00000 24.00000 24.00000 30.00000 27.00000 25.00000 35.00000 21.00000 20.00000 20.00000 33.00000 16.00000 33.00000 24.00000 19.00000 32.00000 34.00000 24.00000 31.00000 0.00000 32.00000 0.00000
p
0.0 0.0 0.0 0.0 0.0 0.0 
0.0 0.0 0.0 0.0 0.0 0.0 
0.0 0.0 0.0 0.0 0.0 0.0 
0.0 0.0 0.0 0.0 0.0 0.0 
0.0 0.0 0.0 0.0 0.0 0.0 
0 42 0 0 0 0 
0 42 0 0 0 0 
0 42 0 0 0 0 
0 42 0 0 0 0 
0 42 0 0 0 0 
39 0 0 0 0 0 
39 0 0 0 0 0 
39 0 0 0 0 0 
39 0 0 0 0 0 
39 0 0 0 0 0 
0 0 46 58 0 0 
0 0 46 58 0 0 
0 0 46 58 0 0 
0 0 46 58 0 0 
0 0 46 58 0 0 
41 0 0 50 0 0 
41 0 0 50 0 0 
41 0 0 50 0 0 
41 0 0 50 0 0 
41 0 0 50 0 0 
0 0 0 30 0 0 
0 0 0 30 0 0 
0 0 0 30 0 0 
0 0 0 30 0 0 
0 0 0 30 0 0 
37 0 0 0 0 0 
37 0 0 0 0 0 
37 0 0 0 0 0 
37 0 0 0 0 0 
37 0 0 0 0 0 
0 0 0 16 0 0 
0 0 0 16 0 0 
0 0 0 16 0 0 
0 0 0 16 0 0 
0 0 0 16 0 0 
22 0 0 0 22 0 
22 0 0 0 22 0 
22 0 0 0 22 0 
22 0 0 0 22 0 
22 0 0 0 22 0 
51 0 0 0 0 36 
51 0 0 0 0 36 
51 0 0 0 0 36 
51 0 0 0 0 36 
51 0 0 0 0 36 
0 0 0 0 31 0 
0 0 0 0 31 0 
0 0 0 0 31 0 
0 0 0 0 31 0 
0 0 0 0 31 0 
0 0 44 0 0 0 
0 0 44 0 0 0 
0 0 44 0 0 0 
0 0 44 0 0 0 
0 0 44 0 0 0 
0 0 0 0 30 0 
0 0 0 0 30 0 
0 0 0 0 30 0 
0 0 0 0 30 0 
0 0 0 0 30 0 
0 0 0 0 0 50 
0 0 0 0 0 50 
0 0 0 0 0 50 
0 0 0 0 0 50 
0 0 0 0 0 50 
27 0 0 0 22 0 
27 0 0 0 22 0 
27 0 0 0 22 0 
27 0 0 0 22 0 
27 0 0 0 22 0 
0 36 0 0 0 0 
0 36 0 0 0 0 
0 36 0 0 0 0 
0 36 0 0 0 0 
0 36 0 0 0 0 
0 0 0 0 0 52 
0 0 0 0 0 52 
0 0 0 0 0 52 
0 0 0 0 0 52 
0 0 0 0 0 52 
0 0 0 28 0 0 
0 0 0 28 0 0 
0 0 0 28 0 0 
0 0 0 28 0 0 
0 0 0 28 0 0 
0 0 0 0 32 0 
0 0 0 0 32 0 
0 0 0 0 32 0 
0 0 0 0 32 0 
0 0 0 0 32 0 
0 18 0 0 0 0 
0 18 0 0 0 0 
0 18 0 0 0 0 
0 18 0 0 0 0 
0 18 0 0 0 0 
0 0 50 0 0 0 
0 0 50 0 0 0 
0 0 50 0 0 0 
0 0 50 0 0 0 
0 0 50 0 0 0 
0 0 39 50 0 0 
0 0 39 50 0 0 
0 0 39 50 0 0 
0 0 39 50 0 0 
0 0 39 50 0 0 
0 0 0 0 0 20 
0 0 0 0 0 20 
0 0 0 0 0 20 
0 0 0 0 0 20 
0 0 0 0 0 20 
0 0 31 46 0 0 
0 0 31 46 0 0 
0 0 31 46 0 0 
0 0 31 46 0 0 
0 0 31 46 0 0 
38 0 0 0 39 0 
38 0 0 0 39 0 
38 0 0 0 39 0 
38 0 0 0 39 0 
38 0 0 0 39 0 
0 0 0 0 29 0 
0 0 0 0 29 0 
0 0 0 0 29 0 
0 0 0 0 29 0 
0 0 0 0 29 0 
0.0 0.0 0.0 0.0 0.0 0.0 
0.0 0.0 0.0 0.0 0.0 0.0 
0.0 0.0 0.0 0.0 0.0 0.0 
0.0 0.0 0.0 0.0 0.0 0.0 
0.0 0.0 0.0 0.0 0.0 0.0 
mind
0 0 0 0 0 0 0 0 23 17 0 0 0 0 22 0 0 0 0 0 0 0 0 12 0 0 0
maxd
0 0 0 0 0 0 0 0 26 17 0 0 0 0 25 0 0 0 0 0 0 0 0 17 0 0 0
e
0 549 751 561 900 642 733 809 759 666 943 798 752 756 898 913 729 731 501 755 598 814 680 673 870 848 0
l
99999 669 871 681 1020 762 853 929 879 786 1063 918 872 876 1018 1033 849 851 621 875 718 934 800 793 990 968 99999
