nbNodes
27
nbVehi
5
nbServi
6
r
1 1 1 1 1 1 
0 0 1 0 0 1 
0 1 0 0 1 0 
0 1 0 0 0 0 
0 0 1 0 0 0 
0 0 1 0 1 0 
0 0 0 0 1 0 
0 0 1 0 0 0 
0 0 0 0 0 1 
0 0 1 0 0 0 
1 0 0 0 1 0 
0 0 0 1 0 0 
0 0 1 0 0 0 
0 0 1 0 0 0 
0 1 0 0 1 0 
1 0 0 0 0 0 
1 0 0 1 0 0 
0 0 0 0 0 1 
0 1 0 1 0 0 
0 0 0 1 0 0 
0 0 0 0 0 1 
0 0 1 1 0 0 
0 0 0 1 0 0 
0 0 0 1 0 0 
0 0 0 0 1 0 
0 0 1 0 0 0 
1 1 1 1 1 1 
DS
2 3 6 11 15 17 19 22 
a
0 0 1 0 0 0 
1 1 1 0 0 0 
0 0 0 1 1 1 
0 0 0 1 1 1 
0 0 0 1 1 0 
x
-30.0187 -30.0018 -30.0187 -30.018 -30.0327 -30.0184 -30.0084 -30.0112 -30.0306 -29.9985 -30.017 -30.0351 -30.0179 -30.0015 -30.0249 -30.0236 -30.0448 -30.045 -29.9929 -30.0172 -30.0217 -30.0017 -30.0173 -30.0013 -30.0009 -30.0066 -30.0187
y
-51.1503 -51.0937 -51.1503 -51.1203 -51.2073 -51.1268 -51.0945 -51.1523 -51.1164 -51.157 -51.1262 -51.115 -51.1343 -51.1548 -51.1378 -51.1339 -51.2087 -51.2077 -51.1551 -51.1071 -51.1179 -51.1541 -51.1232 -51.0914 -51.0971 -51.1429 -51.1503
d
0.00000 14.00000 0.00000 8.00000 13.00000 8.00000 13.00000 3.00000 12.00000 6.00000 8.00000 12.00000 6.00000 5.00000 6.00000 7.00000 14.00000 15.00000 17.00000 10.00000 10.00000 5.00000 8.00000 15.00000 14.00000 4.00000 0.00000
16.00000 0.00000 16.00000 8.00000 23.00000 10.00000 2.00000 15.00000 11.00000 15.00000 10.00000 12.00000 12.00000 14.00000 14.00000 13.00000 24.00000 25.00000 24.00000 7.00000 9.00000 15.00000 9.00000 2.00000 2.00000 11.00000 16.00000
0.00000 14.00000 0.00000 8.00000 13.00000 8.00000 13.00000 3.00000 12.00000 6.00000 8.00000 12.00000 6.00000 5.00000 6.00000 7.00000 14.00000 15.00000 17.00000 10.00000 10.00000 5.00000 8.00000 15.00000 14.00000 4.00000 0.00000
11.00000 8.00000 11.00000 0.00000 18.00000 3.00000 7.00000 10.00000 4.00000 11.00000 4.00000 6.00000 5.00000 10.00000 8.00000 7.00000 18.00000 19.00000 22.00000 4.00000 3.00000 10.00000 1.00000 9.00000 8.00000 7.00000 11.00000
14.00000 24.00000 14.00000 18.00000 0.00000 17.00000 22.00000 12.00000 18.00000 13.00000 17.00000 18.00000 16.00000 14.00000 16.00000 18.00000 5.00000 5.00000 16.00000 19.00000 19.00000 15.00000 18.00000 25.00000 23.00000 14.00000 14.00000
8.00000 10.00000 8.00000 3.00000 17.00000 0.00000 9.00000 9.00000 6.00000 10.00000 1.00000 8.00000 3.00000 9.00000 5.00000 4.00000 18.00000 19.00000 21.00000 5.00000 3.00000 9.00000 3.00000 11.00000 10.00000 6.00000 8.00000
15.00000 2.00000 15.00000 7.00000 21.00000 9.00000 0.00000 14.00000 10.00000 15.00000 9.00000 11.00000 11.00000 13.00000 13.00000 12.00000 23.00000 24.00000 25.00000 6.00000 8.00000 14.00000 7.00000 3.00000 3.00000 10.00000 15.00000
3.00000 13.00000 3.00000 7.00000 15.00000 7.00000 12.00000 0.00000 11.00000 8.00000 7.00000 12.00000 6.00000 7.00000 7.00000 7.00000 16.00000 17.00000 19.00000 9.00000 9.00000 7.00000 7.00000 14.00000 13.00000 3.00000 3.00000
12.00000 10.00000 12.00000 3.00000 18.00000 5.00000 9.00000 12.00000 0.00000 13.00000 5.00000 3.00000 7.00000 12.00000 9.00000 8.00000 18.00000 19.00000 24.00000 6.00000 3.00000 12.00000 4.00000 11.00000 10.00000 8.00000 12.00000
7.00000 14.00000 7.00000 9.00000 13.00000 8.00000 13.00000 5.00000 12.00000 0.00000 8.00000 14.00000 8.00000 2.00000 9.00000 9.00000 15.00000 15.00000 14.00000 10.00000 10.00000 2.00000 9.00000 14.00000 13.00000 4.00000 7.00000
8.00000 10.00000 8.00000 3.00000 17.00000 1.00000 8.00000 9.00000 7.00000 10.00000 0.00000 8.00000 3.00000 9.00000 5.00000 4.00000 18.00000 19.00000 21.00000 5.00000 4.00000 9.00000 3.00000 11.00000 10.00000 6.00000 8.00000
12.00000 12.00000 12.00000 6.00000 17.00000 7.00000 11.00000 13.00000 3.00000 15.00000 8.00000 0.00000 9.00000 14.00000 10.00000 11.00000 18.00000 18.00000 25.00000 7.00000 6.00000 14.00000 6.00000 13.00000 12.00000 11.00000 12.00000
6.00000 11.00000 6.00000 5.00000 16.00000 2.00000 10.00000 8.00000 8.00000 9.00000 3.00000 9.00000 0.00000 8.00000 3.00000 3.00000 18.00000 18.00000 20.00000 7.00000 5.00000 8.00000 5.00000 12.00000 11.00000 5.00000 6.00000
6.00000 14.00000 6.00000 9.00000 13.00000 9.00000 14.00000 4.00000 13.00000 2.00000 9.00000 15.00000 8.00000 0.00000 9.00000 10.00000 14.00000 15.00000 14.00000 11.00000 11.00000 3.00000 9.00000 15.00000 13.00000 5.00000 6.00000
6.00000 14.00000 6.00000 7.00000 16.00000 5.00000 12.00000 8.00000 10.00000 11.00000 5.00000 10.00000 3.00000 10.00000 0.00000 3.00000 17.00000 17.00000 22.00000 9.00000 7.00000 10.00000 7.00000 15.00000 13.00000 6.00000 6.00000
7.00000 13.00000 7.00000 6.00000 18.00000 4.00000 11.00000 9.00000 9.00000 11.00000 4.00000 11.00000 2.00000 10.00000 3.00000 0.00000 19.00000 20.00000 22.00000 8.00000 6.00000 10.00000 6.00000 14.00000 12.00000 6.00000 7.00000
16.00000 25.00000 16.00000 19.00000 5.00000 19.00000 24.00000 14.00000 17.00000 15.00000 19.00000 18.00000 18.00000 16.00000 17.00000 19.00000 0.00000 1.00000 18.00000 21.00000 19.00000 17.00000 19.00000 26.00000 25.00000 16.00000 16.00000
15.00000 25.00000 15.00000 18.00000 4.00000 18.00000 23.00000 13.00000 17.00000 14.00000 18.00000 17.00000 18.00000 15.00000 16.00000 18.00000 1.00000 0.00000 17.00000 20.00000 18.00000 16.00000 19.00000 26.00000 24.00000 15.00000 15.00000
18.00000 21.00000 18.00000 21.00000 16.00000 21.00000 21.00000 16.00000 25.00000 13.00000 21.00000 26.00000 20.00000 15.00000 22.00000 22.00000 18.00000 18.00000 0.00000 23.00000 23.00000 15.00000 22.00000 22.00000 21.00000 17.00000 18.00000
12.00000 6.00000 12.00000 3.00000 19.00000 5.00000 4.00000 11.00000 5.00000 12.00000 6.00000 7.00000 7.00000 11.00000 10.00000 9.00000 20.00000 21.00000 23.00000 0.00000 4.00000 11.00000 4.00000 6.00000 6.00000 7.00000 12.00000
11.00000 9.00000 11.00000 2.00000 18.00000 4.00000 7.00000 11.00000 4.00000 11.00000 4.00000 7.00000 6.00000 10.00000 8.00000 7.00000 19.00000 19.00000 22.00000 4.00000 0.00000 11.00000 3.00000 10.00000 8.00000 7.00000 11.00000
6.00000 14.00000 6.00000 9.00000 13.00000 9.00000 14.00000 4.00000 13.00000 3.00000 9.00000 15.00000 8.00000 3.00000 10.00000 10.00000 14.00000 15.00000 15.00000 11.00000 11.00000 0.00000 9.00000 15.00000 14.00000 5.00000 6.00000
11.00000 9.00000 11.00000 1.00000 18.00000 3.00000 7.00000 10.00000 5.00000 11.00000 3.00000 7.00000 5.00000 10.00000 8.00000 7.00000 19.00000 20.00000 22.00000 4.00000 3.00000 10.00000 0.00000 9.00000 8.00000 7.00000 11.00000
17.00000 2.00000 17.00000 9.00000 23.00000 11.00000 3.00000 16.00000 12.00000 16.00000 11.00000 13.00000 13.00000 15.00000 15.00000 14.00000 25.00000 26.00000 25.00000 7.00000 10.00000 16.00000 9.00000 0.00000 2.00000 12.00000 17.00000
16.00000 2.00000 16.00000 8.00000 23.00000 10.00000 3.00000 15.00000 10.00000 15.00000 10.00000 12.00000 12.00000 15.00000 14.00000 13.00000 24.00000 25.00000 24.00000 6.00000 9.00000 15.00000 8.00000 2.00000 0.00000 11.00000 16.00000
5.00000 13.00000 5.00000 7.00000 13.00000 7.00000 12.00000 5.00000 11.00000 6.00000 7.00000 13.00000 6.00000 5.00000 7.00000 8.00000 14.00000 15.00000 17.00000 9.00000 9.00000 4.00000 7.00000 14.00000 12.00000 0.00000 5.00000
0.00000 14.00000 0.00000 8.00000 13.00000 8.00000 13.00000 3.00000 12.00000 6.00000 8.00000 12.00000 6.00000 5.00000 6.00000 7.00000 14.00000 15.00000 17.00000 10.00000 10.00000 5.00000 8.00000 15.00000 14.00000 4.00000 0.00000
p
0.0 0.0 0.0 0.0 0.0 0.0 
0.0 0.0 0.0 0.0 0.0 0.0 
0.0 0.0 0.0 0.0 0.0 0.0 
0.0 0.0 0.0 0.0 0.0 0.0 
0.0 0.0 0.0 0.0 0.0 0.0 
0 0 40 0 0 57 
0 0 40 0 0 57 
0 0 40 0 0 57 
0 0 40 0 0 57 
0 0 40 0 0 57 
0 19 0 0 30 0 
0 19 0 0 30 0 
0 19 0 0 30 0 
0 19 0 0 30 0 
0 19 0 0 30 0 
0 40 0 0 0 0 
0 40 0 0 0 0 
0 40 0 0 0 0 
0 40 0 0 0 0 
0 40 0 0 0 0 
0 0 21 0 0 0 
0 0 21 0 0 0 
0 0 21 0 0 0 
0 0 21 0 0 0 
0 0 21 0 0 0 
0 0 34 0 58 0 
0 0 34 0 58 0 
0 0 34 0 58 0 
0 0 34 0 58 0 
0 0 34 0 58 0 
0 0 0 0 37 0 
0 0 0 0 37 0 
0 0 0 0 37 0 
0 0 0 0 37 0 
0 0 0 0 37 0 
0 0 18 0 0 0 
0 0 18 0 0 0 
0 0 18 0 0 0 
0 0 18 0 0 0 
0 0 18 0 0 0 
0 0 0 0 0 43 
0 0 0 0 0 43 
0 0 0 0 0 43 
0 0 0 0 0 43 
0 0 0 0 0 43 
0 0 30 0 0 0 
0 0 30 0 0 0 
0 0 30 0 0 0 
0 0 30 0 0 0 
0 0 30 0 0 0 
52 0 0 0 55 0 
52 0 0 0 55 0 
52 0 0 0 55 0 
52 0 0 0 55 0 
52 0 0 0 55 0 
0 0 0 21 0 0 
0 0 0 21 0 0 
0 0 0 21 0 0 
0 0 0 21 0 0 
0 0 0 21 0 0 
0 0 49 0 0 0 
0 0 49 0 0 0 
0 0 49 0 0 0 
0 0 49 0 0 0 
0 0 49 0 0 0 
0 0 37 0 0 0 
0 0 37 0 0 0 
0 0 37 0 0 0 
0 0 37 0 0 0 
0 0 37 0 0 0 
0 48 0 0 47 0 
0 48 0 0 47 0 
0 48 0 0 47 0 
0 48 0 0 47 0 
0 48 0 0 47 0 
20 0 0 0 0 0 
20 0 0 0 0 0 
20 0 0 0 0 0 
20 0 0 0 0 0 
20 0 0 0 0 0 
60 0 0 46 0 0 
60 0 0 46 0 0 
60 0 0 46 0 0 
60 0 0 46 0 0 
60 0 0 46 0 0 
0 0 0 0 0 51 
0 0 0 0 0 51 
0 0 0 0 0 51 
0 0 0 0 0 51 
0 0 0 0 0 51 
0 59 0 27 0 0 
0 59 0 27 0 0 
0 59 0 27 0 0 
0 59 0 27 0 0 
0 59 0 27 0 0 
0 0 0 27 0 0 
0 0 0 27 0 0 
0 0 0 27 0 0 
0 0 0 27 0 0 
0 0 0 27 0 0 
0 0 0 0 0 52 
0 0 0 0 0 52 
0 0 0 0 0 52 
0 0 0 0 0 52 
0 0 0 0 0 52 
0 0 59 57 0 0 
0 0 59 57 0 0 
0 0 59 57 0 0 
0 0 59 57 0 0 
0 0 59 57 0 0 
0 0 0 38 0 0 
0 0 0 38 0 0 
0 0 0 38 0 0 
0 0 0 38 0 0 
0 0 0 38 0 0 
0 0 0 40 0 0 
0 0 0 40 0 0 
0 0 0 40 0 0 
0 0 0 40 0 0 
0 0 0 40 0 0 
0 0 0 0 25 0 
0 0 0 0 25 0 
0 0 0 0 25 0 
0 0 0 0 25 0 
0 0 0 0 25 0 
0 0 54 0 0 0 
0 0 54 0 0 0 
0 0 54 0 0 0 
0 0 54 0 0 0 
0 0 54 0 0 0 
0.0 0.0 0.0 0.0 0.0 0.0 
0.0 0.0 0.0 0.0 0.0 0.0 
0.0 0.0 0.0 0.0 0.0 0.0 
0.0 0.0 0.0 0.0 0.0 0.0 
0.0 0.0 0.0 0.0 0.0 0.0 
mind
0 16 0 0 0 13 0 0 0 0 24 0 0 0 0 0 0 0 20 0 0 0 0 0 0 0 0
maxd
0 22 0 0 0 30 0 0 0 0 28 0 0 0 0 0 0 0 30 0 0 0 0 0 0 0 0
e
0 903 894 618 531 861 888 741 642 950 931 488 637 713 686 667 745 481 683 573 685 679 694 720 645 945 0
l
99999 1023 1014 738 651 981 1008 861 762 1070 1051 608 757 833 806 787 865 601 803 693 805 799 814 840 765 1065 99999
