nbNodes
27
nbVehi
5
nbServi
6
r
1 1 1 1 1 1 
0 1 0 0 1 0 
0 0 0 1 0 0 
0 1 0 0 1 0 
0 0 0 0 1 0 
0 0 1 0 0 0 
1 0 0 0 0 0 
0 1 0 0 0 0 
0 1 0 0 0 0 
1 0 0 0 0 0 
0 0 1 1 0 0 
0 0 0 1 0 0 
0 0 0 0 1 0 
0 0 0 1 0 0 
1 0 0 0 0 1 
1 0 0 0 1 0 
0 0 1 0 0 0 
0 0 1 0 0 0 
0 0 0 1 0 0 
0 0 0 0 1 0 
0 0 1 0 1 0 
0 1 0 0 0 1 
0 0 1 0 0 0 
0 0 1 0 1 0 
0 0 0 0 1 0 
0 0 0 0 1 0 
1 1 1 1 1 1 
DS
2 4 11 15 16 21 22 24 
a
1 1 1 0 0 0 
1 1 0 0 0 0 
0 0 0 1 1 1 
0 0 0 1 0 0 
0 0 0 0 1 0 
x
-30.0861 -30.036 -30.0861 -29.9994 -30.0391 -30.1339 -30.1084 -30.16 -30.021 -30.009 -30.0602 -30.0176 -30.0996 -29.9952 -30.048 -30.0311 -30.0472 -30.1542 -29.9992 -30.0343 -30.1263 -30.1105 -30.1785 -30.0941 -30.0359 -30.0297 -30.0861
y
-51.1708 -51.1856 -51.1708 -51.144 -51.1022 -51.228 -51.2123 -51.1971 -51.1037 -51.1243 -51.1438 -51.1205 -51.2411 -51.1262 -51.1289 -51.1146 -51.1452 -51.1682 -51.2039 -51.1046 -51.2071 -51.2442 -51.181 -51.2252 -51.11 -51.1095 -51.1708
d
0.00000 19.00000 0.00000 28.00000 26.00000 22.00000 18.00000 25.00000 27.00000 29.00000 19.00000 25.00000 20.00000 29.00000 24.00000 25.00000 19.00000 22.00000 25.00000 26.00000 20.00000 22.00000 27.00000 17.00000 26.00000 27.00000 0.00000
19.00000 0.00000 19.00000 14.00000 15.00000 23.00000 21.00000 29.00000 16.00000 18.00000 15.00000 15.00000 18.00000 15.00000 13.00000 14.00000 9.00000 33.00000 11.00000 15.00000 24.00000 20.00000 35.00000 16.00000 15.00000 16.00000 19.00000
0.00000 19.00000 0.00000 28.00000 26.00000 22.00000 18.00000 25.00000 27.00000 29.00000 19.00000 25.00000 20.00000 29.00000 24.00000 25.00000 19.00000 22.00000 25.00000 26.00000 20.00000 22.00000 27.00000 17.00000 26.00000 27.00000 0.00000
28.00000 15.00000 28.00000 0.00000 15.00000 34.00000 31.00000 40.00000 10.00000 10.00000 19.00000 7.00000 29.00000 5.00000 14.00000 12.00000 13.00000 44.00000 12.00000 13.00000 35.00000 31.00000 46.00000 26.00000 14.00000 13.00000 28.00000
26.00000 16.00000 26.00000 15.00000 0.00000 33.00000 31.00000 39.00000 8.00000 12.00000 15.00000 8.00000 28.00000 14.00000 9.00000 6.00000 9.00000 40.00000 22.00000 4.00000 34.00000 30.00000 44.00000 26.00000 6.00000 7.00000 26.00000
22.00000 23.00000 22.00000 33.00000 32.00000 0.00000 9.00000 9.00000 33.00000 35.00000 27.00000 31.00000 9.00000 34.00000 29.00000 31.00000 26.00000 13.00000 27.00000 32.00000 8.00000 9.00000 14.00000 10.00000 31.00000 33.00000 22.00000
19.00000 19.00000 19.00000 29.00000 28.00000 9.00000 0.00000 15.00000 29.00000 31.00000 23.00000 27.00000 8.00000 31.00000 25.00000 27.00000 22.00000 16.00000 24.00000 28.00000 7.00000 8.00000 20.00000 7.00000 28.00000 29.00000 19.00000
24.00000 29.00000 24.00000 39.00000 38.00000 9.00000 14.00000 0.00000 38.00000 41.00000 33.00000 37.00000 15.00000 40.00000 35.00000 37.00000 32.00000 6.00000 33.00000 38.00000 11.00000 15.00000 8.00000 16.00000 37.00000 39.00000 24.00000
28.00000 17.00000 28.00000 11.00000 9.00000 34.00000 32.00000 41.00000 0.00000 8.00000 17.00000 4.00000 30.00000 10.00000 11.00000 6.00000 11.00000 41.00000 19.00000 5.00000 35.00000 32.00000 46.00000 27.00000 7.00000 6.00000 28.00000
31.00000 18.00000 31.00000 8.00000 15.00000 37.00000 34.00000 43.00000 11.00000 0.00000 21.00000 8.00000 32.00000 8.00000 15.00000 13.00000 15.00000 46.00000 17.00000 13.00000 38.00000 34.00000 49.00000 29.00000 14.00000 13.00000 31.00000
19.00000 14.00000 19.00000 19.00000 15.00000 26.00000 24.00000 32.00000 15.00000 18.00000 0.00000 14.00000 21.00000 20.00000 12.00000 14.00000 7.00000 33.00000 20.00000 15.00000 27.00000 23.00000 38.00000 18.00000 14.00000 15.00000 19.00000
25.00000 14.00000 25.00000 8.00000 8.00000 32.00000 29.00000 38.00000 4.00000 5.00000 14.00000 0.00000 27.00000 7.00000 8.00000 6.00000 8.00000 39.00000 17.00000 7.00000 33.00000 29.00000 44.00000 24.00000 8.00000 6.00000 25.00000
20.00000 18.00000 20.00000 28.00000 27.00000 9.00000 7.00000 15.00000 28.00000 30.00000 22.00000 26.00000 0.00000 30.00000 24.00000 26.00000 21.00000 19.00000 21.00000 27.00000 11.00000 4.00000 21.00000 6.00000 27.00000 28.00000 20.00000
30.00000 16.00000 30.00000 6.00000 14.00000 35.00000 33.00000 41.00000 10.00000 9.00000 20.00000 7.00000 30.00000 0.00000 14.00000 12.00000 14.00000 45.00000 13.00000 13.00000 36.00000 32.00000 47.00000 28.00000 14.00000 13.00000 30.00000
24.00000 13.00000 24.00000 15.00000 9.00000 30.00000 28.00000 37.00000 9.00000 12.00000 12.00000 8.00000 26.00000 14.00000 0.00000 8.00000 7.00000 37.00000 19.00000 9.00000 31.00000 28.00000 42.00000 23.00000 8.00000 9.00000 24.00000
25.00000 14.00000 25.00000 11.00000 6.00000 32.00000 30.00000 38.00000 5.00000 8.00000 14.00000 5.00000 27.00000 10.00000 8.00000 0.00000 8.00000 39.00000 20.00000 4.00000 33.00000 29.00000 44.00000 24.00000 5.00000 4.00000 25.00000
18.00000 9.00000 18.00000 13.00000 10.00000 25.00000 23.00000 31.00000 10.00000 12.00000 7.00000 9.00000 20.00000 14.00000 7.00000 8.00000 0.00000 32.00000 15.00000 9.00000 26.00000 22.00000 37.00000 18.00000 9.00000 10.00000 18.00000
22.00000 31.00000 22.00000 41.00000 40.00000 13.00000 16.00000 7.00000 41.00000 43.00000 33.00000 39.00000 19.00000 43.00000 37.00000 39.00000 33.00000 0.00000 36.00000 40.00000 13.00000 19.00000 9.00000 19.00000 39.00000 41.00000 22.00000
25.00000 10.00000 25.00000 9.00000 22.00000 27.00000 25.00000 33.00000 18.00000 17.00000 21.00000 15.00000 21.00000 13.00000 19.00000 20.00000 16.00000 37.00000 0.00000 21.00000 28.00000 23.00000 39.00000 20.00000 21.00000 20.00000 25.00000
26.00000 15.00000 26.00000 13.00000 4.00000 33.00000 30.00000 39.00000 4.00000 10.00000 15.00000 6.00000 28.00000 12.00000 9.00000 4.00000 9.00000 40.00000 21.00000 0.00000 34.00000 30.00000 45.00000 25.00000 3.00000 3.00000 26.00000
20.00000 22.00000 20.00000 32.00000 32.00000 8.00000 7.00000 11.00000 32.00000 34.00000 26.00000 31.00000 11.00000 34.00000 29.00000 31.00000 25.00000 13.00000 27.00000 31.00000 0.00000 11.00000 15.00000 10.00000 31.00000 32.00000 20.00000
22.00000 20.00000 22.00000 30.00000 29.00000 9.00000 8.00000 15.00000 30.00000 32.00000 24.00000 28.00000 4.00000 32.00000 26.00000 28.00000 23.00000 19.00000 22.00000 29.00000 12.00000 0.00000 21.00000 7.00000 28.00000 30.00000 22.00000
27.00000 34.00000 27.00000 44.00000 44.00000 14.00000 20.00000 9.00000 44.00000 46.00000 38.00000 43.00000 21.00000 46.00000 41.00000 42.00000 37.00000 9.00000 39.00000 43.00000 15.00000 21.00000 0.00000 22.00000 43.00000 44.00000 27.00000
17.00000 15.00000 17.00000 25.00000 24.00000 9.00000 7.00000 15.00000 25.00000 27.00000 19.00000 23.00000 5.00000 27.00000 21.00000 23.00000 18.00000 19.00000 20.00000 24.00000 10.00000 6.00000 21.00000 0.00000 23.00000 25.00000 17.00000
25.00000 15.00000 25.00000 14.00000 6.00000 32.00000 30.00000 38.00000 6.00000 11.00000 14.00000 7.00000 27.00000 13.00000 8.00000 5.00000 8.00000 39.00000 21.00000 3.00000 33.00000 29.00000 44.00000 25.00000 0.00000 5.00000 25.00000
27.00000 16.00000 27.00000 13.00000 7.00000 34.00000 31.00000 40.00000 5.00000 10.00000 16.00000 6.00000 29.00000 12.00000 10.00000 4.00000 10.00000 41.00000 21.00000 4.00000 34.00000 31.00000 45.00000 26.00000 5.00000 0.00000 27.00000
0.00000 19.00000 0.00000 28.00000 26.00000 22.00000 18.00000 25.00000 27.00000 29.00000 19.00000 25.00000 20.00000 29.00000 24.00000 25.00000 19.00000 22.00000 25.00000 26.00000 20.00000 22.00000 27.00000 17.00000 26.00000 27.00000 0.00000
p
0.0 0.0 0.0 0.0 0.0 0.0 
0.0 0.0 0.0 0.0 0.0 0.0 
0.0 0.0 0.0 0.0 0.0 0.0 
0.0 0.0 0.0 0.0 0.0 0.0 
0.0 0.0 0.0 0.0 0.0 0.0 
0 53 0 0 21 0 
0 53 0 0 21 0 
0 53 0 0 21 0 
0 53 0 0 21 0 
0 53 0 0 21 0 
0 0 0 25 0 0 
0 0 0 25 0 0 
0 0 0 25 0 0 
0 0 0 25 0 0 
0 0 0 25 0 0 
0 47 0 0 25 0 
0 47 0 0 25 0 
0 47 0 0 25 0 
0 47 0 0 25 0 
0 47 0 0 25 0 
0 0 0 0 48 0 
0 0 0 0 48 0 
0 0 0 0 48 0 
0 0 0 0 48 0 
0 0 0 0 48 0 
0 0 24 0 0 0 
0 0 24 0 0 0 
0 0 24 0 0 0 
0 0 24 0 0 0 
0 0 24 0 0 0 
34 0 0 0 0 0 
34 0 0 0 0 0 
34 0 0 0 0 0 
34 0 0 0 0 0 
34 0 0 0 0 0 
0 36 0 0 0 0 
0 36 0 0 0 0 
0 36 0 0 0 0 
0 36 0 0 0 0 
0 36 0 0 0 0 
0 47 0 0 0 0 
0 47 0 0 0 0 
0 47 0 0 0 0 
0 47 0 0 0 0 
0 47 0 0 0 0 
36 0 0 0 0 0 
36 0 0 0 0 0 
36 0 0 0 0 0 
36 0 0 0 0 0 
36 0 0 0 0 0 
0 0 54 60 0 0 
0 0 54 60 0 0 
0 0 54 60 0 0 
0 0 54 60 0 0 
0 0 54 60 0 0 
0 0 0 30 0 0 
0 0 0 30 0 0 
0 0 0 30 0 0 
0 0 0 30 0 0 
0 0 0 30 0 0 
0 0 0 0 17 0 
0 0 0 0 17 0 
0 0 0 0 17 0 
0 0 0 0 17 0 
0 0 0 0 17 0 
0 0 0 52 0 0 
0 0 0 52 0 0 
0 0 0 52 0 0 
0 0 0 52 0 0 
0 0 0 52 0 0 
37 0 0 0 0 58 
37 0 0 0 0 58 
37 0 0 0 0 58 
37 0 0 0 0 58 
37 0 0 0 0 58 
49 0 0 0 18 0 
49 0 0 0 18 0 
49 0 0 0 18 0 
49 0 0 0 18 0 
49 0 0 0 18 0 
0 0 52 0 0 0 
0 0 52 0 0 0 
0 0 52 0 0 0 
0 0 52 0 0 0 
0 0 52 0 0 0 
0 0 29 0 0 0 
0 0 29 0 0 0 
0 0 29 0 0 0 
0 0 29 0 0 0 
0 0 29 0 0 0 
0 0 0 44 0 0 
0 0 0 44 0 0 
0 0 0 44 0 0 
0 0 0 44 0 0 
0 0 0 44 0 0 
0 0 0 0 60 0 
0 0 0 0 60 0 
0 0 0 0 60 0 
0 0 0 0 60 0 
0 0 0 0 60 0 
0 0 37 0 38 0 
0 0 37 0 38 0 
0 0 37 0 38 0 
0 0 37 0 38 0 
0 0 37 0 38 0 
0 47 0 0 0 59 
0 47 0 0 0 59 
0 47 0 0 0 59 
0 47 0 0 0 59 
0 47 0 0 0 59 
0 0 24 0 0 0 
0 0 24 0 0 0 
0 0 24 0 0 0 
0 0 24 0 0 0 
0 0 24 0 0 0 
0 0 26 0 55 0 
0 0 26 0 55 0 
0 0 26 0 55 0 
0 0 26 0 55 0 
0 0 26 0 55 0 
0 0 0 0 20 0 
0 0 0 0 20 0 
0 0 0 0 20 0 
0 0 0 0 20 0 
0 0 0 0 20 0 
0 0 0 0 19 0 
0 0 0 0 19 0 
0 0 0 0 19 0 
0 0 0 0 19 0 
0 0 0 0 19 0 
0.0 0.0 0.0 0.0 0.0 0.0 
0.0 0.0 0.0 0.0 0.0 0.0 
0.0 0.0 0.0 0.0 0.0 0.0 
0.0 0.0 0.0 0.0 0.0 0.0 
0.0 0.0 0.0 0.0 0.0 0.0 
mind
0 17 0 0 0 0 0 0 0 0 23 0 0 0 0 13 0 0 0 0 14 0 0 0 0 0 0
maxd
0 30 0 0 0 0 0 0 0 0 26 0 0 0 0 20 0 0 0 0 26 0 0 0 0 0 0
e
0 771 720 683 835 596 727 723 703 696 548 760 798 685 709 735 605 915 605 809 784 920 939 857 817 662 0
l
99999 891 840 803 955 716 847 843 823 816 668 880 918 805 829 855 725 1035 725 929 904 1040 1059 977 937 782 99999
