nbNodes
27
nbVehi
5
nbServi
6
r
1 1 1 1 1 1 
0 0 1 0 0 1 
0 0 1 0 0 1 
1 0 0 0 1 0 
0 0 0 0 0 1 
0 0 0 0 0 1 
1 0 0 1 0 0 
0 0 1 1 0 0 
0 0 0 0 0 1 
0 0 1 0 0 0 
0 0 0 0 0 1 
0 0 1 1 0 0 
0 0 0 0 0 1 
0 0 0 0 0 1 
0 0 0 0 1 0 
0 0 0 0 1 0 
0 0 0 1 0 0 
0 0 0 0 1 0 
0 0 0 0 1 0 
0 1 0 0 0 0 
0 0 1 1 0 0 
0 0 0 1 0 0 
0 0 1 0 0 0 
0 0 0 0 0 1 
0 0 0 0 0 1 
0 0 1 1 0 0 
1 1 1 1 1 1 
DS
2 3 4 7 8 12 21 26 
a
1 0 1 0 0 0 
0 1 0 0 0 0 
0 0 0 0 0 1 
0 0 0 1 1 0 
0 0 0 1 1 1 
x
-30.0715 -30.1628 -30.0218 -30.1514 -29.9952 -30.0447 -30.144 -30.134 -30.1535 -30.024 -30.1546 -30.0055 -30.1533 -30.1592 -29.9797 -30.1489 -29.9789 -29.9978 -30.0135 -30.0357 -30.1443 -30.0248 -30.0311 -30.1533 -30.0285 -30.0715 -30.0715
y
-51.1548 -51.2136 -51.1063 -51.1311 -51.13 -51.0961 -51.1419 -51.1985 -51.1357 -51.1178 -51.2066 -51.1456 -51.2026 -51.1984 -51.1351 -51.1482 -51.1362 -51.1343 -51.1071 -51.0993 -51.142 -51.127 -51.1035 -51.2017 -51.1056 -51.1548 -51.1548
d
0.00000 30.00000 15.00000 28.00000 20.00000 15.00000 30.00000 27.00000 28.00000 13.00000 30.00000 18.00000 28.00000 29.00000 24.00000 31.00000 24.00000 19.00000 18.00000 16.00000 30.00000 15.00000 17.00000 28.00000 16.00000 0.00000 0.00000
29.00000 0.00000 39.00000 23.00000 41.00000 39.00000 22.00000 13.00000 21.00000 37.00000 11.00000 39.00000 9.00000 10.00000 45.00000 21.00000 45.00000 40.00000 42.00000 40.00000 22.00000 39.00000 41.00000 9.00000 40.00000 29.00000 29.00000
15.00000 40.00000 0.00000 38.00000 9.00000 8.00000 39.00000 37.00000 38.00000 4.00000 40.00000 9.00000 38.00000 39.00000 13.00000 41.00000 13.00000 8.00000 4.00000 7.00000 39.00000 5.00000 5.00000 38.00000 3.00000 15.00000 15.00000
28.00000 23.00000 38.00000 0.00000 42.00000 32.00000 5.00000 20.00000 3.00000 36.00000 19.00000 40.00000 16.00000 15.00000 46.00000 6.00000 47.00000 42.00000 39.00000 35.00000 5.00000 37.00000 37.00000 16.00000 36.00000 28.00000 28.00000
19.00000 42.00000 9.00000 42.00000 0.00000 14.00000 44.00000 39.00000 42.00000 9.00000 42.00000 6.00000 40.00000 41.00000 5.00000 45.00000 6.00000 3.00000 9.00000 15.00000 44.00000 8.00000 13.00000 39.00000 12.00000 19.00000 19.00000
14.00000 40.00000 8.00000 32.00000 14.00000 0.00000 34.00000 37.00000 32.00000 8.00000 40.00000 14.00000 38.00000 39.00000 18.00000 35.00000 19.00000 14.00000 11.00000 6.00000 34.00000 9.00000 8.00000 37.00000 7.00000 14.00000 14.00000
30.00000 22.00000 40.00000 5.00000 44.00000 34.00000 0.00000 17.00000 4.00000 38.00000 17.00000 42.00000 15.00000 14.00000 48.00000 3.00000 49.00000 44.00000 41.00000 37.00000 1.00000 39.00000 39.00000 15.00000 38.00000 30.00000 30.00000
25.00000 12.00000 35.00000 20.00000 36.00000 34.00000 17.00000 0.00000 18.00000 33.00000 9.00000 34.00000 7.00000 9.00000 40.00000 16.00000 40.00000 36.00000 37.00000 35.00000 17.00000 34.00000 36.00000 7.00000 35.00000 25.00000 25.00000
28.00000 20.00000 38.00000 3.00000 42.00000 32.00000 4.00000 18.00000 0.00000 36.00000 16.00000 40.00000 14.00000 13.00000 46.00000 4.00000 47.00000 42.00000 39.00000 35.00000 4.00000 37.00000 37.00000 14.00000 36.00000 28.00000 28.00000
13.00000 38.00000 3.00000 36.00000 8.00000 8.00000 38.00000 35.00000 36.00000 0.00000 38.00000 8.00000 36.00000 37.00000 12.00000 39.00000 12.00000 8.00000 6.00000 8.00000 38.00000 3.00000 7.00000 36.00000 5.00000 13.00000 13.00000
29.00000 11.00000 39.00000 18.00000 41.00000 39.00000 17.00000 10.00000 16.00000 37.00000 0.00000 39.00000 4.00000 5.00000 45.00000 16.00000 45.00000 40.00000 42.00000 40.00000 17.00000 39.00000 41.00000 4.00000 40.00000 29.00000 29.00000
17.00000 39.00000 10.00000 40.00000 6.00000 15.00000 42.00000 36.00000 41.00000 9.00000 39.00000 0.00000 37.00000 38.00000 9.00000 44.00000 9.00000 5.00000 11.00000 16.00000 42.00000 9.00000 14.00000 37.00000 12.00000 17.00000 17.00000
28.00000 10.00000 37.00000 16.00000 39.00000 37.00000 14.00000 8.00000 13.00000 36.00000 4.00000 37.00000 0.00000 3.00000 43.00000 13.00000 43.00000 39.00000 40.00000 38.00000 14.00000 37.00000 39.00000 1.00000 38.00000 28.00000 28.00000
28.00000 10.00000 38.00000 15.00000 39.00000 38.00000 14.00000 8.00000 12.00000 36.00000 6.00000 38.00000 4.00000 0.00000 43.00000 12.00000 44.00000 39.00000 41.00000 39.00000 13.00000 37.00000 39.00000 3.00000 39.00000 28.00000 28.00000
23.00000 45.00000 14.00000 46.00000 6.00000 19.00000 48.00000 42.00000 46.00000 13.00000 45.00000 9.00000 43.00000 44.00000 0.00000 49.00000 1.00000 6.00000 13.00000 19.00000 48.00000 12.00000 18.00000 43.00000 16.00000 23.00000 23.00000
31.00000 20.00000 41.00000 6.00000 44.00000 35.00000 3.00000 16.00000 4.00000 39.00000 16.00000 42.00000 14.00000 13.00000 48.00000 0.00000 48.00000 43.00000 42.00000 38.00000 3.00000 41.00000 40.00000 13.00000 40.00000 31.00000 31.00000
23.00000 46.00000 14.00000 46.00000 7.00000 19.00000 48.00000 42.00000 46.00000 13.00000 46.00000 9.00000 43.00000 45.00000 1.00000 49.00000 0.00000 6.00000 14.00000 19.00000 48.00000 13.00000 18.00000 43.00000 16.00000 23.00000 23.00000
19.00000 41.00000 10.00000 42.00000 4.00000 14.00000 44.00000 38.00000 42.00000 9.00000 41.00000 5.00000 39.00000 40.00000 6.00000 45.00000 6.00000 0.00000 10.00000 15.00000 44.00000 8.00000 13.00000 38.00000 12.00000 19.00000 19.00000
17.00000 42.00000 4.00000 40.00000 9.00000 10.00000 42.00000 39.00000 40.00000 6.00000 42.00000 9.00000 40.00000 41.00000 13.00000 43.00000 13.00000 8.00000 0.00000 9.00000 41.00000 7.00000 7.00000 40.00000 5.00000 17.00000 17.00000
16.00000 41.00000 7.00000 35.00000 14.00000 6.00000 37.00000 38.00000 36.00000 8.00000 41.00000 15.00000 39.00000 40.00000 18.00000 39.00000 19.00000 14.00000 9.00000 0.00000 37.00000 10.00000 4.00000 39.00000 5.00000 16.00000 16.00000
30.00000 22.00000 39.00000 5.00000 44.00000 34.00000 1.00000 17.00000 4.00000 38.00000 17.00000 42.00000 15.00000 14.00000 48.00000 3.00000 49.00000 44.00000 41.00000 37.00000 0.00000 39.00000 39.00000 15.00000 38.00000 30.00000 30.00000
14.00000 39.00000 5.00000 37.00000 8.00000 9.00000 39.00000 36.00000 37.00000 3.00000 39.00000 8.00000 37.00000 38.00000 12.00000 40.00000 12.00000 8.00000 7.00000 10.00000 39.00000 0.00000 8.00000 37.00000 7.00000 14.00000 14.00000
16.00000 42.00000 5.00000 37.00000 12.00000 8.00000 39.00000 38.00000 37.00000 7.00000 42.00000 13.00000 39.00000 41.00000 17.00000 40.00000 17.00000 12.00000 8.00000 4.00000 39.00000 8.00000 0.00000 39.00000 3.00000 16.00000 16.00000
28.00000 10.00000 38.00000 15.00000 39.00000 37.00000 14.00000 8.00000 13.00000 36.00000 4.00000 37.00000 1.00000 3.00000 43.00000 13.00000 43.00000 39.00000 40.00000 38.00000 14.00000 37.00000 39.00000 0.00000 38.00000 28.00000 28.00000
15.00000 41.00000 3.00000 36.00000 11.00000 7.00000 38.00000 38.00000 37.00000 5.00000 41.00000 11.00000 39.00000 40.00000 15.00000 40.00000 15.00000 11.00000 6.00000 5.00000 38.00000 7.00000 3.00000 39.00000 0.00000 15.00000 15.00000
0.00000 30.00000 15.00000 28.00000 20.00000 15.00000 30.00000 27.00000 28.00000 13.00000 30.00000 18.00000 28.00000 29.00000 24.00000 31.00000 24.00000 19.00000 18.00000 16.00000 30.00000 15.00000 17.00000 28.00000 16.00000 0.00000 0.00000
0.00000 30.00000 15.00000 28.00000 20.00000 15.00000 30.00000 27.00000 28.00000 13.00000 30.00000 18.00000 28.00000 29.00000 24.00000 31.00000 24.00000 19.00000 18.00000 16.00000 30.00000 15.00000 17.00000 28.00000 16.00000 0.00000 0.00000
p
0.0 0.0 0.0 0.0 0.0 0.0 
0.0 0.0 0.0 0.0 0.0 0.0 
0.0 0.0 0.0 0.0 0.0 0.0 
0.0 0.0 0.0 0.0 0.0 0.0 
0.0 0.0 0.0 0.0 0.0 0.0 
0 0 30 0 0 44 
0 0 30 0 0 44 
0 0 30 0 0 44 
0 0 30 0 0 44 
0 0 30 0 0 44 
0 0 23 0 0 20 
0 0 23 0 0 20 
0 0 23 0 0 20 
0 0 23 0 0 20 
0 0 23 0 0 20 
45 0 0 0 45 0 
45 0 0 0 45 0 
45 0 0 0 45 0 
45 0 0 0 45 0 
45 0 0 0 45 0 
0 0 0 0 0 29 
0 0 0 0 0 29 
0 0 0 0 0 29 
0 0 0 0 0 29 
0 0 0 0 0 29 
0 0 0 0 0 29 
0 0 0 0 0 29 
0 0 0 0 0 29 
0 0 0 0 0 29 
0 0 0 0 0 29 
57 0 0 57 0 0 
57 0 0 57 0 0 
57 0 0 57 0 0 
57 0 0 57 0 0 
57 0 0 57 0 0 
0 0 58 31 0 0 
0 0 58 31 0 0 
0 0 58 31 0 0 
0 0 58 31 0 0 
0 0 58 31 0 0 
0 0 0 0 0 48 
0 0 0 0 0 48 
0 0 0 0 0 48 
0 0 0 0 0 48 
0 0 0 0 0 48 
0 0 50 0 0 0 
0 0 50 0 0 0 
0 0 50 0 0 0 
0 0 50 0 0 0 
0 0 50 0 0 0 
0 0 0 0 0 18 
0 0 0 0 0 18 
0 0 0 0 0 18 
0 0 0 0 0 18 
0 0 0 0 0 18 
0 0 49 37 0 0 
0 0 49 37 0 0 
0 0 49 37 0 0 
0 0 49 37 0 0 
0 0 49 37 0 0 
0 0 0 0 0 23 
0 0 0 0 0 23 
0 0 0 0 0 23 
0 0 0 0 0 23 
0 0 0 0 0 23 
0 0 0 0 0 57 
0 0 0 0 0 57 
0 0 0 0 0 57 
0 0 0 0 0 57 
0 0 0 0 0 57 
0 0 0 0 35 0 
0 0 0 0 35 0 
0 0 0 0 35 0 
0 0 0 0 35 0 
0 0 0 0 35 0 
0 0 0 0 36 0 
0 0 0 0 36 0 
0 0 0 0 36 0 
0 0 0 0 36 0 
0 0 0 0 36 0 
0 0 0 58 0 0 
0 0 0 58 0 0 
0 0 0 58 0 0 
0 0 0 58 0 0 
0 0 0 58 0 0 
0 0 0 0 56 0 
0 0 0 0 56 0 
0 0 0 0 56 0 
0 0 0 0 56 0 
0 0 0 0 56 0 
0 0 0 0 26 0 
0 0 0 0 26 0 
0 0 0 0 26 0 
0 0 0 0 26 0 
0 0 0 0 26 0 
0 27 0 0 0 0 
0 27 0 0 0 0 
0 27 0 0 0 0 
0 27 0 0 0 0 
0 27 0 0 0 0 
0 0 60 60 0 0 
0 0 60 60 0 0 
0 0 60 60 0 0 
0 0 60 60 0 0 
0 0 60 60 0 0 
0 0 0 38 0 0 
0 0 0 38 0 0 
0 0 0 38 0 0 
0 0 0 38 0 0 
0 0 0 38 0 0 
0 0 23 0 0 0 
0 0 23 0 0 0 
0 0 23 0 0 0 
0 0 23 0 0 0 
0 0 23 0 0 0 
0 0 0 0 0 30 
0 0 0 0 0 30 
0 0 0 0 0 30 
0 0 0 0 0 30 
0 0 0 0 0 30 
0 0 0 0 0 44 
0 0 0 0 0 44 
0 0 0 0 0 44 
0 0 0 0 0 44 
0 0 0 0 0 44 
0 0 40 39 0 0 
0 0 40 39 0 0 
0 0 40 39 0 0 
0 0 40 39 0 0 
0 0 40 39 0 0 
0.0 0.0 0.0 0.0 0.0 0.0 
0.0 0.0 0.0 0.0 0.0 0.0 
0.0 0.0 0.0 0.0 0.0 0.0 
0.0 0.0 0.0 0.0 0.0 0.0 
0.0 0.0 0.0 0.0 0.0 0.0 
mind
0 0 21 15 0 0 21 0 0 0 0 0 0 0 0 0 0 0 0 0 0 0 0 0 0 13 0
maxd
0 0 29 24 0 0 29 0 0 0 0 0 0 0 0 0 0 0 0 0 0 0 0 0 0 22 0
e
0 558 723 619 937 854 811 777 692 495 659 683 703 546 944 714 505 737 924 847 809 893 915 647 665 741 0
l
99999 678 843 739 1057 974 931 897 812 615 779 803 823 666 1064 834 625 857 1044 967 929 1013 1035 767 785 861 99999
