nbNodes
27
nbVehi
5
nbServi
6
r
1 1 1 1 1 1 
0 1 0 0 1 0 
1 0 0 1 0 0 
1 0 0 0 0 0 
0 0 1 0 0 1 
0 0 0 0 1 0 
0 0 0 0 0 1 
0 0 0 1 0 0 
0 1 0 1 0 0 
0 1 0 0 0 0 
1 0 0 0 0 1 
0 1 0 0 0 0 
0 0 0 1 0 0 
0 0 0 0 0 1 
0 0 0 0 0 1 
1 0 0 0 0 1 
1 0 0 0 0 0 
0 0 1 0 0 0 
0 1 0 1 0 0 
0 0 0 0 1 0 
0 0 0 0 0 1 
1 0 0 0 0 0 
0 0 0 0 1 0 
0 0 0 0 1 0 
0 1 0 0 0 0 
0 1 0 1 0 0 
1 1 1 1 1 1 
DS
2 3 5 9 11 16 19 26 
a
1 1 0 0 0 0 
0 1 1 0 0 0 
0 0 0 1 0 1 
0 0 0 1 1 1 
0 0 0 1 1 1 
x
-30.0815 -30.0263 -30.0284 -30.1137 -30.1219 -30.0217 -30.0108 -30.0104 -30.1107 -30.0815 -30.0315 -30.0721 -29.9994 -30.0396 -30.1474 -30.029 -30.0203 -30.0173 -30.1637 -30.1554 -30.0663 -30.0025 -30.1579 -30.0008 -30.0729 -30.0356 -30.0815
y
-51.1646 -51.1152 -51.1029 -51.1691 -51.2142 -51.1939 -51.1726 -51.175 -51.2298 -51.1646 -51.1155 -51.1732 -51.1292 -51.1315 -51.1497 -51.1445 -51.1341 -51.1907 -51.2277 -51.1375 -51.2077 -51.206 -51.136 -51.127 -51.2295 -51.0983 -51.1646
d
0.00000 23.00000 25.00000 21.00000 26.00000 21.00000 22.00000 22.00000 24.00000 0.00000 22.00000 9.00000 27.00000 19.00000 30.00000 20.00000 23.00000 20.00000 36.00000 33.00000 16.00000 24.00000 34.00000 26.00000 22.00000 28.00000 0.00000
22.00000 0.00000 5.00000 27.00000 32.00000 16.00000 13.00000 14.00000 29.00000 22.00000 4.00000 19.00000 8.00000 5.00000 39.00000 10.00000 7.00000 16.00000 40.00000 37.00000 21.00000 17.00000 38.00000 7.00000 25.00000 10.00000 22.00000
25.00000 5.00000 0.00000 30.00000 34.00000 19.00000 16.00000 16.00000 31.00000 25.00000 4.00000 22.00000 11.00000 8.00000 39.00000 13.00000 10.00000 19.00000 43.00000 38.00000 23.00000 20.00000 38.00000 10.00000 28.00000 6.00000 25.00000
21.00000 28.00000 30.00000 0.00000 14.00000 26.00000 29.00000 29.00000 17.00000 21.00000 27.00000 22.00000 33.00000 24.00000 15.00000 26.00000 29.00000 27.00000 25.00000 18.00000 17.00000 30.00000 19.00000 32.00000 22.00000 33.00000 21.00000
26.00000 30.00000 32.00000 14.00000 0.00000 24.00000 27.00000 26.00000 8.00000 26.00000 29.00000 19.00000 33.00000 26.00000 17.00000 26.00000 30.00000 24.00000 15.00000 20.00000 14.00000 27.00000 20.00000 33.00000 15.00000 35.00000 26.00000
19.00000 17.00000 20.00000 26.00000 24.00000 0.00000 8.00000 7.00000 21.00000 19.00000 17.00000 14.00000 14.00000 14.00000 34.00000 12.00000 15.00000 3.00000 32.00000 37.00000 10.00000 7.00000 38.00000 14.00000 13.00000 22.00000 19.00000
22.00000 13.00000 16.00000 31.00000 29.00000 7.00000 0.00000 2.00000 26.00000 22.00000 15.00000 18.00000 10.00000 13.00000 40.00000 10.00000 11.00000 7.00000 38.00000 41.00000 16.00000 6.00000 42.00000 10.00000 19.00000 21.00000 22.00000
21.00000 12.00000 15.00000 31.00000 29.00000 6.00000 1.00000 0.00000 26.00000 21.00000 14.00000 18.00000 9.00000 12.00000 40.00000 9.00000 10.00000 6.00000 37.00000 41.00000 16.00000 6.00000 41.00000 9.00000 18.00000 20.00000 21.00000
24.00000 28.00000 30.00000 16.00000 7.00000 22.00000 25.00000 24.00000 0.00000 24.00000 27.00000 17.00000 31.00000 24.00000 19.00000 24.00000 28.00000 22.00000 15.00000 22.00000 12.00000 25.00000 23.00000 31.00000 12.00000 33.00000 24.00000
0.00000 23.00000 25.00000 21.00000 26.00000 21.00000 22.00000 22.00000 24.00000 0.00000 22.00000 9.00000 27.00000 19.00000 30.00000 20.00000 23.00000 20.00000 36.00000 33.00000 16.00000 24.00000 34.00000 26.00000 22.00000 28.00000 0.00000
22.00000 4.00000 4.00000 27.00000 32.00000 17.00000 14.00000 15.00000 28.00000 22.00000 0.00000 19.00000 9.00000 5.00000 39.00000 11.00000 8.00000 16.00000 40.00000 37.00000 21.00000 18.00000 37.00000 8.00000 25.00000 9.00000 22.00000
9.00000 19.00000 22.00000 22.00000 20.00000 15.00000 17.00000 16.00000 17.00000 9.00000 19.00000 0.00000 23.00000 16.00000 31.00000 16.00000 20.00000 15.00000 29.00000 34.00000 10.00000 19.00000 35.00000 23.00000 15.00000 25.00000 9.00000
27.00000 8.00000 11.00000 32.00000 35.00000 13.00000 9.00000 10.00000 32.00000 27.00000 10.00000 23.00000 0.00000 10.00000 44.00000 10.00000 7.00000 12.00000 43.00000 42.00000 22.00000 13.00000 43.00000 2.00000 24.00000 16.00000 27.00000
19.00000 6.00000 9.00000 24.00000 28.00000 14.00000 13.00000 14.00000 25.00000 19.00000 6.00000 15.00000 12.00000 0.00000 35.00000 7.00000 7.00000 13.00000 36.00000 34.00000 17.00000 17.00000 34.00000 11.00000 22.00000 12.00000 19.00000
29.00000 39.00000 39.00000 15.00000 17.00000 35.00000 37.00000 37.00000 20.00000 29.00000 39.00000 29.00000 43.00000 36.00000 0.00000 37.00000 40.00000 35.00000 22.00000 4.00000 25.00000 38.00000 5.00000 43.00000 25.00000 41.00000 29.00000
19.00000 9.00000 13.00000 25.00000 28.00000 12.00000 9.00000 10.00000 25.00000 19.00000 10.00000 16.00000 10.00000 6.00000 37.00000 0.00000 5.00000 12.00000 37.00000 35.00000 18.00000 14.00000 36.00000 10.00000 22.00000 16.00000 19.00000
23.00000 7.00000 10.00000 28.00000 33.00000 14.00000 10.00000 11.00000 29.00000 23.00000 9.00000 20.00000 7.00000 7.00000 40.00000 6.00000 0.00000 14.00000 41.00000 38.00000 22.00000 15.00000 39.00000 7.00000 26.00000 14.00000 23.00000
19.00000 15.00000 19.00000 27.00000 25.00000 3.00000 6.00000 6.00000 22.00000 19.00000 16.00000 15.00000 12.00000 13.00000 36.00000 11.00000 13.00000 0.00000 33.00000 39.00000 12.00000 6.00000 39.00000 12.00000 15.00000 22.00000 19.00000
36.00000 40.00000 42.00000 25.00000 15.00000 34.00000 37.00000 36.00000 17.00000 36.00000 39.00000 29.00000 43.00000 36.00000 23.00000 36.00000 40.00000 34.00000 0.00000 23.00000 25.00000 37.00000 24.00000 43.00000 24.00000 45.00000 36.00000
33.00000 37.00000 37.00000 18.00000 20.00000 38.00000 41.00000 40.00000 23.00000 33.00000 37.00000 33.00000 42.00000 34.00000 5.00000 36.00000 38.00000 38.00000 23.00000 0.00000 29.00000 41.00000 1.00000 41.00000 29.00000 39.00000 33.00000
17.00000 21.00000 23.00000 17.00000 15.00000 11.00000 16.00000 16.00000 12.00000 17.00000 20.00000 10.00000 22.00000 17.00000 25.00000 17.00000 21.00000 11.00000 23.00000 28.00000 0.00000 14.00000 29.00000 22.00000 8.00000 26.00000 17.00000
23.00000 17.00000 20.00000 30.00000 28.00000 7.00000 8.00000 7.00000 25.00000 23.00000 19.00000 18.00000 13.00000 17.00000 38.00000 13.00000 15.00000 6.00000 36.00000 41.00000 14.00000 0.00000 42.00000 13.00000 17.00000 25.00000 23.00000
34.00000 38.00000 38.00000 19.00000 21.00000 39.00000 41.00000 41.00000 24.00000 34.00000 37.00000 34.00000 43.00000 34.00000 6.00000 36.00000 39.00000 39.00000 23.00000 2.00000 29.00000 42.00000 0.00000 42.00000 29.00000 40.00000 34.00000
27.00000 7.00000 11.00000 32.00000 35.00000 12.00000 9.00000 9.00000 32.00000 27.00000 9.00000 23.00000 2.00000 10.00000 43.00000 10.00000 7.00000 12.00000 43.00000 42.00000 22.00000 13.00000 42.00000 0.00000 24.00000 15.00000 27.00000
21.00000 25.00000 27.00000 22.00000 16.00000 14.00000 19.00000 19.00000 13.00000 21.00000 25.00000 15.00000 25.00000 22.00000 27.00000 21.00000 25.00000 14.00000 24.00000 29.00000 8.00000 17.00000 30.00000 25.00000 0.00000 30.00000 21.00000
28.00000 10.00000 6.00000 33.00000 37.00000 23.00000 21.00000 21.00000 34.00000 28.00000 10.00000 25.00000 16.00000 11.00000 41.00000 16.00000 15.00000 22.00000 46.00000 39.00000 26.00000 25.00000 40.00000 15.00000 31.00000 0.00000 28.00000
0.00000 23.00000 25.00000 21.00000 26.00000 21.00000 22.00000 22.00000 24.00000 0.00000 22.00000 9.00000 27.00000 19.00000 30.00000 20.00000 23.00000 20.00000 36.00000 33.00000 16.00000 24.00000 34.00000 26.00000 22.00000 28.00000 0.00000
p
0.0 0.0 0.0 0.0 0.0 0.0 
0.0 0.0 0.0 0.0 0.0 0.0 
0.0 0.0 0.0 0.0 0.0 0.0 
0.0 0.0 0.0 0.0 0.0 0.0 
0.0 0.0 0.0 0.0 0.0 0.0 
0 31 0 0 37 0 
0 31 0 0 37 0 
0 31 0 0 37 0 
0 31 0 0 37 0 
0 31 0 0 37 0 
37 0 0 43 0 0 
37 0 0 43 0 0 
37 0 0 43 0 0 
37 0 0 43 0 0 
37 0 0 43 0 0 
21 0 0 0 0 0 
21 0 0 0 0 0 
21 0 0 0 0 0 
21 0 0 0 0 0 
21 0 0 0 0 0 
0 0 16 0 0 19 
0 0 16 0 0 19 
0 0 16 0 0 19 
0 0 16 0 0 19 
0 0 16 0 0 19 
0 0 0 0 47 0 
0 0 0 0 47 0 
0 0 0 0 47 0 
0 0 0 0 47 0 
0 0 0 0 47 0 
0 0 0 0 0 56 
0 0 0 0 0 56 
0 0 0 0 0 56 
0 0 0 0 0 56 
0 0 0 0 0 56 
0 0 0 26 0 0 
0 0 0 26 0 0 
0 0 0 26 0 0 
0 0 0 26 0 0 
0 0 0 26 0 0 
0 43 0 48 0 0 
0 43 0 48 0 0 
0 43 0 48 0 0 
0 43 0 48 0 0 
0 43 0 48 0 0 
0 35 0 0 0 0 
0 35 0 0 0 0 
0 35 0 0 0 0 
0 35 0 0 0 0 
0 35 0 0 0 0 
22 0 0 0 0 17 
22 0 0 0 0 17 
22 0 0 0 0 17 
22 0 0 0 0 17 
22 0 0 0 0 17 
0 22 0 0 0 0 
0 22 0 0 0 0 
0 22 0 0 0 0 
0 22 0 0 0 0 
0 22 0 0 0 0 
0 0 0 45 0 0 
0 0 0 45 0 0 
0 0 0 45 0 0 
0 0 0 45 0 0 
0 0 0 45 0 0 
0 0 0 0 0 51 
0 0 0 0 0 51 
0 0 0 0 0 51 
0 0 0 0 0 51 
0 0 0 0 0 51 
0 0 0 0 0 37 
0 0 0 0 0 37 
0 0 0 0 0 37 
0 0 0 0 0 37 
0 0 0 0 0 37 
53 0 0 0 0 19 
53 0 0 0 0 19 
53 0 0 0 0 19 
53 0 0 0 0 19 
53 0 0 0 0 19 
42 0 0 0 0 0 
42 0 0 0 0 0 
42 0 0 0 0 0 
42 0 0 0 0 0 
42 0 0 0 0 0 
0 0 41 0 0 0 
0 0 41 0 0 0 
0 0 41 0 0 0 
0 0 41 0 0 0 
0 0 41 0 0 0 
0 40 0 57 0 0 
0 40 0 57 0 0 
0 40 0 57 0 0 
0 40 0 57 0 0 
0 40 0 57 0 0 
0 0 0 0 24 0 
0 0 0 0 24 0 
0 0 0 0 24 0 
0 0 0 0 24 0 
0 0 0 0 24 0 
0 0 0 0 0 31 
0 0 0 0 0 31 
0 0 0 0 0 31 
0 0 0 0 0 31 
0 0 0 0 0 31 
30 0 0 0 0 0 
30 0 0 0 0 0 
30 0 0 0 0 0 
30 0 0 0 0 0 
30 0 0 0 0 0 
0 0 0 0 59 0 
0 0 0 0 59 0 
0 0 0 0 59 0 
0 0 0 0 59 0 
0 0 0 0 59 0 
0 0 0 0 52 0 
0 0 0 0 52 0 
0 0 0 0 52 0 
0 0 0 0 52 0 
0 0 0 0 52 0 
0 49 0 0 0 0 
0 49 0 0 0 0 
0 49 0 0 0 0 
0 49 0 0 0 0 
0 49 0 0 0 0 
0 60 0 56 0 0 
0 60 0 56 0 0 
0 60 0 56 0 0 
0 60 0 56 0 0 
0 60 0 56 0 0 
0.0 0.0 0.0 0.0 0.0 0.0 
0.0 0.0 0.0 0.0 0.0 0.0 
0.0 0.0 0.0 0.0 0.0 0.0 
0.0 0.0 0.0 0.0 0.0 0.0 
0.0 0.0 0.0 0.0 0.0 0.0 
mind
0 0 0 0 10 0 0 0 16 0 0 0 0 0 0 23 0 0 21 0 0 0 0 0 0 0 0
maxd
0 0 0 0 22 0 0 0 28 0 0 0 0 0 0 23 0 0 24 0 0 0 0 0 0 0 0
e
0 500 944 843 527 649 922 534 497 625 882 718 935 861 600 954 728 733 637 656 870 816 523 668 880 565 0
l
99999 620 1064 963 647 769 1042 654 617 745 1002 838 1055 981 720 1074 848 853 757 776 990 936 643 788 1000 685 99999
