nbNodes
27
nbVehi
5
nbServi
6
r
1 1 1 1 1 1 
0 0 0 0 0 1 
0 1 0 0 0 0 
0 0 0 0 1 0 
0 0 0 0 0 1 
0 1 0 0 0 0 
0 0 1 0 0 1 
0 0 1 0 1 0 
0 0 1 0 0 0 
0 0 0 1 0 0 
0 0 1 0 0 0 
1 0 0 0 0 0 
0 1 0 1 0 0 
0 0 0 0 0 1 
0 0 1 0 0 0 
0 0 0 0 0 1 
0 0 1 0 0 1 
0 1 0 0 0 0 
0 0 1 0 0 1 
0 1 0 0 0 0 
0 0 0 0 0 1 
0 1 0 0 0 1 
0 1 0 0 0 1 
0 0 1 0 0 0 
0 0 0 0 0 1 
0 0 1 0 1 0 
1 1 1 1 1 1 
DS
7 8 13 17 19 22 23 26 
a
0 1 0 0 0 0 
1 1 1 0 0 0 
0 0 0 1 1 1 
0 0 0 1 0 1 
0 0 0 0 1 1 
x
-30.056 -29.9822 -30.0216 -30.0286 -29.9795 -30.056 -30.0493 -30.0526 -30.0037 -30.0757 -30.0668 -30.0219 -30.1457 -30.0289 -29.9836 -30.1235 -30.0139 -30.0148 -30.1176 -30.156 -30.1311 -30.0078 -30.0909 -30.0336 -30.074 -30.1406 -30.056
y
-51.1505 -51.1958 -51.1187 -51.2281 -51.1332 -51.1505 -51.2219 -51.2081 -51.1646 -51.1848 -51.1833 -51.1825 -51.2114 -51.2019 -51.137 -51.2011 -51.1283 -51.124 -51.2542 -51.1345 -51.2037 -51.1364 -51.2081 -51.103 -51.1697 -51.2202 -51.1505
d
0.00000 20.00000 11.00000 18.00000 21.00000 0.00000 14.00000 13.00000 15.00000 14.00000 9.00000 12.00000 27.00000 16.00000 21.00000 25.00000 14.00000 14.00000 23.00000 30.00000 28.00000 15.00000 17.00000 14.00000 10.00000 24.00000 0.00000
22.00000 0.00000 19.00000 11.00000 18.00000 22.00000 15.00000 15.00000 9.00000 23.00000 18.00000 11.00000 34.00000 10.00000 18.00000 31.00000 17.00000 17.00000 27.00000 45.00000 34.00000 15.00000 23.00000 25.00000 21.00000 31.00000 22.00000
11.00000 19.00000 0.00000 22.00000 11.00000 11.00000 21.00000 19.00000 11.00000 21.00000 16.00000 14.00000 35.00000 17.00000 11.00000 33.00000 5.00000 4.00000 31.00000 37.00000 35.00000 6.00000 25.00000 8.00000 17.00000 32.00000 11.00000
20.00000 10.00000 22.00000 0.00000 21.00000 20.00000 8.00000 8.00000 12.00000 17.00000 13.00000 11.00000 27.00000 8.00000 20.00000 25.00000 19.00000 20.00000 19.00000 38.00000 28.00000 17.00000 17.00000 25.00000 17.00000 24.00000 20.00000
20.00000 18.00000 12.00000 22.00000 0.00000 20.00000 23.00000 23.00000 12.00000 29.00000 24.00000 15.00000 41.00000 18.00000 2.00000 39.00000 10.00000 10.00000 36.00000 47.00000 42.00000 9.00000 31.00000 18.00000 25.00000 38.00000 20.00000
0.00000 20.00000 11.00000 18.00000 21.00000 0.00000 14.00000 13.00000 15.00000 14.00000 9.00000 12.00000 27.00000 16.00000 21.00000 25.00000 14.00000 14.00000 23.00000 30.00000 28.00000 15.00000 17.00000 14.00000 10.00000 24.00000 0.00000
16.00000 15.00000 20.00000 9.00000 24.00000 16.00000 0.00000 4.00000 16.00000 12.00000 8.00000 11.00000 22.00000 9.00000 24.00000 20.00000 20.00000 21.00000 15.00000 33.00000 23.00000 19.00000 12.00000 23.00000 12.00000 19.00000 16.00000
14.00000 15.00000 19.00000 10.00000 24.00000 14.00000 5.00000 0.00000 16.00000 9.00000 6.00000 10.00000 20.00000 8.00000 24.00000 18.00000 20.00000 20.00000 16.00000 31.00000 20.00000 19.00000 10.00000 22.00000 10.00000 17.00000 14.00000
15.00000 10.00000 11.00000 14.00000 11.00000 15.00000 15.00000 15.00000 0.00000 21.00000 16.00000 7.00000 34.00000 10.00000 10.00000 31.00000 9.00000 9.00000 29.00000 41.00000 34.00000 7.00000 23.00000 18.00000 17.00000 31.00000 15.00000
15.00000 21.00000 20.00000 18.00000 27.00000 15.00000 12.00000 10.00000 19.00000 0.00000 5.00000 14.00000 21.00000 16.00000 27.00000 19.00000 23.00000 23.00000 17.00000 30.00000 22.00000 22.00000 11.00000 24.00000 9.00000 18.00000 15.00000
11.00000 17.00000 16.00000 13.00000 23.00000 11.00000 8.00000 6.00000 15.00000 6.00000 0.00000 9.00000 20.00000 11.00000 23.00000 17.00000 19.00000 19.00000 16.00000 31.00000 20.00000 18.00000 9.00000 19.00000 6.00000 17.00000 11.00000
14.00000 10.00000 13.00000 11.00000 15.00000 14.00000 11.00000 11.00000 7.00000 17.00000 13.00000 0.00000 30.00000 6.00000 15.00000 27.00000 10.00000 11.00000 24.00000 40.00000 30.00000 9.00000 19.00000 19.00000 15.00000 26.00000 14.00000
27.00000 33.00000 32.00000 26.00000 39.00000 27.00000 22.00000 20.00000 32.00000 20.00000 19.00000 26.00000 0.00000 26.00000 39.00000 9.00000 35.00000 35.00000 10.00000 18.00000 8.00000 34.00000 15.00000 36.00000 23.00000 3.00000 27.00000
16.00000 10.00000 17.00000 8.00000 18.00000 16.00000 6.00000 6.00000 10.00000 14.00000 9.00000 5.00000 25.00000 0.00000 19.00000 23.00000 14.00000 15.00000 20.00000 36.00000 26.00000 13.00000 15.00000 20.00000 13.00000 22.00000 16.00000
20.00000 17.00000 12.00000 21.00000 2.00000 20.00000 23.00000 23.00000 12.00000 29.00000 24.00000 15.00000 42.00000 18.00000 0.00000 39.00000 10.00000 10.00000 37.00000 46.00000 42.00000 8.00000 31.00000 18.00000 25.00000 39.00000 20.00000
25.00000 31.00000 30.00000 25.00000 37.00000 25.00000 20.00000 18.00000 29.00000 17.00000 16.00000 23.00000 8.00000 24.00000 37.00000 0.00000 33.00000 33.00000 14.00000 18.00000 4.00000 32.00000 13.00000 33.00000 21.00000 9.00000 25.00000
13.00000 17.00000 5.00000 21.00000 9.00000 13.00000 20.00000 20.00000 9.00000 24.00000 19.00000 12.00000 37.00000 15.00000 9.00000 35.00000 0.00000 2.00000 33.00000 40.00000 38.00000 4.00000 27.00000 11.00000 20.00000 34.00000 13.00000
13.00000 17.00000 4.00000 21.00000 10.00000 13.00000 21.00000 21.00000 10.00000 23.00000 18.00000 12.00000 37.00000 15.00000 10.00000 35.00000 2.00000 0.00000 33.00000 39.00000 37.00000 5.00000 27.00000 10.00000 19.00000 34.00000 13.00000
26.00000 28.00000 31.00000 20.00000 38.00000 26.00000 16.00000 18.00000 30.00000 18.00000 17.00000 24.00000 12.00000 23.00000 38.00000 15.00000 34.00000 34.00000 0.00000 25.00000 16.00000 33.00000 14.00000 34.00000 22.00000 9.00000 26.00000
30.00000 45.00000 37.00000 39.00000 47.00000 30.00000 34.00000 32.00000 41.00000 31.00000 30.00000 37.00000 16.00000 38.00000 47.00000 19.00000 40.00000 40.00000 25.00000 0.00000 21.00000 41.00000 27.00000 37.00000 34.00000 18.00000 30.00000
28.00000 34.00000 33.00000 28.00000 40.00000 28.00000 23.00000 21.00000 32.00000 20.00000 19.00000 26.00000 7.00000 27.00000 40.00000 5.00000 36.00000 36.00000 15.00000 20.00000 0.00000 35.00000 16.00000 36.00000 24.00000 9.00000 28.00000
14.00000 15.00000 6.00000 19.00000 8.00000 14.00000 18.00000 18.00000 7.00000 24.00000 19.00000 10.00000 36.00000 13.00000 8.00000 34.00000 4.00000 4.00000 31.00000 40.00000 37.00000 0.00000 26.00000 13.00000 20.00000 33.00000 14.00000
18.00000 24.00000 23.00000 19.00000 30.00000 18.00000 13.00000 11.00000 22.00000 11.00000 10.00000 17.00000 17.00000 17.00000 30.00000 14.00000 26.00000 26.00000 13.00000 28.00000 17.00000 25.00000 0.00000 27.00000 14.00000 14.00000 18.00000
14.00000 25.00000 8.00000 25.00000 17.00000 14.00000 24.00000 22.00000 17.00000 24.00000 19.00000 18.00000 38.00000 22.00000 18.00000 36.00000 11.00000 10.00000 34.00000 37.00000 39.00000 13.00000 28.00000 0.00000 21.00000 35.00000 14.00000
11.00000 21.00000 17.00000 18.00000 25.00000 11.00000 12.00000 10.00000 18.00000 9.00000 6.00000 13.00000 25.00000 16.00000 25.00000 23.00000 21.00000 20.00000 21.00000 33.00000 26.00000 20.00000 15.00000 21.00000 0.00000 22.00000 11.00000
27.00000 33.00000 32.00000 26.00000 39.00000 27.00000 22.00000 20.00000 31.00000 19.00000 18.00000 25.00000 4.00000 26.00000 39.00000 9.00000 35.00000 35.00000 10.00000 17.00000 8.00000 34.00000 15.00000 35.00000 23.00000 0.00000 27.00000
0.00000 20.00000 11.00000 18.00000 21.00000 0.00000 14.00000 13.00000 15.00000 14.00000 9.00000 12.00000 27.00000 16.00000 21.00000 25.00000 14.00000 14.00000 23.00000 30.00000 28.00000 15.00000 17.00000 14.00000 10.00000 24.00000 0.00000
p
0.0 0.0 0.0 0.0 0.0 0.0 
0.0 0.0 0.0 0.0 0.0 0.0 
0.0 0.0 0.0 0.0 0.0 0.0 
0.0 0.0 0.0 0.0 0.0 0.0 
0.0 0.0 0.0 0.0 0.0 0.0 
0 0 0 0 0 26 
0 0 0 0 0 26 
0 0 0 0 0 26 
0 0 0 0 0 26 
0 0 0 0 0 26 
0 51 0 0 0 0 
0 51 0 0 0 0 
0 51 0 0 0 0 
0 51 0 0 0 0 
0 51 0 0 0 0 
0 0 0 0 24 0 
0 0 0 0 24 0 
0 0 0 0 24 0 
0 0 0 0 24 0 
0 0 0 0 24 0 
0 0 0 0 0 15 
0 0 0 0 0 15 
0 0 0 0 0 15 
0 0 0 0 0 15 
0 0 0 0 0 15 
0 51 0 0 0 0 
0 51 0 0 0 0 
0 51 0 0 0 0 
0 51 0 0 0 0 
0 51 0 0 0 0 
0 0 51 0 0 35 
0 0 51 0 0 35 
0 0 51 0 0 35 
0 0 51 0 0 35 
0 0 51 0 0 35 
0 0 32 0 32 0 
0 0 32 0 32 0 
0 0 32 0 32 0 
0 0 32 0 32 0 
0 0 32 0 32 0 
0 0 19 0 0 0 
0 0 19 0 0 0 
0 0 19 0 0 0 
0 0 19 0 0 0 
0 0 19 0 0 0 
0 0 0 20 0 0 
0 0 0 20 0 0 
0 0 0 20 0 0 
0 0 0 20 0 0 
0 0 0 20 0 0 
0 0 58 0 0 0 
0 0 58 0 0 0 
0 0 58 0 0 0 
0 0 58 0 0 0 
0 0 58 0 0 0 
42 0 0 0 0 0 
42 0 0 0 0 0 
42 0 0 0 0 0 
42 0 0 0 0 0 
42 0 0 0 0 0 
0 35 0 27 0 0 
0 35 0 27 0 0 
0 35 0 27 0 0 
0 35 0 27 0 0 
0 35 0 27 0 0 
0 0 0 0 0 32 
0 0 0 0 0 32 
0 0 0 0 0 32 
0 0 0 0 0 32 
0 0 0 0 0 32 
0 0 48 0 0 0 
0 0 48 0 0 0 
0 0 48 0 0 0 
0 0 48 0 0 0 
0 0 48 0 0 0 
0 0 0 0 0 31 
0 0 0 0 0 31 
0 0 0 0 0 31 
0 0 0 0 0 31 
0 0 0 0 0 31 
0 0 36 0 0 45 
0 0 36 0 0 45 
0 0 36 0 0 45 
0 0 36 0 0 45 
0 0 36 0 0 45 
0 33 0 0 0 0 
0 33 0 0 0 0 
0 33 0 0 0 0 
0 33 0 0 0 0 
0 33 0 0 0 0 
0 0 28 0 0 55 
0 0 28 0 0 55 
0 0 28 0 0 55 
0 0 28 0 0 55 
0 0 28 0 0 55 
0 21 0 0 0 0 
0 21 0 0 0 0 
0 21 0 0 0 0 
0 21 0 0 0 0 
0 21 0 0 0 0 
0 0 0 0 0 27 
0 0 0 0 0 27 
0 0 0 0 0 27 
0 0 0 0 0 27 
0 0 0 0 0 27 
0 24 0 0 0 41 
0 24 0 0 0 41 
0 24 0 0 0 41 
0 24 0 0 0 41 
0 24 0 0 0 41 
0 32 0 0 0 34 
0 32 0 0 0 34 
0 32 0 0 0 34 
0 32 0 0 0 34 
0 32 0 0 0 34 
0 0 25 0 0 0 
0 0 25 0 0 0 
0 0 25 0 0 0 
0 0 25 0 0 0 
0 0 25 0 0 0 
0 0 0 0 0 52 
0 0 0 0 0 52 
0 0 0 0 0 52 
0 0 0 0 0 52 
0 0 0 0 0 52 
0 0 24 0 48 0 
0 0 24 0 48 0 
0 0 24 0 48 0 
0 0 24 0 48 0 
0 0 24 0 48 0 
0.0 0.0 0.0 0.0 0.0 0.0 
0.0 0.0 0.0 0.0 0.0 0.0 
0.0 0.0 0.0 0.0 0.0 0.0 
0.0 0.0 0.0 0.0 0.0 0.0 
0.0 0.0 0.0 0.0 0.0 0.0 
mind
0 0 0 0 0 0 0 12 0 0 0 0 0 0 0 0 20 0 15 0 0 0 0 0 0 11 0
maxd
0 0 0 0 0 0 0 22 0 0 0 0 0 0 0 0 27 0 27 0 0 0 0 0 0 26 0
e
0 535 795 670 493 737 958 778 857 583 760 883 939 564 879 871 562 549 804 638 807 823 610 859 815 757 0
l
99999 655 915 790 613 857 1078 898 977 703 880 1003 1059 684 999 991 682 669 924 758 927 943 730 979 935 877 99999
