nbNodes
27
nbVehi
5
nbServi
6
r
1 1 1 1 1 1 
0 0 0 1 0 0 
0 0 1 0 1 0 
0 0 0 0 0 1 
0 0 0 0 0 1 
0 0 0 0 1 0 
1 0 0 0 0 0 
0 0 0 0 1 0 
1 0 0 1 0 0 
0 1 0 0 0 0 
0 0 0 0 0 1 
0 0 0 0 1 0 
0 0 0 1 0 0 
1 0 0 0 0 0 
1 0 0 1 0 0 
1 0 0 0 0 0 
0 1 0 1 0 0 
0 0 0 0 0 1 
0 1 0 0 0 1 
1 0 0 0 0 0 
1 0 0 0 0 1 
1 0 0 0 1 0 
0 1 0 0 1 0 
0 1 0 0 0 0 
0 0 0 0 1 0 
1 0 0 0 0 0 
1 1 1 1 1 1 
DS
3 9 15 17 19 21 22 23 
a
1 1 1 0 0 0 
1 1 1 0 0 0 
0 0 0 1 1 1 
0 0 0 1 1 1 
0 0 0 0 1 1 
x
-30.0026 -30.0392 -29.9874 -29.9896 -30.0026 -30.0209 -30.1534 -30.0499 -29.9929 -30.0448 -30.0417 -30.1543 -30.0742 -30.1474 -30.1881 -30.0579 -29.9796 -30.1216 -30.0738 -30.0653 -30.0359 -30.0514 -30.0041 -30.0174 -30.0242 -30.0054 -30.0026
y
-51.1651 -51.1911 -51.131 -51.1325 -51.1651 -51.1504 -51.1415 -51.2133 -51.0982 -51.166 -51.1663 -51.2023 -51.21 -51.2003 -51.2173 -51.1421 -51.1316 -51.2152 -51.1898 -51.187 -51.1539 -51.188 -51.1675 -51.1133 -51.1389 -51.1011 -51.1651
d
0.00000 12.00000 8.00000 8.00000 0.00000 8.00000 43.00000 15.00000 13.00000 11.00000 10.00000 36.00000 20.00000 37.00000 43.00000 16.00000 10.00000 30.00000 19.00000 17.00000 9.00000 14.00000 3.00000 11.00000 10.00000 14.00000 0.00000
11.00000 0.00000 17.00000 17.00000 11.00000 10.00000 35.00000 7.00000 22.00000 7.00000 6.00000 27.00000 12.00000 28.00000 34.00000 13.00000 19.00000 22.00000 11.00000 8.00000 9.00000 5.00000 11.00000 16.00000 12.00000 21.00000 11.00000
10.00000 17.00000 0.00000 1.00000 10.00000 11.00000 46.00000 20.00000 9.00000 16.00000 16.00000 41.00000 25.00000 42.00000 48.00000 19.00000 3.00000 35.00000 24.00000 22.00000 14.00000 20.00000 10.00000 10.00000 11.00000 11.00000 10.00000
9.00000 17.00000 1.00000 0.00000 9.00000 11.00000 46.00000 20.00000 9.00000 16.00000 16.00000 41.00000 25.00000 42.00000 48.00000 19.00000 4.00000 35.00000 24.00000 22.00000 14.00000 20.00000 9.00000 9.00000 11.00000 11.00000 9.00000
0.00000 12.00000 8.00000 8.00000 0.00000 8.00000 43.00000 15.00000 13.00000 11.00000 10.00000 36.00000 20.00000 37.00000 43.00000 16.00000 10.00000 30.00000 19.00000 17.00000 9.00000 14.00000 3.00000 11.00000 10.00000 14.00000 0.00000
7.00000 10.00000 9.00000 9.00000 7.00000 0.00000 38.00000 15.00000 14.00000 8.00000 8.00000 33.00000 19.00000 34.00000 41.00000 10.00000 11.00000 28.00000 17.00000 14.00000 4.00000 12.00000 7.00000 9.00000 5.00000 14.00000 7.00000
41.00000 35.00000 45.00000 45.00000 41.00000 37.00000 0.00000 31.00000 42.00000 34.00000 34.00000 14.00000 26.00000 14.00000 20.00000 30.00000 47.00000 18.00000 27.00000 28.00000 35.00000 32.00000 41.00000 39.00000 37.00000 41.00000 41.00000
15.00000 7.00000 21.00000 21.00000 15.00000 16.00000 30.00000 0.00000 26.00000 11.00000 11.00000 22.00000 6.00000 23.00000 29.00000 13.00000 23.00000 16.00000 7.00000 5.00000 13.00000 7.00000 15.00000 21.00000 17.00000 25.00000 15.00000
14.00000 22.00000 9.00000 9.00000 14.00000 15.00000 43.00000 24.00000 0.00000 19.00000 19.00000 44.00000 30.00000 45.00000 51.00000 18.00000 11.00000 38.00000 27.00000 25.00000 17.00000 23.00000 14.00000 9.00000 15.00000 4.00000 14.00000
12.00000 7.00000 16.00000 16.00000 12.00000 8.00000 34.00000 12.00000 18.00000 0.00000 3.00000 27.00000 13.00000 28.00000 35.00000 9.00000 18.00000 22.00000 11.00000 8.00000 5.00000 7.00000 12.00000 13.00000 9.00000 17.00000 12.00000
12.00000 6.00000 15.00000 15.00000 12.00000 7.00000 35.00000 12.00000 18.00000 1.00000 0.00000 28.00000 13.00000 28.00000 35.00000 9.00000 17.00000 22.00000 11.00000 8.00000 5.00000 7.00000 12.00000 12.00000 9.00000 16.00000 12.00000
34.00000 28.00000 41.00000 40.00000 34.00000 32.00000 14.00000 24.00000 43.00000 28.00000 27.00000 0.00000 19.00000 4.00000 15.00000 30.00000 42.00000 10.00000 20.00000 21.00000 30.00000 25.00000 34.00000 37.00000 34.00000 41.00000 34.00000
20.00000 12.00000 26.00000 26.00000 20.00000 19.00000 26.00000 8.00000 29.00000 14.00000 13.00000 18.00000 0.00000 19.00000 26.00000 16.00000 28.00000 13.00000 7.00000 8.00000 16.00000 11.00000 20.00000 24.00000 20.00000 28.00000 20.00000
33.00000 26.00000 39.00000 39.00000 33.00000 31.00000 16.00000 23.00000 42.00000 26.00000 26.00000 4.00000 18.00000 0.00000 14.00000 28.00000 41.00000 9.00000 19.00000 20.00000 28.00000 24.00000 33.00000 36.00000 32.00000 40.00000 33.00000
41.00000 35.00000 48.00000 48.00000 41.00000 40.00000 21.00000 32.00000 50.00000 35.00000 34.00000 15.00000 27.00000 16.00000 0.00000 37.00000 49.00000 18.00000 27.00000 29.00000 37.00000 32.00000 42.00000 44.00000 41.00000 49.00000 41.00000
16.00000 12.00000 19.00000 19.00000 16.00000 11.00000 31.00000 13.00000 18.00000 9.00000 9.00000 29.00000 15.00000 30.00000 36.00000 0.00000 20.00000 24.00000 13.00000 10.00000 8.00000 10.00000 16.00000 12.00000 10.00000 17.00000 16.00000
12.00000 19.00000 3.00000 4.00000 12.00000 13.00000 48.00000 22.00000 11.00000 18.00000 17.00000 43.00000 27.00000 44.00000 50.00000 20.00000 0.00000 37.00000 26.00000 23.00000 16.00000 21.00000 11.00000 11.00000 12.00000 12.00000 12.00000
27.00000 21.00000 34.00000 33.00000 27.00000 26.00000 18.00000 18.00000 36.00000 21.00000 20.00000 10.00000 13.00000 11.00000 18.00000 23.00000 35.00000 0.00000 13.00000 14.00000 23.00000 18.00000 27.00000 30.00000 27.00000 35.00000 27.00000
16.00000 10.00000 23.00000 22.00000 16.00000 15.00000 27.00000 9.00000 25.00000 10.00000 9.00000 20.00000 6.00000 21.00000 27.00000 12.00000 24.00000 15.00000 0.00000 3.00000 12.00000 7.00000 16.00000 19.00000 16.00000 24.00000 16.00000
17.00000 9.00000 23.00000 23.00000 17.00000 15.00000 29.00000 8.00000 26.00000 10.00000 10.00000 21.00000 6.00000 22.00000 28.00000 11.00000 25.00000 15.00000 4.00000 0.00000 12.00000 6.00000 17.00000 20.00000 16.00000 24.00000 17.00000
9.00000 8.00000 12.00000 12.00000 9.00000 4.00000 35.00000 13.00000 17.00000 6.00000 5.00000 31.00000 16.00000 32.00000 38.00000 8.00000 14.00000 25.00000 14.00000 11.00000 0.00000 9.00000 9.00000 11.00000 6.00000 15.00000 9.00000
15.00000 5.00000 21.00000 21.00000 15.00000 13.00000 32.00000 6.00000 23.00000 8.00000 7.00000 24.00000 10.00000 25.00000 32.00000 11.00000 22.00000 19.00000 8.00000 5.00000 10.00000 0.00000 15.00000 17.00000 14.00000 22.00000 15.00000
1.00000 11.00000 9.00000 9.00000 1.00000 8.00000 42.00000 14.00000 14.00000 9.00000 9.00000 35.00000 19.00000 35.00000 42.00000 14.00000 11.00000 29.00000 18.00000 15.00000 8.00000 13.00000 0.00000 11.00000 10.00000 14.00000 1.00000
12.00000 16.00000 9.00000 9.00000 12.00000 11.00000 40.00000 21.00000 8.00000 13.00000 13.00000 38.00000 24.00000 39.00000 45.00000 12.00000 11.00000 32.00000 21.00000 19.00000 11.00000 17.00000 12.00000 0.00000 9.00000 6.00000 12.00000
11.00000 13.00000 10.00000 10.00000 11.00000 5.00000 38.00000 18.00000 14.00000 10.00000 10.00000 35.00000 21.00000 36.00000 43.00000 11.00000 12.00000 30.00000 19.00000 16.00000 6.00000 14.00000 11.00000 8.00000 0.00000 13.00000 11.00000
15.00000 20.00000 11.00000 11.00000 15.00000 15.00000 42.00000 25.00000 4.00000 17.00000 17.00000 42.00000 28.00000 43.00000 50.00000 17.00000 13.00000 37.00000 26.00000 23.00000 15.00000 21.00000 15.00000 6.00000 14.00000 0.00000 15.00000
0.00000 12.00000 8.00000 8.00000 0.00000 8.00000 43.00000 15.00000 13.00000 11.00000 10.00000 36.00000 20.00000 37.00000 43.00000 16.00000 10.00000 30.00000 19.00000 17.00000 9.00000 14.00000 3.00000 11.00000 10.00000 14.00000 0.00000
p
0.0 0.0 0.0 0.0 0.0 0.0 
0.0 0.0 0.0 0.0 0.0 0.0 
0.0 0.0 0.0 0.0 0.0 0.0 
0.0 0.0 0.0 0.0 0.0 0.0 
0.0 0.0 0.0 0.0 0.0 0.0 
0 0 0 58 0 0 
0 0 0 58 0 0 
0 0 0 58 0 0 
0 0 0 58 0 0 
0 0 0 58 0 0 
0 0 54 0 59 0 
0 0 54 0 59 0 
0 0 54 0 59 0 
0 0 54 0 59 0 
0 0 54 0 59 0 
0 0 0 0 0 21 
0 0 0 0 0 21 
0 0 0 0 0 21 
0 0 0 0 0 21 
0 0 0 0 0 21 
0 0 0 0 0 42 
0 0 0 0 0 42 
0 0 0 0 0 42 
0 0 0 0 0 42 
0 0 0 0 0 42 
0 0 0 0 17 0 
0 0 0 0 17 0 
0 0 0 0 17 0 
0 0 0 0 17 0 
0 0 0 0 17 0 
47 0 0 0 0 0 
47 0 0 0 0 0 
47 0 0 0 0 0 
47 0 0 0 0 0 
47 0 0 0 0 0 
0 0 0 0 48 0 
0 0 0 0 48 0 
0 0 0 0 48 0 
0 0 0 0 48 0 
0 0 0 0 48 0 
53 0 0 46 0 0 
53 0 0 46 0 0 
53 0 0 46 0 0 
53 0 0 46 0 0 
53 0 0 46 0 0 
0 55 0 0 0 0 
0 55 0 0 0 0 
0 55 0 0 0 0 
0 55 0 0 0 0 
0 55 0 0 0 0 
0 0 0 0 0 23 
0 0 0 0 0 23 
0 0 0 0 0 23 
0 0 0 0 0 23 
0 0 0 0 0 23 
0 0 0 0 35 0 
0 0 0 0 35 0 
0 0 0 0 35 0 
0 0 0 0 35 0 
0 0 0 0 35 0 
0 0 0 41 0 0 
0 0 0 41 0 0 
0 0 0 41 0 0 
0 0 0 41 0 0 
0 0 0 41 0 0 
24 0 0 0 0 0 
24 0 0 0 0 0 
24 0 0 0 0 0 
24 0 0 0 0 0 
24 0 0 0 0 0 
37 0 0 58 0 0 
37 0 0 58 0 0 
37 0 0 58 0 0 
37 0 0 58 0 0 
37 0 0 58 0 0 
20 0 0 0 0 0 
20 0 0 0 0 0 
20 0 0 0 0 0 
20 0 0 0 0 0 
20 0 0 0 0 0 
0 51 0 56 0 0 
0 51 0 56 0 0 
0 51 0 56 0 0 
0 51 0 56 0 0 
0 51 0 56 0 0 
0 0 0 0 0 31 
0 0 0 0 0 31 
0 0 0 0 0 31 
0 0 0 0 0 31 
0 0 0 0 0 31 
0 32 0 0 0 52 
0 32 0 0 0 52 
0 32 0 0 0 52 
0 32 0 0 0 52 
0 32 0 0 0 52 
52 0 0 0 0 0 
52 0 0 0 0 0 
52 0 0 0 0 0 
52 0 0 0 0 0 
52 0 0 0 0 0 
42 0 0 0 0 56 
42 0 0 0 0 56 
42 0 0 0 0 56 
42 0 0 0 0 56 
42 0 0 0 0 56 
46 0 0 0 44 0 
46 0 0 0 44 0 
46 0 0 0 44 0 
46 0 0 0 44 0 
46 0 0 0 44 0 
0 49 0 0 32 0 
0 49 0 0 32 0 
0 49 0 0 32 0 
0 49 0 0 32 0 
0 49 0 0 32 0 
0 37 0 0 0 0 
0 37 0 0 0 0 
0 37 0 0 0 0 
0 37 0 0 0 0 
0 37 0 0 0 0 
0 0 0 0 33 0 
0 0 0 0 33 0 
0 0 0 0 33 0 
0 0 0 0 33 0 
0 0 0 0 33 0 
59 0 0 0 0 0 
59 0 0 0 0 0 
59 0 0 0 0 0 
59 0 0 0 0 0 
59 0 0 0 0 0 
0.0 0.0 0.0 0.0 0.0 0.0 
0.0 0.0 0.0 0.0 0.0 0.0 
0.0 0.0 0.0 0.0 0.0 0.0 
0.0 0.0 0.0 0.0 0.0 0.0 
0.0 0.0 0.0 0.0 0.0 0.0 
mind
0 0 0 0 0 0 0 0 17 0 0 0 0 0 0 0 0 0 20 0 15 0 12 0 0 0 0
maxd
0 0 0 0 0 0 0 0 20 0 0 0 0 0 0 0 0 0 24 0 19 0 16 0 0 0 0
e
0 915 490 918 645 770 919 826 759 770 661 728 704 653 653 675 564 624 937 668 634 896 677 631 647 640 0
l
99999 1035 610 1038 765 890 1039 946 879 890 781 848 824 773 773 795 684 744 1057 788 754 1016 797 751 767 760 99999
