nbNodes
27
nbVehi
5
nbServi
6
r
1 1 1 1 1 1 
0 0 1 0 0 1 
0 0 1 0 0 0 
0 0 0 0 1 0 
1 0 0 0 0 1 
0 0 0 0 0 1 
0 0 1 1 0 0 
0 0 0 0 0 1 
0 1 0 0 0 0 
0 0 1 1 0 0 
1 0 0 0 0 0 
1 0 0 1 0 0 
0 1 0 0 0 0 
1 0 0 0 1 0 
1 0 0 0 1 0 
0 0 0 0 1 0 
0 0 1 0 1 0 
0 1 0 0 0 0 
0 0 0 0 1 0 
0 0 0 1 0 0 
0 1 0 0 0 0 
1 0 0 0 0 0 
0 0 0 1 0 0 
0 0 1 0 0 0 
0 1 0 0 0 0 
0 0 0 1 0 0 
1 1 1 1 1 1 
DS
2 5 7 10 12 14 15 17 
a
1 0 1 0 0 0 
1 1 1 0 0 0 
0 0 0 0 1 0 
0 0 0 1 0 1 
0 0 0 1 0 0 
x
-30.1293 -30.1569 -30.0586 -30.0218 -30.0272 -30.0389 -30.0942 -30.0479 -30.0257 -30.0621 -30.146 -30.2421 -30.1191 -30.0501 -30.1544 -30.1659 -30.1536 -30.0326 -30.0592 -30.1579 -30.1568 -30.1111 -30.0508 -30.1105 -30.1293 -30.0231 -30.1293
y
-51.1405 -51.1361 -51.1578 -51.1884 -51.1894 -51.1651 -51.1246 -51.1594 -51.1135 -51.1453 -51.1248 -51.0814 -51.1079 -51.2051 -51.1351 -51.144 -51.1386 -51.2045 -51.144 -51.1375 -51.1373 -51.104 -51.163 -51.1028 -51.1405 -51.1842 -51.1405
d
0.00000 10.00000 22.00000 31.00000 32.00000 27.00000 14.00000 23.00000 30.00000 22.00000 7.00000 30.00000 12.00000 28.00000 9.00000 14.00000 9.00000 31.00000 22.00000 10.00000 10.00000 15.00000 23.00000 15.00000 0.00000 32.00000 0.00000
10.00000 0.00000 30.00000 39.00000 37.00000 35.00000 21.00000 31.00000 38.00000 30.00000 6.00000 23.00000 15.00000 32.00000 2.00000 5.00000 3.00000 35.00000 30.00000 1.00000 1.00000 17.00000 31.00000 18.00000 10.00000 39.00000 10.00000
22.00000 30.00000 0.00000 12.00000 13.00000 9.00000 11.00000 4.00000 14.00000 6.00000 27.00000 46.00000 16.00000 9.00000 29.00000 33.00000 29.00000 12.00000 6.00000 30.00000 30.00000 16.00000 4.00000 17.00000 22.00000 13.00000 22.00000
31.00000 39.00000 11.00000 0.00000 4.00000 9.00000 20.00000 11.00000 16.00000 15.00000 36.00000 52.00000 26.00000 9.00000 38.00000 37.00000 38.00000 5.00000 15.00000 39.00000 39.00000 26.00000 11.00000 26.00000 31.00000 2.00000 31.00000
30.00000 38.00000 10.00000 3.00000 0.00000 8.00000 19.00000 10.00000 16.00000 14.00000 35.00000 51.00000 24.00000 8.00000 37.00000 36.00000 37.00000 5.00000 14.00000 38.00000 37.00000 25.00000 10.00000 25.00000 30.00000 2.00000 30.00000
28.00000 36.00000 9.00000 9.00000 10.00000 0.00000 17.00000 6.00000 12.00000 12.00000 34.00000 53.00000 23.00000 11.00000 35.00000 37.00000 36.00000 10.00000 11.00000 37.00000 37.00000 23.00000 6.00000 23.00000 28.00000 9.00000 28.00000
14.00000 21.00000 10.00000 20.00000 21.00000 16.00000 0.00000 11.00000 19.00000 11.00000 18.00000 38.00000 7.00000 17.00000 20.00000 25.00000 20.00000 19.00000 11.00000 21.00000 21.00000 8.00000 12.00000 8.00000 14.00000 20.00000 14.00000
23.00000 31.00000 3.00000 11.00000 12.00000 6.00000 12.00000 0.00000 11.00000 7.00000 28.00000 48.00000 17.00000 10.00000 30.00000 35.00000 30.00000 11.00000 7.00000 31.00000 31.00000 17.00000 3.00000 18.00000 23.00000 12.00000 23.00000
30.00000 38.00000 13.00000 16.00000 17.00000 11.00000 19.00000 11.00000 0.00000 13.00000 35.00000 52.00000 24.00000 19.00000 37.00000 41.00000 37.00000 18.00000 12.00000 38.00000 38.00000 24.00000 13.00000 25.00000 30.00000 16.00000 30.00000
23.00000 31.00000 6.00000 15.00000 16.00000 11.00000 12.00000 7.00000 13.00000 0.00000 28.00000 47.00000 17.00000 13.00000 30.00000 34.00000 30.00000 14.00000 5.00000 31.00000 31.00000 17.00000 7.00000 18.00000 23.00000 15.00000 23.00000
7.00000 6.00000 27.00000 36.00000 37.00000 32.00000 18.00000 28.00000 35.00000 27.00000 0.00000 27.00000 12.00000 33.00000 6.00000 10.00000 6.00000 36.00000 27.00000 7.00000 7.00000 14.00000 28.00000 15.00000 7.00000 37.00000 7.00000
30.00000 22.00000 46.00000 52.00000 50.00000 50.00000 37.00000 47.00000 53.00000 46.00000 26.00000 0.00000 31.00000 45.00000 22.00000 18.00000 22.00000 48.00000 46.00000 22.00000 22.00000 33.00000 47.00000 34.00000 30.00000 52.00000 30.00000
13.00000 16.00000 16.00000 25.00000 26.00000 21.00000 7.00000 17.00000 24.00000 16.00000 13.00000 32.00000 0.00000 22.00000 15.00000 19.00000 15.00000 25.00000 16.00000 16.00000 16.00000 3.00000 17.00000 4.00000 13.00000 26.00000 13.00000
27.00000 32.00000 10.00000 9.00000 7.00000 11.00000 18.00000 10.00000 19.00000 14.00000 34.00000 45.00000 23.00000 0.00000 32.00000 30.00000 31.00000 5.00000 14.00000 31.00000 31.00000 23.00000 10.00000 24.00000 27.00000 9.00000 27.00000
9.00000 2.00000 29.00000 38.00000 37.00000 34.00000 20.00000 30.00000 37.00000 29.00000 5.00000 23.00000 14.00000 32.00000 0.00000 6.00000 2.00000 35.00000 29.00000 2.00000 2.00000 16.00000 30.00000 17.00000 9.00000 39.00000 9.00000
14.00000 5.00000 32.00000 37.00000 35.00000 34.00000 25.00000 33.00000 42.00000 34.00000 10.00000 18.00000 19.00000 30.00000 6.00000 0.00000 6.00000 33.00000 34.00000 5.00000 5.00000 21.00000 32.00000 22.00000 14.00000 37.00000 14.00000
10.00000 2.00000 29.00000 38.00000 36.00000 35.00000 21.00000 31.00000 38.00000 30.00000 6.00000 22.00000 15.00000 31.00000 2.00000 6.00000 0.00000 34.00000 30.00000 2.00000 2.00000 17.00000 31.00000 18.00000 10.00000 38.00000 10.00000
31.00000 35.00000 11.00000 7.00000 5.00000 11.00000 20.00000 12.00000 19.00000 15.00000 36.00000 49.00000 25.00000 5.00000 35.00000 34.00000 35.00000 0.00000 15.00000 35.00000 35.00000 25.00000 11.00000 26.00000 31.00000 7.00000 31.00000
22.00000 30.00000 6.00000 14.00000 15.00000 10.00000 11.00000 6.00000 12.00000 5.00000 28.00000 47.00000 17.00000 12.00000 30.00000 34.00000 30.00000 14.00000 0.00000 31.00000 31.00000 17.00000 6.00000 18.00000 22.00000 15.00000 22.00000
11.00000 1.00000 30.00000 39.00000 37.00000 36.00000 21.00000 31.00000 38.00000 31.00000 7.00000 22.00000 16.00000 32.00000 2.00000 5.00000 3.00000 35.00000 31.00000 0.00000 1.00000 18.00000 31.00000 19.00000 11.00000 39.00000 11.00000
10.00000 1.00000 30.00000 38.00000 37.00000 35.00000 21.00000 31.00000 38.00000 30.00000 6.00000 22.00000 15.00000 32.00000 2.00000 5.00000 2.00000 35.00000 30.00000 1.00000 0.00000 17.00000 31.00000 18.00000 10.00000 39.00000 10.00000
15.00000 18.00000 16.00000 25.00000 26.00000 22.00000 7.00000 17.00000 24.00000 17.00000 15.00000 34.00000 4.00000 23.00000 17.00000 21.00000 17.00000 25.00000 16.00000 18.00000 18.00000 0.00000 17.00000 1.00000 15.00000 26.00000 15.00000
23.00000 31.00000 4.00000 10.00000 11.00000 6.00000 12.00000 3.00000 13.00000 8.00000 29.00000 48.00000 18.00000 9.00000 30.00000 34.00000 31.00000 11.00000 8.00000 32.00000 32.00000 18.00000 0.00000 18.00000 23.00000 11.00000 23.00000
15.00000 18.00000 17.00000 26.00000 27.00000 22.00000 8.00000 18.00000 25.00000 17.00000 16.00000 35.00000 5.00000 23.00000 18.00000 22.00000 18.00000 26.00000 17.00000 19.00000 19.00000 1.00000 18.00000 0.00000 15.00000 27.00000 15.00000
0.00000 10.00000 22.00000 31.00000 32.00000 27.00000 14.00000 23.00000 30.00000 22.00000 7.00000 30.00000 12.00000 28.00000 9.00000 14.00000 9.00000 31.00000 22.00000 10.00000 10.00000 15.00000 23.00000 15.00000 0.00000 32.00000 0.00000
30.00000 37.00000 10.00000 2.00000 4.00000 7.00000 19.00000 9.00000 15.00000 14.00000 35.00000 51.00000 24.00000 8.00000 37.00000 36.00000 37.00000 6.00000 14.00000 37.00000 37.00000 24.00000 9.00000 25.00000 30.00000 0.00000 30.00000
0.00000 10.00000 22.00000 31.00000 32.00000 27.00000 14.00000 23.00000 30.00000 22.00000 7.00000 30.00000 12.00000 28.00000 9.00000 14.00000 9.00000 31.00000 22.00000 10.00000 10.00000 15.00000 23.00000 15.00000 0.00000 32.00000 0.00000
p
0.0 0.0 0.0 0.0 0.0 0.0 
0.0 0.0 0.0 0.0 0.0 0.0 
0.0 0.0 0.0 0.0 0.0 0.0 
0.0 0.0 0.0 0.0 0.0 0.0 
0.0 0.0 0.0 0.0 0.0 0.0 
0 0 45 0 0 57 
0 0 45 0 0 57 
0 0 45 0 0 57 
0 0 45 0 0 57 
0 0 45 0 0 57 
0 0 37 0 0 0 
0 0 37 0 0 0 
0 0 37 0 0 0 
0 0 37 0 0 0 
0 0 37 0 0 0 
0 0 0 0 49 0 
0 0 0 0 49 0 
0 0 0 0 49 0 
0 0 0 0 49 0 
0 0 0 0 49 0 
49 0 0 0 0 51 
49 0 0 0 0 51 
49 0 0 0 0 51 
49 0 0 0 0 51 
49 0 0 0 0 51 
0 0 0 0 0 30 
0 0 0 0 0 30 
0 0 0 0 0 30 
0 0 0 0 0 30 
0 0 0 0 0 30 
0 0 51 44 0 0 
0 0 51 44 0 0 
0 0 51 44 0 0 
0 0 51 44 0 0 
0 0 51 44 0 0 
0 0 0 0 0 59 
0 0 0 0 0 59 
0 0 0 0 0 59 
0 0 0 0 0 59 
0 0 0 0 0 59 
0 27 0 0 0 0 
0 27 0 0 0 0 
0 27 0 0 0 0 
0 27 0 0 0 0 
0 27 0 0 0 0 
0 0 29 48 0 0 
0 0 29 48 0 0 
0 0 29 48 0 0 
0 0 29 48 0 0 
0 0 29 48 0 0 
24 0 0 0 0 0 
24 0 0 0 0 0 
24 0 0 0 0 0 
24 0 0 0 0 0 
24 0 0 0 0 0 
49 0 0 38 0 0 
49 0 0 38 0 0 
49 0 0 38 0 0 
49 0 0 38 0 0 
49 0 0 38 0 0 
0 45 0 0 0 0 
0 45 0 0 0 0 
0 45 0 0 0 0 
0 45 0 0 0 0 
0 45 0 0 0 0 
32 0 0 0 37 0 
32 0 0 0 37 0 
32 0 0 0 37 0 
32 0 0 0 37 0 
32 0 0 0 37 0 
33 0 0 0 43 0 
33 0 0 0 43 0 
33 0 0 0 43 0 
33 0 0 0 43 0 
33 0 0 0 43 0 
0 0 0 0 53 0 
0 0 0 0 53 0 
0 0 0 0 53 0 
0 0 0 0 53 0 
0 0 0 0 53 0 
0 0 21 0 60 0 
0 0 21 0 60 0 
0 0 21 0 60 0 
0 0 21 0 60 0 
0 0 21 0 60 0 
0 51 0 0 0 0 
0 51 0 0 0 0 
0 51 0 0 0 0 
0 51 0 0 0 0 
0 51 0 0 0 0 
0 0 0 0 52 0 
0 0 0 0 52 0 
0 0 0 0 52 0 
0 0 0 0 52 0 
0 0 0 0 52 0 
0 0 0 45 0 0 
0 0 0 45 0 0 
0 0 0 45 0 0 
0 0 0 45 0 0 
0 0 0 45 0 0 
0 43 0 0 0 0 
0 43 0 0 0 0 
0 43 0 0 0 0 
0 43 0 0 0 0 
0 43 0 0 0 0 
20 0 0 0 0 0 
20 0 0 0 0 0 
20 0 0 0 0 0 
20 0 0 0 0 0 
20 0 0 0 0 0 
0 0 0 42 0 0 
0 0 0 42 0 0 
0 0 0 42 0 0 
0 0 0 42 0 0 
0 0 0 42 0 0 
0 0 57 0 0 0 
0 0 57 0 0 0 
0 0 57 0 0 0 
0 0 57 0 0 0 
0 0 57 0 0 0 
0 25 0 0 0 0 
0 25 0 0 0 0 
0 25 0 0 0 0 
0 25 0 0 0 0 
0 25 0 0 0 0 
0 0 0 38 0 0 
0 0 0 38 0 0 
0 0 0 38 0 0 
0 0 0 38 0 0 
0 0 0 38 0 0 
0.0 0.0 0.0 0.0 0.0 0.0 
0.0 0.0 0.0 0.0 0.0 0.0 
0.0 0.0 0.0 0.0 0.0 0.0 
0.0 0.0 0.0 0.0 0.0 0.0 
0.0 0.0 0.0 0.0 0.0 0.0 
mind
0 0 0 0 0 0 14 0 0 24 0 11 0 0 0 0 17 0 0 0 0 0 0 0 0 0 0
maxd
0 0 0 0 0 0 21 0 0 26 0 17 0 0 0 0 27 0 0 0 0 0 0 0 0 0 0
e
0 900 897 771 904 514 937 929 620 570 692 742 596 848 484 956 511 628 878 672 934 935 770 877 949 533 0
l
99999 1020 1017 891 1024 634 1057 1049 740 690 812 862 716 968 604 1076 631 748 998 792 1054 1055 890 997 1069 653 99999
