nbNodes
27
nbVehi
5
nbServi
6
r
1 1 1 1 1 1 
1 0 0 1 0 0 
0 1 0 0 0 1 
0 0 0 1 0 0 
0 0 0 1 0 0 
1 0 0 0 1 0 
0 1 0 1 0 0 
1 0 0 0 0 0 
0 0 1 0 0 0 
1 0 0 1 0 0 
0 1 0 0 0 0 
0 0 0 1 0 0 
0 0 0 0 1 0 
0 0 0 0 1 0 
0 0 1 0 0 0 
0 0 0 1 0 0 
0 1 0 0 0 0 
0 0 0 0 0 1 
1 0 0 0 0 0 
0 1 0 0 0 0 
0 1 0 0 1 0 
0 1 0 0 1 0 
0 0 0 0 1 0 
1 0 0 0 1 0 
0 0 0 0 0 1 
1 0 0 0 0 0 
1 1 1 1 1 1 
DS
2 3 6 7 10 21 22 24 
a
0 1 0 0 0 0 
1 0 1 0 0 0 
0 0 0 1 1 1 
0 0 0 1 1 1 
0 0 0 1 1 0 
x
-30.0847 -30.0503 -30.0753 -30.0359 -30.1064 -30.1021 -30.0175 -30.0993 -30.0312 -30.0165 -30.1877 -30.1686 -29.9814 -30.0029 -29.979 -29.9945 -30.1787 -29.9876 -30.1056 -30.1155 -30.076 -30.0183 -30.1216 -30.0788 -30.0847 -29.9966 -30.0847
y
-51.1802 -51.1477 -51.1296 -51.145 -51.1305 -51.1399 -51.2136 -51.1398 -51.2158 -51.2135 -51.1646 -51.1832 -51.1361 -51.1119 -51.1356 -51.1466 -51.1894 -51.1137 -51.1405 -51.0978 -51.1803 -51.1569 -51.2594 -51.1671 -51.1802 -51.1318 -51.1802
d
0.00000 22.00000 21.00000 24.00000 17.00000 14.00000 23.00000 14.00000 20.00000 24.00000 29.00000 24.00000 35.00000 33.00000 36.00000 34.00000 28.00000 34.00000 14.00000 25.00000 15.00000 25.00000 25.00000 15.00000 0.00000 32.00000 0.00000
23.00000 0.00000 9.00000 6.00000 15.00000 13.00000 18.00000 13.00000 15.00000 19.00000 40.00000 35.00000 20.00000 15.00000 20.00000 18.00000 39.00000 16.00000 15.00000 18.00000 13.00000 10.00000 26.00000 12.00000 23.00000 16.00000 23.00000
20.00000 8.00000 0.00000 11.00000 10.00000 8.00000 21.00000 8.00000 17.00000 21.00000 36.00000 30.00000 25.00000 20.00000 26.00000 23.00000 34.00000 21.00000 10.00000 13.00000 14.00000 16.00000 27.00000 14.00000 20.00000 21.00000 20.00000
26.00000 6.00000 12.00000 0.00000 18.00000 16.00000 16.00000 16.00000 13.00000 17.00000 43.00000 38.00000 15.00000 13.00000 15.00000 13.00000 42.00000 14.00000 18.00000 21.00000 16.00000 7.00000 28.00000 15.00000 26.00000 11.00000 26.00000
17.00000 14.00000 10.00000 18.00000 0.00000 4.00000 27.00000 5.00000 24.00000 27.00000 32.00000 26.00000 31.00000 26.00000 32.00000 30.00000 31.00000 27.00000 5.00000 11.00000 20.00000 22.00000 32.00000 20.00000 17.00000 28.00000 17.00000
14.00000 13.00000 9.00000 17.00000 4.00000 0.00000 26.00000 1.00000 23.00000 27.00000 29.00000 23.00000 30.00000 25.00000 31.00000 29.00000 28.00000 26.00000 2.00000 12.00000 19.00000 21.00000 28.00000 19.00000 14.00000 27.00000 14.00000
23.00000 18.00000 22.00000 16.00000 27.00000 26.00000 0.00000 25.00000 5.00000 1.00000 41.00000 35.00000 19.00000 21.00000 20.00000 16.00000 40.00000 17.00000 27.00000 31.00000 17.00000 13.00000 23.00000 19.00000 23.00000 15.00000 23.00000
14.00000 13.00000 8.00000 16.00000 5.00000 1.00000 25.00000 0.00000 22.00000 26.00000 29.00000 23.00000 30.00000 25.00000 30.00000 28.00000 28.00000 26.00000 3.00000 13.00000 19.00000 21.00000 29.00000 19.00000 14.00000 26.00000 14.00000
20.00000 16.00000 19.00000 14.00000 25.00000 24.00000 6.00000 23.00000 0.00000 6.00000 38.00000 32.00000 21.00000 23.00000 22.00000 19.00000 36.00000 19.00000 25.00000 28.00000 15.00000 12.00000 20.00000 17.00000 20.00000 17.00000 20.00000
24.00000 18.00000 22.00000 16.00000 28.00000 26.00000 1.00000 26.00000 6.00000 0.00000 41.00000 36.00000 19.00000 21.00000 20.00000 17.00000 40.00000 17.00000 28.00000 31.00000 18.00000 13.00000 23.00000 20.00000 24.00000 16.00000 24.00000
29.00000 40.00000 36.00000 42.00000 32.00000 29.00000 41.00000 29.00000 38.00000 42.00000 0.00000 8.00000 53.00000 51.00000 54.00000 51.00000 8.00000 52.00000 29.00000 28.00000 33.00000 43.00000 24.00000 37.00000 29.00000 49.00000 29.00000
24.00000 34.00000 30.00000 36.00000 26.00000 23.00000 36.00000 23.00000 33.00000 37.00000 8.00000 0.00000 48.00000 45.00000 48.00000 46.00000 7.00000 46.00000 24.00000 27.00000 28.00000 37.00000 19.00000 32.00000 24.00000 44.00000 24.00000
37.00000 19.00000 25.00000 14.00000 31.00000 30.00000 19.00000 29.00000 21.00000 19.00000 54.00000 48.00000 0.00000 12.00000 1.00000 8.00000 53.00000 8.00000 31.00000 34.00000 28.00000 13.00000 38.00000 27.00000 37.00000 5.00000 37.00000
35.00000 15.00000 21.00000 14.00000 27.00000 25.00000 22.00000 25.00000 23.00000 23.00000 52.00000 47.00000 12.00000 0.00000 13.00000 12.00000 51.00000 6.00000 27.00000 30.00000 25.00000 15.00000 38.00000 24.00000 35.00000 9.00000 35.00000
37.00000 20.00000 26.00000 15.00000 32.00000 30.00000 20.00000 30.00000 22.00000 20.00000 55.00000 49.00000 1.00000 13.00000 0.00000 9.00000 53.00000 8.00000 32.00000 35.00000 28.00000 14.00000 39.00000 28.00000 37.00000 6.00000 37.00000
33.00000 18.00000 24.00000 14.00000 30.00000 28.00000 14.00000 28.00000 17.00000 15.00000 50.00000 44.00000 12.00000 15.00000 13.00000 0.00000 49.00000 12.00000 30.00000 33.00000 23.00000 10.00000 34.00000 23.00000 33.00000 9.00000 33.00000
28.00000 39.00000 35.00000 41.00000 31.00000 28.00000 41.00000 28.00000 37.00000 41.00000 8.00000 7.00000 52.00000 50.00000 53.00000 50.00000 0.00000 51.00000 29.00000 28.00000 33.00000 42.00000 24.00000 36.00000 28.00000 48.00000 28.00000
36.00000 15.00000 22.00000 14.00000 27.00000 26.00000 20.00000 25.00000 19.00000 20.00000 53.00000 47.00000 8.00000 6.00000 8.00000 9.00000 52.00000 0.00000 27.00000 31.00000 25.00000 13.00000 37.00000 25.00000 36.00000 5.00000 36.00000
14.00000 15.00000 10.00000 18.00000 5.00000 2.00000 27.00000 3.00000 24.00000 28.00000 30.00000 24.00000 31.00000 27.00000 32.00000 30.00000 29.00000 28.00000 0.00000 12.00000 21.00000 22.00000 29.00000 21.00000 14.00000 28.00000 14.00000
25.00000 18.00000 13.00000 21.00000 12.00000 12.00000 31.00000 13.00000 27.00000 31.00000 29.00000 27.00000 35.00000 30.00000 36.00000 33.00000 28.00000 31.00000 13.00000 0.00000 24.00000 26.00000 37.00000 24.00000 25.00000 31.00000 25.00000
15.00000 13.00000 15.00000 16.00000 20.00000 19.00000 17.00000 18.00000 14.00000 18.00000 34.00000 28.00000 27.00000 25.00000 27.00000 25.00000 33.00000 26.00000 20.00000 24.00000 0.00000 17.00000 19.00000 9.00000 15.00000 23.00000 15.00000
27.00000 11.00000 17.00000 7.00000 23.00000 21.00000 13.00000 21.00000 13.00000 14.00000 44.00000 39.00000 12.00000 14.00000 13.00000 11.00000 43.00000 12.00000 23.00000 26.00000 18.00000 0.00000 30.00000 17.00000 27.00000 9.00000 27.00000
24.00000 26.00000 28.00000 27.00000 32.00000 29.00000 24.00000 29.00000 20.00000 24.00000 25.00000 19.00000 39.00000 37.00000 39.00000 37.00000 24.00000 37.00000 29.00000 37.00000 19.00000 28.00000 0.00000 25.00000 24.00000 35.00000 24.00000
15.00000 12.00000 14.00000 16.00000 19.00000 18.00000 20.00000 17.00000 17.00000 21.00000 38.00000 32.00000 27.00000 24.00000 28.00000 25.00000 36.00000 25.00000 19.00000 23.00000 9.00000 17.00000 25.00000 0.00000 15.00000 23.00000 15.00000
0.00000 22.00000 21.00000 24.00000 17.00000 14.00000 23.00000 14.00000 20.00000 24.00000 29.00000 24.00000 35.00000 33.00000 36.00000 34.00000 28.00000 34.00000 14.00000 25.00000 15.00000 25.00000 25.00000 15.00000 0.00000 32.00000 0.00000
33.00000 15.00000 22.00000 11.00000 27.00000 26.00000 16.00000 25.00000 17.00000 16.00000 50.00000 44.00000 6.00000 10.00000 6.00000 5.00000 49.00000 7.00000 27.00000 31.00000 24.00000 9.00000 34.00000 23.00000 33.00000 0.00000 33.00000
0.00000 22.00000 21.00000 24.00000 17.00000 14.00000 23.00000 14.00000 20.00000 24.00000 29.00000 24.00000 35.00000 33.00000 36.00000 34.00000 28.00000 34.00000 14.00000 25.00000 15.00000 25.00000 25.00000 15.00000 0.00000 32.00000 0.00000
p
0.0 0.0 0.0 0.0 0.0 0.0 
0.0 0.0 0.0 0.0 0.0 0.0 
0.0 0.0 0.0 0.0 0.0 0.0 
0.0 0.0 0.0 0.0 0.0 0.0 
0.0 0.0 0.0 0.0 0.0 0.0 
23 0 0 31 0 0 
23 0 0 31 0 0 
23 0 0 31 0 0 
23 0 0 31 0 0 
23 0 0 31 0 0 
0 55 0 0 0 38 
0 55 0 0 0 38 
0 55 0 0 0 38 
0 55 0 0 0 38 
0 55 0 0 0 38 
0 0 0 36 0 0 
0 0 0 36 0 0 
0 0 0 36 0 0 
0 0 0 36 0 0 
0 0 0 36 0 0 
0 0 0 55 0 0 
0 0 0 55 0 0 
0 0 0 55 0 0 
0 0 0 55 0 0 
0 0 0 55 0 0 
21 0 0 0 51 0 
21 0 0 0 51 0 
21 0 0 0 51 0 
21 0 0 0 51 0 
21 0 0 0 51 0 
0 44 0 59 0 0 
0 44 0 59 0 0 
0 44 0 59 0 0 
0 44 0 59 0 0 
0 44 0 59 0 0 
45 0 0 0 0 0 
45 0 0 0 0 0 
45 0 0 0 0 0 
45 0 0 0 0 0 
45 0 0 0 0 0 
0 0 40 0 0 0 
0 0 40 0 0 0 
0 0 40 0 0 0 
0 0 40 0 0 0 
0 0 40 0 0 0 
32 0 0 20 0 0 
32 0 0 20 0 0 
32 0 0 20 0 0 
32 0 0 20 0 0 
32 0 0 20 0 0 
0 23 0 0 0 0 
0 23 0 0 0 0 
0 23 0 0 0 0 
0 23 0 0 0 0 
0 23 0 0 0 0 
0 0 0 39 0 0 
0 0 0 39 0 0 
0 0 0 39 0 0 
0 0 0 39 0 0 
0 0 0 39 0 0 
0 0 0 0 23 0 
0 0 0 0 23 0 
0 0 0 0 23 0 
0 0 0 0 23 0 
0 0 0 0 23 0 
0 0 0 0 18 0 
0 0 0 0 18 0 
0 0 0 0 18 0 
0 0 0 0 18 0 
0 0 0 0 18 0 
0 0 59 0 0 0 
0 0 59 0 0 0 
0 0 59 0 0 0 
0 0 59 0 0 0 
0 0 59 0 0 0 
0 0 0 32 0 0 
0 0 0 32 0 0 
0 0 0 32 0 0 
0 0 0 32 0 0 
0 0 0 32 0 0 
0 36 0 0 0 0 
0 36 0 0 0 0 
0 36 0 0 0 0 
0 36 0 0 0 0 
0 36 0 0 0 0 
0 0 0 0 0 29 
0 0 0 0 0 29 
0 0 0 0 0 29 
0 0 0 0 0 29 
0 0 0 0 0 29 
21 0 0 0 0 0 
21 0 0 0 0 0 
21 0 0 0 0 0 
21 0 0 0 0 0 
21 0 0 0 0 0 
0 15 0 0 0 0 
0 15 0 0 0 0 
0 15 0 0 0 0 
0 15 0 0 0 0 
0 15 0 0 0 0 
0 39 0 0 56 0 
0 39 0 0 56 0 
0 39 0 0 56 0 
0 39 0 0 56 0 
0 39 0 0 56 0 
0 36 0 0 25 0 
0 36 0 0 25 0 
0 36 0 0 25 0 
0 36 0 0 25 0 
0 36 0 0 25 0 
0 0 0 0 42 0 
0 0 0 0 42 0 
0 0 0 0 42 0 
0 0 0 0 42 0 
0 0 0 0 42 0 
39 0 0 0 33 0 
39 0 0 0 33 0 
39 0 0 0 33 0 
39 0 0 0 33 0 
39 0 0 0 33 0 
0 0 0 0 0 53 
0 0 0 0 0 53 
0 0 0 0 0 53 
0 0 0 0 0 53 
0 0 0 0 0 53 
60 0 0 0 0 0 
60 0 0 0 0 0 
60 0 0 0 0 0 
60 0 0 0 0 0 
60 0 0 0 0 0 
0.0 0.0 0.0 0.0 0.0 0.0 
0.0 0.0 0.0 0.0 0.0 0.0 
0.0 0.0 0.0 0.0 0.0 0.0 
0.0 0.0 0.0 0.0 0.0 0.0 
0.0 0.0 0.0 0.0 0.0 0.0 
mind
0 16 10 0 0 0 12 0 0 0 0 0 0 0 0 0 0 0 0 0 0 17 0 0 0 0 0
maxd
0 30 20 0 0 0 14 0 0 0 0 0 0 0 0 0 0 0 0 0 0 30 0 0 0 0 0
e
0 722 545 821 817 599 541 836 686 714 614 806 542 512 649 911 937 639 501 783 930 840 551 553 679 558 0
l
99999 842 665 941 937 719 661 956 806 834 734 926 662 632 769 1031 1057 759 621 903 1050 960 671 673 799 678 99999
