nbNodes
27
nbVehi
5
nbServi
6
r
1 1 1 1 1 1 
0 0 1 0 0 0 
0 1 0 0 1 0 
0 0 0 0 1 0 
0 0 0 0 1 0 
0 0 0 0 0 1 
0 0 0 0 1 0 
1 0 0 0 1 0 
0 0 0 0 0 1 
0 0 1 0 0 0 
0 0 1 0 0 0 
0 0 1 1 0 0 
0 0 0 0 1 0 
0 0 0 1 0 0 
0 0 0 0 1 0 
0 1 0 0 0 0 
0 0 1 1 0 0 
0 0 0 0 0 1 
0 1 0 0 1 0 
0 0 0 0 0 1 
0 1 0 0 0 0 
0 0 1 0 1 0 
0 0 1 0 1 0 
0 0 1 0 0 0 
0 0 1 0 0 0 
0 0 1 1 0 0 
1 1 1 1 1 1 
DS
3 8 12 17 19 22 23 26 
a
0 1 1 0 0 0 
1 1 0 0 0 0 
0 0 0 1 1 0 
0 0 0 1 1 0 
0 0 0 1 1 1 
x
-30.0847 -30.0452 -30.0129 -29.9962 -30.1109 -30.0305 -30.0562 -30.0786 -30.0092 -30.0732 -30.147 -30.1651 -30.0257 -30.0892 -30.0629 -30.1435 -30.0367 -30.1563 -30.0708 -30.0697 -30.0628 -30.0013 -30.156 -30.0847 -30.0798 -30.0291 -30.0847
y
-51.1802 -51.1838 -51.1063 -51.1334 -51.2567 -51.1286 -51.1802 -51.1683 -51.1057 -51.2231 -51.1421 -51.1425 -51.2258 -51.2253 -51.2103 -51.2169 -51.1567 -51.1349 -51.1745 -51.2051 -51.2139 -51.1295 -51.1509 -51.1802 -51.1661 -51.1971 -51.1802
d
0.00000 19.00000 33.00000 32.00000 22.00000 28.00000 16.00000 16.00000 33.00000 17.00000 23.00000 24.00000 23.00000 16.00000 14.00000 21.00000 24.00000 25.00000 18.00000 13.00000 15.00000 31.00000 24.00000 0.00000 16.00000 20.00000 0.00000
19.00000 0.00000 18.00000 17.00000 19.00000 13.00000 5.00000 11.00000 18.00000 14.00000 33.00000 33.00000 11.00000 13.00000 10.00000 21.00000 9.00000 35.00000 10.00000 9.00000 10.00000 16.00000 33.00000 19.00000 12.00000 8.00000 19.00000
34.00000 18.00000 0.00000 9.00000 34.00000 9.00000 20.00000 23.00000 2.00000 28.00000 41.00000 45.00000 23.00000 28.00000 25.00000 36.00000 14.00000 41.00000 23.00000 25.00000 25.00000 8.00000 44.00000 34.00000 24.00000 18.00000 34.00000
33.00000 17.00000 10.00000 0.00000 32.00000 10.00000 20.00000 23.00000 10.00000 24.00000 43.00000 47.00000 17.00000 27.00000 21.00000 35.00000 14.00000 43.00000 23.00000 22.00000 21.00000 3.00000 46.00000 33.00000 24.00000 14.00000 33.00000
23.00000 20.00000 35.00000 33.00000 0.00000 29.00000 17.00000 22.00000 34.00000 12.00000 26.00000 24.00000 19.00000 10.00000 16.00000 10.00000 25.00000 26.00000 19.00000 15.00000 15.00000 32.00000 25.00000 23.00000 24.00000 20.00000 23.00000
29.00000 13.00000 9.00000 10.00000 28.00000 0.00000 14.00000 18.00000 9.00000 24.00000 36.00000 40.00000 20.00000 23.00000 21.00000 31.00000 8.00000 36.00000 17.00000 20.00000 21.00000 8.00000 38.00000 29.00000 19.00000 16.00000 29.00000
18.00000 4.00000 19.00000 18.00000 18.00000 13.00000 0.00000 11.00000 19.00000 13.00000 32.00000 33.00000 13.00000 12.00000 10.00000 20.00000 10.00000 34.00000 10.00000 9.00000 11.00000 17.00000 32.00000 18.00000 12.00000 10.00000 18.00000
16.00000 12.00000 24.00000 23.00000 21.00000 19.00000 10.00000 0.00000 24.00000 17.00000 32.00000 32.00000 19.00000 16.00000 14.00000 24.00000 15.00000 34.00000 7.00000 13.00000 15.00000 22.00000 32.00000 16.00000 4.00000 16.00000 16.00000
34.00000 18.00000 2.00000 9.00000 34.00000 9.00000 20.00000 23.00000 0.00000 29.00000 41.00000 45.00000 23.00000 28.00000 26.00000 37.00000 15.00000 41.00000 23.00000 26.00000 26.00000 9.00000 43.00000 34.00000 24.00000 19.00000 34.00000
17.00000 13.00000 29.00000 25.00000 11.00000 23.00000 12.00000 17.00000 29.00000 0.00000 28.00000 28.00000 14.00000 6.00000 7.00000 16.00000 20.00000 30.00000 14.00000 6.00000 6.00000 24.00000 28.00000 17.00000 18.00000 11.00000 17.00000
24.00000 32.00000 40.00000 43.00000 25.00000 36.00000 30.00000 32.00000 41.00000 27.00000 0.00000 8.00000 37.00000 22.00000 28.00000 18.00000 36.00000 5.00000 32.00000 27.00000 28.00000 42.00000 5.00000 24.00000 32.00000 34.00000 24.00000
24.00000 32.00000 44.00000 46.00000 24.00000 40.00000 30.00000 32.00000 44.00000 28.00000 8.00000 0.00000 37.00000 22.00000 28.00000 16.00000 38.00000 5.00000 32.00000 27.00000 28.00000 45.00000 5.00000 24.00000 32.00000 35.00000 24.00000
21.00000 10.00000 23.00000 16.00000 17.00000 20.00000 12.00000 18.00000 23.00000 12.00000 36.00000 36.00000 0.00000 16.00000 10.00000 24.00000 17.00000 38.00000 15.00000 10.00000 10.00000 16.00000 36.00000 21.00000 19.00000 7.00000 21.00000
16.00000 14.00000 28.00000 27.00000 8.00000 23.00000 11.00000 16.00000 28.00000 6.00000 23.00000 23.00000 17.00000 0.00000 9.00000 11.00000 19.00000 25.00000 13.00000 8.00000 10.00000 26.00000 23.00000 16.00000 17.00000 16.00000 16.00000
14.00000 10.00000 26.00000 22.00000 14.00000 20.00000 9.00000 14.00000 26.00000 6.00000 28.00000 29.00000 11.00000 8.00000 0.00000 17.00000 17.00000 30.00000 11.00000 3.00000 2.00000 21.00000 29.00000 14.00000 15.00000 8.00000 14.00000
22.00000 22.00000 37.00000 35.00000 11.00000 31.00000 19.00000 24.00000 36.00000 17.00000 18.00000 15.00000 26.00000 12.00000 17.00000 0.00000 27.00000 17.00000 21.00000 17.00000 18.00000 34.00000 16.00000 22.00000 26.00000 24.00000 22.00000
25.00000 8.00000 15.00000 12.00000 24.00000 8.00000 11.00000 15.00000 15.00000 19.00000 35.00000 39.00000 15.00000 19.00000 16.00000 27.00000 0.00000 35.00000 14.00000 16.00000 17.00000 11.00000 38.00000 25.00000 15.00000 12.00000 25.00000
26.00000 34.00000 40.00000 43.00000 27.00000 36.00000 32.00000 34.00000 41.00000 30.00000 5.00000 5.00000 39.00000 24.00000 30.00000 18.00000 35.00000 0.00000 34.00000 29.00000 30.00000 42.00000 6.00000 26.00000 34.00000 37.00000 26.00000
19.00000 9.00000 24.00000 23.00000 19.00000 18.00000 7.00000 7.00000 23.00000 14.00000 33.00000 33.00000 16.00000 13.00000 11.00000 21.00000 15.00000 34.00000 0.00000 10.00000 12.00000 22.00000 33.00000 19.00000 8.00000 13.00000 19.00000
12.00000 10.00000 24.00000 23.00000 12.00000 19.00000 7.00000 12.00000 24.00000 6.00000 26.00000 26.00000 13.00000 6.00000 4.00000 14.00000 15.00000 28.00000 9.00000 0.00000 5.00000 22.00000 26.00000 12.00000 13.00000 11.00000 12.00000
14.00000 10.00000 26.00000 22.00000 14.00000 21.00000 10.00000 14.00000 26.00000 6.00000 29.00000 29.00000 11.00000 9.00000 2.00000 17.00000 17.00000 31.00000 11.00000 3.00000 0.00000 21.00000 29.00000 14.00000 15.00000 9.00000 14.00000
33.00000 16.00000 7.00000 3.00000 31.00000 8.00000 19.00000 23.00000 7.00000 24.00000 41.00000 45.00000 17.00000 27.00000 21.00000 35.00000 14.00000 41.00000 23.00000 21.00000 21.00000 0.00000 44.00000 33.00000 24.00000 14.00000 33.00000
24.00000 33.00000 43.00000 46.00000 25.00000 39.00000 30.00000 33.00000 43.00000 28.00000 5.00000 5.00000 38.00000 22.00000 28.00000 16.00000 38.00000 5.00000 32.00000 27.00000 29.00000 45.00000 0.00000 24.00000 33.00000 35.00000 24.00000
0.00000 19.00000 33.00000 32.00000 22.00000 28.00000 16.00000 16.00000 33.00000 17.00000 23.00000 24.00000 23.00000 16.00000 14.00000 21.00000 24.00000 25.00000 18.00000 13.00000 15.00000 31.00000 24.00000 0.00000 16.00000 20.00000 0.00000
16.00000 13.00000 25.00000 24.00000 23.00000 19.00000 11.00000 4.00000 24.00000 18.00000 32.00000 32.00000 20.00000 17.00000 15.00000 25.00000 16.00000 34.00000 8.00000 14.00000 16.00000 23.00000 32.00000 16.00000 0.00000 17.00000 16.00000
20.00000 6.00000 20.00000 15.00000 19.00000 15.00000 9.00000 16.00000 21.00000 11.00000 35.00000 35.00000 8.00000 15.00000 9.00000 23.00000 12.00000 37.00000 13.00000 9.00000 8.00000 14.00000 35.00000 20.00000 17.00000 0.00000 20.00000
0.00000 19.00000 33.00000 32.00000 22.00000 28.00000 16.00000 16.00000 33.00000 17.00000 23.00000 24.00000 23.00000 16.00000 14.00000 21.00000 24.00000 25.00000 18.00000 13.00000 15.00000 31.00000 24.00000 0.00000 16.00000 20.00000 0.00000
p
0.0 0.0 0.0 0.0 0.0 0.0 
0.0 0.0 0.0 0.0 0.0 0.0 
0.0 0.0 0.0 0.0 0.0 0.0 
0.0 0.0 0.0 0.0 0.0 0.0 
0.0 0.0 0.0 0.0 0.0 0.0 
0 0 39 0 0 0 
0 0 39 0 0 0 
0 0 39 0 0 0 
0 0 39 0 0 0 
0 0 39 0 0 0 
0 20 0 0 54 0 
0 20 0 0 54 0 
0 20 0 0 54 0 
0 20 0 0 54 0 
0 20 0 0 54 0 
0 0 0 0 16 0 
0 0 0 0 16 0 
0 0 0 0 16 0 
0 0 0 0 16 0 
0 0 0 0 16 0 
0 0 0 0 17 0 
0 0 0 0 17 0 
0 0 0 0 17 0 
0 0 0 0 17 0 
0 0 0 0 17 0 
0 0 0 0 0 29 
0 0 0 0 0 29 
0 0 0 0 0 29 
0 0 0 0 0 29 
0 0 0 0 0 29 
0 0 0 0 23 0 
0 0 0 0 23 0 
0 0 0 0 23 0 
0 0 0 0 23 0 
0 0 0 0 23 0 
24 0 0 0 16 0 
24 0 0 0 16 0 
24 0 0 0 16 0 
24 0 0 0 16 0 
24 0 0 0 16 0 
0 0 0 0 0 20 
0 0 0 0 0 20 
0 0 0 0 0 20 
0 0 0 0 0 20 
0 0 0 0 0 20 
0 0 25 0 0 0 
0 0 25 0 0 0 
0 0 25 0 0 0 
0 0 25 0 0 0 
0 0 25 0 0 0 
0 0 60 0 0 0 
0 0 60 0 0 0 
0 0 60 0 0 0 
0 0 60 0 0 0 
0 0 60 0 0 0 
0 0 56 53 0 0 
0 0 56 53 0 0 
0 0 56 53 0 0 
0 0 56 53 0 0 
0 0 56 53 0 0 
0 0 0 0 30 0 
0 0 0 0 30 0 
0 0 0 0 30 0 
0 0 0 0 30 0 
0 0 0 0 30 0 
0 0 0 17 0 0 
0 0 0 17 0 0 
0 0 0 17 0 0 
0 0 0 17 0 0 
0 0 0 17 0 0 
0 0 0 0 24 0 
0 0 0 0 24 0 
0 0 0 0 24 0 
0 0 0 0 24 0 
0 0 0 0 24 0 
0 38 0 0 0 0 
0 38 0 0 0 0 
0 38 0 0 0 0 
0 38 0 0 0 0 
0 38 0 0 0 0 
0 0 16 47 0 0 
0 0 16 47 0 0 
0 0 16 47 0 0 
0 0 16 47 0 0 
0 0 16 47 0 0 
0 0 0 0 0 33 
0 0 0 0 0 33 
0 0 0 0 0 33 
0 0 0 0 0 33 
0 0 0 0 0 33 
0 30 0 0 49 0 
0 30 0 0 49 0 
0 30 0 0 49 0 
0 30 0 0 49 0 
0 30 0 0 49 0 
0 0 0 0 0 55 
0 0 0 0 0 55 
0 0 0 0 0 55 
0 0 0 0 0 55 
0 0 0 0 0 55 
0 17 0 0 0 0 
0 17 0 0 0 0 
0 17 0 0 0 0 
0 17 0 0 0 0 
0 17 0 0 0 0 
0 0 49 0 60 0 
0 0 49 0 60 0 
0 0 49 0 60 0 
0 0 49 0 60 0 
0 0 49 0 60 0 
0 0 50 0 54 0 
0 0 50 0 54 0 
0 0 50 0 54 0 
0 0 50 0 54 0 
0 0 50 0 54 0 
0 0 57 0 0 0 
0 0 57 0 0 0 
0 0 57 0 0 0 
0 0 57 0 0 0 
0 0 57 0 0 0 
0 0 24 0 0 0 
0 0 24 0 0 0 
0 0 24 0 0 0 
0 0 24 0 0 0 
0 0 24 0 0 0 
0 0 41 56 0 0 
0 0 41 56 0 0 
0 0 41 56 0 0 
0 0 41 56 0 0 
0 0 41 56 0 0 
0.0 0.0 0.0 0.0 0.0 0.0 
0.0 0.0 0.0 0.0 0.0 0.0 
0.0 0.0 0.0 0.0 0.0 0.0 
0.0 0.0 0.0 0.0 0.0 0.0 
0.0 0.0 0.0 0.0 0.0 0.0 
mind
0 0 19 0 0 0 0 19 0 0 0 0 0 0 0 0 0 0 16 0 0 0 19 0 0 0 0
maxd
0 0 25 0 0 0 0 24 0 0 0 0 0 0 0 0 0 0 20 0 0 0 22 0 0 0 0
e
0 663 825 587 792 624 793 765 700 693 658 533 935 771 761 615 616 534 650 906 580 797 559 775 703 767 0
l
99999 783 945 707 912 744 913 885 820 813 778 653 1055 891 881 735 736 654 770 1026 700 917 679 895 823 887 99999
