nbNodes
27
nbVehi
5
nbServi
6
r
1 1 1 1 1 1 
1 0 0 1 0 0 
0 1 0 0 0 0 
0 0 1 0 0 0 
0 1 0 0 0 0 
0 0 0 0 1 0 
0 0 0 0 0 1 
0 0 0 0 0 1 
0 1 0 0 0 0 
0 0 0 0 0 1 
0 1 0 0 0 1 
0 0 1 0 0 0 
0 1 0 0 1 0 
1 0 0 0 0 0 
1 0 0 0 0 0 
1 0 0 1 0 0 
0 0 0 1 0 0 
0 0 0 1 0 0 
0 0 0 0 0 1 
0 0 1 1 0 0 
0 1 0 0 0 0 
0 1 0 1 0 0 
0 0 1 0 0 0 
0 0 1 0 1 0 
1 0 0 1 0 0 
0 0 1 0 0 0 
1 1 1 1 1 1 
DS
2 11 13 16 20 22 24 25 
a
0 1 1 0 0 0 
1 1 1 0 0 0 
0 0 0 1 0 0 
0 0 0 1 0 1 
0 0 0 0 1 1 
x
-30.0343 -30.0343 -30.0671 -30.0107 -30.034 -30.0835 -30.2124 -30.01 -30.0687 -30.1481 -30.0049 -30.0972 -30.0859 -30.0824 -30.0051 -30.0047 -30.0788 -29.9927 -30.0413 -30.0448 -30.079 -30.0729 -29.9825 -30.0757 -30.0179 -30.007 -30.0343
y
-51.1542 -51.1542 -51.1745 -51.2073 -51.1496 -51.2267 -51.1825 -51.2019 -51.2111 -51.1543 -51.129 -51.2312 -51.2359 -51.2292 -51.1936 -51.2056 -51.2174 -51.1467 -51.17 -51.166 -51.1906 -51.2278 -51.133 -51.2238 -51.163 -51.1433 -51.1542
d
0.00000 0.00000 11.00000 14.00000 2.00000 20.00000 43.00000 13.00000 16.00000 36.00000 11.00000 19.00000 22.00000 21.00000 12.00000 14.00000 18.00000 14.00000 5.00000 6.00000 17.00000 20.00000 14.00000 19.00000 5.00000 9.00000 0.00000
0.00000 0.00000 11.00000 14.00000 2.00000 20.00000 43.00000 13.00000 16.00000 36.00000 11.00000 19.00000 22.00000 21.00000 12.00000 14.00000 18.00000 14.00000 5.00000 6.00000 17.00000 20.00000 14.00000 19.00000 5.00000 9.00000 0.00000
12.00000 12.00000 0.00000 15.00000 12.00000 13.00000 36.00000 15.00000 9.00000 29.00000 21.00000 12.00000 15.00000 14.00000 15.00000 17.00000 11.00000 23.00000 8.00000 9.00000 9.00000 14.00000 24.00000 13.00000 14.00000 19.00000 12.00000
13.00000 13.00000 15.00000 0.00000 13.00000 19.00000 43.00000 4.00000 14.00000 35.00000 15.00000 19.00000 19.00000 18.00000 5.00000 3.00000 16.00000 16.00000 11.00000 13.00000 18.00000 15.00000 17.00000 16.00000 10.00000 13.00000 13.00000
2.00000 2.00000 11.00000 14.00000 0.00000 20.00000 43.00000 13.00000 16.00000 36.00000 10.00000 20.00000 22.00000 21.00000 12.00000 14.00000 18.00000 13.00000 6.00000 6.00000 17.00000 20.00000 13.00000 20.00000 5.00000 8.00000 2.00000
19.00000 19.00000 13.00000 20.00000 19.00000 0.00000 29.00000 19.00000 7.00000 22.00000 28.00000 5.00000 4.00000 2.00000 21.00000 21.00000 4.00000 31.00000 15.00000 17.00000 12.00000 5.00000 31.00000 4.00000 21.00000 26.00000 19.00000
41.00000 41.00000 35.00000 43.00000 41.00000 29.00000 0.00000 43.00000 31.00000 17.00000 51.00000 24.00000 28.00000 29.00000 44.00000 45.00000 30.00000 53.00000 37.00000 39.00000 33.00000 32.00000 53.00000 32.00000 44.00000 48.00000 41.00000
12.00000 12.00000 16.00000 3.00000 12.00000 20.00000 44.00000 0.00000 15.00000 36.00000 14.00000 20.00000 21.00000 19.00000 3.00000 4.00000 17.00000 15.00000 11.00000 12.00000 19.00000 16.00000 16.00000 17.00000 8.00000 12.00000 12.00000
16.00000 16.00000 10.00000 14.00000 16.00000 8.00000 33.00000 13.00000 0.00000 25.00000 24.00000 9.00000 9.00000 7.00000 15.00000 15.00000 4.00000 26.00000 12.00000 14.00000 8.00000 6.00000 26.00000 5.00000 17.00000 21.00000 16.00000
33.00000 33.00000 27.00000 35.00000 33.00000 20.00000 17.00000 35.00000 23.00000 0.00000 42.00000 18.00000 21.00000 21.00000 36.00000 36.00000 22.00000 45.00000 29.00000 31.00000 23.00000 24.00000 45.00000 24.00000 35.00000 40.00000 33.00000
12.00000 12.00000 20.00000 15.00000 10.00000 28.00000 52.00000 14.00000 23.00000 43.00000 0.00000 28.00000 29.00000 27.00000 12.00000 14.00000 25.00000 7.00000 14.00000 15.00000 26.00000 24.00000 7.00000 25.00000 10.00000 5.00000 12.00000
19.00000 19.00000 13.00000 20.00000 19.00000 6.00000 24.00000 20.00000 8.00000 18.00000 28.00000 0.00000 6.00000 6.00000 21.00000 22.00000 7.00000 30.00000 15.00000 16.00000 11.00000 9.00000 31.00000 9.00000 21.00000 26.00000 19.00000
21.00000 21.00000 15.00000 20.00000 21.00000 3.00000 30.00000 19.00000 8.00000 22.00000 30.00000 6.00000 0.00000 2.00000 22.00000 21.00000 6.00000 32.00000 17.00000 19.00000 13.00000 6.00000 33.00000 5.00000 23.00000 28.00000 21.00000
20.00000 20.00000 14.00000 19.00000 20.00000 2.00000 30.00000 18.00000 6.00000 22.00000 29.00000 6.00000 3.00000 0.00000 20.00000 20.00000 4.00000 31.00000 16.00000 17.00000 12.00000 4.00000 31.00000 4.00000 22.00000 26.00000 20.00000
11.00000 11.00000 15.00000 4.00000 11.00000 20.00000 44.00000 4.00000 15.00000 36.00000 12.00000 20.00000 21.00000 19.00000 0.00000 4.00000 17.00000 13.00000 9.00000 11.00000 18.00000 16.00000 14.00000 17.00000 7.00000 11.00000 11.00000
12.00000 12.00000 16.00000 3.00000 12.00000 21.00000 44.00000 4.00000 16.00000 37.00000 14.00000 21.00000 21.00000 20.00000 3.00000 0.00000 18.00000 15.00000 11.00000 13.00000 19.00000 17.00000 16.00000 17.00000 8.00000 12.00000 12.00000
17.00000 17.00000 11.00000 17.00000 17.00000 4.00000 30.00000 17.00000 4.00000 23.00000 26.00000 6.00000 6.00000 4.00000 18.00000 19.00000 0.00000 29.00000 13.00000 14.00000 9.00000 6.00000 29.00000 4.00000 19.00000 24.00000 17.00000
13.00000 13.00000 20.00000 13.00000 13.00000 29.00000 52.00000 14.00000 23.00000 45.00000 10.00000 28.00000 29.00000 27.00000 10.00000 12.00000 26.00000 0.00000 14.00000 15.00000 26.00000 25.00000 13.00000 25.00000 9.00000 10.00000 13.00000
4.00000 4.00000 8.00000 12.00000 4.00000 17.00000 40.00000 12.00000 13.00000 32.00000 14.00000 16.00000 18.00000 17.00000 10.00000 13.00000 14.00000 16.00000 0.00000 2.00000 14.00000 17.00000 16.00000 16.00000 8.00000 11.00000 4.00000
5.00000 5.00000 7.00000 13.00000 5.00000 16.00000 39.00000 13.00000 12.00000 32.00000 15.00000 16.00000 18.00000 17.00000 11.00000 14.00000 14.00000 17.00000 3.00000 0.00000 14.00000 17.00000 17.00000 16.00000 8.00000 12.00000 5.00000
15.00000 15.00000 9.00000 18.00000 15.00000 12.00000 34.00000 17.00000 7.00000 23.00000 24.00000 11.00000 13.00000 12.00000 18.00000 19.00000 9.00000 26.00000 11.00000 12.00000 0.00000 12.00000 27.00000 11.00000 17.00000 22.00000 15.00000
19.00000 19.00000 13.00000 16.00000 19.00000 5.00000 33.00000 15.00000 6.00000 25.00000 25.00000 9.00000 6.00000 4.00000 17.00000 17.00000 6.00000 28.00000 15.00000 17.00000 12.00000 0.00000 28.00000 2.00000 18.00000 23.00000 19.00000
16.00000 16.00000 23.00000 17.00000 14.00000 31.00000 54.00000 17.00000 26.00000 47.00000 8.00000 31.00000 32.00000 30.00000 14.00000 16.00000 28.00000 9.00000 17.00000 18.00000 29.00000 27.00000 0.00000 28.00000 13.00000 8.00000 16.00000
19.00000 19.00000 13.00000 16.00000 19.00000 4.00000 32.00000 16.00000 5.00000 24.00000 26.00000 8.00000 5.00000 3.00000 17.00000 18.00000 4.00000 28.00000 15.00000 16.00000 11.00000 2.00000 29.00000 0.00000 19.00000 24.00000 19.00000
5.00000 5.00000 12.00000 11.00000 5.00000 21.00000 44.00000 10.00000 17.00000 37.00000 9.00000 20.00000 23.00000 22.00000 9.00000 10.00000 19.00000 12.00000 6.00000 7.00000 18.00000 19.00000 12.00000 20.00000 0.00000 7.00000 5.00000
9.00000 9.00000 18.00000 12.00000 9.00000 26.00000 49.00000 12.00000 20.00000 42.00000 5.00000 25.00000 26.00000 24.00000 10.00000 11.00000 23.00000 6.00000 12.00000 12.00000 23.00000 22.00000 8.00000 22.00000 7.00000 0.00000 9.00000
0.00000 0.00000 11.00000 14.00000 2.00000 20.00000 43.00000 13.00000 16.00000 36.00000 11.00000 19.00000 22.00000 21.00000 12.00000 14.00000 18.00000 14.00000 5.00000 6.00000 17.00000 20.00000 14.00000 19.00000 5.00000 9.00000 0.00000
p
0.0 0.0 0.0 0.0 0.0 0.0 
0.0 0.0 0.0 0.0 0.0 0.0 
0.0 0.0 0.0 0.0 0.0 0.0 
0.0 0.0 0.0 0.0 0.0 0.0 
0.0 0.0 0.0 0.0 0.0 0.0 
37 0 0 33 0 0 
37 0 0 33 0 0 
37 0 0 33 0 0 
37 0 0 33 0 0 
37 0 0 33 0 0 
0 34 0 0 0 0 
0 34 0 0 0 0 
0 34 0 0 0 0 
0 34 0 0 0 0 
0 34 0 0 0 0 
0 0 23 0 0 0 
0 0 23 0 0 0 
0 0 23 0 0 0 
0 0 23 0 0 0 
0 0 23 0 0 0 
0 37 0 0 0 0 
0 37 0 0 0 0 
0 37 0 0 0 0 
0 37 0 0 0 0 
0 37 0 0 0 0 
0 0 0 0 29 0 
0 0 0 0 29 0 
0 0 0 0 29 0 
0 0 0 0 29 0 
0 0 0 0 29 0 
0 0 0 0 0 41 
0 0 0 0 0 41 
0 0 0 0 0 41 
0 0 0 0 0 41 
0 0 0 0 0 41 
0 0 0 0 0 31 
0 0 0 0 0 31 
0 0 0 0 0 31 
0 0 0 0 0 31 
0 0 0 0 0 31 
0 54 0 0 0 0 
0 54 0 0 0 0 
0 54 0 0 0 0 
0 54 0 0 0 0 
0 54 0 0 0 0 
0 0 0 0 0 25 
0 0 0 0 0 25 
0 0 0 0 0 25 
0 0 0 0 0 25 
0 0 0 0 0 25 
0 46 0 0 0 32 
0 46 0 0 0 32 
0 46 0 0 0 32 
0 46 0 0 0 32 
0 46 0 0 0 32 
0 0 25 0 0 0 
0 0 25 0 0 0 
0 0 25 0 0 0 
0 0 25 0 0 0 
0 0 25 0 0 0 
0 17 0 0 60 0 
0 17 0 0 60 0 
0 17 0 0 60 0 
0 17 0 0 60 0 
0 17 0 0 60 0 
34 0 0 0 0 0 
34 0 0 0 0 0 
34 0 0 0 0 0 
34 0 0 0 0 0 
34 0 0 0 0 0 
49 0 0 0 0 0 
49 0 0 0 0 0 
49 0 0 0 0 0 
49 0 0 0 0 0 
49 0 0 0 0 0 
60 0 0 22 0 0 
60 0 0 22 0 0 
60 0 0 22 0 0 
60 0 0 22 0 0 
60 0 0 22 0 0 
0 0 0 25 0 0 
0 0 0 25 0 0 
0 0 0 25 0 0 
0 0 0 25 0 0 
0 0 0 25 0 0 
0 0 0 55 0 0 
0 0 0 55 0 0 
0 0 0 55 0 0 
0 0 0 55 0 0 
0 0 0 55 0 0 
0 0 0 0 0 53 
0 0 0 0 0 53 
0 0 0 0 0 53 
0 0 0 0 0 53 
0 0 0 0 0 53 
0 0 40 47 0 0 
0 0 40 47 0 0 
0 0 40 47 0 0 
0 0 40 47 0 0 
0 0 40 47 0 0 
0 29 0 0 0 0 
0 29 0 0 0 0 
0 29 0 0 0 0 
0 29 0 0 0 0 
0 29 0 0 0 0 
0 60 0 42 0 0 
0 60 0 42 0 0 
0 60 0 42 0 0 
0 60 0 42 0 0 
0 60 0 42 0 0 
0 0 48 0 0 0 
0 0 48 0 0 0 
0 0 48 0 0 0 
0 0 48 0 0 0 
0 0 48 0 0 0 
0 0 26 0 45 0 
0 0 26 0 45 0 
0 0 26 0 45 0 
0 0 26 0 45 0 
0 0 26 0 45 0 
27 0 0 33 0 0 
27 0 0 33 0 0 
27 0 0 33 0 0 
27 0 0 33 0 0 
27 0 0 33 0 0 
0 0 47 0 0 0 
0 0 47 0 0 0 
0 0 47 0 0 0 
0 0 47 0 0 0 
0 0 47 0 0 0 
0.0 0.0 0.0 0.0 0.0 0.0 
0.0 0.0 0.0 0.0 0.0 0.0 
0.0 0.0 0.0 0.0 0.0 0.0 
0.0 0.0 0.0 0.0 0.0 0.0 
0.0 0.0 0.0 0.0 0.0 0.0 
mind
0 0 0 0 0 0 0 0 0 0 15 0 19 0 0 18 0 0 0 0 0 0 0 19 0 0 0
maxd
0 0 0 0 0 0 0 0 0 0 26 0 25 0 0 30 0 0 0 0 0 0 0 20 0 0 0
e
0 799 544 882 526 505 640 624 631 952 515 711 774 838 885 766 936 888 630 682 802 798 852 791 618 926 0
l
99999 919 664 1002 646 625 760 744 751 1072 635 831 894 958 1005 886 1056 1008 750 802 922 918 972 911 738 1046 99999
