nbNodes
27
nbVehi
5
nbServi
6
r
1 1 1 1 1 1 
0 0 0 0 0 1 
1 0 0 0 0 0 
0 1 0 0 1 0 
0 0 0 0 0 1 
0 0 0 0 1 0 
1 0 0 0 1 0 
0 0 0 0 1 0 
0 0 0 1 0 0 
1 0 0 1 0 0 
0 0 0 0 0 1 
1 0 0 0 0 0 
0 0 0 0 1 0 
0 0 0 1 0 0 
1 0 0 0 1 0 
0 1 0 0 0 0 
1 0 0 0 0 0 
0 1 0 0 0 0 
1 0 0 0 0 0 
0 0 1 0 0 0 
1 0 0 1 0 0 
0 0 1 1 0 0 
0 1 0 0 0 1 
0 0 0 1 0 0 
0 0 0 1 0 0 
1 0 0 1 0 0 
1 1 1 1 1 1 
DS
4 7 10 15 21 22 23 26 
a
1 1 1 0 0 0 
1 1 1 0 0 0 
0 0 0 1 1 1 
0 0 0 0 1 1 
0 0 0 1 1 1 
x
-30.0168 -30.0264 -30.0484 -30.1314 -30.0168 -30.1324 -29.9833 -30.0738 -30.0356 -30.0119 -30.1037 -30.0417 -30.1477 -30.0686 -30.0126 -30.0429 -30.0454 -30.0499 -30.0246 -30.0797 -30.0441 -30.0828 -30.0138 -30.0249 -30.0183 -30.0268 -30.0168
y
-51.2586 -51.2169 -51.1607 -51.2154 -51.2586 -51.2285 -51.1325 -51.1607 -51.132 -51.1827 -51.2177 -51.2146 -51.2203 -51.2239 -51.1932 -51.2205 -51.168 -51.1537 -51.1998 -51.2154 -51.2187 -51.2364 -51.1544 -51.0871 -51.1569 -51.1096 -51.2586
d
0.00000 19.00000 31.00000 40.00000 0.00000 40.00000 30.00000 34.00000 33.00000 22.00000 37.00000 24.00000 43.00000 29.00000 21.00000 24.00000 28.00000 32.00000 22.00000 31.00000 24.00000 32.00000 25.00000 39.00000 26.00000 34.00000 0.00000
20.00000 0.00000 14.00000 23.00000 20.00000 23.00000 19.00000 16.00000 17.00000 8.00000 19.00000 6.00000 26.00000 11.00000 6.00000 6.00000 12.00000 15.00000 5.00000 14.00000 6.00000 15.00000 12.00000 26.00000 13.00000 21.00000 20.00000
30.00000 15.00000 0.00000 22.00000 30.00000 23.00000 17.00000 9.00000 8.00000 11.00000 19.00000 12.00000 26.00000 16.00000 13.00000 14.00000 3.00000 4.00000 13.00000 14.00000 13.00000 18.00000 10.00000 18.00000 9.00000 12.00000 30.00000
41.00000 24.00000 22.00000 0.00000 41.00000 5.00000 36.00000 22.00000 28.00000 26.00000 9.00000 20.00000 6.00000 16.00000 25.00000 21.00000 21.00000 22.00000 22.00000 13.00000 20.00000 12.00000 29.00000 37.00000 27.00000 32.00000 41.00000
0.00000 19.00000 31.00000 40.00000 0.00000 40.00000 30.00000 34.00000 33.00000 22.00000 37.00000 24.00000 43.00000 29.00000 21.00000 24.00000 28.00000 32.00000 22.00000 31.00000 24.00000 32.00000 25.00000 39.00000 26.00000 34.00000 0.00000
42.00000 25.00000 22.00000 5.00000 42.00000 0.00000 37.00000 22.00000 28.00000 26.00000 9.00000 20.00000 5.00000 17.00000 25.00000 22.00000 22.00000 22.00000 23.00000 13.00000 21.00000 12.00000 29.00000 38.00000 27.00000 32.00000 42.00000
30.00000 20.00000 19.00000 37.00000 30.00000 37.00000 0.00000 25.00000 15.00000 15.00000 33.00000 22.00000 40.00000 25.00000 16.00000 23.00000 18.00000 18.00000 16.00000 28.00000 22.00000 31.00000 11.00000 18.00000 12.00000 13.00000 30.00000
34.00000 18.00000 9.00000 23.00000 34.00000 24.00000 24.00000 0.00000 13.00000 16.00000 20.00000 14.00000 27.00000 16.00000 17.00000 15.00000 10.00000 9.00000 16.00000 15.00000 14.00000 19.00000 17.00000 23.00000 15.00000 17.00000 34.00000
32.00000 17.00000 8.00000 28.00000 32.00000 28.00000 14.00000 13.00000 0.00000 14.00000 25.00000 16.00000 31.00000 21.00000 15.00000 18.00000 10.00000 7.00000 15.00000 20.00000 18.00000 24.00000 10.00000 14.00000 9.00000 8.00000 32.00000
22.00000 9.00000 13.00000 27.00000 22.00000 27.00000 14.00000 17.00000 14.00000 0.00000 24.00000 12.00000 30.00000 15.00000 5.00000 12.00000 11.00000 13.00000 6.00000 18.00000 12.00000 21.00000 7.00000 20.00000 7.00000 15.00000 22.00000
37.00000 20.00000 17.00000 9.00000 37.00000 10.00000 32.00000 18.00000 23.00000 21.00000 0.00000 15.00000 12.00000 12.00000 20.00000 17.00000 17.00000 17.00000 18.00000 8.00000 16.00000 8.00000 24.00000 33.00000 22.00000 27.00000 37.00000
23.00000 6.00000 13.00000 20.00000 23.00000 21.00000 22.00000 15.00000 16.00000 11.00000 17.00000 0.00000 24.00000 8.00000 9.00000 3.00000 10.00000 13.00000 6.00000 11.00000 4.00000 13.00000 15.00000 25.00000 14.00000 20.00000 23.00000
45.00000 28.00000 25.00000 6.00000 45.00000 6.00000 40.00000 25.00000 31.00000 29.00000 12.00000 23.00000 0.00000 20.00000 28.00000 25.00000 25.00000 25.00000 26.00000 16.00000 24.00000 15.00000 32.00000 41.00000 30.00000 35.00000 45.00000
29.00000 12.00000 16.00000 16.00000 29.00000 17.00000 26.00000 15.00000 21.00000 15.00000 13.00000 8.00000 20.00000 0.00000 13.00000 8.00000 15.00000 16.00000 10.00000 6.00000 8.00000 7.00000 19.00000 30.00000 18.00000 25.00000 29.00000
21.00000 7.00000 13.00000 26.00000 21.00000 26.00000 15.00000 16.00000 16.00000 3.00000 22.00000 10.00000 29.00000 14.00000 0.00000 11.00000 10.00000 13.00000 5.00000 16.00000 11.00000 19.00000 8.00000 21.00000 9.00000 17.00000 21.00000
24.00000 7.00000 13.00000 19.00000 24.00000 19.00000 23.00000 14.00000 16.00000 11.00000 16.00000 3.00000 22.00000 7.00000 9.00000 0.00000 11.00000 14.00000 6.00000 9.00000 2.00000 11.00000 15.00000 26.00000 15.00000 20.00000 24.00000
27.00000 12.00000 4.00000 22.00000 27.00000 22.00000 17.00000 9.00000 9.00000 9.00000 18.00000 11.00000 25.00000 15.00000 10.00000 13.00000 0.00000 6.00000 10.00000 13.00000 13.00000 18.00000 10.00000 18.00000 9.00000 13.00000 27.00000
31.00000 15.00000 4.00000 22.00000 31.00000 23.00000 17.00000 9.00000 7.00000 12.00000 19.00000 12.00000 26.00000 16.00000 14.00000 14.00000 6.00000 0.00000 13.00000 14.00000 13.00000 19.00000 10.00000 17.00000 9.00000 11.00000 31.00000
22.00000 6.00000 13.00000 22.00000 22.00000 23.00000 17.00000 15.00000 16.00000 5.00000 19.00000 7.00000 26.00000 11.00000 3.00000 8.00000 11.00000 14.00000 0.00000 13.00000 8.00000 16.00000 10.00000 24.00000 11.00000 19.00000 22.00000
32.00000 15.00000 14.00000 13.00000 32.00000 13.00000 28.00000 14.00000 20.00000 18.00000 9.00000 11.00000 16.00000 6.00000 16.00000 11.00000 13.00000 14.00000 13.00000 0.00000 11.00000 7.00000 21.00000 29.00000 19.00000 24.00000 32.00000
25.00000 7.00000 13.00000 19.00000 25.00000 19.00000 23.00000 14.00000 17.00000 12.00000 15.00000 3.00000 22.00000 7.00000 10.00000 3.00000 11.00000 13.00000 7.00000 10.00000 0.00000 12.00000 16.00000 26.00000 15.00000 21.00000 25.00000
33.00000 16.00000 19.00000 13.00000 33.00000 13.00000 32.00000 19.00000 25.00000 20.00000 9.00000 12.00000 16.00000 7.00000 18.00000 12.00000 18.00000 19.00000 15.00000 7.00000 12.00000 0.00000 24.00000 34.00000 24.00000 29.00000 33.00000
25.00000 13.00000 9.00000 29.00000 25.00000 29.00000 10.00000 17.00000 9.00000 8.00000 26.00000 15.00000 32.00000 19.00000 9.00000 17.00000 10.00000 9.00000 10.00000 21.00000 16.00000 24.00000 0.00000 17.00000 3.00000 12.00000 25.00000
38.00000 27.00000 18.00000 38.00000 38.00000 39.00000 17.00000 23.00000 13.00000 22.00000 35.00000 26.00000 42.00000 31.00000 23.00000 29.00000 20.00000 17.00000 23.00000 30.00000 28.00000 34.00000 17.00000 0.00000 19.00000 8.00000 38.00000
26.00000 14.00000 9.00000 28.00000 26.00000 28.00000 11.00000 16.00000 9.00000 9.00000 25.00000 15.00000 31.00000 19.00000 10.00000 17.00000 9.00000 9.00000 10.00000 20.00000 16.00000 24.00000 4.00000 18.00000 0.00000 13.00000 26.00000
34.00000 22.00000 13.00000 33.00000 34.00000 33.00000 13.00000 18.00000 8.00000 17.00000 29.00000 21.00000 36.00000 25.00000 19.00000 23.00000 14.00000 11.00000 19.00000 24.00000 22.00000 29.00000 13.00000 8.00000 15.00000 0.00000 34.00000
0.00000 19.00000 31.00000 40.00000 0.00000 40.00000 30.00000 34.00000 33.00000 22.00000 37.00000 24.00000 43.00000 29.00000 21.00000 24.00000 28.00000 32.00000 22.00000 31.00000 24.00000 32.00000 25.00000 39.00000 26.00000 34.00000 0.00000
p
0.0 0.0 0.0 0.0 0.0 0.0 
0.0 0.0 0.0 0.0 0.0 0.0 
0.0 0.0 0.0 0.0 0.0 0.0 
0.0 0.0 0.0 0.0 0.0 0.0 
0.0 0.0 0.0 0.0 0.0 0.0 
0 0 0 0 0 15 
0 0 0 0 0 15 
0 0 0 0 0 15 
0 0 0 0 0 15 
0 0 0 0 0 15 
58 0 0 0 0 0 
58 0 0 0 0 0 
58 0 0 0 0 0 
58 0 0 0 0 0 
58 0 0 0 0 0 
0 51 0 0 38 0 
0 51 0 0 38 0 
0 51 0 0 38 0 
0 51 0 0 38 0 
0 51 0 0 38 0 
0 0 0 0 0 29 
0 0 0 0 0 29 
0 0 0 0 0 29 
0 0 0 0 0 29 
0 0 0 0 0 29 
0 0 0 0 56 0 
0 0 0 0 56 0 
0 0 0 0 56 0 
0 0 0 0 56 0 
0 0 0 0 56 0 
35 0 0 0 19 0 
35 0 0 0 19 0 
35 0 0 0 19 0 
35 0 0 0 19 0 
35 0 0 0 19 0 
0 0 0 0 31 0 
0 0 0 0 31 0 
0 0 0 0 31 0 
0 0 0 0 31 0 
0 0 0 0 31 0 
0 0 0 32 0 0 
0 0 0 32 0 0 
0 0 0 32 0 0 
0 0 0 32 0 0 
0 0 0 32 0 0 
47 0 0 36 0 0 
47 0 0 36 0 0 
47 0 0 36 0 0 
47 0 0 36 0 0 
47 0 0 36 0 0 
0 0 0 0 0 22 
0 0 0 0 0 22 
0 0 0 0 0 22 
0 0 0 0 0 22 
0 0 0 0 0 22 
23 0 0 0 0 0 
23 0 0 0 0 0 
23 0 0 0 0 0 
23 0 0 0 0 0 
23 0 0 0 0 0 
0 0 0 0 31 0 
0 0 0 0 31 0 
0 0 0 0 31 0 
0 0 0 0 31 0 
0 0 0 0 31 0 
0 0 0 18 0 0 
0 0 0 18 0 0 
0 0 0 18 0 0 
0 0 0 18 0 0 
0 0 0 18 0 0 
32 0 0 0 40 0 
32 0 0 0 40 0 
32 0 0 0 40 0 
32 0 0 0 40 0 
32 0 0 0 40 0 
0 52 0 0 0 0 
0 52 0 0 0 0 
0 52 0 0 0 0 
0 52 0 0 0 0 
0 52 0 0 0 0 
44 0 0 0 0 0 
44 0 0 0 0 0 
44 0 0 0 0 0 
44 0 0 0 0 0 
44 0 0 0 0 0 
0 53 0 0 0 0 
0 53 0 0 0 0 
0 53 0 0 0 0 
0 53 0 0 0 0 
0 53 0 0 0 0 
44 0 0 0 0 0 
44 0 0 0 0 0 
44 0 0 0 0 0 
44 0 0 0 0 0 
44 0 0 0 0 0 
0 0 31 0 0 0 
0 0 31 0 0 0 
0 0 31 0 0 0 
0 0 31 0 0 0 
0 0 31 0 0 0 
38 0 0 45 0 0 
38 0 0 45 0 0 
38 0 0 45 0 0 
38 0 0 45 0 0 
38 0 0 45 0 0 
0 0 20 34 0 0 
0 0 20 34 0 0 
0 0 20 34 0 0 
0 0 20 34 0 0 
0 0 20 34 0 0 
0 18 0 0 0 59 
0 18 0 0 0 59 
0 18 0 0 0 59 
0 18 0 0 0 59 
0 18 0 0 0 59 
0 0 0 46 0 0 
0 0 0 46 0 0 
0 0 0 46 0 0 
0 0 0 46 0 0 
0 0 0 46 0 0 
0 0 0 56 0 0 
0 0 0 56 0 0 
0 0 0 56 0 0 
0 0 0 56 0 0 
0 0 0 56 0 0 
30 0 0 48 0 0 
30 0 0 48 0 0 
30 0 0 48 0 0 
30 0 0 48 0 0 
30 0 0 48 0 0 
0.0 0.0 0.0 0.0 0.0 0.0 
0.0 0.0 0.0 0.0 0.0 0.0 
0.0 0.0 0.0 0.0 0.0 0.0 
0.0 0.0 0.0 0.0 0.0 0.0 
0.0 0.0 0.0 0.0 0.0 0.0 
mind
0 0 0 0 0 0 26 0 0 13 0 0 0 0 0 0 0 0 0 0 0 0 18 0 0 10 0
maxd
0 0 0 0 0 0 28 0 0 24 0 0 0 0 0 0 0 0 0 0 0 0 26 0 0 16 0
e
0 801 497 845 639 548 573 642 911 925 649 541 533 699 745 958 558 805 844 907 508 609 605 485 826 594 0
l
99999 921 617 965 759 668 693 762 1031 1045 769 661 653 819 865 1078 678 925 964 1027 628 729 725 605 946 714 99999
