nbNodes
27
nbVehi
5
nbServi
6
r
1 1 1 1 1 1 
0 0 0 1 0 0 
0 1 0 0 0 0 
1 0 0 0 0 1 
0 0 0 0 1 0 
0 0 0 0 0 1 
0 0 0 0 1 0 
0 0 0 0 0 1 
0 0 1 0 1 0 
0 1 0 0 0 0 
0 0 0 0 0 1 
0 1 0 0 0 0 
0 1 0 0 0 0 
0 0 0 0 0 1 
0 0 0 0 0 1 
0 0 1 0 1 0 
0 1 0 0 0 0 
1 0 0 0 0 1 
1 0 0 0 0 1 
0 1 0 0 0 0 
0 0 1 0 0 1 
1 0 0 0 0 1 
0 1 0 0 0 0 
0 1 0 0 0 0 
0 1 0 0 0 1 
0 0 0 1 0 0 
1 1 1 1 1 1 
DS
4 9 16 18 19 21 22 25 
a
1 0 1 0 0 0 
0 1 0 0 0 0 
0 0 0 0 0 1 
0 0 0 1 1 1 
0 0 0 1 1 1 
x
-30.0163 -30.0153 -30.0702 -30.0653 -30.0177 -30.0279 -30.0108 -29.9923 -30.1167 -30.0289 -30.0711 -30.0425 -30.0218 -30.1126 -30.0302 -30.0611 -30.0163 -30.0108 -30.125 -30.0714 -30.0097 -30.0987 -30.1768 -30.0745 -30.1233 -30.1818 -30.0163
y
-51.2133 -51.1197 -51.1964 -51.2124 -51.2095 -51.2032 -51.1164 -51.1047 -51.2554 -51.1175 -51.2346 -51.1063 -51.2056 -51.1656 -51.2173 -51.2213 -51.2133 -51.1093 -51.2375 -51.2348 -51.1118 -51.2582 -51.1822 -51.2308 -51.2166 -51.1802 -51.2133
d
0.00000 17.00000 14.00000 12.00000 2.00000 5.00000 19.00000 18.00000 22.00000 20.00000 16.00000 21.00000 5.00000 27.00000 4.00000 12.00000 0.00000 21.00000 26.00000 16.00000 20.00000 20.00000 37.00000 15.00000 25.00000 38.00000 0.00000
19.00000 0.00000 19.00000 23.00000 18.00000 18.00000 4.00000 7.00000 32.00000 4.00000 28.00000 8.00000 18.00000 27.00000 19.00000 23.00000 19.00000 5.00000 33.00000 28.00000 4.00000 32.00000 44.00000 27.00000 32.00000 45.00000 19.00000
15.00000 20.00000 0.00000 5.00000 15.00000 11.00000 20.00000 24.00000 14.00000 18.00000 11.00000 18.00000 13.00000 17.00000 11.00000 8.00000 15.00000 22.00000 16.00000 11.00000 21.00000 14.00000 26.00000 9.00000 14.00000 27.00000 15.00000
13.00000 23.00000 6.00000 0.00000 13.00000 10.00000 24.00000 27.00000 15.00000 22.00000 8.00000 22.00000 12.00000 18.00000 10.00000 4.00000 13.00000 25.00000 16.00000 9.00000 25.00000 15.00000 27.00000 6.00000 15.00000 28.00000 13.00000
2.00000 16.00000 14.00000 12.00000 0.00000 5.00000 18.00000 18.00000 22.00000 19.00000 15.00000 20.00000 4.00000 27.00000 4.00000 11.00000 2.00000 20.00000 26.00000 15.00000 19.00000 20.00000 36.00000 15.00000 24.00000 38.00000 2.00000
5.00000 17.00000 11.00000 10.00000 6.00000 0.00000 19.00000 20.00000 21.00000 19.00000 14.00000 19.00000 3.00000 25.00000 5.00000 9.00000 5.00000 21.00000 24.00000 14.00000 20.00000 20.00000 34.00000 13.00000 22.00000 36.00000 5.00000
19.00000 3.00000 21.00000 24.00000 18.00000 18.00000 0.00000 6.00000 33.00000 6.00000 29.00000 9.00000 18.00000 28.00000 19.00000 24.00000 19.00000 3.00000 35.00000 29.00000 2.00000 34.00000 45.00000 28.00000 33.00000 47.00000 19.00000
21.00000 7.00000 25.00000 26.00000 20.00000 20.00000 6.00000 0.00000 37.00000 10.00000 31.00000 13.00000 20.00000 32.00000 20.00000 26.00000 21.00000 7.00000 39.00000 31.00000 6.00000 35.00000 49.00000 29.00000 37.00000 51.00000 21.00000
22.00000 31.00000 15.00000 15.00000 23.00000 21.00000 32.00000 36.00000 0.00000 30.00000 14.00000 30.00000 23.00000 20.00000 19.00000 14.00000 22.00000 33.00000 6.00000 15.00000 33.00000 5.00000 20.00000 12.00000 10.00000 21.00000 22.00000
21.00000 5.00000 19.00000 23.00000 20.00000 19.00000 6.00000 10.00000 32.00000 0.00000 28.00000 7.00000 20.00000 27.00000 20.00000 23.00000 21.00000 7.00000 34.00000 28.00000 7.00000 32.00000 44.00000 27.00000 32.00000 45.00000 21.00000
17.00000 28.00000 13.00000 9.00000 17.00000 14.00000 29.00000 31.00000 14.00000 27.00000 0.00000 27.00000 16.00000 24.00000 13.00000 6.00000 17.00000 30.00000 18.00000 1.00000 30.00000 13.00000 29.00000 3.00000 17.00000 30.00000 17.00000
22.00000 9.00000 19.00000 23.00000 20.00000 19.00000 9.00000 13.00000 32.00000 7.00000 28.00000 0.00000 20.00000 26.00000 20.00000 23.00000 22.00000 11.00000 33.00000 28.00000 10.00000 32.00000 43.00000 26.00000 31.00000 45.00000 22.00000
6.00000 17.00000 13.00000 11.00000 6.00000 4.00000 19.00000 21.00000 22.00000 20.00000 15.00000 20.00000 0.00000 26.00000 5.00000 10.00000 6.00000 21.00000 25.00000 15.00000 20.00000 21.00000 35.00000 14.00000 23.00000 37.00000 6.00000
28.00000 28.00000 18.00000 18.00000 28.00000 24.00000 28.00000 32.00000 21.00000 26.00000 24.00000 26.00000 26.00000 0.00000 24.00000 21.00000 28.00000 30.00000 18.00000 24.00000 29.00000 21.00000 18.00000 21.00000 13.00000 20.00000 28.00000
6.00000 18.00000 11.00000 8.00000 7.00000 4.00000 21.00000 20.00000 18.00000 19.00000 12.00000 19.00000 6.00000 24.00000 0.00000 8.00000 6.00000 22.00000 22.00000 12.00000 22.00000 17.00000 33.00000 11.00000 21.00000 34.00000 6.00000
12.00000 22.00000 8.00000 3.00000 12.00000 9.00000 23.00000 26.00000 14.00000 21.00000 6.00000 21.00000 11.00000 20.00000 8.00000 0.00000 12.00000 25.00000 19.00000 6.00000 24.00000 13.00000 29.00000 5.00000 17.00000 30.00000 12.00000
0.00000 17.00000 14.00000 12.00000 2.00000 5.00000 19.00000 18.00000 22.00000 20.00000 16.00000 21.00000 5.00000 27.00000 4.00000 12.00000 0.00000 21.00000 26.00000 16.00000 20.00000 20.00000 37.00000 15.00000 25.00000 38.00000 0.00000
20.00000 5.00000 22.00000 25.00000 19.00000 19.00000 3.00000 7.00000 35.00000 7.00000 30.00000 11.00000 19.00000 30.00000 20.00000 25.00000 20.00000 0.00000 36.00000 30.00000 1.00000 35.00000 47.00000 29.00000 35.00000 48.00000 20.00000
25.00000 33.00000 17.00000 17.00000 26.00000 24.00000 34.00000 38.00000 5.00000 32.00000 18.00000 32.00000 26.00000 18.00000 22.00000 17.00000 25.00000 35.00000 0.00000 18.00000 35.00000 8.00000 16.00000 15.00000 6.00000 18.00000 25.00000
17.00000 28.00000 13.00000 9.00000 18.00000 14.00000 29.00000 31.00000 15.00000 27.00000 1.00000 27.00000 16.00000 24.00000 13.00000 7.00000 17.00000 31.00000 19.00000 0.00000 30.00000 13.00000 29.00000 3.00000 17.00000 30.00000 17.00000
20.00000 4.00000 22.00000 25.00000 19.00000 19.00000 2.00000 6.00000 35.00000 7.00000 30.00000 10.00000 19.00000 29.00000 20.00000 25.00000 20.00000 2.00000 36.00000 30.00000 0.00000 35.00000 46.00000 28.00000 34.00000 48.00000 20.00000
22.00000 32.00000 16.00000 15.00000 23.00000 20.00000 32.00000 36.00000 5.00000 30.00000 14.00000 30.00000 22.00000 22.00000 18.00000 13.00000 22.00000 34.00000 10.00000 14.00000 33.00000 0.00000 23.00000 12.00000 12.00000 25.00000 22.00000
38.00000 43.00000 27.00000 27.00000 38.00000 34.00000 44.00000 48.00000 20.00000 42.00000 28.00000 42.00000 36.00000 18.00000 34.00000 30.00000 38.00000 45.00000 16.00000 29.00000 45.00000 23.00000 0.00000 26.00000 16.00000 2.00000 38.00000
16.00000 26.00000 11.00000 7.00000 16.00000 13.00000 27.00000 30.00000 13.00000 25.00000 3.00000 25.00000 15.00000 22.00000 12.00000 6.00000 16.00000 29.00000 16.00000 3.00000 28.00000 11.00000 26.00000 0.00000 14.00000 28.00000 16.00000
25.00000 31.00000 15.00000 14.00000 25.00000 21.00000 31.00000 35.00000 11.00000 29.00000 16.00000 29.00000 23.00000 13.00000 21.00000 17.00000 25.00000 33.00000 6.00000 16.00000 32.00000 12.00000 16.00000 13.00000 0.00000 18.00000 25.00000
39.00000 45.00000 29.00000 29.00000 39.00000 36.00000 46.00000 49.00000 22.00000 44.00000 30.00000 44.00000 38.00000 20.00000 36.00000 32.00000 39.00000 47.00000 18.00000 30.00000 46.00000 24.00000 2.00000 28.00000 17.00000 0.00000 39.00000
0.00000 17.00000 14.00000 12.00000 2.00000 5.00000 19.00000 18.00000 22.00000 20.00000 16.00000 21.00000 5.00000 27.00000 4.00000 12.00000 0.00000 21.00000 26.00000 16.00000 20.00000 20.00000 37.00000 15.00000 25.00000 38.00000 0.00000
p
0.0 0.0 0.0 0.0 0.0 0.0 
0.0 0.0 0.0 0.0 0.0 0.0 
0.0 0.0 0.0 0.0 0.0 0.0 
0.0 0.0 0.0 0.0 0.0 0.0 
0.0 0.0 0.0 0.0 0.0 0.0 
0 0 0 34 0 0 
0 0 0 34 0 0 
0 0 0 34 0 0 
0 0 0 34 0 0 
0 0 0 34 0 0 
0 54 0 0 0 0 
0 54 0 0 0 0 
0 54 0 0 0 0 
0 54 0 0 0 0 
0 54 0 0 0 0 
51 0 0 0 0 24 
51 0 0 0 0 24 
51 0 0 0 0 24 
51 0 0 0 0 24 
51 0 0 0 0 24 
0 0 0 0 59 0 
0 0 0 0 59 0 
0 0 0 0 59 0 
0 0 0 0 59 0 
0 0 0 0 59 0 
0 0 0 0 0 15 
0 0 0 0 0 15 
0 0 0 0 0 15 
0 0 0 0 0 15 
0 0 0 0 0 15 
0 0 0 0 18 0 
0 0 0 0 18 0 
0 0 0 0 18 0 
0 0 0 0 18 0 
0 0 0 0 18 0 
0 0 0 0 0 21 
0 0 0 0 0 21 
0 0 0 0 0 21 
0 0 0 0 0 21 
0 0 0 0 0 21 
0 0 25 0 15 0 
0 0 25 0 15 0 
0 0 25 0 15 0 
0 0 25 0 15 0 
0 0 25 0 15 0 
0 36 0 0 0 0 
0 36 0 0 0 0 
0 36 0 0 0 0 
0 36 0 0 0 0 
0 36 0 0 0 0 
0 0 0 0 0 35 
0 0 0 0 0 35 
0 0 0 0 0 35 
0 0 0 0 0 35 
0 0 0 0 0 35 
0 50 0 0 0 0 
0 50 0 0 0 0 
0 50 0 0 0 0 
0 50 0 0 0 0 
0 50 0 0 0 0 
0 18 0 0 0 0 
0 18 0 0 0 0 
0 18 0 0 0 0 
0 18 0 0 0 0 
0 18 0 0 0 0 
0 0 0 0 0 49 
0 0 0 0 0 49 
0 0 0 0 0 49 
0 0 0 0 0 49 
0 0 0 0 0 49 
0 0 0 0 0 39 
0 0 0 0 0 39 
0 0 0 0 0 39 
0 0 0 0 0 39 
0 0 0 0 0 39 
0 0 54 0 56 0 
0 0 54 0 56 0 
0 0 54 0 56 0 
0 0 54 0 56 0 
0 0 54 0 56 0 
0 19 0 0 0 0 
0 19 0 0 0 0 
0 19 0 0 0 0 
0 19 0 0 0 0 
0 19 0 0 0 0 
27 0 0 0 0 26 
27 0 0 0 0 26 
27 0 0 0 0 26 
27 0 0 0 0 26 
27 0 0 0 0 26 
36 0 0 0 0 43 
36 0 0 0 0 43 
36 0 0 0 0 43 
36 0 0 0 0 43 
36 0 0 0 0 43 
0 28 0 0 0 0 
0 28 0 0 0 0 
0 28 0 0 0 0 
0 28 0 0 0 0 
0 28 0 0 0 0 
0 0 50 0 0 17 
0 0 50 0 0 17 
0 0 50 0 0 17 
0 0 50 0 0 17 
0 0 50 0 0 17 
38 0 0 0 0 30 
38 0 0 0 0 30 
38 0 0 0 0 30 
38 0 0 0 0 30 
38 0 0 0 0 30 
0 28 0 0 0 0 
0 28 0 0 0 0 
0 28 0 0 0 0 
0 28 0 0 0 0 
0 28 0 0 0 0 
0 31 0 0 0 0 
0 31 0 0 0 0 
0 31 0 0 0 0 
0 31 0 0 0 0 
0 31 0 0 0 0 
0 18 0 0 0 36 
0 18 0 0 0 36 
0 18 0 0 0 36 
0 18 0 0 0 36 
0 18 0 0 0 36 
0 0 0 23 0 0 
0 0 0 23 0 0 
0 0 0 23 0 0 
0 0 0 23 0 0 
0 0 0 23 0 0 
0.0 0.0 0.0 0.0 0.0 0.0 
0.0 0.0 0.0 0.0 0.0 0.0 
0.0 0.0 0.0 0.0 0.0 0.0 
0.0 0.0 0.0 0.0 0.0 0.0 
0.0 0.0 0.0 0.0 0.0 0.0 
mind
0 0 0 0 0 0 0 0 20 0 0 0 0 0 0 0 0 0 19 0 0 10 0 0 16 0 0
maxd
0 0 0 0 0 0 0 0 21 0 0 0 0 0 0 0 0 0 20 0 0 13 0 0 19 0 0
e
0 955 553 742 679 738 613 764 913 883 815 536 536 597 643 876 910 619 567 944 915 613 622 773 727 639 0
l
99999 1075 673 862 799 858 733 884 1033 1003 935 656 656 717 763 996 1030 739 687 1064 1035 733 742 893 847 759 99999
