nbNodes
27
nbVehi
5
nbServi
6
r
1 1 1 1 1 1 
0 1 0 0 1 0 
0 1 0 0 0 1 
0 0 0 0 1 0 
0 0 1 0 0 0 
0 0 0 0 0 1 
0 1 0 0 0 0 
0 0 0 0 1 0 
0 0 1 0 1 0 
0 0 0 0 1 0 
0 1 0 0 1 0 
0 0 0 0 1 0 
0 1 0 1 0 0 
0 1 0 1 0 0 
0 0 0 0 1 0 
1 0 0 0 0 0 
0 0 1 0 0 0 
0 1 0 0 0 0 
0 0 0 1 0 0 
0 0 0 1 0 0 
0 1 0 0 0 0 
0 1 0 0 1 0 
0 1 0 0 1 0 
0 0 0 1 0 0 
0 1 0 0 0 0 
0 1 0 0 0 0 
1 1 1 1 1 1 
DS
2 3 9 11 13 14 22 23 
a
1 1 1 0 0 0 
1 0 1 0 0 0 
0 0 0 1 0 1 
0 0 0 1 0 0 
0 0 0 0 1 0 
x
-30.0817 -30.0759 -30.0248 -30.0226 -30.0146 -30.0107 -30.0833 -30.0931 -30.0043 -30.0035 -30.0234 -30.0186 -30.0156 -30.0817 -30.0591 -30.0627 -30.0835 -30.0674 -30.071 -30.0774 -30.0538 -30.0961 -30.0805 -30.1133 -30.0679 -30.1747 -30.0817
y
-51.1622 -51.2281 -51.1094 -51.1153 -51.1223 -51.1314 -51.2267 -51.231 -51.2067 -51.0934 -51.0994 -51.1977 -51.1127 -51.1622 -51.215 -51.2049 -51.2291 -51.1926 -51.2209 -51.2311 -51.2066 -51.1409 -51.1654 -51.154 -51.223 -51.1853 -51.1622
d
0.00000 22.00000 22.00000 21.00000 23.00000 23.00000 22.00000 21.00000 25.00000 28.00000 24.00000 22.00000 22.00000 0.00000 18.00000 19.00000 23.00000 15.00000 21.00000 23.00000 17.00000 18.00000 8.00000 23.00000 21.00000 33.00000 0.00000
22.00000 0.00000 27.00000 26.00000 26.00000 26.00000 4.00000 8.00000 18.00000 32.00000 29.00000 14.00000 27.00000 22.00000 6.00000 9.00000 4.00000 11.00000 3.00000 1.00000 9.00000 25.00000 19.00000 24.00000 4.00000 27.00000 22.00000
22.00000 28.00000 0.00000 3.00000 6.00000 6.00000 27.00000 27.00000 19.00000 8.00000 4.00000 18.00000 4.00000 22.00000 23.00000 24.00000 28.00000 20.00000 27.00000 28.00000 22.00000 21.00000 22.00000 27.00000 26.00000 46.00000 22.00000
21.00000 26.00000 3.00000 0.00000 5.00000 5.00000 26.00000 26.00000 18.00000 9.00000 5.00000 17.00000 4.00000 21.00000 22.00000 23.00000 27.00000 19.00000 26.00000 27.00000 21.00000 20.00000 21.00000 26.00000 25.00000 45.00000 21.00000
21.00000 26.00000 4.00000 4.00000 0.00000 4.00000 26.00000 26.00000 16.00000 8.00000 6.00000 16.00000 2.00000 21.00000 22.00000 23.00000 27.00000 19.00000 25.00000 27.00000 21.00000 20.00000 21.00000 26.00000 25.00000 45.00000 21.00000
24.00000 24.00000 8.00000 7.00000 4.00000 0.00000 27.00000 27.00000 13.00000 11.00000 9.00000 13.00000 5.00000 24.00000 19.00000 21.00000 27.00000 20.00000 23.00000 25.00000 19.00000 23.00000 24.00000 29.00000 22.00000 46.00000 24.00000
22.00000 4.00000 27.00000 26.00000 27.00000 28.00000 0.00000 5.00000 21.00000 32.00000 29.00000 17.00000 26.00000 22.00000 9.00000 10.00000 2.00000 12.00000 5.00000 3.00000 11.00000 24.00000 19.00000 24.00000 7.00000 24.00000 22.00000
22.00000 6.00000 27.00000 26.00000 28.00000 28.00000 5.00000 0.00000 23.00000 32.00000 29.00000 19.00000 27.00000 22.00000 12.00000 11.00000 5.00000 13.00000 8.00000 7.00000 12.00000 25.00000 19.00000 21.00000 9.00000 23.00000 22.00000
23.00000 18.00000 18.00000 17.00000 14.00000 14.00000 21.00000 21.00000 0.00000 21.00000 19.00000 6.00000 15.00000 23.00000 13.00000 14.00000 20.00000 16.00000 16.00000 18.00000 13.00000 25.00000 21.00000 31.00000 15.00000 40.00000 23.00000
27.00000 32.00000 8.00000 9.00000 9.00000 9.00000 33.00000 32.00000 21.00000 0.00000 7.00000 21.00000 8.00000 27.00000 27.00000 29.00000 34.00000 25.00000 31.00000 33.00000 27.00000 26.00000 27.00000 32.00000 30.00000 51.00000 27.00000
24.00000 29.00000 4.00000 5.00000 7.00000 7.00000 29.00000 28.00000 20.00000 7.00000 0.00000 19.00000 5.00000 24.00000 25.00000 25.00000 30.00000 22.00000 28.00000 30.00000 23.00000 23.00000 24.00000 29.00000 27.00000 47.00000 24.00000
21.00000 14.00000 18.00000 17.00000 14.00000 14.00000 17.00000 17.00000 7.00000 21.00000 20.00000 0.00000 15.00000 21.00000 9.00000 11.00000 17.00000 12.00000 13.00000 15.00000 9.00000 23.00000 19.00000 29.00000 12.00000 36.00000 21.00000
23.00000 28.00000 4.00000 4.00000 5.00000 5.00000 28.00000 27.00000 17.00000 6.00000 5.00000 17.00000 0.00000 23.00000 23.00000 24.00000 29.00000 21.00000 27.00000 29.00000 22.00000 22.00000 23.00000 28.00000 26.00000 46.00000 23.00000
0.00000 22.00000 22.00000 21.00000 23.00000 23.00000 22.00000 21.00000 25.00000 28.00000 24.00000 22.00000 22.00000 0.00000 18.00000 19.00000 23.00000 15.00000 21.00000 23.00000 17.00000 18.00000 8.00000 23.00000 21.00000 33.00000 0.00000
17.00000 7.00000 22.00000 21.00000 21.00000 21.00000 9.00000 11.00000 13.00000 28.00000 24.00000 9.00000 22.00000 17.00000 0.00000 4.00000 9.00000 7.00000 5.00000 7.00000 4.00000 20.00000 15.00000 22.00000 4.00000 30.00000 17.00000
17.00000 9.00000 23.00000 22.00000 22.00000 22.00000 10.00000 9.00000 14.00000 28.00000 25.00000 10.00000 23.00000 17.00000 4.00000 0.00000 10.00000 5.00000 7.00000 10.00000 3.00000 20.00000 15.00000 20.00000 8.00000 28.00000 17.00000
22.00000 4.00000 28.00000 27.00000 28.00000 29.00000 2.00000 6.00000 21.00000 33.00000 30.00000 17.00000 27.00000 22.00000 9.00000 10.00000 0.00000 13.00000 5.00000 4.00000 11.00000 25.00000 20.00000 24.00000 6.00000 25.00000 22.00000
14.00000 10.00000 21.00000 19.00000 21.00000 21.00000 10.00000 9.00000 16.00000 26.00000 22.00000 12.00000 20.00000 14.00000 7.00000 5.00000 11.00000 0.00000 9.00000 11.00000 7.00000 17.00000 11.00000 21.00000 10.00000 28.00000 14.00000
21.00000 3.00000 26.00000 25.00000 24.00000 24.00000 6.00000 9.00000 17.00000 31.00000 27.00000 13.00000 25.00000 21.00000 4.00000 7.00000 5.00000 10.00000 0.00000 4.00000 7.00000 24.00000 18.00000 23.00000 2.00000 28.00000 21.00000
22.00000 1.00000 28.00000 27.00000 26.00000 26.00000 3.00000 7.00000 19.00000 33.00000 29.00000 15.00000 27.00000 22.00000 7.00000 10.00000 3.00000 12.00000 4.00000 0.00000 9.00000 25.00000 20.00000 25.00000 4.00000 26.00000 22.00000
15.00000 9.00000 21.00000 20.00000 20.00000 20.00000 11.00000 10.00000 12.00000 26.00000 22.00000 8.00000 20.00000 15.00000 4.00000 4.00000 11.00000 6.00000 8.00000 10.00000 0.00000 18.00000 13.00000 22.00000 7.00000 29.00000 15.00000
19.00000 25.00000 21.00000 20.00000 22.00000 22.00000 25.00000 24.00000 26.00000 27.00000 23.00000 23.00000 21.00000 19.00000 21.00000 21.00000 26.00000 17.00000 24.00000 25.00000 19.00000 0.00000 20.00000 9.00000 23.00000 28.00000 19.00000
8.00000 19.00000 22.00000 21.00000 23.00000 23.00000 19.00000 18.00000 23.00000 28.00000 24.00000 20.00000 22.00000 8.00000 16.00000 16.00000 20.00000 12.00000 18.00000 20.00000 14.00000 18.00000 0.00000 24.00000 18.00000 35.00000 8.00000
23.00000 24.00000 27.00000 26.00000 28.00000 28.00000 22.00000 20.00000 32.00000 33.00000 29.00000 28.00000 27.00000 23.00000 22.00000 20.00000 23.00000 22.00000 23.00000 24.00000 22.00000 9.00000 25.00000 0.00000 25.00000 23.00000 23.00000
20.00000 4.00000 25.00000 24.00000 23.00000 24.00000 7.00000 10.00000 16.00000 30.00000 27.00000 12.00000 25.00000 20.00000 4.00000 7.00000 6.00000 10.00000 2.00000 5.00000 6.00000 23.00000 18.00000 25.00000 0.00000 29.00000 20.00000
33.00000 26.00000 45.00000 43.00000 45.00000 45.00000 24.00000 21.00000 40.00000 50.00000 46.00000 37.00000 44.00000 33.00000 30.00000 29.00000 25.00000 30.00000 28.00000 26.00000 30.00000 28.00000 35.00000 23.00000 29.00000 0.00000 33.00000
0.00000 22.00000 22.00000 21.00000 23.00000 23.00000 22.00000 21.00000 25.00000 28.00000 24.00000 22.00000 22.00000 0.00000 18.00000 19.00000 23.00000 15.00000 21.00000 23.00000 17.00000 18.00000 8.00000 23.00000 21.00000 33.00000 0.00000
p
0.0 0.0 0.0 0.0 0.0 0.0 
0.0 0.0 0.0 0.0 0.0 0.0 
0.0 0.0 0.0 0.0 0.0 0.0 
0.0 0.0 0.0 0.0 0.0 0.0 
0.0 0.0 0.0 0.0 0.0 0.0 
0 40 0 0 54 0 
0 40 0 0 54 0 
0 40 0 0 54 0 
0 40 0 0 54 0 
0 40 0 0 54 0 
0 49 0 0 0 26 
0 49 0 0 0 26 
0 49 0 0 0 26 
0 49 0 0 0 26 
0 49 0 0 0 26 
0 0 0 0 52 0 
0 0 0 0 52 0 
0 0 0 0 52 0 
0 0 0 0 52 0 
0 0 0 0 52 0 
0 0 47 0 0 0 
0 0 47 0 0 0 
0 0 47 0 0 0 
0 0 47 0 0 0 
0 0 47 0 0 0 
0 0 0 0 0 58 
0 0 0 0 0 58 
0 0 0 0 0 58 
0 0 0 0 0 58 
0 0 0 0 0 58 
0 57 0 0 0 0 
0 57 0 0 0 0 
0 57 0 0 0 0 
0 57 0 0 0 0 
0 57 0 0 0 0 
0 0 0 0 47 0 
0 0 0 0 47 0 
0 0 0 0 47 0 
0 0 0 0 47 0 
0 0 0 0 47 0 
0 0 33 0 17 0 
0 0 33 0 17 0 
0 0 33 0 17 0 
0 0 33 0 17 0 
0 0 33 0 17 0 
0 0 0 0 25 0 
0 0 0 0 25 0 
0 0 0 0 25 0 
0 0 0 0 25 0 
0 0 0 0 25 0 
0 43 0 0 19 0 
0 43 0 0 19 0 
0 43 0 0 19 0 
0 43 0 0 19 0 
0 43 0 0 19 0 
0 0 0 0 29 0 
0 0 0 0 29 0 
0 0 0 0 29 0 
0 0 0 0 29 0 
0 0 0 0 29 0 
0 39 0 15 0 0 
0 39 0 15 0 0 
0 39 0 15 0 0 
0 39 0 15 0 0 
0 39 0 15 0 0 
0 32 0 45 0 0 
0 32 0 45 0 0 
0 32 0 45 0 0 
0 32 0 45 0 0 
0 32 0 45 0 0 
0 0 0 0 29 0 
0 0 0 0 29 0 
0 0 0 0 29 0 
0 0 0 0 29 0 
0 0 0 0 29 0 
36 0 0 0 0 0 
36 0 0 0 0 0 
36 0 0 0 0 0 
36 0 0 0 0 0 
36 0 0 0 0 0 
0 0 24 0 0 0 
0 0 24 0 0 0 
0 0 24 0 0 0 
0 0 24 0 0 0 
0 0 24 0 0 0 
0 48 0 0 0 0 
0 48 0 0 0 0 
0 48 0 0 0 0 
0 48 0 0 0 0 
0 48 0 0 0 0 
0 0 0 21 0 0 
0 0 0 21 0 0 
0 0 0 21 0 0 
0 0 0 21 0 0 
0 0 0 21 0 0 
0 0 0 27 0 0 
0 0 0 27 0 0 
0 0 0 27 0 0 
0 0 0 27 0 0 
0 0 0 27 0 0 
0 25 0 0 0 0 
0 25 0 0 0 0 
0 25 0 0 0 0 
0 25 0 0 0 0 
0 25 0 0 0 0 
0 38 0 0 58 0 
0 38 0 0 58 0 
0 38 0 0 58 0 
0 38 0 0 58 0 
0 38 0 0 58 0 
0 52 0 0 43 0 
0 52 0 0 43 0 
0 52 0 0 43 0 
0 52 0 0 43 0 
0 52 0 0 43 0 
0 0 0 19 0 0 
0 0 0 19 0 0 
0 0 0 19 0 0 
0 0 0 19 0 0 
0 0 0 19 0 0 
0 41 0 0 0 0 
0 41 0 0 0 0 
0 41 0 0 0 0 
0 41 0 0 0 0 
0 41 0 0 0 0 
0 20 0 0 0 0 
0 20 0 0 0 0 
0 20 0 0 0 0 
0 20 0 0 0 0 
0 20 0 0 0 0 
0.0 0.0 0.0 0.0 0.0 0.0 
0.0 0.0 0.0 0.0 0.0 0.0 
0.0 0.0 0.0 0.0 0.0 0.0 
0.0 0.0 0.0 0.0 0.0 0.0 
0.0 0.0 0.0 0.0 0.0 0.0 
mind
0 0 0 0 0 0 0 0 18 0 15 0 0 27 0 0 0 0 0 0 0 0 18 0 0 0 0
maxd
0 0 0 0 0 0 0 0 29 0 30 0 0 28 0 0 0 0 0 0 0 0 29 0 0 0 0
e
0 812 553 669 669 764 833 885 717 515 774 580 616 624 486 657 664 806 816 800 538 772 717 876 481 744 0
l
99999 932 673 789 789 884 953 1005 837 635 894 700 736 744 606 777 784 926 936 920 658 892 837 996 601 864 99999
