nbNodes
27
nbVehi
5
nbServi
6
r
1 1 1 1 1 1 
0 1 0 0 0 1 
1 0 0 0 0 0 
0 0 1 0 0 0 
0 0 1 0 0 0 
0 0 0 1 0 0 
1 0 0 1 0 0 
0 0 1 0 0 1 
0 0 1 0 0 0 
0 0 0 0 0 1 
1 0 0 1 0 0 
0 0 1 0 0 0 
0 0 1 0 1 0 
1 0 0 1 0 0 
0 0 1 0 0 0 
0 1 0 0 0 0 
1 0 0 1 0 0 
0 0 1 0 1 0 
1 0 0 0 0 0 
0 0 0 0 1 0 
0 0 1 0 0 0 
0 0 0 1 0 0 
0 1 0 0 0 0 
1 0 0 0 0 0 
0 0 0 0 1 0 
0 0 0 1 0 0 
1 1 1 1 1 1 
DS
2 7 8 11 13 14 17 18 
a
1 1 1 0 0 0 
0 1 1 0 0 0 
0 0 0 1 0 0 
0 0 0 1 0 1 
0 0 0 1 1 1 
x
-30.0558 -29.9832 -30.0307 -30.0704 -29.9915 -29.9951 -30.0796 -30.1247 -30.0472 -30.0441 -30.0782 -30.0779 -30.0336 -30.0282 -30.0796 -30.0477 -30.0558 -30.0176 -30.0558 -30.0118 -30.0463 -30.081 -30.0308 -30.035 -29.9889 -30.0046 -30.0558
y
-51.1616 -51.1974 -51.1152 -51.1517 -51.1046 -51.1365 -51.167 -51.22 -51.1901 -51.1504 -51.2368 -51.2002 -51.1316 -51.1714 -51.2129 -51.128 -51.1684 -51.2026 -51.1616 -51.0942 -51.1462 -51.1666 -51.2242 -51.1688 -51.1095 -51.0885 -51.1616
d
0.00000 17.00000 11.00000 5.00000 18.00000 16.00000 9.00000 20.00000 8.00000 5.00000 18.00000 10.00000 10.00000 9.00000 12.00000 10.00000 3.00000 13.00000 0.00000 17.00000 6.00000 11.00000 13.00000 7.00000 18.00000 20.00000 0.00000
17.00000 0.00000 22.00000 22.00000 16.00000 14.00000 23.00000 29.00000 16.00000 17.00000 21.00000 19.00000 20.00000 13.00000 21.00000 22.00000 16.00000 8.00000 17.00000 20.00000 18.00000 25.00000 11.00000 15.00000 14.00000 21.00000 17.00000
12.00000 21.00000 0.00000 13.00000 9.00000 10.00000 19.00000 31.00000 16.00000 8.00000 28.00000 21.00000 7.00000 14.00000 22.00000 7.00000 13.00000 19.00000 12.00000 8.00000 8.00000 21.00000 20.00000 12.00000 9.00000 12.00000 12.00000
6.00000 21.00000 13.00000 0.00000 20.00000 20.00000 12.00000 24.00000 13.00000 10.00000 22.00000 14.00000 12.00000 13.00000 15.00000 12.00000 7.00000 18.00000 6.00000 18.00000 8.00000 14.00000 16.00000 11.00000 20.00000 22.00000 6.00000
18.00000 19.00000 11.00000 19.00000 0.00000 8.00000 25.00000 36.00000 22.00000 14.00000 32.00000 27.00000 13.00000 17.00000 28.00000 13.00000 19.00000 19.00000 18.00000 6.00000 14.00000 27.00000 21.00000 17.00000 3.00000 7.00000 18.00000
17.00000 13.00000 11.00000 18.00000 8.00000 0.00000 24.00000 34.00000 19.00000 13.00000 29.00000 24.00000 12.00000 13.00000 26.00000 13.00000 17.00000 14.00000 17.00000 10.00000 13.00000 26.00000 18.00000 13.00000 8.00000 13.00000 17.00000
9.00000 23.00000 19.00000 11.00000 26.00000 24.00000 0.00000 23.00000 13.00000 13.00000 21.00000 13.00000 18.00000 15.00000 15.00000 18.00000 8.00000 19.00000 9.00000 24.00000 14.00000 4.00000 16.00000 13.00000 26.00000 28.00000 9.00000
18.00000 28.00000 28.00000 21.00000 34.00000 32.00000 21.00000 0.00000 19.00000 22.00000 12.00000 12.00000 26.00000 21.00000 10.00000 27.00000 17.00000 23.00000 18.00000 33.00000 23.00000 23.00000 19.00000 21.00000 34.00000 37.00000 18.00000
7.00000 16.00000 14.00000 12.00000 21.00000 18.00000 13.00000 19.00000 0.00000 9.00000 16.00000 9.00000 13.00000 8.00000 11.00000 13.00000 6.00000 10.00000 7.00000 19.00000 9.00000 15.00000 9.00000 7.00000 21.00000 23.00000 7.00000
6.00000 16.00000 8.00000 9.00000 14.00000 13.00000 13.00000 24.00000 10.00000 0.00000 22.00000 14.00000 6.00000 8.00000 15.00000 7.00000 6.00000 13.00000 6.00000 13.00000 3.00000 15.00000 14.00000 6.00000 14.00000 17.00000 6.00000
17.00000 21.00000 27.00000 20.00000 31.00000 28.00000 21.00000 14.00000 16.00000 22.00000 0.00000 11.00000 26.00000 20.00000 9.00000 26.00000 16.00000 18.00000 17.00000 32.00000 22.00000 23.00000 13.00000 20.00000 30.00000 36.00000 17.00000
8.00000 18.00000 18.00000 12.00000 25.00000 23.00000 12.00000 14.00000 9.00000 13.00000 12.00000 0.00000 17.00000 12.00000 5.00000 17.00000 7.00000 13.00000 8.00000 23.00000 13.00000 14.00000 9.00000 11.00000 25.00000 27.00000 8.00000
10.00000 20.00000 6.00000 10.00000 13.00000 11.00000 17.00000 28.00000 13.00000 6.00000 26.00000 18.00000 0.00000 11.00000 20.00000 6.00000 11.00000 16.00000 10.00000 12.00000 6.00000 19.00000 17.00000 10.00000 13.00000 15.00000 10.00000
9.00000 13.00000 12.00000 13.00000 16.00000 12.00000 15.00000 25.00000 9.00000 7.00000 21.00000 15.00000 10.00000 0.00000 16.00000 11.00000 8.00000 9.00000 9.00000 16.00000 7.00000 17.00000 12.00000 4.00000 16.00000 20.00000 9.00000
10.00000 21.00000 20.00000 13.00000 27.00000 24.00000 14.00000 11.00000 11.00000 14.00000 9.00000 4.00000 19.00000 13.00000 0.00000 19.00000 9.00000 15.00000 10.00000 25.00000 15.00000 16.00000 12.00000 13.00000 27.00000 29.00000 10.00000
11.00000 21.00000 6.00000 12.00000 13.00000 14.00000 19.00000 30.00000 15.00000 7.00000 27.00000 20.00000 6.00000 13.00000 21.00000 0.00000 12.00000 18.00000 11.00000 11.00000 8.00000 21.00000 19.00000 11.00000 13.00000 15.00000 11.00000
1.00000 16.00000 12.00000 6.00000 19.00000 17.00000 8.00000 19.00000 7.00000 6.00000 17.00000 9.00000 11.00000 8.00000 11.00000 11.00000 0.00000 12.00000 1.00000 17.00000 7.00000 10.00000 11.00000 6.00000 19.00000 21.00000 1.00000
12.00000 8.00000 18.00000 16.00000 18.00000 13.00000 17.00000 22.00000 9.00000 12.00000 16.00000 12.00000 16.00000 7.00000 14.00000 17.00000 11.00000 0.00000 12.00000 18.00000 13.00000 19.00000 6.00000 10.00000 18.00000 22.00000 12.00000
0.00000 17.00000 11.00000 5.00000 18.00000 16.00000 9.00000 20.00000 8.00000 5.00000 18.00000 10.00000 10.00000 9.00000 12.00000 10.00000 3.00000 13.00000 0.00000 17.00000 6.00000 11.00000 13.00000 7.00000 18.00000 20.00000 0.00000
18.00000 22.00000 10.00000 18.00000 7.00000 11.00000 25.00000 36.00000 21.00000 14.00000 34.00000 26.00000 12.00000 19.00000 28.00000 13.00000 19.00000 20.00000 18.00000 0.00000 14.00000 27.00000 24.00000 18.00000 8.00000 5.00000 18.00000
6.00000 17.00000 7.00000 7.00000 14.00000 13.00000 14.00000 25.00000 10.00000 3.00000 23.00000 15.00000 6.00000 9.00000 16.00000 6.00000 7.00000 13.00000 6.00000 12.00000 0.00000 16.00000 14.00000 7.00000 14.00000 16.00000 6.00000
11.00000 25.00000 21.00000 13.00000 28.00000 26.00000 4.00000 25.00000 15.00000 15.00000 23.00000 15.00000 20.00000 17.00000 17.00000 20.00000 11.00000 21.00000 11.00000 26.00000 16.00000 0.00000 18.00000 15.00000 28.00000 30.00000 11.00000
13.00000 10.00000 20.00000 17.00000 20.00000 17.00000 18.00000 21.00000 9.00000 14.00000 13.00000 11.00000 18.00000 10.00000 13.00000 19.00000 12.00000 7.00000 13.00000 23.00000 15.00000 20.00000 0.00000 13.00000 19.00000 25.00000 13.00000
6.00000 14.00000 11.00000 10.00000 18.00000 14.00000 12.00000 22.00000 7.00000 5.00000 20.00000 12.00000 10.00000 5.00000 13.00000 10.00000 5.00000 10.00000 6.00000 16.00000 6.00000 14.00000 11.00000 0.00000 18.00000 20.00000 6.00000
17.00000 18.00000 10.00000 18.00000 2.00000 7.00000 25.00000 36.00000 21.00000 13.00000 31.00000 26.00000 12.00000 16.00000 27.00000 12.00000 18.00000 18.00000 17.00000 6.00000 13.00000 27.00000 20.00000 16.00000 0.00000 7.00000 17.00000
21.00000 24.00000 12.00000 21.00000 7.00000 14.00000 28.00000 39.00000 24.00000 17.00000 36.00000 29.00000 15.00000 21.00000 30.00000 16.00000 21.00000 23.00000 21.00000 5.00000 17.00000 30.00000 27.00000 21.00000 8.00000 0.00000 21.00000
0.00000 17.00000 11.00000 5.00000 18.00000 16.00000 9.00000 20.00000 8.00000 5.00000 18.00000 10.00000 10.00000 9.00000 12.00000 10.00000 3.00000 13.00000 0.00000 17.00000 6.00000 11.00000 13.00000 7.00000 18.00000 20.00000 0.00000
p
0.0 0.0 0.0 0.0 0.0 0.0 
0.0 0.0 0.0 0.0 0.0 0.0 
0.0 0.0 0.0 0.0 0.0 0.0 
0.0 0.0 0.0 0.0 0.0 0.0 
0.0 0.0 0.0 0.0 0.0 0.0 
0 24 0 0 0 31 
0 24 0 0 0 31 
0 24 0 0 0 31 
0 24 0 0 0 31 
0 24 0 0 0 31 
40 0 0 0 0 0 
40 0 0 0 0 0 
40 0 0 0 0 0 
40 0 0 0 0 0 
40 0 0 0 0 0 
0 0 58 0 0 0 
0 0 58 0 0 0 
0 0 58 0 0 0 
0 0 58 0 0 0 
0 0 58 0 0 0 
0 0 43 0 0 0 
0 0 43 0 0 0 
0 0 43 0 0 0 
0 0 43 0 0 0 
0 0 43 0 0 0 
0 0 0 41 0 0 
0 0 0 41 0 0 
0 0 0 41 0 0 
0 0 0 41 0 0 
0 0 0 41 0 0 
15 0 0 17 0 0 
15 0 0 17 0 0 
15 0 0 17 0 0 
15 0 0 17 0 0 
15 0 0 17 0 0 
0 0 48 0 0 43 
0 0 48 0 0 43 
0 0 48 0 0 43 
0 0 48 0 0 43 
0 0 48 0 0 43 
0 0 35 0 0 0 
0 0 35 0 0 0 
0 0 35 0 0 0 
0 0 35 0 0 0 
0 0 35 0 0 0 
0 0 0 0 0 45 
0 0 0 0 0 45 
0 0 0 0 0 45 
0 0 0 0 0 45 
0 0 0 0 0 45 
30 0 0 38 0 0 
30 0 0 38 0 0 
30 0 0 38 0 0 
30 0 0 38 0 0 
30 0 0 38 0 0 
0 0 57 0 0 0 
0 0 57 0 0 0 
0 0 57 0 0 0 
0 0 57 0 0 0 
0 0 57 0 0 0 
0 0 30 0 27 0 
0 0 30 0 27 0 
0 0 30 0 27 0 
0 0 30 0 27 0 
0 0 30 0 27 0 
22 0 0 50 0 0 
22 0 0 50 0 0 
22 0 0 50 0 0 
22 0 0 50 0 0 
22 0 0 50 0 0 
0 0 54 0 0 0 
0 0 54 0 0 0 
0 0 54 0 0 0 
0 0 54 0 0 0 
0 0 54 0 0 0 
0 28 0 0 0 0 
0 28 0 0 0 0 
0 28 0 0 0 0 
0 28 0 0 0 0 
0 28 0 0 0 0 
25 0 0 44 0 0 
25 0 0 44 0 0 
25 0 0 44 0 0 
25 0 0 44 0 0 
25 0 0 44 0 0 
0 0 50 0 18 0 
0 0 50 0 18 0 
0 0 50 0 18 0 
0 0 50 0 18 0 
0 0 50 0 18 0 
55 0 0 0 0 0 
55 0 0 0 0 0 
55 0 0 0 0 0 
55 0 0 0 0 0 
55 0 0 0 0 0 
0 0 0 0 31 0 
0 0 0 0 31 0 
0 0 0 0 31 0 
0 0 0 0 31 0 
0 0 0 0 31 0 
0 0 41 0 0 0 
0 0 41 0 0 0 
0 0 41 0 0 0 
0 0 41 0 0 0 
0 0 41 0 0 0 
0 0 0 51 0 0 
0 0 0 51 0 0 
0 0 0 51 0 0 
0 0 0 51 0 0 
0 0 0 51 0 0 
0 30 0 0 0 0 
0 30 0 0 0 0 
0 30 0 0 0 0 
0 30 0 0 0 0 
0 30 0 0 0 0 
18 0 0 0 0 0 
18 0 0 0 0 0 
18 0 0 0 0 0 
18 0 0 0 0 0 
18 0 0 0 0 0 
0 0 0 0 24 0 
0 0 0 0 24 0 
0 0 0 0 24 0 
0 0 0 0 24 0 
0 0 0 0 24 0 
0 0 0 28 0 0 
0 0 0 28 0 0 
0 0 0 28 0 0 
0 0 0 28 0 0 
0 0 0 28 0 0 
0.0 0.0 0.0 0.0 0.0 0.0 
0.0 0.0 0.0 0.0 0.0 0.0 
0.0 0.0 0.0 0.0 0.0 0.0 
0.0 0.0 0.0 0.0 0.0 0.0 
0.0 0.0 0.0 0.0 0.0 0.0 
mind
0 14 0 0 0 0 0 16 0 0 17 0 12 0 0 0 0 0 0 0 0 0 0 0 0 0 0
maxd
0 28 0 0 0 0 0 30 0 0 18 0 26 0 0 0 0 0 0 0 0 0 0 0 0 0 0
e
0 843 573 604 561 543 839 485 850 934 639 691 888 480 926 578 597 493 481 521 818 859 829 756 787 523 0
l
99999 963 693 724 681 663 959 605 970 1054 759 811 1008 600 1046 698 717 613 601 641 938 979 949 876 907 643 99999
