nbNodes
27
nbVehi
5
nbServi
6
r
1 1 1 1 1 1 
1 0 0 0 0 1 
0 0 0 0 0 1 
1 0 0 0 0 0 
0 1 0 0 0 1 
0 0 1 1 0 0 
1 0 0 0 1 0 
0 0 1 0 0 0 
0 0 0 0 1 0 
0 0 1 0 0 0 
0 1 0 0 0 0 
0 0 0 0 1 0 
0 0 0 0 0 1 
1 0 0 0 1 0 
0 0 0 1 0 0 
0 0 0 0 1 0 
0 1 0 0 0 0 
0 0 1 0 0 0 
0 0 1 0 1 0 
1 0 0 0 1 0 
1 0 0 0 1 0 
0 0 0 0 0 1 
0 0 0 0 1 0 
0 1 0 0 0 0 
0 0 0 1 0 0 
0 0 1 0 0 0 
1 1 1 1 1 1 
DS
2 5 6 7 14 19 20 21 
a
1 1 1 0 0 0 
1 0 1 0 0 0 
0 0 0 0 0 1 
0 0 0 1 1 0 
0 0 0 1 1 1 
x
-30.0847 -30.112 -30.1019 -30.1063 -30.1778 -30.099 -29.9962 -30.0328 -30.1061 -30.0275 -30.0159 -30.1695 -30.0472 -30.0847 -30.1035 -30.1201 -29.995 -30.0864 -30.12 -30.0035 -29.9836 -30.188 -30.0093 -30.0936 -30.1154 -30.0283 -30.0847
y
-51.1802 -51.2334 -51.2548 -51.1334 -51.1821 -51.1283 -51.1216 -51.1135 -51.1087 -51.1469 -51.1208 -51.2243 -51.1459 -51.1802 -51.2406 -51.2141 -51.1002 -51.1159 -51.2505 -51.1131 -51.2235 -51.1625 -51.1027 -51.2156 -51.2543 -51.1809 -51.1802
d
0.00000 20.00000 22.00000 16.00000 25.00000 18.00000 34.00000 28.00000 22.00000 24.00000 30.00000 30.00000 23.00000 0.00000 19.00000 16.00000 36.00000 22.00000 24.00000 32.00000 30.00000 27.00000 34.00000 16.00000 22.00000 21.00000 0.00000
20.00000 0.00000 7.00000 25.00000 19.00000 27.00000 33.00000 27.00000 30.00000 24.00000 29.00000 17.00000 23.00000 20.00000 5.00000 7.00000 35.00000 26.00000 6.00000 32.00000 30.00000 25.00000 33.00000 9.00000 6.00000 20.00000 20.00000
21.00000 7.00000 0.00000 28.00000 22.00000 28.00000 34.00000 28.00000 31.00000 25.00000 30.00000 20.00000 24.00000 21.00000 4.00000 11.00000 36.00000 27.00000 5.00000 33.00000 26.00000 28.00000 34.00000 10.00000 3.00000 21.00000 21.00000
16.00000 25.00000 29.00000 0.00000 27.00000 3.00000 26.00000 20.00000 7.00000 19.00000 21.00000 34.00000 14.00000 16.00000 26.00000 20.00000 28.00000 8.00000 30.00000 24.00000 32.00000 29.00000 25.00000 23.00000 28.00000 20.00000 16.00000
25.00000 19.00000 22.00000 27.00000 0.00000 29.00000 48.00000 41.00000 28.00000 38.00000 43.00000 13.00000 37.00000 25.00000 21.00000 16.00000 50.00000 33.00000 22.00000 46.00000 44.00000 8.00000 47.00000 23.00000 21.00000 35.00000 25.00000
18.00000 27.00000 29.00000 3.00000 29.00000 0.00000 25.00000 19.00000 7.00000 18.00000 21.00000 37.00000 13.00000 18.00000 26.00000 22.00000 27.00000 7.00000 31.00000 23.00000 31.00000 30.00000 25.00000 23.00000 29.00000 19.00000 18.00000
35.00000 34.00000 33.00000 26.00000 49.00000 25.00000 0.00000 11.00000 28.00000 12.00000 7.00000 47.00000 14.00000 35.00000 33.00000 35.00000 7.00000 24.00000 37.00000 6.00000 20.00000 51.00000 9.00000 30.00000 35.00000 15.00000 35.00000
29.00000 28.00000 30.00000 20.00000 43.00000 19.00000 10.00000 0.00000 22.00000 10.00000 5.00000 41.00000 8.00000 29.00000 27.00000 29.00000 12.00000 18.00000 32.00000 8.00000 25.00000 45.00000 9.00000 24.00000 30.00000 13.00000 29.00000
23.00000 31.00000 32.00000 8.00000 28.00000 7.00000 28.00000 22.00000 0.00000 21.00000 24.00000 39.00000 16.00000 23.00000 29.00000 27.00000 30.00000 10.00000 34.00000 26.00000 34.00000 27.00000 28.00000 26.00000 32.00000 22.00000 23.00000
27.00000 25.00000 27.00000 19.00000 40.00000 18.00000 11.00000 10.00000 21.00000 0.00000 9.00000 38.00000 6.00000 27.00000 24.00000 26.00000 15.00000 17.00000 29.00000 13.00000 19.00000 44.00000 14.00000 21.00000 27.00000 8.00000 27.00000
31.00000 29.00000 31.00000 21.00000 44.00000 20.00000 6.00000 6.00000 23.00000 10.00000 0.00000 42.00000 9.00000 31.00000 28.00000 30.00000 8.00000 19.00000 33.00000 5.00000 22.00000 46.00000 6.00000 25.00000 31.00000 15.00000 31.00000
30.00000 17.00000 20.00000 34.00000 13.00000 37.00000 46.00000 40.00000 39.00000 36.00000 41.00000 0.00000 35.00000 30.00000 19.00000 14.00000 48.00000 39.00000 20.00000 44.00000 42.00000 19.00000 45.00000 22.00000 19.00000 33.00000 30.00000
24.00000 22.00000 24.00000 14.00000 37.00000 13.00000 14.00000 8.00000 16.00000 6.00000 9.00000 35.00000 0.00000 24.00000 21.00000 23.00000 16.00000 12.00000 26.00000 12.00000 21.00000 39.00000 13.00000 18.00000 24.00000 9.00000 24.00000
0.00000 20.00000 22.00000 16.00000 25.00000 18.00000 34.00000 28.00000 22.00000 24.00000 30.00000 30.00000 23.00000 0.00000 19.00000 16.00000 36.00000 22.00000 24.00000 32.00000 30.00000 27.00000 34.00000 16.00000 22.00000 21.00000 0.00000
20.00000 4.00000 4.00000 26.00000 21.00000 27.00000 33.00000 26.00000 30.00000 23.00000 28.00000 19.00000 22.00000 20.00000 0.00000 8.00000 35.00000 26.00000 7.00000 31.00000 27.00000 26.00000 32.00000 8.00000 5.00000 20.00000 20.00000
16.00000 7.00000 11.00000 20.00000 17.00000 23.00000 33.00000 27.00000 27.00000 23.00000 28.00000 15.00000 22.00000 16.00000 8.00000 0.00000 35.00000 26.00000 11.00000 31.00000 29.00000 20.00000 33.00000 9.00000 10.00000 20.00000 16.00000
37.00000 36.00000 36.00000 27.00000 50.00000 27.00000 8.00000 12.00000 30.00000 16.00000 8.00000 48.00000 15.00000 37.00000 35.00000 37.00000 0.00000 26.00000 40.00000 6.00000 23.00000 51.00000 5.00000 31.00000 37.00000 19.00000 37.00000
22.00000 29.00000 30.00000 8.00000 33.00000 7.00000 26.00000 17.00000 10.00000 19.00000 21.00000 41.00000 14.00000 22.00000 27.00000 27.00000 28.00000 0.00000 32.00000 24.00000 32.00000 33.00000 25.00000 24.00000 30.00000 20.00000 22.00000
24.00000 6.00000 5.00000 29.00000 22.00000 31.00000 37.00000 31.00000 34.00000 27.00000 32.00000 20.00000 26.00000 24.00000 7.00000 11.00000 39.00000 30.00000 0.00000 35.00000 30.00000 28.00000 37.00000 13.00000 4.00000 24.00000 24.00000
34.00000 32.00000 34.00000 24.00000 47.00000 23.00000 7.00000 9.00000 26.00000 13.00000 5.00000 45.00000 12.00000 34.00000 31.00000 33.00000 5.00000 22.00000 36.00000 0.00000 23.00000 49.00000 5.00000 28.00000 34.00000 17.00000 34.00000
29.00000 28.00000 25.00000 32.00000 43.00000 31.00000 20.00000 26.00000 35.00000 19.00000 20.00000 41.00000 22.00000 29.00000 27.00000 29.00000 22.00000 31.00000 29.00000 22.00000 0.00000 47.00000 24.00000 24.00000 27.00000 14.00000 29.00000
27.00000 24.00000 27.00000 28.00000 8.00000 31.00000 51.00000 44.00000 27.00000 41.00000 46.00000 19.00000 39.00000 27.00000 26.00000 20.00000 51.00000 33.00000 28.00000 49.00000 47.00000 0.00000 49.00000 27.00000 26.00000 38.00000 27.00000
35.00000 34.00000 35.00000 25.00000 48.00000 24.00000 8.00000 9.00000 28.00000 14.00000 6.00000 46.00000 13.00000 35.00000 32.00000 35.00000 5.00000 23.00000 37.00000 5.00000 24.00000 49.00000 0.00000 29.00000 35.00000 18.00000 35.00000
16.00000 9.00000 11.00000 22.00000 23.00000 22.00000 29.00000 22.00000 25.00000 19.00000 24.00000 21.00000 18.00000 16.00000 8.00000 10.00000 31.00000 21.00000 12.00000 27.00000 25.00000 28.00000 28.00000 0.00000 10.00000 16.00000 16.00000
24.00000 7.00000 5.00000 30.00000 20.00000 31.00000 37.00000 31.00000 34.00000 27.00000 32.00000 18.00000 26.00000 24.00000 7.00000 10.00000 39.00000 30.00000 3.00000 35.00000 30.00000 25.00000 37.00000 13.00000 0.00000 24.00000 24.00000
23.00000 21.00000 21.00000 22.00000 36.00000 21.00000 15.00000 15.00000 24.00000 9.00000 13.00000 34.00000 11.00000 23.00000 20.00000 22.00000 19.00000 20.00000 25.00000 17.00000 14.00000 41.00000 18.00000 17.00000 23.00000 0.00000 23.00000
0.00000 20.00000 22.00000 16.00000 25.00000 18.00000 34.00000 28.00000 22.00000 24.00000 30.00000 30.00000 23.00000 0.00000 19.00000 16.00000 36.00000 22.00000 24.00000 32.00000 30.00000 27.00000 34.00000 16.00000 22.00000 21.00000 0.00000
p
0.0 0.0 0.0 0.0 0.0 0.0 
0.0 0.0 0.0 0.0 0.0 0.0 
0.0 0.0 0.0 0.0 0.0 0.0 
0.0 0.0 0.0 0.0 0.0 0.0 
0.0 0.0 0.0 0.0 0.0 0.0 
50 0 0 0 0 54 
50 0 0 0 0 54 
50 0 0 0 0 54 
50 0 0 0 0 54 
50 0 0 0 0 54 
0 0 0 0 0 44 
0 0 0 0 0 44 
0 0 0 0 0 44 
0 0 0 0 0 44 
0 0 0 0 0 44 
20 0 0 0 0 0 
20 0 0 0 0 0 
20 0 0 0 0 0 
20 0 0 0 0 0 
20 0 0 0 0 0 
0 49 0 0 0 26 
0 49 0 0 0 26 
0 49 0 0 0 26 
0 49 0 0 0 26 
0 49 0 0 0 26 
0 0 26 34 0 0 
0 0 26 34 0 0 
0 0 26 34 0 0 
0 0 26 34 0 0 
0 0 26 34 0 0 
27 0 0 0 24 0 
27 0 0 0 24 0 
27 0 0 0 24 0 
27 0 0 0 24 0 
27 0 0 0 24 0 
0 0 29 0 0 0 
0 0 29 0 0 0 
0 0 29 0 0 0 
0 0 29 0 0 0 
0 0 29 0 0 0 
0 0 0 0 44 0 
0 0 0 0 44 0 
0 0 0 0 44 0 
0 0 0 0 44 0 
0 0 0 0 44 0 
0 0 52 0 0 0 
0 0 52 0 0 0 
0 0 52 0 0 0 
0 0 52 0 0 0 
0 0 52 0 0 0 
0 24 0 0 0 0 
0 24 0 0 0 0 
0 24 0 0 0 0 
0 24 0 0 0 0 
0 24 0 0 0 0 
0 0 0 0 54 0 
0 0 0 0 54 0 
0 0 0 0 54 0 
0 0 0 0 54 0 
0 0 0 0 54 0 
0 0 0 0 0 33 
0 0 0 0 0 33 
0 0 0 0 0 33 
0 0 0 0 0 33 
0 0 0 0 0 33 
38 0 0 0 15 0 
38 0 0 0 15 0 
38 0 0 0 15 0 
38 0 0 0 15 0 
38 0 0 0 15 0 
0 0 0 31 0 0 
0 0 0 31 0 0 
0 0 0 31 0 0 
0 0 0 31 0 0 
0 0 0 31 0 0 
0 0 0 0 36 0 
0 0 0 0 36 0 
0 0 0 0 36 0 
0 0 0 0 36 0 
0 0 0 0 36 0 
0 38 0 0 0 0 
0 38 0 0 0 0 
0 38 0 0 0 0 
0 38 0 0 0 0 
0 38 0 0 0 0 
0 0 19 0 0 0 
0 0 19 0 0 0 
0 0 19 0 0 0 
0 0 19 0 0 0 
0 0 19 0 0 0 
0 0 17 0 18 0 
0 0 17 0 18 0 
0 0 17 0 18 0 
0 0 17 0 18 0 
0 0 17 0 18 0 
49 0 0 0 15 0 
49 0 0 0 15 0 
49 0 0 0 15 0 
49 0 0 0 15 0 
49 0 0 0 15 0 
40 0 0 0 42 0 
40 0 0 0 42 0 
40 0 0 0 42 0 
40 0 0 0 42 0 
40 0 0 0 42 0 
0 0 0 0 0 46 
0 0 0 0 0 46 
0 0 0 0 0 46 
0 0 0 0 0 46 
0 0 0 0 0 46 
0 0 0 0 19 0 
0 0 0 0 19 0 
0 0 0 0 19 0 
0 0 0 0 19 0 
0 0 0 0 19 0 
0 32 0 0 0 0 
0 32 0 0 0 0 
0 32 0 0 0 0 
0 32 0 0 0 0 
0 32 0 0 0 0 
0 0 0 25 0 0 
0 0 0 25 0 0 
0 0 0 25 0 0 
0 0 0 25 0 0 
0 0 0 25 0 0 
0 0 59 0 0 0 
0 0 59 0 0 0 
0 0 59 0 0 0 
0 0 59 0 0 0 
0 0 59 0 0 0 
0.0 0.0 0.0 0.0 0.0 0.0 
0.0 0.0 0.0 0.0 0.0 0.0 
0.0 0.0 0.0 0.0 0.0 0.0 
0.0 0.0 0.0 0.0 0.0 0.0 
0.0 0.0 0.0 0.0 0.0 0.0 
mind
0 0 0 0 0 21 0 0 0 0 0 0 0 10 0 0 0 0 10 0 10 0 0 0 0 0 0
maxd
0 0 0 0 0 29 0 0 0 0 0 0 0 16 0 0 0 0 21 0 27 0 0 0 0 0 0
e
0 714 481 690 653 869 814 816 495 865 523 865 672 774 511 691 679 645 899 731 530 864 945 702 933 562 0
l
99999 834 601 810 773 989 934 936 615 985 643 985 792 894 631 811 799 765 1019 851 650 984 1065 822 1053 682 99999
