nbNodes
77
nbVehi
15
nbServi
6
r
1 1 1 1 1 1 
0 0 1 0 0 0 
1 0 0 0 0 0 
1 0 0 0 0 0 
1 0 0 0 1 0 
1 0 0 0 0 0 
0 0 1 1 0 0 
0 1 0 0 0 0 
0 0 0 1 0 0 
0 0 1 0 0 1 
1 0 0 1 0 0 
0 0 0 0 0 1 
0 1 0 0 0 0 
1 0 0 0 1 0 
0 0 0 0 0 1 
0 0 0 0 1 0 
0 1 0 0 0 0 
0 0 0 0 0 1 
0 1 0 0 0 0 
0 1 0 0 0 1 
0 1 0 0 0 0 
0 1 0 0 0 0 
0 0 0 0 1 0 
0 0 1 0 0 0 
1 0 0 1 0 0 
0 1 0 0 0 0 
0 0 1 0 0 0 
0 1 0 0 0 0 
0 0 0 0 0 1 
1 0 0 0 0 0 
0 1 0 0 0 1 
0 0 0 1 0 0 
0 0 1 1 0 0 
1 0 0 1 0 0 
0 0 0 0 1 0 
0 0 0 1 0 0 
0 1 0 0 0 1 
0 0 0 0 1 0 
0 0 0 0 0 1 
0 0 0 1 0 0 
0 1 0 1 0 0 
0 0 1 0 0 1 
0 0 1 0 0 0 
0 1 0 0 0 0 
1 0 0 1 0 0 
0 0 0 1 0 0 
0 0 0 0 1 0 
0 0 0 0 0 1 
0 0 1 0 0 1 
0 0 0 0 0 1 
0 1 0 0 0 0 
0 0 1 0 0 0 
0 0 1 0 1 0 
0 0 0 1 0 0 
0 1 0 0 0 1 
0 1 0 0 0 0 
0 0 1 0 1 0 
1 0 0 0 0 1 
0 0 0 0 0 1 
1 0 0 1 0 0 
1 0 0 0 0 0 
1 0 0 1 0 0 
0 0 0 1 0 0 
1 0 0 0 0 1 
0 1 0 1 0 0 
1 0 0 0 0 0 
1 0 0 0 0 0 
0 0 0 0 0 1 
0 0 0 1 0 0 
1 0 0 0 0 0 
0 0 0 1 0 0 
0 1 0 0 0 0 
0 0 0 0 1 0 
1 0 0 0 0 1 
0 0 0 0 0 1 
1 0 0 0 0 0 
1 1 1 1 1 1 
DS
5 7 10 11 14 20 25 31 33 34 37 41 42 45 49 53 55 57 58 60 62 64 65 74 
a
0 0 1 0 0 0 
0 1 1 0 0 0 
1 0 1 0 0 0 
0 1 0 0 0 0 
0 1 0 0 0 0 
1 0 0 0 0 0 
1 0 1 0 0 0 
0 0 0 1 1 1 
0 0 0 1 1 1 
0 0 0 1 0 0 
0 0 0 0 1 1 
0 0 0 1 0 1 
0 0 0 1 1 0 
0 0 0 1 1 1 
0 0 0 1 0 1 
x
-30.0696 -30.0174 -30.0723 -30.0633 -30.0332 -30.03 -30.0626 -30.0734 -30.0362 -30.04 -30.0368 -29.9948 -30.1489 -29.9911 -30.0356 -30.0239 -29.9926 -30.0288 -30.0392 -30.144 -30.0686 -30.0836 -30.0682 -30.0219 -30.0146 -30.0272 -30.0784 -30.0181 -29.9919 -29.9929 -29.9951 -30.0679 -30.0218 -30.0721 -30.0394 -30.1564 -30.0794 -29.9858 -29.9952 -30.0225 -30.0757 -30.0794 -30.0137 -30.0685 -30.0033 -30.072 -30.0323 -30.0753 -30.0389 -29.9823 -30.0675 -30.016 -30.157 -30.0408 -30.151 -30.063 -30.0361 -29.988 -30.0039 -30.0312 -30.0372 -30.0361 -30.0677 -30.0372 -30.0701 -29.9902 -30.0686 -30.0691 -30.0537 -30.0501 -29.9975 -30.1517 -30.0696 -29.9993 -30.0693 -30.1538 -30.0696
y
-51.1634 -51.0975 -51.2147 -51.2111 -51.1637 -51.1839 -51.2049 -51.2125 -51.182 -51.1643 -51.154 -51.1044 -51.2139 -51.1073 -51.1653 -51.1889 -51.1017 -51.166 -51.1799 -51.2173 -51.2144 -51.233 -51.2165 -51.1714 -51.1637 -51.1894 -51.2178 -51.195 -51.1045 -51.1033 -51.111 -51.2108 -51.1884 -51.2088 -51.1663 -51.2187 -51.2151 -51.1139 -51.1052 -51.204 -51.2178 -51.2116 -51.1142 -51.2155 -51.0964 -51.2098 -51.1663 -51.2268 -51.1651 -51.1135 -51.2102 -51.1855 -51.2159 -51.1582 -51.2138 -51.2159 -51.1648 -51.0936 -51.1244 -51.1889 -51.165 -51.182 -51.225 -51.1529 -51.2222 -51.1081 -51.217 -51.2118 -51.2152 -51.2051 -51.1055 -51.2188 -51.1634 -51.1048 -51.2107 -51.2162 -51.1634
d
0.00000 18.00000 14.00000 13.00000 12.00000 12.00000 13.00000 14.00000 11.00000 10.00000 10.00000 22.00000 25.00000 21.00000 11.00000 14.00000 22.00000 11.00000 11.00000 23.00000 13.00000 17.00000 14.00000 13.00000 15.00000 14.00000 14.00000 14.00000 21.00000 22.00000 20.00000 12.00000 14.00000 14.00000 10.00000 27.00000 13.00000 21.00000 21.00000 16.00000 15.00000 12.00000 19.00000 15.00000 21.00000 14.00000 11.00000 17.00000 10.00000 22.00000 12.00000 13.00000 27.00000 10.00000 26.00000 14.00000 11.00000 24.00000 19.00000 14.00000 11.00000 11.00000 15.00000 10.00000 16.00000 20.00000 14.00000 12.00000 12.00000 10.00000 21.00000 25.00000 0.00000 20.00000 12.00000 26.00000 0.00000
20.00000 0.00000 26.00000 26.00000 14.00000 18.00000 25.00000 27.00000 16.00000 13.00000 12.00000 7.00000 37.00000 8.00000 14.00000 18.00000 7.00000 15.00000 17.00000 36.00000 25.00000 30.00000 26.00000 17.00000 15.00000 19.00000 27.00000 18.00000 8.00000 8.00000 9.00000 25.00000 17.00000 27.00000 14.00000 40.00000 26.00000 10.00000 7.00000 20.00000 27.00000 25.00000 6.00000 27.00000 5.00000 26.00000 16.00000 29.00000 14.00000 10.00000 25.00000 17.00000 40.00000 12.00000 38.00000 26.00000 14.00000 8.00000 8.00000 19.00000 14.00000 16.00000 27.00000 12.00000 28.00000 8.00000 26.00000 25.00000 24.00000 22.00000 6.00000 38.00000 20.00000 6.00000 25.00000 39.00000 20.00000
13.00000 26.00000 0.00000 4.00000 17.00000 14.00000 5.00000 2.00000 14.00000 16.00000 16.00000 29.00000 16.00000 28.00000 16.00000 13.00000 29.00000 16.00000 14.00000 15.00000 1.00000 6.00000 3.00000 15.00000 18.00000 12.00000 3.00000 13.00000 28.00000 29.00000 28.00000 3.00000 14.00000 3.00000 15.00000 18.00000 2.00000 27.00000 29.00000 13.00000 3.00000 3.00000 27.00000 2.00000 29.00000 2.00000 16.00000 5.00000 15.00000 26.00000 3.00000 16.00000 18.00000 16.00000 17.00000 4.00000 16.00000 31.00000 25.00000 14.00000 16.00000 14.00000 4.00000 16.00000 3.00000 28.00000 3.00000 2.00000 7.00000 8.00000 28.00000 16.00000 13.00000 28.00000 2.00000 17.00000 13.00000
12.00000 25.00000 4.00000 0.00000 15.00000 12.00000 3.00000 4.00000 11.00000 15.00000 15.00000 27.00000 19.00000 26.00000 15.00000 11.00000 27.00000 13.00000 11.00000 17.00000 3.00000 9.00000 4.00000 13.00000 16.00000 10.00000 6.00000 10.00000 26.00000 27.00000 27.00000 3.00000 12.00000 4.00000 14.00000 21.00000 6.00000 25.00000 27.00000 10.00000 6.00000 5.00000 26.00000 5.00000 28.00000 4.00000 14.00000 8.00000 14.00000 24.00000 3.00000 13.00000 21.00000 15.00000 20.00000 4.00000 15.00000 29.00000 22.00000 11.00000 15.00000 11.00000 5.00000 15.00000 6.00000 26.00000 4.00000 3.00000 5.00000 5.00000 27.00000 19.00000 12.00000 27.00000 4.00000 20.00000 12.00000
11.00000 15.00000 16.00000 16.00000 0.00000 7.00000 15.00000 16.00000 6.00000 3.00000 3.00000 17.00000 27.00000 16.00000 2.00000 9.00000 17.00000 2.00000 6.00000 26.00000 15.00000 19.00000 16.00000 6.00000 6.00000 9.00000 17.00000 10.00000 17.00000 18.00000 17.00000 15.00000 9.00000 16.00000 2.00000 29.00000 16.00000 15.00000 17.00000 12.00000 17.00000 14.00000 16.00000 17.00000 18.00000 16.00000 3.00000 19.00000 2.00000 15.00000 15.00000 9.00000 30.00000 4.00000 28.00000 16.00000 2.00000 19.00000 12.00000 8.00000 2.00000 6.00000 17.00000 4.00000 17.00000 16.00000 16.00000 15.00000 14.00000 11.00000 17.00000 27.00000 11.00000 17.00000 15.00000 29.00000 11.00000
12.00000 18.00000 13.00000 11.00000 8.00000 0.00000 10.00000 13.00000 3.00000 9.00000 9.00000 19.00000 26.00000 18.00000 7.00000 4.00000 19.00000 6.00000 4.00000 24.00000 12.00000 18.00000 13.00000 4.00000 7.00000 3.00000 15.00000 6.00000 18.00000 19.00000 18.00000 12.00000 4.00000 13.00000 8.00000 28.00000 15.00000 16.00000 19.00000 7.00000 15.00000 13.00000 18.00000 14.00000 20.00000 13.00000 6.00000 15.00000 8.00000 16.00000 12.00000 5.00000 28.00000 9.00000 27.00000 12.00000 8.00000 21.00000 14.00000 3.00000 8.00000 3.00000 13.00000 9.00000 13.00000 17.00000 13.00000 12.00000 10.00000 7.00000 19.00000 26.00000 12.00000 20.00000 13.00000 27.00000 12.00000
12.00000 25.00000 5.00000 3.00000 15.00000 11.00000 0.00000 6.00000 11.00000 15.00000 15.00000 27.00000 18.00000 26.00000 15.00000 11.00000 27.00000 13.00000 11.00000 17.00000 5.00000 10.00000 5.00000 13.00000 16.00000 10.00000 8.00000 10.00000 26.00000 27.00000 26.00000 4.00000 12.00000 6.00000 14.00000 20.00000 7.00000 25.00000 27.00000 10.00000 8.00000 5.00000 25.00000 6.00000 28.00000 5.00000 14.00000 9.00000 14.00000 24.00000 4.00000 13.00000 21.00000 15.00000 19.00000 5.00000 15.00000 29.00000 22.00000 11.00000 15.00000 11.00000 8.00000 15.00000 8.00000 26.00000 5.00000 4.00000 6.00000 5.00000 27.00000 18.00000 12.00000 27.00000 4.00000 20.00000 12.00000
13.00000 25.00000 2.00000 4.00000 16.00000 15.00000 5.00000 0.00000 14.00000 15.00000 16.00000 29.00000 16.00000 28.00000 16.00000 14.00000 29.00000 16.00000 14.00000 15.00000 3.00000 6.00000 4.00000 16.00000 19.00000 13.00000 3.00000 13.00000 28.00000 29.00000 27.00000 2.00000 15.00000 3.00000 15.00000 18.00000 3.00000 28.00000 29.00000 13.00000 3.00000 2.00000 26.00000 4.00000 29.00000 2.00000 15.00000 5.00000 15.00000 27.00000 2.00000 16.00000 18.00000 16.00000 17.00000 5.00000 15.00000 31.00000 25.00000 14.00000 16.00000 14.00000 5.00000 16.00000 4.00000 27.00000 4.00000 2.00000 8.00000 8.00000 28.00000 16.00000 13.00000 28.00000 2.00000 17.00000 13.00000
10.00000 16.00000 13.00000 11.00000 7.00000 4.00000 11.00000 13.00000 0.00000 6.00000 7.00000 20.00000 25.00000 19.00000 6.00000 5.00000 20.00000 6.00000 2.00000 24.00000 12.00000 17.00000 13.00000 6.00000 9.00000 5.00000 14.00000 7.00000 19.00000 20.00000 18.00000 12.00000 6.00000 13.00000 5.00000 27.00000 14.00000 18.00000 19.00000 9.00000 15.00000 12.00000 17.00000 14.00000 19.00000 13.00000 6.00000 16.00000 6.00000 18.00000 12.00000 6.00000 27.00000 6.00000 26.00000 12.00000 6.00000 22.00000 15.00000 4.00000 7.00000 0.00000 13.00000 7.00000 13.00000 18.00000 13.00000 12.00000 10.00000 7.00000 19.00000 25.00000 10.00000 19.00000 13.00000 26.00000 10.00000
9.00000 14.00000 15.00000 14.00000 4.00000 6.00000 13.00000 15.00000 4.00000 0.00000 5.00000 18.00000 26.00000 17.00000 4.00000 8.00000 18.00000 5.00000 5.00000 24.00000 14.00000 18.00000 14.00000 6.00000 8.00000 8.00000 15.00000 8.00000 17.00000 18.00000 16.00000 13.00000 7.00000 15.00000 2.00000 28.00000 14.00000 17.00000 17.00000 10.00000 15.00000 13.00000 15.00000 15.00000 17.00000 15.00000 4.00000 18.00000 2.00000 17.00000 13.00000 7.00000 28.00000 4.00000 27.00000 14.00000 3.00000 20.00000 14.00000 7.00000 3.00000 4.00000 15.00000 5.00000 15.00000 16.00000 15.00000 13.00000 12.00000 9.00000 17.00000 26.00000 9.00000 17.00000 13.00000 27.00000 9.00000
11.00000 12.00000 17.00000 16.00000 3.00000 8.00000 15.00000 17.00000 7.00000 3.00000 0.00000 16.00000 28.00000 15.00000 4.00000 10.00000 16.00000 4.00000 7.00000 26.00000 16.00000 20.00000 17.00000 7.00000 7.00000 10.00000 17.00000 10.00000 15.00000 16.00000 14.00000 15.00000 9.00000 17.00000 4.00000 30.00000 16.00000 13.00000 15.00000 13.00000 18.00000 15.00000 13.00000 18.00000 15.00000 17.00000 5.00000 20.00000 4.00000 13.00000 15.00000 9.00000 30.00000 2.00000 29.00000 16.00000 4.00000 17.00000 11.00000 9.00000 4.00000 7.00000 17.00000 1.00000 18.00000 14.00000 17.00000 15.00000 14.00000 12.00000 15.00000 28.00000 11.00000 14.00000 16.00000 29.00000 11.00000
23.00000 7.00000 29.00000 27.00000 18.00000 19.00000 27.00000 29.00000 20.00000 16.00000 16.00000 0.00000 41.00000 2.00000 18.00000 18.00000 2.00000 16.00000 20.00000 39.00000 28.00000 33.00000 29.00000 16.00000 15.00000 19.00000 30.00000 18.00000 2.00000 2.00000 4.00000 28.00000 17.00000 29.00000 17.00000 43.00000 29.00000 5.00000 1.00000 20.00000 31.00000 28.00000 7.00000 30.00000 4.00000 29.00000 17.00000 31.00000 18.00000 4.00000 28.00000 17.00000 43.00000 15.00000 42.00000 27.00000 18.00000 4.00000 8.00000 19.00000 17.00000 20.00000 28.00000 15.00000 29.00000 3.00000 29.00000 28.00000 25.00000 24.00000 2.00000 41.00000 23.00000 3.00000 28.00000 42.00000 23.00000
24.00000 37.00000 16.00000 19.00000 27.00000 27.00000 19.00000 16.00000 26.00000 26.00000 27.00000 40.00000 0.00000 39.00000 27.00000 27.00000 40.00000 27.00000 25.00000 3.00000 17.00000 14.00000 18.00000 27.00000 30.00000 27.00000 17.00000 27.00000 39.00000 40.00000 38.00000 17.00000 28.00000 18.00000 26.00000 4.00000 16.00000 39.00000 40.00000 27.00000 17.00000 17.00000 37.00000 18.00000 40.00000 18.00000 26.00000 18.00000 26.00000 39.00000 17.00000 28.00000 4.00000 27.00000 2.00000 19.00000 27.00000 42.00000 37.00000 27.00000 27.00000 26.00000 20.00000 27.00000 19.00000 38.00000 18.00000 17.00000 23.00000 21.00000 39.00000 2.00000 24.00000 39.00000 17.00000 3.00000 24.00000
21.00000 9.00000 27.00000 25.00000 16.00000 17.00000 25.00000 27.00000 18.00000 14.00000 14.00000 3.00000 39.00000 0.00000 16.00000 16.00000 3.00000 15.00000 18.00000 37.00000 26.00000 31.00000 27.00000 15.00000 13.00000 17.00000 28.00000 16.00000 3.00000 4.00000 3.00000 26.00000 15.00000 27.00000 15.00000 41.00000 28.00000 3.00000 3.00000 18.00000 29.00000 26.00000 7.00000 28.00000 6.00000 27.00000 15.00000 29.00000 16.00000 3.00000 26.00000 15.00000 41.00000 13.00000 40.00000 25.00000 16.00000 5.00000 6.00000 17.00000 16.00000 18.00000 26.00000 14.00000 27.00000 1.00000 27.00000 26.00000 23.00000 22.00000 3.00000 39.00000 21.00000 4.00000 27.00000 40.00000 21.00000
10.00000 14.00000 15.00000 15.00000 2.00000 7.00000 14.00000 16.00000 5.00000 3.00000 4.00000 17.00000 27.00000 16.00000 0.00000 9.00000 17.00000 3.00000 5.00000 25.00000 15.00000 19.00000 15.00000 7.00000 7.00000 9.00000 16.00000 9.00000 17.00000 18.00000 16.00000 14.00000 8.00000 16.00000 1.00000 29.00000 15.00000 16.00000 17.00000 11.00000 16.00000 14.00000 15.00000 16.00000 17.00000 15.00000 3.00000 18.00000 1.00000 16.00000 14.00000 8.00000 29.00000 4.00000 28.00000 15.00000 1.00000 19.00000 13.00000 8.00000 1.00000 5.00000 16.00000 4.00000 16.00000 16.00000 15.00000 14.00000 13.00000 10.00000 17.00000 27.00000 10.00000 16.00000 14.00000 28.00000 10.00000
13.00000 17.00000 13.00000 11.00000 8.00000 3.00000 11.00000 13.00000 4.00000 9.00000 9.00000 18.00000 27.00000 17.00000 8.00000 0.00000 18.00000 6.00000 5.00000 25.00000 12.00000 17.00000 13.00000 4.00000 7.00000 3.00000 15.00000 2.00000 17.00000 18.00000 17.00000 12.00000 2.00000 13.00000 8.00000 29.00000 15.00000 15.00000 17.00000 4.00000 15.00000 14.00000 17.00000 14.00000 19.00000 13.00000 7.00000 15.00000 8.00000 15.00000 12.00000 4.00000 29.00000 9.00000 28.00000 11.00000 8.00000 20.00000 13.00000 3.00000 8.00000 4.00000 12.00000 9.00000 13.00000 16.00000 13.00000 12.00000 9.00000 8.00000 18.00000 27.00000 13.00000 18.00000 13.00000 28.00000 13.00000
23.00000 7.00000 29.00000 27.00000 18.00000 19.00000 27.00000 29.00000 20.00000 16.00000 16.00000 2.00000 41.00000 2.00000 18.00000 17.00000 0.00000 16.00000 20.00000 39.00000 28.00000 33.00000 28.00000 16.00000 15.00000 19.00000 30.00000 18.00000 2.00000 2.00000 5.00000 28.00000 17.00000 29.00000 17.00000 43.00000 29.00000 5.00000 2.00000 20.00000 31.00000 28.00000 8.00000 30.00000 4.00000 29.00000 17.00000 30.00000 18.00000 4.00000 28.00000 17.00000 43.00000 15.00000 42.00000 27.00000 18.00000 3.00000 8.00000 19.00000 17.00000 20.00000 28.00000 15.00000 28.00000 2.00000 29.00000 28.00000 25.00000 24.00000 3.00000 41.00000 23.00000 3.00000 28.00000 42.00000 23.00000
11.00000 15.00000 16.00000 15.00000 3.00000 5.00000 14.00000 16.00000 6.00000 5.00000 4.00000 16.00000 27.00000 15.00000 2.00000 7.00000 16.00000 0.00000 6.00000 26.00000 15.00000 20.00000 16.00000 5.00000 5.00000 7.00000 17.00000 8.00000 16.00000 17.00000 16.00000 15.00000 7.00000 16.00000 3.00000 30.00000 16.00000 14.00000 16.00000 10.00000 17.00000 15.00000 16.00000 17.00000 18.00000 16.00000 1.00000 19.00000 3.00000 14.00000 15.00000 7.00000 30.00000 5.00000 28.00000 15.00000 2.00000 18.00000 11.00000 6.00000 3.00000 6.00000 16.00000 4.00000 16.00000 15.00000 16.00000 15.00000 13.00000 10.00000 17.00000 28.00000 11.00000 17.00000 15.00000 29.00000 11.00000
9.00000 16.00000 13.00000 12.00000 6.00000 4.00000 12.00000 14.00000 2.00000 6.00000 6.00000 19.00000 25.00000 18.00000 5.00000 6.00000 19.00000 5.00000 0.00000 23.00000 13.00000 17.00000 13.00000 5.00000 8.00000 6.00000 14.00000 7.00000 18.00000 19.00000 17.00000 12.00000 6.00000 14.00000 5.00000 27.00000 13.00000 17.00000 19.00000 9.00000 14.00000 12.00000 17.00000 14.00000 19.00000 13.00000 5.00000 16.00000 5.00000 17.00000 12.00000 6.00000 27.00000 6.00000 26.00000 13.00000 6.00000 21.00000 15.00000 5.00000 6.00000 2.00000 14.00000 6.00000 14.00000 18.00000 13.00000 12.00000 11.00000 8.00000 18.00000 25.00000 9.00000 18.00000 12.00000 26.00000 9.00000
23.00000 35.00000 15.00000 18.00000 26.00000 26.00000 18.00000 15.00000 25.00000 25.00000 26.00000 39.00000 3.00000 38.00000 26.00000 26.00000 39.00000 26.00000 24.00000 0.00000 16.00000 13.00000 17.00000 26.00000 29.00000 25.00000 15.00000 26.00000 38.00000 39.00000 37.00000 16.00000 27.00000 17.00000 25.00000 5.00000 14.00000 38.00000 39.00000 26.00000 16.00000 16.00000 36.00000 17.00000 39.00000 17.00000 25.00000 17.00000 25.00000 38.00000 16.00000 26.00000 5.00000 26.00000 4.00000 18.00000 25.00000 41.00000 35.00000 26.00000 26.00000 25.00000 19.00000 26.00000 17.00000 37.00000 17.00000 16.00000 21.00000 20.00000 38.00000 3.00000 23.00000 38.00000 16.00000 4.00000 23.00000
13.00000 25.00000 1.00000 4.00000 16.00000 14.00000 4.00000 2.00000 13.00000 15.00000 15.00000 28.00000 17.00000 27.00000 15.00000 13.00000 28.00000 15.00000 13.00000 15.00000 0.00000 6.00000 2.00000 15.00000 18.00000 12.00000 3.00000 12.00000 28.00000 29.00000 27.00000 2.00000 14.00000 2.00000 14.00000 19.00000 3.00000 27.00000 28.00000 12.00000 4.00000 3.00000 26.00000 2.00000 28.00000 2.00000 15.00000 5.00000 14.00000 26.00000 2.00000 15.00000 19.00000 15.00000 18.00000 3.00000 15.00000 30.00000 24.00000 13.00000 15.00000 13.00000 5.00000 15.00000 4.00000 27.00000 2.00000 1.00000 6.00000 7.00000 28.00000 17.00000 13.00000 27.00000 2.00000 18.00000 13.00000
17.00000 29.00000 6.00000 9.00000 20.00000 19.00000 10.00000 6.00000 18.00000 19.00000 20.00000 32.00000 15.00000 31.00000 20.00000 18.00000 32.00000 20.00000 18.00000 13.00000 6.00000 0.00000 6.00000 20.00000 23.00000 17.00000 6.00000 17.00000 32.00000 33.00000 31.00000 7.00000 19.00000 7.00000 19.00000 17.00000 6.00000 30.00000 32.00000 17.00000 4.00000 6.00000 30.00000 6.00000 32.00000 7.00000 19.00000 5.00000 19.00000 29.00000 7.00000 20.00000 17.00000 20.00000 16.00000 9.00000 19.00000 34.00000 29.00000 18.00000 20.00000 18.00000 7.00000 20.00000 6.00000 31.00000 6.00000 7.00000 12.00000 12.00000 32.00000 15.00000 17.00000 32.00000 7.00000 16.00000 17.00000
13.00000 26.00000 3.00000 5.00000 17.00000 14.00000 5.00000 3.00000 14.00000 16.00000 16.00000 29.00000 18.00000 28.00000 16.00000 13.00000 29.00000 16.00000 14.00000 17.00000 2.00000 6.00000 0.00000 15.00000 18.00000 12.00000 5.00000 13.00000 28.00000 29.00000 28.00000 3.00000 14.00000 3.00000 15.00000 20.00000 4.00000 27.00000 29.00000 13.00000 5.00000 4.00000 27.00000 2.00000 29.00000 3.00000 16.00000 5.00000 15.00000 26.00000 3.00000 15.00000 20.00000 16.00000 19.00000 3.00000 16.00000 31.00000 24.00000 13.00000 16.00000 14.00000 4.00000 16.00000 3.00000 28.00000 1.00000 2.00000 7.00000 7.00000 28.00000 18.00000 13.00000 28.00000 3.00000 19.00000 13.00000
14.00000 16.00000 16.00000 14.00000 5.00000 4.00000 13.00000 16.00000 6.00000 8.00000 7.00000 16.00000 29.00000 15.00000 5.00000 5.00000 16.00000 4.00000 7.00000 27.00000 15.00000 20.00000 16.00000 0.00000 4.00000 6.00000 18.00000 5.00000 16.00000 17.00000 16.00000 15.00000 4.00000 16.00000 6.00000 31.00000 18.00000 14.00000 16.00000 7.00000 18.00000 16.00000 15.00000 17.00000 18.00000 16.00000 4.00000 18.00000 6.00000 14.00000 15.00000 5.00000 31.00000 8.00000 30.00000 15.00000 5.00000 18.00000 11.00000 6.00000 6.00000 6.00000 15.00000 7.00000 16.00000 15.00000 16.00000 15.00000 12.00000 10.00000 16.00000 29.00000 14.00000 17.00000 15.00000 30.00000 14.00000
14.00000 13.00000 18.00000 16.00000 5.00000 7.00000 16.00000 18.00000 9.00000 8.00000 6.00000 13.00000 31.00000 12.00000 5.00000 7.00000 13.00000 4.00000 9.00000 29.00000 17.00000 22.00000 18.00000 4.00000 0.00000 8.00000 20.00000 7.00000 13.00000 14.00000 13.00000 17.00000 6.00000 18.00000 6.00000 33.00000 19.00000 11.00000 13.00000 9.00000 20.00000 18.00000 12.00000 19.00000 15.00000 18.00000 4.00000 20.00000 6.00000 11.00000 17.00000 6.00000 33.00000 7.00000 32.00000 16.00000 6.00000 15.00000 8.00000 8.00000 6.00000 9.00000 17.00000 6.00000 18.00000 12.00000 18.00000 17.00000 14.00000 13.00000 13.00000 31.00000 14.00000 14.00000 18.00000 32.00000 14.00000
12.00000 18.00000 14.00000 12.00000 7.00000 3.00000 11.00000 14.00000 3.00000 9.00000 8.00000 18.00000 26.00000 17.00000 7.00000 1.00000 18.00000 5.00000 4.00000 24.00000 13.00000 18.00000 13.00000 3.00000 6.00000 0.00000 15.00000 3.00000 17.00000 18.00000 17.00000 13.00000 3.00000 14.00000 8.00000 28.00000 15.00000 15.00000 18.00000 5.00000 16.00000 13.00000 17.00000 14.00000 19.00000 13.00000 6.00000 15.00000 8.00000 15.00000 13.00000 5.00000 28.00000 9.00000 27.00000 12.00000 7.00000 20.00000 13.00000 2.00000 7.00000 3.00000 13.00000 8.00000 13.00000 16.00000 14.00000 13.00000 10.00000 8.00000 18.00000 26.00000 12.00000 19.00000 14.00000 27.00000 12.00000
14.00000 26.00000 3.00000 6.00000 17.00000 17.00000 8.00000 3.00000 16.00000 16.00000 17.00000 30.00000 16.00000 29.00000 16.00000 16.00000 30.00000 17.00000 14.00000 15.00000 4.00000 5.00000 5.00000 17.00000 20.00000 15.00000 0.00000 15.00000 29.00000 30.00000 28.00000 5.00000 17.00000 5.00000 15.00000 18.00000 2.00000 29.00000 29.00000 15.00000 2.00000 3.00000 27.00000 5.00000 29.00000 4.00000 16.00000 6.00000 15.00000 29.00000 5.00000 17.00000 19.00000 16.00000 17.00000 6.00000 16.00000 32.00000 26.00000 16.00000 17.00000 16.00000 6.00000 16.00000 5.00000 28.00000 5.00000 4.00000 9.00000 10.00000 29.00000 16.00000 14.00000 28.00000 4.00000 18.00000 14.00000
14.00000 18.00000 13.00000 11.00000 9.00000 5.00000 11.00000 13.00000 5.00000 10.00000 10.00000 18.00000 27.00000 17.00000 9.00000 3.00000 18.00000 7.00000 6.00000 25.00000 12.00000 17.00000 13.00000 5.00000 7.00000 3.00000 15.00000 0.00000 17.00000 18.00000 18.00000 12.00000 3.00000 13.00000 9.00000 29.00000 15.00000 16.00000 18.00000 4.00000 15.00000 14.00000 17.00000 14.00000 19.00000 13.00000 8.00000 15.00000 9.00000 15.00000 12.00000 3.00000 29.00000 10.00000 28.00000 11.00000 9.00000 20.00000 13.00000 5.00000 9.00000 5.00000 12.00000 10.00000 12.00000 17.00000 13.00000 12.00000 9.00000 8.00000 18.00000 27.00000 14.00000 19.00000 13.00000 28.00000 14.00000
23.00000 8.00000 28.00000 26.00000 17.00000 18.00000 26.00000 28.00000 19.00000 15.00000 15.00000 2.00000 40.00000 2.00000 17.00000 17.00000 2.00000 16.00000 19.00000 39.00000 27.00000 32.00000 28.00000 16.00000 14.00000 18.00000 29.00000 17.00000 0.00000 2.00000 4.00000 27.00000 16.00000 28.00000 16.00000 42.00000 29.00000 4.00000 2.00000 19.00000 30.00000 27.00000 8.00000 29.00000 5.00000 28.00000 16.00000 30.00000 17.00000 4.00000 27.00000 16.00000 42.00000 15.00000 41.00000 26.00000 17.00000 3.00000 7.00000 18.00000 17.00000 19.00000 27.00000 15.00000 28.00000 2.00000 28.00000 27.00000 24.00000 23.00000 3.00000 40.00000 23.00000 4.00000 28.00000 41.00000 23.00000
23.00000 8.00000 29.00000 27.00000 18.00000 19.00000 27.00000 29.00000 20.00000 16.00000 16.00000 2.00000 41.00000 2.00000 18.00000 17.00000 2.00000 16.00000 20.00000 39.00000 28.00000 33.00000 29.00000 16.00000 15.00000 19.00000 30.00000 18.00000 2.00000 0.00000 5.00000 28.00000 17.00000 29.00000 17.00000 43.00000 30.00000 5.00000 2.00000 20.00000 31.00000 28.00000 8.00000 30.00000 5.00000 29.00000 17.00000 31.00000 18.00000 4.00000 28.00000 17.00000 43.00000 15.00000 42.00000 27.00000 18.00000 5.00000 8.00000 19.00000 18.00000 20.00000 28.00000 16.00000 29.00000 3.00000 29.00000 28.00000 25.00000 24.00000 3.00000 41.00000 23.00000 4.00000 29.00000 42.00000 23.00000
21.00000 9.00000 28.00000 27.00000 16.00000 19.00000 26.00000 28.00000 18.00000 14.00000 14.00000 4.00000 39.00000 4.00000 16.00000 17.00000 5.00000 16.00000 18.00000 37.00000 27.00000 31.00000 28.00000 16.00000 14.00000 19.00000 28.00000 17.00000 4.00000 5.00000 0.00000 27.00000 16.00000 28.00000 15.00000 41.00000 28.00000 5.00000 4.00000 19.00000 29.00000 26.00000 7.00000 29.00000 6.00000 28.00000 16.00000 30.00000 16.00000 5.00000 27.00000 17.00000 41.00000 13.00000 40.00000 27.00000 16.00000 7.00000 7.00000 19.00000 16.00000 18.00000 27.00000 14.00000 28.00000 3.00000 28.00000 27.00000 24.00000 23.00000 4.00000 39.00000 21.00000 5.00000 27.00000 40.00000 21.00000
12.00000 25.00000 3.00000 2.00000 16.00000 13.00000 4.00000 3.00000 12.00000 15.00000 15.00000 28.00000 18.00000 27.00000 15.00000 12.00000 28.00000 15.00000 13.00000 17.00000 2.00000 8.00000 3.00000 14.00000 17.00000 11.00000 5.00000 12.00000 28.00000 29.00000 27.00000 0.00000 13.00000 3.00000 14.00000 20.00000 5.00000 26.00000 28.00000 12.00000 5.00000 4.00000 26.00000 4.00000 28.00000 3.00000 15.00000 7.00000 14.00000 25.00000 1.00000 14.00000 20.00000 15.00000 19.00000 3.00000 15.00000 30.00000 23.00000 12.00000 15.00000 12.00000 6.00000 15.00000 5.00000 27.00000 3.00000 2.00000 6.00000 6.00000 27.00000 18.00000 12.00000 27.00000 3.00000 19.00000 12.00000
13.00000 18.00000 14.00000 12.00000 9.00000 4.00000 12.00000 14.00000 5.00000 10.00000 10.00000 18.00000 27.00000 17.00000 9.00000 2.00000 18.00000 7.00000 5.00000 25.00000 13.00000 18.00000 13.00000 5.00000 7.00000 4.00000 16.00000 2.00000 17.00000 18.00000 18.00000 13.00000 0.00000 14.00000 9.00000 29.00000 15.00000 16.00000 18.00000 5.00000 16.00000 14.00000 17.00000 14.00000 20.00000 13.00000 8.00000 15.00000 9.00000 15.00000 13.00000 3.00000 29.00000 10.00000 28.00000 12.00000 9.00000 20.00000 13.00000 4.00000 9.00000 5.00000 13.00000 10.00000 13.00000 17.00000 13.00000 13.00000 10.00000 9.00000 18.00000 27.00000 13.00000 19.00000 13.00000 28.00000 13.00000
11.00000 24.00000 4.00000 4.00000 15.00000 13.00000 4.00000 4.00000 13.00000 14.00000 14.00000 27.00000 16.00000 26.00000 14.00000 12.00000 27.00000 14.00000 12.00000 14.00000 3.00000 8.00000 3.00000 14.00000 17.00000 11.00000 5.00000 12.00000 27.00000 27.00000 26.00000 2.00000 13.00000 0.00000 13.00000 18.00000 4.00000 26.00000 27.00000 12.00000 5.00000 3.00000 25.00000 4.00000 27.00000 4.00000 14.00000 7.00000 13.00000 25.00000 2.00000 15.00000 18.00000 14.00000 17.00000 5.00000 14.00000 29.00000 24.00000 13.00000 14.00000 13.00000 7.00000 14.00000 6.00000 26.00000 4.00000 2.00000 7.00000 6.00000 26.00000 16.00000 11.00000 26.00000 2.00000 17.00000 11.00000
9.00000 13.00000 15.00000 14.00000 3.00000 6.00000 13.00000 15.00000 4.00000 2.00000 4.00000 17.00000 26.00000 16.00000 3.00000 8.00000 17.00000 4.00000 5.00000 24.00000 14.00000 18.00000 15.00000 6.00000 7.00000 8.00000 15.00000 8.00000 16.00000 17.00000 15.00000 13.00000 7.00000 15.00000 0.00000 28.00000 14.00000 16.00000 16.00000 11.00000 16.00000 13.00000 14.00000 15.00000 16.00000 15.00000 4.00000 18.00000 2.00000 16.00000 13.00000 7.00000 28.00000 3.00000 27.00000 14.00000 2.00000 19.00000 13.00000 7.00000 2.00000 4.00000 15.00000 3.00000 16.00000 15.00000 15.00000 13.00000 12.00000 9.00000 16.00000 26.00000 9.00000 15.00000 13.00000 27.00000 9.00000
26.00000 39.00000 18.00000 21.00000 29.00000 29.00000 21.00000 18.00000 28.00000 28.00000 29.00000 42.00000 4.00000 41.00000 29.00000 29.00000 42.00000 29.00000 27.00000 5.00000 19.00000 16.00000 20.00000 29.00000 32.00000 28.00000 18.00000 29.00000 41.00000 42.00000 40.00000 19.00000 30.00000 20.00000 28.00000 0.00000 17.00000 41.00000 42.00000 29.00000 19.00000 19.00000 39.00000 20.00000 42.00000 20.00000 28.00000 20.00000 28.00000 41.00000 19.00000 30.00000 2.00000 29.00000 4.00000 21.00000 29.00000 44.00000 38.00000 29.00000 29.00000 28.00000 22.00000 29.00000 20.00000 40.00000 20.00000 19.00000 24.00000 23.00000 41.00000 2.00000 26.00000 41.00000 19.00000 2.00000 26.00000
13.00000 25.00000 2.00000 6.00000 16.00000 16.00000 7.00000 3.00000 15.00000 15.00000 16.00000 29.00000 15.00000 28.00000 15.00000 15.00000 29.00000 16.00000 14.00000 14.00000 3.00000 6.00000 4.00000 16.00000 19.00000 14.00000 2.00000 15.00000 28.00000 29.00000 27.00000 4.00000 16.00000 4.00000 14.00000 18.00000 0.00000 28.00000 28.00000 15.00000 3.00000 3.00000 26.00000 4.00000 28.00000 4.00000 15.00000 5.00000 15.00000 28.00000 4.00000 16.00000 18.00000 15.00000 16.00000 6.00000 15.00000 31.00000 25.00000 16.00000 16.00000 15.00000 6.00000 15.00000 5.00000 27.00000 5.00000 4.00000 9.00000 9.00000 28.00000 16.00000 13.00000 28.00000 4.00000 17.00000 13.00000
23.00000 9.00000 26.00000 25.00000 15.00000 17.00000 24.00000 26.00000 17.00000 15.00000 15.00000 4.00000 40.00000 3.00000 15.00000 15.00000 4.00000 14.00000 18.00000 38.00000 25.00000 30.00000 26.00000 14.00000 12.00000 17.00000 28.00000 15.00000 3.00000 4.00000 5.00000 26.00000 14.00000 26.00000 16.00000 42.00000 28.00000 0.00000 4.00000 17.00000 28.00000 27.00000 8.00000 27.00000 6.00000 26.00000 14.00000 28.00000 16.00000 2.00000 26.00000 15.00000 42.00000 15.00000 41.00000 25.00000 16.00000 6.00000 7.00000 17.00000 16.00000 17.00000 25.00000 15.00000 26.00000 3.00000 26.00000 25.00000 22.00000 22.00000 4.00000 40.00000 23.00000 5.00000 26.00000 41.00000 23.00000
23.00000 7.00000 29.00000 27.00000 18.00000 19.00000 27.00000 29.00000 20.00000 16.00000 15.00000 1.00000 41.00000 2.00000 18.00000 17.00000 2.00000 16.00000 20.00000 39.00000 28.00000 33.00000 28.00000 16.00000 15.00000 19.00000 30.00000 18.00000 2.00000 2.00000 4.00000 28.00000 17.00000 29.00000 17.00000 43.00000 29.00000 5.00000 0.00000 20.00000 30.00000 28.00000 7.00000 30.00000 4.00000 29.00000 17.00000 31.00000 17.00000 4.00000 28.00000 17.00000 43.00000 15.00000 42.00000 27.00000 17.00000 5.00000 8.00000 19.00000 17.00000 20.00000 28.00000 15.00000 28.00000 3.00000 29.00000 28.00000 25.00000 24.00000 2.00000 41.00000 23.00000 3.00000 28.00000 42.00000 23.00000
15.00000 21.00000 12.00000 10.00000 11.00000 7.00000 10.00000 12.00000 8.00000 13.00000 13.00000 21.00000 26.00000 20.00000 11.00000 5.00000 21.00000 9.00000 8.00000 24.00000 11.00000 16.00000 12.00000 8.00000 10.00000 5.00000 14.00000 4.00000 20.00000 21.00000 21.00000 11.00000 6.00000 12.00000 12.00000 28.00000 14.00000 19.00000 21.00000 0.00000 14.00000 13.00000 20.00000 13.00000 23.00000 12.00000 10.00000 14.00000 12.00000 18.00000 11.00000 6.00000 28.00000 13.00000 27.00000 10.00000 11.00000 23.00000 16.00000 6.00000 12.00000 8.00000 11.00000 12.00000 12.00000 20.00000 12.00000 11.00000 8.00000 7.00000 21.00000 26.00000 15.00000 22.00000 12.00000 27.00000 15.00000
13.00000 26.00000 2.00000 5.00000 17.00000 16.00000 7.00000 2.00000 15.00000 15.00000 16.00000 29.00000 16.00000 28.00000 16.00000 15.00000 29.00000 16.00000 14.00000 14.00000 3.00000 5.00000 4.00000 16.00000 19.00000 14.00000 2.00000 14.00000 28.00000 29.00000 27.00000 3.00000 16.00000 4.00000 15.00000 18.00000 2.00000 28.00000 29.00000 14.00000 0.00000 2.00000 27.00000 4.00000 29.00000 3.00000 16.00000 4.00000 15.00000 28.00000 4.00000 17.00000 18.00000 16.00000 17.00000 5.00000 16.00000 31.00000 26.00000 15.00000 16.00000 15.00000 5.00000 16.00000 4.00000 28.00000 4.00000 3.00000 8.00000 9.00000 28.00000 16.00000 13.00000 28.00000 3.00000 17.00000 13.00000
11.00000 24.00000 4.00000 6.00000 15.00000 14.00000 6.00000 4.00000 13.00000 13.00000 14.00000 27.00000 14.00000 26.00000 14.00000 15.00000 27.00000 14.00000 12.00000 13.00000 5.00000 7.00000 6.00000 14.00000 17.00000 14.00000 4.00000 14.00000 26.00000 27.00000 25.00000 4.00000 15.00000 6.00000 13.00000 17.00000 3.00000 26.00000 27.00000 14.00000 5.00000 0.00000 25.00000 6.00000 27.00000 5.00000 14.00000 7.00000 13.00000 26.00000 5.00000 15.00000 17.00000 14.00000 15.00000 7.00000 14.00000 29.00000 24.00000 15.00000 14.00000 13.00000 7.00000 14.00000 6.00000 26.00000 6.00000 4.00000 10.00000 9.00000 26.00000 15.00000 11.00000 26.00000 4.00000 16.00000 11.00000
19.00000 6.00000 25.00000 25.00000 14.00000 17.00000 24.00000 26.00000 16.00000 12.00000 11.00000 7.00000 37.00000 7.00000 14.00000 15.00000 8.00000 14.00000 16.00000 35.00000 25.00000 29.00000 25.00000 14.00000 12.00000 17.00000 26.00000 16.00000 8.00000 8.00000 7.00000 24.00000 15.00000 26.00000 13.00000 39.00000 25.00000 8.00000 7.00000 18.00000 26.00000 24.00000 0.00000 26.00000 7.00000 25.00000 15.00000 28.00000 13.00000 9.00000 24.00000 15.00000 39.00000 11.00000 38.00000 25.00000 13.00000 10.00000 6.00000 17.00000 13.00000 16.00000 26.00000 11.00000 26.00000 7.00000 25.00000 24.00000 23.00000 21.00000 6.00000 37.00000 19.00000 6.00000 24.00000 38.00000 19.00000
14.00000 27.00000 3.00000 5.00000 18.00000 15.00000 6.00000 4.00000 15.00000 17.00000 17.00000 30.00000 18.00000 29.00000 17.00000 14.00000 30.00000 17.00000 15.00000 17.00000 2.00000 6.00000 2.00000 16.00000 19.00000 13.00000 5.00000 14.00000 29.00000 30.00000 29.00000 4.00000 15.00000 4.00000 16.00000 20.00000 4.00000 28.00000 30.00000 14.00000 4.00000 5.00000 28.00000 0.00000 30.00000 3.00000 17.00000 5.00000 16.00000 27.00000 4.00000 16.00000 20.00000 17.00000 19.00000 4.00000 17.00000 32.00000 25.00000 14.00000 17.00000 15.00000 4.00000 17.00000 3.00000 29.00000 2.00000 3.00000 8.00000 9.00000 29.00000 18.00000 14.00000 29.00000 3.00000 19.00000 14.00000
23.00000 5.00000 29.00000 28.00000 17.00000 21.00000 28.00000 30.00000 19.00000 16.00000 15.00000 4.00000 41.00000 5.00000 17.00000 19.00000 4.00000 18.00000 20.00000 39.00000 28.00000 33.00000 29.00000 18.00000 16.00000 21.00000 30.00000 19.00000 5.00000 4.00000 6.00000 28.00000 18.00000 30.00000 17.00000 43.00000 29.00000 8.00000 4.00000 21.00000 30.00000 28.00000 6.00000 30.00000 0.00000 29.00000 18.00000 32.00000 17.00000 7.00000 28.00000 19.00000 43.00000 15.00000 41.00000 29.00000 17.00000 5.00000 8.00000 20.00000 17.00000 19.00000 29.00000 15.00000 30.00000 5.00000 29.00000 28.00000 26.00000 25.00000 3.00000 41.00000 23.00000 3.00000 28.00000 42.00000 23.00000
12.00000 24.00000 4.00000 4.00000 15.00000 13.00000 4.00000 4.00000 13.00000 14.00000 14.00000 27.00000 16.00000 26.00000 14.00000 13.00000 28.00000 15.00000 12.00000 14.00000 3.00000 8.00000 4.00000 15.00000 18.00000 12.00000 5.00000 12.00000 27.00000 28.00000 26.00000 2.00000 14.00000 1.00000 13.00000 18.00000 5.00000 27.00000 27.00000 12.00000 6.00000 3.00000 25.00000 5.00000 27.00000 0.00000 14.00000 8.00000 13.00000 26.00000 3.00000 15.00000 18.00000 14.00000 17.00000 5.00000 14.00000 29.00000 24.00000 13.00000 15.00000 13.00000 7.00000 14.00000 6.00000 26.00000 4.00000 2.00000 8.00000 7.00000 27.00000 16.00000 12.00000 26.00000 2.00000 17.00000 12.00000
10.00000 16.00000 16.00000 15.00000 3.00000 6.00000 14.00000 16.00000 5.00000 5.00000 4.00000 17.00000 27.00000 16.00000 2.00000 8.00000 17.00000 2.00000 6.00000 25.00000 15.00000 19.00000 16.00000 5.00000 5.00000 8.00000 16.00000 9.00000 16.00000 17.00000 16.00000 14.00000 8.00000 16.00000 3.00000 29.00000 15.00000 14.00000 17.00000 11.00000 17.00000 14.00000 16.00000 17.00000 18.00000 16.00000 0.00000 19.00000 3.00000 14.00000 14.00000 7.00000 29.00000 5.00000 28.00000 15.00000 2.00000 19.00000 12.00000 7.00000 3.00000 5.00000 16.00000 4.00000 17.00000 15.00000 16.00000 14.00000 13.00000 11.00000 17.00000 27.00000 10.00000 18.00000 14.00000 28.00000 10.00000
16.00000 29.00000 5.00000 8.00000 20.00000 16.00000 9.00000 5.00000 16.00000 19.00000 19.00000 31.00000 18.00000 30.00000 19.00000 15.00000 31.00000 18.00000 16.00000 16.00000 5.00000 5.00000 5.00000 17.00000 20.00000 14.00000 5.00000 15.00000 31.00000 32.00000 31.00000 7.00000 16.00000 7.00000 18.00000 20.00000 5.00000 29.00000 31.00000 15.00000 4.00000 6.00000 30.00000 5.00000 32.00000 6.00000 19.00000 0.00000 18.00000 28.00000 7.00000 17.00000 20.00000 19.00000 19.00000 7.00000 19.00000 33.00000 26.00000 15.00000 19.00000 16.00000 4.00000 19.00000 3.00000 30.00000 5.00000 6.00000 9.00000 9.00000 31.00000 18.00000 16.00000 31.00000 6.00000 19.00000 16.00000
11.00000 15.00000 16.00000 15.00000 2.00000 8.00000 15.00000 16.00000 6.00000 2.00000 4.00000 18.00000 27.00000 17.00000 2.00000 9.00000 18.00000 3.00000 6.00000 26.00000 15.00000 19.00000 16.00000 7.00000 7.00000 10.00000 16.00000 10.00000 17.00000 18.00000 17.00000 15.00000 9.00000 16.00000 2.00000 29.00000 16.00000 16.00000 18.00000 12.00000 17.00000 14.00000 16.00000 17.00000 18.00000 16.00000 4.00000 19.00000 0.00000 16.00000 15.00000 8.00000 30.00000 3.00000 28.00000 16.00000 2.00000 20.00000 14.00000 9.00000 2.00000 6.00000 16.00000 4.00000 17.00000 17.00000 16.00000 15.00000 13.00000 11.00000 17.00000 27.00000 11.00000 17.00000 15.00000 28.00000 11.00000
23.00000 9.00000 26.00000 24.00000 15.00000 16.00000 24.00000 26.00000 17.00000 15.00000 15.00000 4.00000 40.00000 3.00000 15.00000 15.00000 4.00000 14.00000 18.00000 38.00000 25.00000 29.00000 26.00000 14.00000 12.00000 16.00000 28.00000 15.00000 3.00000 4.00000 5.00000 25.00000 14.00000 26.00000 16.00000 42.00000 28.00000 2.00000 4.00000 17.00000 28.00000 27.00000 8.00000 27.00000 6.00000 26.00000 14.00000 28.00000 16.00000 0.00000 25.00000 14.00000 42.00000 15.00000 41.00000 24.00000 15.00000 6.00000 6.00000 16.00000 16.00000 17.00000 25.00000 15.00000 26.00000 2.00000 26.00000 25.00000 22.00000 21.00000 4.00000 40.00000 23.00000 5.00000 26.00000 41.00000 23.00000
12.00000 25.00000 3.00000 2.00000 16.00000 13.00000 3.00000 3.00000 12.00000 15.00000 15.00000 28.00000 18.00000 27.00000 15.00000 12.00000 28.00000 15.00000 13.00000 16.00000 2.00000 8.00000 3.00000 14.00000 17.00000 11.00000 5.00000 11.00000 28.00000 28.00000 27.00000 2.00000 13.00000 3.00000 14.00000 20.00000 5.00000 26.00000 28.00000 11.00000 5.00000 4.00000 26.00000 4.00000 28.00000 3.00000 15.00000 7.00000 14.00000 25.00000 0.00000 14.00000 20.00000 15.00000 19.00000 3.00000 15.00000 30.00000 23.00000 12.00000 15.00000 12.00000 6.00000 15.00000 5.00000 27.00000 3.00000 2.00000 6.00000 6.00000 27.00000 18.00000 12.00000 27.00000 3.00000 19.00000 12.00000
14.00000 18.00000 14.00000 13.00000 10.00000 5.00000 13.00000 15.00000 6.00000 11.00000 11.00000 18.00000 28.00000 17.00000 10.00000 4.00000 18.00000 8.00000 7.00000 27.00000 14.00000 19.00000 14.00000 6.00000 8.00000 5.00000 16.00000 2.00000 18.00000 19.00000 18.00000 14.00000 3.00000 14.00000 10.00000 30.00000 16.00000 16.00000 18.00000 5.00000 16.00000 15.00000 17.00000 15.00000 20.00000 14.00000 9.00000 16.00000 10.00000 15.00000 14.00000 0.00000 31.00000 11.00000 29.00000 13.00000 10.00000 20.00000 13.00000 5.00000 10.00000 6.00000 13.00000 11.00000 14.00000 17.00000 14.00000 13.00000 10.00000 10.00000 18.00000 28.00000 14.00000 19.00000 14.00000 30.00000 14.00000
26.00000 39.00000 18.00000 21.00000 30.00000 29.00000 21.00000 19.00000 28.00000 29.00000 29.00000 42.00000 4.00000 41.00000 29.00000 30.00000 42.00000 29.00000 27.00000 5.00000 19.00000 16.00000 20.00000 29.00000 32.00000 29.00000 19.00000 29.00000 41.00000 42.00000 41.00000 19.00000 30.00000 20.00000 28.00000 1.00000 18.00000 41.00000 42.00000 29.00000 19.00000 19.00000 40.00000 20.00000 42.00000 20.00000 29.00000 20.00000 28.00000 41.00000 20.00000 30.00000 0.00000 29.00000 4.00000 22.00000 29.00000 44.00000 39.00000 30.00000 29.00000 28.00000 22.00000 29.00000 21.00000 41.00000 21.00000 19.00000 25.00000 24.00000 41.00000 3.00000 26.00000 41.00000 19.00000 2.00000 26.00000
10.00000 15.00000 15.00000 15.00000 3.00000 7.00000 14.00000 16.00000 5.00000 1.00000 3.00000 18.00000 27.00000 17.00000 3.00000 9.00000 18.00000 4.00000 5.00000 25.00000 15.00000 19.00000 15.00000 7.00000 7.00000 9.00000 16.00000 9.00000 17.00000 18.00000 16.00000 14.00000 8.00000 16.00000 2.00000 29.00000 15.00000 16.00000 18.00000 11.00000 16.00000 14.00000 15.00000 16.00000 18.00000 15.00000 4.00000 18.00000 3.00000 15.00000 14.00000 8.00000 29.00000 0.00000 28.00000 15.00000 3.00000 20.00000 13.00000 8.00000 3.00000 5.00000 16.00000 3.00000 16.00000 16.00000 15.00000 14.00000 13.00000 10.00000 17.00000 27.00000 10.00000 17.00000 14.00000 28.00000 10.00000
26.00000 38.00000 18.00000 20.00000 29.00000 28.00000 21.00000 18.00000 27.00000 28.00000 28.00000 41.00000 2.00000 40.00000 28.00000 29.00000 41.00000 28.00000 26.00000 4.00000 18.00000 16.00000 20.00000 29.00000 32.00000 28.00000 18.00000 29.00000 41.00000 42.00000 40.00000 19.00000 29.00000 20.00000 27.00000 4.00000 17.00000 41.00000 41.00000 29.00000 19.00000 18.00000 39.00000 20.00000 41.00000 19.00000 28.00000 19.00000 27.00000 40.00000 19.00000 29.00000 4.00000 28.00000 0.00000 21.00000 28.00000 43.00000 38.00000 29.00000 28.00000 27.00000 21.00000 28.00000 20.00000 40.00000 20.00000 19.00000 24.00000 23.00000 41.00000 2.00000 26.00000 40.00000 18.00000 3.00000 26.00000
13.00000 25.00000 4.00000 3.00000 16.00000 12.00000 5.00000 4.00000 12.00000 15.00000 16.00000 28.00000 19.00000 27.00000 16.00000 11.00000 28.00000 14.00000 12.00000 18.00000 3.00000 8.00000 3.00000 13.00000 16.00000 10.00000 6.00000 11.00000 27.00000 28.00000 27.00000 3.00000 12.00000 4.00000 14.00000 21.00000 6.00000 25.00000 27.00000 11.00000 6.00000 5.00000 26.00000 4.00000 28.00000 4.00000 15.00000 7.00000 14.00000 24.00000 4.00000 14.00000 22.00000 15.00000 20.00000 0.00000 15.00000 29.00000 23.00000 11.00000 16.00000 12.00000 5.00000 15.00000 6.00000 26.00000 3.00000 3.00000 5.00000 6.00000 28.00000 20.00000 13.00000 27.00000 4.00000 21.00000 13.00000
10.00000 14.00000 15.00000 15.00000 2.00000 7.00000 14.00000 16.00000 5.00000 3.00000 4.00000 17.00000 27.00000 16.00000 2.00000 9.00000 17.00000 3.00000 5.00000 25.00000 15.00000 19.00000 15.00000 7.00000 6.00000 9.00000 16.00000 9.00000 17.00000 18.00000 16.00000 14.00000 8.00000 16.00000 1.00000 29.00000 15.00000 15.00000 17.00000 11.00000 16.00000 14.00000 15.00000 16.00000 17.00000 15.00000 3.00000 18.00000 1.00000 15.00000 14.00000 8.00000 29.00000 3.00000 28.00000 15.00000 0.00000 19.00000 13.00000 8.00000 1.00000 5.00000 16.00000 4.00000 16.00000 16.00000 15.00000 14.00000 13.00000 10.00000 17.00000 27.00000 10.00000 16.00000 14.00000 28.00000 10.00000
25.00000 9.00000 31.00000 29.00000 19.00000 21.00000 29.00000 31.00000 22.00000 18.00000 17.00000 5.00000 43.00000 4.00000 20.00000 19.00000 3.00000 18.00000 22.00000 41.00000 30.00000 35.00000 30.00000 18.00000 16.00000 21.00000 32.00000 19.00000 4.00000 5.00000 7.00000 30.00000 18.00000 31.00000 19.00000 45.00000 31.00000 7.00000 5.00000 22.00000 32.00000 30.00000 10.00000 31.00000 5.00000 30.00000 19.00000 32.00000 19.00000 6.00000 30.00000 19.00000 45.00000 17.00000 44.00000 29.00000 19.00000 0.00000 10.00000 21.00000 19.00000 22.00000 30.00000 17.00000 30.00000 4.00000 30.00000 30.00000 27.00000 26.00000 5.00000 43.00000 25.00000 5.00000 30.00000 44.00000 25.00000
20.00000 8.00000 24.00000 23.00000 13.00000 15.00000 23.00000 25.00000 16.00000 13.00000 12.00000 7.00000 38.00000 6.00000 13.00000 13.00000 7.00000 12.00000 16.00000 36.00000 24.00000 29.00000 24.00000 12.00000 10.00000 15.00000 26.00000 13.00000 7.00000 8.00000 6.00000 24.00000 12.00000 25.00000 14.00000 40.00000 26.00000 6.00000 7.00000 16.00000 27.00000 25.00000 6.00000 25.00000 8.00000 24.00000 13.00000 26.00000 14.00000 6.00000 24.00000 13.00000 40.00000 12.00000 39.00000 23.00000 14.00000 9.00000 0.00000 15.00000 14.00000 16.00000 23.00000 12.00000 24.00000 6.00000 24.00000 24.00000 20.00000 20.00000 7.00000 38.00000 20.00000 7.00000 24.00000 39.00000 20.00000
12.00000 19.00000 13.00000 12.00000 8.00000 3.00000 11.00000 14.00000 4.00000 9.00000 9.00000 19.00000 27.00000 18.00000 8.00000 3.00000 19.00000 6.00000 4.00000 25.00000 13.00000 18.00000 13.00000 5.00000 8.00000 2.00000 15.00000 5.00000 19.00000 20.00000 19.00000 12.00000 4.00000 13.00000 8.00000 29.00000 15.00000 17.00000 19.00000 6.00000 16.00000 14.00000 18.00000 14.00000 21.00000 13.00000 7.00000 15.00000 8.00000 17.00000 13.00000 6.00000 29.00000 9.00000 28.00000 12.00000 8.00000 21.00000 14.00000 0.00000 9.00000 4.00000 12.00000 9.00000 13.00000 18.00000 13.00000 12.00000 9.00000 7.00000 19.00000 27.00000 12.00000 20.00000 13.00000 28.00000 12.00000
10.00000 14.00000 15.00000 15.00000 2.00000 7.00000 14.00000 16.00000 5.00000 3.00000 4.00000 17.00000 26.00000 16.00000 2.00000 9.00000 17.00000 3.00000 5.00000 25.00000 14.00000 19.00000 15.00000 7.00000 7.00000 9.00000 16.00000 9.00000 17.00000 18.00000 16.00000 14.00000 8.00000 15.00000 1.00000 29.00000 15.00000 16.00000 17.00000 11.00000 16.00000 14.00000 15.00000 16.00000 17.00000 15.00000 3.00000 18.00000 1.00000 16.00000 14.00000 8.00000 29.00000 3.00000 27.00000 15.00000 1.00000 19.00000 13.00000 8.00000 0.00000 5.00000 16.00000 4.00000 16.00000 16.00000 15.00000 14.00000 13.00000 10.00000 16.00000 27.00000 10.00000 16.00000 14.00000 28.00000 10.00000
10.00000 16.00000 13.00000 11.00000 7.00000 4.00000 11.00000 13.00000 0.00000 6.00000 7.00000 20.00000 25.00000 19.00000 6.00000 5.00000 20.00000 6.00000 2.00000 24.00000 12.00000 17.00000 13.00000 6.00000 9.00000 5.00000 14.00000 7.00000 19.00000 20.00000 18.00000 12.00000 6.00000 13.00000 5.00000 27.00000 14.00000 18.00000 19.00000 9.00000 15.00000 12.00000 17.00000 14.00000 19.00000 13.00000 6.00000 16.00000 6.00000 18.00000 12.00000 6.00000 27.00000 6.00000 26.00000 12.00000 6.00000 22.00000 15.00000 4.00000 7.00000 0.00000 13.00000 7.00000 13.00000 18.00000 13.00000 12.00000 10.00000 7.00000 19.00000 25.00000 10.00000 19.00000 13.00000 26.00000 10.00000
14.00000 26.00000 5.00000 5.00000 17.00000 13.00000 7.00000 5.00000 13.00000 16.00000 17.00000 29.00000 20.00000 28.00000 17.00000 12.00000 29.00000 15.00000 13.00000 18.00000 5.00000 6.00000 5.00000 14.00000 17.00000 11.00000 6.00000 12.00000 28.00000 29.00000 28.00000 6.00000 13.00000 6.00000 15.00000 22.00000 6.00000 26.00000 28.00000 12.00000 5.00000 7.00000 27.00000 4.00000 29.00000 6.00000 16.00000 4.00000 16.00000 25.00000 6.00000 15.00000 22.00000 16.00000 21.00000 4.00000 16.00000 31.00000 24.00000 13.00000 17.00000 13.00000 0.00000 17.00000 2.00000 27.00000 5.00000 5.00000 6.00000 7.00000 29.00000 20.00000 14.00000 29.00000 6.00000 21.00000 14.00000
11.00000 12.00000 17.00000 16.00000 4.00000 7.00000 15.00000 17.00000 6.00000 3.00000 1.00000 16.00000 28.00000 15.00000 4.00000 10.00000 16.00000 4.00000 7.00000 26.00000 16.00000 20.00000 17.00000 7.00000 6.00000 9.00000 17.00000 10.00000 15.00000 16.00000 14.00000 15.00000 9.00000 17.00000 4.00000 30.00000 16.00000 13.00000 15.00000 13.00000 18.00000 15.00000 13.00000 18.00000 15.00000 17.00000 5.00000 20.00000 4.00000 13.00000 15.00000 9.00000 30.00000 2.00000 29.00000 16.00000 4.00000 17.00000 11.00000 9.00000 4.00000 6.00000 17.00000 0.00000 18.00000 14.00000 17.00000 15.00000 14.00000 12.00000 15.00000 28.00000 11.00000 14.00000 15.00000 29.00000 11.00000
15.00000 27.00000 3.00000 6.00000 18.00000 14.00000 8.00000 4.00000 13.00000 17.00000 17.00000 29.00000 19.00000 28.00000 17.00000 13.00000 29.00000 16.00000 14.00000 17.00000 4.00000 5.00000 3.00000 15.00000 18.00000 12.00000 5.00000 12.00000 28.00000 29.00000 29.00000 5.00000 14.00000 5.00000 16.00000 21.00000 5.00000 27.00000 29.00000 12.00000 4.00000 5.00000 28.00000 3.00000 30.00000 5.00000 17.00000 3.00000 16.00000 26.00000 5.00000 15.00000 21.00000 17.00000 20.00000 5.00000 17.00000 31.00000 24.00000 13.00000 17.00000 13.00000 2.00000 17.00000 0.00000 28.00000 3.00000 4.00000 6.00000 7.00000 29.00000 19.00000 15.00000 29.00000 5.00000 20.00000 15.00000
22.00000 9.00000 28.00000 26.00000 17.00000 18.00000 26.00000 28.00000 19.00000 15.00000 15.00000 4.00000 40.00000 2.00000 17.00000 16.00000 4.00000 15.00000 19.00000 38.00000 27.00000 31.00000 27.00000 15.00000 14.00000 18.00000 29.00000 17.00000 3.00000 4.00000 4.00000 27.00000 16.00000 28.00000 16.00000 42.00000 29.00000 3.00000 3.00000 19.00000 30.00000 27.00000 8.00000 29.00000 6.00000 28.00000 16.00000 30.00000 17.00000 2.00000 27.00000 16.00000 42.00000 14.00000 41.00000 26.00000 17.00000 5.00000 7.00000 18.00000 17.00000 19.00000 27.00000 15.00000 27.00000 0.00000 28.00000 27.00000 24.00000 23.00000 4.00000 40.00000 22.00000 4.00000 28.00000 41.00000 22.00000
14.00000 26.00000 3.00000 5.00000 17.00000 14.00000 5.00000 3.00000 14.00000 16.00000 16.00000 29.00000 18.00000 28.00000 16.00000 13.00000 29.00000 16.00000 14.00000 17.00000 2.00000 6.00000 1.00000 15.00000 18.00000 12.00000 5.00000 13.00000 29.00000 30.00000 28.00000 3.00000 14.00000 3.00000 15.00000 21.00000 5.00000 27.00000 29.00000 13.00000 5.00000 4.00000 27.00000 2.00000 29.00000 3.00000 16.00000 5.00000 15.00000 26.00000 3.00000 16.00000 21.00000 16.00000 19.00000 3.00000 16.00000 31.00000 25.00000 13.00000 16.00000 14.00000 4.00000 16.00000 3.00000 28.00000 0.00000 2.00000 7.00000 8.00000 28.00000 19.00000 14.00000 28.00000 3.00000 20.00000 14.00000
12.00000 24.00000 2.00000 4.00000 15.00000 13.00000 4.00000 2.00000 13.00000 14.00000 15.00000 28.00000 17.00000 27.00000 15.00000 12.00000 28.00000 15.00000 13.00000 16.00000 1.00000 7.00000 2.00000 14.00000 17.00000 11.00000 4.00000 12.00000 27.00000 28.00000 26.00000 2.00000 13.00000 2.00000 14.00000 20.00000 4.00000 26.00000 28.00000 12.00000 4.00000 4.00000 25.00000 3.00000 28.00000 2.00000 14.00000 6.00000 14.00000 25.00000 2.00000 15.00000 20.00000 15.00000 18.00000 3.00000 14.00000 30.00000 24.00000 13.00000 15.00000 13.00000 5.00000 15.00000 4.00000 26.00000 2.00000 0.00000 6.00000 6.00000 27.00000 18.00000 12.00000 27.00000 2.00000 19.00000 12.00000
12.00000 24.00000 5.00000 4.00000 14.00000 11.00000 5.00000 6.00000 10.00000 14.00000 14.00000 26.00000 21.00000 25.00000 14.00000 9.00000 26.00000 12.00000 10.00000 19.00000 5.00000 10.00000 5.00000 11.00000 14.00000 8.00000 8.00000 9.00000 25.00000 26.00000 25.00000 5.00000 10.00000 6.00000 13.00000 23.00000 7.00000 23.00000 26.00000 9.00000 8.00000 7.00000 24.00000 6.00000 27.00000 5.00000 13.00000 7.00000 13.00000 22.00000 5.00000 12.00000 23.00000 14.00000 22.00000 4.00000 14.00000 28.00000 21.00000 10.00000 14.00000 10.00000 5.00000 14.00000 5.00000 24.00000 5.00000 5.00000 0.00000 4.00000 26.00000 21.00000 12.00000 26.00000 5.00000 22.00000 12.00000
10.00000 22.00000 7.00000 5.00000 13.00000 9.00000 4.00000 7.00000 8.00000 12.00000 12.00000 24.00000 20.00000 23.00000 12.00000 8.00000 24.00000 11.00000 9.00000 18.00000 6.00000 12.00000 7.00000 10.00000 13.00000 7.00000 9.00000 8.00000 24.00000 25.00000 24.00000 6.00000 9.00000 7.00000 11.00000 22.00000 8.00000 22.00000 24.00000 8.00000 9.00000 7.00000 23.00000 8.00000 25.00000 7.00000 11.00000 9.00000 11.00000 22.00000 6.00000 10.00000 22.00000 12.00000 21.00000 6.00000 12.00000 26.00000 19.00000 8.00000 13.00000 8.00000 6.00000 12.00000 7.00000 23.00000 7.00000 6.00000 3.00000 0.00000 25.00000 20.00000 10.00000 24.00000 6.00000 21.00000 10.00000
22.00000 6.00000 29.00000 28.00000 17.00000 20.00000 28.00000 29.00000 19.00000 15.00000 15.00000 2.00000 40.00000 3.00000 17.00000 18.00000 3.00000 17.00000 19.00000 38.00000 28.00000 32.00000 29.00000 17.00000 15.00000 20.00000 29.00000 18.00000 3.00000 3.00000 4.00000 27.00000 17.00000 29.00000 16.00000 42.00000 28.00000 5.00000 2.00000 21.00000 30.00000 27.00000 6.00000 30.00000 3.00000 29.00000 17.00000 31.00000 17.00000 5.00000 27.00000 18.00000 42.00000 14.00000 41.00000 28.00000 17.00000 5.00000 8.00000 20.00000 16.00000 19.00000 28.00000 14.00000 29.00000 3.00000 29.00000 27.00000 25.00000 24.00000 0.00000 40.00000 22.00000 2.00000 27.00000 41.00000 22.00000
24.00000 37.00000 16.00000 19.00000 28.00000 27.00000 19.00000 17.00000 26.00000 26.00000 27.00000 40.00000 2.00000 39.00000 27.00000 28.00000 40.00000 27.00000 25.00000 3.00000 17.00000 14.00000 18.00000 27.00000 30.00000 27.00000 17.00000 27.00000 39.00000 40.00000 38.00000 17.00000 28.00000 18.00000 26.00000 2.00000 16.00000 39.00000 40.00000 27.00000 17.00000 17.00000 38.00000 18.00000 40.00000 18.00000 27.00000 18.00000 26.00000 39.00000 18.00000 28.00000 3.00000 27.00000 2.00000 19.00000 27.00000 42.00000 37.00000 28.00000 27.00000 26.00000 20.00000 27.00000 19.00000 39.00000 19.00000 17.00000 23.00000 22.00000 39.00000 0.00000 24.00000 39.00000 17.00000 2.00000 24.00000
0.00000 18.00000 14.00000 13.00000 12.00000 12.00000 13.00000 14.00000 11.00000 10.00000 10.00000 22.00000 25.00000 21.00000 11.00000 14.00000 22.00000 11.00000 11.00000 23.00000 13.00000 17.00000 14.00000 13.00000 15.00000 14.00000 14.00000 14.00000 21.00000 22.00000 20.00000 12.00000 14.00000 14.00000 10.00000 27.00000 13.00000 21.00000 21.00000 16.00000 15.00000 12.00000 19.00000 15.00000 21.00000 14.00000 11.00000 17.00000 10.00000 22.00000 12.00000 13.00000 27.00000 10.00000 26.00000 14.00000 11.00000 24.00000 19.00000 14.00000 11.00000 11.00000 15.00000 10.00000 16.00000 20.00000 14.00000 12.00000 12.00000 10.00000 21.00000 25.00000 0.00000 20.00000 12.00000 26.00000 0.00000
22.00000 6.00000 28.00000 28.00000 16.00000 20.00000 27.00000 29.00000 18.00000 15.00000 14.00000 3.00000 39.00000 4.00000 16.00000 18.00000 3.00000 17.00000 19.00000 38.00000 27.00000 32.00000 28.00000 17.00000 15.00000 20.00000 29.00000 18.00000 4.00000 4.00000 5.00000 27.00000 17.00000 29.00000 16.00000 42.00000 28.00000 6.00000 3.00000 21.00000 29.00000 27.00000 6.00000 29.00000 3.00000 28.00000 17.00000 31.00000 16.00000 6.00000 27.00000 18.00000 42.00000 14.00000 40.00000 28.00000 16.00000 5.00000 7.00000 20.00000 16.00000 18.00000 28.00000 14.00000 29.00000 4.00000 28.00000 27.00000 25.00000 24.00000 2.00000 40.00000 22.00000 0.00000 27.00000 41.00000 22.00000
12.00000 24.00000 2.00000 3.00000 15.00000 13.00000 4.00000 3.00000 13.00000 14.00000 15.00000 28.00000 18.00000 27.00000 15.00000 12.00000 28.00000 15.00000 13.00000 16.00000 1.00000 7.00000 2.00000 14.00000 17.00000 11.00000 4.00000 12.00000 27.00000 28.00000 26.00000 1.00000 13.00000 3.00000 13.00000 20.00000 4.00000 26.00000 28.00000 12.00000 5.00000 4.00000 25.00000 3.00000 27.00000 2.00000 14.00000 6.00000 14.00000 25.00000 1.00000 15.00000 20.00000 14.00000 19.00000 3.00000 14.00000 30.00000 24.00000 13.00000 15.00000 13.00000 6.00000 15.00000 4.00000 26.00000 2.00000 1.00000 6.00000 6.00000 27.00000 18.00000 12.00000 27.00000 0.00000 19.00000 12.00000
25.00000 38.00000 17.00000 20.00000 29.00000 28.00000 20.00000 18.00000 27.00000 27.00000 28.00000 41.00000 3.00000 40.00000 28.00000 29.00000 41.00000 28.00000 26.00000 4.00000 18.00000 15.00000 19.00000 28.00000 31.00000 28.00000 18.00000 28.00000 40.00000 41.00000 39.00000 18.00000 29.00000 19.00000 27.00000 2.00000 17.00000 40.00000 41.00000 28.00000 18.00000 18.00000 39.00000 19.00000 41.00000 19.00000 28.00000 19.00000 27.00000 40.00000 19.00000 29.00000 2.00000 28.00000 3.00000 20.00000 28.00000 43.00000 38.00000 29.00000 28.00000 27.00000 21.00000 28.00000 20.00000 40.00000 20.00000 18.00000 24.00000 23.00000 40.00000 1.00000 25.00000 40.00000 18.00000 0.00000 25.00000
0.00000 18.00000 14.00000 13.00000 12.00000 12.00000 13.00000 14.00000 11.00000 10.00000 10.00000 22.00000 25.00000 21.00000 11.00000 14.00000 22.00000 11.00000 11.00000 23.00000 13.00000 17.00000 14.00000 13.00000 15.00000 14.00000 14.00000 14.00000 21.00000 22.00000 20.00000 12.00000 14.00000 14.00000 10.00000 27.00000 13.00000 21.00000 21.00000 16.00000 15.00000 12.00000 19.00000 15.00000 21.00000 14.00000 11.00000 17.00000 10.00000 22.00000 12.00000 13.00000 27.00000 10.00000 26.00000 14.00000 11.00000 24.00000 19.00000 14.00000 11.00000 11.00000 15.00000 10.00000 16.00000 20.00000 14.00000 12.00000 12.00000 10.00000 21.00000 25.00000 0.00000 20.00000 12.00000 26.00000 0.00000
p
0.0 0.0 0.0 0.0 0.0 0.0 
0.0 0.0 0.0 0.0 0.0 0.0 
0.0 0.0 0.0 0.0 0.0 0.0 
0.0 0.0 0.0 0.0 0.0 0.0 
0.0 0.0 0.0 0.0 0.0 0.0 
0.0 0.0 0.0 0.0 0.0 0.0 
0.0 0.0 0.0 0.0 0.0 0.0 
0.0 0.0 0.0 0.0 0.0 0.0 
0.0 0.0 0.0 0.0 0.0 0.0 
0.0 0.0 0.0 0.0 0.0 0.0 
0.0 0.0 0.0 0.0 0.0 0.0 
0.0 0.0 0.0 0.0 0.0 0.0 
0.0 0.0 0.0 0.0 0.0 0.0 
0.0 0.0 0.0 0.0 0.0 0.0 
0.0 0.0 0.0 0.0 0.0 0.0 
0 0 29 0 0 0 
0 0 29 0 0 0 
0 0 29 0 0 0 
0 0 29 0 0 0 
0 0 29 0 0 0 
0 0 29 0 0 0 
0 0 29 0 0 0 
0 0 29 0 0 0 
0 0 29 0 0 0 
0 0 29 0 0 0 
0 0 29 0 0 0 
0 0 29 0 0 0 
0 0 29 0 0 0 
0 0 29 0 0 0 
0 0 29 0 0 0 
34 0 0 0 0 0 
34 0 0 0 0 0 
34 0 0 0 0 0 
34 0 0 0 0 0 
34 0 0 0 0 0 
34 0 0 0 0 0 
34 0 0 0 0 0 
34 0 0 0 0 0 
34 0 0 0 0 0 
34 0 0 0 0 0 
34 0 0 0 0 0 
34 0 0 0 0 0 
34 0 0 0 0 0 
34 0 0 0 0 0 
34 0 0 0 0 0 
45 0 0 0 0 0 
45 0 0 0 0 0 
45 0 0 0 0 0 
45 0 0 0 0 0 
45 0 0 0 0 0 
45 0 0 0 0 0 
45 0 0 0 0 0 
45 0 0 0 0 0 
45 0 0 0 0 0 
45 0 0 0 0 0 
45 0 0 0 0 0 
45 0 0 0 0 0 
45 0 0 0 0 0 
45 0 0 0 0 0 
45 0 0 0 0 0 
27 0 0 0 47 0 
27 0 0 0 47 0 
27 0 0 0 47 0 
27 0 0 0 47 0 
27 0 0 0 47 0 
27 0 0 0 47 0 
27 0 0 0 47 0 
27 0 0 0 47 0 
27 0 0 0 47 0 
27 0 0 0 47 0 
27 0 0 0 47 0 
27 0 0 0 47 0 
27 0 0 0 47 0 
27 0 0 0 47 0 
27 0 0 0 47 0 
23 0 0 0 0 0 
23 0 0 0 0 0 
23 0 0 0 0 0 
23 0 0 0 0 0 
23 0 0 0 0 0 
23 0 0 0 0 0 
23 0 0 0 0 0 
23 0 0 0 0 0 
23 0 0 0 0 0 
23 0 0 0 0 0 
23 0 0 0 0 0 
23 0 0 0 0 0 
23 0 0 0 0 0 
23 0 0 0 0 0 
23 0 0 0 0 0 
0 0 20 35 0 0 
0 0 20 35 0 0 
0 0 20 35 0 0 
0 0 20 35 0 0 
0 0 20 35 0 0 
0 0 20 35 0 0 
0 0 20 35 0 0 
0 0 20 35 0 0 
0 0 20 35 0 0 
0 0 20 35 0 0 
0 0 20 35 0 0 
0 0 20 35 0 0 
0 0 20 35 0 0 
0 0 20 35 0 0 
0 0 20 35 0 0 
0 21 0 0 0 0 
0 21 0 0 0 0 
0 21 0 0 0 0 
0 21 0 0 0 0 
0 21 0 0 0 0 
0 21 0 0 0 0 
0 21 0 0 0 0 
0 21 0 0 0 0 
0 21 0 0 0 0 
0 21 0 0 0 0 
0 21 0 0 0 0 
0 21 0 0 0 0 
0 21 0 0 0 0 
0 21 0 0 0 0 
0 21 0 0 0 0 
0 0 0 51 0 0 
0 0 0 51 0 0 
0 0 0 51 0 0 
0 0 0 51 0 0 
0 0 0 51 0 0 
0 0 0 51 0 0 
0 0 0 51 0 0 
0 0 0 51 0 0 
0 0 0 51 0 0 
0 0 0 51 0 0 
0 0 0 51 0 0 
0 0 0 51 0 0 
0 0 0 51 0 0 
0 0 0 51 0 0 
0 0 0 51 0 0 
0 0 35 0 0 30 
0 0 35 0 0 30 
0 0 35 0 0 30 
0 0 35 0 0 30 
0 0 35 0 0 30 
0 0 35 0 0 30 
0 0 35 0 0 30 
0 0 35 0 0 30 
0 0 35 0 0 30 
0 0 35 0 0 30 
0 0 35 0 0 30 
0 0 35 0 0 30 
0 0 35 0 0 30 
0 0 35 0 0 30 
0 0 35 0 0 30 
46 0 0 48 0 0 
46 0 0 48 0 0 
46 0 0 48 0 0 
46 0 0 48 0 0 
46 0 0 48 0 0 
46 0 0 48 0 0 
46 0 0 48 0 0 
46 0 0 48 0 0 
46 0 0 48 0 0 
46 0 0 48 0 0 
46 0 0 48 0 0 
46 0 0 48 0 0 
46 0 0 48 0 0 
46 0 0 48 0 0 
46 0 0 48 0 0 
0 0 0 0 0 59 
0 0 0 0 0 59 
0 0 0 0 0 59 
0 0 0 0 0 59 
0 0 0 0 0 59 
0 0 0 0 0 59 
0 0 0 0 0 59 
0 0 0 0 0 59 
0 0 0 0 0 59 
0 0 0 0 0 59 
0 0 0 0 0 59 
0 0 0 0 0 59 
0 0 0 0 0 59 
0 0 0 0 0 59 
0 0 0 0 0 59 
0 55 0 0 0 0 
0 55 0 0 0 0 
0 55 0 0 0 0 
0 55 0 0 0 0 
0 55 0 0 0 0 
0 55 0 0 0 0 
0 55 0 0 0 0 
0 55 0 0 0 0 
0 55 0 0 0 0 
0 55 0 0 0 0 
0 55 0 0 0 0 
0 55 0 0 0 0 
0 55 0 0 0 0 
0 55 0 0 0 0 
0 55 0 0 0 0 
29 0 0 0 58 0 
29 0 0 0 58 0 
29 0 0 0 58 0 
29 0 0 0 58 0 
29 0 0 0 58 0 
29 0 0 0 58 0 
29 0 0 0 58 0 
29 0 0 0 58 0 
29 0 0 0 58 0 
29 0 0 0 58 0 
29 0 0 0 58 0 
29 0 0 0 58 0 
29 0 0 0 58 0 
29 0 0 0 58 0 
29 0 0 0 58 0 
0 0 0 0 0 46 
0 0 0 0 0 46 
0 0 0 0 0 46 
0 0 0 0 0 46 
0 0 0 0 0 46 
0 0 0 0 0 46 
0 0 0 0 0 46 
0 0 0 0 0 46 
0 0 0 0 0 46 
0 0 0 0 0 46 
0 0 0 0 0 46 
0 0 0 0 0 46 
0 0 0 0 0 46 
0 0 0 0 0 46 
0 0 0 0 0 46 
0 0 0 0 27 0 
0 0 0 0 27 0 
0 0 0 0 27 0 
0 0 0 0 27 0 
0 0 0 0 27 0 
0 0 0 0 27 0 
0 0 0 0 27 0 
0 0 0 0 27 0 
0 0 0 0 27 0 
0 0 0 0 27 0 
0 0 0 0 27 0 
0 0 0 0 27 0 
0 0 0 0 27 0 
0 0 0 0 27 0 
0 0 0 0 27 0 
0 49 0 0 0 0 
0 49 0 0 0 0 
0 49 0 0 0 0 
0 49 0 0 0 0 
0 49 0 0 0 0 
0 49 0 0 0 0 
0 49 0 0 0 0 
0 49 0 0 0 0 
0 49 0 0 0 0 
0 49 0 0 0 0 
0 49 0 0 0 0 
0 49 0 0 0 0 
0 49 0 0 0 0 
0 49 0 0 0 0 
0 49 0 0 0 0 
0 0 0 0 0 35 
0 0 0 0 0 35 
0 0 0 0 0 35 
0 0 0 0 0 35 
0 0 0 0 0 35 
0 0 0 0 0 35 
0 0 0 0 0 35 
0 0 0 0 0 35 
0 0 0 0 0 35 
0 0 0 0 0 35 
0 0 0 0 0 35 
0 0 0 0 0 35 
0 0 0 0 0 35 
0 0 0 0 0 35 
0 0 0 0 0 35 
0 52 0 0 0 0 
0 52 0 0 0 0 
0 52 0 0 0 0 
0 52 0 0 0 0 
0 52 0 0 0 0 
0 52 0 0 0 0 
0 52 0 0 0 0 
0 52 0 0 0 0 
0 52 0 0 0 0 
0 52 0 0 0 0 
0 52 0 0 0 0 
0 52 0 0 0 0 
0 52 0 0 0 0 
0 52 0 0 0 0 
0 52 0 0 0 0 
0 33 0 0 0 16 
0 33 0 0 0 16 
0 33 0 0 0 16 
0 33 0 0 0 16 
0 33 0 0 0 16 
0 33 0 0 0 16 
0 33 0 0 0 16 
0 33 0 0 0 16 
0 33 0 0 0 16 
0 33 0 0 0 16 
0 33 0 0 0 16 
0 33 0 0 0 16 
0 33 0 0 0 16 
0 33 0 0 0 16 
0 33 0 0 0 16 
0 21 0 0 0 0 
0 21 0 0 0 0 
0 21 0 0 0 0 
0 21 0 0 0 0 
0 21 0 0 0 0 
0 21 0 0 0 0 
0 21 0 0 0 0 
0 21 0 0 0 0 
0 21 0 0 0 0 
0 21 0 0 0 0 
0 21 0 0 0 0 
0 21 0 0 0 0 
0 21 0 0 0 0 
0 21 0 0 0 0 
0 21 0 0 0 0 
0 19 0 0 0 0 
0 19 0 0 0 0 
0 19 0 0 0 0 
0 19 0 0 0 0 
0 19 0 0 0 0 
0 19 0 0 0 0 
0 19 0 0 0 0 
0 19 0 0 0 0 
0 19 0 0 0 0 
0 19 0 0 0 0 
0 19 0 0 0 0 
0 19 0 0 0 0 
0 19 0 0 0 0 
0 19 0 0 0 0 
0 19 0 0 0 0 
0 0 0 0 28 0 
0 0 0 0 28 0 
0 0 0 0 28 0 
0 0 0 0 28 0 
0 0 0 0 28 0 
0 0 0 0 28 0 
0 0 0 0 28 0 
0 0 0 0 28 0 
0 0 0 0 28 0 
0 0 0 0 28 0 
0 0 0 0 28 0 
0 0 0 0 28 0 
0 0 0 0 28 0 
0 0 0 0 28 0 
0 0 0 0 28 0 
0 0 38 0 0 0 
0 0 38 0 0 0 
0 0 38 0 0 0 
0 0 38 0 0 0 
0 0 38 0 0 0 
0 0 38 0 0 0 
0 0 38 0 0 0 
0 0 38 0 0 0 
0 0 38 0 0 0 
0 0 38 0 0 0 
0 0 38 0 0 0 
0 0 38 0 0 0 
0 0 38 0 0 0 
0 0 38 0 0 0 
0 0 38 0 0 0 
32 0 0 19 0 0 
32 0 0 19 0 0 
32 0 0 19 0 0 
32 0 0 19 0 0 
32 0 0 19 0 0 
32 0 0 19 0 0 
32 0 0 19 0 0 
32 0 0 19 0 0 
32 0 0 19 0 0 
32 0 0 19 0 0 
32 0 0 19 0 0 
32 0 0 19 0 0 
32 0 0 19 0 0 
32 0 0 19 0 0 
32 0 0 19 0 0 
0 41 0 0 0 0 
0 41 0 0 0 0 
0 41 0 0 0 0 
0 41 0 0 0 0 
0 41 0 0 0 0 
0 41 0 0 0 0 
0 41 0 0 0 0 
0 41 0 0 0 0 
0 41 0 0 0 0 
0 41 0 0 0 0 
0 41 0 0 0 0 
0 41 0 0 0 0 
0 41 0 0 0 0 
0 41 0 0 0 0 
0 41 0 0 0 0 
0 0 21 0 0 0 
0 0 21 0 0 0 
0 0 21 0 0 0 
0 0 21 0 0 0 
0 0 21 0 0 0 
0 0 21 0 0 0 
0 0 21 0 0 0 
0 0 21 0 0 0 
0 0 21 0 0 0 
0 0 21 0 0 0 
0 0 21 0 0 0 
0 0 21 0 0 0 
0 0 21 0 0 0 
0 0 21 0 0 0 
0 0 21 0 0 0 
0 23 0 0 0 0 
0 23 0 0 0 0 
0 23 0 0 0 0 
0 23 0 0 0 0 
0 23 0 0 0 0 
0 23 0 0 0 0 
0 23 0 0 0 0 
0 23 0 0 0 0 
0 23 0 0 0 0 
0 23 0 0 0 0 
0 23 0 0 0 0 
0 23 0 0 0 0 
0 23 0 0 0 0 
0 23 0 0 0 0 
0 23 0 0 0 0 
0 0 0 0 0 29 
0 0 0 0 0 29 
0 0 0 0 0 29 
0 0 0 0 0 29 
0 0 0 0 0 29 
0 0 0 0 0 29 
0 0 0 0 0 29 
0 0 0 0 0 29 
0 0 0 0 0 29 
0 0 0 0 0 29 
0 0 0 0 0 29 
0 0 0 0 0 29 
0 0 0 0 0 29 
0 0 0 0 0 29 
0 0 0 0 0 29 
17 0 0 0 0 0 
17 0 0 0 0 0 
17 0 0 0 0 0 
17 0 0 0 0 0 
17 0 0 0 0 0 
17 0 0 0 0 0 
17 0 0 0 0 0 
17 0 0 0 0 0 
17 0 0 0 0 0 
17 0 0 0 0 0 
17 0 0 0 0 0 
17 0 0 0 0 0 
17 0 0 0 0 0 
17 0 0 0 0 0 
17 0 0 0 0 0 
0 46 0 0 0 36 
0 46 0 0 0 36 
0 46 0 0 0 36 
0 46 0 0 0 36 
0 46 0 0 0 36 
0 46 0 0 0 36 
0 46 0 0 0 36 
0 46 0 0 0 36 
0 46 0 0 0 36 
0 46 0 0 0 36 
0 46 0 0 0 36 
0 46 0 0 0 36 
0 46 0 0 0 36 
0 46 0 0 0 36 
0 46 0 0 0 36 
0 0 0 27 0 0 
0 0 0 27 0 0 
0 0 0 27 0 0 
0 0 0 27 0 0 
0 0 0 27 0 0 
0 0 0 27 0 0 
0 0 0 27 0 0 
0 0 0 27 0 0 
0 0 0 27 0 0 
0 0 0 27 0 0 
0 0 0 27 0 0 
0 0 0 27 0 0 
0 0 0 27 0 0 
0 0 0 27 0 0 
0 0 0 27 0 0 
0 0 31 28 0 0 
0 0 31 28 0 0 
0 0 31 28 0 0 
0 0 31 28 0 0 
0 0 31 28 0 0 
0 0 31 28 0 0 
0 0 31 28 0 0 
0 0 31 28 0 0 
0 0 31 28 0 0 
0 0 31 28 0 0 
0 0 31 28 0 0 
0 0 31 28 0 0 
0 0 31 28 0 0 
0 0 31 28 0 0 
0 0 31 28 0 0 
22 0 0 24 0 0 
22 0 0 24 0 0 
22 0 0 24 0 0 
22 0 0 24 0 0 
22 0 0 24 0 0 
22 0 0 24 0 0 
22 0 0 24 0 0 
22 0 0 24 0 0 
22 0 0 24 0 0 
22 0 0 24 0 0 
22 0 0 24 0 0 
22 0 0 24 0 0 
22 0 0 24 0 0 
22 0 0 24 0 0 
22 0 0 24 0 0 
0 0 0 0 16 0 
0 0 0 0 16 0 
0 0 0 0 16 0 
0 0 0 0 16 0 
0 0 0 0 16 0 
0 0 0 0 16 0 
0 0 0 0 16 0 
0 0 0 0 16 0 
0 0 0 0 16 0 
0 0 0 0 16 0 
0 0 0 0 16 0 
0 0 0 0 16 0 
0 0 0 0 16 0 
0 0 0 0 16 0 
0 0 0 0 16 0 
0 0 0 43 0 0 
0 0 0 43 0 0 
0 0 0 43 0 0 
0 0 0 43 0 0 
0 0 0 43 0 0 
0 0 0 43 0 0 
0 0 0 43 0 0 
0 0 0 43 0 0 
0 0 0 43 0 0 
0 0 0 43 0 0 
0 0 0 43 0 0 
0 0 0 43 0 0 
0 0 0 43 0 0 
0 0 0 43 0 0 
0 0 0 43 0 0 
0 30 0 0 0 26 
0 30 0 0 0 26 
0 30 0 0 0 26 
0 30 0 0 0 26 
0 30 0 0 0 26 
0 30 0 0 0 26 
0 30 0 0 0 26 
0 30 0 0 0 26 
0 30 0 0 0 26 
0 30 0 0 0 26 
0 30 0 0 0 26 
0 30 0 0 0 26 
0 30 0 0 0 26 
0 30 0 0 0 26 
0 30 0 0 0 26 
0 0 0 0 39 0 
0 0 0 0 39 0 
0 0 0 0 39 0 
0 0 0 0 39 0 
0 0 0 0 39 0 
0 0 0 0 39 0 
0 0 0 0 39 0 
0 0 0 0 39 0 
0 0 0 0 39 0 
0 0 0 0 39 0 
0 0 0 0 39 0 
0 0 0 0 39 0 
0 0 0 0 39 0 
0 0 0 0 39 0 
0 0 0 0 39 0 
0 0 0 0 0 17 
0 0 0 0 0 17 
0 0 0 0 0 17 
0 0 0 0 0 17 
0 0 0 0 0 17 
0 0 0 0 0 17 
0 0 0 0 0 17 
0 0 0 0 0 17 
0 0 0 0 0 17 
0 0 0 0 0 17 
0 0 0 0 0 17 
0 0 0 0 0 17 
0 0 0 0 0 17 
0 0 0 0 0 17 
0 0 0 0 0 17 
0 0 0 17 0 0 
0 0 0 17 0 0 
0 0 0 17 0 0 
0 0 0 17 0 0 
0 0 0 17 0 0 
0 0 0 17 0 0 
0 0 0 17 0 0 
0 0 0 17 0 0 
0 0 0 17 0 0 
0 0 0 17 0 0 
0 0 0 17 0 0 
0 0 0 17 0 0 
0 0 0 17 0 0 
0 0 0 17 0 0 
0 0 0 17 0 0 
0 47 0 33 0 0 
0 47 0 33 0 0 
0 47 0 33 0 0 
0 47 0 33 0 0 
0 47 0 33 0 0 
0 47 0 33 0 0 
0 47 0 33 0 0 
0 47 0 33 0 0 
0 47 0 33 0 0 
0 47 0 33 0 0 
0 47 0 33 0 0 
0 47 0 33 0 0 
0 47 0 33 0 0 
0 47 0 33 0 0 
0 47 0 33 0 0 
0 0 21 0 0 21 
0 0 21 0 0 21 
0 0 21 0 0 21 
0 0 21 0 0 21 
0 0 21 0 0 21 
0 0 21 0 0 21 
0 0 21 0 0 21 
0 0 21 0 0 21 
0 0 21 0 0 21 
0 0 21 0 0 21 
0 0 21 0 0 21 
0 0 21 0 0 21 
0 0 21 0 0 21 
0 0 21 0 0 21 
0 0 21 0 0 21 
0 0 41 0 0 0 
0 0 41 0 0 0 
0 0 41 0 0 0 
0 0 41 0 0 0 
0 0 41 0 0 0 
0 0 41 0 0 0 
0 0 41 0 0 0 
0 0 41 0 0 0 
0 0 41 0 0 0 
0 0 41 0 0 0 
0 0 41 0 0 0 
0 0 41 0 0 0 
0 0 41 0 0 0 
0 0 41 0 0 0 
0 0 41 0 0 0 
0 42 0 0 0 0 
0 42 0 0 0 0 
0 42 0 0 0 0 
0 42 0 0 0 0 
0 42 0 0 0 0 
0 42 0 0 0 0 
0 42 0 0 0 0 
0 42 0 0 0 0 
0 42 0 0 0 0 
0 42 0 0 0 0 
0 42 0 0 0 0 
0 42 0 0 0 0 
0 42 0 0 0 0 
0 42 0 0 0 0 
0 42 0 0 0 0 
21 0 0 54 0 0 
21 0 0 54 0 0 
21 0 0 54 0 0 
21 0 0 54 0 0 
21 0 0 54 0 0 
21 0 0 54 0 0 
21 0 0 54 0 0 
21 0 0 54 0 0 
21 0 0 54 0 0 
21 0 0 54 0 0 
21 0 0 54 0 0 
21 0 0 54 0 0 
21 0 0 54 0 0 
21 0 0 54 0 0 
21 0 0 54 0 0 
0 0 0 28 0 0 
0 0 0 28 0 0 
0 0 0 28 0 0 
0 0 0 28 0 0 
0 0 0 28 0 0 
0 0 0 28 0 0 
0 0 0 28 0 0 
0 0 0 28 0 0 
0 0 0 28 0 0 
0 0 0 28 0 0 
0 0 0 28 0 0 
0 0 0 28 0 0 
0 0 0 28 0 0 
0 0 0 28 0 0 
0 0 0 28 0 0 
0 0 0 0 53 0 
0 0 0 0 53 0 
0 0 0 0 53 0 
0 0 0 0 53 0 
0 0 0 0 53 0 
0 0 0 0 53 0 
0 0 0 0 53 0 
0 0 0 0 53 0 
0 0 0 0 53 0 
0 0 0 0 53 0 
0 0 0 0 53 0 
0 0 0 0 53 0 
0 0 0 0 53 0 
0 0 0 0 53 0 
0 0 0 0 53 0 
0 0 0 0 0 49 
0 0 0 0 0 49 
0 0 0 0 0 49 
0 0 0 0 0 49 
0 0 0 0 0 49 
0 0 0 0 0 49 
0 0 0 0 0 49 
0 0 0 0 0 49 
0 0 0 0 0 49 
0 0 0 0 0 49 
0 0 0 0 0 49 
0 0 0 0 0 49 
0 0 0 0 0 49 
0 0 0 0 0 49 
0 0 0 0 0 49 
0 0 25 0 0 34 
0 0 25 0 0 34 
0 0 25 0 0 34 
0 0 25 0 0 34 
0 0 25 0 0 34 
0 0 25 0 0 34 
0 0 25 0 0 34 
0 0 25 0 0 34 
0 0 25 0 0 34 
0 0 25 0 0 34 
0 0 25 0 0 34 
0 0 25 0 0 34 
0 0 25 0 0 34 
0 0 25 0 0 34 
0 0 25 0 0 34 
0 0 0 0 0 28 
0 0 0 0 0 28 
0 0 0 0 0 28 
0 0 0 0 0 28 
0 0 0 0 0 28 
0 0 0 0 0 28 
0 0 0 0 0 28 
0 0 0 0 0 28 
0 0 0 0 0 28 
0 0 0 0 0 28 
0 0 0 0 0 28 
0 0 0 0 0 28 
0 0 0 0 0 28 
0 0 0 0 0 28 
0 0 0 0 0 28 
0 56 0 0 0 0 
0 56 0 0 0 0 
0 56 0 0 0 0 
0 56 0 0 0 0 
0 56 0 0 0 0 
0 56 0 0 0 0 
0 56 0 0 0 0 
0 56 0 0 0 0 
0 56 0 0 0 0 
0 56 0 0 0 0 
0 56 0 0 0 0 
0 56 0 0 0 0 
0 56 0 0 0 0 
0 56 0 0 0 0 
0 56 0 0 0 0 
0 0 33 0 0 0 
0 0 33 0 0 0 
0 0 33 0 0 0 
0 0 33 0 0 0 
0 0 33 0 0 0 
0 0 33 0 0 0 
0 0 33 0 0 0 
0 0 33 0 0 0 
0 0 33 0 0 0 
0 0 33 0 0 0 
0 0 33 0 0 0 
0 0 33 0 0 0 
0 0 33 0 0 0 
0 0 33 0 0 0 
0 0 33 0 0 0 
0 0 54 0 43 0 
0 0 54 0 43 0 
0 0 54 0 43 0 
0 0 54 0 43 0 
0 0 54 0 43 0 
0 0 54 0 43 0 
0 0 54 0 43 0 
0 0 54 0 43 0 
0 0 54 0 43 0 
0 0 54 0 43 0 
0 0 54 0 43 0 
0 0 54 0 43 0 
0 0 54 0 43 0 
0 0 54 0 43 0 
0 0 54 0 43 0 
0 0 0 28 0 0 
0 0 0 28 0 0 
0 0 0 28 0 0 
0 0 0 28 0 0 
0 0 0 28 0 0 
0 0 0 28 0 0 
0 0 0 28 0 0 
0 0 0 28 0 0 
0 0 0 28 0 0 
0 0 0 28 0 0 
0 0 0 28 0 0 
0 0 0 28 0 0 
0 0 0 28 0 0 
0 0 0 28 0 0 
0 0 0 28 0 0 
0 57 0 0 0 24 
0 57 0 0 0 24 
0 57 0 0 0 24 
0 57 0 0 0 24 
0 57 0 0 0 24 
0 57 0 0 0 24 
0 57 0 0 0 24 
0 57 0 0 0 24 
0 57 0 0 0 24 
0 57 0 0 0 24 
0 57 0 0 0 24 
0 57 0 0 0 24 
0 57 0 0 0 24 
0 57 0 0 0 24 
0 57 0 0 0 24 
0 32 0 0 0 0 
0 32 0 0 0 0 
0 32 0 0 0 0 
0 32 0 0 0 0 
0 32 0 0 0 0 
0 32 0 0 0 0 
0 32 0 0 0 0 
0 32 0 0 0 0 
0 32 0 0 0 0 
0 32 0 0 0 0 
0 32 0 0 0 0 
0 32 0 0 0 0 
0 32 0 0 0 0 
0 32 0 0 0 0 
0 32 0 0 0 0 
0 0 48 0 60 0 
0 0 48 0 60 0 
0 0 48 0 60 0 
0 0 48 0 60 0 
0 0 48 0 60 0 
0 0 48 0 60 0 
0 0 48 0 60 0 
0 0 48 0 60 0 
0 0 48 0 60 0 
0 0 48 0 60 0 
0 0 48 0 60 0 
0 0 48 0 60 0 
0 0 48 0 60 0 
0 0 48 0 60 0 
0 0 48 0 60 0 
59 0 0 0 0 21 
59 0 0 0 0 21 
59 0 0 0 0 21 
59 0 0 0 0 21 
59 0 0 0 0 21 
59 0 0 0 0 21 
59 0 0 0 0 21 
59 0 0 0 0 21 
59 0 0 0 0 21 
59 0 0 0 0 21 
59 0 0 0 0 21 
59 0 0 0 0 21 
59 0 0 0 0 21 
59 0 0 0 0 21 
59 0 0 0 0 21 
0 0 0 0 0 15 
0 0 0 0 0 15 
0 0 0 0 0 15 
0 0 0 0 0 15 
0 0 0 0 0 15 
0 0 0 0 0 15 
0 0 0 0 0 15 
0 0 0 0 0 15 
0 0 0 0 0 15 
0 0 0 0 0 15 
0 0 0 0 0 15 
0 0 0 0 0 15 
0 0 0 0 0 15 
0 0 0 0 0 15 
0 0 0 0 0 15 
31 0 0 27 0 0 
31 0 0 27 0 0 
31 0 0 27 0 0 
31 0 0 27 0 0 
31 0 0 27 0 0 
31 0 0 27 0 0 
31 0 0 27 0 0 
31 0 0 27 0 0 
31 0 0 27 0 0 
31 0 0 27 0 0 
31 0 0 27 0 0 
31 0 0 27 0 0 
31 0 0 27 0 0 
31 0 0 27 0 0 
31 0 0 27 0 0 
55 0 0 0 0 0 
55 0 0 0 0 0 
55 0 0 0 0 0 
55 0 0 0 0 0 
55 0 0 0 0 0 
55 0 0 0 0 0 
55 0 0 0 0 0 
55 0 0 0 0 0 
55 0 0 0 0 0 
55 0 0 0 0 0 
55 0 0 0 0 0 
55 0 0 0 0 0 
55 0 0 0 0 0 
55 0 0 0 0 0 
55 0 0 0 0 0 
58 0 0 38 0 0 
58 0 0 38 0 0 
58 0 0 38 0 0 
58 0 0 38 0 0 
58 0 0 38 0 0 
58 0 0 38 0 0 
58 0 0 38 0 0 
58 0 0 38 0 0 
58 0 0 38 0 0 
58 0 0 38 0 0 
58 0 0 38 0 0 
58 0 0 38 0 0 
58 0 0 38 0 0 
58 0 0 38 0 0 
58 0 0 38 0 0 
0 0 0 52 0 0 
0 0 0 52 0 0 
0 0 0 52 0 0 
0 0 0 52 0 0 
0 0 0 52 0 0 
0 0 0 52 0 0 
0 0 0 52 0 0 
0 0 0 52 0 0 
0 0 0 52 0 0 
0 0 0 52 0 0 
0 0 0 52 0 0 
0 0 0 52 0 0 
0 0 0 52 0 0 
0 0 0 52 0 0 
0 0 0 52 0 0 
37 0 0 0 0 59 
37 0 0 0 0 59 
37 0 0 0 0 59 
37 0 0 0 0 59 
37 0 0 0 0 59 
37 0 0 0 0 59 
37 0 0 0 0 59 
37 0 0 0 0 59 
37 0 0 0 0 59 
37 0 0 0 0 59 
37 0 0 0 0 59 
37 0 0 0 0 59 
37 0 0 0 0 59 
37 0 0 0 0 59 
37 0 0 0 0 59 
0 59 0 29 0 0 
0 59 0 29 0 0 
0 59 0 29 0 0 
0 59 0 29 0 0 
0 59 0 29 0 0 
0 59 0 29 0 0 
0 59 0 29 0 0 
0 59 0 29 0 0 
0 59 0 29 0 0 
0 59 0 29 0 0 
0 59 0 29 0 0 
0 59 0 29 0 0 
0 59 0 29 0 0 
0 59 0 29 0 0 
0 59 0 29 0 0 
41 0 0 0 0 0 
41 0 0 0 0 0 
41 0 0 0 0 0 
41 0 0 0 0 0 
41 0 0 0 0 0 
41 0 0 0 0 0 
41 0 0 0 0 0 
41 0 0 0 0 0 
41 0 0 0 0 0 
41 0 0 0 0 0 
41 0 0 0 0 0 
41 0 0 0 0 0 
41 0 0 0 0 0 
41 0 0 0 0 0 
41 0 0 0 0 0 
18 0 0 0 0 0 
18 0 0 0 0 0 
18 0 0 0 0 0 
18 0 0 0 0 0 
18 0 0 0 0 0 
18 0 0 0 0 0 
18 0 0 0 0 0 
18 0 0 0 0 0 
18 0 0 0 0 0 
18 0 0 0 0 0 
18 0 0 0 0 0 
18 0 0 0 0 0 
18 0 0 0 0 0 
18 0 0 0 0 0 
18 0 0 0 0 0 
0 0 0 0 0 42 
0 0 0 0 0 42 
0 0 0 0 0 42 
0 0 0 0 0 42 
0 0 0 0 0 42 
0 0 0 0 0 42 
0 0 0 0 0 42 
0 0 0 0 0 42 
0 0 0 0 0 42 
0 0 0 0 0 42 
0 0 0 0 0 42 
0 0 0 0 0 42 
0 0 0 0 0 42 
0 0 0 0 0 42 
0 0 0 0 0 42 
0 0 0 36 0 0 
0 0 0 36 0 0 
0 0 0 36 0 0 
0 0 0 36 0 0 
0 0 0 36 0 0 
0 0 0 36 0 0 
0 0 0 36 0 0 
0 0 0 36 0 0 
0 0 0 36 0 0 
0 0 0 36 0 0 
0 0 0 36 0 0 
0 0 0 36 0 0 
0 0 0 36 0 0 
0 0 0 36 0 0 
0 0 0 36 0 0 
27 0 0 0 0 0 
27 0 0 0 0 0 
27 0 0 0 0 0 
27 0 0 0 0 0 
27 0 0 0 0 0 
27 0 0 0 0 0 
27 0 0 0 0 0 
27 0 0 0 0 0 
27 0 0 0 0 0 
27 0 0 0 0 0 
27 0 0 0 0 0 
27 0 0 0 0 0 
27 0 0 0 0 0 
27 0 0 0 0 0 
27 0 0 0 0 0 
0 0 0 44 0 0 
0 0 0 44 0 0 
0 0 0 44 0 0 
0 0 0 44 0 0 
0 0 0 44 0 0 
0 0 0 44 0 0 
0 0 0 44 0 0 
0 0 0 44 0 0 
0 0 0 44 0 0 
0 0 0 44 0 0 
0 0 0 44 0 0 
0 0 0 44 0 0 
0 0 0 44 0 0 
0 0 0 44 0 0 
0 0 0 44 0 0 
0 31 0 0 0 0 
0 31 0 0 0 0 
0 31 0 0 0 0 
0 31 0 0 0 0 
0 31 0 0 0 0 
0 31 0 0 0 0 
0 31 0 0 0 0 
0 31 0 0 0 0 
0 31 0 0 0 0 
0 31 0 0 0 0 
0 31 0 0 0 0 
0 31 0 0 0 0 
0 31 0 0 0 0 
0 31 0 0 0 0 
0 31 0 0 0 0 
0 0 0 0 35 0 
0 0 0 0 35 0 
0 0 0 0 35 0 
0 0 0 0 35 0 
0 0 0 0 35 0 
0 0 0 0 35 0 
0 0 0 0 35 0 
0 0 0 0 35 0 
0 0 0 0 35 0 
0 0 0 0 35 0 
0 0 0 0 35 0 
0 0 0 0 35 0 
0 0 0 0 35 0 
0 0 0 0 35 0 
0 0 0 0 35 0 
53 0 0 0 0 57 
53 0 0 0 0 57 
53 0 0 0 0 57 
53 0 0 0 0 57 
53 0 0 0 0 57 
53 0 0 0 0 57 
53 0 0 0 0 57 
53 0 0 0 0 57 
53 0 0 0 0 57 
53 0 0 0 0 57 
53 0 0 0 0 57 
53 0 0 0 0 57 
53 0 0 0 0 57 
53 0 0 0 0 57 
53 0 0 0 0 57 
0 0 0 0 0 42 
0 0 0 0 0 42 
0 0 0 0 0 42 
0 0 0 0 0 42 
0 0 0 0 0 42 
0 0 0 0 0 42 
0 0 0 0 0 42 
0 0 0 0 0 42 
0 0 0 0 0 42 
0 0 0 0 0 42 
0 0 0 0 0 42 
0 0 0 0 0 42 
0 0 0 0 0 42 
0 0 0 0 0 42 
0 0 0 0 0 42 
45 0 0 0 0 0 
45 0 0 0 0 0 
45 0 0 0 0 0 
45 0 0 0 0 0 
45 0 0 0 0 0 
45 0 0 0 0 0 
45 0 0 0 0 0 
45 0 0 0 0 0 
45 0 0 0 0 0 
45 0 0 0 0 0 
45 0 0 0 0 0 
45 0 0 0 0 0 
45 0 0 0 0 0 
45 0 0 0 0 0 
45 0 0 0 0 0 
0.0 0.0 0.0 0.0 0.0 0.0 
0.0 0.0 0.0 0.0 0.0 0.0 
0.0 0.0 0.0 0.0 0.0 0.0 
0.0 0.0 0.0 0.0 0.0 0.0 
0.0 0.0 0.0 0.0 0.0 0.0 
0.0 0.0 0.0 0.0 0.0 0.0 
0.0 0.0 0.0 0.0 0.0 0.0 
0.0 0.0 0.0 0.0 0.0 0.0 
0.0 0.0 0.0 0.0 0.0 0.0 
0.0 0.0 0.0 0.0 0.0 0.0 
0.0 0.0 0.0 0.0 0.0 0.0 
0.0 0.0 0.0 0.0 0.0 0.0 
0.0 0.0 0.0 0.0 0.0 0.0 
0.0 0.0 0.0 0.0 0.0 0.0 
0.0 0.0 0.0 0.0 0.0 0.0 
mind
0 0 0 0 17 0 0 0 0 0 0 0 0 21 0 0 0 0 0 0 0 0 0 0 11 0 0 0 0 0 15 0 0 0 0 0 0 0 0 0 22 20 0 0 0 0 0 0 23 0 0 0 20 0 11 0 0 0 0 13 0 27 0 0 0 0 0 0 0 0 0 0 0 11 0 0 0
maxd
0 0 0 0 25 0 0 0 0 0 0 0 0 24 0 0 0 0 0 0 0 0 0 0 25 0 0 0 0 0 29 0 0 0 0 0 0 0 0 0 25 20 0 0 0 0 0 0 26 0 0 0 28 0 12 0 0 0 0 15 0 27 0 0 0 0 0 0 0 0 0 0 0 17 0 0 0
e
0 790 954 712 849 833 491 592 541 900 913 840 797 865 858 775 692 896 584 505 576 826 649 932 815 539 682 695 661 630 872 814 495 662 517 810 509 771 955 482 816 644 955 924 643 906 738 588 497 864 779 675 850 922 601 785 902 660 697 935 643 642 564 703 607 805 923 573 775 794 671 651 503 594 845 765 0
l
99999 910 1074 832 969 953 611 712 661 1020 1033 960 917 985 978 895 812 1016 704 625 696 946 769 1052 935 659 802 815 781 750 992 934 615 782 637 930 629 891 1075 602 936 764 1075 1044 763 1026 858 708 617 984 899 795 970 1042 721 905 1022 780 817 1055 763 762 684 823 727 925 1043 693 895 914 791 771 623 714 965 885 99999
