nbNodes
77
nbVehi
15
nbServi
6
r
1 1 1 1 1 1 
0 0 0 0 1 0 
1 0 0 0 1 0 
0 0 1 0 0 0 
0 0 0 0 1 0 
0 0 1 0 1 0 
0 0 0 0 1 0 
0 0 1 0 0 0 
1 0 0 0 0 0 
0 1 0 0 1 0 
0 0 1 0 0 1 
0 0 0 0 0 1 
0 0 1 0 0 1 
1 0 0 0 1 0 
0 0 1 1 0 0 
0 0 0 0 1 0 
0 0 0 1 0 0 
1 0 0 0 0 0 
0 0 0 0 0 1 
0 0 0 0 1 0 
1 0 0 0 0 0 
0 1 0 0 0 1 
1 0 0 0 1 0 
0 0 0 0 1 0 
0 0 1 0 0 0 
1 0 0 0 1 0 
0 0 0 1 0 0 
0 0 1 0 0 0 
0 0 1 0 0 0 
0 0 0 0 1 0 
0 0 1 0 1 0 
0 0 1 0 0 0 
1 0 0 0 0 0 
0 0 1 0 0 0 
1 0 0 0 0 0 
0 0 0 1 0 0 
0 0 1 0 0 0 
0 0 0 0 0 1 
1 0 0 0 0 0 
0 0 0 0 0 1 
0 0 1 0 0 0 
0 0 1 1 0 0 
0 1 0 0 1 0 
0 0 1 1 0 0 
1 0 0 1 0 0 
1 0 0 0 0 0 
1 0 0 0 0 1 
0 1 0 0 0 1 
0 0 0 0 0 1 
0 0 1 0 0 0 
0 0 1 0 0 1 
0 1 0 0 1 0 
0 0 0 0 0 1 
0 0 1 0 0 0 
0 1 0 0 0 1 
0 0 1 0 0 0 
0 1 0 0 0 0 
0 1 0 0 0 0 
0 1 0 0 0 0 
1 0 0 1 0 0 
0 0 1 0 0 0 
1 0 0 0 0 0 
0 0 0 0 1 0 
0 0 0 1 0 0 
0 0 0 0 0 1 
0 0 0 0 0 1 
0 1 0 1 0 0 
0 0 1 1 0 0 
1 0 0 0 0 0 
0 0 1 0 0 0 
0 0 1 0 0 0 
0 1 0 0 0 0 
0 0 0 0 1 0 
0 1 0 1 0 0 
0 1 0 0 0 0 
0 1 0 0 0 0 
1 1 1 1 1 1 
DS
3 6 10 11 13 14 15 22 23 26 31 42 43 44 45 47 48 51 52 55 60 67 68 74 
a
1 1 1 0 0 0 
0 1 0 0 0 0 
1 0 1 0 0 0 
0 0 1 0 0 0 
1 0 1 0 0 0 
1 0 0 0 0 0 
1 1 1 0 0 0 
0 0 0 0 0 1 
0 0 0 1 1 0 
0 0 0 0 0 1 
0 0 0 1 0 0 
0 0 0 1 0 1 
0 0 0 0 1 0 
0 0 0 1 1 0 
0 0 0 0 1 0 
x
-30.0971 -30.065 -30.1047 -30.0909 -30.1035 -30.0844 -29.9869 -30.073 -30.0691 -30.0912 -30.0798 -30.084 -30.06 -30.0062 -30.1118 -30.0773 -30.0217 -30.0297 -30.0707 -30.1159 -30.0955 -30.0705 -30.0505 -30.2126 -30.0672 -30.0731 -30.0133 -30.0717 -30.0915 -30.0433 -30.1015 -30.1119 -30.0353 -30.082 -30.0262 -30.0697 -30.0832 -30.0674 -30.063 -30.036 -30.0558 -30.0822 -30.091 -30.0464 -30.1152 -30.024 -30.0407 -30.1163 -30.0635 -30.0744 -30.0668 -30.0672 -30.104 -30.0623 -30.046 -30.0826 -30.0012 -30.0971 -30.0485 -30.0731 -30.0658 -30.0101 -30.058 -30.1263 -30.101 -29.9819 -30.0451 -30.1115 -29.9808 -30.0785 -30.0484 -30.0674 -30.0999 -30.0566 -30.0765 -30.0731 -30.0971
y
-51.1785 -51.2322 -51.2648 -51.18 -51.2486 -51.2386 -51.1166 -51.162 -51.1837 -51.2373 -51.1608 -51.2349 -51.1857 -51.0937 -51.1093 -51.1671 -51.1257 -51.2325 -51.2172 -51.259 -51.2237 -51.1597 -51.1644 -51.1759 -51.1766 -51.1705 -51.1127 -51.163 -51.1799 -51.187 -51.2243 -51.2405 -51.0994 -51.2275 -51.104 -51.2231 -51.2304 -51.193 -51.1698 -51.172 -51.1472 -51.1727 -51.2137 -51.1818 -51.2476 -51.0995 -51.1592 -51.1044 -51.2229 -51.1702 -51.1887 -51.1913 -51.2508 -51.1728 -51.0975 -51.1924 -51.0951 -51.1785 -51.1972 -51.1675 -51.1732 -51.1845 -51.1812 -51.2195 -51.2239 -51.137 -51.2249 -51.2305 -51.1252 -51.1672 -51.1609 -51.1717 -51.224 -51.1432 -51.17 -51.2341 -51.1785
d
0.00000 16.00000 20.00000 3.00000 17.00000 16.00000 30.00000 17.00000 12.00000 15.00000 14.00000 15.00000 14.00000 31.00000 17.00000 15.00000 27.00000 18.00000 11.00000 19.00000 13.00000 17.00000 16.00000 27.00000 13.00000 15.00000 29.00000 17.00000 3.00000 16.00000 13.00000 16.00000 27.00000 14.00000 29.00000 14.00000 14.00000 12.00000 13.00000 17.00000 18.00000 12.00000 12.00000 15.00000 18.00000 28.00000 18.00000 19.00000 14.00000 15.00000 11.00000 12.00000 17.00000 13.00000 26.00000 8.00000 32.00000 0.00000 14.00000 16.00000 13.00000 21.00000 13.00000 14.00000 13.00000 32.00000 15.00000 15.00000 31.00000 14.00000 17.00000 14.00000 13.00000 19.00000 14.00000 16.00000 0.00000
16.00000 0.00000 11.00000 15.00000 9.00000 6.00000 27.00000 17.00000 13.00000 8.00000 20.00000 7.00000 12.00000 31.00000 27.00000 18.00000 26.00000 11.00000 7.00000 11.00000 11.00000 18.00000 17.00000 35.00000 13.00000 15.00000 29.00000 17.00000 15.00000 14.00000 11.00000 12.00000 27.00000 7.00000 29.00000 4.00000 7.00000 11.00000 13.00000 17.00000 18.00000 20.00000 11.00000 14.00000 12.00000 28.00000 18.00000 29.00000 4.00000 16.00000 11.00000 12.00000 9.00000 13.00000 25.00000 14.00000 31.00000 16.00000 9.00000 17.00000 13.00000 17.00000 14.00000 17.00000 11.00000 29.00000 6.00000 14.00000 28.00000 18.00000 18.00000 14.00000 11.00000 20.00000 16.00000 5.00000 16.00000
20.00000 13.00000 0.00000 19.00000 4.00000 8.00000 35.00000 23.00000 18.00000 7.00000 26.00000 9.00000 19.00000 37.00000 33.00000 23.00000 32.00000 18.00000 14.00000 5.00000 10.00000 23.00000 22.00000 29.00000 18.00000 21.00000 35.00000 23.00000 19.00000 22.00000 8.00000 7.00000 33.00000 11.00000 35.00000 14.00000 10.00000 18.00000 19.00000 23.00000 24.00000 26.00000 12.00000 21.00000 6.00000 34.00000 24.00000 35.00000 14.00000 21.00000 17.00000 18.00000 3.00000 19.00000 32.00000 18.00000 38.00000 20.00000 18.00000 22.00000 19.00000 26.00000 19.00000 12.00000 9.00000 38.00000 15.00000 10.00000 37.00000 23.00000 23.00000 20.00000 9.00000 25.00000 22.00000 14.00000 20.00000
3.00000 15.00000 20.00000 0.00000 16.00000 15.00000 29.00000 16.00000 11.00000 14.00000 16.00000 14.00000 13.00000 30.00000 19.00000 16.00000 26.00000 17.00000 10.00000 19.00000 13.00000 16.00000 15.00000 29.00000 12.00000 14.00000 28.00000 16.00000 1.00000 15.00000 13.00000 17.00000 26.00000 13.00000 28.00000 13.00000 14.00000 11.00000 12.00000 16.00000 17.00000 13.00000 11.00000 14.00000 18.00000 27.00000 18.00000 21.00000 13.00000 15.00000 10.00000 11.00000 17.00000 12.00000 25.00000 7.00000 31.00000 3.00000 13.00000 15.00000 12.00000 20.00000 13.00000 16.00000 13.00000 31.00000 14.00000 16.00000 30.00000 15.00000 16.00000 13.00000 14.00000 18.00000 15.00000 15.00000 3.00000
17.00000 10.00000 4.00000 16.00000 0.00000 5.00000 33.00000 20.00000 15.00000 5.00000 23.00000 6.00000 17.00000 34.00000 30.00000 21.00000 30.00000 15.00000 11.00000 4.00000 7.00000 20.00000 19.00000 28.00000 16.00000 18.00000 32.00000 20.00000 16.00000 19.00000 5.00000 4.00000 30.00000 8.00000 32.00000 11.00000 7.00000 15.00000 16.00000 20.00000 21.00000 23.00000 9.00000 18.00000 5.00000 31.00000 22.00000 32.00000 11.00000 19.00000 14.00000 15.00000 1.00000 16.00000 29.00000 15.00000 35.00000 17.00000 16.00000 19.00000 16.00000 23.00000 17.00000 9.00000 5.00000 35.00000 12.00000 7.00000 34.00000 21.00000 20.00000 17.00000 6.00000 22.00000 19.00000 11.00000 17.00000
16.00000 8.00000 8.00000 16.00000 6.00000 0.00000 30.00000 20.00000 15.00000 3.00000 23.00000 2.00000 16.00000 34.00000 30.00000 20.00000 29.00000 13.00000 7.00000 8.00000 7.00000 20.00000 19.00000 31.00000 15.00000 18.00000 32.00000 20.00000 16.00000 18.00000 7.00000 8.00000 30.00000 4.00000 32.00000 7.00000 3.00000 14.00000 16.00000 20.00000 21.00000 22.00000 9.00000 17.00000 9.00000 31.00000 21.00000 32.00000 9.00000 18.00000 14.00000 14.00000 6.00000 15.00000 28.00000 15.00000 35.00000 16.00000 13.00000 19.00000 16.00000 20.00000 16.00000 12.00000 7.00000 32.00000 10.00000 10.00000 32.00000 20.00000 20.00000 17.00000 7.00000 22.00000 19.00000 7.00000 16.00000
32.00000 26.00000 35.00000 31.00000 33.00000 30.00000 0.00000 22.00000 24.00000 32.00000 25.00000 31.00000 21.00000 7.00000 28.00000 25.00000 9.00000 21.00000 26.00000 35.00000 30.00000 20.00000 19.00000 55.00000 23.00000 23.00000 8.00000 23.00000 31.00000 18.00000 31.00000 34.00000 14.00000 30.00000 12.00000 25.00000 30.00000 24.00000 20.00000 16.00000 17.00000 30.00000 29.00000 19.00000 36.00000 11.00000 15.00000 30.00000 24.00000 23.00000 22.00000 23.00000 33.00000 22.00000 14.00000 30.00000 8.00000 32.00000 20.00000 24.00000 21.00000 15.00000 21.00000 36.00000 31.00000 7.00000 23.00000 34.00000 5.00000 25.00000 17.00000 22.00000 31.00000 17.00000 24.00000 27.00000 32.00000
18.00000 18.00000 24.00000 18.00000 21.00000 20.00000 22.00000 0.00000 10.00000 19.00000 5.00000 19.00000 10.00000 22.00000 17.00000 6.00000 18.00000 18.00000 15.00000 24.00000 17.00000 3.00000 9.00000 42.00000 7.00000 6.00000 20.00000 2.00000 18.00000 12.00000 18.00000 21.00000 18.00000 18.00000 20.00000 17.00000 18.00000 11.00000 6.00000 11.00000 8.00000 12.00000 16.00000 11.00000 23.00000 19.00000 11.00000 18.00000 15.00000 6.00000 10.00000 10.00000 21.00000 7.00000 17.00000 17.00000 23.00000 18.00000 12.00000 4.00000 6.00000 16.00000 9.00000 23.00000 18.00000 25.00000 15.00000 21.00000 24.00000 7.00000 9.00000 5.00000 18.00000 9.00000 6.00000 19.00000 18.00000
12.00000 14.00000 18.00000 12.00000 15.00000 14.00000 23.00000 10.00000 0.00000 12.00000 13.00000 13.00000 6.00000 24.00000 20.00000 9.00000 19.00000 14.00000 9.00000 17.00000 11.00000 10.00000 9.00000 36.00000 4.00000 6.00000 22.00000 9.00000 12.00000 9.00000 12.00000 15.00000 20.00000 11.00000 22.00000 11.00000 12.00000 4.00000 6.00000 10.00000 11.00000 10.00000 9.00000 8.00000 17.00000 21.00000 11.00000 21.00000 11.00000 6.00000 4.00000 4.00000 15.00000 5.00000 19.00000 10.00000 25.00000 12.00000 8.00000 8.00000 4.00000 13.00000 6.00000 17.00000 12.00000 25.00000 11.00000 14.00000 24.00000 8.00000 10.00000 5.00000 12.00000 12.00000 6.00000 13.00000 12.00000
15.00000 9.00000 7.00000 14.00000 5.00000 3.00000 31.00000 18.00000 13.00000 0.00000 21.00000 3.00000 15.00000 32.00000 28.00000 19.00000 28.00000 14.00000 8.00000 8.00000 5.00000 18.00000 17.00000 29.00000 14.00000 16.00000 30.00000 18.00000 14.00000 17.00000 5.00000 8.00000 28.00000 5.00000 30.00000 8.00000 3.00000 13.00000 14.00000 18.00000 19.00000 21.00000 7.00000 16.00000 9.00000 29.00000 20.00000 30.00000 9.00000 17.00000 12.00000 13.00000 6.00000 14.00000 27.00000 13.00000 33.00000 15.00000 14.00000 18.00000 14.00000 22.00000 15.00000 10.00000 5.00000 33.00000 11.00000 8.00000 32.00000 19.00000 18.00000 15.00000 5.00000 20.00000 17.00000 7.00000 15.00000
14.00000 21.00000 28.00000 15.00000 24.00000 23.00000 26.00000 5.00000 13.00000 22.00000 0.00000 22.00000 13.00000 26.00000 20.00000 6.00000 21.00000 21.00000 19.00000 27.00000 21.00000 7.00000 12.00000 41.00000 10.00000 8.00000 23.00000 6.00000 15.00000 15.00000 21.00000 25.00000 21.00000 21.00000 23.00000 20.00000 22.00000 14.00000 10.00000 14.00000 11.00000 12.00000 19.00000 14.00000 26.00000 22.00000 15.00000 21.00000 18.00000 8.00000 13.00000 14.00000 25.00000 10.00000 20.00000 20.00000 26.00000 14.00000 15.00000 7.00000 9.00000 19.00000 12.00000 26.00000 21.00000 28.00000 19.00000 24.00000 27.00000 6.00000 12.00000 9.00000 22.00000 12.00000 8.00000 22.00000 14.00000
16.00000 7.00000 8.00000 15.00000 6.00000 2.00000 30.00000 19.00000 14.00000 3.00000 22.00000 0.00000 15.00000 33.00000 29.00000 19.00000 28.00000 13.00000 6.00000 9.00000 6.00000 19.00000 18.00000 31.00000 14.00000 17.00000 31.00000 19.00000 15.00000 18.00000 7.00000 9.00000 29.00000 3.00000 31.00000 7.00000 2.00000 13.00000 15.00000 19.00000 20.00000 22.00000 8.00000 17.00000 10.00000 30.00000 20.00000 31.00000 8.00000 17.00000 13.00000 13.00000 7.00000 15.00000 28.00000 14.00000 34.00000 16.00000 13.00000 18.00000 15.00000 21.00000 15.00000 12.00000 7.00000 33.00000 10.00000 10.00000 32.00000 19.00000 19.00000 16.00000 7.00000 21.00000 18.00000 6.00000 16.00000
12.00000 11.00000 17.00000 11.00000 14.00000 13.00000 21.00000 9.00000 6.00000 12.00000 12.00000 12.00000 0.00000 22.00000 19.00000 10.00000 17.00000 11.00000 8.00000 16.00000 10.00000 9.00000 7.00000 35.00000 5.00000 8.00000 20.00000 9.00000 11.00000 7.00000 11.00000 14.00000 18.00000 11.00000 19.00000 10.00000 11.00000 4.00000 5.00000 8.00000 9.00000 13.00000 8.00000 5.00000 16.00000 19.00000 9.00000 20.00000 9.00000 8.00000 2.00000 3.00000 14.00000 6.00000 16.00000 10.00000 23.00000 12.00000 6.00000 8.00000 6.00000 11.00000 4.00000 16.00000 11.00000 23.00000 9.00000 13.00000 22.00000 10.00000 7.00000 7.00000 11.00000 10.00000 9.00000 12.00000 12.00000
33.00000 30.00000 38.00000 32.00000 35.00000 34.00000 8.00000 22.00000 24.00000 33.00000 25.00000 33.00000 22.00000 0.00000 28.00000 25.00000 10.00000 26.00000 29.00000 37.00000 31.00000 21.00000 19.00000 54.00000 23.00000 23.00000 5.00000 23.00000 32.00000 19.00000 32.00000 35.00000 11.00000 32.00000 8.00000 29.00000 32.00000 25.00000 20.00000 18.00000 18.00000 30.00000 29.00000 21.00000 37.00000 6.00000 15.00000 30.00000 28.00000 24.00000 23.00000 24.00000 35.00000 22.00000 13.00000 31.00000 2.00000 33.00000 23.00000 24.00000 22.00000 19.00000 21.00000 37.00000 32.00000 14.00000 27.00000 34.00000 12.00000 25.00000 17.00000 22.00000 32.00000 17.00000 24.00000 31.00000 33.00000
18.00000 27.00000 34.00000 20.00000 30.00000 29.00000 28.00000 18.00000 19.00000 28.00000 20.00000 29.00000 19.00000 28.00000 0.00000 21.00000 24.00000 28.00000 25.00000 33.00000 27.00000 16.00000 16.00000 30.00000 18.00000 19.00000 26.00000 18.00000 20.00000 21.00000 27.00000 31.00000 24.00000 27.00000 26.00000 26.00000 28.00000 20.00000 16.00000 20.00000 14.00000 25.00000 25.00000 20.00000 32.00000 25.00000 19.00000 3.00000 25.00000 19.00000 19.00000 20.00000 31.00000 18.00000 21.00000 24.00000 29.00000 18.00000 21.00000 19.00000 17.00000 25.00000 17.00000 30.00000 28.00000 32.00000 25.00000 30.00000 31.00000 21.00000 16.00000 18.00000 28.00000 15.00000 20.00000 28.00000 18.00000
15.00000 18.00000 24.00000 16.00000 21.00000 20.00000 25.00000 6.00000 9.00000 19.00000 6.00000 19.00000 11.00000 26.00000 20.00000 0.00000 21.00000 19.00000 16.00000 24.00000 17.00000 8.00000 10.00000 41.00000 6.00000 3.00000 23.00000 6.00000 16.00000 13.00000 18.00000 21.00000 21.00000 18.00000 23.00000 17.00000 18.00000 11.00000 6.00000 12.00000 11.00000 8.00000 16.00000 13.00000 23.00000 23.00000 14.00000 22.00000 16.00000 3.00000 10.00000 11.00000 21.00000 6.00000 20.00000 16.00000 27.00000 15.00000 13.00000 3.00000 6.00000 17.00000 9.00000 23.00000 18.00000 27.00000 16.00000 21.00000 26.00000 2.00000 11.00000 5.00000 18.00000 12.00000 3.00000 20.00000 15.00000
28.00000 27.00000 34.00000 27.00000 30.00000 29.00000 10.00000 18.00000 19.00000 28.00000 21.00000 28.00000 17.00000 10.00000 24.00000 21.00000 0.00000 23.00000 25.00000 33.00000 27.00000 16.00000 15.00000 51.00000 18.00000 19.00000 7.00000 18.00000 27.00000 14.00000 27.00000 31.00000 10.00000 27.00000 7.00000 26.00000 28.00000 20.00000 16.00000 13.00000 13.00000 25.00000 25.00000 16.00000 32.00000 6.00000 10.00000 25.00000 24.00000 19.00000 19.00000 20.00000 31.00000 17.00000 9.00000 26.00000 11.00000 28.00000 19.00000 19.00000 17.00000 15.00000 16.00000 32.00000 27.00000 12.00000 23.00000 30.00000 11.00000 21.00000 13.00000 17.00000 28.00000 12.00000 19.00000 28.00000 28.00000
18.00000 11.00000 17.00000 18.00000 15.00000 13.00000 19.00000 19.00000 15.00000 14.00000 22.00000 14.00000 12.00000 23.00000 29.00000 19.00000 22.00000 0.00000 13.00000 18.00000 18.00000 19.00000 17.00000 42.00000 14.00000 17.00000 23.00000 19.00000 18.00000 13.00000 18.00000 19.00000 25.00000 15.00000 26.00000 12.00000 14.00000 14.00000 15.00000 14.00000 19.00000 22.00000 16.00000 11.00000 19.00000 25.00000 16.00000 30.00000 11.00000 17.00000 13.00000 13.00000 16.00000 14.00000 23.00000 17.00000 23.00000 18.00000 9.00000 18.00000 15.00000 11.00000 14.00000 23.00000 18.00000 21.00000 7.00000 21.00000 21.00000 19.00000 17.00000 16.00000 18.00000 20.00000 18.00000 12.00000 18.00000
11.00000 6.00000 13.00000 10.00000 12.00000 7.00000 27.00000 15.00000 10.00000 8.00000 18.00000 6.00000 11.00000 29.00000 25.00000 16.00000 24.00000 13.00000 0.00000 14.00000 9.00000 15.00000 14.00000 33.00000 10.00000 13.00000 27.00000 15.00000 11.00000 14.00000 9.00000 13.00000 25.00000 6.00000 27.00000 3.00000 5.00000 8.00000 11.00000 15.00000 16.00000 18.00000 7.00000 13.00000 14.00000 26.00000 16.00000 27.00000 4.00000 13.00000 8.00000 8.00000 12.00000 11.00000 24.00000 9.00000 30.00000 11.00000 9.00000 14.00000 11.00000 17.00000 11.00000 14.00000 9.00000 29.00000 9.00000 12.00000 28.00000 15.00000 15.00000 12.00000 10.00000 17.00000 14.00000 5.00000 11.00000
20.00000 14.00000 6.00000 19.00000 5.00000 9.00000 36.00000 23.00000 18.00000 8.00000 26.00000 9.00000 19.00000 37.00000 33.00000 24.00000 32.00000 19.00000 15.00000 0.00000 9.00000 23.00000 22.00000 27.00000 18.00000 21.00000 35.00000 23.00000 19.00000 22.00000 8.00000 5.00000 33.00000 12.00000 35.00000 15.00000 10.00000 18.00000 19.00000 23.00000 24.00000 26.00000 12.00000 21.00000 3.00000 34.00000 24.00000 35.00000 15.00000 21.00000 17.00000 18.00000 4.00000 19.00000 32.00000 18.00000 38.00000 20.00000 19.00000 22.00000 19.00000 26.00000 19.00000 11.00000 8.00000 38.00000 16.00000 8.00000 37.00000 23.00000 23.00000 20.00000 8.00000 25.00000 22.00000 14.00000 20.00000
12.00000 10.00000 9.00000 11.00000 6.00000 6.00000 28.00000 15.00000 10.00000 4.00000 18.00000 6.00000 12.00000 29.00000 25.00000 16.00000 25.00000 17.00000 8.00000 9.00000 0.00000 15.00000 14.00000 27.00000 11.00000 13.00000 27.00000 15.00000 11.00000 14.00000 2.00000 6.00000 25.00000 6.00000 27.00000 9.00000 5.00000 10.00000 11.00000 15.00000 16.00000 18.00000 4.00000 13.00000 8.00000 26.00000 17.00000 27.00000 10.00000 14.00000 9.00000 10.00000 7.00000 11.00000 24.00000 10.00000 30.00000 12.00000 12.00000 15.00000 11.00000 19.00000 12.00000 8.00000 2.00000 30.00000 14.00000 6.00000 29.00000 16.00000 15.00000 12.00000 2.00000 17.00000 14.00000 9.00000 12.00000
19.00000 18.00000 24.00000 18.00000 21.00000 20.00000 21.00000 3.00000 9.00000 19.00000 7.00000 19.00000 10.00000 21.00000 15.00000 8.00000 16.00000 18.00000 15.00000 23.00000 17.00000 0.00000 8.00000 42.00000 8.00000 7.00000 19.00000 4.00000 18.00000 12.00000 18.00000 21.00000 17.00000 18.00000 19.00000 17.00000 18.00000 11.00000 7.00000 11.00000 6.00000 13.00000 15.00000 11.00000 23.00000 18.00000 11.00000 17.00000 15.00000 7.00000 10.00000 10.00000 21.00000 7.00000 15.00000 17.00000 22.00000 19.00000 12.00000 5.00000 7.00000 16.00000 9.00000 23.00000 18.00000 25.00000 15.00000 21.00000 24.00000 9.00000 8.00000 6.00000 18.00000 7.00000 7.00000 19.00000 19.00000
17.00000 17.00000 23.00000 16.00000 19.00000 18.00000 18.00000 9.00000 9.00000 17.00000 12.00000 18.00000 7.00000 19.00000 17.00000 10.00000 14.00000 17.00000 14.00000 22.00000 16.00000 8.00000 0.00000 40.00000 7.00000 8.00000 16.00000 9.00000 17.00000 7.00000 17.00000 20.00000 15.00000 16.00000 16.00000 16.00000 17.00000 9.00000 5.00000 6.00000 7.00000 14.00000 14.00000 6.00000 21.00000 16.00000 6.00000 18.00000 14.00000 8.00000 8.00000 9.00000 20.00000 7.00000 13.00000 15.00000 20.00000 17.00000 9.00000 8.00000 6.00000 11.00000 5.00000 22.00000 17.00000 20.00000 14.00000 19.00000 19.00000 10.00000 3.00000 6.00000 17.00000 8.00000 9.00000 18.00000 17.00000
27.00000 35.00000 30.00000 29.00000 28.00000 30.00000 54.00000 40.00000 35.00000 28.00000 40.00000 29.00000 37.00000 53.00000 30.00000 41.00000 50.00000 41.00000 33.00000 27.00000 26.00000 41.00000 39.00000 0.00000 36.00000 38.00000 52.00000 40.00000 29.00000 39.00000 25.00000 26.00000 50.00000 31.00000 52.00000 34.00000 30.00000 35.00000 36.00000 40.00000 41.00000 38.00000 29.00000 38.00000 27.00000 51.00000 42.00000 30.00000 35.00000 39.00000 34.00000 35.00000 28.00000 36.00000 47.00000 34.00000 54.00000 27.00000 37.00000 40.00000 36.00000 44.00000 37.00000 21.00000 25.00000 56.00000 38.00000 25.00000 54.00000 40.00000 40.00000 37.00000 26.00000 42.00000 39.00000 34.00000 27.00000
13.00000 13.00000 19.00000 12.00000 16.00000 15.00000 22.00000 7.00000 3.00000 14.00000 10.00000 14.00000 6.00000 23.00000 17.00000 6.00000 18.00000 13.00000 10.00000 18.00000 12.00000 7.00000 8.00000 37.00000 0.00000 4.00000 21.00000 6.00000 13.00000 8.00000 13.00000 16.00000 19.00000 13.00000 21.00000 12.00000 13.00000 6.00000 3.00000 9.00000 8.00000 9.00000 10.00000 7.00000 18.00000 20.00000 11.00000 19.00000 10.00000 4.00000 4.00000 5.00000 16.00000 3.00000 18.00000 10.00000 24.00000 13.00000 7.00000 5.00000 2.00000 13.00000 6.00000 18.00000 13.00000 24.00000 10.00000 15.00000 23.00000 6.00000 8.00000 3.00000 13.00000 9.00000 5.00000 14.00000 13.00000
15.00000 16.00000 22.00000 15.00000 19.00000 18.00000 23.00000 6.00000 6.00000 16.00000 8.00000 17.00000 8.00000 24.00000 18.00000 3.00000 19.00000 16.00000 13.00000 21.00000 15.00000 7.00000 8.00000 40.00000 4.00000 0.00000 21.00000 5.00000 16.00000 11.00000 16.00000 19.00000 19.00000 16.00000 21.00000 15.00000 16.00000 9.00000 4.00000 10.00000 9.00000 7.00000 13.00000 10.00000 21.00000 20.00000 11.00000 19.00000 13.00000 1.00000 7.00000 8.00000 19.00000 4.00000 18.00000 13.00000 24.00000 15.00000 10.00000 2.00000 3.00000 15.00000 7.00000 21.00000 16.00000 25.00000 13.00000 18.00000 24.00000 3.00000 9.00000 2.00000 16.00000 10.00000 2.00000 17.00000 15.00000
29.00000 27.00000 35.00000 28.00000 31.00000 30.00000 8.00000 19.00000 20.00000 29.00000 22.00000 30.00000 19.00000 6.00000 25.00000 22.00000 6.00000 23.00000 26.00000 34.00000 28.00000 17.00000 16.00000 52.00000 19.00000 20.00000 0.00000 20.00000 28.00000 16.00000 28.00000 32.00000 9.00000 28.00000 7.00000 26.00000 29.00000 21.00000 17.00000 14.00000 14.00000 26.00000 26.00000 17.00000 33.00000 6.00000 11.00000 27.00000 24.00000 20.00000 20.00000 21.00000 32.00000 19.00000 10.00000 27.00000 7.00000 29.00000 20.00000 20.00000 18.00000 15.00000 17.00000 33.00000 29.00000 12.00000 23.00000 31.00000 11.00000 22.00000 14.00000 18.00000 29.00000 13.00000 20.00000 28.00000 29.00000
18.00000 18.00000 24.00000 18.00000 21.00000 20.00000 23.00000 2.00000 9.00000 18.00000 6.00000 19.00000 10.00000 23.00000 17.00000 6.00000 18.00000 18.00000 15.00000 23.00000 17.00000 4.00000 9.00000 42.00000 6.00000 5.00000 20.00000 0.00000 18.00000 12.00000 18.00000 21.00000 18.00000 18.00000 20.00000 17.00000 18.00000 10.00000 6.00000 11.00000 8.00000 12.00000 15.00000 11.00000 23.00000 20.00000 12.00000 18.00000 15.00000 5.00000 9.00000 10.00000 21.00000 6.00000 17.00000 16.00000 23.00000 18.00000 12.00000 4.00000 6.00000 16.00000 8.00000 23.00000 18.00000 25.00000 15.00000 20.00000 24.00000 7.00000 9.00000 5.00000 18.00000 9.00000 6.00000 19.00000 18.00000
3.00000 15.00000 20.00000 1.00000 16.00000 15.00000 29.00000 16.00000 11.00000 14.00000 15.00000 14.00000 13.00000 30.00000 19.00000 16.00000 26.00000 17.00000 10.00000 19.00000 13.00000 16.00000 15.00000 29.00000 12.00000 14.00000 28.00000 16.00000 0.00000 15.00000 13.00000 17.00000 26.00000 13.00000 28.00000 13.00000 14.00000 11.00000 12.00000 16.00000 17.00000 13.00000 11.00000 14.00000 18.00000 27.00000 18.00000 21.00000 13.00000 15.00000 10.00000 11.00000 17.00000 12.00000 25.00000 7.00000 31.00000 3.00000 13.00000 15.00000 12.00000 20.00000 13.00000 16.00000 13.00000 31.00000 14.00000 16.00000 30.00000 15.00000 16.00000 13.00000 14.00000 18.00000 15.00000 15.00000 3.00000
17.00000 13.00000 21.00000 16.00000 19.00000 17.00000 19.00000 13.00000 10.00000 17.00000 16.00000 17.00000 7.00000 21.00000 22.00000 14.00000 16.00000 10.00000 12.00000 22.00000 16.00000 13.00000 9.00000 40.00000 10.00000 12.00000 19.00000 13.00000 17.00000 0.00000 17.00000 20.00000 17.00000 16.00000 19.00000 12.00000 16.00000 9.00000 9.00000 7.00000 13.00000 17.00000 14.00000 4.00000 22.00000 18.00000 8.00000 24.00000 10.00000 12.00000 8.00000 9.00000 20.00000 10.00000 16.00000 15.00000 22.00000 17.00000 5.00000 12.00000 10.00000 9.00000 9.00000 22.00000 17.00000 21.00000 9.00000 19.00000 20.00000 14.00000 9.00000 10.00000 17.00000 13.00000 12.00000 14.00000 17.00000
13.00000 11.00000 8.00000 12.00000 5.00000 6.00000 29.00000 16.00000 11.00000 4.00000 19.00000 6.00000 12.00000 30.00000 26.00000 16.00000 25.00000 18.00000 8.00000 7.00000 2.00000 16.00000 15.00000 26.00000 11.00000 14.00000 28.00000 16.00000 12.00000 15.00000 0.00000 5.00000 26.00000 6.00000 28.00000 9.00000 5.00000 11.00000 12.00000 16.00000 17.00000 19.00000 5.00000 13.00000 7.00000 27.00000 17.00000 28.00000 11.00000 14.00000 10.00000 11.00000 5.00000 12.00000 24.00000 11.00000 31.00000 13.00000 13.00000 15.00000 12.00000 19.00000 12.00000 7.00000 1.00000 31.00000 15.00000 5.00000 30.00000 16.00000 16.00000 13.00000 1.00000 18.00000 15.00000 9.00000 13.00000
16.00000 14.00000 7.00000 16.00000 4.00000 8.00000 34.00000 20.00000 16.00000 8.00000 24.00000 9.00000 17.00000 35.00000 31.00000 21.00000 30.00000 19.00000 13.00000 5.00000 7.00000 21.00000 19.00000 26.00000 16.00000 18.00000 32.00000 20.00000 17.00000 20.00000 5.00000 0.00000 30.00000 11.00000 32.00000 14.00000 10.00000 15.00000 16.00000 20.00000 21.00000 23.00000 9.00000 18.00000 2.00000 32.00000 22.00000 32.00000 15.00000 19.00000 15.00000 16.00000 4.00000 16.00000 29.00000 15.00000 36.00000 16.00000 18.00000 20.00000 16.00000 24.00000 17.00000 7.00000 5.00000 36.00000 16.00000 3.00000 35.00000 21.00000 20.00000 17.00000 6.00000 23.00000 19.00000 14.00000 16.00000
29.00000 28.00000 35.00000 28.00000 31.00000 30.00000 14.00000 19.00000 20.00000 29.00000 22.00000 29.00000 18.00000 11.00000 25.00000 22.00000 10.00000 25.00000 26.00000 34.00000 28.00000 17.00000 16.00000 50.00000 19.00000 20.00000 9.00000 19.00000 28.00000 15.00000 28.00000 32.00000 0.00000 28.00000 7.00000 27.00000 29.00000 21.00000 17.00000 14.00000 14.00000 26.00000 26.00000 17.00000 33.00000 7.00000 11.00000 27.00000 25.00000 20.00000 20.00000 21.00000 32.00000 18.00000 5.00000 27.00000 12.00000 29.00000 20.00000 20.00000 18.00000 19.00000 17.00000 33.00000 28.00000 18.00000 24.00000 31.00000 17.00000 22.00000 14.00000 18.00000 29.00000 13.00000 20.00000 29.00000 29.00000
14.00000 6.00000 11.00000 13.00000 9.00000 4.00000 30.00000 17.00000 12.00000 5.00000 20.00000 3.00000 14.00000 31.00000 27.00000 18.00000 27.00000 15.00000 5.00000 11.00000 6.00000 17.00000 16.00000 31.00000 12.00000 15.00000 29.00000 17.00000 13.00000 16.00000 7.00000 10.00000 27.00000 0.00000 29.00000 5.00000 2.00000 12.00000 13.00000 17.00000 18.00000 20.00000 6.00000 15.00000 12.00000 28.00000 18.00000 29.00000 7.00000 15.00000 11.00000 12.00000 9.00000 13.00000 26.00000 12.00000 32.00000 14.00000 13.00000 16.00000 13.00000 20.00000 13.00000 12.00000 7.00000 32.00000 11.00000 10.00000 31.00000 18.00000 17.00000 14.00000 7.00000 19.00000 16.00000 5.00000 14.00000
30.00000 29.00000 36.00000 30.00000 33.00000 32.00000 11.00000 20.00000 21.00000 30.00000 23.00000 31.00000 20.00000 8.00000 26.00000 23.00000 8.00000 27.00000 27.00000 35.00000 29.00000 18.00000 17.00000 53.00000 21.00000 21.00000 7.00000 21.00000 30.00000 17.00000 30.00000 33.00000 6.00000 29.00000 0.00000 28.00000 30.00000 22.00000 18.00000 16.00000 15.00000 27.00000 27.00000 19.00000 34.00000 3.00000 13.00000 28.00000 26.00000 21.00000 21.00000 22.00000 33.00000 20.00000 8.00000 29.00000 9.00000 30.00000 21.00000 21.00000 19.00000 19.00000 19.00000 35.00000 30.00000 15.00000 26.00000 32.00000 14.00000 23.00000 15.00000 20.00000 30.00000 14.00000 22.00000 30.00000 30.00000
13.00000 4.00000 14.00000 13.00000 12.00000 7.00000 26.00000 16.00000 12.00000 8.00000 19.00000 6.00000 11.00000 30.00000 26.00000 16.00000 25.00000 12.00000 3.00000 14.00000 10.00000 16.00000 16.00000 34.00000 11.00000 14.00000 27.00000 16.00000 13.00000 13.00000 10.00000 14.00000 25.00000 6.00000 27.00000 0.00000 5.00000 10.00000 12.00000 16.00000 17.00000 19.00000 8.00000 12.00000 15.00000 27.00000 17.00000 28.00000 2.00000 14.00000 10.00000 10.00000 12.00000 12.00000 24.00000 12.00000 30.00000 13.00000 8.00000 15.00000 12.00000 15.00000 13.00000 16.00000 11.00000 28.00000 8.00000 13.00000 27.00000 16.00000 16.00000 13.00000 11.00000 18.00000 15.00000 4.00000 13.00000
14.00000 6.00000 9.00000 14.00000 7.00000 3.00000 31.00000 18.00000 13.00000 3.00000 21.00000 2.00000 14.00000 32.00000 28.00000 18.00000 27.00000 14.00000 5.00000 10.00000 5.00000 18.00000 17.00000 30.00000 13.00000 16.00000 30.00000 18.00000 14.00000 17.00000 6.00000 10.00000 28.00000 2.00000 30.00000 5.00000 0.00000 12.00000 14.00000 18.00000 19.00000 20.00000 7.00000 15.00000 11.00000 29.00000 19.00000 30.00000 7.00000 16.00000 12.00000 12.00000 8.00000 13.00000 26.00000 13.00000 33.00000 14.00000 13.00000 17.00000 14.00000 20.00000 14.00000 11.00000 7.00000 33.00000 11.00000 9.00000 32.00000 18.00000 18.00000 15.00000 7.00000 20.00000 17.00000 5.00000 14.00000
11.00000 11.00000 17.00000 10.00000 13.00000 12.00000 24.00000 9.00000 5.00000 11.00000 13.00000 11.00000 5.00000 25.00000 19.00000 10.00000 20.00000 13.00000 8.00000 16.00000 10.00000 10.00000 10.00000 34.00000 5.00000 7.00000 23.00000 9.00000 10.00000 10.00000 10.00000 14.00000 21.00000 10.00000 23.00000 10.00000 11.00000 0.00000 5.00000 11.00000 10.00000 12.00000 8.00000 7.00000 15.00000 22.00000 12.00000 21.00000 9.00000 8.00000 2.00000 1.00000 14.00000 5.00000 20.00000 9.00000 26.00000 11.00000 7.00000 9.00000 5.00000 14.00000 7.00000 15.00000 10.00000 26.00000 10.00000 13.00000 25.00000 10.00000 11.00000 6.00000 11.00000 12.00000 8.00000 12.00000 11.00000
15.00000 15.00000 21.00000 15.00000 18.00000 17.00000 21.00000 5.00000 6.00000 15.00000 8.00000 16.00000 7.00000 21.00000 15.00000 6.00000 17.00000 15.00000 12.00000 20.00000 14.00000 5.00000 6.00000 38.00000 3.00000 3.00000 19.00000 5.00000 15.00000 9.00000 15.00000 18.00000 17.00000 14.00000 19.00000 13.00000 15.00000 7.00000 0.00000 8.00000 6.00000 10.00000 12.00000 8.00000 20.00000 18.00000 9.00000 17.00000 12.00000 4.00000 6.00000 7.00000 18.00000 2.00000 16.00000 13.00000 22.00000 15.00000 9.00000 4.00000 2.00000 13.00000 5.00000 20.00000 15.00000 23.00000 12.00000 17.00000 22.00000 6.00000 6.00000 2.00000 15.00000 7.00000 4.00000 16.00000 15.00000
18.00000 16.00000 24.00000 17.00000 20.00000 19.00000 16.00000 11.00000 11.00000 18.00000 15.00000 19.00000 7.00000 19.00000 21.00000 12.00000 14.00000 13.00000 15.00000 23.00000 17.00000 12.00000 7.00000 41.00000 10.00000 10.00000 17.00000 11.00000 17.00000 4.00000 17.00000 21.00000 15.00000 17.00000 17.00000 15.00000 18.00000 10.00000 7.00000 0.00000 11.00000 17.00000 15.00000 6.00000 22.00000 16.00000 6.00000 23.00000 13.00000 11.00000 9.00000 10.00000 21.00000 9.00000 14.00000 16.00000 20.00000 18.00000 8.00000 11.00000 9.00000 8.00000 8.00000 22.00000 17.00000 18.00000 13.00000 20.00000 17.00000 12.00000 7.00000 9.00000 18.00000 11.00000 11.00000 17.00000 18.00000
18.00000 18.00000 24.00000 18.00000 21.00000 20.00000 16.00000 8.00000 10.00000 18.00000 11.00000 19.00000 8.00000 16.00000 14.00000 11.00000 11.00000 18.00000 15.00000 23.00000 17.00000 7.00000 6.00000 42.00000 9.00000 9.00000 13.00000 9.00000 18.00000 10.00000 18.00000 21.00000 11.00000 18.00000 13.00000 17.00000 18.00000 10.00000 6.00000 9.00000 0.00000 16.00000 15.00000 9.00000 23.00000 13.00000 6.00000 16.00000 15.00000 9.00000 9.00000 10.00000 21.00000 8.00000 10.00000 17.00000 17.00000 18.00000 10.00000 10.00000 8.00000 14.00000 7.00000 23.00000 18.00000 20.00000 15.00000 20.00000 19.00000 11.00000 6.00000 8.00000 18.00000 2.00000 10.00000 19.00000 18.00000
12.00000 21.00000 26.00000 13.00000 23.00000 22.00000 30.00000 12.00000 10.00000 21.00000 12.00000 21.00000 14.00000 30.00000 24.00000 8.00000 25.00000 21.00000 17.00000 25.00000 19.00000 13.00000 15.00000 38.00000 9.00000 7.00000 28.00000 11.00000 13.00000 16.00000 20.00000 23.00000 26.00000 20.00000 28.00000 20.00000 20.00000 13.00000 10.00000 17.00000 15.00000 0.00000 17.00000 15.00000 25.00000 27.00000 18.00000 26.00000 18.00000 7.00000 12.00000 12.00000 23.00000 10.00000 25.00000 17.00000 31.00000 12.00000 15.00000 8.00000 9.00000 21.00000 14.00000 25.00000 20.00000 32.00000 18.00000 22.00000 31.00000 7.00000 15.00000 9.00000 20.00000 16.00000 6.00000 21.00000 12.00000
11.00000 10.00000 12.00000 10.00000 9.00000 8.00000 28.00000 14.00000 9.00000 7.00000 17.00000 7.00000 11.00000 28.00000 24.00000 15.00000 24.00000 16.00000 7.00000 11.00000 5.00000 15.00000 13.00000 30.00000 10.00000 12.00000 26.00000 14.00000 10.00000 13.00000 6.00000 9.00000 24.00000 6.00000 26.00000 8.00000 6.00000 9.00000 10.00000 14.00000 15.00000 17.00000 0.00000 12.00000 11.00000 25.00000 16.00000 26.00000 9.00000 13.00000 8.00000 9.00000 9.00000 10.00000 23.00000 9.00000 29.00000 11.00000 11.00000 14.00000 10.00000 18.00000 11.00000 11.00000 6.00000 30.00000 13.00000 9.00000 28.00000 15.00000 14.00000 11.00000 6.00000 16.00000 13.00000 9.00000 11.00000
15.00000 14.00000 20.00000 14.00000 17.00000 16.00000 19.00000 10.00000 9.00000 15.00000 13.00000 15.00000 4.00000 20.00000 19.00000 11.00000 15.00000 13.00000 11.00000 19.00000 13.00000 10.00000 6.00000 38.00000 8.00000 8.00000 17.00000 10.00000 14.00000 3.00000 14.00000 17.00000 15.00000 14.00000 17.00000 13.00000 14.00000 7.00000 6.00000 5.00000 9.00000 15.00000 11.00000 0.00000 19.00000 16.00000 7.00000 21.00000 12.00000 9.00000 5.00000 6.00000 17.00000 7.00000 14.00000 13.00000 20.00000 15.00000 6.00000 9.00000 7.00000 9.00000 6.00000 19.00000 14.00000 21.00000 11.00000 16.00000 20.00000 11.00000 7.00000 7.00000 14.00000 11.00000 9.00000 15.00000 15.00000
18.00000 14.00000 6.00000 18.00000 5.00000 9.00000 35.00000 22.00000 17.00000 8.00000 25.00000 9.00000 18.00000 36.00000 32.00000 23.00000 31.00000 19.00000 14.00000 3.00000 8.00000 22.00000 21.00000 27.00000 17.00000 20.00000 34.00000 22.00000 18.00000 21.00000 7.00000 2.00000 32.00000 12.00000 34.00000 15.00000 10.00000 17.00000 18.00000 22.00000 23.00000 25.00000 11.00000 20.00000 0.00000 33.00000 23.00000 34.00000 15.00000 20.00000 16.00000 17.00000 4.00000 18.00000 31.00000 17.00000 37.00000 18.00000 19.00000 21.00000 18.00000 25.00000 18.00000 9.00000 7.00000 37.00000 16.00000 5.00000 36.00000 22.00000 22.00000 19.00000 7.00000 24.00000 21.00000 14.00000 18.00000
30.00000 28.00000 35.00000 29.00000 32.00000 31.00000 10.00000 20.00000 21.00000 30.00000 22.00000 30.00000 19.00000 6.00000 26.00000 22.00000 7.00000 26.00000 26.00000 34.00000 28.00000 18.00000 16.00000 53.00000 20.00000 20.00000 6.00000 20.00000 29.00000 16.00000 29.00000 32.00000 6.00000 29.00000 3.00000 27.00000 29.00000 22.00000 17.00000 15.00000 15.00000 27.00000 26.00000 18.00000 34.00000 0.00000 12.00000 27.00000 26.00000 21.00000 20.00000 21.00000 32.00000 19.00000 8.00000 28.00000 7.00000 30.00000 20.00000 21.00000 19.00000 18.00000 18.00000 34.00000 29.00000 14.00000 25.00000 32.00000 13.00000 22.00000 14.00000 19.00000 29.00000 14.00000 21.00000 30.00000 30.00000
19.00000 17.00000 24.00000 18.00000 21.00000 20.00000 15.00000 11.00000 11.00000 19.00000 14.00000 19.00000 8.00000 17.00000 21.00000 12.00000 12.00000 15.00000 15.00000 24.00000 17.00000 11.00000 6.00000 42.00000 10.00000 10.00000 15.00000 11.00000 18.00000 5.00000 18.00000 21.00000 13.00000 18.00000 15.00000 16.00000 18.00000 11.00000 7.00000 4.00000 10.00000 17.00000 16.00000 7.00000 23.00000 14.00000 0.00000 23.00000 14.00000 10.00000 9.00000 10.00000 21.00000 9.00000 12.00000 17.00000 18.00000 19.00000 9.00000 11.00000 8.00000 9.00000 8.00000 23.00000 18.00000 17.00000 14.00000 21.00000 16.00000 12.00000 6.00000 9.00000 18.00000 9.00000 11.00000 18.00000 19.00000
19.00000 29.00000 35.00000 21.00000 32.00000 31.00000 30.00000 19.00000 20.00000 30.00000 22.00000 30.00000 20.00000 30.00000 2.00000 23.00000 25.00000 29.00000 26.00000 34.00000 28.00000 17.00000 18.00000 31.00000 20.00000 20.00000 28.00000 20.00000 21.00000 22.00000 29.00000 32.00000 26.00000 29.00000 28.00000 28.00000 29.00000 22.00000 17.00000 21.00000 15.00000 27.00000 26.00000 22.00000 34.00000 27.00000 20.00000 0.00000 26.00000 21.00000 21.00000 21.00000 32.00000 19.00000 22.00000 26.00000 31.00000 19.00000 22.00000 21.00000 19.00000 26.00000 19.00000 31.00000 29.00000 34.00000 26.00000 31.00000 33.00000 23.00000 18.00000 19.00000 29.00000 16.00000 21.00000 30.00000 19.00000
13.00000 4.00000 14.00000 12.00000 12.00000 8.00000 24.00000 14.00000 10.00000 9.00000 17.00000 8.00000 10.00000 28.00000 24.00000 15.00000 23.00000 11.00000 5.00000 14.00000 11.00000 15.00000 14.00000 36.00000 10.00000 12.00000 26.00000 14.00000 12.00000 11.00000 12.00000 15.00000 24.00000 7.00000 26.00000 2.00000 6.00000 8.00000 10.00000 14.00000 15.00000 17.00000 9.00000 11.00000 15.00000 25.00000 15.00000 26.00000 0.00000 13.00000 8.00000 9.00000 12.00000 10.00000 23.00000 11.00000 29.00000 13.00000 7.00000 14.00000 10.00000 14.00000 11.00000 17.00000 12.00000 26.00000 7.00000 15.00000 25.00000 15.00000 15.00000 11.00000 12.00000 17.00000 13.00000 4.00000 13.00000
15.00000 16.00000 22.00000 15.00000 19.00000 18.00000 24.00000 6.00000 6.00000 17.00000 8.00000 17.00000 9.00000 24.00000 18.00000 3.00000 19.00000 16.00000 13.00000 21.00000 15.00000 7.00000 9.00000 40.00000 4.00000 1.00000 22.00000 5.00000 15.00000 12.00000 16.00000 19.00000 20.00000 16.00000 22.00000 15.00000 16.00000 9.00000 4.00000 10.00000 9.00000 7.00000 13.00000 10.00000 21.00000 21.00000 12.00000 20.00000 13.00000 0.00000 8.00000 8.00000 19.00000 4.00000 18.00000 13.00000 25.00000 15.00000 10.00000 2.00000 3.00000 16.00000 7.00000 21.00000 16.00000 26.00000 14.00000 18.00000 25.00000 3.00000 9.00000 2.00000 16.00000 10.00000 1.00000 17.00000 15.00000
11.00000 12.00000 16.00000 10.00000 13.00000 12.00000 23.00000 9.00000 5.00000 11.00000 12.00000 11.00000 5.00000 24.00000 19.00000 9.00000 20.00000 13.00000 7.00000 16.00000 9.00000 9.00000 9.00000 34.00000 4.00000 7.00000 22.00000 9.00000 10.00000 9.00000 10.00000 13.00000 20.00000 10.00000 22.00000 10.00000 10.00000 2.00000 5.00000 10.00000 10.00000 12.00000 8.00000 7.00000 15.00000 21.00000 12.00000 20.00000 9.00000 7.00000 0.00000 2.00000 13.00000 4.00000 19.00000 9.00000 25.00000 11.00000 7.00000 8.00000 5.00000 14.00000 7.00000 15.00000 10.00000 25.00000 10.00000 13.00000 24.00000 9.00000 10.00000 6.00000 10.00000 11.00000 8.00000 12.00000 11.00000
11.00000 11.00000 16.00000 10.00000 13.00000 12.00000 24.00000 9.00000 5.00000 11.00000 12.00000 11.00000 5.00000 25.00000 19.00000 10.00000 20.00000 13.00000 8.00000 16.00000 9.00000 9.00000 10.00000 34.00000 4.00000 7.00000 22.00000 9.00000 10.00000 10.00000 10.00000 13.00000 20.00000 10.00000 22.00000 10.00000 10.00000 1.00000 5.00000 10.00000 10.00000 12.00000 8.00000 7.00000 15.00000 22.00000 12.00000 21.00000 9.00000 7.00000 2.00000 0.00000 13.00000 5.00000 19.00000 9.00000 26.00000 11.00000 7.00000 8.00000 5.00000 14.00000 7.00000 15.00000 10.00000 26.00000 10.00000 13.00000 25.00000 10.00000 10.00000 6.00000 10.00000 11.00000 8.00000 12.00000 11.00000
17.00000 11.00000 3.00000 16.00000 1.00000 6.00000 33.00000 21.00000 16.00000 5.00000 24.00000 7.00000 17.00000 35.00000 31.00000 21.00000 30.00000 16.00000 12.00000 4.00000 7.00000 21.00000 20.00000 28.00000 16.00000 19.00000 32.00000 21.00000 17.00000 20.00000 5.00000 4.00000 31.00000 9.00000 32.00000 12.00000 7.00000 16.00000 17.00000 20.00000 22.00000 23.00000 9.00000 18.00000 4.00000 32.00000 22.00000 32.00000 12.00000 19.00000 15.00000 16.00000 0.00000 16.00000 29.00000 16.00000 36.00000 17.00000 16.00000 20.00000 17.00000 24.00000 17.00000 9.00000 6.00000 36.00000 13.00000 7.00000 35.00000 21.00000 20.00000 18.00000 6.00000 23.00000 19.00000 11.00000 17.00000
14.00000 13.00000 19.00000 13.00000 16.00000 15.00000 21.00000 5.00000 5.00000 14.00000 9.00000 14.00000 5.00000 21.00000 16.00000 6.00000 17.00000 13.00000 11.00000 19.00000 12.00000 6.00000 6.00000 37.00000 3.00000 4.00000 19.00000 5.00000 13.00000 9.00000 13.00000 16.00000 17.00000 13.00000 19.00000 12.00000 13.00000 6.00000 1.00000 8.00000 6.00000 10.00000 11.00000 7.00000 18.00000 18.00000 9.00000 17.00000 10.00000 4.00000 5.00000 6.00000 16.00000 0.00000 16.00000 12.00000 22.00000 14.00000 7.00000 5.00000 1.00000 13.00000 4.00000 18.00000 13.00000 23.00000 10.00000 16.00000 22.00000 6.00000 7.00000 3.00000 13.00000 8.00000 5.00000 14.00000 14.00000
27.00000 26.00000 33.00000 26.00000 30.00000 29.00000 14.00000 17.00000 18.00000 27.00000 20.00000 28.00000 17.00000 12.00000 21.00000 20.00000 9.00000 24.00000 24.00000 32.00000 26.00000 15.00000 14.00000 47.00000 17.00000 18.00000 11.00000 18.00000 27.00000 14.00000 27.00000 30.00000 5.00000 26.00000 8.00000 25.00000 27.00000 19.00000 15.00000 13.00000 12.00000 24.00000 24.00000 16.00000 31.00000 8.00000 9.00000 23.00000 23.00000 18.00000 18.00000 19.00000 30.00000 17.00000 0.00000 26.00000 14.00000 27.00000 18.00000 18.00000 16.00000 18.00000 15.00000 32.00000 27.00000 18.00000 23.00000 29.00000 17.00000 20.00000 12.00000 17.00000 27.00000 11.00000 19.00000 27.00000 27.00000
8.00000 14.00000 19.00000 7.00000 15.00000 14.00000 28.00000 15.00000 10.00000 13.00000 18.00000 13.00000 11.00000 29.00000 24.00000 15.00000 24.00000 16.00000 9.00000 18.00000 12.00000 15.00000 14.00000 34.00000 10.00000 13.00000 27.00000 15.00000 7.00000 14.00000 12.00000 16.00000 25.00000 12.00000 27.00000 12.00000 13.00000 9.00000 11.00000 15.00000 16.00000 17.00000 10.00000 12.00000 17.00000 26.00000 16.00000 26.00000 12.00000 13.00000 9.00000 9.00000 16.00000 10.00000 23.00000 0.00000 30.00000 8.00000 12.00000 14.00000 11.00000 18.00000 11.00000 17.00000 12.00000 30.00000 13.00000 15.00000 29.00000 15.00000 14.00000 12.00000 13.00000 17.00000 13.00000 14.00000 8.00000
34.00000 32.00000 39.00000 33.00000 36.00000 35.00000 8.00000 24.00000 25.00000 34.00000 26.00000 34.00000 23.00000 2.00000 30.00000 26.00000 11.00000 26.00000 30.00000 38.00000 32.00000 22.00000 20.00000 55.00000 24.00000 24.00000 7.00000 24.00000 33.00000 20.00000 33.00000 36.00000 12.00000 33.00000 9.00000 31.00000 33.00000 26.00000 21.00000 19.00000 19.00000 31.00000 30.00000 22.00000 38.00000 7.00000 16.00000 31.00000 29.00000 25.00000 24.00000 25.00000 36.00000 23.00000 14.00000 32.00000 0.00000 34.00000 24.00000 25.00000 23.00000 20.00000 22.00000 38.00000 33.00000 14.00000 28.00000 36.00000 12.00000 26.00000 18.00000 23.00000 33.00000 18.00000 25.00000 33.00000 34.00000
0.00000 16.00000 20.00000 3.00000 17.00000 16.00000 30.00000 17.00000 12.00000 15.00000 14.00000 15.00000 14.00000 31.00000 17.00000 15.00000 27.00000 18.00000 11.00000 19.00000 13.00000 17.00000 16.00000 27.00000 13.00000 15.00000 29.00000 17.00000 3.00000 16.00000 13.00000 16.00000 27.00000 14.00000 29.00000 14.00000 14.00000 12.00000 13.00000 17.00000 18.00000 12.00000 12.00000 15.00000 18.00000 28.00000 18.00000 19.00000 14.00000 15.00000 11.00000 12.00000 17.00000 13.00000 26.00000 8.00000 32.00000 0.00000 14.00000 16.00000 13.00000 21.00000 13.00000 14.00000 13.00000 32.00000 15.00000 15.00000 31.00000 14.00000 17.00000 14.00000 13.00000 19.00000 14.00000 16.00000 0.00000
14.00000 10.00000 18.00000 13.00000 16.00000 14.00000 20.00000 10.00000 7.00000 14.00000 13.00000 14.00000 3.00000 23.00000 20.00000 11.00000 18.00000 10.00000 9.00000 19.00000 12.00000 10.00000 8.00000 37.00000 6.00000 9.00000 20.00000 10.00000 13.00000 5.00000 13.00000 16.00000 18.00000 13.00000 20.00000 9.00000 13.00000 6.00000 6.00000 8.00000 10.00000 14.00000 11.00000 5.00000 18.00000 19.00000 10.00000 21.00000 7.00000 9.00000 4.00000 5.00000 16.00000 6.00000 17.00000 12.00000 23.00000 14.00000 0.00000 10.00000 7.00000 10.00000 5.00000 18.00000 13.00000 22.00000 7.00000 16.00000 21.00000 11.00000 9.00000 8.00000 13.00000 11.00000 10.00000 11.00000 14.00000
16.00000 17.00000 24.00000 17.00000 20.00000 19.00000 24.00000 4.00000 8.00000 18.00000 7.00000 18.00000 9.00000 24.00000 18.00000 3.00000 19.00000 17.00000 15.00000 23.00000 16.00000 5.00000 9.00000 41.00000 5.00000 2.00000 21.00000 3.00000 17.00000 12.00000 17.00000 20.00000 19.00000 17.00000 21.00000 16.00000 18.00000 10.00000 5.00000 11.00000 9.00000 9.00000 15.00000 11.00000 22.00000 20.00000 12.00000 19.00000 14.00000 2.00000 9.00000 10.00000 21.00000 5.00000 18.00000 15.00000 24.00000 16.00000 11.00000 0.00000 4.00000 16.00000 8.00000 22.00000 17.00000 26.00000 15.00000 20.00000 25.00000 4.00000 10.00000 3.00000 18.00000 10.00000 3.00000 18.00000 16.00000
14.00000 14.00000 20.00000 13.00000 17.00000 16.00000 22.00000 6.00000 4.00000 14.00000 9.00000 15.00000 6.00000 22.00000 16.00000 6.00000 17.00000 14.00000 11.00000 19.00000 13.00000 6.00000 7.00000 38.00000 2.00000 3.00000 20.00000 6.00000 14.00000 9.00000 14.00000 17.00000 18.00000 14.00000 20.00000 13.00000 14.00000 7.00000 2.00000 9.00000 7.00000 10.00000 11.00000 8.00000 19.00000 19.00000 10.00000 18.00000 11.00000 3.00000 5.00000 6.00000 17.00000 2.00000 17.00000 11.00000 23.00000 14.00000 8.00000 4.00000 0.00000 14.00000 5.00000 19.00000 14.00000 24.00000 11.00000 16.00000 23.00000 6.00000 7.00000 2.00000 14.00000 8.00000 4.00000 15.00000 14.00000
22.00000 17.00000 25.00000 21.00000 23.00000 21.00000 13.00000 18.00000 17.00000 22.00000 21.00000 21.00000 13.00000 17.00000 27.00000 19.00000 13.00000 12.00000 16.00000 26.00000 21.00000 18.00000 13.00000 46.00000 16.00000 17.00000 15.00000 18.00000 21.00000 10.00000 22.00000 25.00000 19.00000 20.00000 16.00000 16.00000 20.00000 15.00000 14.00000 9.00000 16.00000 24.00000 19.00000 11.00000 26.00000 16.00000 10.00000 29.00000 14.00000 17.00000 14.00000 15.00000 24.00000 16.00000 18.00000 20.00000 18.00000 22.00000 11.00000 18.00000 16.00000 0.00000 15.00000 27.00000 22.00000 15.00000 13.00000 24.00000 14.00000 19.00000 13.00000 16.00000 22.00000 15.00000 18.00000 18.00000 22.00000
13.00000 12.00000 18.00000 12.00000 15.00000 14.00000 20.00000 9.00000 7.00000 13.00000 12.00000 13.00000 2.00000 21.00000 19.00000 10.00000 16.00000 12.00000 9.00000 18.00000 11.00000 10.00000 7.00000 36.00000 6.00000 8.00000 19.00000 9.00000 12.00000 6.00000 12.00000 15.00000 17.00000 12.00000 19.00000 11.00000 12.00000 5.00000 5.00000 7.00000 9.00000 14.00000 10.00000 5.00000 17.00000 18.00000 8.00000 21.00000 10.00000 9.00000 3.00000 4.00000 15.00000 7.00000 16.00000 11.00000 22.00000 13.00000 4.00000 9.00000 7.00000 10.00000 0.00000 17.00000 12.00000 22.00000 9.00000 15.00000 21.00000 10.00000 8.00000 7.00000 12.00000 10.00000 9.00000 14.00000 13.00000
14.00000 16.00000 12.00000 16.00000 9.00000 11.00000 34.00000 21.00000 16.00000 9.00000 24.00000 10.00000 18.00000 35.00000 29.00000 22.00000 31.00000 22.00000 14.00000 11.00000 7.00000 21.00000 20.00000 22.00000 17.00000 19.00000 33.00000 21.00000 16.00000 20.00000 6.00000 7.00000 31.00000 12.00000 33.00000 15.00000 10.00000 16.00000 17.00000 21.00000 22.00000 24.00000 10.00000 19.00000 9.00000 32.00000 23.00000 31.00000 16.00000 20.00000 15.00000 16.00000 9.00000 17.00000 30.00000 16.00000 36.00000 14.00000 18.00000 21.00000 17.00000 25.00000 18.00000 0.00000 6.00000 36.00000 19.00000 6.00000 35.00000 22.00000 21.00000 18.00000 7.00000 23.00000 20.00000 15.00000 14.00000
13.00000 11.00000 9.00000 12.00000 5.00000 7.00000 29.00000 16.00000 11.00000 4.00000 19.00000 6.00000 12.00000 30.00000 26.00000 17.00000 25.00000 18.00000 8.00000 8.00000 2.00000 16.00000 15.00000 26.00000 11.00000 14.00000 28.00000 16.00000 12.00000 15.00000 1.00000 6.00000 26.00000 6.00000 28.00000 9.00000 5.00000 11.00000 12.00000 16.00000 17.00000 19.00000 5.00000 14.00000 7.00000 27.00000 17.00000 28.00000 11.00000 14.00000 10.00000 11.00000 6.00000 12.00000 25.00000 11.00000 31.00000 13.00000 13.00000 15.00000 12.00000 19.00000 12.00000 7.00000 0.00000 31.00000 15.00000 5.00000 30.00000 17.00000 16.00000 13.00000 1.00000 18.00000 15.00000 9.00000 13.00000
33.00000 28.00000 36.00000 32.00000 35.00000 32.00000 7.00000 26.00000 26.00000 33.00000 29.00000 32.00000 23.00000 13.00000 32.00000 27.00000 12.00000 23.00000 28.00000 37.00000 32.00000 24.00000 21.00000 57.00000 25.00000 25.00000 12.00000 26.00000 33.00000 20.00000 33.00000 36.00000 19.00000 32.00000 16.00000 27.00000 31.00000 25.00000 22.00000 18.00000 21.00000 32.00000 30.00000 21.00000 38.00000 15.00000 17.00000 34.00000 25.00000 26.00000 24.00000 25.00000 35.00000 24.00000 18.00000 32.00000 14.00000 33.00000 22.00000 26.00000 24.00000 16.00000 23.00000 38.00000 33.00000 0.00000 25.00000 35.00000 3.00000 27.00000 19.00000 24.00000 33.00000 20.00000 26.00000 29.00000 33.00000
15.00000 7.00000 14.00000 14.00000 12.00000 10.00000 23.00000 15.00000 11.00000 11.00000 18.00000 11.00000 9.00000 27.00000 25.00000 16.00000 23.00000 7.00000 9.00000 15.00000 14.00000 15.00000 14.00000 38.00000 10.00000 13.00000 25.00000 15.00000 14.00000 11.00000 15.00000 16.00000 23.00000 11.00000 25.00000 8.00000 11.00000 10.00000 11.00000 13.00000 16.00000 18.00000 12.00000 10.00000 16.00000 24.00000 15.00000 27.00000 6.00000 13.00000 9.00000 10.00000 13.00000 11.00000 22.00000 13.00000 28.00000 15.00000 7.00000 14.00000 11.00000 14.00000 11.00000 20.00000 15.00000 25.00000 0.00000 17.00000 25.00000 16.00000 15.00000 12.00000 15.00000 17.00000 14.00000 8.00000 15.00000
15.00000 14.00000 10.00000 16.00000 6.00000 9.00000 33.00000 20.00000 15.00000 7.00000 23.00000 9.00000 16.00000 34.00000 30.00000 20.00000 29.00000 20.00000 12.00000 8.00000 6.00000 20.00000 19.00000 25.00000 15.00000 18.00000 32.00000 20.00000 16.00000 19.00000 5.00000 4.00000 30.00000 10.00000 32.00000 13.00000 9.00000 15.00000 16.00000 20.00000 21.00000 23.00000 9.00000 18.00000 5.00000 31.00000 21.00000 32.00000 15.00000 18.00000 14.00000 15.00000 7.00000 16.00000 29.00000 15.00000 35.00000 15.00000 17.00000 19.00000 16.00000 23.00000 16.00000 6.00000 5.00000 35.00000 17.00000 0.00000 34.00000 20.00000 20.00000 17.00000 5.00000 22.00000 19.00000 13.00000 15.00000
32.00000 27.00000 35.00000 31.00000 33.00000 31.00000 5.00000 25.00000 25.00000 32.00000 28.00000 31.00000 22.00000 11.00000 31.00000 26.00000 11.00000 23.00000 26.00000 36.00000 31.00000 23.00000 20.00000 55.00000 24.00000 24.00000 11.00000 25.00000 31.00000 19.00000 31.00000 35.00000 18.00000 30.00000 15.00000 26.00000 30.00000 24.00000 21.00000 16.00000 20.00000 30.00000 29.00000 20.00000 36.00000 14.00000 16.00000 33.00000 24.00000 24.00000 23.00000 24.00000 34.00000 23.00000 17.00000 30.00000 12.00000 32.00000 21.00000 24.00000 22.00000 15.00000 21.00000 36.00000 32.00000 3.00000 23.00000 34.00000 0.00000 26.00000 19.00000 23.00000 32.00000 19.00000 25.00000 28.00000 32.00000
14.00000 18.00000 24.00000 15.00000 21.00000 20.00000 25.00000 7.00000 8.00000 19.00000 6.00000 19.00000 11.00000 25.00000 20.00000 2.00000 21.00000 19.00000 15.00000 23.00000 17.00000 9.00000 10.00000 40.00000 6.00000 3.00000 23.00000 7.00000 15.00000 13.00000 18.00000 21.00000 21.00000 18.00000 23.00000 17.00000 18.00000 11.00000 6.00000 12.00000 11.00000 7.00000 15.00000 12.00000 23.00000 22.00000 13.00000 21.00000 16.00000 3.00000 10.00000 10.00000 21.00000 6.00000 20.00000 15.00000 26.00000 14.00000 13.00000 4.00000 5.00000 17.00000 9.00000 23.00000 18.00000 27.00000 16.00000 21.00000 26.00000 0.00000 11.00000 5.00000 18.00000 12.00000 3.00000 19.00000 14.00000
18.00000 17.00000 23.00000 17.00000 20.00000 19.00000 16.00000 9.00000 9.00000 18.00000 13.00000 18.00000 7.00000 17.00000 16.00000 10.00000 12.00000 17.00000 14.00000 22.00000 16.00000 8.00000 3.00000 41.00000 8.00000 8.00000 15.00000 9.00000 17.00000 8.00000 17.00000 20.00000 13.00000 17.00000 15.00000 16.00000 17.00000 10.00000 5.00000 6.00000 7.00000 15.00000 14.00000 7.00000 22.00000 14.00000 4.00000 18.00000 15.00000 9.00000 8.00000 9.00000 20.00000 7.00000 12.00000 16.00000 18.00000 18.00000 9.00000 9.00000 7.00000 11.00000 6.00000 22.00000 17.00000 18.00000 14.00000 20.00000 17.00000 10.00000 0.00000 7.00000 17.00000 8.00000 9.00000 18.00000 18.00000
15.00000 15.00000 21.00000 14.00000 18.00000 17.00000 22.00000 5.00000 5.00000 15.00000 9.00000 16.00000 7.00000 22.00000 17.00000 5.00000 18.00000 15.00000 12.00000 20.00000 14.00000 6.00000 7.00000 39.00000 3.00000 2.00000 20.00000 5.00000 14.00000 10.00000 15.00000 18.00000 18.00000 14.00000 20.00000 14.00000 15.00000 7.00000 3.00000 9.00000 7.00000 9.00000 12.00000 9.00000 20.00000 19.00000 10.00000 18.00000 12.00000 2.00000 6.00000 7.00000 18.00000 3.00000 17.00000 12.00000 23.00000 15.00000 9.00000 3.00000 2.00000 14.00000 6.00000 20.00000 15.00000 24.00000 12.00000 17.00000 23.00000 5.00000 8.00000 0.00000 15.00000 9.00000 3.00000 16.00000 15.00000
13.00000 11.00000 9.00000 12.00000 6.00000 7.00000 29.00000 16.00000 11.00000 5.00000 19.00000 6.00000 13.00000 30.00000 26.00000 17.00000 26.00000 18.00000 8.00000 8.00000 2.00000 16.00000 15.00000 26.00000 12.00000 14.00000 28.00000 16.00000 12.00000 15.00000 1.00000 6.00000 26.00000 6.00000 28.00000 9.00000 5.00000 11.00000 12.00000 16.00000 17.00000 19.00000 5.00000 14.00000 7.00000 27.00000 17.00000 28.00000 11.00000 14.00000 10.00000 11.00000 6.00000 12.00000 25.00000 11.00000 31.00000 13.00000 13.00000 15.00000 12.00000 20.00000 12.00000 8.00000 1.00000 31.00000 15.00000 5.00000 30.00000 17.00000 16.00000 13.00000 0.00000 18.00000 15.00000 10.00000 13.00000
19.00000 19.00000 25.00000 18.00000 22.00000 21.00000 17.00000 9.00000 10.00000 19.00000 12.00000 20.00000 9.00000 17.00000 15.00000 12.00000 12.00000 19.00000 16.00000 24.00000 18.00000 7.00000 6.00000 42.00000 9.00000 10.00000 14.00000 10.00000 19.00000 11.00000 19.00000 22.00000 12.00000 18.00000 14.00000 18.00000 19.00000 11.00000 7.00000 10.00000 3.00000 16.00000 16.00000 10.00000 23.00000 14.00000 7.00000 17.00000 16.00000 10.00000 10.00000 11.00000 22.00000 9.00000 11.00000 17.00000 18.00000 19.00000 11.00000 10.00000 8.00000 15.00000 7.00000 24.00000 19.00000 21.00000 16.00000 21.00000 20.00000 12.00000 6.00000 8.00000 19.00000 0.00000 11.00000 20.00000 19.00000
14.00000 17.00000 22.00000 15.00000 19.00000 18.00000 24.00000 6.00000 7.00000 17.00000 8.00000 17.00000 9.00000 24.00000 18.00000 3.00000 20.00000 17.00000 13.00000 21.00000 15.00000 8.00000 9.00000 40.00000 5.00000 2.00000 22.00000 6.00000 15.00000 12.00000 16.00000 19.00000 20.00000 16.00000 22.00000 16.00000 16.00000 9.00000 5.00000 11.00000 9.00000 6.00000 13.00000 11.00000 21.00000 21.00000 12.00000 20.00000 14.00000 1.00000 8.00000 8.00000 19.00000 5.00000 19.00000 13.00000 25.00000 14.00000 11.00000 3.00000 4.00000 16.00000 8.00000 21.00000 16.00000 26.00000 14.00000 19.00000 25.00000 3.00000 10.00000 3.00000 16.00000 11.00000 0.00000 18.00000 14.00000
16.00000 4.00000 13.00000 15.00000 12.00000 7.00000 29.00000 18.00000 14.00000 8.00000 22.00000 6.00000 14.00000 32.00000 29.00000 19.00000 28.00000 13.00000 6.00000 14.00000 9.00000 19.00000 18.00000 34.00000 14.00000 16.00000 30.00000 18.00000 15.00000 15.00000 11.00000 14.00000 28.00000 5.00000 30.00000 4.00000 5.00000 13.00000 14.00000 18.00000 19.00000 22.00000 9.00000 15.00000 15.00000 29.00000 19.00000 30.00000 5.00000 17.00000 13.00000 13.00000 12.00000 14.00000 27.00000 14.00000 33.00000 16.00000 11.00000 18.00000 15.00000 18.00000 16.00000 16.00000 11.00000 31.00000 9.00000 13.00000 29.00000 19.00000 19.00000 15.00000 11.00000 21.00000 18.00000 0.00000 16.00000
0.00000 16.00000 20.00000 3.00000 17.00000 16.00000 30.00000 17.00000 12.00000 15.00000 14.00000 15.00000 14.00000 31.00000 17.00000 15.00000 27.00000 18.00000 11.00000 19.00000 13.00000 17.00000 16.00000 27.00000 13.00000 15.00000 29.00000 17.00000 3.00000 16.00000 13.00000 16.00000 27.00000 14.00000 29.00000 14.00000 14.00000 12.00000 13.00000 17.00000 18.00000 12.00000 12.00000 15.00000 18.00000 28.00000 18.00000 19.00000 14.00000 15.00000 11.00000 12.00000 17.00000 13.00000 26.00000 8.00000 32.00000 0.00000 14.00000 16.00000 13.00000 21.00000 13.00000 14.00000 13.00000 32.00000 15.00000 15.00000 31.00000 14.00000 17.00000 14.00000 13.00000 19.00000 14.00000 16.00000 0.00000
p
0.0 0.0 0.0 0.0 0.0 0.0 
0.0 0.0 0.0 0.0 0.0 0.0 
0.0 0.0 0.0 0.0 0.0 0.0 
0.0 0.0 0.0 0.0 0.0 0.0 
0.0 0.0 0.0 0.0 0.0 0.0 
0.0 0.0 0.0 0.0 0.0 0.0 
0.0 0.0 0.0 0.0 0.0 0.0 
0.0 0.0 0.0 0.0 0.0 0.0 
0.0 0.0 0.0 0.0 0.0 0.0 
0.0 0.0 0.0 0.0 0.0 0.0 
0.0 0.0 0.0 0.0 0.0 0.0 
0.0 0.0 0.0 0.0 0.0 0.0 
0.0 0.0 0.0 0.0 0.0 0.0 
0.0 0.0 0.0 0.0 0.0 0.0 
0.0 0.0 0.0 0.0 0.0 0.0 
0 0 0 0 55 0 
0 0 0 0 55 0 
0 0 0 0 55 0 
0 0 0 0 55 0 
0 0 0 0 55 0 
0 0 0 0 55 0 
0 0 0 0 55 0 
0 0 0 0 55 0 
0 0 0 0 55 0 
0 0 0 0 55 0 
0 0 0 0 55 0 
0 0 0 0 55 0 
0 0 0 0 55 0 
0 0 0 0 55 0 
0 0 0 0 55 0 
23 0 0 0 28 0 
23 0 0 0 28 0 
23 0 0 0 28 0 
23 0 0 0 28 0 
23 0 0 0 28 0 
23 0 0 0 28 0 
23 0 0 0 28 0 
23 0 0 0 28 0 
23 0 0 0 28 0 
23 0 0 0 28 0 
23 0 0 0 28 0 
23 0 0 0 28 0 
23 0 0 0 28 0 
23 0 0 0 28 0 
23 0 0 0 28 0 
0 0 34 0 0 0 
0 0 34 0 0 0 
0 0 34 0 0 0 
0 0 34 0 0 0 
0 0 34 0 0 0 
0 0 34 0 0 0 
0 0 34 0 0 0 
0 0 34 0 0 0 
0 0 34 0 0 0 
0 0 34 0 0 0 
0 0 34 0 0 0 
0 0 34 0 0 0 
0 0 34 0 0 0 
0 0 34 0 0 0 
0 0 34 0 0 0 
0 0 0 0 29 0 
0 0 0 0 29 0 
0 0 0 0 29 0 
0 0 0 0 29 0 
0 0 0 0 29 0 
0 0 0 0 29 0 
0 0 0 0 29 0 
0 0 0 0 29 0 
0 0 0 0 29 0 
0 0 0 0 29 0 
0 0 0 0 29 0 
0 0 0 0 29 0 
0 0 0 0 29 0 
0 0 0 0 29 0 
0 0 0 0 29 0 
0 0 21 0 34 0 
0 0 21 0 34 0 
0 0 21 0 34 0 
0 0 21 0 34 0 
0 0 21 0 34 0 
0 0 21 0 34 0 
0 0 21 0 34 0 
0 0 21 0 34 0 
0 0 21 0 34 0 
0 0 21 0 34 0 
0 0 21 0 34 0 
0 0 21 0 34 0 
0 0 21 0 34 0 
0 0 21 0 34 0 
0 0 21 0 34 0 
0 0 0 0 37 0 
0 0 0 0 37 0 
0 0 0 0 37 0 
0 0 0 0 37 0 
0 0 0 0 37 0 
0 0 0 0 37 0 
0 0 0 0 37 0 
0 0 0 0 37 0 
0 0 0 0 37 0 
0 0 0 0 37 0 
0 0 0 0 37 0 
0 0 0 0 37 0 
0 0 0 0 37 0 
0 0 0 0 37 0 
0 0 0 0 37 0 
0 0 48 0 0 0 
0 0 48 0 0 0 
0 0 48 0 0 0 
0 0 48 0 0 0 
0 0 48 0 0 0 
0 0 48 0 0 0 
0 0 48 0 0 0 
0 0 48 0 0 0 
0 0 48 0 0 0 
0 0 48 0 0 0 
0 0 48 0 0 0 
0 0 48 0 0 0 
0 0 48 0 0 0 
0 0 48 0 0 0 
0 0 48 0 0 0 
35 0 0 0 0 0 
35 0 0 0 0 0 
35 0 0 0 0 0 
35 0 0 0 0 0 
35 0 0 0 0 0 
35 0 0 0 0 0 
35 0 0 0 0 0 
35 0 0 0 0 0 
35 0 0 0 0 0 
35 0 0 0 0 0 
35 0 0 0 0 0 
35 0 0 0 0 0 
35 0 0 0 0 0 
35 0 0 0 0 0 
35 0 0 0 0 0 
0 21 0 0 29 0 
0 21 0 0 29 0 
0 21 0 0 29 0 
0 21 0 0 29 0 
0 21 0 0 29 0 
0 21 0 0 29 0 
0 21 0 0 29 0 
0 21 0 0 29 0 
0 21 0 0 29 0 
0 21 0 0 29 0 
0 21 0 0 29 0 
0 21 0 0 29 0 
0 21 0 0 29 0 
0 21 0 0 29 0 
0 21 0 0 29 0 
0 0 38 0 0 16 
0 0 38 0 0 16 
0 0 38 0 0 16 
0 0 38 0 0 16 
0 0 38 0 0 16 
0 0 38 0 0 16 
0 0 38 0 0 16 
0 0 38 0 0 16 
0 0 38 0 0 16 
0 0 38 0 0 16 
0 0 38 0 0 16 
0 0 38 0 0 16 
0 0 38 0 0 16 
0 0 38 0 0 16 
0 0 38 0 0 16 
0 0 0 0 0 55 
0 0 0 0 0 55 
0 0 0 0 0 55 
0 0 0 0 0 55 
0 0 0 0 0 55 
0 0 0 0 0 55 
0 0 0 0 0 55 
0 0 0 0 0 55 
0 0 0 0 0 55 
0 0 0 0 0 55 
0 0 0 0 0 55 
0 0 0 0 0 55 
0 0 0 0 0 55 
0 0 0 0 0 55 
0 0 0 0 0 55 
0 0 55 0 0 23 
0 0 55 0 0 23 
0 0 55 0 0 23 
0 0 55 0 0 23 
0 0 55 0 0 23 
0 0 55 0 0 23 
0 0 55 0 0 23 
0 0 55 0 0 23 
0 0 55 0 0 23 
0 0 55 0 0 23 
0 0 55 0 0 23 
0 0 55 0 0 23 
0 0 55 0 0 23 
0 0 55 0 0 23 
0 0 55 0 0 23 
20 0 0 0 25 0 
20 0 0 0 25 0 
20 0 0 0 25 0 
20 0 0 0 25 0 
20 0 0 0 25 0 
20 0 0 0 25 0 
20 0 0 0 25 0 
20 0 0 0 25 0 
20 0 0 0 25 0 
20 0 0 0 25 0 
20 0 0 0 25 0 
20 0 0 0 25 0 
20 0 0 0 25 0 
20 0 0 0 25 0 
20 0 0 0 25 0 
0 0 56 60 0 0 
0 0 56 60 0 0 
0 0 56 60 0 0 
0 0 56 60 0 0 
0 0 56 60 0 0 
0 0 56 60 0 0 
0 0 56 60 0 0 
0 0 56 60 0 0 
0 0 56 60 0 0 
0 0 56 60 0 0 
0 0 56 60 0 0 
0 0 56 60 0 0 
0 0 56 60 0 0 
0 0 56 60 0 0 
0 0 56 60 0 0 
0 0 0 0 21 0 
0 0 0 0 21 0 
0 0 0 0 21 0 
0 0 0 0 21 0 
0 0 0 0 21 0 
0 0 0 0 21 0 
0 0 0 0 21 0 
0 0 0 0 21 0 
0 0 0 0 21 0 
0 0 0 0 21 0 
0 0 0 0 21 0 
0 0 0 0 21 0 
0 0 0 0 21 0 
0 0 0 0 21 0 
0 0 0 0 21 0 
0 0 0 57 0 0 
0 0 0 57 0 0 
0 0 0 57 0 0 
0 0 0 57 0 0 
0 0 0 57 0 0 
0 0 0 57 0 0 
0 0 0 57 0 0 
0 0 0 57 0 0 
0 0 0 57 0 0 
0 0 0 57 0 0 
0 0 0 57 0 0 
0 0 0 57 0 0 
0 0 0 57 0 0 
0 0 0 57 0 0 
0 0 0 57 0 0 
22 0 0 0 0 0 
22 0 0 0 0 0 
22 0 0 0 0 0 
22 0 0 0 0 0 
22 0 0 0 0 0 
22 0 0 0 0 0 
22 0 0 0 0 0 
22 0 0 0 0 0 
22 0 0 0 0 0 
22 0 0 0 0 0 
22 0 0 0 0 0 
22 0 0 0 0 0 
22 0 0 0 0 0 
22 0 0 0 0 0 
22 0 0 0 0 0 
0 0 0 0 0 44 
0 0 0 0 0 44 
0 0 0 0 0 44 
0 0 0 0 0 44 
0 0 0 0 0 44 
0 0 0 0 0 44 
0 0 0 0 0 44 
0 0 0 0 0 44 
0 0 0 0 0 44 
0 0 0 0 0 44 
0 0 0 0 0 44 
0 0 0 0 0 44 
0 0 0 0 0 44 
0 0 0 0 0 44 
0 0 0 0 0 44 
0 0 0 0 33 0 
0 0 0 0 33 0 
0 0 0 0 33 0 
0 0 0 0 33 0 
0 0 0 0 33 0 
0 0 0 0 33 0 
0 0 0 0 33 0 
0 0 0 0 33 0 
0 0 0 0 33 0 
0 0 0 0 33 0 
0 0 0 0 33 0 
0 0 0 0 33 0 
0 0 0 0 33 0 
0 0 0 0 33 0 
0 0 0 0 33 0 
48 0 0 0 0 0 
48 0 0 0 0 0 
48 0 0 0 0 0 
48 0 0 0 0 0 
48 0 0 0 0 0 
48 0 0 0 0 0 
48 0 0 0 0 0 
48 0 0 0 0 0 
48 0 0 0 0 0 
48 0 0 0 0 0 
48 0 0 0 0 0 
48 0 0 0 0 0 
48 0 0 0 0 0 
48 0 0 0 0 0 
48 0 0 0 0 0 
0 21 0 0 0 43 
0 21 0 0 0 43 
0 21 0 0 0 43 
0 21 0 0 0 43 
0 21 0 0 0 43 
0 21 0 0 0 43 
0 21 0 0 0 43 
0 21 0 0 0 43 
0 21 0 0 0 43 
0 21 0 0 0 43 
0 21 0 0 0 43 
0 21 0 0 0 43 
0 21 0 0 0 43 
0 21 0 0 0 43 
0 21 0 0 0 43 
28 0 0 0 27 0 
28 0 0 0 27 0 
28 0 0 0 27 0 
28 0 0 0 27 0 
28 0 0 0 27 0 
28 0 0 0 27 0 
28 0 0 0 27 0 
28 0 0 0 27 0 
28 0 0 0 27 0 
28 0 0 0 27 0 
28 0 0 0 27 0 
28 0 0 0 27 0 
28 0 0 0 27 0 
28 0 0 0 27 0 
28 0 0 0 27 0 
0 0 0 0 57 0 
0 0 0 0 57 0 
0 0 0 0 57 0 
0 0 0 0 57 0 
0 0 0 0 57 0 
0 0 0 0 57 0 
0 0 0 0 57 0 
0 0 0 0 57 0 
0 0 0 0 57 0 
0 0 0 0 57 0 
0 0 0 0 57 0 
0 0 0 0 57 0 
0 0 0 0 57 0 
0 0 0 0 57 0 
0 0 0 0 57 0 
0 0 55 0 0 0 
0 0 55 0 0 0 
0 0 55 0 0 0 
0 0 55 0 0 0 
0 0 55 0 0 0 
0 0 55 0 0 0 
0 0 55 0 0 0 
0 0 55 0 0 0 
0 0 55 0 0 0 
0 0 55 0 0 0 
0 0 55 0 0 0 
0 0 55 0 0 0 
0 0 55 0 0 0 
0 0 55 0 0 0 
0 0 55 0 0 0 
26 0 0 0 33 0 
26 0 0 0 33 0 
26 0 0 0 33 0 
26 0 0 0 33 0 
26 0 0 0 33 0 
26 0 0 0 33 0 
26 0 0 0 33 0 
26 0 0 0 33 0 
26 0 0 0 33 0 
26 0 0 0 33 0 
26 0 0 0 33 0 
26 0 0 0 33 0 
26 0 0 0 33 0 
26 0 0 0 33 0 
26 0 0 0 33 0 
0 0 0 43 0 0 
0 0 0 43 0 0 
0 0 0 43 0 0 
0 0 0 43 0 0 
0 0 0 43 0 0 
0 0 0 43 0 0 
0 0 0 43 0 0 
0 0 0 43 0 0 
0 0 0 43 0 0 
0 0 0 43 0 0 
0 0 0 43 0 0 
0 0 0 43 0 0 
0 0 0 43 0 0 
0 0 0 43 0 0 
0 0 0 43 0 0 
0 0 24 0 0 0 
0 0 24 0 0 0 
0 0 24 0 0 0 
0 0 24 0 0 0 
0 0 24 0 0 0 
0 0 24 0 0 0 
0 0 24 0 0 0 
0 0 24 0 0 0 
0 0 24 0 0 0 
0 0 24 0 0 0 
0 0 24 0 0 0 
0 0 24 0 0 0 
0 0 24 0 0 0 
0 0 24 0 0 0 
0 0 24 0 0 0 
0 0 28 0 0 0 
0 0 28 0 0 0 
0 0 28 0 0 0 
0 0 28 0 0 0 
0 0 28 0 0 0 
0 0 28 0 0 0 
0 0 28 0 0 0 
0 0 28 0 0 0 
0 0 28 0 0 0 
0 0 28 0 0 0 
0 0 28 0 0 0 
0 0 28 0 0 0 
0 0 28 0 0 0 
0 0 28 0 0 0 
0 0 28 0 0 0 
0 0 0 0 31 0 
0 0 0 0 31 0 
0 0 0 0 31 0 
0 0 0 0 31 0 
0 0 0 0 31 0 
0 0 0 0 31 0 
0 0 0 0 31 0 
0 0 0 0 31 0 
0 0 0 0 31 0 
0 0 0 0 31 0 
0 0 0 0 31 0 
0 0 0 0 31 0 
0 0 0 0 31 0 
0 0 0 0 31 0 
0 0 0 0 31 0 
0 0 19 0 28 0 
0 0 19 0 28 0 
0 0 19 0 28 0 
0 0 19 0 28 0 
0 0 19 0 28 0 
0 0 19 0 28 0 
0 0 19 0 28 0 
0 0 19 0 28 0 
0 0 19 0 28 0 
0 0 19 0 28 0 
0 0 19 0 28 0 
0 0 19 0 28 0 
0 0 19 0 28 0 
0 0 19 0 28 0 
0 0 19 0 28 0 
0 0 44 0 0 0 
0 0 44 0 0 0 
0 0 44 0 0 0 
0 0 44 0 0 0 
0 0 44 0 0 0 
0 0 44 0 0 0 
0 0 44 0 0 0 
0 0 44 0 0 0 
0 0 44 0 0 0 
0 0 44 0 0 0 
0 0 44 0 0 0 
0 0 44 0 0 0 
0 0 44 0 0 0 
0 0 44 0 0 0 
0 0 44 0 0 0 
43 0 0 0 0 0 
43 0 0 0 0 0 
43 0 0 0 0 0 
43 0 0 0 0 0 
43 0 0 0 0 0 
43 0 0 0 0 0 
43 0 0 0 0 0 
43 0 0 0 0 0 
43 0 0 0 0 0 
43 0 0 0 0 0 
43 0 0 0 0 0 
43 0 0 0 0 0 
43 0 0 0 0 0 
43 0 0 0 0 0 
43 0 0 0 0 0 
0 0 24 0 0 0 
0 0 24 0 0 0 
0 0 24 0 0 0 
0 0 24 0 0 0 
0 0 24 0 0 0 
0 0 24 0 0 0 
0 0 24 0 0 0 
0 0 24 0 0 0 
0 0 24 0 0 0 
0 0 24 0 0 0 
0 0 24 0 0 0 
0 0 24 0 0 0 
0 0 24 0 0 0 
0 0 24 0 0 0 
0 0 24 0 0 0 
21 0 0 0 0 0 
21 0 0 0 0 0 
21 0 0 0 0 0 
21 0 0 0 0 0 
21 0 0 0 0 0 
21 0 0 0 0 0 
21 0 0 0 0 0 
21 0 0 0 0 0 
21 0 0 0 0 0 
21 0 0 0 0 0 
21 0 0 0 0 0 
21 0 0 0 0 0 
21 0 0 0 0 0 
21 0 0 0 0 0 
21 0 0 0 0 0 
0 0 0 19 0 0 
0 0 0 19 0 0 
0 0 0 19 0 0 
0 0 0 19 0 0 
0 0 0 19 0 0 
0 0 0 19 0 0 
0 0 0 19 0 0 
0 0 0 19 0 0 
0 0 0 19 0 0 
0 0 0 19 0 0 
0 0 0 19 0 0 
0 0 0 19 0 0 
0 0 0 19 0 0 
0 0 0 19 0 0 
0 0 0 19 0 0 
0 0 58 0 0 0 
0 0 58 0 0 0 
0 0 58 0 0 0 
0 0 58 0 0 0 
0 0 58 0 0 0 
0 0 58 0 0 0 
0 0 58 0 0 0 
0 0 58 0 0 0 
0 0 58 0 0 0 
0 0 58 0 0 0 
0 0 58 0 0 0 
0 0 58 0 0 0 
0 0 58 0 0 0 
0 0 58 0 0 0 
0 0 58 0 0 0 
0 0 0 0 0 19 
0 0 0 0 0 19 
0 0 0 0 0 19 
0 0 0 0 0 19 
0 0 0 0 0 19 
0 0 0 0 0 19 
0 0 0 0 0 19 
0 0 0 0 0 19 
0 0 0 0 0 19 
0 0 0 0 0 19 
0 0 0 0 0 19 
0 0 0 0 0 19 
0 0 0 0 0 19 
0 0 0 0 0 19 
0 0 0 0 0 19 
55 0 0 0 0 0 
55 0 0 0 0 0 
55 0 0 0 0 0 
55 0 0 0 0 0 
55 0 0 0 0 0 
55 0 0 0 0 0 
55 0 0 0 0 0 
55 0 0 0 0 0 
55 0 0 0 0 0 
55 0 0 0 0 0 
55 0 0 0 0 0 
55 0 0 0 0 0 
55 0 0 0 0 0 
55 0 0 0 0 0 
55 0 0 0 0 0 
0 0 0 0 0 54 
0 0 0 0 0 54 
0 0 0 0 0 54 
0 0 0 0 0 54 
0 0 0 0 0 54 
0 0 0 0 0 54 
0 0 0 0 0 54 
0 0 0 0 0 54 
0 0 0 0 0 54 
0 0 0 0 0 54 
0 0 0 0 0 54 
0 0 0 0 0 54 
0 0 0 0 0 54 
0 0 0 0 0 54 
0 0 0 0 0 54 
0 0 38 0 0 0 
0 0 38 0 0 0 
0 0 38 0 0 0 
0 0 38 0 0 0 
0 0 38 0 0 0 
0 0 38 0 0 0 
0 0 38 0 0 0 
0 0 38 0 0 0 
0 0 38 0 0 0 
0 0 38 0 0 0 
0 0 38 0 0 0 
0 0 38 0 0 0 
0 0 38 0 0 0 
0 0 38 0 0 0 
0 0 38 0 0 0 
0 0 21 30 0 0 
0 0 21 30 0 0 
0 0 21 30 0 0 
0 0 21 30 0 0 
0 0 21 30 0 0 
0 0 21 30 0 0 
0 0 21 30 0 0 
0 0 21 30 0 0 
0 0 21 30 0 0 
0 0 21 30 0 0 
0 0 21 30 0 0 
0 0 21 30 0 0 
0 0 21 30 0 0 
0 0 21 30 0 0 
0 0 21 30 0 0 
0 40 0 0 31 0 
0 40 0 0 31 0 
0 40 0 0 31 0 
0 40 0 0 31 0 
0 40 0 0 31 0 
0 40 0 0 31 0 
0 40 0 0 31 0 
0 40 0 0 31 0 
0 40 0 0 31 0 
0 40 0 0 31 0 
0 40 0 0 31 0 
0 40 0 0 31 0 
0 40 0 0 31 0 
0 40 0 0 31 0 
0 40 0 0 31 0 
0 0 60 38 0 0 
0 0 60 38 0 0 
0 0 60 38 0 0 
0 0 60 38 0 0 
0 0 60 38 0 0 
0 0 60 38 0 0 
0 0 60 38 0 0 
0 0 60 38 0 0 
0 0 60 38 0 0 
0 0 60 38 0 0 
0 0 60 38 0 0 
0 0 60 38 0 0 
0 0 60 38 0 0 
0 0 60 38 0 0 
0 0 60 38 0 0 
19 0 0 59 0 0 
19 0 0 59 0 0 
19 0 0 59 0 0 
19 0 0 59 0 0 
19 0 0 59 0 0 
19 0 0 59 0 0 
19 0 0 59 0 0 
19 0 0 59 0 0 
19 0 0 59 0 0 
19 0 0 59 0 0 
19 0 0 59 0 0 
19 0 0 59 0 0 
19 0 0 59 0 0 
19 0 0 59 0 0 
19 0 0 59 0 0 
60 0 0 0 0 0 
60 0 0 0 0 0 
60 0 0 0 0 0 
60 0 0 0 0 0 
60 0 0 0 0 0 
60 0 0 0 0 0 
60 0 0 0 0 0 
60 0 0 0 0 0 
60 0 0 0 0 0 
60 0 0 0 0 0 
60 0 0 0 0 0 
60 0 0 0 0 0 
60 0 0 0 0 0 
60 0 0 0 0 0 
60 0 0 0 0 0 
35 0 0 0 0 52 
35 0 0 0 0 52 
35 0 0 0 0 52 
35 0 0 0 0 52 
35 0 0 0 0 52 
35 0 0 0 0 52 
35 0 0 0 0 52 
35 0 0 0 0 52 
35 0 0 0 0 52 
35 0 0 0 0 52 
35 0 0 0 0 52 
35 0 0 0 0 52 
35 0 0 0 0 52 
35 0 0 0 0 52 
35 0 0 0 0 52 
0 29 0 0 0 52 
0 29 0 0 0 52 
0 29 0 0 0 52 
0 29 0 0 0 52 
0 29 0 0 0 52 
0 29 0 0 0 52 
0 29 0 0 0 52 
0 29 0 0 0 52 
0 29 0 0 0 52 
0 29 0 0 0 52 
0 29 0 0 0 52 
0 29 0 0 0 52 
0 29 0 0 0 52 
0 29 0 0 0 52 
0 29 0 0 0 52 
0 0 0 0 0 26 
0 0 0 0 0 26 
0 0 0 0 0 26 
0 0 0 0 0 26 
0 0 0 0 0 26 
0 0 0 0 0 26 
0 0 0 0 0 26 
0 0 0 0 0 26 
0 0 0 0 0 26 
0 0 0 0 0 26 
0 0 0 0 0 26 
0 0 0 0 0 26 
0 0 0 0 0 26 
0 0 0 0 0 26 
0 0 0 0 0 26 
0 0 25 0 0 0 
0 0 25 0 0 0 
0 0 25 0 0 0 
0 0 25 0 0 0 
0 0 25 0 0 0 
0 0 25 0 0 0 
0 0 25 0 0 0 
0 0 25 0 0 0 
0 0 25 0 0 0 
0 0 25 0 0 0 
0 0 25 0 0 0 
0 0 25 0 0 0 
0 0 25 0 0 0 
0 0 25 0 0 0 
0 0 25 0 0 0 
0 0 33 0 0 17 
0 0 33 0 0 17 
0 0 33 0 0 17 
0 0 33 0 0 17 
0 0 33 0 0 17 
0 0 33 0 0 17 
0 0 33 0 0 17 
0 0 33 0 0 17 
0 0 33 0 0 17 
0 0 33 0 0 17 
0 0 33 0 0 17 
0 0 33 0 0 17 
0 0 33 0 0 17 
0 0 33 0 0 17 
0 0 33 0 0 17 
0 36 0 0 42 0 
0 36 0 0 42 0 
0 36 0 0 42 0 
0 36 0 0 42 0 
0 36 0 0 42 0 
0 36 0 0 42 0 
0 36 0 0 42 0 
0 36 0 0 42 0 
0 36 0 0 42 0 
0 36 0 0 42 0 
0 36 0 0 42 0 
0 36 0 0 42 0 
0 36 0 0 42 0 
0 36 0 0 42 0 
0 36 0 0 42 0 
0 0 0 0 0 28 
0 0 0 0 0 28 
0 0 0 0 0 28 
0 0 0 0 0 28 
0 0 0 0 0 28 
0 0 0 0 0 28 
0 0 0 0 0 28 
0 0 0 0 0 28 
0 0 0 0 0 28 
0 0 0 0 0 28 
0 0 0 0 0 28 
0 0 0 0 0 28 
0 0 0 0 0 28 
0 0 0 0 0 28 
0 0 0 0 0 28 
0 0 58 0 0 0 
0 0 58 0 0 0 
0 0 58 0 0 0 
0 0 58 0 0 0 
0 0 58 0 0 0 
0 0 58 0 0 0 
0 0 58 0 0 0 
0 0 58 0 0 0 
0 0 58 0 0 0 
0 0 58 0 0 0 
0 0 58 0 0 0 
0 0 58 0 0 0 
0 0 58 0 0 0 
0 0 58 0 0 0 
0 0 58 0 0 0 
0 31 0 0 0 41 
0 31 0 0 0 41 
0 31 0 0 0 41 
0 31 0 0 0 41 
0 31 0 0 0 41 
0 31 0 0 0 41 
0 31 0 0 0 41 
0 31 0 0 0 41 
0 31 0 0 0 41 
0 31 0 0 0 41 
0 31 0 0 0 41 
0 31 0 0 0 41 
0 31 0 0 0 41 
0 31 0 0 0 41 
0 31 0 0 0 41 
0 0 36 0 0 0 
0 0 36 0 0 0 
0 0 36 0 0 0 
0 0 36 0 0 0 
0 0 36 0 0 0 
0 0 36 0 0 0 
0 0 36 0 0 0 
0 0 36 0 0 0 
0 0 36 0 0 0 
0 0 36 0 0 0 
0 0 36 0 0 0 
0 0 36 0 0 0 
0 0 36 0 0 0 
0 0 36 0 0 0 
0 0 36 0 0 0 
0 21 0 0 0 0 
0 21 0 0 0 0 
0 21 0 0 0 0 
0 21 0 0 0 0 
0 21 0 0 0 0 
0 21 0 0 0 0 
0 21 0 0 0 0 
0 21 0 0 0 0 
0 21 0 0 0 0 
0 21 0 0 0 0 
0 21 0 0 0 0 
0 21 0 0 0 0 
0 21 0 0 0 0 
0 21 0 0 0 0 
0 21 0 0 0 0 
0 46 0 0 0 0 
0 46 0 0 0 0 
0 46 0 0 0 0 
0 46 0 0 0 0 
0 46 0 0 0 0 
0 46 0 0 0 0 
0 46 0 0 0 0 
0 46 0 0 0 0 
0 46 0 0 0 0 
0 46 0 0 0 0 
0 46 0 0 0 0 
0 46 0 0 0 0 
0 46 0 0 0 0 
0 46 0 0 0 0 
0 46 0 0 0 0 
0 56 0 0 0 0 
0 56 0 0 0 0 
0 56 0 0 0 0 
0 56 0 0 0 0 
0 56 0 0 0 0 
0 56 0 0 0 0 
0 56 0 0 0 0 
0 56 0 0 0 0 
0 56 0 0 0 0 
0 56 0 0 0 0 
0 56 0 0 0 0 
0 56 0 0 0 0 
0 56 0 0 0 0 
0 56 0 0 0 0 
0 56 0 0 0 0 
27 0 0 26 0 0 
27 0 0 26 0 0 
27 0 0 26 0 0 
27 0 0 26 0 0 
27 0 0 26 0 0 
27 0 0 26 0 0 
27 0 0 26 0 0 
27 0 0 26 0 0 
27 0 0 26 0 0 
27 0 0 26 0 0 
27 0 0 26 0 0 
27 0 0 26 0 0 
27 0 0 26 0 0 
27 0 0 26 0 0 
27 0 0 26 0 0 
0 0 44 0 0 0 
0 0 44 0 0 0 
0 0 44 0 0 0 
0 0 44 0 0 0 
0 0 44 0 0 0 
0 0 44 0 0 0 
0 0 44 0 0 0 
0 0 44 0 0 0 
0 0 44 0 0 0 
0 0 44 0 0 0 
0 0 44 0 0 0 
0 0 44 0 0 0 
0 0 44 0 0 0 
0 0 44 0 0 0 
0 0 44 0 0 0 
47 0 0 0 0 0 
47 0 0 0 0 0 
47 0 0 0 0 0 
47 0 0 0 0 0 
47 0 0 0 0 0 
47 0 0 0 0 0 
47 0 0 0 0 0 
47 0 0 0 0 0 
47 0 0 0 0 0 
47 0 0 0 0 0 
47 0 0 0 0 0 
47 0 0 0 0 0 
47 0 0 0 0 0 
47 0 0 0 0 0 
47 0 0 0 0 0 
0 0 0 0 47 0 
0 0 0 0 47 0 
0 0 0 0 47 0 
0 0 0 0 47 0 
0 0 0 0 47 0 
0 0 0 0 47 0 
0 0 0 0 47 0 
0 0 0 0 47 0 
0 0 0 0 47 0 
0 0 0 0 47 0 
0 0 0 0 47 0 
0 0 0 0 47 0 
0 0 0 0 47 0 
0 0 0 0 47 0 
0 0 0 0 47 0 
0 0 0 27 0 0 
0 0 0 27 0 0 
0 0 0 27 0 0 
0 0 0 27 0 0 
0 0 0 27 0 0 
0 0 0 27 0 0 
0 0 0 27 0 0 
0 0 0 27 0 0 
0 0 0 27 0 0 
0 0 0 27 0 0 
0 0 0 27 0 0 
0 0 0 27 0 0 
0 0 0 27 0 0 
0 0 0 27 0 0 
0 0 0 27 0 0 
0 0 0 0 0 30 
0 0 0 0 0 30 
0 0 0 0 0 30 
0 0 0 0 0 30 
0 0 0 0 0 30 
0 0 0 0 0 30 
0 0 0 0 0 30 
0 0 0 0 0 30 
0 0 0 0 0 30 
0 0 0 0 0 30 
0 0 0 0 0 30 
0 0 0 0 0 30 
0 0 0 0 0 30 
0 0 0 0 0 30 
0 0 0 0 0 30 
0 0 0 0 0 52 
0 0 0 0 0 52 
0 0 0 0 0 52 
0 0 0 0 0 52 
0 0 0 0 0 52 
0 0 0 0 0 52 
0 0 0 0 0 52 
0 0 0 0 0 52 
0 0 0 0 0 52 
0 0 0 0 0 52 
0 0 0 0 0 52 
0 0 0 0 0 52 
0 0 0 0 0 52 
0 0 0 0 0 52 
0 0 0 0 0 52 
0 45 0 53 0 0 
0 45 0 53 0 0 
0 45 0 53 0 0 
0 45 0 53 0 0 
0 45 0 53 0 0 
0 45 0 53 0 0 
0 45 0 53 0 0 
0 45 0 53 0 0 
0 45 0 53 0 0 
0 45 0 53 0 0 
0 45 0 53 0 0 
0 45 0 53 0 0 
0 45 0 53 0 0 
0 45 0 53 0 0 
0 45 0 53 0 0 
0 0 31 35 0 0 
0 0 31 35 0 0 
0 0 31 35 0 0 
0 0 31 35 0 0 
0 0 31 35 0 0 
0 0 31 35 0 0 
0 0 31 35 0 0 
0 0 31 35 0 0 
0 0 31 35 0 0 
0 0 31 35 0 0 
0 0 31 35 0 0 
0 0 31 35 0 0 
0 0 31 35 0 0 
0 0 31 35 0 0 
0 0 31 35 0 0 
25 0 0 0 0 0 
25 0 0 0 0 0 
25 0 0 0 0 0 
25 0 0 0 0 0 
25 0 0 0 0 0 
25 0 0 0 0 0 
25 0 0 0 0 0 
25 0 0 0 0 0 
25 0 0 0 0 0 
25 0 0 0 0 0 
25 0 0 0 0 0 
25 0 0 0 0 0 
25 0 0 0 0 0 
25 0 0 0 0 0 
25 0 0 0 0 0 
0 0 50 0 0 0 
0 0 50 0 0 0 
0 0 50 0 0 0 
0 0 50 0 0 0 
0 0 50 0 0 0 
0 0 50 0 0 0 
0 0 50 0 0 0 
0 0 50 0 0 0 
0 0 50 0 0 0 
0 0 50 0 0 0 
0 0 50 0 0 0 
0 0 50 0 0 0 
0 0 50 0 0 0 
0 0 50 0 0 0 
0 0 50 0 0 0 
0 0 46 0 0 0 
0 0 46 0 0 0 
0 0 46 0 0 0 
0 0 46 0 0 0 
0 0 46 0 0 0 
0 0 46 0 0 0 
0 0 46 0 0 0 
0 0 46 0 0 0 
0 0 46 0 0 0 
0 0 46 0 0 0 
0 0 46 0 0 0 
0 0 46 0 0 0 
0 0 46 0 0 0 
0 0 46 0 0 0 
0 0 46 0 0 0 
0 24 0 0 0 0 
0 24 0 0 0 0 
0 24 0 0 0 0 
0 24 0 0 0 0 
0 24 0 0 0 0 
0 24 0 0 0 0 
0 24 0 0 0 0 
0 24 0 0 0 0 
0 24 0 0 0 0 
0 24 0 0 0 0 
0 24 0 0 0 0 
0 24 0 0 0 0 
0 24 0 0 0 0 
0 24 0 0 0 0 
0 24 0 0 0 0 
0 0 0 0 43 0 
0 0 0 0 43 0 
0 0 0 0 43 0 
0 0 0 0 43 0 
0 0 0 0 43 0 
0 0 0 0 43 0 
0 0 0 0 43 0 
0 0 0 0 43 0 
0 0 0 0 43 0 
0 0 0 0 43 0 
0 0 0 0 43 0 
0 0 0 0 43 0 
0 0 0 0 43 0 
0 0 0 0 43 0 
0 0 0 0 43 0 
0 30 0 57 0 0 
0 30 0 57 0 0 
0 30 0 57 0 0 
0 30 0 57 0 0 
0 30 0 57 0 0 
0 30 0 57 0 0 
0 30 0 57 0 0 
0 30 0 57 0 0 
0 30 0 57 0 0 
0 30 0 57 0 0 
0 30 0 57 0 0 
0 30 0 57 0 0 
0 30 0 57 0 0 
0 30 0 57 0 0 
0 30 0 57 0 0 
0 35 0 0 0 0 
0 35 0 0 0 0 
0 35 0 0 0 0 
0 35 0 0 0 0 
0 35 0 0 0 0 
0 35 0 0 0 0 
0 35 0 0 0 0 
0 35 0 0 0 0 
0 35 0 0 0 0 
0 35 0 0 0 0 
0 35 0 0 0 0 
0 35 0 0 0 0 
0 35 0 0 0 0 
0 35 0 0 0 0 
0 35 0 0 0 0 
0 59 0 0 0 0 
0 59 0 0 0 0 
0 59 0 0 0 0 
0 59 0 0 0 0 
0 59 0 0 0 0 
0 59 0 0 0 0 
0 59 0 0 0 0 
0 59 0 0 0 0 
0 59 0 0 0 0 
0 59 0 0 0 0 
0 59 0 0 0 0 
0 59 0 0 0 0 
0 59 0 0 0 0 
0 59 0 0 0 0 
0 59 0 0 0 0 
0.0 0.0 0.0 0.0 0.0 0.0 
0.0 0.0 0.0 0.0 0.0 0.0 
0.0 0.0 0.0 0.0 0.0 0.0 
0.0 0.0 0.0 0.0 0.0 0.0 
0.0 0.0 0.0 0.0 0.0 0.0 
0.0 0.0 0.0 0.0 0.0 0.0 
0.0 0.0 0.0 0.0 0.0 0.0 
0.0 0.0 0.0 0.0 0.0 0.0 
0.0 0.0 0.0 0.0 0.0 0.0 
0.0 0.0 0.0 0.0 0.0 0.0 
0.0 0.0 0.0 0.0 0.0 0.0 
0.0 0.0 0.0 0.0 0.0 0.0 
0.0 0.0 0.0 0.0 0.0 0.0 
0.0 0.0 0.0 0.0 0.0 0.0 
0.0 0.0 0.0 0.0 0.0 0.0 
mind
0 0 17 0 0 13 0 0 0 22 28 0 0 0 0 0 0 0 0 0 0 0 0 0 0 20 0 0 0 0 28 0 0 0 0 0 0 0 0 0 0 0 19 0 17 0 0 0 0 0 0 0 0 0 19 0 0 0 0 19 0 0 0 0 0 0 18 16 0 0 0 0 0 0 0 0 0
maxd
0 0 20 0 0 29 0 0 0 22 30 0 0 0 0 0 0 0 0 0 0 0 0 0 0 23 0 0 0 0 29 0 0 0 0 0 0 0 0 0 0 0 22 0 19 0 0 0 0 0 0 0 0 0 25 0 0 0 0 23 0 0 0 0 0 0 24 22 0 0 0 0 0 0 0 0 0
e
0 547 609 539 710 780 914 644 949 715 934 869 886 952 660 671 615 516 606 543 922 908 518 579 523 628 944 868 635 687 751 680 874 922 684 617 556 894 827 832 933 589 832 644 771 856 761 884 697 886 778 639 623 733 740 510 802 837 693 695 863 551 741 608 885 746 807 620 877 676 933 662 616 914 546 799 0
l
99999 667 729 659 830 900 1034 764 1069 835 1054 989 1006 1072 780 791 735 636 726 663 1042 1028 638 699 643 748 1064 988 755 807 871 800 994 1042 804 737 676 1014 947 952 1053 709 952 764 891 976 881 1004 817 1006 898 759 743 853 860 630 922 957 813 815 983 671 861 728 1005 866 927 740 997 796 1053 782 736 1034 666 919 99999
