nbNodes
77
nbVehi
15
nbServi
6
r
1 1 1 1 1 1 
0 0 1 0 1 0 
0 0 1 0 0 0 
0 1 0 0 0 1 
0 0 1 0 0 0 
1 0 0 0 0 0 
0 1 0 0 0 0 
0 1 0 0 0 1 
1 0 0 1 0 0 
0 0 1 0 0 0 
0 0 0 0 0 1 
0 0 1 0 1 0 
0 0 1 1 0 0 
1 0 0 0 0 1 
0 0 0 1 0 0 
0 1 0 0 0 0 
0 0 1 1 0 0 
0 0 0 0 1 0 
0 0 0 0 1 0 
0 0 0 0 1 0 
0 0 0 0 1 0 
0 0 1 0 1 0 
0 0 0 0 0 1 
0 0 1 0 0 0 
0 0 1 0 0 0 
0 0 0 0 1 0 
0 1 0 1 0 0 
0 0 0 1 0 0 
0 1 0 0 0 0 
0 0 1 1 0 0 
0 0 0 0 0 1 
0 0 0 0 0 1 
0 0 0 0 1 0 
0 0 0 0 1 0 
1 0 0 1 0 0 
0 0 0 0 0 1 
0 0 0 0 0 1 
1 0 0 0 0 0 
0 0 0 0 0 1 
0 1 0 0 1 0 
0 0 0 0 0 1 
1 0 0 1 0 0 
0 0 1 0 0 0 
1 0 0 1 0 0 
1 0 0 0 0 0 
0 0 0 0 0 1 
0 0 0 0 0 1 
0 0 1 0 0 1 
0 0 0 0 0 1 
0 0 1 0 0 0 
1 0 0 0 0 0 
0 0 0 1 0 0 
0 0 0 0 0 1 
0 0 0 0 0 1 
0 0 1 1 0 0 
1 0 0 0 0 0 
1 0 0 0 0 0 
0 0 0 0 1 0 
0 0 0 0 1 0 
1 0 0 0 0 0 
0 0 1 1 0 0 
0 0 0 0 1 0 
1 0 0 0 0 0 
0 1 0 1 0 0 
0 1 0 0 0 1 
0 0 1 0 1 0 
0 0 0 0 1 0 
0 0 1 0 1 0 
0 0 1 0 0 0 
0 0 0 0 0 1 
1 0 0 1 0 0 
0 0 1 0 0 0 
1 0 0 0 1 0 
0 1 0 0 0 0 
1 0 0 0 0 0 
0 0 1 0 0 0 
1 1 1 1 1 1 
DS
2 4 8 9 12 13 14 17 22 27 30 35 40 42 44 48 55 61 64 65 66 68 71 73 
a
0 0 1 0 0 0 
0 0 1 0 0 0 
0 1 1 0 0 0 
1 0 1 0 0 0 
1 0 1 0 0 0 
1 0 1 0 0 0 
1 1 1 0 0 0 
0 0 0 1 1 1 
0 0 0 0 0 1 
0 0 0 1 1 0 
0 0 0 1 1 1 
0 0 0 1 1 1 
0 0 0 1 1 1 
0 0 0 0 1 0 
0 0 0 0 0 1 
x
-30.1352 -29.9937 -30.0178 -30.056 -29.9936 -30.0512 -30.1397 -29.9851 -30.0283 -30.1492 -30.0045 -30.0303 -30.0083 -30.0215 -30.0469 -30.1601 -30.0427 -30.0983 -30.085 -30.0823 -30.0739 -30.0068 -29.9782 -30.1139 -29.9883 -30.0692 -30.0181 -30.0073 -29.9785 -30.1079 -30.0873 -30.0234 -30.0742 -30.0334 -30.0914 -29.9742 -30.1035 -30.0768 -30.0279 -29.9848 -30.0593 -30.0499 -30.107 -29.9994 -30.0785 -30.0503 -30.0277 -30.1027 -30.0483 -30.1172 -30.1488 -29.9869 -30.0457 -30.0704 -29.9745 -30.0478 -30.0283 -30.0382 -30.0992 -30.0064 -30.0219 -29.9966 -30.0716 -30.0031 -30.0805 -30.1484 -30.086 -29.9933 -30.1352 -30.0601 -30.1163 -30.0749 -30.1228 -30.092 -30.0459 -29.9758 -30.1352
y
-51.1874 -51.1343 -51.1768 -51.1914 -51.1481 -51.1879 -51.2084 -51.1363 -51.1452 -51.2212 -51.1985 -51.1284 -51.1393 -51.1863 -51.1892 -51.1375 -51.1509 -51.1334 -51.1162 -51.1948 -51.167 -51.1529 -51.1924 -51.1549 -51.1314 -51.1778 -51.1693 -51.0921 -51.1843 -51.1303 -51.2332 -51.1035 -51.1633 -51.2073 -51.1282 -51.1713 -51.2246 -51.1758 -51.1408 -51.1309 -51.1918 -51.1884 -51.1326 -51.1277 -51.2365 -51.1568 -51.1068 -51.1397 -51.1646 -51.1933 -51.1243 -51.138 -51.2004 -51.151 -51.1765 -51.1296 -51.1287 -51.1304 -51.1438 -51.1979 -51.1084 -51.1479 -51.2049 -51.196 -51.1654 -51.1333 -51.1136 -51.1963 -51.1874 -51.1976 -51.1744 -51.13 -51.107 -51.1767 -51.1085 -51.1971 -51.1874
d
0.00000 38.00000 29.00000 23.00000 39.00000 23.00000 9.00000 41.00000 30.00000 10.00000 31.00000 34.00000 35.00000 28.00000 24.00000 14.00000 27.00000 21.00000 27.00000 19.00000 26.00000 34.00000 35.00000 16.00000 39.00000 22.00000 29.00000 41.00000 36.00000 22.00000 15.00000 37.00000 28.00000 26.00000 22.00000 37.00000 11.00000 25.00000 31.00000 40.00000 22.00000 23.00000 20.00000 37.00000 18.00000 25.00000 37.00000 18.00000 26.00000 9.00000 20.00000 40.00000 24.00000 26.00000 35.00000 32.00000 35.00000 31.00000 18.00000 31.00000 36.00000 39.00000 17.00000 31.00000 27.00000 15.00000 27.00000 32.00000 0.00000 21.00000 9.00000 25.00000 27.00000 16.00000 37.00000 35.00000 0.00000
40.00000 0.00000 10.00000 20.00000 5.00000 19.00000 40.00000 3.00000 10.00000 38.00000 12.00000 11.00000 5.00000 12.00000 19.00000 45.00000 14.00000 25.00000 24.00000 27.00000 23.00000 7.00000 14.00000 32.00000 3.00000 22.00000 11.00000 12.00000 15.00000 29.00000 29.00000 11.00000 24.00000 17.00000 24.00000 15.00000 31.00000 27.00000 9.00000 4.00000 21.00000 19.00000 27.00000 4.00000 29.00000 16.00000 12.00000 27.00000 17.00000 37.00000 42.00000 3.00000 18.00000 19.00000 14.00000 14.00000 11.00000 13.00000 27.00000 12.00000 10.00000 4.00000 24.00000 11.00000 25.00000 42.00000 25.00000 12.00000 40.00000 22.00000 34.00000 23.00000 32.00000 30.00000 16.00000 15.00000 40.00000
31.00000 11.00000 0.00000 11.00000 12.00000 10.00000 31.00000 14.00000 9.00000 29.00000 7.00000 13.00000 8.00000 3.00000 10.00000 41.00000 9.00000 22.00000 22.00000 18.00000 16.00000 8.00000 11.00000 30.00000 12.00000 15.00000 3.00000 17.00000 11.00000 26.00000 20.00000 15.00000 18.00000 9.00000 21.00000 12.00000 22.00000 20.00000 10.00000 13.00000 12.00000 10.00000 24.00000 10.00000 20.00000 11.00000 16.00000 24.00000 11.00000 29.00000 40.00000 13.00000 10.00000 16.00000 10.00000 14.00000 14.00000 13.00000 24.00000 7.00000 14.00000 12.00000 15.00000 7.00000 18.00000 39.00000 22.00000 8.00000 31.00000 13.00000 27.00000 20.00000 30.00000 22.00000 19.00000 11.00000 31.00000
23.00000 20.00000 11.00000 0.00000 21.00000 3.00000 23.00000 22.00000 12.00000 21.00000 12.00000 16.00000 17.00000 10.00000 4.00000 32.00000 9.00000 15.00000 15.00000 10.00000 9.00000 15.00000 17.00000 23.00000 21.00000 5.00000 11.00000 23.00000 18.00000 19.00000 13.00000 19.00000 11.00000 7.00000 14.00000 18.00000 13.00000 10.00000 13.00000 21.00000 2.00000 3.00000 17.00000 19.00000 15.00000 7.00000 18.00000 17.00000 7.00000 20.00000 33.00000 22.00000 5.00000 9.00000 17.00000 14.00000 16.00000 13.00000 17.00000 12.00000 17.00000 20.00000 7.00000 12.00000 11.00000 32.00000 15.00000 14.00000 23.00000 4.00000 18.00000 13.00000 22.00000 13.00000 18.00000 17.00000 23.00000
39.00000 9.00000 9.00000 19.00000 0.00000 17.00000 38.00000 11.00000 13.00000 37.00000 11.00000 15.00000 9.00000 10.00000 17.00000 46.00000 13.00000 26.00000 26.00000 26.00000 21.00000 7.00000 13.00000 34.00000 10.00000 20.00000 9.00000 18.00000 13.00000 30.00000 28.00000 16.00000 23.00000 16.00000 25.00000 14.00000 29.00000 25.00000 12.00000 11.00000 19.00000 17.00000 28.00000 9.00000 27.00000 15.00000 17.00000 28.00000 15.00000 36.00000 44.00000 11.00000 17.00000 20.00000 12.00000 18.00000 15.00000 17.00000 28.00000 11.00000 14.00000 1.00000 22.00000 10.00000 23.00000 43.00000 26.00000 10.00000 39.00000 21.00000 34.00000 24.00000 34.00000 29.00000 20.00000 13.00000 39.00000
24.00000 20.00000 11.00000 3.00000 21.00000 0.00000 24.00000 22.00000 12.00000 22.00000 12.00000 16.00000 17.00000 11.00000 2.00000 34.00000 9.00000 16.00000 16.00000 11.00000 10.00000 15.00000 16.00000 24.00000 21.00000 7.00000 11.00000 23.00000 18.00000 20.00000 14.00000 19.00000 12.00000 6.00000 16.00000 19.00000 15.00000 11.00000 13.00000 22.00000 3.00000 1.00000 19.00000 19.00000 16.00000 8.00000 18.00000 19.00000 8.00000 21.00000 34.00000 22.00000 4.00000 10.00000 17.00000 14.00000 16.00000 13.00000 18.00000 12.00000 17.00000 20.00000 8.00000 12.00000 13.00000 34.00000 17.00000 14.00000 24.00000 6.00000 20.00000 14.00000 24.00000 15.00000 18.00000 16.00000 24.00000
8.00000 38.00000 29.00000 23.00000 40.00000 24.00000 0.00000 41.00000 31.00000 6.00000 31.00000 35.00000 36.00000 29.00000 25.00000 19.00000 28.00000 27.00000 33.00000 21.00000 26.00000 34.00000 36.00000 22.00000 39.00000 22.00000 30.00000 42.00000 36.00000 28.00000 15.00000 38.00000 28.00000 27.00000 28.00000 37.00000 12.00000 25.00000 32.00000 40.00000 23.00000 24.00000 27.00000 38.00000 18.00000 26.00000 37.00000 24.00000 26.00000 11.00000 25.00000 41.00000 24.00000 27.00000 36.00000 32.00000 35.00000 32.00000 25.00000 31.00000 36.00000 39.00000 18.00000 31.00000 29.00000 21.00000 33.00000 33.00000 8.00000 22.00000 16.00000 31.00000 32.00000 20.00000 37.00000 35.00000 8.00000
42.00000 3.00000 13.00000 23.00000 7.00000 21.00000 42.00000 0.00000 13.00000 40.00000 15.00000 14.00000 8.00000 14.00000 21.00000 47.00000 16.00000 27.00000 27.00000 29.00000 25.00000 9.00000 17.00000 35.00000 2.00000 25.00000 13.00000 13.00000 17.00000 31.00000 32.00000 14.00000 26.00000 20.00000 26.00000 18.00000 33.00000 29.00000 12.00000 2.00000 23.00000 21.00000 29.00000 6.00000 31.00000 18.00000 15.00000 29.00000 19.00000 40.00000 45.00000 3.00000 21.00000 21.00000 17.00000 17.00000 13.00000 15.00000 29.00000 15.00000 13.00000 7.00000 26.00000 14.00000 28.00000 44.00000 27.00000 14.00000 42.00000 24.00000 36.00000 25.00000 35.00000 33.00000 19.00000 18.00000 42.00000
33.00000 10.00000 9.00000 14.00000 11.00000 12.00000 33.00000 13.00000 0.00000 31.00000 12.00000 6.00000 7.00000 11.00000 12.00000 37.00000 5.00000 17.00000 16.00000 20.00000 15.00000 6.00000 17.00000 24.00000 11.00000 14.00000 9.00000 15.00000 17.00000 21.00000 23.00000 12.00000 16.00000 14.00000 16.00000 18.00000 24.00000 19.00000 2.00000 12.00000 14.00000 12.00000 19.00000 9.00000 25.00000 7.00000 13.00000 19.00000 8.00000 31.00000 34.00000 12.00000 14.00000 11.00000 16.00000 9.00000 6.00000 7.00000 19.00000 12.00000 10.00000 11.00000 17.00000 12.00000 17.00000 34.00000 17.00000 14.00000 33.00000 16.00000 26.00000 15.00000 24.00000 24.00000 13.00000 17.00000 33.00000
10.00000 37.00000 28.00000 22.00000 39.00000 23.00000 6.00000 40.00000 30.00000 0.00000 30.00000 34.00000 35.00000 28.00000 24.00000 17.00000 27.00000 28.00000 31.00000 20.00000 25.00000 33.00000 35.00000 24.00000 38.00000 21.00000 28.00000 41.00000 35.00000 30.00000 14.00000 36.00000 27.00000 26.00000 30.00000 36.00000 11.00000 24.00000 31.00000 39.00000 22.00000 23.00000 28.00000 37.00000 17.00000 25.00000 36.00000 26.00000 25.00000 13.00000 23.00000 40.00000 23.00000 26.00000 35.00000 31.00000 34.00000 31.00000 26.00000 30.00000 35.00000 38.00000 17.00000 30.00000 28.00000 19.00000 32.00000 32.00000 10.00000 21.00000 17.00000 30.00000 30.00000 20.00000 36.00000 34.00000 10.00000
32.00000 12.00000 7.00000 12.00000 13.00000 12.00000 32.00000 15.00000 13.00000 30.00000 0.00000 17.00000 11.00000 6.00000 12.00000 42.00000 13.00000 24.00000 23.00000 19.00000 18.00000 11.00000 6.00000 31.00000 14.00000 16.00000 8.00000 20.00000 8.00000 28.00000 21.00000 18.00000 19.00000 9.00000 23.00000 9.00000 23.00000 21.00000 13.00000 15.00000 13.00000 12.00000 26.00000 13.00000 20.00000 15.00000 19.00000 26.00000 13.00000 30.00000 41.00000 14.00000 10.00000 18.00000 8.00000 17.00000 16.00000 17.00000 25.00000 1.00000 16.00000 13.00000 16.00000 2.00000 20.00000 41.00000 24.00000 3.00000 32.00000 14.00000 27.00000 21.00000 31.00000 22.00000 22.00000 7.00000 32.00000
36.00000 11.00000 14.00000 17.00000 12.00000 15.00000 36.00000 14.00000 5.00000 34.00000 17.00000 0.00000 10.00000 15.00000 15.00000 38.00000 8.00000 18.00000 18.00000 23.00000 18.00000 11.00000 21.00000 26.00000 12.00000 17.00000 13.00000 12.00000 21.00000 22.00000 26.00000 8.00000 18.00000 17.00000 17.00000 22.00000 27.00000 22.00000 5.00000 13.00000 17.00000 15.00000 21.00000 9.00000 28.00000 10.00000 9.00000 20.00000 12.00000 33.00000 36.00000 13.00000 18.00000 12.00000 21.00000 8.00000 2.00000 6.00000 20.00000 17.00000 7.00000 12.00000 20.00000 17.00000 20.00000 36.00000 19.00000 19.00000 36.00000 19.00000 27.00000 16.00000 26.00000 27.00000 12.00000 22.00000 36.00000
39.00000 4.00000 9.00000 19.00000 6.00000 18.00000 39.00000 7.00000 8.00000 37.00000 12.00000 9.00000 0.00000 10.00000 17.00000 42.00000 11.00000 22.00000 22.00000 26.00000 21.00000 6.00000 16.00000 30.00000 5.00000 20.00000 10.00000 12.00000 16.00000 26.00000 28.00000 10.00000 22.00000 16.00000 21.00000 17.00000 29.00000 25.00000 7.00000 6.00000 19.00000 18.00000 25.00000 4.00000 28.00000 13.00000 11.00000 24.00000 15.00000 36.00000 40.00000 7.00000 17.00000 16.00000 16.00000 13.00000 9.00000 11.00000 24.00000 12.00000 9.00000 5.00000 23.00000 12.00000 23.00000 40.00000 23.00000 13.00000 39.00000 21.00000 31.00000 20.00000 30.00000 29.00000 15.00000 16.00000 39.00000
29.00000 14.00000 5.00000 9.00000 15.00000 8.00000 29.00000 17.00000 12.00000 27.00000 7.00000 15.00000 11.00000 0.00000 8.00000 38.00000 9.00000 20.00000 19.00000 16.00000 14.00000 11.00000 11.00000 27.00000 15.00000 13.00000 6.00000 20.00000 11.00000 23.00000 19.00000 18.00000 15.00000 7.00000 19.00000 12.00000 19.00000 17.00000 12.00000 16.00000 10.00000 8.00000 22.00000 13.00000 19.00000 10.00000 18.00000 22.00000 9.00000 26.00000 37.00000 16.00000 8.00000 14.00000 11.00000 14.00000 16.00000 13.00000 21.00000 7.00000 17.00000 15.00000 13.00000 7.00000 16.00000 37.00000 20.00000 8.00000 29.00000 11.00000 24.00000 17.00000 27.00000 19.00000 18.00000 11.00000 29.00000
25.00000 18.00000 10.00000 4.00000 20.00000 2.00000 25.00000 21.00000 11.00000 23.00000 12.00000 15.00000 16.00000 9.00000 0.00000 35.00000 8.00000 17.00000 17.00000 12.00000 11.00000 14.00000 16.00000 25.00000 19.00000 8.00000 10.00000 22.00000 17.00000 21.00000 15.00000 17.00000 13.00000 6.00000 17.00000 17.00000 16.00000 12.00000 12.00000 20.00000 4.00000 1.00000 20.00000 18.00000 16.00000 9.00000 17.00000 19.00000 8.00000 22.00000 35.00000 21.00000 5.00000 11.00000 16.00000 12.00000 15.00000 11.00000 19.00000 12.00000 16.00000 19.00000 9.00000 12.00000 14.00000 35.00000 18.00000 13.00000 25.00000 6.00000 21.00000 15.00000 25.00000 16.00000 17.00000 16.00000 25.00000
14.00000 45.00000 39.00000 32.00000 47.00000 33.00000 17.00000 48.00000 37.00000 17.00000 41.00000 39.00000 43.00000 38.00000 34.00000 0.00000 34.00000 24.00000 26.00000 26.00000 35.00000 41.00000 45.00000 21.00000 46.00000 31.00000 39.00000 41.00000 46.00000 24.00000 25.00000 41.00000 36.00000 36.00000 23.00000 46.00000 21.00000 34.00000 37.00000 47.00000 32.00000 33.00000 23.00000 44.00000 28.00000 32.00000 39.00000 20.00000 33.00000 17.00000 9.00000 48.00000 33.00000 30.00000 45.00000 36.00000 39.00000 36.00000 22.00000 40.00000 40.00000 46.00000 27.00000 41.00000 34.00000 5.00000 26.00000 42.00000 14.00000 31.00000 16.00000 27.00000 16.00000 22.00000 39.00000 44.00000 14.00000
30.00000 12.00000 9.00000 10.00000 14.00000 9.00000 29.00000 15.00000 5.00000 28.00000 13.00000 8.00000 10.00000 9.00000 9.00000 34.00000 0.00000 14.00000 13.00000 17.00000 11.00000 8.00000 16.00000 21.00000 13.00000 11.00000 9.00000 15.00000 16.00000 18.00000 19.00000 11.00000 13.00000 10.00000 13.00000 17.00000 20.00000 15.00000 6.00000 14.00000 11.00000 9.00000 16.00000 12.00000 22.00000 3.00000 10.00000 16.00000 5.00000 27.00000 32.00000 15.00000 11.00000 8.00000 16.00000 6.00000 8.00000 5.00000 16.00000 13.00000 9.00000 13.00000 14.00000 12.00000 14.00000 31.00000 14.00000 13.00000 30.00000 13.00000 23.00000 12.00000 21.00000 20.00000 10.00000 16.00000 30.00000
21.00000 25.00000 20.00000 16.00000 27.00000 16.00000 27.00000 28.00000 17.00000 28.00000 24.00000 19.00000 23.00000 20.00000 17.00000 24.00000 14.00000 0.00000 8.00000 18.00000 16.00000 21.00000 27.00000 10.00000 26.00000 15.00000 20.00000 26.00000 27.00000 7.00000 24.00000 22.00000 16.00000 20.00000 3.00000 28.00000 24.00000 20.00000 17.00000 27.00000 15.00000 17.00000 5.00000 24.00000 27.00000 12.00000 21.00000 5.00000 13.00000 18.00000 22.00000 28.00000 18.00000 10.00000 27.00000 16.00000 19.00000 16.00000 5.00000 24.00000 20.00000 26.00000 18.00000 23.00000 19.00000 21.00000 8.00000 24.00000 21.00000 18.00000 12.00000 7.00000 12.00000 14.00000 21.00000 27.00000 21.00000
27.00000 26.00000 22.00000 18.00000 28.00000 18.00000 33.00000 29.00000 19.00000 34.00000 26.00000 21.00000 25.00000 22.00000 20.00000 26.00000 16.00000 8.00000 0.00000 23.00000 18.00000 23.00000 29.00000 16.00000 27.00000 17.00000 23.00000 26.00000 29.00000 10.00000 26.00000 21.00000 18.00000 22.00000 6.00000 30.00000 27.00000 22.00000 19.00000 28.00000 18.00000 19.00000 9.00000 25.00000 29.00000 14.00000 18.00000 9.00000 15.00000 23.00000 24.00000 29.00000 20.00000 12.00000 29.00000 19.00000 21.00000 18.00000 11.00000 26.00000 19.00000 27.00000 21.00000 25.00000 21.00000 24.00000 2.00000 27.00000 27.00000 20.00000 18.00000 8.00000 14.00000 20.00000 18.00000 30.00000 27.00000
19.00000 26.00000 17.00000 10.00000 27.00000 11.00000 22.00000 28.00000 18.00000 20.00000 18.00000 22.00000 23.00000 16.00000 12.00000 26.00000 15.00000 18.00000 20.00000 0.00000 13.00000 21.00000 22.00000 18.00000 27.00000 9.00000 17.00000 29.00000 24.00000 19.00000 11.00000 25.00000 16.00000 13.00000 19.00000 24.00000 12.00000 11.00000 19.00000 27.00000 10.00000 11.00000 17.00000 25.00000 14.00000 13.00000 24.00000 15.00000 13.00000 15.00000 30.00000 28.00000 11.00000 14.00000 23.00000 20.00000 22.00000 19.00000 15.00000 18.00000 23.00000 26.00000 6.00000 18.00000 16.00000 26.00000 21.00000 20.00000 19.00000 9.00000 12.00000 18.00000 26.00000 7.00000 24.00000 22.00000 19.00000
28.00000 23.00000 15.00000 9.00000 24.00000 11.00000 28.00000 25.00000 15.00000 26.00000 19.00000 18.00000 20.00000 15.00000 12.00000 35.00000 12.00000 15.00000 14.00000 14.00000 0.00000 18.00000 22.00000 22.00000 24.00000 6.00000 15.00000 25.00000 22.00000 19.00000 18.00000 21.00000 3.00000 14.00000 14.00000 23.00000 19.00000 8.00000 16.00000 24.00000 9.00000 11.00000 17.00000 22.00000 20.00000 9.00000 20.00000 17.00000 10.00000 25.00000 32.00000 25.00000 12.00000 9.00000 22.00000 16.00000 18.00000 15.00000 16.00000 19.00000 19.00000 23.00000 12.00000 18.00000 5.00000 32.00000 15.00000 19.00000 28.00000 11.00000 21.00000 12.00000 22.00000 15.00000 20.00000 22.00000 28.00000
36.00000 7.00000 6.00000 16.00000 8.00000 15.00000 36.00000 10.00000 8.00000 34.00000 9.00000 11.00000 5.00000 8.00000 15.00000 43.00000 10.00000 23.00000 23.00000 23.00000 19.00000 0.00000 13.00000 31.00000 9.00000 18.00000 7.00000 14.00000 14.00000 27.00000 25.00000 12.00000 20.00000 13.00000 22.00000 14.00000 26.00000 23.00000 8.00000 10.00000 17.00000 15.00000 26.00000 7.00000 25.00000 12.00000 13.00000 25.00000 13.00000 33.00000 41.00000 9.00000 14.00000 17.00000 13.00000 15.00000 11.00000 13.00000 25.00000 9.00000 10.00000 7.00000 20.00000 9.00000 21.00000 41.00000 23.00000 11.00000 36.00000 18.00000 31.00000 21.00000 31.00000 26.00000 17.00000 14.00000 36.00000
36.00000 15.00000 11.00000 16.00000 16.00000 16.00000 36.00000 17.00000 17.00000 34.00000 7.00000 21.00000 16.00000 10.00000 16.00000 46.00000 17.00000 28.00000 27.00000 23.00000 22.00000 14.00000 0.00000 35.00000 15.00000 20.00000 13.00000 19.00000 3.00000 32.00000 25.00000 22.00000 24.00000 13.00000 27.00000 8.00000 27.00000 25.00000 18.00000 16.00000 17.00000 16.00000 30.00000 15.00000 23.00000 19.00000 23.00000 30.00000 17.00000 34.00000 45.00000 17.00000 14.00000 22.00000 8.00000 22.00000 21.00000 21.00000 30.00000 7.00000 21.00000 15.00000 20.00000 7.00000 24.00000 45.00000 28.00000 3.00000 36.00000 18.00000 31.00000 26.00000 35.00000 26.00000 26.00000 2.00000 36.00000
16.00000 33.00000 28.00000 23.00000 34.00000 24.00000 22.00000 36.00000 25.00000 24.00000 32.00000 26.00000 30.00000 27.00000 25.00000 21.00000 22.00000 10.00000 16.00000 18.00000 24.00000 28.00000 34.00000 0.00000 34.00000 23.00000 28.00000 33.00000 35.00000 11.00000 23.00000 29.00000 23.00000 27.00000 12.00000 36.00000 19.00000 26.00000 25.00000 35.00000 23.00000 24.00000 10.00000 31.00000 26.00000 20.00000 29.00000 7.00000 21.00000 13.00000 19.00000 35.00000 25.00000 18.00000 34.00000 24.00000 27.00000 23.00000 8.00000 31.00000 28.00000 34.00000 21.00000 31.00000 26.00000 19.00000 16.00000 32.00000 16.00000 23.00000 7.00000 15.00000 19.00000 14.00000 29.00000 35.00000 16.00000
41.00000 3.00000 11.00000 21.00000 7.00000 20.00000 41.00000 3.00000 12.00000 39.00000 14.00000 12.00000 6.00000 13.00000 20.00000 46.00000 15.00000 26.00000 26.00000 28.00000 24.00000 8.00000 16.00000 34.00000 0.00000 23.00000 12.00000 12.00000 17.00000 30.00000 30.00000 13.00000 25.00000 18.00000 25.00000 17.00000 31.00000 28.00000 11.00000 2.00000 22.00000 20.00000 29.00000 4.00000 30.00000 17.00000 13.00000 28.00000 18.00000 38.00000 44.00000 3.00000 19.00000 20.00000 16.00000 15.00000 12.00000 14.00000 28.00000 14.00000 11.00000 6.00000 25.00000 14.00000 26.00000 44.00000 27.00000 14.00000 41.00000 23.00000 35.00000 24.00000 34.00000 31.00000 17.00000 17.00000 41.00000
23.00000 22.00000 13.00000 5.00000 23.00000 7.00000 23.00000 24.00000 14.00000 21.00000 16.00000 18.00000 19.00000 12.00000 8.00000 33.00000 11.00000 14.00000 14.00000 10.00000 6.00000 17.00000 19.00000 22.00000 23.00000 0.00000 13.00000 25.00000 20.00000 18.00000 13.00000 20.00000 8.00000 11.00000 13.00000 20.00000 14.00000 6.00000 15.00000 23.00000 5.00000 7.00000 17.00000 21.00000 15.00000 8.00000 20.00000 16.00000 9.00000 21.00000 32.00000 24.00000 8.00000 8.00000 19.00000 15.00000 18.00000 15.00000 16.00000 16.00000 19.00000 22.00000 7.00000 15.00000 8.00000 32.00000 15.00000 17.00000 23.00000 7.00000 18.00000 12.00000 22.00000 13.00000 20.00000 20.00000 23.00000
32.00000 11.00000 3.00000 11.00000 12.00000 10.00000 32.00000 13.00000 8.00000 30.00000 8.00000 12.00000 8.00000 4.00000 9.00000 40.00000 8.00000 20.00000 20.00000 19.00000 15.00000 8.00000 12.00000 28.00000 12.00000 15.00000 0.00000 17.00000 12.00000 24.00000 22.00000 15.00000 17.00000 10.00000 20.00000 13.00000 23.00000 19.00000 8.00000 12.00000 12.00000 10.00000 23.00000 10.00000 21.00000 9.00000 16.00000 23.00000 9.00000 30.00000 38.00000 13.00000 10.00000 14.00000 12.00000 12.00000 12.00000 11.00000 22.00000 7.00000 13.00000 11.00000 16.00000 8.00000 18.00000 38.00000 21.00000 9.00000 32.00000 13.00000 28.00000 18.00000 28.00000 23.00000 17.00000 12.00000 32.00000
44.00000 12.00000 17.00000 25.00000 15.00000 23.00000 44.00000 14.00000 16.00000 42.00000 20.00000 13.00000 13.00000 19.00000 23.00000 42.00000 15.00000 26.00000 25.00000 31.00000 25.00000 14.00000 22.00000 33.00000 13.00000 25.00000 18.00000 0.00000 21.00000 30.00000 34.00000 8.00000 25.00000 24.00000 25.00000 21.00000 34.00000 29.00000 15.00000 13.00000 25.00000 23.00000 28.00000 11.00000 36.00000 18.00000 9.00000 28.00000 20.00000 41.00000 40.00000 14.00000 25.00000 20.00000 21.00000 15.00000 12.00000 13.00000 28.00000 20.00000 8.00000 14.00000 28.00000 20.00000 28.00000 40.00000 26.00000 22.00000 44.00000 27.00000 35.00000 24.00000 32.00000 34.00000 16.00000 22.00000 44.00000
37.00000 15.00000 11.00000 17.00000 17.00000 16.00000 37.00000 17.00000 18.00000 35.00000 8.00000 22.00000 16.00000 10.00000 16.00000 47.00000 18.00000 28.00000 28.00000 24.00000 22.00000 14.00000 3.00000 36.00000 15.00000 21.00000 13.00000 18.00000 0.00000 32.00000 26.00000 22.00000 24.00000 15.00000 28.00000 8.00000 28.00000 26.00000 18.00000 16.00000 18.00000 16.00000 31.00000 15.00000 24.00000 19.00000 22.00000 31.00000 18.00000 35.00000 46.00000 17.00000 16.00000 22.00000 8.00000 22.00000 21.00000 21.00000 30.00000 8.00000 20.00000 16.00000 21.00000 7.00000 25.00000 46.00000 29.00000 5.00000 37.00000 19.00000 33.00000 26.00000 36.00000 28.00000 26.00000 4.00000 37.00000
22.00000 29.00000 24.00000 19.00000 31.00000 20.00000 28.00000 32.00000 21.00000 30.00000 28.00000 23.00000 27.00000 24.00000 21.00000 25.00000 18.00000 7.00000 10.00000 19.00000 20.00000 25.00000 31.00000 12.00000 30.00000 19.00000 24.00000 30.00000 31.00000 0.00000 27.00000 25.00000 20.00000 24.00000 7.00000 32.00000 25.00000 24.00000 21.00000 31.00000 19.00000 20.00000 3.00000 28.00000 29.00000 16.00000 25.00000 5.00000 17.00000 19.00000 22.00000 32.00000 22.00000 14.00000 31.00000 20.00000 23.00000 20.00000 7.00000 28.00000 24.00000 30.00000 22.00000 27.00000 23.00000 22.00000 10.00000 28.00000 22.00000 22.00000 13.00000 11.00000 13.00000 15.00000 25.00000 31.00000 22.00000
16.00000 30.00000 21.00000 14.00000 31.00000 15.00000 17.00000 32.00000 22.00000 15.00000 21.00000 26.00000 27.00000 20.00000 16.00000 26.00000 19.00000 24.00000 24.00000 12.00000 18.00000 25.00000 24.00000 24.00000 31.00000 14.00000 21.00000 33.00000 25.00000 27.00000 0.00000 29.00000 20.00000 16.00000 24.00000 26.00000 7.00000 16.00000 23.00000 32.00000 14.00000 15.00000 26.00000 29.00000 4.00000 17.00000 28.00000 23.00000 17.00000 14.00000 30.00000 32.00000 14.00000 18.00000 26.00000 24.00000 26.00000 23.00000 23.00000 20.00000 27.00000 30.00000 9.00000 21.00000 20.00000 26.00000 25.00000 21.00000 16.00000 13.00000 17.00000 22.00000 32.00000 15.00000 28.00000 23.00000 16.00000
40.00000 11.00000 15.00000 20.00000 13.00000 19.00000 39.00000 14.00000 12.00000 38.00000 18.00000 9.00000 10.00000 17.00000 19.00000 41.00000 11.00000 22.00000 21.00000 27.00000 21.00000 12.00000 22.00000 29.00000 12.00000 21.00000 16.00000 7.00000 23.00000 26.00000 29.00000 0.00000 21.00000 20.00000 21.00000 23.00000 30.00000 25.00000 11.00000 13.00000 21.00000 19.00000 24.00000 9.00000 32.00000 14.00000 4.00000 24.00000 15.00000 37.00000 38.00000 13.00000 21.00000 16.00000 22.00000 11.00000 8.00000 9.00000 23.00000 18.00000 3.00000 12.00000 24.00000 18.00000 24.00000 38.00000 22.00000 20.00000 40.00000 23.00000 31.00000 19.00000 29.00000 30.00000 11.00000 23.00000 40.00000
30.00000 23.00000 17.00000 11.00000 25.00000 12.00000 30.00000 26.00000 16.00000 28.00000 20.00000 18.00000 21.00000 16.00000 14.00000 34.00000 12.00000 14.00000 14.00000 17.00000 3.00000 19.00000 23.00000 22.00000 24.00000 9.00000 17.00000 25.00000 24.00000 18.00000 20.00000 21.00000 0.00000 16.00000 14.00000 24.00000 21.00000 11.00000 16.00000 25.00000 11.00000 13.00000 17.00000 23.00000 22.00000 10.00000 20.00000 17.00000 11.00000 27.00000 32.00000 26.00000 14.00000 8.00000 23.00000 16.00000 18.00000 15.00000 16.00000 20.00000 19.00000 24.00000 14.00000 19.00000 7.00000 32.00000 15.00000 21.00000 30.00000 13.00000 24.00000 12.00000 22.00000 17.00000 20.00000 24.00000 30.00000
26.00000 17.00000 8.00000 6.00000 19.00000 7.00000 26.00000 20.00000 14.00000 24.00000 7.00000 18.00000 15.00000 7.00000 6.00000 35.00000 12.00000 20.00000 19.00000 13.00000 14.00000 14.00000 12.00000 27.00000 19.00000 10.00000 9.00000 24.00000 13.00000 24.00000 15.00000 21.00000 15.00000 0.00000 19.00000 14.00000 17.00000 15.00000 15.00000 19.00000 7.00000 7.00000 22.00000 17.00000 14.00000 12.00000 21.00000 22.00000 12.00000 23.00000 37.00000 20.00000 4.00000 14.00000 13.00000 16.00000 18.00000 16.00000 21.00000 7.00000 20.00000 18.00000 9.00000 8.00000 16.00000 35.00000 20.00000 9.00000 26.00000 7.00000 21.00000 17.00000 27.00000 16.00000 21.00000 11.00000 26.00000
22.00000 24.00000 19.00000 14.00000 26.00000 15.00000 29.00000 27.00000 16.00000 30.00000 23.00000 18.00000 22.00000 19.00000 16.00000 23.00000 13.00000 3.00000 6.00000 19.00000 15.00000 20.00000 26.00000 12.00000 25.00000 14.00000 19.00000 25.00000 26.00000 7.00000 23.00000 20.00000 14.00000 19.00000 0.00000 27.00000 24.00000 18.00000 16.00000 26.00000 14.00000 15.00000 6.00000 22.00000 25.00000 11.00000 20.00000 6.00000 12.00000 19.00000 21.00000 27.00000 16.00000 9.00000 26.00000 15.00000 18.00000 14.00000 6.00000 23.00000 19.00000 25.00000 17.00000 22.00000 17.00000 21.00000 6.00000 23.00000 22.00000 16.00000 14.00000 6.00000 11.00000 15.00000 20.00000 26.00000 22.00000
37.00000 13.00000 12.00000 18.00000 16.00000 17.00000 37.00000 14.00000 19.00000 36.00000 9.00000 20.00000 15.00000 11.00000 17.00000 47.00000 19.00000 29.00000 29.00000 24.00000 23.00000 15.00000 8.00000 37.00000 13.00000 22.00000 14.00000 16.00000 8.00000 33.00000 26.00000 19.00000 25.00000 16.00000 28.00000 0.00000 28.00000 27.00000 19.00000 13.00000 19.00000 17.00000 32.00000 13.00000 24.00000 20.00000 20.00000 31.00000 19.00000 35.00000 47.00000 15.00000 17.00000 23.00000 2.00000 22.00000 20.00000 21.00000 31.00000 9.00000 18.00000 15.00000 21.00000 8.00000 26.00000 47.00000 30.00000 8.00000 37.00000 20.00000 33.00000 27.00000 37.00000 28.00000 24.00000 9.00000 37.00000
11.00000 29.00000 20.00000 13.00000 30.00000 14.00000 13.00000 31.00000 21.00000 12.00000 22.00000 25.00000 26.00000 19.00000 15.00000 21.00000 18.00000 23.00000 23.00000 11.00000 16.00000 24.00000 26.00000 19.00000 30.00000 13.00000 20.00000 32.00000 27.00000 25.00000 6.00000 28.00000 19.00000 17.00000 23.00000 27.00000 0.00000 15.00000 22.00000 31.00000 13.00000 14.00000 23.00000 28.00000 9.00000 16.00000 27.00000 21.00000 16.00000 9.00000 25.00000 31.00000 15.00000 17.00000 26.00000 23.00000 25.00000 22.00000 21.00000 21.00000 26.00000 29.00000 8.00000 22.00000 19.00000 21.00000 24.00000 23.00000 11.00000 12.00000 12.00000 21.00000 31.00000 14.00000 27.00000 26.00000 11.00000
26.00000 26.00000 17.00000 10.00000 28.00000 11.00000 26.00000 29.00000 19.00000 24.00000 21.00000 22.00000 23.00000 17.00000 12.00000 34.00000 16.00000 19.00000 18.00000 11.00000 8.00000 22.00000 24.00000 26.00000 27.00000 6.00000 17.00000 29.00000 24.00000 23.00000 16.00000 25.00000 11.00000 15.00000 18.00000 25.00000 16.00000 0.00000 19.00000 28.00000 10.00000 11.00000 21.00000 26.00000 18.00000 13.00000 24.00000 21.00000 13.00000 23.00000 36.00000 29.00000 13.00000 13.00000 24.00000 20.00000 23.00000 19.00000 20.00000 21.00000 24.00000 27.00000 10.00000 20.00000 9.00000 34.00000 19.00000 21.00000 26.00000 12.00000 20.00000 16.00000 26.00000 15.00000 24.00000 24.00000 26.00000
34.00000 10.00000 11.00000 15.00000 11.00000 13.00000 34.00000 13.00000 2.00000 32.00000 14.00000 5.00000 7.00000 12.00000 13.00000 37.00000 6.00000 17.00000 17.00000 21.00000 16.00000 8.00000 18.00000 25.00000 11.00000 15.00000 10.00000 15.00000 19.00000 21.00000 24.00000 11.00000 17.00000 14.00000 16.00000 19.00000 25.00000 20.00000 0.00000 12.00000 15.00000 13.00000 20.00000 9.00000 26.00000 8.00000 12.00000 19.00000 9.00000 31.00000 35.00000 12.00000 15.00000 11.00000 18.00000 8.00000 5.00000 5.00000 19.00000 14.00000 9.00000 11.00000 18.00000 14.00000 18.00000 35.00000 18.00000 16.00000 34.00000 17.00000 26.00000 15.00000 25.00000 25.00000 12.00000 19.00000 34.00000
41.00000 4.00000 12.00000 21.00000 7.00000 20.00000 41.00000 2.00000 12.00000 39.00000 14.00000 13.00000 7.00000 13.00000 20.00000 47.00000 15.00000 27.00000 26.00000 28.00000 24.00000 8.00000 17.00000 34.00000 2.00000 23.00000 12.00000 12.00000 17.00000 30.00000 30.00000 13.00000 26.00000 19.00000 26.00000 17.00000 32.00000 28.00000 11.00000 0.00000 22.00000 20.00000 29.00000 5.00000 30.00000 17.00000 14.00000 29.00000 18.00000 39.00000 44.00000 4.00000 20.00000 21.00000 17.00000 16.00000 12.00000 14.00000 28.00000 14.00000 12.00000 6.00000 25.00000 14.00000 27.00000 44.00000 27.00000 14.00000 41.00000 23.00000 36.00000 24.00000 34.00000 32.00000 18.00000 17.00000 41.00000
22.00000 21.00000 12.00000 2.00000 22.00000 4.00000 22.00000 24.00000 13.00000 20.00000 13.00000 17.00000 18.00000 11.00000 6.00000 32.00000 10.00000 15.00000 14.00000 9.00000 8.00000 17.00000 17.00000 22.00000 22.00000 4.00000 12.00000 24.00000 19.00000 19.00000 12.00000 20.00000 10.00000 8.00000 14.00000 19.00000 13.00000 9.00000 14.00000 23.00000 0.00000 5.00000 17.00000 20.00000 14.00000 8.00000 20.00000 17.00000 9.00000 19.00000 32.00000 23.00000 5.00000 9.00000 18.00000 15.00000 18.00000 14.00000 16.00000 13.00000 19.00000 22.00000 6.00000 13.00000 10.00000 32.00000 15.00000 14.00000 22.00000 3.00000 17.00000 12.00000 22.00000 12.00000 20.00000 17.00000 22.00000
24.00000 19.00000 11.00000 3.00000 21.00000 1.00000 24.00000 22.00000 12.00000 22.00000 12.00000 16.00000 17.00000 10.00000 1.00000 34.00000 9.00000 17.00000 16.00000 12.00000 11.00000 15.00000 16.00000 24.00000 20.00000 7.00000 11.00000 23.00000 17.00000 20.00000 14.00000 18.00000 12.00000 7.00000 16.00000 18.00000 15.00000 11.00000 12.00000 21.00000 3.00000 0.00000 19.00000 19.00000 16.00000 8.00000 18.00000 19.00000 7.00000 22.00000 34.00000 22.00000 4.00000 11.00000 17.00000 13.00000 16.00000 12.00000 18.00000 12.00000 17.00000 20.00000 8.00000 12.00000 13.00000 34.00000 17.00000 14.00000 24.00000 6.00000 20.00000 14.00000 24.00000 15.00000 18.00000 17.00000 24.00000
20.00000 28.00000 23.00000 18.00000 29.00000 18.00000 27.00000 30.00000 19.00000 28.00000 26.00000 21.00000 25.00000 22.00000 20.00000 23.00000 16.00000 5.00000 9.00000 17.00000 19.00000 23.00000 29.00000 10.00000 29.00000 17.00000 23.00000 28.00000 30.00000 2.00000 25.00000 24.00000 18.00000 22.00000 5.00000 30.00000 23.00000 22.00000 19.00000 29.00000 18.00000 19.00000 0.00000 26.00000 28.00000 14.00000 23.00000 3.00000 16.00000 17.00000 20.00000 30.00000 20.00000 13.00000 29.00000 19.00000 21.00000 18.00000 5.00000 26.00000 22.00000 28.00000 20.00000 25.00000 21.00000 20.00000 8.00000 27.00000 20.00000 20.00000 12.00000 9.00000 11.00000 13.00000 23.00000 30.00000 20.00000
40.00000 3.00000 10.00000 20.00000 5.00000 18.00000 39.00000 6.00000 11.00000 38.00000 13.00000 9.00000 5.00000 11.00000 18.00000 43.00000 13.00000 23.00000 23.00000 27.00000 23.00000 7.00000 15.00000 31.00000 4.00000 22.00000 10.00000 10.00000 15.00000 27.00000 29.00000 9.00000 23.00000 17.00000 22.00000 16.00000 30.00000 26.00000 9.00000 5.00000 20.00000 18.00000 26.00000 0.00000 28.00000 15.00000 10.00000 25.00000 16.00000 37.00000 41.00000 6.00000 18.00000 17.00000 15.00000 12.00000 9.00000 11.00000 25.00000 13.00000 8.00000 5.00000 23.00000 12.00000 25.00000 41.00000 24.00000 13.00000 40.00000 22.00000 32.00000 21.00000 31.00000 30.00000 14.00000 16.00000 40.00000
19.00000 29.00000 20.00000 15.00000 30.00000 16.00000 19.00000 32.00000 24.00000 18.00000 19.00000 28.00000 27.00000 19.00000 16.00000 29.00000 21.00000 26.00000 26.00000 14.00000 20.00000 26.00000 23.00000 27.00000 31.00000 16.00000 21.00000 35.00000 24.00000 29.00000 4.00000 31.00000 22.00000 15.00000 26.00000 25.00000 10.00000 18.00000 25.00000 31.00000 16.00000 16.00000 28.00000 29.00000 0.00000 19.00000 30.00000 25.00000 20.00000 17.00000 33.00000 31.00000 13.00000 20.00000 24.00000 26.00000 28.00000 25.00000 25.00000 19.00000 30.00000 29.00000 10.00000 20.00000 22.00000 29.00000 27.00000 20.00000 19.00000 14.00000 20.00000 24.00000 34.00000 17.00000 30.00000 22.00000 19.00000
27.00000 14.00000 11.00000 9.00000 16.00000 8.00000 27.00000 17.00000 7.00000 25.00000 15.00000 10.00000 12.00000 11.00000 9.00000 32.00000 3.00000 12.00000 12.00000 14.00000 9.00000 10.00000 18.00000 20.00000 15.00000 8.00000 11.00000 17.00000 18.00000 16.00000 17.00000 13.00000 10.00000 12.00000 11.00000 19.00000 18.00000 13.00000 8.00000 16.00000 8.00000 8.00000 15.00000 14.00000 19.00000 0.00000 13.00000 14.00000 4.00000 24.00000 30.00000 17.00000 9.00000 6.00000 18.00000 8.00000 11.00000 7.00000 14.00000 15.00000 12.00000 15.00000 11.00000 14.00000 11.00000 30.00000 12.00000 15.00000 27.00000 11.00000 21.00000 10.00000 20.00000 18.00000 13.00000 18.00000 27.00000
39.00000 11.00000 16.00000 20.00000 13.00000 18.00000 39.00000 14.00000 12.00000 37.00000 18.00000 9.00000 11.00000 17.00000 18.00000 39.00000 10.00000 21.00000 20.00000 26.00000 20.00000 12.00000 23.00000 28.00000 12.00000 20.00000 16.00000 9.00000 23.00000 25.00000 29.00000 4.00000 20.00000 19.00000 20.00000 24.00000 29.00000 24.00000 11.00000 13.00000 20.00000 18.00000 23.00000 10.00000 31.00000 13.00000 0.00000 23.00000 15.00000 36.00000 36.00000 14.00000 20.00000 15.00000 23.00000 10.00000 9.00000 8.00000 23.00000 18.00000 3.00000 12.00000 23.00000 19.00000 23.00000 36.00000 21.00000 20.00000 39.00000 22.00000 30.00000 19.00000 28.00000 29.00000 9.00000 23.00000 39.00000
18.00000 27.00000 22.00000 18.00000 29.00000 18.00000 24.00000 30.00000 19.00000 25.00000 26.00000 21.00000 25.00000 22.00000 20.00000 20.00000 16.00000 5.00000 10.00000 15.00000 18.00000 23.00000 29.00000 7.00000 29.00000 17.00000 23.00000 28.00000 29.00000 5.00000 23.00000 24.00000 18.00000 22.00000 6.00000 30.00000 21.00000 22.00000 19.00000 29.00000 18.00000 19.00000 3.00000 26.00000 25.00000 14.00000 23.00000 0.00000 15.00000 15.00000 18.00000 30.00000 20.00000 12.00000 29.00000 19.00000 21.00000 18.00000 2.00000 26.00000 22.00000 28.00000 18.00000 25.00000 21.00000 18.00000 9.00000 27.00000 18.00000 20.00000 9.00000 9.00000 12.00000 11.00000 23.00000 30.00000 18.00000
27.00000 15.00000 9.00000 8.00000 16.00000 7.00000 27.00000 18.00000 8.00000 25.00000 13.00000 11.00000 12.00000 9.00000 8.00000 33.00000 4.00000 13.00000 13.00000 14.00000 8.00000 11.00000 16.00000 21.00000 16.00000 8.00000 10.00000 18.00000 16.00000 17.00000 16.00000 14.00000 10.00000 10.00000 13.00000 17.00000 17.00000 12.00000 8.00000 17.00000 8.00000 7.00000 16.00000 14.00000 19.00000 4.00000 14.00000 16.00000 0.00000 24.00000 31.00000 17.00000 9.00000 7.00000 16.00000 9.00000 12.00000 8.00000 15.00000 13.00000 13.00000 16.00000 11.00000 12.00000 11.00000 31.00000 14.00000 13.00000 27.00000 10.00000 22.00000 11.00000 21.00000 17.00000 14.00000 16.00000 27.00000
10.00000 35.00000 26.00000 20.00000 37.00000 21.00000 11.00000 38.00000 28.00000 13.00000 28.00000 32.00000 33.00000 26.00000 21.00000 17.00000 25.00000 18.00000 23.00000 15.00000 23.00000 31.00000 32.00000 13.00000 36.00000 19.00000 26.00000 39.00000 33.00000 19.00000 13.00000 34.00000 25.00000 23.00000 19.00000 34.00000 9.00000 22.00000 29.00000 37.00000 20.00000 20.00000 17.00000 35.00000 16.00000 23.00000 34.00000 15.00000 23.00000 0.00000 22.00000 38.00000 21.00000 24.00000 33.00000 29.00000 32.00000 28.00000 15.00000 28.00000 33.00000 36.00000 15.00000 28.00000 23.00000 17.00000 23.00000 30.00000 10.00000 19.00000 6.00000 22.00000 26.00000 12.00000 34.00000 32.00000 10.00000
20.00000 42.00000 37.00000 32.00000 44.00000 33.00000 23.00000 45.00000 34.00000 22.00000 41.00000 36.00000 40.00000 37.00000 34.00000 9.00000 31.00000 21.00000 23.00000 29.00000 33.00000 38.00000 44.00000 18.00000 43.00000 32.00000 37.00000 38.00000 44.00000 21.00000 29.00000 38.00000 32.00000 37.00000 20.00000 45.00000 26.00000 36.00000 34.00000 44.00000 32.00000 33.00000 20.00000 41.00000 32.00000 29.00000 36.00000 17.00000 30.00000 22.00000 0.00000 45.00000 35.00000 27.00000 44.00000 33.00000 36.00000 32.00000 19.00000 41.00000 37.00000 43.00000 32.00000 40.00000 36.00000 6.00000 23.00000 41.00000 20.00000 34.00000 18.00000 24.00000 13.00000 25.00000 35.00000 44.00000 20.00000
42.00000 3.00000 13.00000 23.00000 7.00000 21.00000 42.00000 3.00000 12.00000 40.00000 15.00000 13.00000 8.00000 14.00000 21.00000 47.00000 15.00000 27.00000 26.00000 29.00000 25.00000 9.00000 17.00000 34.00000 3.00000 24.00000 13.00000 14.00000 17.00000 31.00000 32.00000 14.00000 26.00000 20.00000 26.00000 18.00000 33.00000 29.00000 11.00000 4.00000 23.00000 21.00000 29.00000 6.00000 31.00000 18.00000 15.00000 29.00000 19.00000 40.00000 44.00000 0.00000 21.00000 21.00000 17.00000 16.00000 13.00000 15.00000 28.00000 15.00000 12.00000 6.00000 26.00000 14.00000 27.00000 44.00000 27.00000 14.00000 42.00000 24.00000 36.00000 24.00000 34.00000 33.00000 18.00000 17.00000 42.00000
24.00000 20.00000 11.00000 4.00000 21.00000 5.00000 24.00000 23.00000 14.00000 22.00000 11.00000 18.00000 17.00000 10.00000 5.00000 33.00000 11.00000 18.00000 17.00000 11.00000 12.00000 17.00000 15.00000 25.00000 21.00000 8.00000 11.00000 25.00000 16.00000 22.00000 14.00000 21.00000 13.00000 6.00000 17.00000 17.00000 15.00000 13.00000 15.00000 22.00000 5.00000 5.00000 20.00000 19.00000 14.00000 10.00000 20.00000 20.00000 10.00000 21.00000 35.00000 22.00000 0.00000 12.00000 16.00000 16.00000 18.00000 15.00000 19.00000 10.00000 19.00000 20.00000 7.00000 11.00000 14.00000 33.00000 18.00000 12.00000 24.00000 5.00000 19.00000 15.00000 25.00000 14.00000 20.00000 15.00000 24.00000
27.00000 20.00000 15.00000 10.00000 22.00000 11.00000 29.00000 23.00000 12.00000 27.00000 19.00000 14.00000 18.00000 15.00000 12.00000 30.00000 9.00000 10.00000 9.00000 17.00000 9.00000 16.00000 22.00000 17.00000 21.00000 10.00000 15.00000 21.00000 22.00000 13.00000 19.00000 16.00000 8.00000 15.00000 9.00000 23.00000 20.00000 15.00000 12.00000 22.00000 10.00000 11.00000 12.00000 19.00000 22.00000 7.00000 16.00000 12.00000 8.00000 24.00000 27.00000 23.00000 13.00000 0.00000 22.00000 11.00000 14.00000 11.00000 11.00000 19.00000 15.00000 21.00000 13.00000 18.00000 12.00000 27.00000 10.00000 19.00000 27.00000 13.00000 19.00000 7.00000 17.00000 20.00000 16.00000 22.00000 27.00000
37.00000 12.00000 13.00000 19.00000 15.00000 17.00000 37.00000 14.00000 19.00000 35.00000 9.00000 20.00000 15.00000 11.00000 17.00000 47.00000 19.00000 29.00000 29.00000 24.00000 23.00000 15.00000 7.00000 37.00000 12.00000 23.00000 14.00000 16.00000 7.00000 33.00000 26.00000 19.00000 25.00000 16.00000 29.00000 2.00000 28.00000 27.00000 19.00000 13.00000 19.00000 17.00000 32.00000 13.00000 24.00000 20.00000 20.00000 32.00000 19.00000 34.00000 47.00000 14.00000 17.00000 23.00000 0.00000 22.00000 19.00000 20.00000 31.00000 9.00000 18.00000 15.00000 21.00000 8.00000 26.00000 46.00000 30.00000 8.00000 37.00000 19.00000 32.00000 27.00000 37.00000 27.00000 24.00000 8.00000 37.00000
35.00000 14.00000 15.00000 16.00000 15.00000 14.00000 35.00000 16.00000 9.00000 33.00000 18.00000 8.00000 13.00000 14.00000 14.00000 37.00000 6.00000 17.00000 17.00000 22.00000 17.00000 13.00000 21.00000 25.00000 15.00000 16.00000 15.00000 14.00000 22.00000 21.00000 25.00000 10.00000 16.00000 16.00000 16.00000 22.00000 26.00000 20.00000 8.00000 15.00000 16.00000 14.00000 19.00000 12.00000 27.00000 9.00000 9.00000 19.00000 11.00000 32.00000 35.00000 16.00000 16.00000 11.00000 21.00000 0.00000 8.00000 4.00000 19.00000 18.00000 8.00000 14.00000 19.00000 17.00000 19.00000 34.00000 17.00000 19.00000 35.00000 18.00000 26.00000 15.00000 24.00000 25.00000 9.00000 22.00000 35.00000
36.00000 10.00000 14.00000 17.00000 12.00000 15.00000 36.00000 13.00000 6.00000 34.00000 17.00000 2.00000 10.00000 15.00000 15.00000 39.00000 8.00000 19.00000 18.00000 24.00000 18.00000 11.00000 21.00000 26.00000 11.00000 17.00000 13.00000 12.00000 22.00000 22.00000 26.00000 8.00000 18.00000 17.00000 18.00000 23.00000 27.00000 22.00000 5.00000 12.00000 17.00000 15.00000 21.00000 9.00000 28.00000 10.00000 8.00000 21.00000 12.00000 33.00000 36.00000 13.00000 18.00000 13.00000 21.00000 8.00000 0.00000 6.00000 20.00000 17.00000 6.00000 11.00000 20.00000 17.00000 20.00000 36.00000 19.00000 19.00000 36.00000 20.00000 28.00000 16.00000 26.00000 27.00000 12.00000 22.00000 36.00000
33.00000 13.00000 13.00000 14.00000 15.00000 12.00000 33.00000 16.00000 6.00000 31.00000 16.00000 6.00000 12.00000 12.00000 12.00000 35.00000 4.00000 15.00000 15.00000 20.00000 15.00000 11.00000 19.00000 23.00000 14.00000 14.00000 13.00000 14.00000 20.00000 19.00000 23.00000 10.00000 15.00000 14.00000 14.00000 21.00000 24.00000 19.00000 5.00000 15.00000 14.00000 12.00000 18.00000 12.00000 25.00000 7.00000 9.00000 17.00000 9.00000 30.00000 33.00000 16.00000 15.00000 9.00000 19.00000 4.00000 6.00000 0.00000 17.00000 16.00000 8.00000 14.00000 17.00000 16.00000 17.00000 33.00000 16.00000 17.00000 33.00000 16.00000 24.00000 13.00000 23.00000 24.00000 9.00000 20.00000 33.00000
18.00000 27.00000 22.00000 17.00000 29.00000 18.00000 24.00000 30.00000 19.00000 26.00000 26.00000 21.00000 25.00000 22.00000 19.00000 22.00000 16.00000 5.00000 11.00000 15.00000 18.00000 23.00000 29.00000 8.00000 28.00000 17.00000 22.00000 28.00000 29.00000 6.00000 23.00000 23.00000 17.00000 22.00000 6.00000 30.00000 21.00000 21.00000 19.00000 29.00000 17.00000 18.00000 5.00000 25.00000 25.00000 14.00000 23.00000 2.00000 15.00000 15.00000 19.00000 30.00000 19.00000 12.00000 29.00000 18.00000 21.00000 17.00000 0.00000 26.00000 22.00000 28.00000 18.00000 25.00000 20.00000 19.00000 11.00000 26.00000 18.00000 19.00000 9.00000 9.00000 14.00000 11.00000 23.00000 29.00000 18.00000
31.00000 13.00000 6.00000 11.00000 14.00000 11.00000 31.00000 15.00000 12.00000 30.00000 2.00000 16.00000 10.00000 5.00000 11.00000 41.00000 12.00000 23.00000 22.00000 18.00000 17.00000 10.00000 6.00000 30.00000 14.00000 16.00000 7.00000 19.00000 8.00000 27.00000 20.00000 17.00000 19.00000 9.00000 22.00000 9.00000 22.00000 20.00000 12.00000 15.00000 12.00000 11.00000 25.00000 12.00000 20.00000 14.00000 18.00000 25.00000 13.00000 29.00000 41.00000 15.00000 9.00000 17.00000 8.00000 17.00000 16.00000 16.00000 25.00000 0.00000 16.00000 13.00000 15.00000 2.00000 19.00000 40.00000 23.00000 4.00000 31.00000 13.00000 27.00000 21.00000 30.00000 22.00000 21.00000 7.00000 31.00000
38.00000 9.00000 13.00000 19.00000 11.00000 17.00000 38.00000 12.00000 10.00000 36.00000 16.00000 7.00000 9.00000 15.00000 17.00000 40.00000 9.00000 20.00000 20.00000 25.00000 20.00000 10.00000 21.00000 28.00000 10.00000 19.00000 14.00000 7.00000 21.00000 24.00000 28.00000 2.00000 20.00000 19.00000 19.00000 22.00000 29.00000 24.00000 9.00000 11.00000 19.00000 17.00000 23.00000 8.00000 30.00000 12.00000 3.00000 22.00000 14.00000 35.00000 37.00000 12.00000 19.00000 14.00000 20.00000 9.00000 7.00000 7.00000 22.00000 16.00000 0.00000 10.00000 22.00000 16.00000 22.00000 37.00000 20.00000 18.00000 38.00000 21.00000 29.00000 18.00000 28.00000 29.00000 10.00000 21.00000 38.00000
38.00000 8.00000 8.00000 18.00000 1.00000 16.00000 38.00000 10.00000 13.00000 36.00000 10.00000 14.00000 8.00000 10.00000 16.00000 45.00000 13.00000 25.00000 25.00000 25.00000 20.00000 6.00000 12.00000 33.00000 10.00000 19.00000 8.00000 17.00000 12.00000 29.00000 27.00000 15.00000 22.00000 15.00000 25.00000 13.00000 28.00000 24.00000 12.00000 10.00000 18.00000 16.00000 28.00000 8.00000 27.00000 14.00000 16.00000 28.00000 14.00000 35.00000 43.00000 10.00000 16.00000 19.00000 12.00000 17.00000 14.00000 16.00000 27.00000 10.00000 13.00000 0.00000 22.00000 9.00000 23.00000 43.00000 26.00000 9.00000 38.00000 20.00000 33.00000 23.00000 33.00000 28.00000 20.00000 12.00000 38.00000
18.00000 23.00000 14.00000 7.00000 25.00000 9.00000 18.00000 26.00000 16.00000 16.00000 14.00000 20.00000 21.00000 13.00000 10.00000 28.00000 13.00000 18.00000 18.00000 5.00000 11.00000 19.00000 18.00000 19.00000 24.00000 7.00000 14.00000 27.00000 20.00000 20.00000 8.00000 23.00000 13.00000 9.00000 17.00000 21.00000 9.00000 10.00000 17.00000 25.00000 7.00000 9.00000 19.00000 23.00000 11.00000 11.00000 22.00000 16.00000 11.00000 16.00000 31.00000 26.00000 7.00000 12.00000 19.00000 17.00000 20.00000 17.00000 17.00000 14.00000 21.00000 24.00000 0.00000 14.00000 14.00000 28.00000 18.00000 16.00000 18.00000 4.00000 13.00000 16.00000 25.00000 9.00000 22.00000 18.00000 18.00000
33.00000 12.00000 7.00000 12.00000 13.00000 12.00000 32.00000 15.00000 13.00000 31.00000 2.00000 17.00000 11.00000 5.00000 11.00000 42.00000 13.00000 24.00000 23.00000 19.00000 17.00000 11.00000 6.00000 31.00000 14.00000 17.00000 8.00000 20.00000 8.00000 27.00000 21.00000 18.00000 19.00000 10.00000 23.00000 9.00000 23.00000 21.00000 13.00000 15.00000 13.00000 12.00000 26.00000 12.00000 20.00000 14.00000 19.00000 26.00000 13.00000 30.00000 41.00000 14.00000 11.00000 18.00000 8.00000 18.00000 17.00000 17.00000 25.00000 2.00000 17.00000 12.00000 16.00000 0.00000 20.00000 41.00000 24.00000 4.00000 33.00000 14.00000 28.00000 21.00000 31.00000 23.00000 22.00000 7.00000 33.00000
27.00000 25.00000 18.00000 12.00000 27.00000 13.00000 30.00000 28.00000 18.00000 28.00000 21.00000 21.00000 23.00000 17.00000 14.00000 34.00000 14.00000 17.00000 17.00000 16.00000 5.00000 21.00000 24.00000 25.00000 26.00000 8.00000 18.00000 28.00000 25.00000 21.00000 20.00000 23.00000 7.00000 17.00000 17.00000 25.00000 21.00000 9.00000 18.00000 27.00000 11.00000 13.00000 20.00000 25.00000 22.00000 12.00000 23.00000 20.00000 12.00000 23.00000 35.00000 28.00000 15.00000 11.00000 24.00000 18.00000 21.00000 18.00000 19.00000 21.00000 22.00000 26.00000 14.00000 21.00000 0.00000 34.00000 18.00000 22.00000 27.00000 14.00000 20.00000 15.00000 25.00000 14.00000 23.00000 25.00000 27.00000
15.00000 43.00000 38.00000 32.00000 44.00000 33.00000 19.00000 45.00000 34.00000 18.00000 41.00000 36.00000 40.00000 37.00000 34.00000 5.00000 32.00000 22.00000 24.00000 26.00000 34.00000 38.00000 44.00000 19.00000 44.00000 31.00000 38.00000 38.00000 45.00000 22.00000 25.00000 38.00000 33.00000 36.00000 20.00000 45.00000 21.00000 34.00000 35.00000 45.00000 32.00000 33.00000 20.00000 41.00000 28.00000 29.00000 36.00000 18.00000 31.00000 17.00000 6.00000 45.00000 33.00000 28.00000 44.00000 34.00000 37.00000 33.00000 19.00000 40.00000 37.00000 43.00000 27.00000 41.00000 34.00000 0.00000 24.00000 42.00000 15.00000 31.00000 16.00000 25.00000 13.00000 22.00000 36.00000 44.00000 15.00000
27.00000 27.00000 22.00000 18.00000 29.00000 18.00000 33.00000 30.00000 19.00000 34.00000 26.00000 21.00000 25.00000 22.00000 20.00000 26.00000 16.00000 8.00000 2.00000 23.00000 18.00000 23.00000 29.00000 16.00000 28.00000 17.00000 23.00000 26.00000 29.00000 10.00000 26.00000 21.00000 18.00000 22.00000 6.00000 30.00000 27.00000 22.00000 19.00000 29.00000 18.00000 19.00000 9.00000 25.00000 29.00000 14.00000 19.00000 9.00000 15.00000 23.00000 24.00000 30.00000 20.00000 12.00000 29.00000 19.00000 21.00000 18.00000 11.00000 26.00000 20.00000 28.00000 21.00000 25.00000 21.00000 24.00000 0.00000 27.00000 27.00000 20.00000 18.00000 8.00000 14.00000 20.00000 19.00000 30.00000 27.00000
33.00000 13.00000 9.00000 13.00000 14.00000 14.00000 33.00000 15.00000 15.00000 31.00000 4.00000 19.00000 13.00000 7.00000 13.00000 43.00000 15.00000 26.00000 25.00000 20.00000 19.00000 11.00000 4.00000 33.00000 15.00000 17.00000 10.00000 20.00000 5.00000 29.00000 22.00000 20.00000 21.00000 10.00000 25.00000 8.00000 24.00000 22.00000 15.00000 15.00000 14.00000 13.00000 28.00000 13.00000 20.00000 16.00000 21.00000 28.00000 15.00000 31.00000 43.00000 15.00000 11.00000 20.00000 7.00000 19.00000 18.00000 19.00000 27.00000 4.00000 18.00000 13.00000 17.00000 4.00000 22.00000 43.00000 26.00000 0.00000 33.00000 15.00000 28.00000 23.00000 33.00000 23.00000 24.00000 4.00000 33.00000
0.00000 38.00000 29.00000 23.00000 39.00000 23.00000 9.00000 41.00000 30.00000 10.00000 31.00000 34.00000 35.00000 28.00000 24.00000 14.00000 27.00000 21.00000 27.00000 19.00000 26.00000 34.00000 35.00000 16.00000 39.00000 22.00000 29.00000 41.00000 36.00000 22.00000 15.00000 37.00000 28.00000 26.00000 22.00000 37.00000 11.00000 25.00000 31.00000 40.00000 22.00000 23.00000 20.00000 37.00000 18.00000 25.00000 37.00000 18.00000 26.00000 9.00000 20.00000 40.00000 24.00000 26.00000 35.00000 32.00000 35.00000 31.00000 18.00000 31.00000 36.00000 39.00000 17.00000 31.00000 27.00000 15.00000 27.00000 32.00000 0.00000 21.00000 9.00000 25.00000 27.00000 16.00000 37.00000 35.00000 0.00000
21.00000 22.00000 13.00000 4.00000 24.00000 6.00000 21.00000 25.00000 15.00000 20.00000 13.00000 19.00000 20.00000 13.00000 6.00000 31.00000 12.00000 16.00000 15.00000 9.00000 9.00000 18.00000 18.00000 22.00000 23.00000 5.00000 13.00000 26.00000 19.00000 20.00000 11.00000 22.00000 11.00000 8.00000 15.00000 20.00000 12.00000 10.00000 16.00000 24.00000 4.00000 6.00000 18.00000 22.00000 14.00000 10.00000 21.00000 18.00000 10.00000 19.00000 33.00000 25.00000 5.00000 10.00000 19.00000 16.00000 19.00000 16.00000 18.00000 13.00000 20.00000 23.00000 6.00000 13.00000 12.00000 31.00000 16.00000 15.00000 21.00000 0.00000 17.00000 14.00000 23.00000 12.00000 21.00000 17.00000 21.00000
9.00000 34.00000 25.00000 19.00000 35.00000 19.00000 15.00000 37.00000 26.00000 17.00000 26.00000 28.00000 31.00000 25.00000 20.00000 16.00000 23.00000 12.00000 18.00000 12.00000 21.00000 30.00000 31.00000 7.00000 35.00000 18.00000 25.00000 35.00000 32.00000 13.00000 16.00000 31.00000 24.00000 22.00000 13.00000 33.00000 12.00000 20.00000 26.00000 36.00000 19.00000 19.00000 12.00000 33.00000 19.00000 21.00000 30.00000 9.00000 22.00000 6.00000 19.00000 36.00000 19.00000 20.00000 32.00000 26.00000 28.00000 25.00000 9.00000 26.00000 29.00000 35.00000 15.00000 26.00000 20.00000 16.00000 18.00000 28.00000 9.00000 17.00000 0.00000 16.00000 21.00000 8.00000 30.00000 30.00000 9.00000
25.00000 22.00000 17.00000 12.00000 24.00000 13.00000 31.00000 25.00000 14.00000 29.00000 21.00000 16.00000 20.00000 17.00000 14.00000 27.00000 11.00000 7.00000 6.00000 18.00000 13.00000 18.00000 24.00000 14.00000 23.00000 12.00000 17.00000 23.00000 24.00000 11.00000 21.00000 18.00000 12.00000 17.00000 6.00000 25.00000 22.00000 16.00000 14.00000 24.00000 12.00000 13.00000 9.00000 21.00000 23.00000 9.00000 18.00000 9.00000 10.00000 22.00000 24.00000 25.00000 15.00000 7.00000 24.00000 13.00000 16.00000 12.00000 9.00000 21.00000 17.00000 23.00000 15.00000 20.00000 16.00000 24.00000 7.00000 21.00000 25.00000 14.00000 16.00000 0.00000 14.00000 18.00000 18.00000 24.00000 25.00000
27.00000 32.00000 27.00000 22.00000 33.00000 22.00000 30.00000 34.00000 23.00000 29.00000 30.00000 25.00000 29.00000 26.00000 24.00000 16.00000 20.00000 11.00000 13.00000 26.00000 23.00000 27.00000 33.00000 19.00000 33.00000 21.00000 27.00000 31.00000 34.00000 13.00000 31.00000 28.00000 22.00000 26.00000 9.00000 34.00000 31.00000 26.00000 23.00000 33.00000 22.00000 23.00000 11.00000 30.00000 33.00000 18.00000 27.00000 12.00000 20.00000 26.00000 13.00000 34.00000 24.00000 17.00000 33.00000 23.00000 25.00000 22.00000 13.00000 30.00000 26.00000 32.00000 25.00000 29.00000 25.00000 13.00000 12.00000 31.00000 27.00000 24.00000 20.00000 13.00000 0.00000 22.00000 27.00000 34.00000 27.00000
16.00000 29.00000 20.00000 14.00000 31.00000 15.00000 20.00000 32.00000 22.00000 20.00000 22.00000 26.00000 27.00000 20.00000 15.00000 22.00000 19.00000 14.00000 20.00000 7.00000 15.00000 25.00000 26.00000 14.00000 30.00000 13.00000 20.00000 33.00000 27.00000 15.00000 15.00000 28.00000 18.00000 17.00000 15.00000 28.00000 15.00000 15.00000 22.00000 31.00000 14.00000 14.00000 14.00000 29.00000 17.00000 16.00000 28.00000 11.00000 17.00000 11.00000 26.00000 32.00000 14.00000 18.00000 27.00000 23.00000 26.00000 22.00000 11.00000 21.00000 27.00000 30.00000 10.00000 21.00000 14.00000 22.00000 20.00000 23.00000 16.00000 12.00000 8.00000 18.00000 23.00000 0.00000 28.00000 25.00000 16.00000
39.00000 16.00000 19.00000 20.00000 18.00000 18.00000 39.00000 19.00000 13.00000 37.00000 22.00000 13.00000 16.00000 18.00000 18.00000 38.00000 10.00000 21.00000 20.00000 26.00000 21.00000 17.00000 25.00000 29.00000 17.00000 20.00000 19.00000 16.00000 26.00000 25.00000 29.00000 11.00000 21.00000 20.00000 20.00000 26.00000 30.00000 25.00000 12.00000 18.00000 20.00000 18.00000 24.00000 14.00000 31.00000 13.00000 9.00000 23.00000 15.00000 36.00000 36.00000 18.00000 21.00000 15.00000 25.00000 10.00000 12.00000 8.00000 23.00000 22.00000 10.00000 17.00000 23.00000 22.00000 23.00000 36.00000 21.00000 23.00000 39.00000 22.00000 30.00000 18.00000 28.00000 30.00000 0.00000 26.00000 39.00000
35.00000 16.00000 12.00000 17.00000 17.00000 17.00000 35.00000 18.00000 18.00000 34.00000 8.00000 22.00000 16.00000 11.00000 16.00000 45.00000 18.00000 29.00000 28.00000 22.00000 23.00000 15.00000 2.00000 36.00000 16.00000 21.00000 14.00000 19.00000 3.00000 33.00000 24.00000 23.00000 25.00000 14.00000 28.00000 9.00000 26.00000 26.00000 19.00000 17.00000 18.00000 17.00000 31.00000 16.00000 22.00000 20.00000 23.00000 31.00000 18.00000 33.00000 46.00000 18.00000 15.00000 23.00000 9.00000 23.00000 22.00000 22.00000 31.00000 7.00000 21.00000 16.00000 19.00000 8.00000 25.00000 45.00000 29.00000 4.00000 35.00000 18.00000 31.00000 27.00000 36.00000 26.00000 27.00000 0.00000 35.00000
0.00000 38.00000 29.00000 23.00000 39.00000 23.00000 9.00000 41.00000 30.00000 10.00000 31.00000 34.00000 35.00000 28.00000 24.00000 14.00000 27.00000 21.00000 27.00000 19.00000 26.00000 34.00000 35.00000 16.00000 39.00000 22.00000 29.00000 41.00000 36.00000 22.00000 15.00000 37.00000 28.00000 26.00000 22.00000 37.00000 11.00000 25.00000 31.00000 40.00000 22.00000 23.00000 20.00000 37.00000 18.00000 25.00000 37.00000 18.00000 26.00000 9.00000 20.00000 40.00000 24.00000 26.00000 35.00000 32.00000 35.00000 31.00000 18.00000 31.00000 36.00000 39.00000 17.00000 31.00000 27.00000 15.00000 27.00000 32.00000 0.00000 21.00000 9.00000 25.00000 27.00000 16.00000 37.00000 35.00000 0.00000
p
0.0 0.0 0.0 0.0 0.0 0.0 
0.0 0.0 0.0 0.0 0.0 0.0 
0.0 0.0 0.0 0.0 0.0 0.0 
0.0 0.0 0.0 0.0 0.0 0.0 
0.0 0.0 0.0 0.0 0.0 0.0 
0.0 0.0 0.0 0.0 0.0 0.0 
0.0 0.0 0.0 0.0 0.0 0.0 
0.0 0.0 0.0 0.0 0.0 0.0 
0.0 0.0 0.0 0.0 0.0 0.0 
0.0 0.0 0.0 0.0 0.0 0.0 
0.0 0.0 0.0 0.0 0.0 0.0 
0.0 0.0 0.0 0.0 0.0 0.0 
0.0 0.0 0.0 0.0 0.0 0.0 
0.0 0.0 0.0 0.0 0.0 0.0 
0.0 0.0 0.0 0.0 0.0 0.0 
0 0 22 0 24 0 
0 0 22 0 24 0 
0 0 22 0 24 0 
0 0 22 0 24 0 
0 0 22 0 24 0 
0 0 22 0 24 0 
0 0 22 0 24 0 
0 0 22 0 24 0 
0 0 22 0 24 0 
0 0 22 0 24 0 
0 0 22 0 24 0 
0 0 22 0 24 0 
0 0 22 0 24 0 
0 0 22 0 24 0 
0 0 22 0 24 0 
0 0 53 0 0 0 
0 0 53 0 0 0 
0 0 53 0 0 0 
0 0 53 0 0 0 
0 0 53 0 0 0 
0 0 53 0 0 0 
0 0 53 0 0 0 
0 0 53 0 0 0 
0 0 53 0 0 0 
0 0 53 0 0 0 
0 0 53 0 0 0 
0 0 53 0 0 0 
0 0 53 0 0 0 
0 0 53 0 0 0 
0 0 53 0 0 0 
0 44 0 0 0 29 
0 44 0 0 0 29 
0 44 0 0 0 29 
0 44 0 0 0 29 
0 44 0 0 0 29 
0 44 0 0 0 29 
0 44 0 0 0 29 
0 44 0 0 0 29 
0 44 0 0 0 29 
0 44 0 0 0 29 
0 44 0 0 0 29 
0 44 0 0 0 29 
0 44 0 0 0 29 
0 44 0 0 0 29 
0 44 0 0 0 29 
0 0 38 0 0 0 
0 0 38 0 0 0 
0 0 38 0 0 0 
0 0 38 0 0 0 
0 0 38 0 0 0 
0 0 38 0 0 0 
0 0 38 0 0 0 
0 0 38 0 0 0 
0 0 38 0 0 0 
0 0 38 0 0 0 
0 0 38 0 0 0 
0 0 38 0 0 0 
0 0 38 0 0 0 
0 0 38 0 0 0 
0 0 38 0 0 0 
51 0 0 0 0 0 
51 0 0 0 0 0 
51 0 0 0 0 0 
51 0 0 0 0 0 
51 0 0 0 0 0 
51 0 0 0 0 0 
51 0 0 0 0 0 
51 0 0 0 0 0 
51 0 0 0 0 0 
51 0 0 0 0 0 
51 0 0 0 0 0 
51 0 0 0 0 0 
51 0 0 0 0 0 
51 0 0 0 0 0 
51 0 0 0 0 0 
0 53 0 0 0 0 
0 53 0 0 0 0 
0 53 0 0 0 0 
0 53 0 0 0 0 
0 53 0 0 0 0 
0 53 0 0 0 0 
0 53 0 0 0 0 
0 53 0 0 0 0 
0 53 0 0 0 0 
0 53 0 0 0 0 
0 53 0 0 0 0 
0 53 0 0 0 0 
0 53 0 0 0 0 
0 53 0 0 0 0 
0 53 0 0 0 0 
0 49 0 0 0 21 
0 49 0 0 0 21 
0 49 0 0 0 21 
0 49 0 0 0 21 
0 49 0 0 0 21 
0 49 0 0 0 21 
0 49 0 0 0 21 
0 49 0 0 0 21 
0 49 0 0 0 21 
0 49 0 0 0 21 
0 49 0 0 0 21 
0 49 0 0 0 21 
0 49 0 0 0 21 
0 49 0 0 0 21 
0 49 0 0 0 21 
39 0 0 19 0 0 
39 0 0 19 0 0 
39 0 0 19 0 0 
39 0 0 19 0 0 
39 0 0 19 0 0 
39 0 0 19 0 0 
39 0 0 19 0 0 
39 0 0 19 0 0 
39 0 0 19 0 0 
39 0 0 19 0 0 
39 0 0 19 0 0 
39 0 0 19 0 0 
39 0 0 19 0 0 
39 0 0 19 0 0 
39 0 0 19 0 0 
0 0 18 0 0 0 
0 0 18 0 0 0 
0 0 18 0 0 0 
0 0 18 0 0 0 
0 0 18 0 0 0 
0 0 18 0 0 0 
0 0 18 0 0 0 
0 0 18 0 0 0 
0 0 18 0 0 0 
0 0 18 0 0 0 
0 0 18 0 0 0 
0 0 18 0 0 0 
0 0 18 0 0 0 
0 0 18 0 0 0 
0 0 18 0 0 0 
0 0 0 0 0 40 
0 0 0 0 0 40 
0 0 0 0 0 40 
0 0 0 0 0 40 
0 0 0 0 0 40 
0 0 0 0 0 40 
0 0 0 0 0 40 
0 0 0 0 0 40 
0 0 0 0 0 40 
0 0 0 0 0 40 
0 0 0 0 0 40 
0 0 0 0 0 40 
0 0 0 0 0 40 
0 0 0 0 0 40 
0 0 0 0 0 40 
0 0 19 0 30 0 
0 0 19 0 30 0 
0 0 19 0 30 0 
0 0 19 0 30 0 
0 0 19 0 30 0 
0 0 19 0 30 0 
0 0 19 0 30 0 
0 0 19 0 30 0 
0 0 19 0 30 0 
0 0 19 0 30 0 
0 0 19 0 30 0 
0 0 19 0 30 0 
0 0 19 0 30 0 
0 0 19 0 30 0 
0 0 19 0 30 0 
0 0 20 20 0 0 
0 0 20 20 0 0 
0 0 20 20 0 0 
0 0 20 20 0 0 
0 0 20 20 0 0 
0 0 20 20 0 0 
0 0 20 20 0 0 
0 0 20 20 0 0 
0 0 20 20 0 0 
0 0 20 20 0 0 
0 0 20 20 0 0 
0 0 20 20 0 0 
0 0 20 20 0 0 
0 0 20 20 0 0 
0 0 20 20 0 0 
18 0 0 0 0 49 
18 0 0 0 0 49 
18 0 0 0 0 49 
18 0 0 0 0 49 
18 0 0 0 0 49 
18 0 0 0 0 49 
18 0 0 0 0 49 
18 0 0 0 0 49 
18 0 0 0 0 49 
18 0 0 0 0 49 
18 0 0 0 0 49 
18 0 0 0 0 49 
18 0 0 0 0 49 
18 0 0 0 0 49 
18 0 0 0 0 49 
0 0 0 30 0 0 
0 0 0 30 0 0 
0 0 0 30 0 0 
0 0 0 30 0 0 
0 0 0 30 0 0 
0 0 0 30 0 0 
0 0 0 30 0 0 
0 0 0 30 0 0 
0 0 0 30 0 0 
0 0 0 30 0 0 
0 0 0 30 0 0 
0 0 0 30 0 0 
0 0 0 30 0 0 
0 0 0 30 0 0 
0 0 0 30 0 0 
0 41 0 0 0 0 
0 41 0 0 0 0 
0 41 0 0 0 0 
0 41 0 0 0 0 
0 41 0 0 0 0 
0 41 0 0 0 0 
0 41 0 0 0 0 
0 41 0 0 0 0 
0 41 0 0 0 0 
0 41 0 0 0 0 
0 41 0 0 0 0 
0 41 0 0 0 0 
0 41 0 0 0 0 
0 41 0 0 0 0 
0 41 0 0 0 0 
0 0 37 36 0 0 
0 0 37 36 0 0 
0 0 37 36 0 0 
0 0 37 36 0 0 
0 0 37 36 0 0 
0 0 37 36 0 0 
0 0 37 36 0 0 
0 0 37 36 0 0 
0 0 37 36 0 0 
0 0 37 36 0 0 
0 0 37 36 0 0 
0 0 37 36 0 0 
0 0 37 36 0 0 
0 0 37 36 0 0 
0 0 37 36 0 0 
0 0 0 0 46 0 
0 0 0 0 46 0 
0 0 0 0 46 0 
0 0 0 0 46 0 
0 0 0 0 46 0 
0 0 0 0 46 0 
0 0 0 0 46 0 
0 0 0 0 46 0 
0 0 0 0 46 0 
0 0 0 0 46 0 
0 0 0 0 46 0 
0 0 0 0 46 0 
0 0 0 0 46 0 
0 0 0 0 46 0 
0 0 0 0 46 0 
0 0 0 0 37 0 
0 0 0 0 37 0 
0 0 0 0 37 0 
0 0 0 0 37 0 
0 0 0 0 37 0 
0 0 0 0 37 0 
0 0 0 0 37 0 
0 0 0 0 37 0 
0 0 0 0 37 0 
0 0 0 0 37 0 
0 0 0 0 37 0 
0 0 0 0 37 0 
0 0 0 0 37 0 
0 0 0 0 37 0 
0 0 0 0 37 0 
0 0 0 0 37 0 
0 0 0 0 37 0 
0 0 0 0 37 0 
0 0 0 0 37 0 
0 0 0 0 37 0 
0 0 0 0 37 0 
0 0 0 0 37 0 
0 0 0 0 37 0 
0 0 0 0 37 0 
0 0 0 0 37 0 
0 0 0 0 37 0 
0 0 0 0 37 0 
0 0 0 0 37 0 
0 0 0 0 37 0 
0 0 0 0 37 0 
0 0 0 0 15 0 
0 0 0 0 15 0 
0 0 0 0 15 0 
0 0 0 0 15 0 
0 0 0 0 15 0 
0 0 0 0 15 0 
0 0 0 0 15 0 
0 0 0 0 15 0 
0 0 0 0 15 0 
0 0 0 0 15 0 
0 0 0 0 15 0 
0 0 0 0 15 0 
0 0 0 0 15 0 
0 0 0 0 15 0 
0 0 0 0 15 0 
0 0 47 0 40 0 
0 0 47 0 40 0 
0 0 47 0 40 0 
0 0 47 0 40 0 
0 0 47 0 40 0 
0 0 47 0 40 0 
0 0 47 0 40 0 
0 0 47 0 40 0 
0 0 47 0 40 0 
0 0 47 0 40 0 
0 0 47 0 40 0 
0 0 47 0 40 0 
0 0 47 0 40 0 
0 0 47 0 40 0 
0 0 47 0 40 0 
0 0 0 0 0 42 
0 0 0 0 0 42 
0 0 0 0 0 42 
0 0 0 0 0 42 
0 0 0 0 0 42 
0 0 0 0 0 42 
0 0 0 0 0 42 
0 0 0 0 0 42 
0 0 0 0 0 42 
0 0 0 0 0 42 
0 0 0 0 0 42 
0 0 0 0 0 42 
0 0 0 0 0 42 
0 0 0 0 0 42 
0 0 0 0 0 42 
0 0 56 0 0 0 
0 0 56 0 0 0 
0 0 56 0 0 0 
0 0 56 0 0 0 
0 0 56 0 0 0 
0 0 56 0 0 0 
0 0 56 0 0 0 
0 0 56 0 0 0 
0 0 56 0 0 0 
0 0 56 0 0 0 
0 0 56 0 0 0 
0 0 56 0 0 0 
0 0 56 0 0 0 
0 0 56 0 0 0 
0 0 56 0 0 0 
0 0 41 0 0 0 
0 0 41 0 0 0 
0 0 41 0 0 0 
0 0 41 0 0 0 
0 0 41 0 0 0 
0 0 41 0 0 0 
0 0 41 0 0 0 
0 0 41 0 0 0 
0 0 41 0 0 0 
0 0 41 0 0 0 
0 0 41 0 0 0 
0 0 41 0 0 0 
0 0 41 0 0 0 
0 0 41 0 0 0 
0 0 41 0 0 0 
0 0 0 0 29 0 
0 0 0 0 29 0 
0 0 0 0 29 0 
0 0 0 0 29 0 
0 0 0 0 29 0 
0 0 0 0 29 0 
0 0 0 0 29 0 
0 0 0 0 29 0 
0 0 0 0 29 0 
0 0 0 0 29 0 
0 0 0 0 29 0 
0 0 0 0 29 0 
0 0 0 0 29 0 
0 0 0 0 29 0 
0 0 0 0 29 0 
0 23 0 17 0 0 
0 23 0 17 0 0 
0 23 0 17 0 0 
0 23 0 17 0 0 
0 23 0 17 0 0 
0 23 0 17 0 0 
0 23 0 17 0 0 
0 23 0 17 0 0 
0 23 0 17 0 0 
0 23 0 17 0 0 
0 23 0 17 0 0 
0 23 0 17 0 0 
0 23 0 17 0 0 
0 23 0 17 0 0 
0 23 0 17 0 0 
0 0 0 46 0 0 
0 0 0 46 0 0 
0 0 0 46 0 0 
0 0 0 46 0 0 
0 0 0 46 0 0 
0 0 0 46 0 0 
0 0 0 46 0 0 
0 0 0 46 0 0 
0 0 0 46 0 0 
0 0 0 46 0 0 
0 0 0 46 0 0 
0 0 0 46 0 0 
0 0 0 46 0 0 
0 0 0 46 0 0 
0 0 0 46 0 0 
0 40 0 0 0 0 
0 40 0 0 0 0 
0 40 0 0 0 0 
0 40 0 0 0 0 
0 40 0 0 0 0 
0 40 0 0 0 0 
0 40 0 0 0 0 
0 40 0 0 0 0 
0 40 0 0 0 0 
0 40 0 0 0 0 
0 40 0 0 0 0 
0 40 0 0 0 0 
0 40 0 0 0 0 
0 40 0 0 0 0 
0 40 0 0 0 0 
0 0 41 29 0 0 
0 0 41 29 0 0 
0 0 41 29 0 0 
0 0 41 29 0 0 
0 0 41 29 0 0 
0 0 41 29 0 0 
0 0 41 29 0 0 
0 0 41 29 0 0 
0 0 41 29 0 0 
0 0 41 29 0 0 
0 0 41 29 0 0 
0 0 41 29 0 0 
0 0 41 29 0 0 
0 0 41 29 0 0 
0 0 41 29 0 0 
0 0 0 0 0 48 
0 0 0 0 0 48 
0 0 0 0 0 48 
0 0 0 0 0 48 
0 0 0 0 0 48 
0 0 0 0 0 48 
0 0 0 0 0 48 
0 0 0 0 0 48 
0 0 0 0 0 48 
0 0 0 0 0 48 
0 0 0 0 0 48 
0 0 0 0 0 48 
0 0 0 0 0 48 
0 0 0 0 0 48 
0 0 0 0 0 48 
0 0 0 0 0 46 
0 0 0 0 0 46 
0 0 0 0 0 46 
0 0 0 0 0 46 
0 0 0 0 0 46 
0 0 0 0 0 46 
0 0 0 0 0 46 
0 0 0 0 0 46 
0 0 0 0 0 46 
0 0 0 0 0 46 
0 0 0 0 0 46 
0 0 0 0 0 46 
0 0 0 0 0 46 
0 0 0 0 0 46 
0 0 0 0 0 46 
0 0 0 0 17 0 
0 0 0 0 17 0 
0 0 0 0 17 0 
0 0 0 0 17 0 
0 0 0 0 17 0 
0 0 0 0 17 0 
0 0 0 0 17 0 
0 0 0 0 17 0 
0 0 0 0 17 0 
0 0 0 0 17 0 
0 0 0 0 17 0 
0 0 0 0 17 0 
0 0 0 0 17 0 
0 0 0 0 17 0 
0 0 0 0 17 0 
0 0 0 0 28 0 
0 0 0 0 28 0 
0 0 0 0 28 0 
0 0 0 0 28 0 
0 0 0 0 28 0 
0 0 0 0 28 0 
0 0 0 0 28 0 
0 0 0 0 28 0 
0 0 0 0 28 0 
0 0 0 0 28 0 
0 0 0 0 28 0 
0 0 0 0 28 0 
0 0 0 0 28 0 
0 0 0 0 28 0 
0 0 0 0 28 0 
46 0 0 24 0 0 
46 0 0 24 0 0 
46 0 0 24 0 0 
46 0 0 24 0 0 
46 0 0 24 0 0 
46 0 0 24 0 0 
46 0 0 24 0 0 
46 0 0 24 0 0 
46 0 0 24 0 0 
46 0 0 24 0 0 
46 0 0 24 0 0 
46 0 0 24 0 0 
46 0 0 24 0 0 
46 0 0 24 0 0 
46 0 0 24 0 0 
0 0 0 0 0 27 
0 0 0 0 0 27 
0 0 0 0 0 27 
0 0 0 0 0 27 
0 0 0 0 0 27 
0 0 0 0 0 27 
0 0 0 0 0 27 
0 0 0 0 0 27 
0 0 0 0 0 27 
0 0 0 0 0 27 
0 0 0 0 0 27 
0 0 0 0 0 27 
0 0 0 0 0 27 
0 0 0 0 0 27 
0 0 0 0 0 27 
0 0 0 0 0 17 
0 0 0 0 0 17 
0 0 0 0 0 17 
0 0 0 0 0 17 
0 0 0 0 0 17 
0 0 0 0 0 17 
0 0 0 0 0 17 
0 0 0 0 0 17 
0 0 0 0 0 17 
0 0 0 0 0 17 
0 0 0 0 0 17 
0 0 0 0 0 17 
0 0 0 0 0 17 
0 0 0 0 0 17 
0 0 0 0 0 17 
17 0 0 0 0 0 
17 0 0 0 0 0 
17 0 0 0 0 0 
17 0 0 0 0 0 
17 0 0 0 0 0 
17 0 0 0 0 0 
17 0 0 0 0 0 
17 0 0 0 0 0 
17 0 0 0 0 0 
17 0 0 0 0 0 
17 0 0 0 0 0 
17 0 0 0 0 0 
17 0 0 0 0 0 
17 0 0 0 0 0 
17 0 0 0 0 0 
0 0 0 0 0 56 
0 0 0 0 0 56 
0 0 0 0 0 56 
0 0 0 0 0 56 
0 0 0 0 0 56 
0 0 0 0 0 56 
0 0 0 0 0 56 
0 0 0 0 0 56 
0 0 0 0 0 56 
0 0 0 0 0 56 
0 0 0 0 0 56 
0 0 0 0 0 56 
0 0 0 0 0 56 
0 0 0 0 0 56 
0 0 0 0 0 56 
0 48 0 0 29 0 
0 48 0 0 29 0 
0 48 0 0 29 0 
0 48 0 0 29 0 
0 48 0 0 29 0 
0 48 0 0 29 0 
0 48 0 0 29 0 
0 48 0 0 29 0 
0 48 0 0 29 0 
0 48 0 0 29 0 
0 48 0 0 29 0 
0 48 0 0 29 0 
0 48 0 0 29 0 
0 48 0 0 29 0 
0 48 0 0 29 0 
0 0 0 0 0 31 
0 0 0 0 0 31 
0 0 0 0 0 31 
0 0 0 0 0 31 
0 0 0 0 0 31 
0 0 0 0 0 31 
0 0 0 0 0 31 
0 0 0 0 0 31 
0 0 0 0 0 31 
0 0 0 0 0 31 
0 0 0 0 0 31 
0 0 0 0 0 31 
0 0 0 0 0 31 
0 0 0 0 0 31 
0 0 0 0 0 31 
40 0 0 21 0 0 
40 0 0 21 0 0 
40 0 0 21 0 0 
40 0 0 21 0 0 
40 0 0 21 0 0 
40 0 0 21 0 0 
40 0 0 21 0 0 
40 0 0 21 0 0 
40 0 0 21 0 0 
40 0 0 21 0 0 
40 0 0 21 0 0 
40 0 0 21 0 0 
40 0 0 21 0 0 
40 0 0 21 0 0 
40 0 0 21 0 0 
0 0 35 0 0 0 
0 0 35 0 0 0 
0 0 35 0 0 0 
0 0 35 0 0 0 
0 0 35 0 0 0 
0 0 35 0 0 0 
0 0 35 0 0 0 
0 0 35 0 0 0 
0 0 35 0 0 0 
0 0 35 0 0 0 
0 0 35 0 0 0 
0 0 35 0 0 0 
0 0 35 0 0 0 
0 0 35 0 0 0 
0 0 35 0 0 0 
55 0 0 47 0 0 
55 0 0 47 0 0 
55 0 0 47 0 0 
55 0 0 47 0 0 
55 0 0 47 0 0 
55 0 0 47 0 0 
55 0 0 47 0 0 
55 0 0 47 0 0 
55 0 0 47 0 0 
55 0 0 47 0 0 
55 0 0 47 0 0 
55 0 0 47 0 0 
55 0 0 47 0 0 
55 0 0 47 0 0 
55 0 0 47 0 0 
45 0 0 0 0 0 
45 0 0 0 0 0 
45 0 0 0 0 0 
45 0 0 0 0 0 
45 0 0 0 0 0 
45 0 0 0 0 0 
45 0 0 0 0 0 
45 0 0 0 0 0 
45 0 0 0 0 0 
45 0 0 0 0 0 
45 0 0 0 0 0 
45 0 0 0 0 0 
45 0 0 0 0 0 
45 0 0 0 0 0 
45 0 0 0 0 0 
0 0 0 0 0 53 
0 0 0 0 0 53 
0 0 0 0 0 53 
0 0 0 0 0 53 
0 0 0 0 0 53 
0 0 0 0 0 53 
0 0 0 0 0 53 
0 0 0 0 0 53 
0 0 0 0 0 53 
0 0 0 0 0 53 
0 0 0 0 0 53 
0 0 0 0 0 53 
0 0 0 0 0 53 
0 0 0 0 0 53 
0 0 0 0 0 53 
0 0 0 0 0 15 
0 0 0 0 0 15 
0 0 0 0 0 15 
0 0 0 0 0 15 
0 0 0 0 0 15 
0 0 0 0 0 15 
0 0 0 0 0 15 
0 0 0 0 0 15 
0 0 0 0 0 15 
0 0 0 0 0 15 
0 0 0 0 0 15 
0 0 0 0 0 15 
0 0 0 0 0 15 
0 0 0 0 0 15 
0 0 0 0 0 15 
0 0 37 0 0 39 
0 0 37 0 0 39 
0 0 37 0 0 39 
0 0 37 0 0 39 
0 0 37 0 0 39 
0 0 37 0 0 39 
0 0 37 0 0 39 
0 0 37 0 0 39 
0 0 37 0 0 39 
0 0 37 0 0 39 
0 0 37 0 0 39 
0 0 37 0 0 39 
0 0 37 0 0 39 
0 0 37 0 0 39 
0 0 37 0 0 39 
0 0 0 0 0 54 
0 0 0 0 0 54 
0 0 0 0 0 54 
0 0 0 0 0 54 
0 0 0 0 0 54 
0 0 0 0 0 54 
0 0 0 0 0 54 
0 0 0 0 0 54 
0 0 0 0 0 54 
0 0 0 0 0 54 
0 0 0 0 0 54 
0 0 0 0 0 54 
0 0 0 0 0 54 
0 0 0 0 0 54 
0 0 0 0 0 54 
0 0 18 0 0 0 
0 0 18 0 0 0 
0 0 18 0 0 0 
0 0 18 0 0 0 
0 0 18 0 0 0 
0 0 18 0 0 0 
0 0 18 0 0 0 
0 0 18 0 0 0 
0 0 18 0 0 0 
0 0 18 0 0 0 
0 0 18 0 0 0 
0 0 18 0 0 0 
0 0 18 0 0 0 
0 0 18 0 0 0 
0 0 18 0 0 0 
19 0 0 0 0 0 
19 0 0 0 0 0 
19 0 0 0 0 0 
19 0 0 0 0 0 
19 0 0 0 0 0 
19 0 0 0 0 0 
19 0 0 0 0 0 
19 0 0 0 0 0 
19 0 0 0 0 0 
19 0 0 0 0 0 
19 0 0 0 0 0 
19 0 0 0 0 0 
19 0 0 0 0 0 
19 0 0 0 0 0 
19 0 0 0 0 0 
0 0 0 60 0 0 
0 0 0 60 0 0 
0 0 0 60 0 0 
0 0 0 60 0 0 
0 0 0 60 0 0 
0 0 0 60 0 0 
0 0 0 60 0 0 
0 0 0 60 0 0 
0 0 0 60 0 0 
0 0 0 60 0 0 
0 0 0 60 0 0 
0 0 0 60 0 0 
0 0 0 60 0 0 
0 0 0 60 0 0 
0 0 0 60 0 0 
0 0 0 0 0 51 
0 0 0 0 0 51 
0 0 0 0 0 51 
0 0 0 0 0 51 
0 0 0 0 0 51 
0 0 0 0 0 51 
0 0 0 0 0 51 
0 0 0 0 0 51 
0 0 0 0 0 51 
0 0 0 0 0 51 
0 0 0 0 0 51 
0 0 0 0 0 51 
0 0 0 0 0 51 
0 0 0 0 0 51 
0 0 0 0 0 51 
0 0 0 0 0 26 
0 0 0 0 0 26 
0 0 0 0 0 26 
0 0 0 0 0 26 
0 0 0 0 0 26 
0 0 0 0 0 26 
0 0 0 0 0 26 
0 0 0 0 0 26 
0 0 0 0 0 26 
0 0 0 0 0 26 
0 0 0 0 0 26 
0 0 0 0 0 26 
0 0 0 0 0 26 
0 0 0 0 0 26 
0 0 0 0 0 26 
0 0 34 44 0 0 
0 0 34 44 0 0 
0 0 34 44 0 0 
0 0 34 44 0 0 
0 0 34 44 0 0 
0 0 34 44 0 0 
0 0 34 44 0 0 
0 0 34 44 0 0 
0 0 34 44 0 0 
0 0 34 44 0 0 
0 0 34 44 0 0 
0 0 34 44 0 0 
0 0 34 44 0 0 
0 0 34 44 0 0 
0 0 34 44 0 0 
23 0 0 0 0 0 
23 0 0 0 0 0 
23 0 0 0 0 0 
23 0 0 0 0 0 
23 0 0 0 0 0 
23 0 0 0 0 0 
23 0 0 0 0 0 
23 0 0 0 0 0 
23 0 0 0 0 0 
23 0 0 0 0 0 
23 0 0 0 0 0 
23 0 0 0 0 0 
23 0 0 0 0 0 
23 0 0 0 0 0 
23 0 0 0 0 0 
38 0 0 0 0 0 
38 0 0 0 0 0 
38 0 0 0 0 0 
38 0 0 0 0 0 
38 0 0 0 0 0 
38 0 0 0 0 0 
38 0 0 0 0 0 
38 0 0 0 0 0 
38 0 0 0 0 0 
38 0 0 0 0 0 
38 0 0 0 0 0 
38 0 0 0 0 0 
38 0 0 0 0 0 
38 0 0 0 0 0 
38 0 0 0 0 0 
0 0 0 0 57 0 
0 0 0 0 57 0 
0 0 0 0 57 0 
0 0 0 0 57 0 
0 0 0 0 57 0 
0 0 0 0 57 0 
0 0 0 0 57 0 
0 0 0 0 57 0 
0 0 0 0 57 0 
0 0 0 0 57 0 
0 0 0 0 57 0 
0 0 0 0 57 0 
0 0 0 0 57 0 
0 0 0 0 57 0 
0 0 0 0 57 0 
0 0 0 0 56 0 
0 0 0 0 56 0 
0 0 0 0 56 0 
0 0 0 0 56 0 
0 0 0 0 56 0 
0 0 0 0 56 0 
0 0 0 0 56 0 
0 0 0 0 56 0 
0 0 0 0 56 0 
0 0 0 0 56 0 
0 0 0 0 56 0 
0 0 0 0 56 0 
0 0 0 0 56 0 
0 0 0 0 56 0 
0 0 0 0 56 0 
29 0 0 0 0 0 
29 0 0 0 0 0 
29 0 0 0 0 0 
29 0 0 0 0 0 
29 0 0 0 0 0 
29 0 0 0 0 0 
29 0 0 0 0 0 
29 0 0 0 0 0 
29 0 0 0 0 0 
29 0 0 0 0 0 
29 0 0 0 0 0 
29 0 0 0 0 0 
29 0 0 0 0 0 
29 0 0 0 0 0 
29 0 0 0 0 0 
0 0 32 15 0 0 
0 0 32 15 0 0 
0 0 32 15 0 0 
0 0 32 15 0 0 
0 0 32 15 0 0 
0 0 32 15 0 0 
0 0 32 15 0 0 
0 0 32 15 0 0 
0 0 32 15 0 0 
0 0 32 15 0 0 
0 0 32 15 0 0 
0 0 32 15 0 0 
0 0 32 15 0 0 
0 0 32 15 0 0 
0 0 32 15 0 0 
0 0 0 0 29 0 
0 0 0 0 29 0 
0 0 0 0 29 0 
0 0 0 0 29 0 
0 0 0 0 29 0 
0 0 0 0 29 0 
0 0 0 0 29 0 
0 0 0 0 29 0 
0 0 0 0 29 0 
0 0 0 0 29 0 
0 0 0 0 29 0 
0 0 0 0 29 0 
0 0 0 0 29 0 
0 0 0 0 29 0 
0 0 0 0 29 0 
26 0 0 0 0 0 
26 0 0 0 0 0 
26 0 0 0 0 0 
26 0 0 0 0 0 
26 0 0 0 0 0 
26 0 0 0 0 0 
26 0 0 0 0 0 
26 0 0 0 0 0 
26 0 0 0 0 0 
26 0 0 0 0 0 
26 0 0 0 0 0 
26 0 0 0 0 0 
26 0 0 0 0 0 
26 0 0 0 0 0 
26 0 0 0 0 0 
0 33 0 51 0 0 
0 33 0 51 0 0 
0 33 0 51 0 0 
0 33 0 51 0 0 
0 33 0 51 0 0 
0 33 0 51 0 0 
0 33 0 51 0 0 
0 33 0 51 0 0 
0 33 0 51 0 0 
0 33 0 51 0 0 
0 33 0 51 0 0 
0 33 0 51 0 0 
0 33 0 51 0 0 
0 33 0 51 0 0 
0 33 0 51 0 0 
0 28 0 0 0 46 
0 28 0 0 0 46 
0 28 0 0 0 46 
0 28 0 0 0 46 
0 28 0 0 0 46 
0 28 0 0 0 46 
0 28 0 0 0 46 
0 28 0 0 0 46 
0 28 0 0 0 46 
0 28 0 0 0 46 
0 28 0 0 0 46 
0 28 0 0 0 46 
0 28 0 0 0 46 
0 28 0 0 0 46 
0 28 0 0 0 46 
0 0 23 0 33 0 
0 0 23 0 33 0 
0 0 23 0 33 0 
0 0 23 0 33 0 
0 0 23 0 33 0 
0 0 23 0 33 0 
0 0 23 0 33 0 
0 0 23 0 33 0 
0 0 23 0 33 0 
0 0 23 0 33 0 
0 0 23 0 33 0 
0 0 23 0 33 0 
0 0 23 0 33 0 
0 0 23 0 33 0 
0 0 23 0 33 0 
0 0 0 0 27 0 
0 0 0 0 27 0 
0 0 0 0 27 0 
0 0 0 0 27 0 
0 0 0 0 27 0 
0 0 0 0 27 0 
0 0 0 0 27 0 
0 0 0 0 27 0 
0 0 0 0 27 0 
0 0 0 0 27 0 
0 0 0 0 27 0 
0 0 0 0 27 0 
0 0 0 0 27 0 
0 0 0 0 27 0 
0 0 0 0 27 0 
0 0 57 0 48 0 
0 0 57 0 48 0 
0 0 57 0 48 0 
0 0 57 0 48 0 
0 0 57 0 48 0 
0 0 57 0 48 0 
0 0 57 0 48 0 
0 0 57 0 48 0 
0 0 57 0 48 0 
0 0 57 0 48 0 
0 0 57 0 48 0 
0 0 57 0 48 0 
0 0 57 0 48 0 
0 0 57 0 48 0 
0 0 57 0 48 0 
0 0 21 0 0 0 
0 0 21 0 0 0 
0 0 21 0 0 0 
0 0 21 0 0 0 
0 0 21 0 0 0 
0 0 21 0 0 0 
0 0 21 0 0 0 
0 0 21 0 0 0 
0 0 21 0 0 0 
0 0 21 0 0 0 
0 0 21 0 0 0 
0 0 21 0 0 0 
0 0 21 0 0 0 
0 0 21 0 0 0 
0 0 21 0 0 0 
0 0 0 0 0 33 
0 0 0 0 0 33 
0 0 0 0 0 33 
0 0 0 0 0 33 
0 0 0 0 0 33 
0 0 0 0 0 33 
0 0 0 0 0 33 
0 0 0 0 0 33 
0 0 0 0 0 33 
0 0 0 0 0 33 
0 0 0 0 0 33 
0 0 0 0 0 33 
0 0 0 0 0 33 
0 0 0 0 0 33 
0 0 0 0 0 33 
53 0 0 30 0 0 
53 0 0 30 0 0 
53 0 0 30 0 0 
53 0 0 30 0 0 
53 0 0 30 0 0 
53 0 0 30 0 0 
53 0 0 30 0 0 
53 0 0 30 0 0 
53 0 0 30 0 0 
53 0 0 30 0 0 
53 0 0 30 0 0 
53 0 0 30 0 0 
53 0 0 30 0 0 
53 0 0 30 0 0 
53 0 0 30 0 0 
0 0 44 0 0 0 
0 0 44 0 0 0 
0 0 44 0 0 0 
0 0 44 0 0 0 
0 0 44 0 0 0 
0 0 44 0 0 0 
0 0 44 0 0 0 
0 0 44 0 0 0 
0 0 44 0 0 0 
0 0 44 0 0 0 
0 0 44 0 0 0 
0 0 44 0 0 0 
0 0 44 0 0 0 
0 0 44 0 0 0 
0 0 44 0 0 0 
19 0 0 0 38 0 
19 0 0 0 38 0 
19 0 0 0 38 0 
19 0 0 0 38 0 
19 0 0 0 38 0 
19 0 0 0 38 0 
19 0 0 0 38 0 
19 0 0 0 38 0 
19 0 0 0 38 0 
19 0 0 0 38 0 
19 0 0 0 38 0 
19 0 0 0 38 0 
19 0 0 0 38 0 
19 0 0 0 38 0 
19 0 0 0 38 0 
0 52 0 0 0 0 
0 52 0 0 0 0 
0 52 0 0 0 0 
0 52 0 0 0 0 
0 52 0 0 0 0 
0 52 0 0 0 0 
0 52 0 0 0 0 
0 52 0 0 0 0 
0 52 0 0 0 0 
0 52 0 0 0 0 
0 52 0 0 0 0 
0 52 0 0 0 0 
0 52 0 0 0 0 
0 52 0 0 0 0 
0 52 0 0 0 0 
55 0 0 0 0 0 
55 0 0 0 0 0 
55 0 0 0 0 0 
55 0 0 0 0 0 
55 0 0 0 0 0 
55 0 0 0 0 0 
55 0 0 0 0 0 
55 0 0 0 0 0 
55 0 0 0 0 0 
55 0 0 0 0 0 
55 0 0 0 0 0 
55 0 0 0 0 0 
55 0 0 0 0 0 
55 0 0 0 0 0 
55 0 0 0 0 0 
0 0 32 0 0 0 
0 0 32 0 0 0 
0 0 32 0 0 0 
0 0 32 0 0 0 
0 0 32 0 0 0 
0 0 32 0 0 0 
0 0 32 0 0 0 
0 0 32 0 0 0 
0 0 32 0 0 0 
0 0 32 0 0 0 
0 0 32 0 0 0 
0 0 32 0 0 0 
0 0 32 0 0 0 
0 0 32 0 0 0 
0 0 32 0 0 0 
0.0 0.0 0.0 0.0 0.0 0.0 
0.0 0.0 0.0 0.0 0.0 0.0 
0.0 0.0 0.0 0.0 0.0 0.0 
0.0 0.0 0.0 0.0 0.0 0.0 
0.0 0.0 0.0 0.0 0.0 0.0 
0.0 0.0 0.0 0.0 0.0 0.0 
0.0 0.0 0.0 0.0 0.0 0.0 
0.0 0.0 0.0 0.0 0.0 0.0 
0.0 0.0 0.0 0.0 0.0 0.0 
0.0 0.0 0.0 0.0 0.0 0.0 
0.0 0.0 0.0 0.0 0.0 0.0 
0.0 0.0 0.0 0.0 0.0 0.0 
0.0 0.0 0.0 0.0 0.0 0.0 
0.0 0.0 0.0 0.0 0.0 0.0 
0.0 0.0 0.0 0.0 0.0 0.0 
mind
0 12 0 0 0 0 0 0 0 0 0 20 18 27 0 0 15 0 0 0 0 24 0 0 0 0 0 0 0 12 0 0 0 0 0 0 0 0 0 0 0 0 0 0 0 0 0 18 0 0 0 0 0 0 10 0 0 0 0 0 15 0 0 0 0 16 0 10 0 0 0 0 0 0 0 0 0
maxd
0 24 0 0 0 0 0 0 0 0 0 21 27 27 0 0 29 0 0 0 0 28 0 0 0 0 0 0 0 26 0 0 0 0 0 0 0 0 0 0 0 0 0 0 0 0 0 21 0 0 0 0 0 0 15 0 0 0 0 0 27 0 0 0 0 22 0 19 0 0 0 0 0 0 0 0 0
e
0 609 789 532 629 717 697 776 648 713 580 647 877 603 797 950 825 745 558 727 584 575 485 634 787 702 515 698 609 904 624 935 714 836 769 514 925 835 885 898 546 493 734 688 738 821 904 699 857 943 851 534 574 611 664 748 702 950 837 946 861 707 590 706 700 663 755 747 648 570 519 522 483 654 898 743 0
l
99999 729 909 652 749 837 817 896 768 833 700 767 997 723 917 1070 945 865 678 847 704 695 605 754 907 822 635 818 729 1024 744 1055 834 956 889 634 1045 955 1005 1018 666 613 854 808 858 941 1024 819 977 1063 971 654 694 731 784 868 822 1070 957 1066 981 827 710 826 820 783 875 867 768 690 639 642 603 774 1018 863 99999
