nbNodes
77
nbVehi
15
nbServi
6
r
1 1 1 1 1 1 
1 0 0 1 0 0 
0 0 0 0 0 1 
0 0 0 0 1 0 
0 0 0 0 1 0 
0 0 0 0 0 1 
0 0 0 0 0 1 
0 0 1 0 0 1 
0 0 0 0 0 1 
0 1 0 0 0 1 
0 1 0 0 0 0 
0 1 0 0 0 0 
0 1 0 0 0 0 
0 1 0 1 0 0 
1 0 0 0 0 0 
0 0 1 0 0 0 
0 0 1 0 0 0 
0 1 0 1 0 0 
0 0 0 1 0 0 
0 1 0 0 0 1 
1 0 0 0 1 0 
1 0 0 0 0 0 
0 0 0 0 0 1 
0 1 0 1 0 0 
0 1 0 1 0 0 
0 0 0 0 0 1 
0 1 0 0 0 0 
1 0 0 1 0 0 
0 0 0 1 0 0 
0 1 0 0 0 0 
0 1 0 0 0 0 
0 0 0 1 0 0 
0 0 1 0 0 0 
1 0 0 0 1 0 
0 1 0 0 0 0 
0 0 0 0 1 0 
0 1 0 0 0 0 
0 1 0 0 1 0 
0 0 1 0 0 0 
0 0 1 0 1 0 
0 1 0 0 0 0 
0 0 0 0 1 0 
0 0 0 0 1 0 
0 0 0 0 0 1 
0 0 0 0 0 1 
1 0 0 0 1 0 
0 0 0 0 0 1 
0 0 1 0 0 1 
0 1 0 1 0 0 
1 0 0 0 0 0 
0 0 0 0 0 1 
0 1 0 0 0 0 
0 1 0 0 0 1 
0 0 1 0 0 0 
1 0 0 0 0 0 
0 1 0 0 0 1 
0 1 0 1 0 0 
0 0 0 0 0 1 
0 0 0 1 0 0 
0 0 1 0 0 0 
1 0 0 0 0 0 
0 0 0 0 0 1 
0 0 1 0 0 0 
0 1 0 0 0 1 
0 0 1 0 0 1 
0 1 0 0 0 1 
0 0 0 0 0 1 
0 0 0 0 1 0 
0 1 0 0 0 1 
0 1 0 0 1 0 
0 0 0 1 0 0 
0 0 1 0 0 0 
0 0 0 0 0 1 
0 0 1 0 0 0 
1 0 0 0 0 0 
0 0 0 0 1 0 
1 1 1 1 1 1 
DS
2 8 10 14 18 20 21 24 25 28 34 38 40 46 48 49 53 56 57 64 65 66 69 70 
a
1 1 1 0 0 0 
1 1 1 0 0 0 
0 1 1 0 0 0 
0 1 0 0 0 0 
1 1 0 0 0 0 
1 1 0 0 0 0 
1 1 1 0 0 0 
0 0 0 1 0 1 
0 0 0 1 0 1 
0 0 0 1 1 1 
0 0 0 0 1 1 
0 0 0 0 0 1 
0 0 0 0 1 1 
0 0 0 0 1 0 
0 0 0 0 1 1 
x
-30.1099 -30.0939 -30.0602 -30.1234 -30.011 -30.0392 -30.0383 -30.0157 -30.1459 -29.9826 -30.0447 -30.0173 -30.0297 -30.1574 -30.0903 -30.0292 -30.0596 -30.134 -30.0455 -30.1037 -30.1288 -30.0477 -30.0406 -30.2315 -30.0084 -30.0463 -30.0018 -30.1278 -30.073 -30.1268 -30.0277 -30.0968 -30.0017 -30.0812 -29.9742 -30.0194 -29.9986 -30.0119 -30.0245 -30.0419 -30.1033 -30.0914 -29.9832 -30.0834 -29.9967 -30.0311 -30.1262 -30.1127 -30.0662 -30.0104 -30.1394 -29.9901 -30.0781 -30.0742 -30.0004 -30.0167 -30.0813 -30.164 -30.0005 -30.0141 -30.0991 -30.1571 -30.1572 -30.0997 -30.0996 -30.0246 -30.1542 -30.0437 -30.1557 -30.1099 -30.1526 -30.0288 -30.1091 -30.0492 -30.0378 -30.0158 -30.1099
y
-51.1399 -51.175 -51.1524 -51.2109 -51.1343 -51.1911 -51.2244 -51.1875 -51.129 -51.136 -51.0969 -51.214 -51.2131 -51.137 -51.1214 -51.1915 -51.1856 -51.2001 -51.1899 -51.2177 -51.2271 -51.1321 -51.1541 -51.0588 -51.1154 -51.1555 -51.1682 -51.2022 -51.17 -51.2172 -51.1283 -51.2401 -51.1 -51.116 -51.1713 -51.1397 -51.0967 -51.112 -51.2159 -51.1495 -51.2409 -51.1812 -51.1938 -51.2268 -51.1476 -51.138 -51.1092 -51.2526 -51.1571 -51.1343 -51.1735 -51.0958 -51.2246 -51.1768 -51.1324 -51.1321 -51.224 -51.2021 -51.1921 -51.1573 -51.2415 -51.1647 -51.1695 -51.1712 -51.1409 -51.1012 -51.1533 -51.1425 -51.1337 -51.1399 -51.1347 -51.1103 -51.2178 -51.1476 -51.131 -51.1192 -51.1399
d
0.00000 14.00000 15.00000 21.00000 26.00000 23.00000 27.00000 25.00000 13.00000 33.00000 22.00000 29.00000 26.00000 17.00000 9.00000 25.00000 20.00000 23.00000 22.00000 23.00000 23.00000 19.00000 19.00000 37.00000 26.00000 18.00000 29.00000 20.00000 20.00000 22.00000 24.00000 26.00000 30.00000 12.00000 33.00000 23.00000 30.00000 27.00000 27.00000 19.00000 26.00000 13.00000 30.00000 24.00000 31.00000 22.00000 15.00000 29.00000 16.00000 26.00000 15.00000 31.00000 23.00000 22.00000 28.00000 25.00000 23.00000 24.00000 27.00000 26.00000 26.00000 20.00000 21.00000 10.00000 4.00000 27.00000 20.00000 18.00000 17.00000 0.00000 16.00000 25.00000 22.00000 17.00000 20.00000 25.00000 0.00000
14.00000 0.00000 17.00000 14.00000 27.00000 18.00000 18.00000 21.00000 24.00000 33.00000 27.00000 21.00000 18.00000 23.00000 17.00000 19.00000 15.00000 19.00000 17.00000 16.00000 17.00000 23.00000 19.00000 36.00000 29.00000 19.00000 27.00000 15.00000 15.00000 16.00000 27.00000 16.00000 33.00000 19.00000 29.00000 25.00000 33.00000 30.00000 20.00000 19.00000 17.00000 3.00000 26.00000 15.00000 31.00000 23.00000 23.00000 20.00000 17.00000 27.00000 13.00000 34.00000 14.00000 15.00000 28.00000 27.00000 14.00000 22.00000 23.00000 24.00000 17.00000 18.00000 19.00000 5.00000 11.00000 30.00000 21.00000 22.00000 24.00000 14.00000 23.00000 28.00000 14.00000 20.00000 23.00000 28.00000 14.00000
14.00000 19.00000 0.00000 21.00000 14.00000 12.00000 15.00000 14.00000 25.00000 21.00000 13.00000 18.00000 15.00000 29.00000 8.00000 14.00000 8.00000 27.00000 11.00000 19.00000 21.00000 8.00000 7.00000 45.00000 14.00000 6.00000 17.00000 24.00000 8.00000 22.00000 12.00000 18.00000 18.00000 7.00000 21.00000 12.00000 18.00000 15.00000 16.00000 7.00000 18.00000 16.00000 19.00000 17.00000 19.00000 10.00000 16.00000 22.00000 4.00000 14.00000 24.00000 19.00000 15.00000 10.00000 16.00000 14.00000 15.00000 30.00000 16.00000 14.00000 18.00000 29.00000 30.00000 16.00000 10.00000 15.00000 31.00000 7.00000 28.00000 14.00000 27.00000 14.00000 19.00000 6.00000 9.00000 13.00000 14.00000
20.00000 15.00000 19.00000 0.00000 29.00000 20.00000 20.00000 24.00000 20.00000 35.00000 29.00000 24.00000 21.00000 19.00000 25.00000 22.00000 17.00000 7.00000 19.00000 6.00000 5.00000 26.00000 21.00000 32.00000 31.00000 21.00000 29.00000 3.00000 18.00000 2.00000 29.00000 9.00000 35.00000 25.00000 31.00000 27.00000 35.00000 32.00000 22.00000 21.00000 9.00000 14.00000 28.00000 10.00000 33.00000 25.00000 30.00000 11.00000 19.00000 29.00000 9.00000 36.00000 12.00000 17.00000 30.00000 29.00000 10.00000 14.00000 25.00000 26.00000 9.00000 14.00000 14.00000 13.00000 19.00000 32.00000 17.00000 24.00000 20.00000 20.00000 19.00000 30.00000 4.00000 23.00000 25.00000 30.00000 20.00000
26.00000 30.00000 15.00000 32.00000 0.00000 14.00000 20.00000 11.00000 36.00000 9.00000 11.00000 16.00000 15.00000 40.00000 20.00000 13.00000 18.00000 38.00000 17.00000 30.00000 32.00000 11.00000 9.00000 53.00000 7.00000 11.00000 9.00000 35.00000 19.00000 33.00000 6.00000 29.00000 10.00000 19.00000 17.00000 3.00000 11.00000 7.00000 16.00000 10.00000 29.00000 27.00000 15.00000 27.00000 6.00000 6.00000 28.00000 31.00000 16.00000 1.00000 36.00000 11.00000 24.00000 21.00000 4.00000 3.00000 26.00000 41.00000 11.00000 9.00000 29.00000 41.00000 42.00000 28.00000 22.00000 9.00000 43.00000 9.00000 40.00000 26.00000 39.00000 9.00000 30.00000 10.00000 9.00000 4.00000 26.00000
23.00000 18.00000 10.00000 21.00000 14.00000 0.00000 10.00000 7.00000 34.00000 19.00000 16.00000 9.00000 6.00000 36.00000 18.00000 5.00000 7.00000 27.00000 4.00000 18.00000 21.00000 12.00000 8.00000 50.00000 17.00000 8.00000 13.00000 24.00000 12.00000 21.00000 15.00000 17.00000 21.00000 17.00000 15.00000 13.00000 22.00000 18.00000 7.00000 8.00000 18.00000 15.00000 13.00000 16.00000 17.00000 11.00000 26.00000 21.00000 11.00000 14.00000 26.00000 22.00000 14.00000 12.00000 14.00000 15.00000 15.00000 30.00000 9.00000 10.00000 18.00000 32.00000 32.00000 18.00000 19.00000 18.00000 34.00000 11.00000 37.00000 23.00000 36.00000 17.00000 18.00000 10.00000 12.00000 16.00000 23.00000
26.00000 16.00000 14.00000 20.00000 19.00000 9.00000 0.00000 11.00000 36.00000 23.00000 21.00000 8.00000 5.00000 35.00000 21.00000 9.00000 10.00000 25.00000 8.00000 17.00000 20.00000 17.00000 13.00000 48.00000 22.00000 14.00000 16.00000 22.00000 13.00000 20.00000 20.00000 14.00000 25.00000 20.00000 16.00000 19.00000 25.00000 24.00000 6.00000 13.00000 16.00000 14.00000 13.00000 14.00000 20.00000 17.00000 29.00000 16.00000 14.00000 19.00000 25.00000 24.00000 11.00000 13.00000 19.00000 21.00000 12.00000 28.00000 12.00000 16.00000 15.00000 30.00000 31.00000 17.00000 22.00000 23.00000 33.00000 16.00000 36.00000 26.00000 36.00000 22.00000 17.00000 15.00000 17.00000 21.00000 26.00000
25.00000 21.00000 12.00000 24.00000 11.00000 6.00000 10.00000 0.00000 36.00000 16.00000 18.00000 7.00000 6.00000 39.00000 20.00000 5.00000 9.00000 29.00000 8.00000 21.00000 23.00000 14.00000 9.00000 53.00000 17.00000 10.00000 10.00000 26.00000 13.00000 24.00000 16.00000 20.00000 21.00000 18.00000 10.00000 13.00000 20.00000 17.00000 7.00000 10.00000 21.00000 18.00000 8.00000 19.00000 14.00000 13.00000 28.00000 23.00000 13.00000 11.00000 29.00000 20.00000 16.00000 15.00000 12.00000 13.00000 18.00000 32.00000 5.00000 9.00000 20.00000 34.00000 35.00000 21.00000 21.00000 19.00000 37.00000 12.00000 39.00000 25.00000 38.00000 18.00000 21.00000 12.00000 14.00000 14.00000 25.00000
13.00000 24.00000 26.00000 20.00000 37.00000 34.00000 37.00000 36.00000 0.00000 44.00000 29.00000 40.00000 37.00000 5.00000 19.00000 36.00000 30.00000 22.00000 33.00000 23.00000 22.00000 30.00000 30.00000 25.00000 36.00000 29.00000 40.00000 20.00000 31.00000 21.00000 34.00000 26.00000 37.00000 23.00000 43.00000 34.00000 37.00000 37.00000 38.00000 29.00000 26.00000 23.00000 41.00000 27.00000 41.00000 32.00000 11.00000 27.00000 27.00000 36.00000 13.00000 38.00000 29.00000 32.00000 39.00000 36.00000 27.00000 17.00000 38.00000 36.00000 26.00000 10.00000 11.00000 21.00000 17.00000 36.00000 8.00000 29.00000 5.00000 13.00000 4.00000 35.00000 21.00000 28.00000 31.00000 36.00000 13.00000
32.00000 34.00000 21.00000 37.00000 9.00000 19.00000 24.00000 16.00000 43.00000 0.00000 18.00000 19.00000 20.00000 47.00000 27.00000 17.00000 23.00000 43.00000 21.00000 34.00000 37.00000 18.00000 16.00000 59.00000 11.00000 17.00000 10.00000 39.00000 25.00000 37.00000 13.00000 33.00000 12.00000 26.00000 19.00000 10.00000 12.00000 12.00000 20.00000 16.00000 34.00000 31.00000 16.00000 32.00000 7.00000 13.00000 35.00000 36.00000 23.00000 9.00000 42.00000 11.00000 29.00000 27.00000 6.00000 10.00000 30.00000 46.00000 13.00000 14.00000 33.00000 48.00000 48.00000 34.00000 28.00000 15.00000 49.00000 16.00000 47.00000 32.00000 45.00000 15.00000 34.00000 17.00000 16.00000 10.00000 32.00000
23.00000 29.00000 14.00000 32.00000 13.00000 16.00000 23.00000 18.00000 29.00000 18.00000 0.00000 23.00000 20.00000 33.00000 16.00000 18.00000 17.00000 37.00000 17.00000 29.00000 32.00000 9.00000 9.00000 44.00000 10.00000 11.00000 18.00000 34.00000 18.00000 32.00000 10.00000 28.00000 14.00000 14.00000 25.00000 13.00000 14.00000 11.00000 21.00000 9.00000 29.00000 26.00000 23.00000 27.00000 15.00000 10.00000 25.00000 32.00000 15.00000 13.00000 33.00000 15.00000 25.00000 21.00000 14.00000 12.00000 26.00000 40.00000 19.00000 16.00000 28.00000 38.00000 39.00000 25.00000 19.00000 8.00000 36.00000 8.00000 33.00000 23.00000 32.00000 8.00000 29.00000 10.00000 7.00000 9.00000 23.00000
29.00000 21.00000 16.00000 24.00000 15.00000 10.00000 8.00000 6.00000 40.00000 19.00000 23.00000 0.00000 4.00000 39.00000 24.00000 7.00000 12.00000 30.00000 10.00000 21.00000 24.00000 19.00000 14.00000 53.00000 20.00000 15.00000 12.00000 27.00000 17.00000 24.00000 20.00000 19.00000 21.00000 22.00000 12.00000 17.00000 20.00000 21.00000 3.00000 15.00000 21.00000 18.00000 8.00000 18.00000 16.00000 17.00000 32.00000 21.00000 17.00000 15.00000 29.00000 20.00000 16.00000 17.00000 15.00000 17.00000 17.00000 33.00000 8.00000 13.00000 20.00000 35.00000 35.00000 21.00000 25.00000 22.00000 37.00000 17.00000 40.00000 29.00000 40.00000 23.00000 22.00000 17.00000 19.00000 17.00000 29.00000
26.00000 19.00000 13.00000 22.00000 14.00000 7.00000 7.00000 6.00000 37.00000 20.00000 20.00000 5.00000 0.00000 37.00000 21.00000 4.00000 9.00000 28.00000 7.00000 19.00000 22.00000 16.00000 12.00000 51.00000 20.00000 12.00000 14.00000 24.00000 14.00000 22.00000 18.00000 17.00000 23.00000 20.00000 14.00000 16.00000 23.00000 20.00000 4.00000 12.00000 19.00000 16.00000 10.00000 16.00000 17.00000 15.00000 29.00000 19.00000 14.00000 14.00000 27.00000 22.00000 13.00000 14.00000 15.00000 16.00000 15.00000 31.00000 9.00000 11.00000 18.00000 32.00000 33.00000 19.00000 22.00000 22.00000 35.00000 15.00000 38.00000 26.00000 38.00000 21.00000 19.00000 14.00000 16.00000 17.00000 26.00000
17.00000 23.00000 29.00000 19.00000 40.00000 36.00000 36.00000 39.00000 5.00000 47.00000 33.00000 40.00000 37.00000 0.00000 22.00000 38.00000 33.00000 20.00000 34.00000 22.00000 20.00000 34.00000 34.00000 23.00000 40.00000 32.00000 43.00000 18.00000 34.00000 19.00000 38.00000 25.00000 41.00000 27.00000 47.00000 38.00000 41.00000 41.00000 38.00000 33.00000 25.00000 22.00000 44.00000 26.00000 45.00000 36.00000 15.00000 25.00000 30.00000 40.00000 12.00000 42.00000 28.00000 33.00000 43.00000 40.00000 26.00000 15.00000 41.00000 40.00000 25.00000 7.00000 9.00000 20.00000 21.00000 40.00000 5.00000 33.00000 2.00000 17.00000 3.00000 39.00000 20.00000 32.00000 35.00000 39.00000 17.00000
9.00000 17.00000 10.00000 25.00000 21.00000 19.00000 22.00000 21.00000 19.00000 28.00000 16.00000 24.00000 21.00000 23.00000 0.00000 21.00000 15.00000 28.00000 18.00000 26.00000 27.00000 14.00000 14.00000 39.00000 21.00000 13.00000 24.00000 25.00000 15.00000 26.00000 19.00000 25.00000 25.00000 5.00000 28.00000 19.00000 25.00000 22.00000 23.00000 14.00000 25.00000 16.00000 26.00000 24.00000 26.00000 17.00000 10.00000 29.00000 11.00000 21.00000 20.00000 26.00000 22.00000 17.00000 23.00000 21.00000 22.00000 30.00000 22.00000 21.00000 25.00000 26.00000 27.00000 13.00000 7.00000 22.00000 25.00000 14.00000 22.00000 9.00000 21.00000 21.00000 25.00000 13.00000 16.00000 20.00000 9.00000
25.00000 20.00000 11.00000 23.00000 12.00000 5.00000 10.00000 5.00000 35.00000 17.00000 17.00000 8.00000 6.00000 38.00000 19.00000 0.00000 9.00000 28.00000 7.00000 20.00000 23.00000 13.00000 9.00000 51.00000 17.00000 10.00000 11.00000 25.00000 13.00000 23.00000 15.00000 19.00000 21.00000 18.00000 14.00000 13.00000 21.00000 18.00000 7.00000 9.00000 20.00000 17.00000 11.00000 17.00000 15.00000 12.00000 27.00000 21.00000 13.00000 12.00000 28.00000 20.00000 14.00000 15.00000 12.00000 13.00000 16.00000 31.00000 8.00000 9.00000 19.00000 33.00000 34.00000 20.00000 21.00000 19.00000 36.00000 12.00000 39.00000 25.00000 38.00000 18.00000 20.00000 11.00000 13.00000 14.00000 25.00000
20.00000 13.00000 6.00000 16.00000 17.00000 8.00000 10.00000 11.00000 30.00000 23.00000 17.00000 13.00000 10.00000 31.00000 14.00000 10.00000 0.00000 22.00000 6.00000 13.00000 16.00000 13.00000 9.00000 45.00000 18.00000 8.00000 17.00000 18.00000 8.00000 16.00000 16.00000 12.00000 22.00000 13.00000 18.00000 15.00000 23.00000 19.00000 12.00000 9.00000 13.00000 10.00000 16.00000 11.00000 20.00000 13.00000 22.00000 16.00000 8.00000 17.00000 21.00000 23.00000 10.00000 8.00000 18.00000 17.00000 10.00000 25.00000 13.00000 14.00000 12.00000 27.00000 27.00000 13.00000 16.00000 19.00000 29.00000 12.00000 32.00000 20.00000 32.00000 18.00000 13.00000 10.00000 13.00000 17.00000 20.00000
23.00000 19.00000 25.00000 7.00000 35.00000 26.00000 26.00000 29.00000 21.00000 41.00000 35.00000 30.00000 27.00000 19.00000 28.00000 28.00000 23.00000 0.00000 25.00000 12.00000 10.00000 31.00000 27.00000 33.00000 37.00000 27.00000 35.00000 4.00000 24.00000 8.00000 35.00000 15.00000 41.00000 30.00000 37.00000 33.00000 41.00000 38.00000 28.00000 27.00000 15.00000 18.00000 34.00000 16.00000 39.00000 31.00000 31.00000 17.00000 25.00000 35.00000 10.00000 42.00000 18.00000 23.00000 36.00000 35.00000 16.00000 11.00000 31.00000 32.00000 15.00000 13.00000 13.00000 17.00000 22.00000 38.00000 18.00000 30.00000 20.00000 23.00000 20.00000 36.00000 10.00000 28.00000 31.00000 36.00000 23.00000
23.00000 17.00000 9.00000 20.00000 15.00000 3.00000 10.00000 10.00000 33.00000 21.00000 15.00000 10.00000 7.00000 35.00000 17.00000 6.00000 6.00000 26.00000 0.00000 17.00000 20.00000 11.00000 7.00000 49.00000 17.00000 8.00000 15.00000 23.00000 11.00000 20.00000 15.00000 16.00000 21.00000 16.00000 17.00000 13.00000 21.00000 18.00000 9.00000 7.00000 17.00000 15.00000 15.00000 15.00000 19.00000 11.00000 25.00000 20.00000 10.00000 15.00000 26.00000 22.00000 13.00000 11.00000 16.00000 15.00000 14.00000 29.00000 12.00000 12.00000 17.00000 31.00000 31.00000 18.00000 19.00000 18.00000 33.00000 10.00000 37.00000 23.00000 36.00000 16.00000 17.00000 9.00000 11.00000 16.00000 23.00000
23.00000 16.00000 16.00000 6.00000 27.00000 18.00000 18.00000 21.00000 23.00000 32.00000 27.00000 21.00000 18.00000 21.00000 23.00000 19.00000 14.00000 12.00000 16.00000 0.00000 8.00000 23.00000 19.00000 35.00000 28.00000 18.00000 26.00000 8.00000 16.00000 7.00000 26.00000 7.00000 32.00000 22.00000 28.00000 24.00000 32.00000 29.00000 20.00000 19.00000 6.00000 13.00000 26.00000 7.00000 30.00000 23.00000 31.00000 9.00000 16.00000 27.00000 12.00000 33.00000 10.00000 14.00000 27.00000 27.00000 8.00000 17.00000 23.00000 24.00000 7.00000 17.00000 18.00000 15.00000 21.00000 29.00000 19.00000 22.00000 23.00000 23.00000 22.00000 28.00000 3.00000 20.00000 23.00000 27.00000 23.00000
23.00000 17.00000 20.00000 5.00000 31.00000 22.00000 21.00000 25.00000 23.00000 36.00000 31.00000 25.00000 22.00000 20.00000 27.00000 23.00000 18.00000 10.00000 20.00000 8.00000 0.00000 27.00000 22.00000 33.00000 32.00000 22.00000 30.00000 7.00000 20.00000 4.00000 30.00000 9.00000 36.00000 26.00000 32.00000 28.00000 36.00000 33.00000 24.00000 23.00000 8.00000 16.00000 29.00000 11.00000 34.00000 27.00000 32.00000 7.00000 20.00000 31.00000 11.00000 37.00000 13.00000 18.00000 31.00000 31.00000 12.00000 11.00000 26.00000 27.00000 8.00000 14.00000 13.00000 16.00000 22.00000 33.00000 19.00000 25.00000 21.00000 23.00000 21.00000 31.00000 7.00000 24.00000 27.00000 31.00000 23.00000
19.00000 24.00000 9.00000 27.00000 11.00000 12.00000 20.00000 15.00000 30.00000 17.00000 8.00000 20.00000 17.00000 34.00000 14.00000 14.00000 12.00000 32.00000 13.00000 24.00000 27.00000 0.00000 6.00000 50.00000 10.00000 8.00000 16.00000 29.00000 13.00000 27.00000 8.00000 23.00000 14.00000 13.00000 22.00000 9.00000 14.00000 11.00000 18.00000 6.00000 24.00000 21.00000 20.00000 22.00000 15.00000 7.00000 22.00000 27.00000 10.00000 11.00000 30.00000 15.00000 20.00000 16.00000 13.00000 9.00000 21.00000 35.00000 16.00000 13.00000 23.00000 35.00000 36.00000 22.00000 15.00000 11.00000 37.00000 4.00000 34.00000 19.00000 32.00000 9.00000 24.00000 7.00000 4.00000 9.00000 19.00000
19.00000 21.00000 6.00000 24.00000 9.00000 7.00000 15.00000 9.00000 30.00000 14.00000 9.00000 14.00000 11.00000 34.00000 13.00000 9.00000 9.00000 29.00000 8.00000 21.00000 23.00000 6.00000 0.00000 50.00000 11.00000 2.00000 10.00000 26.00000 10.00000 24.00000 8.00000 20.00000 15.00000 12.00000 17.00000 6.00000 15.00000 12.00000 13.00000 1.00000 20.00000 18.00000 14.00000 19.00000 12.00000 5.00000 21.00000 24.00000 8.00000 9.00000 29.00000 16.00000 17.00000 13.00000 9.00000 9.00000 18.00000 32.00000 11.00000 7.00000 20.00000 34.00000 34.00000 21.00000 15.00000 12.00000 36.00000 4.00000 33.00000 19.00000 32.00000 10.00000 21.00000 3.00000 5.00000 10.00000 19.00000
37.00000 36.00000 45.00000 32.00000 55.00000 49.00000 49.00000 52.00000 25.00000 60.00000 45.00000 53.00000 50.00000 22.00000 38.00000 51.00000 46.00000 33.00000 48.00000 35.00000 33.00000 50.00000 50.00000 0.00000 53.00000 48.00000 58.00000 31.00000 47.00000 32.00000 54.00000 38.00000 51.00000 43.00000 60.00000 54.00000 51.00000 51.00000 51.00000 49.00000 38.00000 35.00000 57.00000 39.00000 58.00000 52.00000 32.00000 38.00000 46.00000 55.00000 25.00000 51.00000 41.00000 46.00000 56.00000 55.00000 39.00000 28.00000 54.00000 55.00000 38.00000 20.00000 22.00000 33.00000 38.00000 52.00000 22.00000 49.00000 23.00000 37.00000 23.00000 51.00000 33.00000 48.00000 51.00000 52.00000 37.00000
26.00000 30.00000 15.00000 33.00000 7.00000 17.00000 24.00000 15.00000 36.00000 11.00000 11.00000 20.00000 20.00000 40.00000 20.00000 17.00000 19.00000 39.00000 18.00000 30.00000 33.00000 10.00000 11.00000 52.00000 0.00000 12.00000 11.00000 35.00000 20.00000 33.00000 7.00000 29.00000 6.00000 19.00000 19.00000 9.00000 6.00000 3.00000 20.00000 10.00000 30.00000 27.00000 18.00000 28.00000 8.00000 10.00000 28.00000 33.00000 16.00000 7.00000 36.00000 8.00000 27.00000 22.00000 8.00000 8.00000 27.00000 42.00000 14.00000 13.00000 30.00000 41.00000 42.00000 28.00000 22.00000 8.00000 43.00000 9.00000 40.00000 26.00000 39.00000 8.00000 30.00000 11.00000 9.00000 3.00000 26.00000
18.00000 20.00000 5.00000 22.00000 11.00000 9.00000 16.00000 11.00000 29.00000 16.00000 10.00000 16.00000 13.00000 33.00000 12.00000 11.00000 8.00000 28.00000 10.00000 20.00000 22.00000 7.00000 2.00000 49.00000 12.00000 0.00000 12.00000 25.00000 9.00000 23.00000 10.00000 19.00000 16.00000 11.00000 18.00000 8.00000 16.00000 13.00000 14.00000 2.00000 19.00000 17.00000 16.00000 17.00000 14.00000 7.00000 20.00000 22.00000 7.00000 10.00000 28.00000 17.00000 16.00000 11.00000 11.00000 10.00000 16.00000 31.00000 12.00000 9.00000 19.00000 33.00000 33.00000 20.00000 14.00000 13.00000 35.00000 5.00000 32.00000 18.00000 31.00000 11.00000 20.00000 5.00000 7.00000 11.00000 18.00000
27.00000 26.00000 14.00000 29.00000 8.00000 11.00000 15.00000 8.00000 38.00000 11.00000 18.00000 11.00000 12.00000 42.00000 22.00000 9.00000 15.00000 35.00000 13.00000 26.00000 29.00000 14.00000 9.00000 58.00000 12.00000 10.00000 0.00000 32.00000 16.00000 29.00000 13.00000 25.00000 16.00000 21.00000 10.00000 10.00000 16.00000 13.00000 11.00000 10.00000 26.00000 24.00000 8.00000 24.00000 9.00000 11.00000 30.00000 28.00000 16.00000 8.00000 35.00000 15.00000 21.00000 19.00000 7.00000 10.00000 22.00000 38.00000 4.00000 6.00000 26.00000 40.00000 40.00000 27.00000 23.00000 15.00000 42.00000 12.00000 42.00000 27.00000 40.00000 16.00000 26.00000 12.00000 14.00000 10.00000 27.00000
20.00000 15.00000 21.00000 3.00000 32.00000 23.00000 23.00000 26.00000 20.00000 38.00000 32.00000 27.00000 23.00000 18.00000 25.00000 24.00000 20.00000 4.00000 21.00000 8.00000 7.00000 28.00000 24.00000 31.00000 33.00000 23.00000 32.00000 0.00000 21.00000 4.00000 31.00000 12.00000 37.00000 27.00000 33.00000 30.00000 38.00000 34.00000 25.00000 24.00000 11.00000 14.00000 31.00000 12.00000 35.00000 28.00000 29.00000 14.00000 21.00000 32.00000 9.00000 38.00000 15.00000 20.00000 33.00000 32.00000 13.00000 11.00000 28.00000 29.00000 12.00000 11.00000 11.00000 13.00000 19.00000 34.00000 16.00000 27.00000 19.00000 20.00000 19.00000 33.00000 7.00000 25.00000 28.00000 33.00000 20.00000
19.00000 15.00000 7.00000 20.00000 19.00000 12.00000 14.00000 15.00000 29.00000 25.00000 18.00000 18.00000 15.00000 33.00000 13.00000 14.00000 8.00000 26.00000 10.00000 18.00000 20.00000 13.00000 11.00000 48.00000 20.00000 10.00000 19.00000 23.00000 0.00000 21.00000 18.00000 17.00000 24.00000 12.00000 22.00000 17.00000 24.00000 21.00000 16.00000 11.00000 17.00000 15.00000 20.00000 16.00000 22.00000 15.00000 21.00000 21.00000 6.00000 19.00000 25.00000 25.00000 14.00000 6.00000 20.00000 19.00000 14.00000 29.00000 17.00000 16.00000 17.00000 30.00000 31.00000 17.00000 15.00000 21.00000 32.00000 13.00000 33.00000 19.00000 32.00000 19.00000 18.00000 11.00000 15.00000 19.00000 19.00000
22.00000 16.00000 20.00000 2.00000 30.00000 21.00000 21.00000 25.00000 21.00000 36.00000 30.00000 25.00000 22.00000 20.00000 26.00000 23.00000 18.00000 7.00000 20.00000 7.00000 4.00000 26.00000 22.00000 34.00000 32.00000 22.00000 30.00000 4.00000 19.00000 0.00000 30.00000 8.00000 36.00000 26.00000 32.00000 28.00000 36.00000 33.00000 23.00000 22.00000 8.00000 15.00000 29.00000 11.00000 34.00000 26.00000 31.00000 10.00000 20.00000 30.00000 10.00000 37.00000 13.00000 18.00000 31.00000 30.00000 11.00000 12.00000 26.00000 27.00000 8.00000 15.00000 14.00000 15.00000 20.00000 33.00000 18.00000 25.00000 21.00000 22.00000 21.00000 31.00000 6.00000 23.00000 26.00000 31.00000 22.00000
23.00000 28.00000 13.00000 30.00000 7.00000 14.00000 22.00000 16.00000 34.00000 13.00000 10.00000 21.00000 19.00000 38.00000 18.00000 15.00000 16.00000 36.00000 15.00000 28.00000 30.00000 8.00000 8.00000 52.00000 7.00000 10.00000 14.00000 33.00000 17.00000 31.00000 0.00000 27.00000 11.00000 17.00000 22.00000 6.00000 11.00000 8.00000 20.00000 8.00000 27.00000 25.00000 20.00000 25.00000 11.00000 4.00000 26.00000 30.00000 13.00000 7.00000 33.00000 12.00000 24.00000 19.00000 9.00000 5.00000 24.00000 39.00000 17.00000 11.00000 27.00000 39.00000 40.00000 26.00000 19.00000 8.00000 40.00000 6.00000 38.00000 23.00000 36.00000 8.00000 28.00000 9.00000 6.00000 6.00000 23.00000
26.00000 16.00000 17.00000 9.00000 27.00000 18.00000 15.00000 21.00000 26.00000 33.00000 27.00000 20.00000 16.00000 25.00000 24.00000 19.00000 15.00000 15.00000 16.00000 7.00000 8.00000 23.00000 19.00000 38.00000 29.00000 19.00000 27.00000 12.00000 16.00000 8.00000 27.00000 0.00000 33.00000 23.00000 27.00000 25.00000 33.00000 30.00000 18.00000 19.00000 3.00000 13.00000 24.00000 8.00000 31.00000 23.00000 32.00000 6.00000 17.00000 27.00000 15.00000 34.00000 8.00000 15.00000 28.00000 27.00000 8.00000 17.00000 23.00000 24.00000 2.00000 19.00000 19.00000 16.00000 23.00000 30.00000 23.00000 22.00000 26.00000 26.00000 26.00000 28.00000 7.00000 20.00000 23.00000 28.00000 26.00000
30.00000 34.00000 19.00000 37.00000 11.00000 21.00000 27.00000 19.00000 38.00000 13.00000 14.00000 24.00000 24.00000 42.00000 24.00000 21.00000 23.00000 43.00000 22.00000 34.00000 37.00000 14.00000 14.00000 49.00000 6.00000 16.00000 15.00000 39.00000 23.00000 37.00000 11.00000 33.00000 0.00000 23.00000 19.00000 13.00000 2.00000 6.00000 23.00000 14.00000 34.00000 31.00000 22.00000 32.00000 12.00000 14.00000 32.00000 37.00000 20.00000 11.00000 40.00000 4.00000 31.00000 26.00000 12.00000 12.00000 31.00000 46.00000 18.00000 17.00000 33.00000 45.00000 46.00000 32.00000 26.00000 8.00000 44.00000 13.00000 41.00000 30.00000 40.00000 10.00000 34.00000 15.00000 12.00000 7.00000 30.00000
13.00000 21.00000 12.00000 29.00000 22.00000 20.00000 23.00000 22.00000 23.00000 28.00000 12.00000 26.00000 23.00000 27.00000 5.00000 22.00000 16.00000 32.00000 19.00000 27.00000 30.00000 16.00000 16.00000 43.00000 21.00000 14.00000 25.00000 29.00000 17.00000 30.00000 20.00000 26.00000 25.00000 0.00000 29.00000 20.00000 25.00000 21.00000 24.00000 15.00000 27.00000 20.00000 27.00000 25.00000 26.00000 18.00000 14.00000 30.00000 12.00000 22.00000 24.00000 26.00000 24.00000 18.00000 24.00000 22.00000 24.00000 34.00000 24.00000 22.00000 26.00000 30.00000 31.00000 17.00000 11.00000 19.00000 29.00000 15.00000 26.00000 13.00000 25.00000 18.00000 27.00000 14.00000 17.00000 20.00000 13.00000
34.00000 28.00000 20.00000 32.00000 16.00000 15.00000 16.00000 10.00000 45.00000 15.00000 23.00000 12.00000 13.00000 47.00000 28.00000 14.00000 18.00000 37.00000 17.00000 29.00000 31.00000 22.00000 18.00000 60.00000 15.00000 19.00000 13.00000 34.00000 22.00000 32.00000 19.00000 27.00000 15.00000 27.00000 0.00000 18.00000 14.00000 16.00000 12.00000 18.00000 28.00000 26.00000 9.00000 26.00000 15.00000 20.00000 36.00000 29.00000 22.00000 16.00000 37.00000 13.00000 23.00000 24.00000 14.00000 18.00000 25.00000 40.00000 7.00000 14.00000 28.00000 42.00000 42.00000 29.00000 30.00000 20.00000 45.00000 21.00000 48.00000 34.00000 47.00000 20.00000 29.00000 20.00000 21.00000 15.00000 34.00000
24.00000 27.00000 12.00000 30.00000 4.00000 13.00000 21.00000 13.00000 34.00000 11.00000 13.00000 18.00000 17.00000 38.00000 18.00000 13.00000 16.00000 36.00000 15.00000 27.00000 30.00000 9.00000 7.00000 55.00000 9.00000 9.00000 11.00000 33.00000 17.00000 30.00000 6.00000 26.00000 12.00000 17.00000 19.00000 0.00000 13.00000 10.00000 18.00000 7.00000 27.00000 25.00000 17.00000 25.00000 9.00000 3.00000 26.00000 30.00000 14.00000 3.00000 34.00000 14.00000 24.00000 19.00000 6.00000 3.00000 24.00000 39.00000 13.00000 8.00000 27.00000 39.00000 40.00000 26.00000 20.00000 9.00000 41.00000 7.00000 38.00000 24.00000 37.00000 10.00000 27.00000 8.00000 7.00000 6.00000 24.00000
30.00000 34.00000 19.00000 37.00000 11.00000 21.00000 26.00000 19.00000 38.00000 12.00000 14.00000 24.00000 23.00000 42.00000 24.00000 21.00000 23.00000 43.00000 22.00000 34.00000 37.00000 14.00000 15.00000 50.00000 6.00000 16.00000 15.00000 40.00000 24.00000 37.00000 11.00000 33.00000 2.00000 23.00000 19.00000 13.00000 0.00000 6.00000 22.00000 14.00000 34.00000 32.00000 21.00000 32.00000 12.00000 14.00000 32.00000 37.00000 20.00000 11.00000 40.00000 3.00000 31.00000 26.00000 11.00000 12.00000 31.00000 46.00000 18.00000 17.00000 34.00000 45.00000 46.00000 32.00000 26.00000 8.00000 44.00000 13.00000 42.00000 30.00000 40.00000 10.00000 34.00000 15.00000 13.00000 7.00000 30.00000
26.00000 31.00000 16.00000 34.00000 7.00000 18.00000 24.00000 15.00000 37.00000 11.00000 11.00000 20.00000 20.00000 41.00000 21.00000 17.00000 19.00000 39.00000 18.00000 31.00000 33.00000 11.00000 11.00000 51.00000 3.00000 13.00000 12.00000 36.00000 20.00000 34.00000 8.00000 30.00000 6.00000 20.00000 20.00000 9.00000 6.00000 0.00000 20.00000 11.00000 30.00000 28.00000 19.00000 29.00000 9.00000 11.00000 29.00000 34.00000 17.00000 7.00000 36.00000 8.00000 27.00000 23.00000 8.00000 8.00000 28.00000 42.00000 15.00000 13.00000 30.00000 42.00000 43.00000 29.00000 22.00000 7.00000 43.00000 10.00000 41.00000 26.00000 39.00000 8.00000 31.00000 12.00000 9.00000 3.00000 26.00000
27.00000 19.00000 14.00000 22.00000 15.00000 8.00000 6.00000 6.00000 38.00000 19.00000 21.00000 3.00000 2.00000 37.00000 21.00000 6.00000 10.00000 28.00000 8.00000 19.00000 22.00000 17.00000 13.00000 51.00000 20.00000 13.00000 12.00000 24.00000 15.00000 22.00000 19.00000 17.00000 22.00000 20.00000 12.00000 17.00000 21.00000 21.00000 0.00000 13.00000 19.00000 16.00000 9.00000 16.00000 16.00000 16.00000 29.00000 19.00000 15.00000 15.00000 27.00000 20.00000 14.00000 15.00000 15.00000 17.00000 15.00000 31.00000 8.00000 13.00000 18.00000 32.00000 33.00000 19.00000 23.00000 22.00000 35.00000 16.00000 38.00000 27.00000 38.00000 22.00000 19.00000 15.00000 17.00000 17.00000 27.00000
18.00000 22.00000 7.00000 24.00000 9.00000 9.00000 17.00000 11.00000 29.00000 16.00000 8.00000 16.00000 13.00000 33.00000 13.00000 11.00000 10.00000 30.00000 10.00000 22.00000 24.00000 5.00000 2.00000 49.00000 10.00000 3.00000 12.00000 27.00000 11.00000 25.00000 8.00000 21.00000 14.00000 11.00000 18.00000 7.00000 14.00000 11.00000 14.00000 0.00000 21.00000 19.00000 16.00000 19.00000 14.00000 5.00000 21.00000 24.00000 8.00000 9.00000 28.00000 15.00000 18.00000 13.00000 11.00000 9.00000 18.00000 33.00000 13.00000 9.00000 21.00000 33.00000 35.00000 21.00000 14.00000 11.00000 35.00000 3.00000 32.00000 18.00000 31.00000 9.00000 22.00000 3.00000 5.00000 9.00000 18.00000
26.00000 17.00000 18.00000 9.00000 28.00000 19.00000 16.00000 22.00000 26.00000 34.00000 28.00000 21.00000 18.00000 24.00000 25.00000 21.00000 16.00000 15.00000 18.00000 6.00000 8.00000 24.00000 20.00000 38.00000 30.00000 20.00000 28.00000 11.00000 17.00000 8.00000 28.00000 3.00000 34.00000 24.00000 29.00000 26.00000 34.00000 31.00000 19.00000 20.00000 0.00000 14.00000 26.00000 9.00000 32.00000 24.00000 33.00000 5.00000 18.00000 28.00000 14.00000 35.00000 10.00000 16.00000 29.00000 28.00000 9.00000 16.00000 24.00000 25.00000 2.00000 19.00000 19.00000 18.00000 24.00000 31.00000 22.00000 23.00000 25.00000 26.00000 25.00000 29.00000 6.00000 21.00000 24.00000 29.00000 26.00000
13.00000 3.00000 14.00000 13.00000 25.00000 15.00000 15.00000 18.00000 23.00000 30.00000 24.00000 19.00000 15.00000 22.00000 16.00000 16.00000 12.00000 18.00000 14.00000 15.00000 16.00000 21.00000 16.00000 35.00000 26.00000 16.00000 24.00000 14.00000 13.00000 15.00000 24.00000 14.00000 30.00000 18.00000 26.00000 22.00000 30.00000 27.00000 17.00000 16.00000 14.00000 0.00000 23.00000 12.00000 28.00000 21.00000 22.00000 17.00000 14.00000 24.00000 12.00000 31.00000 11.00000 12.00000 25.00000 24.00000 11.00000 21.00000 20.00000 21.00000 14.00000 17.00000 18.00000 4.00000 10.00000 27.00000 20.00000 19.00000 23.00000 13.00000 22.00000 25.00000 13.00000 18.00000 21.00000 25.00000 13.00000
31.00000 26.00000 18.00000 29.00000 14.00000 12.00000 13.00000 7.00000 42.00000 17.00000 24.00000 8.00000 10.00000 44.00000 26.00000 11.00000 16.00000 35.00000 15.00000 27.00000 29.00000 20.00000 15.00000 58.00000 18.00000 17.00000 10.00000 32.00000 20.00000 30.00000 19.00000 24.00000 19.00000 25.00000 9.00000 16.00000 18.00000 19.00000 9.00000 16.00000 26.00000 23.00000 0.00000 24.00000 14.00000 17.00000 34.00000 26.00000 19.00000 14.00000 35.00000 18.00000 21.00000 21.00000 13.00000 16.00000 22.00000 38.00000 4.00000 12.00000 25.00000 40.00000 40.00000 26.00000 28.00000 22.00000 42.00000 19.00000 45.00000 31.00000 45.00000 22.00000 27.00000 18.00000 20.00000 17.00000 31.00000
25.00000 15.00000 16.00000 11.00000 26.00000 16.00000 14.00000 19.00000 28.00000 32.00000 26.00000 19.00000 16.00000 26.00000 23.00000 17.00000 14.00000 17.00000 15.00000 8.00000 11.00000 22.00000 18.00000 40.00000 28.00000 17.00000 26.00000 14.00000 15.00000 11.00000 26.00000 7.00000 31.00000 22.00000 27.00000 24.00000 32.00000 29.00000 17.00000 18.00000 8.00000 12.00000 23.00000 0.00000 29.00000 22.00000 31.00000 11.00000 16.00000 26.00000 17.00000 33.00000 4.00000 14.00000 27.00000 26.00000 2.00000 20.00000 21.00000 23.00000 8.00000 22.00000 22.00000 15.00000 22.00000 29.00000 24.00000 21.00000 28.00000 25.00000 27.00000 27.00000 8.00000 19.00000 22.00000 27.00000 25.00000
30.00000 29.00000 17.00000 32.00000 8.00000 14.00000 18.00000 10.00000 41.00000 11.00000 18.00000 13.00000 14.00000 45.00000 24.00000 12.00000 18.00000 38.00000 16.00000 29.00000 32.00000 17.00000 12.00000 60.00000 12.00000 13.00000 4.00000 34.00000 19.00000 32.00000 13.00000 28.00000 15.00000 23.00000 13.00000 10.00000 15.00000 13.00000 14.00000 12.00000 29.00000 26.00000 11.00000 27.00000 0.00000 13.00000 32.00000 31.00000 19.00000 8.00000 37.00000 14.00000 24.00000 21.00000 7.00000 10.00000 25.00000 41.00000 7.00000 8.00000 28.00000 43.00000 43.00000 29.00000 26.00000 15.00000 45.00000 15.00000 44.00000 30.00000 43.00000 16.00000 29.00000 14.00000 16.00000 11.00000 30.00000
21.00000 26.00000 11.00000 28.00000 6.00000 12.00000 20.00000 13.00000 32.00000 14.00000 10.00000 18.00000 16.00000 36.00000 16.00000 12.00000 14.00000 34.00000 13.00000 26.00000 28.00000 6.00000 5.00000 52.00000 9.00000 7.00000 11.00000 31.00000 15.00000 29.00000 4.00000 25.00000 13.00000 15.00000 20.00000 4.00000 13.00000 10.00000 18.00000 6.00000 25.00000 23.00000 17.00000 24.00000 12.00000 0.00000 24.00000 29.00000 12.00000 6.00000 31.00000 14.00000 22.00000 17.00000 9.00000 5.00000 22.00000 37.00000 14.00000 8.00000 25.00000 37.00000 38.00000 24.00000 17.00000 10.00000 38.00000 4.00000 36.00000 21.00000 34.00000 10.00000 26.00000 7.00000 4.00000 8.00000 21.00000
15.00000 23.00000 18.00000 30.00000 28.00000 26.00000 29.00000 28.00000 11.00000 36.00000 25.00000 32.00000 29.00000 15.00000 10.00000 28.00000 22.00000 31.00000 25.00000 32.00000 32.00000 22.00000 22.00000 32.00000 28.00000 21.00000 31.00000 29.00000 23.00000 31.00000 26.00000 32.00000 32.00000 15.00000 35.00000 26.00000 33.00000 29.00000 30.00000 21.00000 33.00000 23.00000 33.00000 31.00000 33.00000 24.00000 0.00000 36.00000 19.00000 28.00000 22.00000 33.00000 30.00000 24.00000 31.00000 28.00000 30.00000 27.00000 30.00000 28.00000 32.00000 19.00000 20.00000 19.00000 13.00000 29.00000 17.00000 21.00000 14.00000 15.00000 13.00000 28.00000 31.00000 20.00000 23.00000 28.00000 15.00000
28.00000 20.00000 20.00000 11.00000 30.00000 21.00000 17.00000 24.00000 28.00000 36.00000 30.00000 22.00000 19.00000 26.00000 27.00000 22.00000 18.00000 17.00000 20.00000 8.00000 8.00000 27.00000 22.00000 39.00000 32.00000 22.00000 30.00000 13.00000 19.00000 10.00000 30.00000 6.00000 36.00000 26.00000 30.00000 28.00000 36.00000 33.00000 20.00000 22.00000 4.00000 17.00000 27.00000 11.00000 34.00000 27.00000 35.00000 0.00000 20.00000 30.00000 17.00000 37.00000 12.00000 18.00000 31.00000 30.00000 11.00000 17.00000 26.00000 27.00000 6.00000 19.00000 19.00000 20.00000 26.00000 33.00000 24.00000 25.00000 27.00000 28.00000 27.00000 31.00000 8.00000 24.00000 27.00000 31.00000 28.00000
14.00000 18.00000 4.00000 21.00000 15.00000 11.00000 14.00000 14.00000 25.00000 22.00000 14.00000 17.00000 14.00000 29.00000 9.00000 14.00000 8.00000 26.00000 11.00000 18.00000 21.00000 9.00000 8.00000 45.00000 15.00000 7.00000 18.00000 23.00000 7.00000 21.00000 13.00000 17.00000 19.00000 7.00000 21.00000 13.00000 19.00000 16.00000 16.00000 8.00000 18.00000 15.00000 19.00000 16.00000 20.00000 11.00000 17.00000 21.00000 0.00000 15.00000 24.00000 20.00000 14.00000 9.00000 17.00000 15.00000 15.00000 29.00000 15.00000 15.00000 17.00000 29.00000 31.00000 17.00000 10.00000 16.00000 31.00000 8.00000 28.00000 14.00000 27.00000 15.00000 18.00000 7.00000 10.00000 14.00000 14.00000
26.00000 30.00000 15.00000 32.00000 1.00000 14.00000 20.00000 11.00000 36.00000 8.00000 11.00000 16.00000 15.00000 40.00000 20.00000 13.00000 18.00000 38.00000 17.00000 30.00000 32.00000 11.00000 9.00000 53.00000 7.00000 11.00000 9.00000 35.00000 19.00000 33.00000 6.00000 29.00000 11.00000 19.00000 17.00000 3.00000 11.00000 7.00000 16.00000 10.00000 29.00000 27.00000 14.00000 27.00000 6.00000 6.00000 28.00000 31.00000 16.00000 0.00000 36.00000 11.00000 24.00000 21.00000 3.00000 3.00000 26.00000 41.00000 11.00000 9.00000 29.00000 41.00000 42.00000 28.00000 22.00000 9.00000 43.00000 9.00000 40.00000 26.00000 39.00000 9.00000 30.00000 10.00000 9.00000 4.00000 26.00000
15.00000 13.00000 24.00000 9.00000 35.00000 26.00000 26.00000 29.00000 13.00000 41.00000 32.00000 30.00000 27.00000 11.00000 20.00000 27.00000 23.00000 10.00000 24.00000 12.00000 12.00000 29.00000 27.00000 25.00000 36.00000 26.00000 35.00000 9.00000 24.00000 10.00000 34.00000 15.00000 40.00000 22.00000 36.00000 33.00000 40.00000 37.00000 28.00000 27.00000 15.00000 12.00000 34.00000 15.00000 38.00000 31.00000 22.00000 17.00000 24.00000 35.00000 0.00000 41.00000 18.00000 23.00000 36.00000 35.00000 16.00000 10.00000 31.00000 32.00000 15.00000 7.00000 8.00000 10.00000 15.00000 37.00000 9.00000 29.00000 12.00000 15.00000 12.00000 35.00000 10.00000 28.00000 31.00000 35.00000 15.00000
31.00000 36.00000 20.00000 38.00000 12.00000 22.00000 25.00000 18.00000 39.00000 11.00000 16.00000 23.00000 22.00000 43.00000 25.00000 20.00000 24.00000 44.00000 23.00000 35.00000 38.00000 15.00000 16.00000 50.00000 8.00000 17.00000 14.00000 41.00000 25.00000 38.00000 12.00000 34.00000 4.00000 24.00000 17.00000 14.00000 3.00000 8.00000 21.00000 15.00000 35.00000 33.00000 20.00000 33.00000 11.00000 15.00000 33.00000 38.00000 21.00000 12.00000 41.00000 0.00000 32.00000 27.00000 10.00000 13.00000 32.00000 47.00000 17.00000 16.00000 35.00000 46.00000 47.00000 33.00000 27.00000 10.00000 45.00000 14.00000 42.00000 31.00000 41.00000 12.00000 35.00000 16.00000 14.00000 8.00000 31.00000
23.00000 14.00000 14.00000 13.00000 25.00000 14.00000 12.00000 17.00000 30.00000 30.00000 25.00000 17.00000 14.00000 28.00000 22.00000 15.00000 13.00000 19.00000 14.00000 10.00000 13.00000 21.00000 17.00000 42.00000 26.00000 16.00000 24.00000 15.00000 14.00000 13.00000 24.00000 8.00000 30.00000 20.00000 25.00000 23.00000 31.00000 28.00000 15.00000 17.00000 9.00000 11.00000 21.00000 4.00000 28.00000 21.00000 30.00000 11.00000 14.00000 25.00000 18.00000 32.00000 0.00000 13.00000 26.00000 25.00000 2.00000 22.00000 19.00000 22.00000 9.00000 24.00000 24.00000 14.00000 21.00000 27.00000 26.00000 20.00000 29.00000 23.00000 29.00000 26.00000 10.00000 18.00000 21.00000 26.00000 23.00000
21.00000 15.00000 10.00000 19.00000 21.00000 12.00000 14.00000 15.00000 32.00000 27.00000 21.00000 17.00000 14.00000 34.00000 15.00000 14.00000 9.00000 24.00000 10.00000 16.00000 19.00000 15.00000 13.00000 47.00000 22.00000 12.00000 21.00000 21.00000 6.00000 19.00000 20.00000 15.00000 26.00000 14.00000 22.00000 19.00000 26.00000 23.00000 16.00000 13.00000 16.00000 12.00000 20.00000 14.00000 24.00000 17.00000 23.00000 19.00000 8.00000 21.00000 24.00000 27.00000 12.00000 0.00000 22.00000 21.00000 13.00000 27.00000 17.00000 18.00000 15.00000 29.00000 30.00000 15.00000 17.00000 23.00000 31.00000 15.00000 35.00000 21.00000 34.00000 22.00000 16.00000 14.00000 17.00000 21.00000 21.00000
27.00000 31.00000 17.00000 33.00000 4.00000 16.00000 21.00000 12.00000 38.00000 7.00000 12.00000 16.00000 17.00000 42.00000 22.00000 14.00000 19.00000 39.00000 18.00000 31.00000 33.00000 12.00000 12.00000 54.00000 5.00000 14.00000 7.00000 36.00000 21.00000 34.00000 8.00000 30.00000 9.00000 21.00000 16.00000 7.00000 10.00000 6.00000 17.00000 12.00000 30.00000 28.00000 14.00000 28.00000 4.00000 9.00000 30.00000 32.00000 18.00000 4.00000 38.00000 9.00000 25.00000 24.00000 0.00000 5.00000 27.00000 42.00000 10.00000 10.00000 30.00000 43.00000 44.00000 30.00000 23.00000 9.00000 45.00000 11.00000 42.00000 27.00000 41.00000 10.00000 31.00000 13.00000 10.00000 4.00000 27.00000
25.00000 29.00000 14.00000 32.00000 3.00000 15.00000 21.00000 13.00000 35.00000 10.00000 11.00000 18.00000 17.00000 39.00000 19.00000 15.00000 18.00000 38.00000 17.00000 29.00000 32.00000 9.00000 9.00000 54.00000 7.00000 11.00000 10.00000 34.00000 18.00000 32.00000 5.00000 28.00000 11.00000 18.00000 19.00000 3.00000 11.00000 8.00000 18.00000 9.00000 29.00000 26.00000 16.00000 27.00000 8.00000 6.00000 27.00000 32.00000 15.00000 3.00000 35.00000 12.00000 26.00000 21.00000 5.00000 0.00000 26.00000 41.00000 13.00000 10.00000 28.00000 40.00000 41.00000 27.00000 21.00000 8.00000 42.00000 8.00000 39.00000 25.00000 38.00000 8.00000 29.00000 10.00000 8.00000 4.00000 25.00000
24.00000 14.00000 15.00000 11.00000 25.00000 15.00000 14.00000 18.00000 28.00000 31.00000 25.00000 18.00000 15.00000 27.00000 22.00000 16.00000 13.00000 17.00000 15.00000 8.00000 11.00000 21.00000 17.00000 40.00000 27.00000 17.00000 25.00000 14.00000 14.00000 11.00000 25.00000 8.00000 31.00000 21.00000 26.00000 23.00000 31.00000 28.00000 17.00000 17.00000 8.00000 11.00000 22.00000 2.00000 29.00000 21.00000 30.00000 11.00000 15.00000 25.00000 17.00000 32.00000 3.00000 13.00000 26.00000 25.00000 0.00000 20.00000 20.00000 22.00000 8.00000 22.00000 22.00000 14.00000 21.00000 28.00000 24.00000 20.00000 28.00000 24.00000 27.00000 26.00000 9.00000 18.00000 21.00000 26.00000 24.00000
24.00000 22.00000 29.00000 12.00000 39.00000 30.00000 30.00000 33.00000 17.00000 45.00000 39.00000 34.00000 31.00000 14.00000 30.00000 32.00000 27.00000 11.00000 28.00000 16.00000 11.00000 35.00000 31.00000 28.00000 41.00000 30.00000 39.00000 11.00000 28.00000 10.00000 38.00000 17.00000 44.00000 32.00000 40.00000 37.00000 45.00000 42.00000 32.00000 31.00000 17.00000 21.00000 38.00000 20.00000 42.00000 35.00000 26.00000 16.00000 28.00000 39.00000 10.00000 46.00000 22.00000 27.00000 40.00000 39.00000 20.00000 0.00000 35.00000 36.00000 17.00000 8.00000 8.00000 19.00000 24.00000 41.00000 14.00000 34.00000 16.00000 24.00000 15.00000 40.00000 15.00000 32.00000 35.00000 40.00000 24.00000
29.00000 24.00000 16.00000 27.00000 12.00000 10.00000 12.00000 5.00000 40.00000 14.00000 21.00000 7.00000 8.00000 43.00000 23.00000 9.00000 13.00000 33.00000 12.00000 25.00000 27.00000 18.00000 13.00000 56.00000 15.00000 14.00000 8.00000 30.00000 17.00000 28.00000 17.00000 22.00000 18.00000 22.00000 7.00000 13.00000 18.00000 16.00000 7.00000 13.00000 24.00000 21.00000 4.00000 22.00000 12.00000 15.00000 32.00000 24.00000 17.00000 12.00000 33.00000 17.00000 19.00000 19.00000 10.00000 14.00000 20.00000 36.00000 0.00000 10.00000 23.00000 38.00000 38.00000 24.00000 25.00000 19.00000 40.00000 16.00000 43.00000 29.00000 42.00000 19.00000 25.00000 16.00000 18.00000 14.00000 29.00000
25.00000 25.00000 12.00000 28.00000 5.00000 10.00000 16.00000 8.00000 36.00000 11.00000 15.00000 12.00000 12.00000 40.00000 20.00000 9.00000 14.00000 34.00000 12.00000 25.00000 28.00000 12.00000 7.00000 56.00000 11.00000 8.00000 5.00000 30.00000 15.00000 28.00000 10.00000 24.00000 15.00000 18.00000 14.00000 7.00000 14.00000 11.00000 13.00000 7.00000 25.00000 22.00000 11.00000 23.00000 9.00000 7.00000 28.00000 28.00000 14.00000 5.00000 33.00000 13.00000 21.00000 18.00000 6.00000 7.00000 22.00000 37.00000 8.00000 0.00000 24.00000 39.00000 39.00000 26.00000 21.00000 13.00000 41.00000 10.00000 39.00000 25.00000 38.00000 13.00000 25.00000 10.00000 11.00000 8.00000 25.00000
27.00000 18.00000 18.00000 11.00000 29.00000 19.00000 15.00000 21.00000 28.00000 34.00000 29.00000 20.00000 17.00000 26.00000 25.00000 20.00000 16.00000 16.00000 18.00000 8.00000 9.00000 25.00000 20.00000 40.00000 30.00000 20.00000 28.00000 13.00000 18.00000 10.00000 28.00000 2.00000 34.00000 24.00000 28.00000 26.00000 34.00000 31.00000 18.00000 21.00000 4.00000 15.00000 24.00000 8.00000 32.00000 25.00000 33.00000 6.00000 18.00000 29.00000 16.00000 35.00000 9.00000 16.00000 29.00000 29.00000 8.00000 18.00000 24.00000 25.00000 0.00000 21.00000 20.00000 18.00000 24.00000 31.00000 24.00000 23.00000 27.00000 27.00000 27.00000 29.00000 8.00000 22.00000 25.00000 29.00000 27.00000
20.00000 18.00000 30.00000 14.00000 40.00000 31.00000 31.00000 35.00000 10.00000 46.00000 38.00000 35.00000 32.00000 7.00000 26.00000 33.00000 28.00000 13.00000 30.00000 17.00000 14.00000 35.00000 32.00000 21.00000 41.00000 32.00000 40.00000 12.00000 29.00000 13.00000 39.00000 20.00000 45.00000 28.00000 42.00000 38.00000 45.00000 42.00000 33.00000 32.00000 19.00000 17.00000 39.00000 21.00000 44.00000 36.00000 19.00000 19.00000 30.00000 40.00000 7.00000 46.00000 23.00000 28.00000 41.00000 40.00000 21.00000 9.00000 36.00000 37.00000 19.00000 0.00000 2.00000 15.00000 20.00000 42.00000 7.00000 34.00000 8.00000 20.00000 8.00000 41.00000 15.00000 33.00000 36.00000 40.00000 20.00000
21.00000 19.00000 31.00000 14.00000 41.00000 32.00000 32.00000 36.00000 11.00000 47.00000 39.00000 36.00000 33.00000 9.00000 27.00000 34.00000 29.00000 13.00000 31.00000 18.00000 13.00000 36.00000 33.00000 22.00000 43.00000 33.00000 41.00000 11.00000 30.00000 12.00000 40.00000 19.00000 46.00000 29.00000 43.00000 39.00000 47.00000 44.00000 34.00000 33.00000 19.00000 18.00000 40.00000 22.00000 45.00000 37.00000 20.00000 18.00000 31.00000 41.00000 8.00000 48.00000 24.00000 29.00000 42.00000 41.00000 22.00000 8.00000 37.00000 38.00000 19.00000 2.00000 0.00000 16.00000 21.00000 43.00000 8.00000 35.00000 10.00000 21.00000 9.00000 42.00000 17.00000 34.00000 37.00000 42.00000 21.00000
10.00000 5.00000 17.00000 13.00000 28.00000 18.00000 18.00000 21.00000 21.00000 33.00000 25.00000 22.00000 18.00000 20.00000 13.00000 19.00000 15.00000 17.00000 17.00000 15.00000 16.00000 22.00000 19.00000 33.00000 29.00000 19.00000 27.00000 13.00000 17.00000 15.00000 26.00000 17.00000 32.00000 15.00000 29.00000 25.00000 33.00000 30.00000 20.00000 20.00000 17.00000 4.00000 26.00000 15.00000 31.00000 24.00000 19.00000 20.00000 17.00000 28.00000 10.00000 34.00000 14.00000 15.00000 28.00000 28.00000 14.00000 19.00000 23.00000 24.00000 17.00000 15.00000 16.00000 0.00000 7.00000 29.00000 18.00000 21.00000 21.00000 10.00000 20.00000 28.00000 14.00000 20.00000 23.00000 28.00000 10.00000
5.00000 11.00000 11.00000 19.00000 22.00000 19.00000 23.00000 22.00000 17.00000 29.00000 18.00000 25.00000 22.00000 21.00000 7.00000 21.00000 16.00000 22.00000 19.00000 21.00000 22.00000 15.00000 15.00000 38.00000 22.00000 14.00000 25.00000 19.00000 16.00000 20.00000 20.00000 23.00000 26.00000 8.00000 29.00000 20.00000 26.00000 23.00000 24.00000 15.00000 24.00000 10.00000 26.00000 22.00000 27.00000 18.00000 13.00000 26.00000 12.00000 22.00000 15.00000 27.00000 21.00000 18.00000 24.00000 21.00000 21.00000 24.00000 23.00000 22.00000 23.00000 20.00000 21.00000 7.00000 0.00000 23.00000 22.00000 15.00000 21.00000 5.00000 19.00000 21.00000 19.00000 13.00000 17.00000 21.00000 5.00000
27.00000 31.00000 16.00000 34.00000 10.00000 18.00000 26.00000 18.00000 36.00000 14.00000 9.00000 23.00000 22.00000 40.00000 21.00000 20.00000 20.00000 40.00000 19.00000 31.00000 34.00000 11.00000 12.00000 50.00000 7.00000 13.00000 15.00000 36.00000 21.00000 34.00000 8.00000 30.00000 8.00000 20.00000 24.00000 10.00000 8.00000 6.00000 23.00000 11.00000 31.00000 29.00000 21.00000 29.00000 12.00000 11.00000 29.00000 34.00000 17.00000 10.00000 37.00000 10.00000 28.00000 23.00000 10.00000 9.00000 28.00000 43.00000 18.00000 16.00000 31.00000 42.00000 43.00000 29.00000 23.00000 0.00000 42.00000 10.00000 39.00000 27.00000 38.00000 6.00000 31.00000 12.00000 10.00000 6.00000 27.00000
20.00000 21.00000 32.00000 17.00000 43.00000 34.00000 34.00000 37.00000 8.00000 49.00000 36.00000 38.00000 35.00000 5.00000 25.00000 36.00000 31.00000 18.00000 33.00000 20.00000 19.00000 36.00000 35.00000 22.00000 43.00000 35.00000 43.00000 17.00000 32.00000 18.00000 41.00000 23.00000 44.00000 29.00000 45.00000 41.00000 44.00000 44.00000 36.00000 35.00000 23.00000 20.00000 42.00000 24.00000 47.00000 39.00000 17.00000 24.00000 33.00000 43.00000 10.00000 45.00000 26.00000 31.00000 44.00000 42.00000 24.00000 14.00000 39.00000 40.00000 23.00000 7.00000 8.00000 18.00000 23.00000 42.00000 0.00000 36.00000 6.00000 20.00000 6.00000 42.00000 18.00000 34.00000 38.00000 42.00000 20.00000
17.00000 22.00000 7.00000 25.00000 9.00000 9.00000 16.00000 11.00000 28.00000 16.00000 8.00000 16.00000 13.00000 32.00000 12.00000 11.00000 10.00000 30.00000 9.00000 22.00000 24.00000 4.00000 2.00000 48.00000 9.00000 4.00000 12.00000 27.00000 11.00000 25.00000 7.00000 21.00000 13.00000 11.00000 18.00000 7.00000 13.00000 10.00000 14.00000 2.00000 21.00000 19.00000 16.00000 20.00000 14.00000 5.00000 20.00000 25.00000 8.00000 9.00000 27.00000 14.00000 18.00000 14.00000 11.00000 9.00000 19.00000 33.00000 12.00000 9.00000 21.00000 33.00000 34.00000 20.00000 13.00000 10.00000 34.00000 0.00000 32.00000 17.00000 30.00000 9.00000 22.00000 3.00000 4.00000 8.00000 17.00000
17.00000 24.00000 29.00000 20.00000 40.00000 37.00000 37.00000 40.00000 5.00000 47.00000 33.00000 41.00000 37.00000 2.00000 22.00000 38.00000 34.00000 21.00000 35.00000 22.00000 21.00000 33.00000 33.00000 24.00000 40.00000 32.00000 43.00000 19.00000 34.00000 20.00000 38.00000 26.00000 41.00000 26.00000 47.00000 38.00000 41.00000 41.00000 39.00000 33.00000 25.00000 23.00000 45.00000 26.00000 45.00000 36.00000 14.00000 26.00000 30.00000 40.00000 12.00000 42.00000 29.00000 34.00000 42.00000 40.00000 27.00000 16.00000 41.00000 40.00000 26.00000 8.00000 10.00000 21.00000 20.00000 40.00000 6.00000 33.00000 0.00000 17.00000 3.00000 39.00000 21.00000 32.00000 35.00000 39.00000 17.00000
0.00000 14.00000 15.00000 21.00000 26.00000 23.00000 27.00000 25.00000 13.00000 33.00000 22.00000 29.00000 26.00000 17.00000 9.00000 25.00000 20.00000 23.00000 22.00000 23.00000 23.00000 19.00000 19.00000 37.00000 26.00000 18.00000 29.00000 20.00000 20.00000 22.00000 24.00000 26.00000 30.00000 12.00000 33.00000 23.00000 30.00000 27.00000 27.00000 19.00000 26.00000 13.00000 30.00000 24.00000 31.00000 22.00000 15.00000 29.00000 16.00000 26.00000 15.00000 31.00000 23.00000 22.00000 28.00000 25.00000 23.00000 24.00000 27.00000 26.00000 26.00000 20.00000 21.00000 10.00000 4.00000 27.00000 20.00000 18.00000 17.00000 0.00000 16.00000 25.00000 22.00000 17.00000 20.00000 25.00000 0.00000
16.00000 23.00000 28.00000 20.00000 39.00000 36.00000 37.00000 39.00000 4.00000 46.00000 32.00000 40.00000 37.00000 4.00000 21.00000 38.00000 33.00000 21.00000 35.00000 22.00000 21.00000 32.00000 32.00000 24.00000 39.00000 31.00000 42.00000 19.00000 33.00000 20.00000 37.00000 26.00000 40.00000 25.00000 46.00000 37.00000 40.00000 40.00000 39.00000 32.00000 25.00000 22.00000 43.00000 26.00000 44.00000 35.00000 13.00000 26.00000 29.00000 39.00000 12.00000 40.00000 29.00000 33.00000 41.00000 38.00000 27.00000 16.00000 40.00000 39.00000 26.00000 8.00000 10.00000 20.00000 19.00000 38.00000 6.00000 32.00000 3.00000 16.00000 0.00000 38.00000 21.00000 30.00000 34.00000 38.00000 16.00000
25.00000 30.00000 15.00000 32.00000 10.00000 16.00000 24.00000 19.00000 35.00000 15.00000 8.00000 23.00000 21.00000 39.00000 20.00000 19.00000 18.00000 38.00000 17.00000 30.00000 32.00000 10.00000 10.00000 50.00000 8.00000 12.00000 16.00000 35.00000 19.00000 33.00000 8.00000 29.00000 10.00000 19.00000 24.00000 11.00000 10.00000 7.00000 22.00000 10.00000 29.00000 27.00000 22.00000 28.00000 13.00000 11.00000 28.00000 33.00000 16.00000 10.00000 35.00000 12.00000 26.00000 21.00000 11.00000 9.00000 26.00000 41.00000 19.00000 17.00000 29.00000 41.00000 42.00000 28.00000 21.00000 6.00000 42.00000 8.00000 39.00000 25.00000 38.00000 0.00000 30.00000 11.00000 8.00000 7.00000 25.00000
22.00000 15.00000 16.00000 5.00000 27.00000 18.00000 18.00000 21.00000 21.00000 33.00000 27.00000 22.00000 18.00000 20.00000 23.00000 19.00000 15.00000 10.00000 16.00000 3.00000 7.00000 23.00000 19.00000 34.00000 28.00000 18.00000 26.00000 7.00000 16.00000 6.00000 26.00000 7.00000 32.00000 22.00000 28.00000 25.00000 32.00000 29.00000 20.00000 19.00000 6.00000 13.00000 26.00000 7.00000 30.00000 23.00000 31.00000 9.00000 16.00000 27.00000 10.00000 33.00000 10.00000 15.00000 28.00000 27.00000 8.00000 16.00000 23.00000 24.00000 7.00000 15.00000 17.00000 14.00000 20.00000 29.00000 18.00000 22.00000 21.00000 22.00000 21.00000 28.00000 0.00000 20.00000 23.00000 27.00000 22.00000
17.00000 22.00000 7.00000 24.00000 10.00000 10.00000 18.00000 12.00000 28.00000 17.00000 10.00000 17.00000 14.00000 32.00000 12.00000 12.00000 10.00000 30.00000 11.00000 22.00000 24.00000 6.00000 3.00000 48.00000 11.00000 5.00000 13.00000 27.00000 11.00000 25.00000 9.00000 21.00000 15.00000 11.00000 19.00000 8.00000 15.00000 12.00000 15.00000 3.00000 21.00000 19.00000 17.00000 19.00000 15.00000 6.00000 20.00000 24.00000 8.00000 10.00000 27.00000 16.00000 18.00000 13.00000 12.00000 10.00000 18.00000 33.00000 14.00000 10.00000 21.00000 33.00000 34.00000 20.00000 13.00000 12.00000 34.00000 5.00000 32.00000 17.00000 30.00000 11.00000 22.00000 0.00000 6.00000 10.00000 17.00000
20.00000 25.00000 10.00000 27.00000 9.00000 11.00000 19.00000 14.00000 31.00000 17.00000 8.00000 18.00000 16.00000 35.00000 15.00000 13.00000 13.00000 33.00000 12.00000 25.00000 27.00000 5.00000 5.00000 50.00000 9.00000 7.00000 15.00000 30.00000 14.00000 28.00000 6.00000 24.00000 13.00000 14.00000 21.00000 7.00000 14.00000 10.00000 17.00000 4.00000 24.00000 22.00000 18.00000 22.00000 14.00000 5.00000 23.00000 27.00000 10.00000 9.00000 30.00000 14.00000 21.00000 16.00000 12.00000 8.00000 21.00000 36.00000 15.00000 12.00000 24.00000 35.00000 37.00000 23.00000 16.00000 10.00000 37.00000 3.00000 34.00000 20.00000 33.00000 9.00000 25.00000 6.00000 0.00000 9.00000 20.00000
23.00000 28.00000 13.00000 31.00000 6.00000 15.00000 22.00000 15.00000 34.00000 11.00000 8.00000 19.00000 19.00000 38.00000 18.00000 16.00000 16.00000 36.00000 16.00000 28.00000 31.00000 8.00000 8.00000 50.00000 4.00000 10.00000 12.00000 33.00000 17.00000 31.00000 5.00000 27.00000 8.00000 17.00000 20.00000 7.00000 8.00000 5.00000 20.00000 8.00000 28.00000 25.00000 18.00000 26.00000 9.00000 8.00000 26.00000 31.00000 14.00000 6.00000 34.00000 9.00000 25.00000 20.00000 7.00000 5.00000 25.00000 39.00000 15.00000 13.00000 27.00000 39.00000 40.00000 26.00000 19.00000 5.00000 41.00000 7.00000 38.00000 23.00000 37.00000 6.00000 28.00000 9.00000 6.00000 0.00000 23.00000
0.00000 14.00000 15.00000 21.00000 26.00000 23.00000 27.00000 25.00000 13.00000 33.00000 22.00000 29.00000 26.00000 17.00000 9.00000 25.00000 20.00000 23.00000 22.00000 23.00000 23.00000 19.00000 19.00000 37.00000 26.00000 18.00000 29.00000 20.00000 20.00000 22.00000 24.00000 26.00000 30.00000 12.00000 33.00000 23.00000 30.00000 27.00000 27.00000 19.00000 26.00000 13.00000 30.00000 24.00000 31.00000 22.00000 15.00000 29.00000 16.00000 26.00000 15.00000 31.00000 23.00000 22.00000 28.00000 25.00000 23.00000 24.00000 27.00000 26.00000 26.00000 20.00000 21.00000 10.00000 4.00000 27.00000 20.00000 18.00000 17.00000 0.00000 16.00000 25.00000 22.00000 17.00000 20.00000 25.00000 0.00000
p
0.0 0.0 0.0 0.0 0.0 0.0 
0.0 0.0 0.0 0.0 0.0 0.0 
0.0 0.0 0.0 0.0 0.0 0.0 
0.0 0.0 0.0 0.0 0.0 0.0 
0.0 0.0 0.0 0.0 0.0 0.0 
0.0 0.0 0.0 0.0 0.0 0.0 
0.0 0.0 0.0 0.0 0.0 0.0 
0.0 0.0 0.0 0.0 0.0 0.0 
0.0 0.0 0.0 0.0 0.0 0.0 
0.0 0.0 0.0 0.0 0.0 0.0 
0.0 0.0 0.0 0.0 0.0 0.0 
0.0 0.0 0.0 0.0 0.0 0.0 
0.0 0.0 0.0 0.0 0.0 0.0 
0.0 0.0 0.0 0.0 0.0 0.0 
0.0 0.0 0.0 0.0 0.0 0.0 
56 0 0 46 0 0 
56 0 0 46 0 0 
56 0 0 46 0 0 
56 0 0 46 0 0 
56 0 0 46 0 0 
56 0 0 46 0 0 
56 0 0 46 0 0 
56 0 0 46 0 0 
56 0 0 46 0 0 
56 0 0 46 0 0 
56 0 0 46 0 0 
56 0 0 46 0 0 
56 0 0 46 0 0 
56 0 0 46 0 0 
56 0 0 46 0 0 
0 0 0 0 0 44 
0 0 0 0 0 44 
0 0 0 0 0 44 
0 0 0 0 0 44 
0 0 0 0 0 44 
0 0 0 0 0 44 
0 0 0 0 0 44 
0 0 0 0 0 44 
0 0 0 0 0 44 
0 0 0 0 0 44 
0 0 0 0 0 44 
0 0 0 0 0 44 
0 0 0 0 0 44 
0 0 0 0 0 44 
0 0 0 0 0 44 
0 0 0 0 20 0 
0 0 0 0 20 0 
0 0 0 0 20 0 
0 0 0 0 20 0 
0 0 0 0 20 0 
0 0 0 0 20 0 
0 0 0 0 20 0 
0 0 0 0 20 0 
0 0 0 0 20 0 
0 0 0 0 20 0 
0 0 0 0 20 0 
0 0 0 0 20 0 
0 0 0 0 20 0 
0 0 0 0 20 0 
0 0 0 0 20 0 
0 0 0 0 59 0 
0 0 0 0 59 0 
0 0 0 0 59 0 
0 0 0 0 59 0 
0 0 0 0 59 0 
0 0 0 0 59 0 
0 0 0 0 59 0 
0 0 0 0 59 0 
0 0 0 0 59 0 
0 0 0 0 59 0 
0 0 0 0 59 0 
0 0 0 0 59 0 
0 0 0 0 59 0 
0 0 0 0 59 0 
0 0 0 0 59 0 
0 0 0 0 0 47 
0 0 0 0 0 47 
0 0 0 0 0 47 
0 0 0 0 0 47 
0 0 0 0 0 47 
0 0 0 0 0 47 
0 0 0 0 0 47 
0 0 0 0 0 47 
0 0 0 0 0 47 
0 0 0 0 0 47 
0 0 0 0 0 47 
0 0 0 0 0 47 
0 0 0 0 0 47 
0 0 0 0 0 47 
0 0 0 0 0 47 
0 0 0 0 0 41 
0 0 0 0 0 41 
0 0 0 0 0 41 
0 0 0 0 0 41 
0 0 0 0 0 41 
0 0 0 0 0 41 
0 0 0 0 0 41 
0 0 0 0 0 41 
0 0 0 0 0 41 
0 0 0 0 0 41 
0 0 0 0 0 41 
0 0 0 0 0 41 
0 0 0 0 0 41 
0 0 0 0 0 41 
0 0 0 0 0 41 
0 0 36 0 0 59 
0 0 36 0 0 59 
0 0 36 0 0 59 
0 0 36 0 0 59 
0 0 36 0 0 59 
0 0 36 0 0 59 
0 0 36 0 0 59 
0 0 36 0 0 59 
0 0 36 0 0 59 
0 0 36 0 0 59 
0 0 36 0 0 59 
0 0 36 0 0 59 
0 0 36 0 0 59 
0 0 36 0 0 59 
0 0 36 0 0 59 
0 0 0 0 0 44 
0 0 0 0 0 44 
0 0 0 0 0 44 
0 0 0 0 0 44 
0 0 0 0 0 44 
0 0 0 0 0 44 
0 0 0 0 0 44 
0 0 0 0 0 44 
0 0 0 0 0 44 
0 0 0 0 0 44 
0 0 0 0 0 44 
0 0 0 0 0 44 
0 0 0 0 0 44 
0 0 0 0 0 44 
0 0 0 0 0 44 
0 52 0 0 0 60 
0 52 0 0 0 60 
0 52 0 0 0 60 
0 52 0 0 0 60 
0 52 0 0 0 60 
0 52 0 0 0 60 
0 52 0 0 0 60 
0 52 0 0 0 60 
0 52 0 0 0 60 
0 52 0 0 0 60 
0 52 0 0 0 60 
0 52 0 0 0 60 
0 52 0 0 0 60 
0 52 0 0 0 60 
0 52 0 0 0 60 
0 37 0 0 0 0 
0 37 0 0 0 0 
0 37 0 0 0 0 
0 37 0 0 0 0 
0 37 0 0 0 0 
0 37 0 0 0 0 
0 37 0 0 0 0 
0 37 0 0 0 0 
0 37 0 0 0 0 
0 37 0 0 0 0 
0 37 0 0 0 0 
0 37 0 0 0 0 
0 37 0 0 0 0 
0 37 0 0 0 0 
0 37 0 0 0 0 
0 55 0 0 0 0 
0 55 0 0 0 0 
0 55 0 0 0 0 
0 55 0 0 0 0 
0 55 0 0 0 0 
0 55 0 0 0 0 
0 55 0 0 0 0 
0 55 0 0 0 0 
0 55 0 0 0 0 
0 55 0 0 0 0 
0 55 0 0 0 0 
0 55 0 0 0 0 
0 55 0 0 0 0 
0 55 0 0 0 0 
0 55 0 0 0 0 
0 23 0 0 0 0 
0 23 0 0 0 0 
0 23 0 0 0 0 
0 23 0 0 0 0 
0 23 0 0 0 0 
0 23 0 0 0 0 
0 23 0 0 0 0 
0 23 0 0 0 0 
0 23 0 0 0 0 
0 23 0 0 0 0 
0 23 0 0 0 0 
0 23 0 0 0 0 
0 23 0 0 0 0 
0 23 0 0 0 0 
0 23 0 0 0 0 
0 59 0 57 0 0 
0 59 0 57 0 0 
0 59 0 57 0 0 
0 59 0 57 0 0 
0 59 0 57 0 0 
0 59 0 57 0 0 
0 59 0 57 0 0 
0 59 0 57 0 0 
0 59 0 57 0 0 
0 59 0 57 0 0 
0 59 0 57 0 0 
0 59 0 57 0 0 
0 59 0 57 0 0 
0 59 0 57 0 0 
0 59 0 57 0 0 
29 0 0 0 0 0 
29 0 0 0 0 0 
29 0 0 0 0 0 
29 0 0 0 0 0 
29 0 0 0 0 0 
29 0 0 0 0 0 
29 0 0 0 0 0 
29 0 0 0 0 0 
29 0 0 0 0 0 
29 0 0 0 0 0 
29 0 0 0 0 0 
29 0 0 0 0 0 
29 0 0 0 0 0 
29 0 0 0 0 0 
29 0 0 0 0 0 
0 0 58 0 0 0 
0 0 58 0 0 0 
0 0 58 0 0 0 
0 0 58 0 0 0 
0 0 58 0 0 0 
0 0 58 0 0 0 
0 0 58 0 0 0 
0 0 58 0 0 0 
0 0 58 0 0 0 
0 0 58 0 0 0 
0 0 58 0 0 0 
0 0 58 0 0 0 
0 0 58 0 0 0 
0 0 58 0 0 0 
0 0 58 0 0 0 
0 0 56 0 0 0 
0 0 56 0 0 0 
0 0 56 0 0 0 
0 0 56 0 0 0 
0 0 56 0 0 0 
0 0 56 0 0 0 
0 0 56 0 0 0 
0 0 56 0 0 0 
0 0 56 0 0 0 
0 0 56 0 0 0 
0 0 56 0 0 0 
0 0 56 0 0 0 
0 0 56 0 0 0 
0 0 56 0 0 0 
0 0 56 0 0 0 
0 22 0 52 0 0 
0 22 0 52 0 0 
0 22 0 52 0 0 
0 22 0 52 0 0 
0 22 0 52 0 0 
0 22 0 52 0 0 
0 22 0 52 0 0 
0 22 0 52 0 0 
0 22 0 52 0 0 
0 22 0 52 0 0 
0 22 0 52 0 0 
0 22 0 52 0 0 
0 22 0 52 0 0 
0 22 0 52 0 0 
0 22 0 52 0 0 
0 0 0 37 0 0 
0 0 0 37 0 0 
0 0 0 37 0 0 
0 0 0 37 0 0 
0 0 0 37 0 0 
0 0 0 37 0 0 
0 0 0 37 0 0 
0 0 0 37 0 0 
0 0 0 37 0 0 
0 0 0 37 0 0 
0 0 0 37 0 0 
0 0 0 37 0 0 
0 0 0 37 0 0 
0 0 0 37 0 0 
0 0 0 37 0 0 
0 32 0 0 0 19 
0 32 0 0 0 19 
0 32 0 0 0 19 
0 32 0 0 0 19 
0 32 0 0 0 19 
0 32 0 0 0 19 
0 32 0 0 0 19 
0 32 0 0 0 19 
0 32 0 0 0 19 
0 32 0 0 0 19 
0 32 0 0 0 19 
0 32 0 0 0 19 
0 32 0 0 0 19 
0 32 0 0 0 19 
0 32 0 0 0 19 
25 0 0 0 47 0 
25 0 0 0 47 0 
25 0 0 0 47 0 
25 0 0 0 47 0 
25 0 0 0 47 0 
25 0 0 0 47 0 
25 0 0 0 47 0 
25 0 0 0 47 0 
25 0 0 0 47 0 
25 0 0 0 47 0 
25 0 0 0 47 0 
25 0 0 0 47 0 
25 0 0 0 47 0 
25 0 0 0 47 0 
25 0 0 0 47 0 
59 0 0 0 0 0 
59 0 0 0 0 0 
59 0 0 0 0 0 
59 0 0 0 0 0 
59 0 0 0 0 0 
59 0 0 0 0 0 
59 0 0 0 0 0 
59 0 0 0 0 0 
59 0 0 0 0 0 
59 0 0 0 0 0 
59 0 0 0 0 0 
59 0 0 0 0 0 
59 0 0 0 0 0 
59 0 0 0 0 0 
59 0 0 0 0 0 
0 0 0 0 0 15 
0 0 0 0 0 15 
0 0 0 0 0 15 
0 0 0 0 0 15 
0 0 0 0 0 15 
0 0 0 0 0 15 
0 0 0 0 0 15 
0 0 0 0 0 15 
0 0 0 0 0 15 
0 0 0 0 0 15 
0 0 0 0 0 15 
0 0 0 0 0 15 
0 0 0 0 0 15 
0 0 0 0 0 15 
0 0 0 0 0 15 
0 41 0 50 0 0 
0 41 0 50 0 0 
0 41 0 50 0 0 
0 41 0 50 0 0 
0 41 0 50 0 0 
0 41 0 50 0 0 
0 41 0 50 0 0 
0 41 0 50 0 0 
0 41 0 50 0 0 
0 41 0 50 0 0 
0 41 0 50 0 0 
0 41 0 50 0 0 
0 41 0 50 0 0 
0 41 0 50 0 0 
0 41 0 50 0 0 
0 33 0 47 0 0 
0 33 0 47 0 0 
0 33 0 47 0 0 
0 33 0 47 0 0 
0 33 0 47 0 0 
0 33 0 47 0 0 
0 33 0 47 0 0 
0 33 0 47 0 0 
0 33 0 47 0 0 
0 33 0 47 0 0 
0 33 0 47 0 0 
0 33 0 47 0 0 
0 33 0 47 0 0 
0 33 0 47 0 0 
0 33 0 47 0 0 
0 0 0 0 0 50 
0 0 0 0 0 50 
0 0 0 0 0 50 
0 0 0 0 0 50 
0 0 0 0 0 50 
0 0 0 0 0 50 
0 0 0 0 0 50 
0 0 0 0 0 50 
0 0 0 0 0 50 
0 0 0 0 0 50 
0 0 0 0 0 50 
0 0 0 0 0 50 
0 0 0 0 0 50 
0 0 0 0 0 50 
0 0 0 0 0 50 
0 57 0 0 0 0 
0 57 0 0 0 0 
0 57 0 0 0 0 
0 57 0 0 0 0 
0 57 0 0 0 0 
0 57 0 0 0 0 
0 57 0 0 0 0 
0 57 0 0 0 0 
0 57 0 0 0 0 
0 57 0 0 0 0 
0 57 0 0 0 0 
0 57 0 0 0 0 
0 57 0 0 0 0 
0 57 0 0 0 0 
0 57 0 0 0 0 
54 0 0 56 0 0 
54 0 0 56 0 0 
54 0 0 56 0 0 
54 0 0 56 0 0 
54 0 0 56 0 0 
54 0 0 56 0 0 
54 0 0 56 0 0 
54 0 0 56 0 0 
54 0 0 56 0 0 
54 0 0 56 0 0 
54 0 0 56 0 0 
54 0 0 56 0 0 
54 0 0 56 0 0 
54 0 0 56 0 0 
54 0 0 56 0 0 
0 0 0 21 0 0 
0 0 0 21 0 0 
0 0 0 21 0 0 
0 0 0 21 0 0 
0 0 0 21 0 0 
0 0 0 21 0 0 
0 0 0 21 0 0 
0 0 0 21 0 0 
0 0 0 21 0 0 
0 0 0 21 0 0 
0 0 0 21 0 0 
0 0 0 21 0 0 
0 0 0 21 0 0 
0 0 0 21 0 0 
0 0 0 21 0 0 
0 49 0 0 0 0 
0 49 0 0 0 0 
0 49 0 0 0 0 
0 49 0 0 0 0 
0 49 0 0 0 0 
0 49 0 0 0 0 
0 49 0 0 0 0 
0 49 0 0 0 0 
0 49 0 0 0 0 
0 49 0 0 0 0 
0 49 0 0 0 0 
0 49 0 0 0 0 
0 49 0 0 0 0 
0 49 0 0 0 0 
0 49 0 0 0 0 
0 19 0 0 0 0 
0 19 0 0 0 0 
0 19 0 0 0 0 
0 19 0 0 0 0 
0 19 0 0 0 0 
0 19 0 0 0 0 
0 19 0 0 0 0 
0 19 0 0 0 0 
0 19 0 0 0 0 
0 19 0 0 0 0 
0 19 0 0 0 0 
0 19 0 0 0 0 
0 19 0 0 0 0 
0 19 0 0 0 0 
0 19 0 0 0 0 
0 0 0 53 0 0 
0 0 0 53 0 0 
0 0 0 53 0 0 
0 0 0 53 0 0 
0 0 0 53 0 0 
0 0 0 53 0 0 
0 0 0 53 0 0 
0 0 0 53 0 0 
0 0 0 53 0 0 
0 0 0 53 0 0 
0 0 0 53 0 0 
0 0 0 53 0 0 
0 0 0 53 0 0 
0 0 0 53 0 0 
0 0 0 53 0 0 
0 0 60 0 0 0 
0 0 60 0 0 0 
0 0 60 0 0 0 
0 0 60 0 0 0 
0 0 60 0 0 0 
0 0 60 0 0 0 
0 0 60 0 0 0 
0 0 60 0 0 0 
0 0 60 0 0 0 
0 0 60 0 0 0 
0 0 60 0 0 0 
0 0 60 0 0 0 
0 0 60 0 0 0 
0 0 60 0 0 0 
0 0 60 0 0 0 
32 0 0 0 54 0 
32 0 0 0 54 0 
32 0 0 0 54 0 
32 0 0 0 54 0 
32 0 0 0 54 0 
32 0 0 0 54 0 
32 0 0 0 54 0 
32 0 0 0 54 0 
32 0 0 0 54 0 
32 0 0 0 54 0 
32 0 0 0 54 0 
32 0 0 0 54 0 
32 0 0 0 54 0 
32 0 0 0 54 0 
32 0 0 0 54 0 
0 25 0 0 0 0 
0 25 0 0 0 0 
0 25 0 0 0 0 
0 25 0 0 0 0 
0 25 0 0 0 0 
0 25 0 0 0 0 
0 25 0 0 0 0 
0 25 0 0 0 0 
0 25 0 0 0 0 
0 25 0 0 0 0 
0 25 0 0 0 0 
0 25 0 0 0 0 
0 25 0 0 0 0 
0 25 0 0 0 0 
0 25 0 0 0 0 
0 0 0 0 21 0 
0 0 0 0 21 0 
0 0 0 0 21 0 
0 0 0 0 21 0 
0 0 0 0 21 0 
0 0 0 0 21 0 
0 0 0 0 21 0 
0 0 0 0 21 0 
0 0 0 0 21 0 
0 0 0 0 21 0 
0 0 0 0 21 0 
0 0 0 0 21 0 
0 0 0 0 21 0 
0 0 0 0 21 0 
0 0 0 0 21 0 
0 17 0 0 0 0 
0 17 0 0 0 0 
0 17 0 0 0 0 
0 17 0 0 0 0 
0 17 0 0 0 0 
0 17 0 0 0 0 
0 17 0 0 0 0 
0 17 0 0 0 0 
0 17 0 0 0 0 
0 17 0 0 0 0 
0 17 0 0 0 0 
0 17 0 0 0 0 
0 17 0 0 0 0 
0 17 0 0 0 0 
0 17 0 0 0 0 
0 35 0 0 15 0 
0 35 0 0 15 0 
0 35 0 0 15 0 
0 35 0 0 15 0 
0 35 0 0 15 0 
0 35 0 0 15 0 
0 35 0 0 15 0 
0 35 0 0 15 0 
0 35 0 0 15 0 
0 35 0 0 15 0 
0 35 0 0 15 0 
0 35 0 0 15 0 
0 35 0 0 15 0 
0 35 0 0 15 0 
0 35 0 0 15 0 
0 0 28 0 0 0 
0 0 28 0 0 0 
0 0 28 0 0 0 
0 0 28 0 0 0 
0 0 28 0 0 0 
0 0 28 0 0 0 
0 0 28 0 0 0 
0 0 28 0 0 0 
0 0 28 0 0 0 
0 0 28 0 0 0 
0 0 28 0 0 0 
0 0 28 0 0 0 
0 0 28 0 0 0 
0 0 28 0 0 0 
0 0 28 0 0 0 
0 0 22 0 60 0 
0 0 22 0 60 0 
0 0 22 0 60 0 
0 0 22 0 60 0 
0 0 22 0 60 0 
0 0 22 0 60 0 
0 0 22 0 60 0 
0 0 22 0 60 0 
0 0 22 0 60 0 
0 0 22 0 60 0 
0 0 22 0 60 0 
0 0 22 0 60 0 
0 0 22 0 60 0 
0 0 22 0 60 0 
0 0 22 0 60 0 
0 22 0 0 0 0 
0 22 0 0 0 0 
0 22 0 0 0 0 
0 22 0 0 0 0 
0 22 0 0 0 0 
0 22 0 0 0 0 
0 22 0 0 0 0 
0 22 0 0 0 0 
0 22 0 0 0 0 
0 22 0 0 0 0 
0 22 0 0 0 0 
0 22 0 0 0 0 
0 22 0 0 0 0 
0 22 0 0 0 0 
0 22 0 0 0 0 
0 0 0 0 37 0 
0 0 0 0 37 0 
0 0 0 0 37 0 
0 0 0 0 37 0 
0 0 0 0 37 0 
0 0 0 0 37 0 
0 0 0 0 37 0 
0 0 0 0 37 0 
0 0 0 0 37 0 
0 0 0 0 37 0 
0 0 0 0 37 0 
0 0 0 0 37 0 
0 0 0 0 37 0 
0 0 0 0 37 0 
0 0 0 0 37 0 
0 0 0 0 21 0 
0 0 0 0 21 0 
0 0 0 0 21 0 
0 0 0 0 21 0 
0 0 0 0 21 0 
0 0 0 0 21 0 
0 0 0 0 21 0 
0 0 0 0 21 0 
0 0 0 0 21 0 
0 0 0 0 21 0 
0 0 0 0 21 0 
0 0 0 0 21 0 
0 0 0 0 21 0 
0 0 0 0 21 0 
0 0 0 0 21 0 
0 0 0 0 0 41 
0 0 0 0 0 41 
0 0 0 0 0 41 
0 0 0 0 0 41 
0 0 0 0 0 41 
0 0 0 0 0 41 
0 0 0 0 0 41 
0 0 0 0 0 41 
0 0 0 0 0 41 
0 0 0 0 0 41 
0 0 0 0 0 41 
0 0 0 0 0 41 
0 0 0 0 0 41 
0 0 0 0 0 41 
0 0 0 0 0 41 
0 0 0 0 0 53 
0 0 0 0 0 53 
0 0 0 0 0 53 
0 0 0 0 0 53 
0 0 0 0 0 53 
0 0 0 0 0 53 
0 0 0 0 0 53 
0 0 0 0 0 53 
0 0 0 0 0 53 
0 0 0 0 0 53 
0 0 0 0 0 53 
0 0 0 0 0 53 
0 0 0 0 0 53 
0 0 0 0 0 53 
0 0 0 0 0 53 
51 0 0 0 16 0 
51 0 0 0 16 0 
51 0 0 0 16 0 
51 0 0 0 16 0 
51 0 0 0 16 0 
51 0 0 0 16 0 
51 0 0 0 16 0 
51 0 0 0 16 0 
51 0 0 0 16 0 
51 0 0 0 16 0 
51 0 0 0 16 0 
51 0 0 0 16 0 
51 0 0 0 16 0 
51 0 0 0 16 0 
51 0 0 0 16 0 
0 0 0 0 0 48 
0 0 0 0 0 48 
0 0 0 0 0 48 
0 0 0 0 0 48 
0 0 0 0 0 48 
0 0 0 0 0 48 
0 0 0 0 0 48 
0 0 0 0 0 48 
0 0 0 0 0 48 
0 0 0 0 0 48 
0 0 0 0 0 48 
0 0 0 0 0 48 
0 0 0 0 0 48 
0 0 0 0 0 48 
0 0 0 0 0 48 
0 0 43 0 0 54 
0 0 43 0 0 54 
0 0 43 0 0 54 
0 0 43 0 0 54 
0 0 43 0 0 54 
0 0 43 0 0 54 
0 0 43 0 0 54 
0 0 43 0 0 54 
0 0 43 0 0 54 
0 0 43 0 0 54 
0 0 43 0 0 54 
0 0 43 0 0 54 
0 0 43 0 0 54 
0 0 43 0 0 54 
0 0 43 0 0 54 
0 39 0 32 0 0 
0 39 0 32 0 0 
0 39 0 32 0 0 
0 39 0 32 0 0 
0 39 0 32 0 0 
0 39 0 32 0 0 
0 39 0 32 0 0 
0 39 0 32 0 0 
0 39 0 32 0 0 
0 39 0 32 0 0 
0 39 0 32 0 0 
0 39 0 32 0 0 
0 39 0 32 0 0 
0 39 0 32 0 0 
0 39 0 32 0 0 
19 0 0 0 0 0 
19 0 0 0 0 0 
19 0 0 0 0 0 
19 0 0 0 0 0 
19 0 0 0 0 0 
19 0 0 0 0 0 
19 0 0 0 0 0 
19 0 0 0 0 0 
19 0 0 0 0 0 
19 0 0 0 0 0 
19 0 0 0 0 0 
19 0 0 0 0 0 
19 0 0 0 0 0 
19 0 0 0 0 0 
19 0 0 0 0 0 
0 0 0 0 0 24 
0 0 0 0 0 24 
0 0 0 0 0 24 
0 0 0 0 0 24 
0 0 0 0 0 24 
0 0 0 0 0 24 
0 0 0 0 0 24 
0 0 0 0 0 24 
0 0 0 0 0 24 
0 0 0 0 0 24 
0 0 0 0 0 24 
0 0 0 0 0 24 
0 0 0 0 0 24 
0 0 0 0 0 24 
0 0 0 0 0 24 
0 54 0 0 0 0 
0 54 0 0 0 0 
0 54 0 0 0 0 
0 54 0 0 0 0 
0 54 0 0 0 0 
0 54 0 0 0 0 
0 54 0 0 0 0 
0 54 0 0 0 0 
0 54 0 0 0 0 
0 54 0 0 0 0 
0 54 0 0 0 0 
0 54 0 0 0 0 
0 54 0 0 0 0 
0 54 0 0 0 0 
0 54 0 0 0 0 
0 54 0 0 0 60 
0 54 0 0 0 60 
0 54 0 0 0 60 
0 54 0 0 0 60 
0 54 0 0 0 60 
0 54 0 0 0 60 
0 54 0 0 0 60 
0 54 0 0 0 60 
0 54 0 0 0 60 
0 54 0 0 0 60 
0 54 0 0 0 60 
0 54 0 0 0 60 
0 54 0 0 0 60 
0 54 0 0 0 60 
0 54 0 0 0 60 
0 0 38 0 0 0 
0 0 38 0 0 0 
0 0 38 0 0 0 
0 0 38 0 0 0 
0 0 38 0 0 0 
0 0 38 0 0 0 
0 0 38 0 0 0 
0 0 38 0 0 0 
0 0 38 0 0 0 
0 0 38 0 0 0 
0 0 38 0 0 0 
0 0 38 0 0 0 
0 0 38 0 0 0 
0 0 38 0 0 0 
0 0 38 0 0 0 
58 0 0 0 0 0 
58 0 0 0 0 0 
58 0 0 0 0 0 
58 0 0 0 0 0 
58 0 0 0 0 0 
58 0 0 0 0 0 
58 0 0 0 0 0 
58 0 0 0 0 0 
58 0 0 0 0 0 
58 0 0 0 0 0 
58 0 0 0 0 0 
58 0 0 0 0 0 
58 0 0 0 0 0 
58 0 0 0 0 0 
58 0 0 0 0 0 
0 21 0 0 0 60 
0 21 0 0 0 60 
0 21 0 0 0 60 
0 21 0 0 0 60 
0 21 0 0 0 60 
0 21 0 0 0 60 
0 21 0 0 0 60 
0 21 0 0 0 60 
0 21 0 0 0 60 
0 21 0 0 0 60 
0 21 0 0 0 60 
0 21 0 0 0 60 
0 21 0 0 0 60 
0 21 0 0 0 60 
0 21 0 0 0 60 
0 42 0 51 0 0 
0 42 0 51 0 0 
0 42 0 51 0 0 
0 42 0 51 0 0 
0 42 0 51 0 0 
0 42 0 51 0 0 
0 42 0 51 0 0 
0 42 0 51 0 0 
0 42 0 51 0 0 
0 42 0 51 0 0 
0 42 0 51 0 0 
0 42 0 51 0 0 
0 42 0 51 0 0 
0 42 0 51 0 0 
0 42 0 51 0 0 
0 0 0 0 0 45 
0 0 0 0 0 45 
0 0 0 0 0 45 
0 0 0 0 0 45 
0 0 0 0 0 45 
0 0 0 0 0 45 
0 0 0 0 0 45 
0 0 0 0 0 45 
0 0 0 0 0 45 
0 0 0 0 0 45 
0 0 0 0 0 45 
0 0 0 0 0 45 
0 0 0 0 0 45 
0 0 0 0 0 45 
0 0 0 0 0 45 
0 0 0 42 0 0 
0 0 0 42 0 0 
0 0 0 42 0 0 
0 0 0 42 0 0 
0 0 0 42 0 0 
0 0 0 42 0 0 
0 0 0 42 0 0 
0 0 0 42 0 0 
0 0 0 42 0 0 
0 0 0 42 0 0 
0 0 0 42 0 0 
0 0 0 42 0 0 
0 0 0 42 0 0 
0 0 0 42 0 0 
0 0 0 42 0 0 
0 0 17 0 0 0 
0 0 17 0 0 0 
0 0 17 0 0 0 
0 0 17 0 0 0 
0 0 17 0 0 0 
0 0 17 0 0 0 
0 0 17 0 0 0 
0 0 17 0 0 0 
0 0 17 0 0 0 
0 0 17 0 0 0 
0 0 17 0 0 0 
0 0 17 0 0 0 
0 0 17 0 0 0 
0 0 17 0 0 0 
0 0 17 0 0 0 
15 0 0 0 0 0 
15 0 0 0 0 0 
15 0 0 0 0 0 
15 0 0 0 0 0 
15 0 0 0 0 0 
15 0 0 0 0 0 
15 0 0 0 0 0 
15 0 0 0 0 0 
15 0 0 0 0 0 
15 0 0 0 0 0 
15 0 0 0 0 0 
15 0 0 0 0 0 
15 0 0 0 0 0 
15 0 0 0 0 0 
15 0 0 0 0 0 
0 0 0 0 0 23 
0 0 0 0 0 23 
0 0 0 0 0 23 
0 0 0 0 0 23 
0 0 0 0 0 23 
0 0 0 0 0 23 
0 0 0 0 0 23 
0 0 0 0 0 23 
0 0 0 0 0 23 
0 0 0 0 0 23 
0 0 0 0 0 23 
0 0 0 0 0 23 
0 0 0 0 0 23 
0 0 0 0 0 23 
0 0 0 0 0 23 
0 0 28 0 0 0 
0 0 28 0 0 0 
0 0 28 0 0 0 
0 0 28 0 0 0 
0 0 28 0 0 0 
0 0 28 0 0 0 
0 0 28 0 0 0 
0 0 28 0 0 0 
0 0 28 0 0 0 
0 0 28 0 0 0 
0 0 28 0 0 0 
0 0 28 0 0 0 
0 0 28 0 0 0 
0 0 28 0 0 0 
0 0 28 0 0 0 
0 55 0 0 0 38 
0 55 0 0 0 38 
0 55 0 0 0 38 
0 55 0 0 0 38 
0 55 0 0 0 38 
0 55 0 0 0 38 
0 55 0 0 0 38 
0 55 0 0 0 38 
0 55 0 0 0 38 
0 55 0 0 0 38 
0 55 0 0 0 38 
0 55 0 0 0 38 
0 55 0 0 0 38 
0 55 0 0 0 38 
0 55 0 0 0 38 
0 0 60 0 0 22 
0 0 60 0 0 22 
0 0 60 0 0 22 
0 0 60 0 0 22 
0 0 60 0 0 22 
0 0 60 0 0 22 
0 0 60 0 0 22 
0 0 60 0 0 22 
0 0 60 0 0 22 
0 0 60 0 0 22 
0 0 60 0 0 22 
0 0 60 0 0 22 
0 0 60 0 0 22 
0 0 60 0 0 22 
0 0 60 0 0 22 
0 19 0 0 0 59 
0 19 0 0 0 59 
0 19 0 0 0 59 
0 19 0 0 0 59 
0 19 0 0 0 59 
0 19 0 0 0 59 
0 19 0 0 0 59 
0 19 0 0 0 59 
0 19 0 0 0 59 
0 19 0 0 0 59 
0 19 0 0 0 59 
0 19 0 0 0 59 
0 19 0 0 0 59 
0 19 0 0 0 59 
0 19 0 0 0 59 
0 0 0 0 0 44 
0 0 0 0 0 44 
0 0 0 0 0 44 
0 0 0 0 0 44 
0 0 0 0 0 44 
0 0 0 0 0 44 
0 0 0 0 0 44 
0 0 0 0 0 44 
0 0 0 0 0 44 
0 0 0 0 0 44 
0 0 0 0 0 44 
0 0 0 0 0 44 
0 0 0 0 0 44 
0 0 0 0 0 44 
0 0 0 0 0 44 
0 0 0 0 60 0 
0 0 0 0 60 0 
0 0 0 0 60 0 
0 0 0 0 60 0 
0 0 0 0 60 0 
0 0 0 0 60 0 
0 0 0 0 60 0 
0 0 0 0 60 0 
0 0 0 0 60 0 
0 0 0 0 60 0 
0 0 0 0 60 0 
0 0 0 0 60 0 
0 0 0 0 60 0 
0 0 0 0 60 0 
0 0 0 0 60 0 
0 45 0 0 0 26 
0 45 0 0 0 26 
0 45 0 0 0 26 
0 45 0 0 0 26 
0 45 0 0 0 26 
0 45 0 0 0 26 
0 45 0 0 0 26 
0 45 0 0 0 26 
0 45 0 0 0 26 
0 45 0 0 0 26 
0 45 0 0 0 26 
0 45 0 0 0 26 
0 45 0 0 0 26 
0 45 0 0 0 26 
0 45 0 0 0 26 
0 59 0 0 54 0 
0 59 0 0 54 0 
0 59 0 0 54 0 
0 59 0 0 54 0 
0 59 0 0 54 0 
0 59 0 0 54 0 
0 59 0 0 54 0 
0 59 0 0 54 0 
0 59 0 0 54 0 
0 59 0 0 54 0 
0 59 0 0 54 0 
0 59 0 0 54 0 
0 59 0 0 54 0 
0 59 0 0 54 0 
0 59 0 0 54 0 
0 0 0 51 0 0 
0 0 0 51 0 0 
0 0 0 51 0 0 
0 0 0 51 0 0 
0 0 0 51 0 0 
0 0 0 51 0 0 
0 0 0 51 0 0 
0 0 0 51 0 0 
0 0 0 51 0 0 
0 0 0 51 0 0 
0 0 0 51 0 0 
0 0 0 51 0 0 
0 0 0 51 0 0 
0 0 0 51 0 0 
0 0 0 51 0 0 
0 0 55 0 0 0 
0 0 55 0 0 0 
0 0 55 0 0 0 
0 0 55 0 0 0 
0 0 55 0 0 0 
0 0 55 0 0 0 
0 0 55 0 0 0 
0 0 55 0 0 0 
0 0 55 0 0 0 
0 0 55 0 0 0 
0 0 55 0 0 0 
0 0 55 0 0 0 
0 0 55 0 0 0 
0 0 55 0 0 0 
0 0 55 0 0 0 
0 0 0 0 0 25 
0 0 0 0 0 25 
0 0 0 0 0 25 
0 0 0 0 0 25 
0 0 0 0 0 25 
0 0 0 0 0 25 
0 0 0 0 0 25 
0 0 0 0 0 25 
0 0 0 0 0 25 
0 0 0 0 0 25 
0 0 0 0 0 25 
0 0 0 0 0 25 
0 0 0 0 0 25 
0 0 0 0 0 25 
0 0 0 0 0 25 
0 0 31 0 0 0 
0 0 31 0 0 0 
0 0 31 0 0 0 
0 0 31 0 0 0 
0 0 31 0 0 0 
0 0 31 0 0 0 
0 0 31 0 0 0 
0 0 31 0 0 0 
0 0 31 0 0 0 
0 0 31 0 0 0 
0 0 31 0 0 0 
0 0 31 0 0 0 
0 0 31 0 0 0 
0 0 31 0 0 0 
0 0 31 0 0 0 
49 0 0 0 0 0 
49 0 0 0 0 0 
49 0 0 0 0 0 
49 0 0 0 0 0 
49 0 0 0 0 0 
49 0 0 0 0 0 
49 0 0 0 0 0 
49 0 0 0 0 0 
49 0 0 0 0 0 
49 0 0 0 0 0 
49 0 0 0 0 0 
49 0 0 0 0 0 
49 0 0 0 0 0 
49 0 0 0 0 0 
49 0 0 0 0 0 
0 0 0 0 32 0 
0 0 0 0 32 0 
0 0 0 0 32 0 
0 0 0 0 32 0 
0 0 0 0 32 0 
0 0 0 0 32 0 
0 0 0 0 32 0 
0 0 0 0 32 0 
0 0 0 0 32 0 
0 0 0 0 32 0 
0 0 0 0 32 0 
0 0 0 0 32 0 
0 0 0 0 32 0 
0 0 0 0 32 0 
0 0 0 0 32 0 
0.0 0.0 0.0 0.0 0.0 0.0 
0.0 0.0 0.0 0.0 0.0 0.0 
0.0 0.0 0.0 0.0 0.0 0.0 
0.0 0.0 0.0 0.0 0.0 0.0 
0.0 0.0 0.0 0.0 0.0 0.0 
0.0 0.0 0.0 0.0 0.0 0.0 
0.0 0.0 0.0 0.0 0.0 0.0 
0.0 0.0 0.0 0.0 0.0 0.0 
0.0 0.0 0.0 0.0 0.0 0.0 
0.0 0.0 0.0 0.0 0.0 0.0 
0.0 0.0 0.0 0.0 0.0 0.0 
0.0 0.0 0.0 0.0 0.0 0.0 
0.0 0.0 0.0 0.0 0.0 0.0 
0.0 0.0 0.0 0.0 0.0 0.0 
0.0 0.0 0.0 0.0 0.0 0.0 
mind
0 0 0 0 0 0 0 10 0 0 0 0 0 0 0 0 0 0 0 14 0 0 0 23 0 0 0 0 0 0 0 0 0 22 0 0 0 0 0 0 0 0 0 0 0 16 0 0 12 0 0 0 11 0 0 18 13 0 0 0 0 0 0 17 17 0 0 0 11 0 0 0 0 0 0 0 0
maxd
0 0 0 0 0 0 0 22 0 0 0 0 0 0 0 0 0 0 0 27 0 0 0 24 0 0 0 0 0 0 0 0 0 28 0 0 0 0 0 0 0 0 0 0 0 18 0 0 19 0 0 0 28 0 0 23 20 0 0 0 0 0 0 25 30 0 0 0 23 0 0 0 0 0 0 0 0
e
0 709 591 596 737 860 728 550 706 757 908 945 788 945 822 947 857 853 820 809 801 718 958 790 512 525 794 665 488 502 579 847 492 881 615 631 884 557 759 603 606 657 609 907 694 861 947 632 948 910 854 680 879 642 636 848 624 791 795 792 488 838 661 590 647 574 960 728 501 888 533 919 682 726 774 860 0
l
99999 829 711 716 857 980 848 670 826 877 1028 1065 908 1065 942 1067 977 973 940 929 921 838 1078 910 632 645 914 785 608 622 699 967 612 1001 735 751 1004 677 879 723 726 777 729 1027 814 981 1067 752 1068 1030 974 800 999 762 756 968 744 911 915 912 608 958 781 710 767 694 1080 848 621 1008 653 1039 802 846 894 980 99999
