nbNodes
77
nbVehi
15
nbServi
6
r
1 1 1 1 1 1 
0 1 0 0 0 0 
0 0 1 0 0 1 
0 0 1 0 0 0 
0 0 0 1 0 0 
0 0 1 0 0 0 
0 0 0 0 0 1 
0 0 1 0 0 1 
0 0 1 0 0 0 
1 0 0 0 0 0 
0 0 0 0 0 1 
0 0 0 0 1 0 
0 0 0 0 0 1 
0 0 1 0 0 0 
0 0 1 0 0 0 
0 0 0 0 0 1 
0 0 1 0 0 0 
1 0 0 0 0 0 
0 1 0 0 1 0 
0 0 0 0 1 0 
0 0 0 0 0 1 
1 0 0 0 0 1 
0 0 0 0 0 1 
0 0 0 1 0 0 
1 0 0 0 1 0 
0 1 0 1 0 0 
0 0 1 0 0 0 
0 1 0 0 1 0 
0 0 1 1 0 0 
0 0 1 0 0 0 
1 0 0 0 0 0 
1 0 0 0 0 0 
0 0 0 0 0 1 
0 0 0 1 0 0 
0 0 0 0 0 1 
0 0 0 0 0 1 
0 1 0 1 0 0 
1 0 0 0 0 0 
0 1 0 1 0 0 
0 1 0 0 0 0 
0 0 1 0 0 0 
0 0 0 0 1 0 
1 0 0 0 0 1 
0 0 1 0 1 0 
1 0 0 0 0 0 
0 0 0 0 0 1 
1 0 0 0 0 0 
1 0 0 0 0 1 
0 0 1 0 1 0 
0 0 1 0 1 0 
0 1 0 0 0 0 
0 0 1 0 0 1 
0 0 1 1 0 0 
0 0 1 0 0 0 
0 0 1 0 0 0 
0 0 1 1 0 0 
1 0 0 0 1 0 
1 0 0 0 0 0 
0 0 1 1 0 0 
0 0 0 0 0 1 
1 0 0 0 0 0 
0 0 0 0 0 1 
1 0 0 0 0 1 
0 1 0 0 0 0 
1 0 0 1 0 0 
0 0 0 0 0 1 
0 0 0 1 0 0 
1 0 0 0 0 1 
0 0 1 0 0 0 
0 0 0 1 0 0 
0 0 0 0 0 1 
0 0 0 0 0 1 
0 0 0 0 1 0 
0 0 0 0 0 1 
0 0 1 1 0 0 
0 0 0 0 1 0 
1 1 1 1 1 1 
DS
3 8 19 22 25 26 28 29 37 39 43 44 48 49 50 52 53 56 57 59 63 65 68 75 
a
1 1 1 0 0 0 
1 0 1 0 0 0 
0 0 1 0 0 0 
1 1 1 0 0 0 
0 0 1 0 0 0 
1 1 0 0 0 0 
1 0 1 0 0 0 
0 0 0 1 0 0 
0 0 0 0 1 1 
0 0 0 1 1 1 
0 0 0 1 1 1 
0 0 0 0 0 1 
0 0 0 0 1 0 
0 0 0 0 0 1 
0 0 0 1 0 0 
x
-30.1015 -30.0534 -30.1738 -30.0877 -29.9925 -30.0443 -30.0336 -29.9961 -30.0064 -30.1015 -30.0422 -30.0072 -30.0343 -30.0725 -30.0173 -30.0439 -29.9864 -30.0274 -30.0141 -30.0782 -30.1541 -30.0884 -29.9872 -30.1578 -30.0535 -30.0761 -30.0835 -30.0267 -30.0616 -30.0355 -30.0652 -30.0229 -30.0349 -30.155 -30.1844 -29.9819 -30.0593 -30.1378 -30.0687 -30.0844 -30.0758 -30.1021 -30.0338 -30.002 -30.0525 -30.0798 -30.1651 -30.1495 -30.0074 -30.0259 -30.158 -30.1062 -30.0201 -30.0306 -30.0449 -30.1035 -30.1372 -30.0738 -30.2283 -30.0267 -30.0982 -30.1015 -29.9983 -30.002 -30.0184 -30.0332 -30.0141 -30.1553 -29.9879 -30.0701 -30.1804 -30.0597 -30.0267 -30.1234 -30.063 -30.033 -30.1015
y
-51.1594 -51.2077 -51.1476 -51.1256 -51.1213 -51.2237 -51.1616 -51.1033 -51.1439 -51.2368 -51.1884 -51.1748 -51.1273 -51.1644 -51.1133 -51.1869 -51.0957 -51.153 -51.1808 -51.1719 -51.1351 -51.123 -51.1265 -51.1687 -51.1891 -51.1806 -51.2177 -51.1532 -51.1575 -51.2238 -51.2176 -51.1341 -51.1671 -51.2175 -51.2189 -51.137 -51.2208 -51.2296 -51.1918 -51.2386 -51.223 -51.2386 -51.11 -51.1025 -51.1478 -51.1693 -51.1401 -51.1466 -51.1234 -51.2206 -51.1412 -51.1079 -51.1037 -51.1618 -51.1526 -51.1178 -51.228 -51.1828 -51.0569 -51.2538 -51.1347 -51.1594 -51.0997 -51.156 -51.1123 -51.1194 -51.1198 -51.1398 -51.1971 -51.1634 -51.1807 -51.1814 -51.186 -51.2159 -51.1466 -51.1912 -51.1594
d
0.00000 16.00000 20.00000 11.00000 30.00000 19.00000 22.00000 30.00000 27.00000 19.00000 21.00000 26.00000 22.00000 20.00000 25.00000 20.00000 32.00000 22.00000 24.00000 17.00000 22.00000 11.00000 32.00000 19.00000 18.00000 16.00000 15.00000 23.00000 15.00000 20.00000 15.00000 25.00000 22.00000 23.00000 31.00000 34.00000 17.00000 20.00000 15.00000 20.00000 17.00000 19.00000 25.00000 28.00000 16.00000 16.00000 21.00000 20.00000 27.00000 22.00000 21.00000 13.00000 27.00000 23.00000 19.00000 12.00000 20.00000 17.00000 37.00000 41.00000 7.00000 0.00000 30.00000 27.00000 25.00000 22.00000 25.00000 21.00000 28.00000 19.00000 23.00000 17.00000 23.00000 17.00000 15.00000 22.00000 0.00000
15.00000 0.00000 29.00000 19.00000 24.00000 6.00000 15.00000 27.00000 19.00000 11.00000 9.00000 15.00000 20.00000 13.00000 22.00000 8.00000 28.00000 16.00000 12.00000 12.00000 31.00000 19.00000 23.00000 27.00000 8.00000 10.00000 7.00000 15.00000 12.00000 8.00000 6.00000 21.00000 14.00000 21.00000 28.00000 25.00000 5.00000 17.00000 6.00000 12.00000 8.00000 11.00000 22.00000 26.00000 15.00000 15.00000 30.00000 28.00000 23.00000 9.00000 30.00000 24.00000 24.00000 14.00000 15.00000 22.00000 17.00000 11.00000 46.00000 29.00000 20.00000 15.00000 27.00000 18.00000 23.00000 19.00000 23.00000 30.00000 15.00000 12.00000 29.00000 10.00000 10.00000 17.00000 14.00000 10.00000 15.00000
20.00000 29.00000 0.00000 28.00000 47.00000 33.00000 37.00000 47.00000 43.00000 21.00000 33.00000 39.00000 40.00000 34.00000 43.00000 33.00000 47.00000 38.00000 37.00000 30.00000 7.00000 28.00000 47.00000 7.00000 31.00000 30.00000 24.00000 38.00000 33.00000 34.00000 27.00000 42.00000 35.00000 16.00000 17.00000 49.00000 30.00000 17.00000 28.00000 25.00000 27.00000 22.00000 43.00000 45.00000 34.00000 30.00000 5.00000 8.00000 45.00000 35.00000 6.00000 23.00000 45.00000 36.00000 36.00000 24.00000 16.00000 30.00000 18.00000 55.00000 25.00000 20.00000 46.00000 43.00000 43.00000 40.00000 43.00000 6.00000 41.00000 33.00000 9.00000 30.00000 36.00000 19.00000 33.00000 36.00000 20.00000
11.00000 17.00000 29.00000 0.00000 25.00000 20.00000 16.00000 25.00000 22.00000 24.00000 17.00000 22.00000 17.00000 14.00000 19.00000 17.00000 26.00000 17.00000 20.00000 17.00000 23.00000 1.00000 26.00000 28.00000 15.00000 17.00000 20.00000 17.00000 10.00000 21.00000 21.00000 19.00000 16.00000 33.00000 40.00000 28.00000 20.00000 30.00000 15.00000 25.00000 23.00000 24.00000 19.00000 23.00000 10.00000 19.00000 28.00000 25.00000 21.00000 23.00000 24.00000 9.00000 21.00000 17.00000 14.00000 7.00000 29.00000 17.00000 42.00000 40.00000 5.00000 11.00000 24.00000 22.00000 20.00000 16.00000 20.00000 24.00000 24.00000 14.00000 32.00000 14.00000 20.00000 27.00000 10.00000 20.00000 11.00000
30.00000 22.00000 48.00000 25.00000 0.00000 23.00000 15.00000 6.00000 7.00000 31.00000 18.00000 11.00000 12.00000 24.00000 8.00000 20.00000 8.00000 13.00000 13.00000 27.00000 44.00000 25.00000 6.00000 47.00000 21.00000 27.00000 28.00000 13.00000 20.00000 22.00000 24.00000 10.00000 15.00000 41.00000 48.00000 8.00000 23.00000 37.00000 23.00000 30.00000 27.00000 32.00000 14.00000 7.00000 16.00000 27.00000 49.00000 46.00000 5.00000 20.00000 45.00000 29.00000 12.00000 14.00000 16.00000 28.00000 37.00000 26.00000 56.00000 31.00000 25.00000 30.00000 7.00000 10.00000 10.00000 12.00000 7.00000 44.00000 15.00000 23.00000 49.00000 23.00000 15.00000 37.00000 19.00000 17.00000 30.00000
18.00000 4.00000 32.00000 20.00000 23.00000 0.00000 15.00000 24.00000 19.00000 14.00000 9.00000 15.00000 19.00000 14.00000 21.00000 7.00000 25.00000 16.00000 12.00000 13.00000 34.00000 20.00000 23.00000 30.00000 8.00000 13.00000 10.00000 15.00000 13.00000 3.00000 6.00000 20.00000 13.00000 24.00000 31.00000 25.00000 5.00000 20.00000 9.00000 10.00000 9.00000 14.00000 21.00000 25.00000 16.00000 16.00000 33.00000 31.00000 23.00000 7.00000 33.00000 24.00000 23.00000 14.00000 14.00000 23.00000 20.00000 12.00000 49.00000 26.00000 20.00000 18.00000 25.00000 17.00000 22.00000 18.00000 22.00000 33.00000 13.00000 13.00000 32.00000 10.00000 10.00000 20.00000 15.00000 10.00000 18.00000
22.00000 13.00000 38.00000 17.00000 14.00000 15.00000 0.00000 18.00000 10.00000 20.00000 8.00000 9.00000 10.00000 13.00000 13.00000 9.00000 19.00000 4.00000 9.00000 15.00000 36.00000 17.00000 14.00000 36.00000 10.00000 15.00000 17.00000 4.00000 10.00000 16.00000 17.00000 10.00000 3.00000 30.00000 37.00000 16.00000 16.00000 26.00000 12.00000 22.00000 19.00000 21.00000 13.00000 17.00000 8.00000 16.00000 39.00000 38.00000 14.00000 14.00000 37.00000 22.00000 15.00000 2.00000 5.00000 20.00000 26.00000 15.00000 55.00000 30.00000 18.00000 22.00000 18.00000 10.00000 13.00000 10.00000 13.00000 36.00000 14.00000 12.00000 38.00000 12.00000 8.00000 26.00000 11.00000 9.00000 22.00000
30.00000 26.00000 48.00000 25.00000 7.00000 25.00000 18.00000 0.00000 10.00000 33.00000 21.00000 15.00000 13.00000 24.00000 9.00000 23.00000 5.00000 17.00000 17.00000 27.00000 42.00000 25.00000 9.00000 47.00000 23.00000 27.00000 29.00000 17.00000 20.00000 24.00000 28.00000 13.00000 18.00000 43.00000 50.00000 11.00000 27.00000 39.00000 25.00000 33.00000 31.00000 34.00000 13.00000 3.00000 16.00000 28.00000 47.00000 45.00000 8.00000 21.00000 44.00000 30.00000 8.00000 17.00000 16.00000 28.00000 39.00000 27.00000 52.00000 31.00000 26.00000 30.00000 2.00000 13.00000 10.00000 12.00000 7.00000 43.00000 19.00000 23.00000 51.00000 24.00000 19.00000 39.00000 19.00000 21.00000 30.00000
28.00000 17.00000 45.00000 23.00000 7.00000 18.00000 10.00000 11.00000 0.00000 27.00000 14.00000 7.00000 12.00000 20.00000 8.00000 15.00000 12.00000 8.00000 9.00000 22.00000 42.00000 22.00000 7.00000 43.00000 17.00000 22.00000 23.00000 8.00000 15.00000 18.00000 19.00000 8.00000 10.00000 36.00000 44.00000 9.00000 18.00000 33.00000 19.00000 26.00000 22.00000 27.00000 14.00000 11.00000 14.00000 23.00000 46.00000 44.00000 7.00000 16.00000 43.00000 27.00000 12.00000 9.00000 11.00000 26.00000 32.00000 22.00000 58.00000 28.00000 23.00000 28.00000 11.00000 5.00000 10.00000 12.00000 9.00000 42.00000 13.00000 19.00000 45.00000 18.00000 11.00000 33.00000 16.00000 12.00000 28.00000
20.00000 14.00000 22.00000 25.00000 32.00000 14.00000 22.00000 34.00000 28.00000 0.00000 18.00000 24.00000 26.00000 19.00000 28.00000 18.00000 35.00000 23.00000 22.00000 17.00000 24.00000 25.00000 32.00000 19.00000 16.00000 15.00000 9.00000 23.00000 18.00000 15.00000 12.00000 27.00000 20.00000 13.00000 20.00000 34.00000 13.00000 9.00000 13.00000 6.00000 11.00000 1.00000 28.00000 32.00000 21.00000 20.00000 23.00000 22.00000 30.00000 19.00000 23.00000 29.00000 30.00000 21.00000 21.00000 28.00000 9.00000 15.00000 39.00000 38.00000 25.00000 20.00000 33.00000 28.00000 29.00000 25.00000 29.00000 23.00000 25.00000 18.00000 21.00000 15.00000 21.00000 9.00000 20.00000 21.00000 20.00000
21.00000 7.00000 34.00000 18.00000 19.00000 9.00000 9.00000 21.00000 14.00000 16.00000 0.00000 11.00000 13.00000 12.00000 16.00000 4.00000 22.00000 10.00000 9.00000 12.00000 36.00000 17.00000 19.00000 32.00000 5.00000 12.00000 13.00000 9.00000 10.00000 9.00000 10.00000 15.00000 7.00000 26.00000 33.00000 21.00000 9.00000 22.00000 8.00000 17.00000 14.00000 17.00000 15.00000 19.00000 10.00000 15.00000 35.00000 34.00000 17.00000 8.00000 35.00000 22.00000 17.00000 8.00000 8.00000 20.00000 22.00000 11.00000 51.00000 27.00000 18.00000 21.00000 21.00000 14.00000 16.00000 12.00000 16.00000 35.00000 13.00000 11.00000 34.00000 8.00000 5.00000 22.00000 12.00000 4.00000 21.00000
28.00000 14.00000 41.00000 23.00000 11.00000 14.00000 8.00000 15.00000 8.00000 24.00000 11.00000 0.00000 15.00000 19.00000 13.00000 12.00000 16.00000 9.00000 4.00000 20.00000 42.00000 23.00000 11.00000 40.00000 14.00000 21.00000 20.00000 8.00000 16.00000 13.00000 16.00000 12.00000 8.00000 33.00000 41.00000 12.00000 15.00000 30.00000 16.00000 22.00000 19.00000 24.00000 18.00000 15.00000 14.00000 21.00000 42.00000 41.00000 11.00000 11.00000 42.00000 28.00000 16.00000 7.00000 11.00000 26.00000 29.00000 20.00000 58.00000 23.00000 24.00000 28.00000 16.00000 5.00000 14.00000 16.00000 13.00000 42.00000 7.00000 17.00000 42.00000 15.00000 8.00000 30.00000 17.00000 9.00000 28.00000
21.00000 18.00000 40.00000 17.00000 12.00000 20.00000 9.00000 13.00000 11.00000 24.00000 12.00000 14.00000 0.00000 15.00000 7.00000 14.00000 14.00000 8.00000 15.00000 18.00000 35.00000 16.00000 14.00000 38.00000 15.00000 19.00000 21.00000 8.00000 11.00000 20.00000 21.00000 7.00000 10.00000 34.00000 41.00000 16.00000 20.00000 31.00000 16.00000 26.00000 23.00000 25.00000 7.00000 11.00000 7.00000 19.00000 40.00000 37.00000 9.00000 19.00000 36.00000 21.00000 9.00000 10.00000 7.00000 19.00000 30.00000 18.00000 51.00000 35.00000 17.00000 21.00000 12.00000 13.00000 7.00000 4.00000 7.00000 36.00000 19.00000 15.00000 42.00000 15.00000 14.00000 30.00000 10.00000 14.00000 21.00000
18.00000 12.00000 36.00000 13.00000 24.00000 15.00000 14.00000 24.00000 19.00000 19.00000 13.00000 18.00000 16.00000 0.00000 18.00000 13.00000 25.00000 15.00000 16.00000 7.00000 32.00000 13.00000 24.00000 35.00000 11.00000 11.00000 15.00000 15.00000 5.00000 17.00000 16.00000 18.00000 12.00000 28.00000 36.00000 26.00000 15.00000 25.00000 11.00000 20.00000 18.00000 19.00000 18.00000 22.00000 9.00000 8.00000 37.00000 34.00000 20.00000 18.00000 33.00000 18.00000 20.00000 14.00000 12.00000 16.00000 24.00000 10.00000 51.00000 36.00000 14.00000 18.00000 23.00000 19.00000 19.00000 15.00000 19.00000 33.00000 20.00000 2.00000 37.00000 9.00000 15.00000 25.00000 9.00000 15.00000 18.00000
25.00000 21.00000 43.00000 20.00000 8.00000 23.00000 12.00000 8.00000 7.00000 28.00000 15.00000 12.00000 7.00000 19.00000 0.00000 17.00000 10.00000 12.00000 14.00000 22.00000 38.00000 19.00000 10.00000 42.00000 18.00000 22.00000 24.00000 12.00000 14.00000 23.00000 24.00000 8.00000 14.00000 37.00000 45.00000 12.00000 23.00000 34.00000 20.00000 29.00000 27.00000 28.00000 7.00000 6.00000 11.00000 23.00000 43.00000 41.00000 4.00000 21.00000 40.00000 24.00000 4.00000 13.00000 11.00000 23.00000 33.00000 21.00000 51.00000 33.00000 20.00000 25.00000 8.00000 10.00000 2.00000 7.00000 3.00000 39.00000 17.00000 18.00000 46.00000 18.00000 16.00000 34.00000 13.00000 17.00000 25.00000
20.00000 7.00000 33.00000 17.00000 18.00000 10.00000 8.00000 20.00000 14.00000 15.00000 3.00000 11.00000 12.00000 11.00000 15.00000 0.00000 21.00000 9.00000 9.00000 11.00000 35.00000 16.00000 18.00000 31.00000 4.00000 11.00000 12.00000 9.00000 9.00000 11.00000 11.00000 14.00000 6.00000 25.00000 32.00000 20.00000 10.00000 21.00000 7.00000 17.00000 14.00000 16.00000 14.00000 18.00000 10.00000 14.00000 34.00000 33.00000 16.00000 10.00000 34.00000 21.00000 16.00000 8.00000 7.00000 19.00000 21.00000 10.00000 50.00000 29.00000 17.00000 20.00000 20.00000 14.00000 15.00000 11.00000 15.00000 34.00000 14.00000 10.00000 33.00000 7.00000 7.00000 21.00000 11.00000 6.00000 20.00000
32.00000 26.00000 48.00000 27.00000 8.00000 26.00000 19.00000 5.00000 11.00000 35.00000 22.00000 16.00000 14.00000 26.00000 10.00000 24.00000 0.00000 18.00000 18.00000 29.00000 42.00000 26.00000 10.00000 49.00000 25.00000 29.00000 31.00000 18.00000 21.00000 25.00000 29.00000 15.00000 19.00000 44.00000 51.00000 12.00000 28.00000 41.00000 26.00000 34.00000 32.00000 35.00000 14.00000 5.00000 17.00000 29.00000 47.00000 45.00000 9.00000 22.00000 44.00000 31.00000 10.00000 18.00000 17.00000 29.00000 40.00000 28.00000 52.00000 32.00000 27.00000 32.00000 4.00000 14.00000 11.00000 14.00000 9.00000 43.00000 20.00000 25.00000 53.00000 25.00000 20.00000 41.00000 20.00000 21.00000 32.00000
22.00000 13.00000 40.00000 17.00000 12.00000 16.00000 4.00000 15.00000 7.00000 22.00000 9.00000 8.00000 8.00000 15.00000 11.00000 11.00000 16.00000 0.00000 9.00000 16.00000 36.00000 17.00000 12.00000 38.00000 12.00000 17.00000 19.00000 1.00000 9.00000 16.00000 17.00000 7.00000 5.00000 32.00000 39.00000 14.00000 16.00000 28.00000 14.00000 23.00000 20.00000 23.00000 13.00000 15.00000 8.00000 17.00000 41.00000 38.00000 11.00000 15.00000 37.00000 21.00000 14.00000 3.00000 5.00000 20.00000 28.00000 16.00000 55.00000 30.00000 17.00000 22.00000 16.00000 7.00000 12.00000 10.00000 12.00000 36.00000 14.00000 13.00000 40.00000 13.00000 8.00000 28.00000 11.00000 9.00000 22.00000
25.00000 11.00000 39.00000 22.00000 13.00000 12.00000 8.00000 16.00000 8.00000 21.00000 8.00000 4.00000 15.00000 16.00000 12.00000 10.00000 17.00000 8.00000 0.00000 18.00000 40.00000 21.00000 13.00000 37.00000 11.00000 18.00000 17.00000 8.00000 14.00000 11.00000 14.00000 12.00000 7.00000 31.00000 38.00000 15.00000 13.00000 27.00000 13.00000 20.00000 17.00000 21.00000 18.00000 16.00000 13.00000 19.00000 40.00000 38.00000 12.00000 9.00000 40.00000 26.00000 16.00000 7.00000 10.00000 25.00000 27.00000 17.00000 56.00000 23.00000 22.00000 25.00000 17.00000 7.00000 14.00000 15.00000 13.00000 40.00000 7.00000 15.00000 39.00000 13.00000 5.00000 27.00000 16.00000 6.00000 25.00000
17.00000 11.00000 31.00000 17.00000 26.00000 13.00000 16.00000 27.00000 21.00000 16.00000 12.00000 18.00000 19.00000 7.00000 22.00000 11.00000 29.00000 17.00000 16.00000 0.00000 33.00000 16.00000 26.00000 29.00000 9.00000 6.00000 12.00000 17.00000 9.00000 15.00000 13.00000 21.00000 13.00000 25.00000 33.00000 28.00000 13.00000 22.00000 8.00000 17.00000 15.00000 16.00000 21.00000 25.00000 13.00000 3.00000 31.00000 30.00000 23.00000 16.00000 31.00000 21.00000 24.00000 15.00000 14.00000 20.00000 21.00000 7.00000 48.00000 35.00000 17.00000 17.00000 27.00000 21.00000 22.00000 19.00000 22.00000 31.00000 20.00000 7.00000 33.00000 9.00000 15.00000 22.00000 12.00000 14.00000 17.00000
22.00000 31.00000 8.00000 23.00000 43.00000 35.00000 35.00000 42.00000 40.00000 24.00000 36.00000 41.00000 36.00000 33.00000 38.00000 35.00000 42.00000 36.00000 39.00000 33.00000 0.00000 22.00000 45.00000 9.00000 33.00000 32.00000 26.00000 36.00000 29.00000 36.00000 30.00000 38.00000 35.00000 19.00000 20.00000 47.00000 32.00000 19.00000 31.00000 27.00000 29.00000 24.00000 37.00000 39.00000 29.00000 32.00000 7.00000 4.00000 40.00000 37.00000 3.00000 18.00000 40.00000 36.00000 33.00000 18.00000 19.00000 32.00000 25.00000 57.00000 22.00000 22.00000 40.00000 40.00000 39.00000 35.00000 39.00000 3.00000 43.00000 32.00000 12.00000 32.00000 38.00000 21.00000 28.00000 38.00000 22.00000
11.00000 18.00000 28.00000 2.00000 25.00000 21.00000 17.00000 26.00000 22.00000 24.00000 18.00000 23.00000 18.00000 15.00000 20.00000 18.00000 27.00000 18.00000 21.00000 18.00000 22.00000 0.00000 27.00000 28.00000 15.00000 18.00000 21.00000 18.00000 10.00000 22.00000 21.00000 20.00000 17.00000 33.00000 40.00000 29.00000 21.00000 30.00000 16.00000 26.00000 23.00000 25.00000 20.00000 24.00000 11.00000 19.00000 27.00000 25.00000 22.00000 23.00000 24.00000 8.00000 22.00000 18.00000 15.00000 7.00000 30.00000 17.00000 41.00000 41.00000 6.00000 11.00000 25.00000 22.00000 20.00000 17.00000 20.00000 23.00000 25.00000 14.00000 32.00000 15.00000 20.00000 27.00000 10.00000 20.00000 11.00000
30.00000 21.00000 48.00000 26.00000 5.00000 21.00000 13.00000 7.00000 5.00000 30.00000 17.00000 10.00000 13.00000 24.00000 9.00000 19.00000 9.00000 12.00000 12.00000 25.00000 44.00000 25.00000 0.00000 46.00000 20.00000 26.00000 26.00000 12.00000 20.00000 21.00000 23.00000 10.00000 13.00000 40.00000 47.00000 4.00000 22.00000 36.00000 22.00000 29.00000 26.00000 31.00000 15.00000 8.00000 16.00000 26.00000 49.00000 46.00000 6.00000 19.00000 45.00000 30.00000 13.00000 12.00000 15.00000 28.00000 36.00000 25.00000 57.00000 29.00000 26.00000 30.00000 8.00000 8.00000 11.00000 13.00000 8.00000 45.00000 14.00000 22.00000 48.00000 22.00000 14.00000 36.00000 19.00000 16.00000 30.00000
19.00000 28.00000 7.00000 28.00000 46.00000 31.00000 36.00000 48.00000 42.00000 19.00000 33.00000 38.00000 40.00000 34.00000 42.00000 32.00000 49.00000 37.00000 36.00000 30.00000 9.00000 28.00000 46.00000 0.00000 30.00000 29.00000 23.00000 37.00000 32.00000 33.00000 27.00000 42.00000 34.00000 13.00000 19.00000 48.00000 29.00000 14.00000 28.00000 23.00000 26.00000 19.00000 42.00000 46.00000 33.00000 29.00000 8.00000 9.00000 44.00000 34.00000 8.00000 25.00000 44.00000 35.00000 35.00000 26.00000 13.00000 29.00000 24.00000 54.00000 24.00000 19.00000 47.00000 42.00000 42.00000 39.00000 42.00000 8.00000 40.00000 32.00000 11.00000 29.00000 35.00000 17.00000 32.00000 35.00000 19.00000
17.00000 6.00000 31.00000 15.00000 21.00000 8.00000 10.00000 22.00000 16.00000 13.00000 5.00000 12.00000 14.00000 10.00000 17.00000 4.00000 24.00000 11.00000 10.00000 9.00000 33.00000 15.00000 21.00000 29.00000 0.00000 9.00000 9.00000 11.00000 7.00000 9.00000 9.00000 16.00000 8.00000 23.00000 30.00000 23.00000 8.00000 19.00000 5.00000 15.00000 12.00000 13.00000 16.00000 20.00000 10.00000 11.00000 32.00000 30.00000 18.00000 10.00000 32.00000 19.00000 19.00000 10.00000 9.00000 18.00000 18.00000 8.00000 48.00000 29.00000 15.00000 17.00000 22.00000 16.00000 17.00000 14.00000 17.00000 32.00000 14.00000 8.00000 31.00000 4.00000 8.00000 19.00000 9.00000 7.00000 17.00000
16.00000 10.00000 30.00000 18.00000 26.00000 13.00000 16.00000 28.00000 21.00000 13.00000 12.00000 18.00000 20.00000 11.00000 22.00000 11.00000 29.00000 17.00000 16.00000 6.00000 32.00000 17.00000 26.00000 29.00000 9.00000 0.00000 10.00000 16.00000 10.00000 15.00000 10.00000 21.00000 13.00000 23.00000 30.00000 28.00000 12.00000 19.00000 7.00000 15.00000 12.00000 14.00000 22.00000 26.00000 13.00000 9.00000 31.00000 30.00000 24.00000 16.00000 31.00000 22.00000 24.00000 15.00000 14.00000 20.00000 19.00000 6.00000 47.00000 35.00000 18.00000 16.00000 27.00000 21.00000 22.00000 19.00000 22.00000 31.00000 20.00000 10.00000 31.00000 9.00000 15.00000 19.00000 13.00000 14.00000 16.00000
15.00000 9.00000 24.00000 20.00000 28.00000 11.00000 17.00000 29.00000 23.00000 6.00000 14.00000 19.00000 21.00000 15.00000 24.00000 13.00000 30.00000 18.00000 17.00000 12.00000 26.00000 20.00000 27.00000 22.00000 11.00000 10.00000 0.00000 18.00000 13.00000 13.00000 6.00000 23.00000 15.00000 16.00000 23.00000 29.00000 9.00000 12.00000 9.00000 6.00000 6.00000 7.00000 23.00000 27.00000 16.00000 15.00000 25.00000 24.00000 25.00000 15.00000 25.00000 25.00000 25.00000 16.00000 16.00000 23.00000 12.00000 10.00000 41.00000 35.00000 21.00000 15.00000 29.00000 23.00000 24.00000 21.00000 24.00000 25.00000 21.00000 13.00000 24.00000 10.00000 16.00000 12.00000 15.00000 16.00000 15.00000
22.00000 13.00000 40.00000 18.00000 12.00000 16.00000 4.00000 15.00000 7.00000 22.00000 9.00000 8.00000 8.00000 15.00000 11.00000 11.00000 16.00000 1.00000 9.00000 17.00000 36.00000 17.00000 12.00000 38.00000 12.00000 17.00000 19.00000 0.00000 10.00000 16.00000 17.00000 7.00000 5.00000 32.00000 39.00000 13.00000 16.00000 28.00000 14.00000 23.00000 20.00000 23.00000 13.00000 15.00000 8.00000 18.00000 41.00000 38.00000 11.00000 15.00000 37.00000 22.00000 14.00000 3.00000 5.00000 20.00000 28.00000 16.00000 55.00000 30.00000 18.00000 22.00000 16.00000 7.00000 12.00000 10.00000 12.00000 37.00000 14.00000 14.00000 40.00000 14.00000 8.00000 28.00000 11.00000 9.00000 22.00000
15.00000 10.00000 33.00000 10.00000 20.00000 13.00000 10.00000 20.00000 15.00000 16.00000 11.00000 15.00000 12.00000 7.00000 15.00000 11.00000 21.00000 11.00000 13.00000 10.00000 29.00000 10.00000 20.00000 32.00000 8.00000 10.00000 12.00000 11.00000 0.00000 14.00000 13.00000 14.00000 9.00000 26.00000 33.00000 22.00000 12.00000 22.00000 8.00000 18.00000 15.00000 16.00000 14.00000 18.00000 5.00000 11.00000 34.00000 31.00000 16.00000 15.00000 30.00000 15.00000 16.00000 11.00000 7.00000 13.00000 22.00000 9.00000 48.00000 33.00000 11.00000 15.00000 20.00000 15.00000 15.00000 11.00000 15.00000 29.00000 18.00000 6.00000 34.00000 6.00000 13.00000 22.00000 5.00000 13.00000 15.00000
19.00000 5.00000 32.00000 21.00000 21.00000 4.00000 14.00000 22.00000 17.00000 15.00000 8.00000 12.00000 18.00000 15.00000 21.00000 7.00000 23.00000 15.00000 10.00000 13.00000 34.00000 20.00000 21.00000 31.00000 8.00000 13.00000 11.00000 14.00000 13.00000 0.00000 7.00000 20.00000 12.00000 24.00000 32.00000 22.00000 6.00000 21.00000 9.00000 13.00000 10.00000 15.00000 20.00000 22.00000 16.00000 16.00000 33.00000 32.00000 20.00000 5.00000 33.00000 25.00000 22.00000 13.00000 13.00000 23.00000 20.00000 13.00000 49.00000 23.00000 21.00000 19.00000 22.00000 15.00000 21.00000 18.00000 21.00000 33.00000 10.00000 13.00000 33.00000 11.00000 8.00000 21.00000 16.00000 9.00000 19.00000
15.00000 5.00000 29.00000 21.00000 25.00000 7.00000 17.00000 28.00000 20.00000 11.00000 11.00000 17.00000 21.00000 15.00000 24.00000 10.00000 30.00000 17.00000 14.00000 13.00000 31.00000 20.00000 25.00000 27.00000 9.00000 11.00000 6.00000 17.00000 13.00000 8.00000 0.00000 23.00000 15.00000 20.00000 28.00000 27.00000 4.00000 17.00000 8.00000 9.00000 5.00000 11.00000 23.00000 27.00000 17.00000 16.00000 30.00000 28.00000 24.00000 10.00000 29.00000 25.00000 26.00000 16.00000 16.00000 24.00000 16.00000 11.00000 46.00000 30.00000 21.00000 15.00000 29.00000 20.00000 24.00000 21.00000 24.00000 30.00000 16.00000 14.00000 29.00000 11.00000 12.00000 17.00000 16.00000 11.00000 15.00000
24.00000 19.00000 42.00000 19.00000 10.00000 22.00000 10.00000 13.00000 6.00000 27.00000 14.00000 11.00000 6.00000 18.00000 7.00000 16.00000 14.00000 7.00000 13.00000 21.00000 37.00000 18.00000 10.00000 41.00000 17.00000 21.00000 23.00000 7.00000 13.00000 22.00000 23.00000 0.00000 11.00000 36.00000 44.00000 12.00000 23.00000 33.00000 19.00000 28.00000 26.00000 27.00000 11.00000 11.00000 10.00000 22.00000 42.00000 40.00000 9.00000 20.00000 39.00000 23.00000 9.00000 10.00000 10.00000 22.00000 32.00000 20.00000 55.00000 33.00000 19.00000 24.00000 12.00000 10.00000 7.00000 10.00000 8.00000 38.00000 17.00000 17.00000 45.00000 17.00000 14.00000 33.00000 12.00000 15.00000 24.00000
21.00000 12.00000 36.00000 17.00000 15.00000 14.00000 4.00000 18.00000 10.00000 18.00000 6.00000 9.00000 11.00000 11.00000 13.00000 8.00000 20.00000 5.00000 8.00000 13.00000 35.00000 16.00000 15.00000 34.00000 9.00000 13.00000 15.00000 5.00000 9.00000 14.00000 15.00000 11.00000 0.00000 28.00000 35.00000 17.00000 14.00000 24.00000 10.00000 20.00000 17.00000 19.00000 13.00000 17.00000 8.00000 14.00000 37.00000 35.00000 14.00000 13.00000 36.00000 21.00000 15.00000 3.00000 6.00000 19.00000 24.00000 12.00000 53.00000 29.00000 17.00000 21.00000 18.00000 10.00000 14.00000 10.00000 14.00000 36.00000 13.00000 10.00000 36.00000 10.00000 8.00000 24.00000 11.00000 8.00000 21.00000
23.00000 22.00000 16.00000 33.00000 40.00000 25.00000 30.00000 42.00000 35.00000 12.00000 26.00000 32.00000 34.00000 27.00000 36.00000 26.00000 43.00000 31.00000 30.00000 25.00000 18.00000 32.00000 40.00000 12.00000 24.00000 23.00000 16.00000 31.00000 26.00000 26.00000 20.00000 35.00000 28.00000 0.00000 10.00000 42.00000 23.00000 7.00000 21.00000 17.00000 20.00000 13.00000 36.00000 40.00000 29.00000 28.00000 17.00000 18.00000 38.00000 28.00000 16.00000 34.00000 38.00000 29.00000 29.00000 34.00000 7.00000 23.00000 33.00000 48.00000 29.00000 23.00000 41.00000 35.00000 37.00000 33.00000 37.00000 16.00000 34.00000 26.00000 13.00000 23.00000 29.00000 10.00000 28.00000 29.00000 23.00000
31.00000 29.00000 17.00000 39.00000 48.00000 32.00000 37.00000 49.00000 43.00000 20.00000 34.00000 39.00000 41.00000 35.00000 44.00000 33.00000 51.00000 38.00000 37.00000 33.00000 20.00000 40.00000 48.00000 18.00000 31.00000 30.00000 24.00000 38.00000 33.00000 33.00000 28.00000 43.00000 35.00000 10.00000 0.00000 50.00000 30.00000 15.00000 29.00000 24.00000 27.00000 20.00000 43.00000 47.00000 36.00000 35.00000 19.00000 21.00000 45.00000 36.00000 19.00000 36.00000 46.00000 37.00000 36.00000 37.00000 14.00000 30.00000 30.00000 55.00000 36.00000 31.00000 49.00000 43.00000 44.00000 41.00000 44.00000 19.00000 41.00000 33.00000 10.00000 30.00000 36.00000 18.00000 36.00000 36.00000 31.00000
33.00000 24.00000 51.00000 28.00000 8.00000 24.00000 16.00000 11.00000 8.00000 33.00000 20.00000 13.00000 16.00000 27.00000 12.00000 22.00000 12.00000 15.00000 15.00000 28.00000 46.00000 27.00000 4.00000 49.00000 23.00000 29.00000 29.00000 15.00000 22.00000 24.00000 26.00000 12.00000 16.00000 43.00000 50.00000 0.00000 25.00000 39.00000 25.00000 32.00000 29.00000 34.00000 18.00000 12.00000 19.00000 29.00000 51.00000 49.00000 9.00000 21.00000 48.00000 32.00000 15.00000 15.00000 18.00000 31.00000 39.00000 28.00000 61.00000 32.00000 28.00000 33.00000 12.00000 11.00000 13.00000 16.00000 11.00000 47.00000 16.00000 25.00000 51.00000 25.00000 17.00000 39.00000 21.00000 18.00000 33.00000
17.00000 4.00000 30.00000 20.00000 24.00000 5.00000 16.00000 28.00000 20.00000 13.00000 10.00000 16.00000 21.00000 14.00000 23.00000 9.00000 29.00000 17.00000 13.00000 13.00000 33.00000 20.00000 24.00000 29.00000 9.00000 12.00000 8.00000 16.00000 13.00000 7.00000 3.00000 22.00000 15.00000 22.00000 29.00000 26.00000 0.00000 19.00000 8.00000 9.00000 6.00000 13.00000 23.00000 27.00000 16.00000 16.00000 31.00000 30.00000 24.00000 10.00000 31.00000 25.00000 25.00000 15.00000 15.00000 23.00000 18.00000 12.00000 48.00000 29.00000 21.00000 17.00000 28.00000 19.00000 23.00000 20.00000 23.00000 31.00000 16.00000 13.00000 31.00000 11.00000 11.00000 19.00000 15.00000 11.00000 17.00000
20.00000 19.00000 17.00000 29.00000 37.00000 21.00000 26.00000 38.00000 32.00000 9.00000 23.00000 29.00000 30.00000 24.00000 33.00000 22.00000 40.00000 27.00000 26.00000 22.00000 20.00000 29.00000 37.00000 13.00000 20.00000 19.00000 13.00000 27.00000 22.00000 22.00000 17.00000 32.00000 24.00000 7.00000 14.00000 39.00000 19.00000 0.00000 18.00000 13.00000 16.00000 9.00000 32.00000 36.00000 25.00000 25.00000 18.00000 20.00000 34.00000 25.00000 18.00000 32.00000 35.00000 26.00000 25.00000 30.00000 1.00000 20.00000 34.00000 44.00000 26.00000 20.00000 38.00000 32.00000 33.00000 30.00000 33.00000 18.00000 31.00000 22.00000 15.00000 19.00000 25.00000 7.00000 25.00000 25.00000 20.00000
15.00000 7.00000 28.00000 15.00000 24.00000 10.00000 14.00000 26.00000 19.00000 10.00000 9.00000 16.00000 18.00000 10.00000 20.00000 8.00000 27.00000 15.00000 14.00000 8.00000 30.00000 15.00000 24.00000 26.00000 6.00000 7.00000 6.00000 15.00000 8.00000 11.00000 7.00000 19.00000 11.00000 20.00000 27.00000 26.00000 8.00000 16.00000 0.00000 12.00000 9.00000 11.00000 20.00000 24.00000 11.00000 11.00000 29.00000 27.00000 22.00000 12.00000 29.00000 20.00000 22.00000 13.00000 12.00000 18.00000 16.00000 7.00000 45.00000 32.00000 16.00000 15.00000 25.00000 19.00000 20.00000 17.00000 20.00000 29.00000 18.00000 8.00000 28.00000 7.00000 12.00000 16.00000 10.00000 11.00000 15.00000
21.00000 12.00000 25.00000 26.00000 31.00000 10.00000 22.00000 32.00000 26.00000 6.00000 17.00000 22.00000 27.00000 20.00000 29.00000 16.00000 33.00000 23.00000 20.00000 18.00000 27.00000 25.00000 31.00000 24.00000 15.00000 16.00000 6.00000 23.00000 18.00000 11.00000 9.00000 28.00000 20.00000 17.00000 25.00000 32.00000 9.00000 14.00000 14.00000 0.00000 6.00000 6.00000 29.00000 33.00000 22.00000 21.00000 26.00000 24.00000 30.00000 15.00000 26.00000 30.00000 31.00000 21.00000 21.00000 29.00000 13.00000 16.00000 42.00000 34.00000 26.00000 21.00000 33.00000 25.00000 29.00000 26.00000 29.00000 26.00000 21.00000 19.00000 26.00000 16.00000 18.00000 13.00000 21.00000 17.00000 21.00000
17.00000 8.00000 27.00000 22.00000 28.00000 10.00000 19.00000 31.00000 23.00000 9.00000 14.00000 20.00000 23.00000 17.00000 26.00000 13.00000 33.00000 20.00000 17.00000 14.00000 29.00000 22.00000 28.00000 25.00000 13.00000 12.00000 5.00000 20.00000 15.00000 11.00000 6.00000 25.00000 17.00000 19.00000 26.00000 30.00000 7.00000 15.00000 10.00000 5.00000 0.00000 10.00000 25.00000 29.00000 18.00000 17.00000 28.00000 27.00000 27.00000 14.00000 28.00000 27.00000 27.00000 19.00000 18.00000 25.00000 15.00000 12.00000 44.00000 33.00000 23.00000 17.00000 31.00000 23.00000 26.00000 23.00000 26.00000 28.00000 20.00000 15.00000 27.00000 12.00000 15.00000 15.00000 17.00000 14.00000 17.00000
20.00000 14.00000 22.00000 25.00000 32.00000 14.00000 22.00000 34.00000 28.00000 3.00000 18.00000 24.00000 26.00000 19.00000 28.00000 18.00000 35.00000 23.00000 22.00000 17.00000 24.00000 25.00000 32.00000 19.00000 16.00000 15.00000 9.00000 23.00000 18.00000 15.00000 12.00000 27.00000 20.00000 13.00000 20.00000 34.00000 13.00000 9.00000 13.00000 5.00000 11.00000 0.00000 28.00000 32.00000 21.00000 20.00000 23.00000 22.00000 30.00000 19.00000 23.00000 29.00000 30.00000 21.00000 21.00000 28.00000 9.00000 15.00000 39.00000 38.00000 25.00000 20.00000 33.00000 28.00000 29.00000 25.00000 29.00000 23.00000 25.00000 18.00000 21.00000 15.00000 21.00000 9.00000 20.00000 21.00000 20.00000
24.00000 21.00000 43.00000 20.00000 13.00000 23.00000 12.00000 14.00000 12.00000 27.00000 15.00000 17.00000 7.00000 18.00000 7.00000 17.00000 15.00000 13.00000 18.00000 21.00000 37.00000 19.00000 15.00000 41.00000 18.00000 22.00000 24.00000 13.00000 14.00000 23.00000 24.00000 12.00000 13.00000 37.00000 44.00000 17.00000 23.00000 34.00000 19.00000 29.00000 26.00000 28.00000 0.00000 11.00000 10.00000 22.00000 42.00000 39.00000 10.00000 22.00000 38.00000 24.00000 7.00000 13.00000 10.00000 22.00000 33.00000 21.00000 50.00000 38.00000 20.00000 24.00000 12.00000 16.00000 7.00000 4.00000 8.00000 38.00000 22.00000 18.00000 45.00000 18.00000 17.00000 33.00000 13.00000 17.00000 24.00000
28.00000 24.00000 45.00000 24.00000 8.00000 26.00000 16.00000 3.00000 10.00000 31.00000 19.00000 15.00000 11.00000 22.00000 7.00000 21.00000 5.00000 16.00000 17.00000 25.00000 40.00000 23.00000 10.00000 45.00000 22.00000 26.00000 28.00000 16.00000 18.00000 25.00000 27.00000 11.00000 17.00000 41.00000 48.00000 12.00000 27.00000 37.00000 23.00000 33.00000 30.00000 32.00000 11.00000 0.00000 14.00000 26.00000 45.00000 42.00000 6.00000 22.00000 41.00000 28.00000 6.00000 17.00000 14.00000 26.00000 37.00000 25.00000 50.00000 32.00000 24.00000 28.00000 2.00000 14.00000 8.00000 10.00000 5.00000 40.00000 20.00000 22.00000 49.00000 22.00000 19.00000 37.00000 17.00000 20.00000 28.00000
16.00000 13.00000 34.00000 11.00000 16.00000 15.00000 8.00000 17.00000 13.00000 19.00000 11.00000 14.00000 9.00000 10.00000 11.00000 11.00000 18.00000 8.00000 13.00000 13.00000 29.00000 10.00000 18.00000 33.00000 9.00000 13.00000 15.00000 9.00000 5.00000 16.00000 16.00000 11.00000 9.00000 28.00000 35.00000 20.00000 15.00000 25.00000 10.00000 20.00000 17.00000 19.00000 11.00000 15.00000 0.00000 13.00000 34.00000 31.00000 13.00000 17.00000 31.00000 15.00000 13.00000 9.00000 4.00000 13.00000 24.00000 12.00000 48.00000 34.00000 11.00000 16.00000 16.00000 13.00000 11.00000 8.00000 11.00000 30.00000 18.00000 9.00000 37.00000 9.00000 13.00000 25.00000 4.00000 13.00000 16.00000
16.00000 13.00000 30.00000 18.00000 27.00000 16.00000 17.00000 28.00000 23.00000 19.00000 15.00000 21.00000 20.00000 8.00000 23.00000 14.00000 30.00000 18.00000 19.00000 3.00000 32.00000 17.00000 27.00000 29.00000 12.00000 9.00000 15.00000 18.00000 10.00000 17.00000 16.00000 22.00000 15.00000 28.00000 36.00000 29.00000 16.00000 25.00000 11.00000 20.00000 18.00000 19.00000 22.00000 26.00000 14.00000 0.00000 31.00000 29.00000 24.00000 19.00000 31.00000 22.00000 25.00000 16.00000 15.00000 21.00000 24.00000 10.00000 47.00000 38.00000 18.00000 16.00000 28.00000 23.00000 23.00000 20.00000 23.00000 31.00000 23.00000 8.00000 33.00000 11.00000 18.00000 25.00000 13.00000 17.00000 16.00000
21.00000 30.00000 5.00000 28.00000 48.00000 33.00000 38.00000 47.00000 44.00000 22.00000 34.00000 40.00000 41.00000 35.00000 43.00000 34.00000 47.00000 39.00000 38.00000 31.00000 7.00000 27.00000 48.00000 8.00000 32.00000 31.00000 24.00000 39.00000 33.00000 35.00000 28.00000 43.00000 36.00000 17.00000 19.00000 50.00000 31.00000 18.00000 29.00000 26.00000 28.00000 23.00000 42.00000 44.00000 34.00000 31.00000 0.00000 8.00000 45.00000 36.00000 4.00000 22.00000 45.00000 37.00000 37.00000 23.00000 17.00000 31.00000 21.00000 56.00000 26.00000 21.00000 45.00000 43.00000 43.00000 40.00000 43.00000 5.00000 42.00000 34.00000 11.00000 31.00000 37.00000 20.00000 33.00000 37.00000 21.00000
19.00000 28.00000 8.00000 25.00000 46.00000 31.00000 36.00000 44.00000 41.00000 20.00000 32.00000 38.00000 38.00000 33.00000 41.00000 32.00000 44.00000 37.00000 36.00000 29.00000 4.00000 25.00000 46.00000 9.00000 30.00000 29.00000 22.00000 37.00000 31.00000 33.00000 26.00000 41.00000 34.00000 18.00000 21.00000 48.00000 29.00000 19.00000 27.00000 24.00000 26.00000 21.00000 40.00000 42.00000 32.00000 29.00000 8.00000 0.00000 42.00000 34.00000 4.00000 20.00000 42.00000 35.00000 35.00000 20.00000 18.00000 29.00000 25.00000 54.00000 24.00000 19.00000 43.00000 41.00000 41.00000 38.00000 41.00000 4.00000 40.00000 32.00000 13.00000 29.00000 35.00000 18.00000 31.00000 35.00000 19.00000
27.00000 22.00000 45.00000 22.00000 6.00000 22.00000 14.00000 8.00000 6.00000 30.00000 17.00000 11.00000 9.00000 21.00000 5.00000 19.00000 10.00000 13.00000 13.00000 24.00000 40.00000 21.00000 8.00000 44.00000 20.00000 24.00000 26.00000 13.00000 16.00000 22.00000 24.00000 9.00000 14.00000 39.00000 46.00000 10.00000 23.00000 36.00000 21.00000 30.00000 27.00000 30.00000 11.00000 6.00000 12.00000 24.00000 45.00000 42.00000 0.00000 20.00000 42.00000 26.00000 8.00000 13.00000 12.00000 25.00000 35.00000 23.00000 54.00000 32.00000 22.00000 27.00000 8.00000 10.00000 7.00000 9.00000 4.00000 41.00000 16.00000 20.00000 48.00000 20.00000 15.00000 36.00000 15.00000 17.00000 27.00000
22.00000 8.00000 35.00000 23.00000 19.00000 7.00000 13.00000 19.00000 15.00000 18.00000 10.00000 10.00000 20.00000 18.00000 19.00000 8.00000 21.00000 14.00000 8.00000 16.00000 37.00000 22.00000 19.00000 34.00000 10.00000 17.00000 14.00000 13.00000 15.00000 6.00000 10.00000 19.00000 13.00000 27.00000 35.00000 20.00000 9.00000 24.00000 12.00000 15.00000 13.00000 18.00000 22.00000 20.00000 17.00000 19.00000 36.00000 35.00000 18.00000 0.00000 36.00000 27.00000 23.00000 12.00000 14.00000 26.00000 23.00000 16.00000 52.00000 21.00000 23.00000 22.00000 20.00000 12.00000 21.00000 19.00000 20.00000 36.00000 8.00000 16.00000 36.00000 12.00000 8.00000 24.00000 17.00000 8.00000 22.00000
21.00000 30.00000 6.00000 24.00000 45.00000 33.00000 37.00000 43.00000 42.00000 22.00000 34.00000 40.00000 37.00000 35.00000 40.00000 33.00000 43.00000 37.00000 38.00000 31.00000 3.00000 24.00000 47.00000 8.00000 32.00000 31.00000 24.00000 38.00000 30.00000 34.00000 28.00000 40.00000 35.00000 17.00000 19.00000 48.00000 31.00000 18.00000 29.00000 25.00000 28.00000 23.00000 39.00000 41.00000 31.00000 31.00000 4.00000 4.00000 41.00000 36.00000 0.00000 19.00000 41.00000 37.00000 34.00000 19.00000 17.00000 31.00000 23.00000 55.00000 23.00000 21.00000 42.00000 42.00000 40.00000 37.00000 40.00000 2.00000 42.00000 34.00000 11.00000 31.00000 37.00000 19.00000 30.00000 37.00000 21.00000
14.00000 22.00000 23.00000 9.00000 29.00000 25.00000 21.00000 30.00000 26.00000 28.00000 22.00000 27.00000 22.00000 19.00000 24.00000 22.00000 31.00000 22.00000 25.00000 22.00000 17.00000 8.00000 31.00000 25.00000 19.00000 22.00000 25.00000 22.00000 14.00000 26.00000 25.00000 24.00000 21.00000 34.00000 36.00000 33.00000 25.00000 33.00000 20.00000 30.00000 27.00000 29.00000 24.00000 28.00000 15.00000 23.00000 23.00000 20.00000 26.00000 27.00000 19.00000 0.00000 26.00000 22.00000 19.00000 4.00000 32.00000 21.00000 37.00000 45.00000 8.00000 14.00000 29.00000 26.00000 24.00000 21.00000 24.00000 18.00000 29.00000 18.00000 28.00000 19.00000 24.00000 30.00000 14.00000 24.00000 14.00000
26.00000 22.00000 44.00000 21.00000 10.00000 24.00000 13.00000 9.00000 9.00000 29.00000 16.00000 14.00000 8.00000 20.00000 3.00000 18.00000 10.00000 13.00000 16.00000 23.00000 39.00000 20.00000 12.00000 43.00000 19.00000 23.00000 25.00000 13.00000 15.00000 24.00000 25.00000 9.00000 14.00000 38.00000 45.00000 14.00000 24.00000 35.00000 20.00000 30.00000 28.00000 29.00000 6.00000 7.00000 11.00000 23.00000 44.00000 41.00000 7.00000 23.00000 40.00000 25.00000 0.00000 14.00000 11.00000 24.00000 34.00000 22.00000 51.00000 35.00000 21.00000 26.00000 8.00000 12.00000 3.00000 7.00000 5.00000 40.00000 19.00000 19.00000 47.00000 19.00000 18.00000 35.00000 14.00000 18.00000 26.00000
23.00000 12.00000 38.00000 18.00000 14.00000 15.00000 2.00000 17.00000 9.00000 20.00000 7.00000 8.00000 10.00000 13.00000 13.00000 9.00000 18.00000 4.00000 8.00000 15.00000 36.00000 17.00000 14.00000 36.00000 10.00000 15.00000 16.00000 3.00000 10.00000 15.00000 16.00000 10.00000 3.00000 30.00000 37.00000 15.00000 15.00000 26.00000 12.00000 22.00000 19.00000 20.00000 13.00000 17.00000 8.00000 15.00000 39.00000 37.00000 13.00000 14.00000 38.00000 22.00000 15.00000 0.00000 6.00000 21.00000 25.00000 14.00000 55.00000 29.00000 18.00000 23.00000 18.00000 9.00000 14.00000 10.00000 14.00000 37.00000 13.00000 11.00000 38.00000 11.00000 7.00000 26.00000 11.00000 8.00000 23.00000
19.00000 13.00000 37.00000 14.00000 14.00000 15.00000 4.00000 16.00000 10.00000 20.00000 8.00000 11.00000 8.00000 12.00000 10.00000 9.00000 17.00000 5.00000 10.00000 14.00000 33.00000 14.00000 14.00000 36.00000 10.00000 14.00000 16.00000 5.00000 7.00000 16.00000 17.00000 9.00000 6.00000 29.00000 36.00000 16.00000 16.00000 26.00000 11.00000 21.00000 18.00000 20.00000 10.00000 14.00000 5.00000 14.00000 38.00000 35.00000 12.00000 14.00000 34.00000 19.00000 12.00000 5.00000 0.00000 17.00000 25.00000 13.00000 52.00000 30.00000 15.00000 19.00000 15.00000 10.00000 11.00000 7.00000 11.00000 34.00000 15.00000 10.00000 38.00000 10.00000 10.00000 26.00000 8.00000 10.00000 19.00000
11.00000 19.00000 25.00000 6.00000 27.00000 22.00000 18.00000 27.00000 24.00000 26.00000 19.00000 24.00000 19.00000 16.00000 22.00000 20.00000 28.00000 19.00000 22.00000 19.00000 19.00000 6.00000 28.00000 26.00000 17.00000 20.00000 22.00000 19.00000 12.00000 23.00000 23.00000 21.00000 18.00000 33.00000 37.00000 30.00000 22.00000 30.00000 18.00000 27.00000 25.00000 26.00000 21.00000 25.00000 12.00000 21.00000 24.00000 21.00000 23.00000 25.00000 21.00000 5.00000 23.00000 19.00000 16.00000 0.00000 29.00000 19.00000 38.00000 42.00000 6.00000 11.00000 27.00000 24.00000 22.00000 18.00000 22.00000 20.00000 26.00000 16.00000 29.00000 16.00000 22.00000 27.00000 12.00000 22.00000 11.00000
20.00000 18.00000 17.00000 29.00000 36.00000 21.00000 26.00000 38.00000 31.00000 8.00000 22.00000 28.00000 30.00000 23.00000 32.00000 21.00000 39.00000 27.00000 26.00000 21.00000 19.00000 28.00000 36.00000 13.00000 20.00000 19.00000 12.00000 27.00000 21.00000 22.00000 16.00000 31.00000 23.00000 6.00000 14.00000 38.00000 19.00000 1.00000 17.00000 12.00000 15.00000 9.00000 32.00000 36.00000 25.00000 24.00000 18.00000 19.00000 34.00000 24.00000 17.00000 31.00000 34.00000 25.00000 24.00000 30.00000 0.00000 19.00000 34.00000 43.00000 25.00000 20.00000 37.00000 31.00000 32.00000 29.00000 32.00000 17.00000 30.00000 22.00000 15.00000 19.00000 25.00000 6.00000 24.00000 25.00000 20.00000
18.00000 9.00000 32.00000 17.00000 25.00000 12.00000 14.00000 26.00000 20.00000 14.00000 11.00000 17.00000 18.00000 10.00000 21.00000 10.00000 28.00000 15.00000 14.00000 7.00000 34.00000 16.00000 25.00000 30.00000 8.00000 6.00000 10.00000 15.00000 9.00000 13.00000 11.00000 20.00000 12.00000 23.00000 31.00000 27.00000 12.00000 20.00000 5.00000 15.00000 13.00000 14.00000 21.00000 24.00000 12.00000 9.00000 32.00000 31.00000 23.00000 15.00000 32.00000 21.00000 23.00000 14.00000 13.00000 19.00000 19.00000 0.00000 49.00000 34.00000 17.00000 18.00000 26.00000 20.00000 21.00000 18.00000 21.00000 32.00000 19.00000 9.00000 32.00000 8.00000 13.00000 20.00000 12.00000 13.00000 18.00000
37.00000 46.00000 17.00000 41.00000 58.00000 49.00000 54.00000 54.00000 57.00000 38.00000 50.00000 56.00000 52.00000 51.00000 54.00000 49.00000 54.00000 54.00000 54.00000 47.00000 24.00000 41.00000 60.00000 24.00000 48.00000 47.00000 40.00000 55.00000 47.00000 50.00000 44.00000 57.00000 51.00000 33.00000 30.00000 62.00000 46.00000 34.00000 45.00000 41.00000 43.00000 38.00000 52.00000 51.00000 48.00000 47.00000 21.00000 25.00000 55.00000 52.00000 23.00000 36.00000 54.00000 53.00000 51.00000 36.00000 33.00000 47.00000 0.00000 71.00000 41.00000 37.00000 52.00000 59.00000 54.00000 51.00000 53.00000 23.00000 58.00000 50.00000 25.00000 47.00000 53.00000 35.00000 47.00000 53.00000 37.00000
41.00000 27.00000 54.00000 42.00000 31.00000 26.00000 29.00000 31.00000 28.00000 37.00000 28.00000 23.00000 35.00000 36.00000 33.00000 27.00000 33.00000 29.00000 24.00000 35.00000 57.00000 41.00000 31.00000 53.00000 29.00000 36.00000 33.00000 29.00000 34.00000 25.00000 29.00000 32.00000 29.00000 46.00000 54.00000 32.00000 28.00000 43.00000 31.00000 34.00000 32.00000 37.00000 39.00000 32.00000 34.00000 38.00000 55.00000 54.00000 31.00000 21.00000 55.00000 46.00000 36.00000 28.00000 31.00000 44.00000 42.00000 35.00000 72.00000 0.00000 42.00000 41.00000 32.00000 25.00000 34.00000 36.00000 33.00000 55.00000 21.00000 35.00000 55.00000 31.00000 26.00000 43.00000 36.00000 27.00000 41.00000
7.00000 18.00000 25.00000 5.00000 25.00000 21.00000 17.00000 26.00000 22.00000 24.00000 18.00000 23.00000 18.00000 15.00000 20.00000 18.00000 27.00000 18.00000 21.00000 18.00000 22.00000 5.00000 27.00000 24.00000 16.00000 18.00000 21.00000 18.00000 10.00000 22.00000 21.00000 20.00000 17.00000 29.00000 36.00000 29.00000 21.00000 26.00000 16.00000 26.00000 23.00000 25.00000 20.00000 24.00000 11.00000 19.00000 26.00000 24.00000 22.00000 23.00000 23.00000 8.00000 22.00000 18.00000 15.00000 7.00000 26.00000 17.00000 41.00000 41.00000 0.00000 7.00000 25.00000 22.00000 20.00000 17.00000 20.00000 22.00000 25.00000 14.00000 28.00000 15.00000 20.00000 23.00000 10.00000 20.00000 7.00000
0.00000 16.00000 20.00000 11.00000 30.00000 19.00000 22.00000 30.00000 27.00000 19.00000 21.00000 26.00000 22.00000 20.00000 25.00000 20.00000 32.00000 22.00000 24.00000 17.00000 22.00000 11.00000 32.00000 19.00000 18.00000 16.00000 15.00000 23.00000 15.00000 20.00000 15.00000 25.00000 22.00000 23.00000 31.00000 34.00000 17.00000 20.00000 15.00000 20.00000 17.00000 19.00000 25.00000 28.00000 16.00000 16.00000 21.00000 20.00000 27.00000 22.00000 21.00000 13.00000 27.00000 23.00000 19.00000 12.00000 20.00000 17.00000 37.00000 41.00000 7.00000 0.00000 30.00000 27.00000 25.00000 22.00000 25.00000 21.00000 28.00000 19.00000 23.00000 17.00000 23.00000 17.00000 15.00000 22.00000 0.00000
30.00000 26.00000 46.00000 25.00000 7.00000 26.00000 17.00000 2.00000 11.00000 33.00000 20.00000 16.00000 12.00000 24.00000 8.00000 22.00000 4.00000 17.00000 18.00000 27.00000 41.00000 24.00000 9.00000 47.00000 23.00000 27.00000 29.00000 17.00000 19.00000 25.00000 28.00000 13.00000 18.00000 42.00000 50.00000 12.00000 27.00000 39.00000 24.00000 34.00000 31.00000 33.00000 12.00000 2.00000 15.00000 27.00000 46.00000 43.00000 7.00000 22.00000 42.00000 29.00000 7.00000 18.00000 15.00000 28.00000 38.00000 26.00000 51.00000 32.00000 25.00000 30.00000 0.00000 14.00000 9.00000 12.00000 7.00000 42.00000 20.00000 23.00000 51.00000 23.00000 20.00000 39.00000 18.00000 21.00000 30.00000
28.00000 17.00000 44.00000 23.00000 9.00000 18.00000 10.00000 12.00000 5.00000 26.00000 13.00000 6.00000 14.00000 20.00000 10.00000 15.00000 13.00000 8.00000 8.00000 22.00000 42.00000 23.00000 8.00000 43.00000 16.00000 22.00000 23.00000 8.00000 16.00000 17.00000 19.00000 10.00000 10.00000 36.00000 43.00000 10.00000 18.00000 33.00000 18.00000 25.00000 22.00000 27.00000 16.00000 12.00000 14.00000 22.00000 45.00000 44.00000 8.00000 14.00000 43.00000 28.00000 14.00000 9.00000 11.00000 26.00000 32.00000 21.00000 59.00000 25.00000 24.00000 28.00000 13.00000 0.00000 12.00000 14.00000 10.00000 42.00000 10.00000 19.00000 44.00000 18.00000 10.00000 32.00000 17.00000 12.00000 28.00000
25.00000 21.00000 43.00000 20.00000 9.00000 23.00000 12.00000 10.00000 8.00000 28.00000 16.00000 13.00000 7.00000 19.00000 2.00000 17.00000 11.00000 13.00000 15.00000 22.00000 39.00000 20.00000 11.00000 42.00000 18.00000 22.00000 24.00000 13.00000 14.00000 24.00000 25.00000 8.00000 14.00000 38.00000 45.00000 13.00000 24.00000 34.00000 20.00000 30.00000 27.00000 28.00000 7.00000 8.00000 11.00000 23.00000 44.00000 41.00000 6.00000 22.00000 40.00000 24.00000 4.00000 13.00000 11.00000 23.00000 33.00000 21.00000 52.00000 35.00000 20.00000 25.00000 9.00000 12.00000 0.00000 7.00000 4.00000 39.00000 19.00000 18.00000 46.00000 19.00000 17.00000 34.00000 14.00000 18.00000 25.00000
22.00000 18.00000 40.00000 17.00000 10.00000 20.00000 9.00000 10.00000 9.00000 25.00000 12.00000 14.00000 4.00000 16.00000 5.00000 14.00000 12.00000 10.00000 15.00000 19.00000 35.00000 16.00000 12.00000 39.00000 15.00000 19.00000 21.00000 10.00000 11.00000 20.00000 21.00000 8.00000 10.00000 34.00000 41.00000 14.00000 20.00000 31.00000 16.00000 26.00000 23.00000 25.00000 4.00000 8.00000 7.00000 19.00000 40.00000 37.00000 6.00000 19.00000 37.00000 21.00000 7.00000 10.00000 7.00000 20.00000 30.00000 18.00000 50.00000 35.00000 17.00000 22.00000 10.00000 12.00000 5.00000 0.00000 5.00000 36.00000 19.00000 15.00000 43.00000 15.00000 14.00000 31.00000 10.00000 14.00000 22.00000
24.00000 20.00000 42.00000 19.00000 8.00000 22.00000 12.00000 8.00000 6.00000 27.00000 15.00000 11.00000 7.00000 18.00000 3.00000 17.00000 9.00000 12.00000 13.00000 21.00000 38.00000 19.00000 9.00000 41.00000 17.00000 21.00000 23.00000 12.00000 14.00000 22.00000 23.00000 7.00000 13.00000 37.00000 44.00000 11.00000 22.00000 33.00000 19.00000 29.00000 26.00000 28.00000 8.00000 6.00000 10.00000 22.00000 43.00000 40.00000 4.00000 20.00000 39.00000 24.00000 6.00000 13.00000 10.00000 22.00000 33.00000 21.00000 52.00000 32.00000 20.00000 24.00000 8.00000 9.00000 4.00000 6.00000 0.00000 38.00000 16.00000 17.00000 45.00000 18.00000 15.00000 33.00000 13.00000 16.00000 24.00000
21.00000 30.00000 6.00000 23.00000 44.00000 33.00000 36.00000 42.00000 41.00000 22.00000 34.00000 40.00000 36.00000 34.00000 39.00000 34.00000 42.00000 36.00000 38.00000 31.00000 2.00000 23.00000 45.00000 8.00000 32.00000 31.00000 24.00000 37.00000 29.00000 35.00000 28.00000 39.00000 35.00000 17.00000 19.00000 47.00000 31.00000 18.00000 29.00000 26.00000 28.00000 23.00000 38.00000 40.00000 30.00000 31.00000 5.00000 4.00000 40.00000 36.00000 1.00000 18.00000 40.00000 37.00000 33.00000 18.00000 17.00000 31.00000 23.00000 56.00000 22.00000 21.00000 41.00000 41.00000 39.00000 36.00000 39.00000 0.00000 42.00000 33.00000 11.00000 31.00000 37.00000 20.00000 29.00000 37.00000 21.00000
28.00000 14.00000 42.00000 27.00000 16.00000 13.00000 14.00000 16.00000 13.00000 24.00000 13.00000 8.00000 20.00000 21.00000 18.00000 14.00000 17.00000 14.00000 9.00000 22.00000 44.00000 26.00000 15.00000 40.00000 16.00000 22.00000 20.00000 14.00000 19.00000 12.00000 16.00000 17.00000 14.00000 33.00000 41.00000 18.00000 15.00000 30.00000 18.00000 21.00000 19.00000 24.00000 24.00000 17.00000 19.00000 24.00000 42.00000 41.00000 16.00000 8.00000 42.00000 31.00000 21.00000 13.00000 17.00000 29.00000 29.00000 21.00000 59.00000 21.00000 27.00000 28.00000 17.00000 10.00000 19.00000 21.00000 18.00000 42.00000 0.00000 20.00000 42.00000 17.00000 11.00000 30.00000 21.00000 12.00000 28.00000
17.00000 11.00000 35.00000 12.00000 22.00000 14.00000 13.00000 22.00000 18.00000 17.00000 11.00000 16.00000 14.00000 2.00000 17.00000 12.00000 24.00000 13.00000 14.00000 7.00000 30.00000 11.00000 22.00000 33.00000 9.00000 10.00000 13.00000 13.00000 4.00000 15.00000 14.00000 16.00000 10.00000 27.00000 34.00000 24.00000 13.00000 23.00000 9.00000 19.00000 16.00000 17.00000 16.00000 20.00000 7.00000 8.00000 35.00000 32.00000 18.00000 16.00000 32.00000 16.00000 18.00000 12.00000 10.00000 14.00000 23.00000 9.00000 49.00000 34.00000 12.00000 17.00000 22.00000 18.00000 17.00000 14.00000 17.00000 31.00000 18.00000 0.00000 35.00000 7.00000 14.00000 23.00000 7.00000 14.00000 17.00000
23.00000 30.00000 9.00000 32.00000 49.00000 33.00000 38.00000 50.00000 44.00000 21.00000 35.00000 40.00000 42.00000 36.00000 45.00000 34.00000 52.00000 39.00000 38.00000 33.00000 13.00000 32.00000 49.00000 10.00000 32.00000 31.00000 25.00000 39.00000 34.00000 34.00000 29.00000 44.00000 36.00000 13.00000 10.00000 50.00000 31.00000 15.00000 30.00000 25.00000 28.00000 21.00000 44.00000 48.00000 37.00000 33.00000 11.00000 13.00000 46.00000 36.00000 11.00000 28.00000 46.00000 38.00000 37.00000 29.00000 15.00000 31.00000 25.00000 56.00000 28.00000 23.00000 50.00000 44.00000 45.00000 42.00000 45.00000 11.00000 42.00000 34.00000 0.00000 31.00000 37.00000 19.00000 36.00000 37.00000 23.00000
19.00000 8.00000 33.00000 14.00000 22.00000 11.00000 11.00000 23.00000 17.00000 15.00000 9.00000 15.00000 15.00000 9.00000 17.00000 8.00000 24.00000 12.00000 12.00000 8.00000 33.00000 14.00000 21.00000 31.00000 6.00000 9.00000 11.00000 12.00000 6.00000 12.00000 12.00000 17.00000 9.00000 24.00000 32.00000 23.00000 11.00000 21.00000 7.00000 16.00000 14.00000 15.00000 17.00000 21.00000 9.00000 11.00000 34.00000 32.00000 19.00000 14.00000 34.00000 19.00000 19.00000 11.00000 9.00000 17.00000 20.00000 8.00000 50.00000 32.00000 15.00000 19.00000 22.00000 17.00000 18.00000 14.00000 18.00000 33.00000 17.00000 8.00000 33.00000 0.00000 12.00000 21.00000 9.00000 11.00000 19.00000
22.00000 9.00000 36.00000 19.00000 15.00000 11.00000 7.00000 18.00000 10.00000 18.00000 5.00000 7.00000 14.00000 13.00000 14.00000 6.00000 19.00000 8.00000 4.00000 15.00000 37.00000 18.00000 15.00000 34.00000 8.00000 15.00000 14.00000 7.00000 11.00000 11.00000 12.00000 14.00000 7.00000 27.00000 35.00000 17.00000 12.00000 24.00000 10.00000 19.00000 16.00000 18.00000 16.00000 18.00000 11.00000 16.00000 37.00000 35.00000 14.00000 10.00000 37.00000 23.00000 18.00000 6.00000 9.00000 21.00000 23.00000 14.00000 53.00000 26.00000 19.00000 22.00000 19.00000 10.00000 16.00000 13.00000 15.00000 37.00000 10.00000 12.00000 36.00000 9.00000 0.00000 24.00000 13.00000 3.00000 22.00000
17.00000 17.00000 19.00000 27.00000 35.00000 21.00000 25.00000 37.00000 31.00000 9.00000 22.00000 27.00000 29.00000 22.00000 32.00000 21.00000 38.00000 26.00000 25.00000 20.00000 21.00000 27.00000 35.00000 17.00000 19.00000 18.00000 12.00000 26.00000 21.00000 22.00000 15.00000 30.00000 23.00000 10.00000 18.00000 37.00000 18.00000 7.00000 16.00000 13.00000 15.00000 9.00000 31.00000 35.00000 24.00000 23.00000 20.00000 18.00000 33.00000 23.00000 19.00000 29.00000 33.00000 24.00000 24.00000 28.00000 7.00000 18.00000 36.00000 43.00000 23.00000 17.00000 36.00000 31.00000 32.00000 28.00000 32.00000 20.00000 29.00000 21.00000 19.00000 18.00000 24.00000 0.00000 23.00000 24.00000 17.00000
15.00000 12.00000 33.00000 10.00000 18.00000 15.00000 10.00000 19.00000 15.00000 18.00000 11.00000 16.00000 11.00000 9.00000 13.00000 12.00000 20.00000 11.00000 14.00000 12.00000 29.00000 10.00000 20.00000 32.00000 9.00000 12.00000 15.00000 11.00000 5.00000 16.00000 15.00000 13.00000 10.00000 28.00000 35.00000 22.00000 15.00000 25.00000 10.00000 20.00000 17.00000 19.00000 13.00000 17.00000 4.00000 13.00000 34.00000 31.00000 15.00000 17.00000 30.00000 14.00000 15.00000 11.00000 8.00000 13.00000 24.00000 11.00000 48.00000 34.00000 10.00000 15.00000 18.00000 16.00000 14.00000 10.00000 14.00000 29.00000 19.00000 8.00000 36.00000 9.00000 14.00000 24.00000 0.00000 14.00000 15.00000
23.00000 8.00000 36.00000 20.00000 17.00000 10.00000 9.00000 20.00000 12.00000 19.00000 5.00000 9.00000 15.00000 14.00000 16.00000 5.00000 22.00000 10.00000 7.00000 15.00000 38.00000 19.00000 17.00000 35.00000 8.00000 15.00000 15.00000 9.00000 12.00000 10.00000 12.00000 16.00000 9.00000 28.00000 36.00000 19.00000 11.00000 25.00000 11.00000 18.00000 15.00000 19.00000 17.00000 21.00000 12.00000 17.00000 37.00000 36.00000 16.00000 10.00000 37.00000 24.00000 19.00000 8.00000 10.00000 22.00000 24.00000 14.00000 53.00000 27.00000 20.00000 23.00000 21.00000 12.00000 18.00000 14.00000 17.00000 37.00000 12.00000 13.00000 37.00000 10.00000 3.00000 25.00000 14.00000 0.00000 23.00000
0.00000 16.00000 20.00000 11.00000 30.00000 19.00000 22.00000 30.00000 27.00000 19.00000 21.00000 26.00000 22.00000 20.00000 25.00000 20.00000 32.00000 22.00000 24.00000 17.00000 22.00000 11.00000 32.00000 19.00000 18.00000 16.00000 15.00000 23.00000 15.00000 20.00000 15.00000 25.00000 22.00000 23.00000 31.00000 34.00000 17.00000 20.00000 15.00000 20.00000 17.00000 19.00000 25.00000 28.00000 16.00000 16.00000 21.00000 20.00000 27.00000 22.00000 21.00000 13.00000 27.00000 23.00000 19.00000 12.00000 20.00000 17.00000 37.00000 41.00000 7.00000 0.00000 30.00000 27.00000 25.00000 22.00000 25.00000 21.00000 28.00000 19.00000 23.00000 17.00000 23.00000 17.00000 15.00000 22.00000 0.00000
p
0.0 0.0 0.0 0.0 0.0 0.0 
0.0 0.0 0.0 0.0 0.0 0.0 
0.0 0.0 0.0 0.0 0.0 0.0 
0.0 0.0 0.0 0.0 0.0 0.0 
0.0 0.0 0.0 0.0 0.0 0.0 
0.0 0.0 0.0 0.0 0.0 0.0 
0.0 0.0 0.0 0.0 0.0 0.0 
0.0 0.0 0.0 0.0 0.0 0.0 
0.0 0.0 0.0 0.0 0.0 0.0 
0.0 0.0 0.0 0.0 0.0 0.0 
0.0 0.0 0.0 0.0 0.0 0.0 
0.0 0.0 0.0 0.0 0.0 0.0 
0.0 0.0 0.0 0.0 0.0 0.0 
0.0 0.0 0.0 0.0 0.0 0.0 
0.0 0.0 0.0 0.0 0.0 0.0 
0 27 0 0 0 0 
0 27 0 0 0 0 
0 27 0 0 0 0 
0 27 0 0 0 0 
0 27 0 0 0 0 
0 27 0 0 0 0 
0 27 0 0 0 0 
0 27 0 0 0 0 
0 27 0 0 0 0 
0 27 0 0 0 0 
0 27 0 0 0 0 
0 27 0 0 0 0 
0 27 0 0 0 0 
0 27 0 0 0 0 
0 27 0 0 0 0 
0 0 53 0 0 57 
0 0 53 0 0 57 
0 0 53 0 0 57 
0 0 53 0 0 57 
0 0 53 0 0 57 
0 0 53 0 0 57 
0 0 53 0 0 57 
0 0 53 0 0 57 
0 0 53 0 0 57 
0 0 53 0 0 57 
0 0 53 0 0 57 
0 0 53 0 0 57 
0 0 53 0 0 57 
0 0 53 0 0 57 
0 0 53 0 0 57 
0 0 39 0 0 0 
0 0 39 0 0 0 
0 0 39 0 0 0 
0 0 39 0 0 0 
0 0 39 0 0 0 
0 0 39 0 0 0 
0 0 39 0 0 0 
0 0 39 0 0 0 
0 0 39 0 0 0 
0 0 39 0 0 0 
0 0 39 0 0 0 
0 0 39 0 0 0 
0 0 39 0 0 0 
0 0 39 0 0 0 
0 0 39 0 0 0 
0 0 0 32 0 0 
0 0 0 32 0 0 
0 0 0 32 0 0 
0 0 0 32 0 0 
0 0 0 32 0 0 
0 0 0 32 0 0 
0 0 0 32 0 0 
0 0 0 32 0 0 
0 0 0 32 0 0 
0 0 0 32 0 0 
0 0 0 32 0 0 
0 0 0 32 0 0 
0 0 0 32 0 0 
0 0 0 32 0 0 
0 0 0 32 0 0 
0 0 49 0 0 0 
0 0 49 0 0 0 
0 0 49 0 0 0 
0 0 49 0 0 0 
0 0 49 0 0 0 
0 0 49 0 0 0 
0 0 49 0 0 0 
0 0 49 0 0 0 
0 0 49 0 0 0 
0 0 49 0 0 0 
0 0 49 0 0 0 
0 0 49 0 0 0 
0 0 49 0 0 0 
0 0 49 0 0 0 
0 0 49 0 0 0 
0 0 0 0 0 60 
0 0 0 0 0 60 
0 0 0 0 0 60 
0 0 0 0 0 60 
0 0 0 0 0 60 
0 0 0 0 0 60 
0 0 0 0 0 60 
0 0 0 0 0 60 
0 0 0 0 0 60 
0 0 0 0 0 60 
0 0 0 0 0 60 
0 0 0 0 0 60 
0 0 0 0 0 60 
0 0 0 0 0 60 
0 0 0 0 0 60 
0 0 49 0 0 16 
0 0 49 0 0 16 
0 0 49 0 0 16 
0 0 49 0 0 16 
0 0 49 0 0 16 
0 0 49 0 0 16 
0 0 49 0 0 16 
0 0 49 0 0 16 
0 0 49 0 0 16 
0 0 49 0 0 16 
0 0 49 0 0 16 
0 0 49 0 0 16 
0 0 49 0 0 16 
0 0 49 0 0 16 
0 0 49 0 0 16 
0 0 35 0 0 0 
0 0 35 0 0 0 
0 0 35 0 0 0 
0 0 35 0 0 0 
0 0 35 0 0 0 
0 0 35 0 0 0 
0 0 35 0 0 0 
0 0 35 0 0 0 
0 0 35 0 0 0 
0 0 35 0 0 0 
0 0 35 0 0 0 
0 0 35 0 0 0 
0 0 35 0 0 0 
0 0 35 0 0 0 
0 0 35 0 0 0 
55 0 0 0 0 0 
55 0 0 0 0 0 
55 0 0 0 0 0 
55 0 0 0 0 0 
55 0 0 0 0 0 
55 0 0 0 0 0 
55 0 0 0 0 0 
55 0 0 0 0 0 
55 0 0 0 0 0 
55 0 0 0 0 0 
55 0 0 0 0 0 
55 0 0 0 0 0 
55 0 0 0 0 0 
55 0 0 0 0 0 
55 0 0 0 0 0 
0 0 0 0 0 32 
0 0 0 0 0 32 
0 0 0 0 0 32 
0 0 0 0 0 32 
0 0 0 0 0 32 
0 0 0 0 0 32 
0 0 0 0 0 32 
0 0 0 0 0 32 
0 0 0 0 0 32 
0 0 0 0 0 32 
0 0 0 0 0 32 
0 0 0 0 0 32 
0 0 0 0 0 32 
0 0 0 0 0 32 
0 0 0 0 0 32 
0 0 0 0 34 0 
0 0 0 0 34 0 
0 0 0 0 34 0 
0 0 0 0 34 0 
0 0 0 0 34 0 
0 0 0 0 34 0 
0 0 0 0 34 0 
0 0 0 0 34 0 
0 0 0 0 34 0 
0 0 0 0 34 0 
0 0 0 0 34 0 
0 0 0 0 34 0 
0 0 0 0 34 0 
0 0 0 0 34 0 
0 0 0 0 34 0 
0 0 0 0 0 22 
0 0 0 0 0 22 
0 0 0 0 0 22 
0 0 0 0 0 22 
0 0 0 0 0 22 
0 0 0 0 0 22 
0 0 0 0 0 22 
0 0 0 0 0 22 
0 0 0 0 0 22 
0 0 0 0 0 22 
0 0 0 0 0 22 
0 0 0 0 0 22 
0 0 0 0 0 22 
0 0 0 0 0 22 
0 0 0 0 0 22 
0 0 57 0 0 0 
0 0 57 0 0 0 
0 0 57 0 0 0 
0 0 57 0 0 0 
0 0 57 0 0 0 
0 0 57 0 0 0 
0 0 57 0 0 0 
0 0 57 0 0 0 
0 0 57 0 0 0 
0 0 57 0 0 0 
0 0 57 0 0 0 
0 0 57 0 0 0 
0 0 57 0 0 0 
0 0 57 0 0 0 
0 0 57 0 0 0 
0 0 48 0 0 0 
0 0 48 0 0 0 
0 0 48 0 0 0 
0 0 48 0 0 0 
0 0 48 0 0 0 
0 0 48 0 0 0 
0 0 48 0 0 0 
0 0 48 0 0 0 
0 0 48 0 0 0 
0 0 48 0 0 0 
0 0 48 0 0 0 
0 0 48 0 0 0 
0 0 48 0 0 0 
0 0 48 0 0 0 
0 0 48 0 0 0 
0 0 0 0 0 35 
0 0 0 0 0 35 
0 0 0 0 0 35 
0 0 0 0 0 35 
0 0 0 0 0 35 
0 0 0 0 0 35 
0 0 0 0 0 35 
0 0 0 0 0 35 
0 0 0 0 0 35 
0 0 0 0 0 35 
0 0 0 0 0 35 
0 0 0 0 0 35 
0 0 0 0 0 35 
0 0 0 0 0 35 
0 0 0 0 0 35 
0 0 27 0 0 0 
0 0 27 0 0 0 
0 0 27 0 0 0 
0 0 27 0 0 0 
0 0 27 0 0 0 
0 0 27 0 0 0 
0 0 27 0 0 0 
0 0 27 0 0 0 
0 0 27 0 0 0 
0 0 27 0 0 0 
0 0 27 0 0 0 
0 0 27 0 0 0 
0 0 27 0 0 0 
0 0 27 0 0 0 
0 0 27 0 0 0 
33 0 0 0 0 0 
33 0 0 0 0 0 
33 0 0 0 0 0 
33 0 0 0 0 0 
33 0 0 0 0 0 
33 0 0 0 0 0 
33 0 0 0 0 0 
33 0 0 0 0 0 
33 0 0 0 0 0 
33 0 0 0 0 0 
33 0 0 0 0 0 
33 0 0 0 0 0 
33 0 0 0 0 0 
33 0 0 0 0 0 
33 0 0 0 0 0 
0 20 0 0 33 0 
0 20 0 0 33 0 
0 20 0 0 33 0 
0 20 0 0 33 0 
0 20 0 0 33 0 
0 20 0 0 33 0 
0 20 0 0 33 0 
0 20 0 0 33 0 
0 20 0 0 33 0 
0 20 0 0 33 0 
0 20 0 0 33 0 
0 20 0 0 33 0 
0 20 0 0 33 0 
0 20 0 0 33 0 
0 20 0 0 33 0 
0 0 0 0 49 0 
0 0 0 0 49 0 
0 0 0 0 49 0 
0 0 0 0 49 0 
0 0 0 0 49 0 
0 0 0 0 49 0 
0 0 0 0 49 0 
0 0 0 0 49 0 
0 0 0 0 49 0 
0 0 0 0 49 0 
0 0 0 0 49 0 
0 0 0 0 49 0 
0 0 0 0 49 0 
0 0 0 0 49 0 
0 0 0 0 49 0 
0 0 0 0 0 53 
0 0 0 0 0 53 
0 0 0 0 0 53 
0 0 0 0 0 53 
0 0 0 0 0 53 
0 0 0 0 0 53 
0 0 0 0 0 53 
0 0 0 0 0 53 
0 0 0 0 0 53 
0 0 0 0 0 53 
0 0 0 0 0 53 
0 0 0 0 0 53 
0 0 0 0 0 53 
0 0 0 0 0 53 
0 0 0 0 0 53 
24 0 0 0 0 31 
24 0 0 0 0 31 
24 0 0 0 0 31 
24 0 0 0 0 31 
24 0 0 0 0 31 
24 0 0 0 0 31 
24 0 0 0 0 31 
24 0 0 0 0 31 
24 0 0 0 0 31 
24 0 0 0 0 31 
24 0 0 0 0 31 
24 0 0 0 0 31 
24 0 0 0 0 31 
24 0 0 0 0 31 
24 0 0 0 0 31 
0 0 0 0 0 30 
0 0 0 0 0 30 
0 0 0 0 0 30 
0 0 0 0 0 30 
0 0 0 0 0 30 
0 0 0 0 0 30 
0 0 0 0 0 30 
0 0 0 0 0 30 
0 0 0 0 0 30 
0 0 0 0 0 30 
0 0 0 0 0 30 
0 0 0 0 0 30 
0 0 0 0 0 30 
0 0 0 0 0 30 
0 0 0 0 0 30 
0 0 0 36 0 0 
0 0 0 36 0 0 
0 0 0 36 0 0 
0 0 0 36 0 0 
0 0 0 36 0 0 
0 0 0 36 0 0 
0 0 0 36 0 0 
0 0 0 36 0 0 
0 0 0 36 0 0 
0 0 0 36 0 0 
0 0 0 36 0 0 
0 0 0 36 0 0 
0 0 0 36 0 0 
0 0 0 36 0 0 
0 0 0 36 0 0 
17 0 0 0 34 0 
17 0 0 0 34 0 
17 0 0 0 34 0 
17 0 0 0 34 0 
17 0 0 0 34 0 
17 0 0 0 34 0 
17 0 0 0 34 0 
17 0 0 0 34 0 
17 0 0 0 34 0 
17 0 0 0 34 0 
17 0 0 0 34 0 
17 0 0 0 34 0 
17 0 0 0 34 0 
17 0 0 0 34 0 
17 0 0 0 34 0 
0 16 0 36 0 0 
0 16 0 36 0 0 
0 16 0 36 0 0 
0 16 0 36 0 0 
0 16 0 36 0 0 
0 16 0 36 0 0 
0 16 0 36 0 0 
0 16 0 36 0 0 
0 16 0 36 0 0 
0 16 0 36 0 0 
0 16 0 36 0 0 
0 16 0 36 0 0 
0 16 0 36 0 0 
0 16 0 36 0 0 
0 16 0 36 0 0 
0 0 28 0 0 0 
0 0 28 0 0 0 
0 0 28 0 0 0 
0 0 28 0 0 0 
0 0 28 0 0 0 
0 0 28 0 0 0 
0 0 28 0 0 0 
0 0 28 0 0 0 
0 0 28 0 0 0 
0 0 28 0 0 0 
0 0 28 0 0 0 
0 0 28 0 0 0 
0 0 28 0 0 0 
0 0 28 0 0 0 
0 0 28 0 0 0 
0 18 0 0 34 0 
0 18 0 0 34 0 
0 18 0 0 34 0 
0 18 0 0 34 0 
0 18 0 0 34 0 
0 18 0 0 34 0 
0 18 0 0 34 0 
0 18 0 0 34 0 
0 18 0 0 34 0 
0 18 0 0 34 0 
0 18 0 0 34 0 
0 18 0 0 34 0 
0 18 0 0 34 0 
0 18 0 0 34 0 
0 18 0 0 34 0 
0 0 42 41 0 0 
0 0 42 41 0 0 
0 0 42 41 0 0 
0 0 42 41 0 0 
0 0 42 41 0 0 
0 0 42 41 0 0 
0 0 42 41 0 0 
0 0 42 41 0 0 
0 0 42 41 0 0 
0 0 42 41 0 0 
0 0 42 41 0 0 
0 0 42 41 0 0 
0 0 42 41 0 0 
0 0 42 41 0 0 
0 0 42 41 0 0 
0 0 52 0 0 0 
0 0 52 0 0 0 
0 0 52 0 0 0 
0 0 52 0 0 0 
0 0 52 0 0 0 
0 0 52 0 0 0 
0 0 52 0 0 0 
0 0 52 0 0 0 
0 0 52 0 0 0 
0 0 52 0 0 0 
0 0 52 0 0 0 
0 0 52 0 0 0 
0 0 52 0 0 0 
0 0 52 0 0 0 
0 0 52 0 0 0 
34 0 0 0 0 0 
34 0 0 0 0 0 
34 0 0 0 0 0 
34 0 0 0 0 0 
34 0 0 0 0 0 
34 0 0 0 0 0 
34 0 0 0 0 0 
34 0 0 0 0 0 
34 0 0 0 0 0 
34 0 0 0 0 0 
34 0 0 0 0 0 
34 0 0 0 0 0 
34 0 0 0 0 0 
34 0 0 0 0 0 
34 0 0 0 0 0 
59 0 0 0 0 0 
59 0 0 0 0 0 
59 0 0 0 0 0 
59 0 0 0 0 0 
59 0 0 0 0 0 
59 0 0 0 0 0 
59 0 0 0 0 0 
59 0 0 0 0 0 
59 0 0 0 0 0 
59 0 0 0 0 0 
59 0 0 0 0 0 
59 0 0 0 0 0 
59 0 0 0 0 0 
59 0 0 0 0 0 
59 0 0 0 0 0 
0 0 0 0 0 53 
0 0 0 0 0 53 
0 0 0 0 0 53 
0 0 0 0 0 53 
0 0 0 0 0 53 
0 0 0 0 0 53 
0 0 0 0 0 53 
0 0 0 0 0 53 
0 0 0 0 0 53 
0 0 0 0 0 53 
0 0 0 0 0 53 
0 0 0 0 0 53 
0 0 0 0 0 53 
0 0 0 0 0 53 
0 0 0 0 0 53 
0 0 0 31 0 0 
0 0 0 31 0 0 
0 0 0 31 0 0 
0 0 0 31 0 0 
0 0 0 31 0 0 
0 0 0 31 0 0 
0 0 0 31 0 0 
0 0 0 31 0 0 
0 0 0 31 0 0 
0 0 0 31 0 0 
0 0 0 31 0 0 
0 0 0 31 0 0 
0 0 0 31 0 0 
0 0 0 31 0 0 
0 0 0 31 0 0 
0 0 0 0 0 46 
0 0 0 0 0 46 
0 0 0 0 0 46 
0 0 0 0 0 46 
0 0 0 0 0 46 
0 0 0 0 0 46 
0 0 0 0 0 46 
0 0 0 0 0 46 
0 0 0 0 0 46 
0 0 0 0 0 46 
0 0 0 0 0 46 
0 0 0 0 0 46 
0 0 0 0 0 46 
0 0 0 0 0 46 
0 0 0 0 0 46 
0 0 0 0 0 30 
0 0 0 0 0 30 
0 0 0 0 0 30 
0 0 0 0 0 30 
0 0 0 0 0 30 
0 0 0 0 0 30 
0 0 0 0 0 30 
0 0 0 0 0 30 
0 0 0 0 0 30 
0 0 0 0 0 30 
0 0 0 0 0 30 
0 0 0 0 0 30 
0 0 0 0 0 30 
0 0 0 0 0 30 
0 0 0 0 0 30 
0 32 0 17 0 0 
0 32 0 17 0 0 
0 32 0 17 0 0 
0 32 0 17 0 0 
0 32 0 17 0 0 
0 32 0 17 0 0 
0 32 0 17 0 0 
0 32 0 17 0 0 
0 32 0 17 0 0 
0 32 0 17 0 0 
0 32 0 17 0 0 
0 32 0 17 0 0 
0 32 0 17 0 0 
0 32 0 17 0 0 
0 32 0 17 0 0 
55 0 0 0 0 0 
55 0 0 0 0 0 
55 0 0 0 0 0 
55 0 0 0 0 0 
55 0 0 0 0 0 
55 0 0 0 0 0 
55 0 0 0 0 0 
55 0 0 0 0 0 
55 0 0 0 0 0 
55 0 0 0 0 0 
55 0 0 0 0 0 
55 0 0 0 0 0 
55 0 0 0 0 0 
55 0 0 0 0 0 
55 0 0 0 0 0 
0 48 0 31 0 0 
0 48 0 31 0 0 
0 48 0 31 0 0 
0 48 0 31 0 0 
0 48 0 31 0 0 
0 48 0 31 0 0 
0 48 0 31 0 0 
0 48 0 31 0 0 
0 48 0 31 0 0 
0 48 0 31 0 0 
0 48 0 31 0 0 
0 48 0 31 0 0 
0 48 0 31 0 0 
0 48 0 31 0 0 
0 48 0 31 0 0 
0 32 0 0 0 0 
0 32 0 0 0 0 
0 32 0 0 0 0 
0 32 0 0 0 0 
0 32 0 0 0 0 
0 32 0 0 0 0 
0 32 0 0 0 0 
0 32 0 0 0 0 
0 32 0 0 0 0 
0 32 0 0 0 0 
0 32 0 0 0 0 
0 32 0 0 0 0 
0 32 0 0 0 0 
0 32 0 0 0 0 
0 32 0 0 0 0 
0 0 27 0 0 0 
0 0 27 0 0 0 
0 0 27 0 0 0 
0 0 27 0 0 0 
0 0 27 0 0 0 
0 0 27 0 0 0 
0 0 27 0 0 0 
0 0 27 0 0 0 
0 0 27 0 0 0 
0 0 27 0 0 0 
0 0 27 0 0 0 
0 0 27 0 0 0 
0 0 27 0 0 0 
0 0 27 0 0 0 
0 0 27 0 0 0 
0 0 0 0 42 0 
0 0 0 0 42 0 
0 0 0 0 42 0 
0 0 0 0 42 0 
0 0 0 0 42 0 
0 0 0 0 42 0 
0 0 0 0 42 0 
0 0 0 0 42 0 
0 0 0 0 42 0 
0 0 0 0 42 0 
0 0 0 0 42 0 
0 0 0 0 42 0 
0 0 0 0 42 0 
0 0 0 0 42 0 
0 0 0 0 42 0 
33 0 0 0 0 35 
33 0 0 0 0 35 
33 0 0 0 0 35 
33 0 0 0 0 35 
33 0 0 0 0 35 
33 0 0 0 0 35 
33 0 0 0 0 35 
33 0 0 0 0 35 
33 0 0 0 0 35 
33 0 0 0 0 35 
33 0 0 0 0 35 
33 0 0 0 0 35 
33 0 0 0 0 35 
33 0 0 0 0 35 
33 0 0 0 0 35 
0 0 49 0 37 0 
0 0 49 0 37 0 
0 0 49 0 37 0 
0 0 49 0 37 0 
0 0 49 0 37 0 
0 0 49 0 37 0 
0 0 49 0 37 0 
0 0 49 0 37 0 
0 0 49 0 37 0 
0 0 49 0 37 0 
0 0 49 0 37 0 
0 0 49 0 37 0 
0 0 49 0 37 0 
0 0 49 0 37 0 
0 0 49 0 37 0 
59 0 0 0 0 0 
59 0 0 0 0 0 
59 0 0 0 0 0 
59 0 0 0 0 0 
59 0 0 0 0 0 
59 0 0 0 0 0 
59 0 0 0 0 0 
59 0 0 0 0 0 
59 0 0 0 0 0 
59 0 0 0 0 0 
59 0 0 0 0 0 
59 0 0 0 0 0 
59 0 0 0 0 0 
59 0 0 0 0 0 
59 0 0 0 0 0 
0 0 0 0 0 42 
0 0 0 0 0 42 
0 0 0 0 0 42 
0 0 0 0 0 42 
0 0 0 0 0 42 
0 0 0 0 0 42 
0 0 0 0 0 42 
0 0 0 0 0 42 
0 0 0 0 0 42 
0 0 0 0 0 42 
0 0 0 0 0 42 
0 0 0 0 0 42 
0 0 0 0 0 42 
0 0 0 0 0 42 
0 0 0 0 0 42 
39 0 0 0 0 0 
39 0 0 0 0 0 
39 0 0 0 0 0 
39 0 0 0 0 0 
39 0 0 0 0 0 
39 0 0 0 0 0 
39 0 0 0 0 0 
39 0 0 0 0 0 
39 0 0 0 0 0 
39 0 0 0 0 0 
39 0 0 0 0 0 
39 0 0 0 0 0 
39 0 0 0 0 0 
39 0 0 0 0 0 
39 0 0 0 0 0 
31 0 0 0 0 31 
31 0 0 0 0 31 
31 0 0 0 0 31 
31 0 0 0 0 31 
31 0 0 0 0 31 
31 0 0 0 0 31 
31 0 0 0 0 31 
31 0 0 0 0 31 
31 0 0 0 0 31 
31 0 0 0 0 31 
31 0 0 0 0 31 
31 0 0 0 0 31 
31 0 0 0 0 31 
31 0 0 0 0 31 
31 0 0 0 0 31 
0 0 46 0 25 0 
0 0 46 0 25 0 
0 0 46 0 25 0 
0 0 46 0 25 0 
0 0 46 0 25 0 
0 0 46 0 25 0 
0 0 46 0 25 0 
0 0 46 0 25 0 
0 0 46 0 25 0 
0 0 46 0 25 0 
0 0 46 0 25 0 
0 0 46 0 25 0 
0 0 46 0 25 0 
0 0 46 0 25 0 
0 0 46 0 25 0 
0 0 46 0 53 0 
0 0 46 0 53 0 
0 0 46 0 53 0 
0 0 46 0 53 0 
0 0 46 0 53 0 
0 0 46 0 53 0 
0 0 46 0 53 0 
0 0 46 0 53 0 
0 0 46 0 53 0 
0 0 46 0 53 0 
0 0 46 0 53 0 
0 0 46 0 53 0 
0 0 46 0 53 0 
0 0 46 0 53 0 
0 0 46 0 53 0 
0 31 0 0 0 0 
0 31 0 0 0 0 
0 31 0 0 0 0 
0 31 0 0 0 0 
0 31 0 0 0 0 
0 31 0 0 0 0 
0 31 0 0 0 0 
0 31 0 0 0 0 
0 31 0 0 0 0 
0 31 0 0 0 0 
0 31 0 0 0 0 
0 31 0 0 0 0 
0 31 0 0 0 0 
0 31 0 0 0 0 
0 31 0 0 0 0 
0 0 45 0 0 32 
0 0 45 0 0 32 
0 0 45 0 0 32 
0 0 45 0 0 32 
0 0 45 0 0 32 
0 0 45 0 0 32 
0 0 45 0 0 32 
0 0 45 0 0 32 
0 0 45 0 0 32 
0 0 45 0 0 32 
0 0 45 0 0 32 
0 0 45 0 0 32 
0 0 45 0 0 32 
0 0 45 0 0 32 
0 0 45 0 0 32 
0 0 35 23 0 0 
0 0 35 23 0 0 
0 0 35 23 0 0 
0 0 35 23 0 0 
0 0 35 23 0 0 
0 0 35 23 0 0 
0 0 35 23 0 0 
0 0 35 23 0 0 
0 0 35 23 0 0 
0 0 35 23 0 0 
0 0 35 23 0 0 
0 0 35 23 0 0 
0 0 35 23 0 0 
0 0 35 23 0 0 
0 0 35 23 0 0 
0 0 35 0 0 0 
0 0 35 0 0 0 
0 0 35 0 0 0 
0 0 35 0 0 0 
0 0 35 0 0 0 
0 0 35 0 0 0 
0 0 35 0 0 0 
0 0 35 0 0 0 
0 0 35 0 0 0 
0 0 35 0 0 0 
0 0 35 0 0 0 
0 0 35 0 0 0 
0 0 35 0 0 0 
0 0 35 0 0 0 
0 0 35 0 0 0 
0 0 59 0 0 0 
0 0 59 0 0 0 
0 0 59 0 0 0 
0 0 59 0 0 0 
0 0 59 0 0 0 
0 0 59 0 0 0 
0 0 59 0 0 0 
0 0 59 0 0 0 
0 0 59 0 0 0 
0 0 59 0 0 0 
0 0 59 0 0 0 
0 0 59 0 0 0 
0 0 59 0 0 0 
0 0 59 0 0 0 
0 0 59 0 0 0 
0 0 41 35 0 0 
0 0 41 35 0 0 
0 0 41 35 0 0 
0 0 41 35 0 0 
0 0 41 35 0 0 
0 0 41 35 0 0 
0 0 41 35 0 0 
0 0 41 35 0 0 
0 0 41 35 0 0 
0 0 41 35 0 0 
0 0 41 35 0 0 
0 0 41 35 0 0 
0 0 41 35 0 0 
0 0 41 35 0 0 
0 0 41 35 0 0 
18 0 0 0 38 0 
18 0 0 0 38 0 
18 0 0 0 38 0 
18 0 0 0 38 0 
18 0 0 0 38 0 
18 0 0 0 38 0 
18 0 0 0 38 0 
18 0 0 0 38 0 
18 0 0 0 38 0 
18 0 0 0 38 0 
18 0 0 0 38 0 
18 0 0 0 38 0 
18 0 0 0 38 0 
18 0 0 0 38 0 
18 0 0 0 38 0 
58 0 0 0 0 0 
58 0 0 0 0 0 
58 0 0 0 0 0 
58 0 0 0 0 0 
58 0 0 0 0 0 
58 0 0 0 0 0 
58 0 0 0 0 0 
58 0 0 0 0 0 
58 0 0 0 0 0 
58 0 0 0 0 0 
58 0 0 0 0 0 
58 0 0 0 0 0 
58 0 0 0 0 0 
58 0 0 0 0 0 
58 0 0 0 0 0 
0 0 26 56 0 0 
0 0 26 56 0 0 
0 0 26 56 0 0 
0 0 26 56 0 0 
0 0 26 56 0 0 
0 0 26 56 0 0 
0 0 26 56 0 0 
0 0 26 56 0 0 
0 0 26 56 0 0 
0 0 26 56 0 0 
0 0 26 56 0 0 
0 0 26 56 0 0 
0 0 26 56 0 0 
0 0 26 56 0 0 
0 0 26 56 0 0 
0 0 0 0 0 43 
0 0 0 0 0 43 
0 0 0 0 0 43 
0 0 0 0 0 43 
0 0 0 0 0 43 
0 0 0 0 0 43 
0 0 0 0 0 43 
0 0 0 0 0 43 
0 0 0 0 0 43 
0 0 0 0 0 43 
0 0 0 0 0 43 
0 0 0 0 0 43 
0 0 0 0 0 43 
0 0 0 0 0 43 
0 0 0 0 0 43 
35 0 0 0 0 0 
35 0 0 0 0 0 
35 0 0 0 0 0 
35 0 0 0 0 0 
35 0 0 0 0 0 
35 0 0 0 0 0 
35 0 0 0 0 0 
35 0 0 0 0 0 
35 0 0 0 0 0 
35 0 0 0 0 0 
35 0 0 0 0 0 
35 0 0 0 0 0 
35 0 0 0 0 0 
35 0 0 0 0 0 
35 0 0 0 0 0 
0 0 0 0 0 51 
0 0 0 0 0 51 
0 0 0 0 0 51 
0 0 0 0 0 51 
0 0 0 0 0 51 
0 0 0 0 0 51 
0 0 0 0 0 51 
0 0 0 0 0 51 
0 0 0 0 0 51 
0 0 0 0 0 51 
0 0 0 0 0 51 
0 0 0 0 0 51 
0 0 0 0 0 51 
0 0 0 0 0 51 
0 0 0 0 0 51 
41 0 0 0 0 29 
41 0 0 0 0 29 
41 0 0 0 0 29 
41 0 0 0 0 29 
41 0 0 0 0 29 
41 0 0 0 0 29 
41 0 0 0 0 29 
41 0 0 0 0 29 
41 0 0 0 0 29 
41 0 0 0 0 29 
41 0 0 0 0 29 
41 0 0 0 0 29 
41 0 0 0 0 29 
41 0 0 0 0 29 
41 0 0 0 0 29 
0 55 0 0 0 0 
0 55 0 0 0 0 
0 55 0 0 0 0 
0 55 0 0 0 0 
0 55 0 0 0 0 
0 55 0 0 0 0 
0 55 0 0 0 0 
0 55 0 0 0 0 
0 55 0 0 0 0 
0 55 0 0 0 0 
0 55 0 0 0 0 
0 55 0 0 0 0 
0 55 0 0 0 0 
0 55 0 0 0 0 
0 55 0 0 0 0 
37 0 0 17 0 0 
37 0 0 17 0 0 
37 0 0 17 0 0 
37 0 0 17 0 0 
37 0 0 17 0 0 
37 0 0 17 0 0 
37 0 0 17 0 0 
37 0 0 17 0 0 
37 0 0 17 0 0 
37 0 0 17 0 0 
37 0 0 17 0 0 
37 0 0 17 0 0 
37 0 0 17 0 0 
37 0 0 17 0 0 
37 0 0 17 0 0 
0 0 0 0 0 49 
0 0 0 0 0 49 
0 0 0 0 0 49 
0 0 0 0 0 49 
0 0 0 0 0 49 
0 0 0 0 0 49 
0 0 0 0 0 49 
0 0 0 0 0 49 
0 0 0 0 0 49 
0 0 0 0 0 49 
0 0 0 0 0 49 
0 0 0 0 0 49 
0 0 0 0 0 49 
0 0 0 0 0 49 
0 0 0 0 0 49 
0 0 0 52 0 0 
0 0 0 52 0 0 
0 0 0 52 0 0 
0 0 0 52 0 0 
0 0 0 52 0 0 
0 0 0 52 0 0 
0 0 0 52 0 0 
0 0 0 52 0 0 
0 0 0 52 0 0 
0 0 0 52 0 0 
0 0 0 52 0 0 
0 0 0 52 0 0 
0 0 0 52 0 0 
0 0 0 52 0 0 
0 0 0 52 0 0 
38 0 0 0 0 37 
38 0 0 0 0 37 
38 0 0 0 0 37 
38 0 0 0 0 37 
38 0 0 0 0 37 
38 0 0 0 0 37 
38 0 0 0 0 37 
38 0 0 0 0 37 
38 0 0 0 0 37 
38 0 0 0 0 37 
38 0 0 0 0 37 
38 0 0 0 0 37 
38 0 0 0 0 37 
38 0 0 0 0 37 
38 0 0 0 0 37 
0 0 30 0 0 0 
0 0 30 0 0 0 
0 0 30 0 0 0 
0 0 30 0 0 0 
0 0 30 0 0 0 
0 0 30 0 0 0 
0 0 30 0 0 0 
0 0 30 0 0 0 
0 0 30 0 0 0 
0 0 30 0 0 0 
0 0 30 0 0 0 
0 0 30 0 0 0 
0 0 30 0 0 0 
0 0 30 0 0 0 
0 0 30 0 0 0 
0 0 0 21 0 0 
0 0 0 21 0 0 
0 0 0 21 0 0 
0 0 0 21 0 0 
0 0 0 21 0 0 
0 0 0 21 0 0 
0 0 0 21 0 0 
0 0 0 21 0 0 
0 0 0 21 0 0 
0 0 0 21 0 0 
0 0 0 21 0 0 
0 0 0 21 0 0 
0 0 0 21 0 0 
0 0 0 21 0 0 
0 0 0 21 0 0 
0 0 0 0 0 56 
0 0 0 0 0 56 
0 0 0 0 0 56 
0 0 0 0 0 56 
0 0 0 0 0 56 
0 0 0 0 0 56 
0 0 0 0 0 56 
0 0 0 0 0 56 
0 0 0 0 0 56 
0 0 0 0 0 56 
0 0 0 0 0 56 
0 0 0 0 0 56 
0 0 0 0 0 56 
0 0 0 0 0 56 
0 0 0 0 0 56 
0 0 0 0 0 19 
0 0 0 0 0 19 
0 0 0 0 0 19 
0 0 0 0 0 19 
0 0 0 0 0 19 
0 0 0 0 0 19 
0 0 0 0 0 19 
0 0 0 0 0 19 
0 0 0 0 0 19 
0 0 0 0 0 19 
0 0 0 0 0 19 
0 0 0 0 0 19 
0 0 0 0 0 19 
0 0 0 0 0 19 
0 0 0 0 0 19 
0 0 0 0 50 0 
0 0 0 0 50 0 
0 0 0 0 50 0 
0 0 0 0 50 0 
0 0 0 0 50 0 
0 0 0 0 50 0 
0 0 0 0 50 0 
0 0 0 0 50 0 
0 0 0 0 50 0 
0 0 0 0 50 0 
0 0 0 0 50 0 
0 0 0 0 50 0 
0 0 0 0 50 0 
0 0 0 0 50 0 
0 0 0 0 50 0 
0 0 0 0 0 27 
0 0 0 0 0 27 
0 0 0 0 0 27 
0 0 0 0 0 27 
0 0 0 0 0 27 
0 0 0 0 0 27 
0 0 0 0 0 27 
0 0 0 0 0 27 
0 0 0 0 0 27 
0 0 0 0 0 27 
0 0 0 0 0 27 
0 0 0 0 0 27 
0 0 0 0 0 27 
0 0 0 0 0 27 
0 0 0 0 0 27 
0 0 22 32 0 0 
0 0 22 32 0 0 
0 0 22 32 0 0 
0 0 22 32 0 0 
0 0 22 32 0 0 
0 0 22 32 0 0 
0 0 22 32 0 0 
0 0 22 32 0 0 
0 0 22 32 0 0 
0 0 22 32 0 0 
0 0 22 32 0 0 
0 0 22 32 0 0 
0 0 22 32 0 0 
0 0 22 32 0 0 
0 0 22 32 0 0 
0 0 0 0 15 0 
0 0 0 0 15 0 
0 0 0 0 15 0 
0 0 0 0 15 0 
0 0 0 0 15 0 
0 0 0 0 15 0 
0 0 0 0 15 0 
0 0 0 0 15 0 
0 0 0 0 15 0 
0 0 0 0 15 0 
0 0 0 0 15 0 
0 0 0 0 15 0 
0 0 0 0 15 0 
0 0 0 0 15 0 
0 0 0 0 15 0 
0.0 0.0 0.0 0.0 0.0 0.0 
0.0 0.0 0.0 0.0 0.0 0.0 
0.0 0.0 0.0 0.0 0.0 0.0 
0.0 0.0 0.0 0.0 0.0 0.0 
0.0 0.0 0.0 0.0 0.0 0.0 
0.0 0.0 0.0 0.0 0.0 0.0 
0.0 0.0 0.0 0.0 0.0 0.0 
0.0 0.0 0.0 0.0 0.0 0.0 
0.0 0.0 0.0 0.0 0.0 0.0 
0.0 0.0 0.0 0.0 0.0 0.0 
0.0 0.0 0.0 0.0 0.0 0.0 
0.0 0.0 0.0 0.0 0.0 0.0 
0.0 0.0 0.0 0.0 0.0 0.0 
0.0 0.0 0.0 0.0 0.0 0.0 
0.0 0.0 0.0 0.0 0.0 0.0 
mind
0 0 0 0 0 0 0 22 0 0 0 0 0 0 0 0 0 0 13 0 0 12 0 0 10 0 0 0 12 0 0 0 0 0 0 0 15 0 0 0 0 0 0 12 0 0 0 0 0 10 0 21 12 0 0 16 0 0 0 0 0 0 16 0 0 0 0 0 0 0 0 0 0 0 0 0 0
maxd
0 0 0 0 0 0 0 24 0 0 0 0 0 0 0 0 0 0 20 0 0 25 0 0 24 0 0 0 21 0 0 0 0 0 0 0 27 0 0 0 0 0 0 24 0 0 0 0 0 12 0 22 23 0 0 24 0 0 0 0 0 0 24 0 0 0 0 0 0 0 0 0 0 0 0 0 0
e
0 856 814 929 726 803 948 690 829 805 779 679 838 548 607 762 758 841 499 729 690 601 935 868 527 549 484 705 917 708 568 638 834 906 774 483 665 665 618 752 923 807 931 955 636 718 565 897 532 560 579 861 591 585 848 824 681 586 942 565 875 755 634 622 884 791 498 561 859 661 597 850 771 853 676 741 0
l
99999 976 934 1049 846 923 1068 810 949 925 899 799 958 668 727 882 878 961 619 849 810 721 1055 988 647 669 604 825 1037 828 688 758 954 1026 894 603 785 785 738 872 1043 927 1051 1075 756 838 685 1017 652 680 699 981 711 705 968 944 801 706 1062 685 995 875 754 742 1004 911 618 681 979 781 717 970 891 973 796 861 99999
