nbNodes
77
nbVehi
15
nbServi
6
r
1 1 1 1 1 1 
0 0 0 1 0 0 
0 0 0 0 0 1 
0 0 0 0 0 1 
1 0 0 0 0 1 
0 0 0 1 0 0 
0 1 0 1 0 0 
0 1 0 0 0 0 
0 0 0 1 0 0 
1 0 0 0 0 1 
1 0 0 0 0 0 
0 1 0 0 0 1 
0 1 0 0 0 1 
0 0 0 0 0 1 
0 0 1 0 0 0 
1 0 0 0 0 1 
0 0 0 0 0 1 
0 0 1 0 1 0 
0 0 0 0 0 1 
0 0 0 0 0 1 
0 0 0 0 1 0 
0 0 1 0 1 0 
0 0 0 0 1 0 
0 1 0 0 0 1 
0 0 1 1 0 0 
0 0 0 0 1 0 
0 1 0 0 0 1 
0 0 0 0 1 0 
0 1 0 0 0 0 
0 0 1 0 0 0 
0 0 1 0 1 0 
0 1 0 0 0 0 
0 0 1 0 1 0 
0 0 0 0 1 0 
0 0 1 0 0 0 
1 0 0 0 1 0 
0 0 0 0 0 1 
0 1 0 0 0 0 
0 1 0 0 0 0 
0 1 0 0 0 0 
1 0 0 0 0 1 
0 1 0 0 0 0 
0 0 0 0 1 0 
0 0 0 1 0 0 
0 0 0 0 0 1 
0 0 0 0 0 1 
0 0 1 1 0 0 
0 1 0 0 1 0 
0 0 0 0 0 1 
0 1 0 0 0 0 
1 0 0 0 0 0 
0 1 0 0 0 0 
0 0 0 0 0 1 
0 1 0 1 0 0 
0 0 1 0 0 0 
0 0 0 1 0 0 
1 0 0 0 1 0 
0 0 1 1 0 0 
0 1 0 0 0 0 
0 0 0 0 0 1 
1 0 0 1 0 0 
0 0 0 1 0 0 
0 1 0 0 0 1 
0 0 0 0 0 1 
0 0 0 0 0 1 
0 0 0 1 0 0 
0 0 0 0 0 1 
0 0 1 1 0 0 
0 0 0 1 0 0 
0 1 0 0 0 0 
0 1 0 0 0 0 
0 0 0 0 0 1 
0 0 1 0 0 0 
0 1 0 0 0 0 
0 0 1 0 1 0 
0 0 0 0 0 1 
1 1 1 1 1 1 
DS
5 7 10 12 13 16 18 22 24 25 27 31 33 36 41 47 48 54 57 58 61 63 68 75 
a
0 0 1 0 0 0 
1 1 1 0 0 0 
1 1 1 0 0 0 
0 1 1 0 0 0 
0 1 1 0 0 0 
1 0 0 0 0 0 
1 1 0 0 0 0 
0 0 0 0 1 1 
0 0 0 1 0 1 
0 0 0 1 0 0 
0 0 0 0 1 0 
0 0 0 0 1 1 
0 0 0 1 1 0 
0 0 0 0 1 1 
0 0 0 0 1 1 
x
-30.0723 -30.1551 -30.037 -30.1462 -29.9908 -30.0108 -29.9894 -30.0013 -29.9991 -30.0181 -30.0275 -30.0619 -30.0698 -30.0903 -30.0589 -30.1595 -30.0721 -29.9944 -30.1189 -30.1025 -29.9987 -30.0672 -30.0567 -30.0169 -29.9946 -29.9999 -29.9893 -29.9965 -30.0441 -30.1553 -30.0054 -30.032 -30.1182 -30.0374 -30.0723 -30.0917 -30.0583 -30.0175 -30.0719 -30.058 -30.0609 -30.0103 -30.0061 -30.0728 -30.0591 -30.0052 -30.0018 -30.0506 -30.0035 -30.0319 -30.0518 -30.0251 -30.016 -29.9943 -30.069 -30.0041 -30.0056 -30.0131 -29.9856 -30.1108 -29.9938 -30.0109 -30.0458 -30.1192 -30.0474 -30.1564 -30.1469 -30.0617 -30.026 -30.0363 -30.0802 -30.0446 -30.022 -30.017 -30.0189 -30.1532 -30.0723
y
-51.1559 -51.1366 -51.1328 -51.1452 -51.1274 -51.1168 -51.188 -51.0954 -51.1515 -51.1513 -51.1003 -51.1616 -51.1842 -51.2204 -51.2055 -51.1345 -51.2188 -51.107 -51.1042 -51.1702 -51.1012 -51.1657 -51.1928 -51.1622 -51.1476 -51.1426 -51.1215 -51.1043 -51.1236 -51.1478 -51.1031 -51.1173 -51.1922 -51.1253 -51.1559 -51.1812 -51.1424 -51.0968 -51.2099 -51.1408 -51.1453 -51.1081 -51.0935 -51.2207 -51.1561 -51.1145 -51.1542 -51.1666 -51.2062 -51.1114 -51.1826 -51.1477 -51.1325 -51.1374 -51.1627 -51.1164 -51.1754 -51.1263 -51.1282 -51.1585 -51.1466 -51.1307 -51.1353 -51.0995 -51.1793 -51.1445 -51.125 -51.1451 -51.1042 -51.1056 -51.1915 -51.1523 -51.1248 -51.101 -51.1069 -51.1424 -51.1559
d
0.00000 30.00000 12.00000 30.00000 21.00000 17.00000 20.00000 21.00000 19.00000 14.00000 17.00000 4.00000 9.00000 15.00000 13.00000 31.00000 16.00000 20.00000 17.00000 20.00000 20.00000 5.00000 10.00000 15.00000 23.00000 19.00000 22.00000 21.00000 12.00000 32.00000 20.00000 15.00000 25.00000 13.00000 0.00000 17.00000 7.00000 18.00000 15.00000 8.00000 8.00000 18.00000 21.00000 17.00000 5.00000 18.00000 18.00000 9.00000 20.00000 15.00000 10.00000 14.00000 17.00000 21.00000 4.00000 17.00000 18.00000 18.00000 22.00000 17.00000 23.00000 17.00000 10.00000 19.00000 12.00000 31.00000 28.00000 8.00000 18.00000 16.00000 15.00000 10.00000 15.00000 19.00000 17.00000 31.00000 0.00000
31.00000 0.00000 35.00000 5.00000 44.00000 40.00000 44.00000 40.00000 42.00000 37.00000 38.00000 29.00000 30.00000 25.00000 32.00000 3.00000 29.00000 42.00000 16.00000 20.00000 41.00000 32.00000 33.00000 39.00000 46.00000 42.00000 45.00000 42.00000 35.00000 4.00000 41.00000 38.00000 17.00000 36.00000 31.00000 22.00000 30.00000 41.00000 29.00000 31.00000 31.00000 41.00000 39.00000 29.00000 29.00000 41.00000 41.00000 32.00000 42.00000 38.00000 32.00000 37.00000 40.00000 44.00000 33.00000 40.00000 42.00000 41.00000 45.00000 19.00000 46.00000 40.00000 33.00000 15.00000 35.00000 4.00000 7.00000 31.00000 39.00000 36.00000 29.00000 33.00000 38.00000 42.00000 40.00000 4.00000 31.00000
11.00000 34.00000 0.00000 34.00000 12.00000 9.00000 18.00000 13.00000 13.00000 8.00000 9.00000 9.00000 14.00000 20.00000 18.00000 35.00000 21.00000 12.00000 21.00000 24.00000 12.00000 12.00000 15.00000 10.00000 14.00000 11.00000 13.00000 13.00000 4.00000 36.00000 12.00000 6.00000 29.00000 5.00000 11.00000 22.00000 8.00000 10.00000 20.00000 8.00000 9.00000 10.00000 13.00000 21.00000 9.00000 10.00000 12.00000 10.00000 17.00000 7.00000 12.00000 6.00000 7.00000 12.00000 13.00000 8.00000 13.00000 8.00000 14.00000 22.00000 14.00000 7.00000 3.00000 23.00000 11.00000 35.00000 32.00000 10.00000 9.00000 8.00000 20.00000 6.00000 7.00000 10.00000 9.00000 35.00000 11.00000
31.00000 5.00000 35.00000 0.00000 44.00000 40.00000 40.00000 41.00000 42.00000 38.00000 38.00000 30.00000 27.00000 21.00000 28.00000 6.00000 25.00000 42.00000 16.00000 16.00000 41.00000 31.00000 29.00000 37.00000 46.00000 42.00000 46.00000 43.00000 36.00000 3.00000 41.00000 38.00000 13.00000 36.00000 31.00000 19.00000 30.00000 41.00000 26.00000 31.00000 31.00000 42.00000 40.00000 26.00000 29.00000 41.00000 41.00000 32.00000 38.00000 38.00000 29.00000 37.00000 40.00000 44.00000 32.00000 40.00000 38.00000 41.00000 46.00000 17.00000 46.00000 41.00000 34.00000 16.00000 31.00000 4.00000 7.00000 31.00000 40.00000 36.00000 26.00000 34.00000 39.00000 42.00000 40.00000 3.00000 31.00000
21.00000 44.00000 13.00000 44.00000 0.00000 8.00000 14.00000 9.00000 6.00000 10.00000 13.00000 19.00000 22.00000 26.00000 22.00000 45.00000 25.00000 6.00000 31.00000 33.00000 8.00000 21.00000 20.00000 10.00000 6.00000 5.00000 2.00000 7.00000 12.00000 46.00000 9.00000 13.00000 37.00000 12.00000 21.00000 28.00000 18.00000 12.00000 24.00000 18.00000 19.00000 9.00000 9.00000 25.00000 18.00000 9.00000 7.00000 17.00000 14.00000 13.00000 18.00000 10.00000 8.00000 4.00000 21.00000 7.00000 10.00000 6.00000 2.00000 32.00000 6.00000 6.00000 14.00000 33.00000 17.00000 45.00000 42.00000 20.00000 12.00000 15.00000 27.00000 15.00000 9.00000 11.00000 10.00000 45.00000 21.00000
16.00000 40.00000 9.00000 40.00000 7.00000 0.00000 17.00000 7.00000 10.00000 13.00000 8.00000 15.00000 19.00000 25.00000 24.00000 41.00000 26.00000 6.00000 27.00000 29.00000 6.00000 18.00000 20.00000 13.00000 9.00000 8.00000 8.00000 7.00000 8.00000 41.00000 5.00000 8.00000 35.00000 7.00000 16.00000 27.00000 13.00000 7.00000 25.00000 14.00000 15.00000 3.00000 6.00000 27.00000 15.00000 4.00000 11.00000 15.00000 16.00000 8.00000 17.00000 12.00000 8.00000 7.00000 19.00000 2.00000 12.00000 6.00000 9.00000 27.00000 9.00000 4.00000 9.00000 28.00000 17.00000 41.00000 37.00000 15.00000 7.00000 10.00000 26.00000 11.00000 5.00000 6.00000 5.00000 41.00000 16.00000
21.00000 45.00000 19.00000 42.00000 14.00000 17.00000 0.00000 18.00000 10.00000 13.00000 22.00000 18.00000 19.00000 22.00000 17.00000 45.00000 20.00000 15.00000 32.00000 28.00000 17.00000 18.00000 16.00000 11.00000 14.00000 11.00000 15.00000 16.00000 20.00000 43.00000 19.00000 22.00000 32.00000 20.00000 21.00000 24.00000 21.00000 21.00000 19.00000 21.00000 22.00000 18.00000 18.00000 20.00000 17.00000 18.00000 11.00000 16.00000 6.00000 21.00000 13.00000 15.00000 15.00000 13.00000 19.00000 17.00000 7.00000 15.00000 16.00000 33.00000 15.00000 15.00000 18.00000 34.00000 13.00000 44.00000 43.00000 22.00000 21.00000 24.00000 22.00000 16.00000 18.00000 20.00000 19.00000 44.00000 21.00000
21.00000 41.00000 13.00000 41.00000 10.00000 7.00000 21.00000 0.00000 14.00000 17.00000 8.00000 20.00000 24.00000 30.00000 28.00000 42.00000 31.00000 4.00000 32.00000 34.00000 2.00000 23.00000 25.00000 17.00000 14.00000 13.00000 10.00000 4.00000 12.00000 43.00000 3.00000 12.00000 39.00000 12.00000 21.00000 32.00000 18.00000 6.00000 30.00000 19.00000 20.00000 5.00000 2.00000 32.00000 20.00000 7.00000 15.00000 20.00000 21.00000 10.00000 22.00000 16.00000 12.00000 12.00000 24.00000 6.00000 17.00000 11.00000 11.00000 32.00000 14.00000 9.00000 14.00000 33.00000 21.00000 42.00000 39.00000 20.00000 8.00000 11.00000 31.00000 16.00000 10.00000 8.00000 7.00000 42.00000 21.00000
20.00000 43.00000 12.00000 43.00000 6.00000 8.00000 9.00000 13.00000 0.00000 7.00000 13.00000 17.00000 19.00000 24.00000 20.00000 44.00000 22.00000 9.00000 31.00000 30.00000 11.00000 18.00000 18.00000 7.00000 6.00000 2.00000 7.00000 10.00000 13.00000 45.00000 11.00000 13.00000 34.00000 12.00000 20.00000 26.00000 17.00000 12.00000 21.00000 18.00000 18.00000 10.00000 12.00000 22.00000 16.00000 10.00000 2.00000 14.00000 10.00000 13.00000 15.00000 8.00000 7.00000 4.00000 18.00000 8.00000 6.00000 7.00000 7.00000 31.00000 6.00000 6.00000 13.00000 32.00000 15.00000 44.00000 41.00000 19.00000 12.00000 15.00000 24.00000 13.00000 10.00000 11.00000 10.00000 44.00000 20.00000
14.00000 37.00000 8.00000 38.00000 8.00000 11.00000 12.00000 15.00000 6.00000 0.00000 13.00000 11.00000 14.00000 20.00000 17.00000 38.00000 21.00000 12.00000 25.00000 26.00000 14.00000 13.00000 15.00000 4.00000 9.00000 6.00000 9.00000 13.00000 10.00000 39.00000 14.00000 12.00000 31.00000 11.00000 14.00000 22.00000 11.00000 12.00000 20.00000 12.00000 12.00000 12.00000 13.00000 21.00000 10.00000 12.00000 5.00000 10.00000 11.00000 13.00000 12.00000 3.00000 7.00000 8.00000 14.00000 10.00000 7.00000 7.00000 9.00000 25.00000 10.00000 7.00000 8.00000 26.00000 11.00000 38.00000 35.00000 13.00000 12.00000 14.00000 21.00000 6.00000 10.00000 11.00000 10.00000 38.00000 14.00000
17.00000 38.00000 9.00000 38.00000 12.00000 8.00000 21.00000 8.00000 14.00000 15.00000 0.00000 16.00000 20.00000 26.00000 24.00000 39.00000 27.00000 9.00000 28.00000 30.00000 8.00000 18.00000 21.00000 16.00000 13.00000 12.00000 13.00000 10.00000 8.00000 39.00000 8.00000 6.00000 35.00000 8.00000 17.00000 28.00000 14.00000 3.00000 26.00000 15.00000 16.00000 7.00000 7.00000 28.00000 15.00000 9.00000 14.00000 16.00000 20.00000 4.00000 18.00000 14.00000 9.00000 12.00000 19.00000 7.00000 16.00000 8.00000 13.00000 28.00000 14.00000 8.00000 10.00000 29.00000 17.00000 39.00000 36.00000 16.00000 3.00000 5.00000 26.00000 12.00000 7.00000 7.00000 5.00000 39.00000 17.00000
5.00000 30.00000 11.00000 30.00000 18.00000 16.00000 17.00000 21.00000 15.00000 11.00000 17.00000 0.00000 6.00000 12.00000 10.00000 31.00000 13.00000 19.00000 17.00000 18.00000 20.00000 4.00000 7.00000 12.00000 19.00000 16.00000 19.00000 20.00000 12.00000 31.00000 19.00000 14.00000 23.00000 12.00000 5.00000 14.00000 6.00000 17.00000 12.00000 7.00000 7.00000 17.00000 20.00000 14.00000 2.00000 17.00000 15.00000 5.00000 17.00000 15.00000 7.00000 10.00000 15.00000 17.00000 5.00000 16.00000 15.00000 16.00000 19.00000 17.00000 19.00000 16.00000 9.00000 18.00000 9.00000 31.00000 27.00000 7.00000 17.00000 16.00000 13.00000 7.00000 15.00000 18.00000 16.00000 31.00000 5.00000
9.00000 31.00000 15.00000 28.00000 21.00000 20.00000 17.00000 24.00000 18.00000 14.00000 20.00000 7.00000 0.00000 8.00000 8.00000 31.00000 9.00000 23.00000 21.00000 14.00000 23.00000 7.00000 5.00000 14.00000 22.00000 19.00000 22.00000 24.00000 15.00000 29.00000 23.00000 17.00000 18.00000 15.00000 9.00000 10.00000 11.00000 20.00000 8.00000 12.00000 12.00000 21.00000 23.00000 10.00000 7.00000 21.00000 18.00000 8.00000 16.00000 18.00000 5.00000 14.00000 18.00000 21.00000 7.00000 19.00000 15.00000 20.00000 22.00000 20.00000 23.00000 20.00000 13.00000 23.00000 7.00000 30.00000 32.00000 12.00000 20.00000 19.00000 8.00000 11.00000 18.00000 21.00000 20.00000 30.00000 9.00000
15.00000 24.00000 20.00000 21.00000 26.00000 25.00000 22.00000 30.00000 24.00000 20.00000 26.00000 14.00000 9.00000 0.00000 10.00000 24.00000 6.00000 28.00000 27.00000 14.00000 29.00000 13.00000 11.00000 19.00000 28.00000 24.00000 28.00000 29.00000 21.00000 22.00000 28.00000 23.00000 12.00000 21.00000 15.00000 10.00000 17.00000 26.00000 7.00000 18.00000 18.00000 27.00000 29.00000 7.00000 13.00000 26.00000 23.00000 14.00000 20.00000 24.00000 11.00000 19.00000 24.00000 26.00000 14.00000 25.00000 20.00000 25.00000 28.00000 19.00000 28.00000 25.00000 19.00000 29.00000 13.00000 23.00000 27.00000 18.00000 26.00000 25.00000 10.00000 17.00000 24.00000 27.00000 25.00000 23.00000 15.00000
13.00000 30.00000 19.00000 27.00000 23.00000 24.00000 17.00000 28.00000 20.00000 18.00000 24.00000 12.00000 8.00000 7.00000 0.00000 30.00000 6.00000 26.00000 26.00000 13.00000 28.00000 11.00000 7.00000 16.00000 24.00000 21.00000 24.00000 27.00000 19.00000 28.00000 27.00000 22.00000 18.00000 20.00000 13.00000 9.00000 15.00000 25.00000 5.00000 16.00000 16.00000 25.00000 28.00000 7.00000 12.00000 25.00000 20.00000 13.00000 14.00000 23.00000 10.00000 18.00000 22.00000 22.00000 12.00000 24.00000 16.00000 21.00000 24.00000 19.00000 24.00000 22.00000 17.00000 27.00000 11.00000 29.00000 33.00000 16.00000 25.00000 23.00000 8.00000 16.00000 23.00000 26.00000 24.00000 29.00000 13.00000
32.00000 2.00000 36.00000 6.00000 45.00000 41.00000 44.00000 41.00000 43.00000 38.00000 39.00000 30.00000 30.00000 25.00000 32.00000 0.00000 29.00000 43.00000 16.00000 20.00000 42.00000 33.00000 33.00000 40.00000 47.00000 43.00000 46.00000 43.00000 36.00000 5.00000 42.00000 38.00000 17.00000 37.00000 32.00000 22.00000 31.00000 41.00000 29.00000 31.00000 32.00000 42.00000 40.00000 29.00000 30.00000 42.00000 42.00000 33.00000 42.00000 39.00000 32.00000 38.00000 40.00000 45.00000 34.00000 40.00000 42.00000 42.00000 46.00000 20.00000 47.00000 41.00000 34.00000 16.00000 35.00000 5.00000 7.00000 32.00000 40.00000 37.00000 29.00000 34.00000 39.00000 42.00000 41.00000 5.00000 32.00000
16.00000 30.00000 21.00000 27.00000 26.00000 26.00000 20.00000 30.00000 23.00000 20.00000 26.00000 14.00000 10.00000 7.00000 8.00000 30.00000 0.00000 29.00000 28.00000 15.00000 29.00000 13.00000 11.00000 19.00000 27.00000 24.00000 27.00000 30.00000 21.00000 28.00000 29.00000 24.00000 17.00000 22.00000 16.00000 10.00000 18.00000 27.00000 3.00000 18.00000 18.00000 27.00000 30.00000 2.00000 14.00000 27.00000 23.00000 15.00000 17.00000 24.00000 11.00000 20.00000 25.00000 25.00000 14.00000 26.00000 19.00000 25.00000 27.00000 21.00000 27.00000 25.00000 19.00000 29.00000 14.00000 28.00000 33.00000 19.00000 27.00000 25.00000 10.00000 17.00000 24.00000 28.00000 26.00000 28.00000 16.00000
20.00000 43.00000 13.00000 43.00000 7.00000 7.00000 18.00000 4.00000 11.00000 14.00000 9.00000 19.00000 23.00000 29.00000 26.00000 43.00000 29.00000 0.00000 31.00000 33.00000 3.00000 22.00000 24.00000 15.00000 10.00000 10.00000 6.00000 2.00000 12.00000 44.00000 4.00000 12.00000 39.00000 11.00000 20.00000 31.00000 17.00000 7.00000 28.00000 18.00000 19.00000 6.00000 4.00000 29.00000 19.00000 6.00000 12.00000 19.00000 18.00000 11.00000 21.00000 15.00000 11.00000 8.00000 23.00000 5.00000 14.00000 9.00000 8.00000 31.00000 10.00000 8.00000 13.00000 32.00000 21.00000 43.00000 40.00000 19.00000 9.00000 13.00000 30.00000 15.00000 9.00000 9.00000 9.00000 43.00000 20.00000
18.00000 16.00000 22.00000 16.00000 31.00000 27.00000 31.00000 32.00000 29.00000 25.00000 28.00000 17.00000 21.00000 27.00000 26.00000 17.00000 28.00000 31.00000 0.00000 20.00000 31.00000 20.00000 22.00000 26.00000 33.00000 29.00000 33.00000 31.00000 23.00000 17.00000 30.00000 25.00000 25.00000 23.00000 18.00000 22.00000 17.00000 28.00000 27.00000 18.00000 18.00000 29.00000 31.00000 29.00000 16.00000 28.00000 28.00000 19.00000 31.00000 26.00000 22.00000 24.00000 27.00000 31.00000 20.00000 27.00000 29.00000 28.00000 33.00000 18.00000 33.00000 28.00000 21.00000 2.00000 23.00000 17.00000 13.00000 18.00000 28.00000 27.00000 28.00000 21.00000 26.00000 29.00000 27.00000 17.00000 18.00000
20.00000 19.00000 25.00000 16.00000 31.00000 30.00000 27.00000 34.00000 29.00000 24.00000 30.00000 18.00000 14.00000 14.00000 14.00000 20.00000 15.00000 33.00000 19.00000 0.00000 33.00000 17.00000 16.00000 24.00000 33.00000 29.00000 32.00000 34.00000 25.00000 18.00000 33.00000 27.00000 7.00000 26.00000 20.00000 5.00000 20.00000 31.00000 14.00000 20.00000 20.00000 31.00000 34.00000 16.00000 18.00000 31.00000 28.00000 19.00000 24.00000 28.00000 15.00000 24.00000 29.00000 31.00000 18.00000 29.00000 25.00000 30.00000 32.00000 9.00000 33.00000 30.00000 23.00000 20.00000 18.00000 18.00000 22.00000 21.00000 30.00000 29.00000 12.00000 21.00000 28.00000 31.00000 30.00000 18.00000 20.00000
20.00000 42.00000 12.00000 42.00000 9.00000 6.00000 20.00000 2.00000 13.00000 16.00000 8.00000 19.00000 23.00000 29.00000 27.00000 42.00000 30.00000 3.00000 31.00000 33.00000 0.00000 21.00000 24.00000 16.00000 12.00000 12.00000 8.00000 3.00000 11.00000 43.00000 4.00000 12.00000 38.00000 10.00000 20.00000 31.00000 17.00000 6.00000 29.00000 18.00000 18.00000 5.00000 3.00000 31.00000 18.00000 6.00000 14.00000 19.00000 20.00000 10.00000 21.00000 15.00000 11.00000 10.00000 22.00000 5.00000 16.00000 9.00000 10.00000 31.00000 12.00000 8.00000 13.00000 32.00000 20.00000 42.00000 39.00000 19.00000 8.00000 12.00000 29.00000 15.00000 9.00000 8.00000 8.00000 42.00000 20.00000
5.00000 31.00000 12.00000 31.00000 20.00000 17.00000 18.00000 22.00000 18.00000 13.00000 18.00000 4.00000 7.00000 13.00000 11.00000 32.00000 14.00000 21.00000 18.00000 19.00000 21.00000 0.00000 8.00000 13.00000 22.00000 18.00000 21.00000 21.00000 13.00000 32.00000 20.00000 15.00000 24.00000 13.00000 5.00000 15.00000 7.00000 18.00000 13.00000 8.00000 8.00000 19.00000 21.00000 15.00000 4.00000 18.00000 17.00000 6.00000 17.00000 16.00000 8.00000 13.00000 17.00000 20.00000 2.00000 17.00000 16.00000 18.00000 21.00000 18.00000 22.00000 18.00000 11.00000 19.00000 10.00000 32.00000 28.00000 8.00000 18.00000 17.00000 13.00000 10.00000 16.00000 19.00000 17.00000 32.00000 5.00000
10.00000 33.00000 14.00000 30.00000 20.00000 19.00000 16.00000 23.00000 17.00000 13.00000 19.00000 7.00000 5.00000 10.00000 6.00000 33.00000 10.00000 22.00000 22.00000 16.00000 22.00000 7.00000 0.00000 13.00000 22.00000 18.00000 21.00000 23.00000 14.00000 31.00000 22.00000 16.00000 20.00000 15.00000 10.00000 12.00000 10.00000 20.00000 9.00000 11.00000 11.00000 20.00000 23.00000 11.00000 7.00000 20.00000 17.00000 7.00000 14.00000 17.00000 4.00000 13.00000 17.00000 20.00000 8.00000 18.00000 14.00000 19.00000 21.00000 22.00000 22.00000 19.00000 12.00000 23.00000 5.00000 31.00000 32.00000 11.00000 19.00000 18.00000 10.00000 10.00000 17.00000 20.00000 19.00000 31.00000 10.00000
15.00000 39.00000 10.00000 39.00000 9.00000 12.00000 11.00000 16.00000 7.00000 4.00000 15.00000 12.00000 14.00000 19.00000 16.00000 40.00000 20.00000 13.00000 26.00000 25.00000 15.00000 13.00000 13.00000 0.00000 11.00000 7.00000 10.00000 14.00000 12.00000 41.00000 15.00000 14.00000 30.00000 12.00000 15.00000 21.00000 12.00000 14.00000 19.00000 13.00000 14.00000 13.00000 15.00000 20.00000 12.00000 13.00000 6.00000 9.00000 9.00000 14.00000 11.00000 5.00000 8.00000 9.00000 14.00000 12.00000 5.00000 8.00000 11.00000 26.00000 11.00000 8.00000 10.00000 28.00000 10.00000 40.00000 37.00000 15.00000 14.00000 16.00000 20.00000 8.00000 11.00000 13.00000 12.00000 40.00000 15.00000
21.00000 45.00000 16.00000 45.00000 9.00000 12.00000 11.00000 17.00000 5.00000 10.00000 17.00000 18.00000 20.00000 25.00000 21.00000 46.00000 24.00000 13.00000 32.00000 31.00000 15.00000 19.00000 19.00000 8.00000 0.00000 6.00000 10.00000 14.00000 17.00000 47.00000 15.00000 17.00000 36.00000 16.00000 21.00000 27.00000 19.00000 16.00000 23.00000 19.00000 20.00000 14.00000 16.00000 24.00000 18.00000 13.00000 6.00000 15.00000 11.00000 17.00000 17.00000 12.00000 11.00000 8.00000 20.00000 12.00000 7.00000 10.00000 11.00000 32.00000 2.00000 10.00000 16.00000 34.00000 16.00000 46.00000 43.00000 21.00000 16.00000 19.00000 26.00000 14.00000 14.00000 15.00000 14.00000 46.00000 21.00000
19.00000 42.00000 11.00000 42.00000 4.00000 7.00000 12.00000 12.00000 3.00000 8.00000 12.00000 17.00000 20.00000 25.00000 20.00000 43.00000 23.00000 8.00000 29.00000 31.00000 10.00000 19.00000 18.00000 8.00000 4.00000 0.00000 6.00000 9.00000 12.00000 44.00000 10.00000 12.00000 35.00000 11.00000 19.00000 26.00000 16.00000 11.00000 22.00000 16.00000 17.00000 9.00000 11.00000 23.00000 16.00000 8.00000 4.00000 15.00000 12.00000 12.00000 16.00000 8.00000 6.00000 3.00000 20.00000 7.00000 8.00000 5.00000 6.00000 30.00000 4.00000 5.00000 12.00000 31.00000 15.00000 43.00000 40.00000 18.00000 11.00000 14.00000 25.00000 12.00000 9.00000 10.00000 9.00000 43.00000 19.00000
22.00000 45.00000 14.00000 45.00000 3.00000 8.00000 15.00000 9.00000 8.00000 12.00000 13.00000 20.00000 23.00000 28.00000 23.00000 46.00000 26.00000 5.00000 33.00000 34.00000 7.00000 22.00000 22.00000 12.00000 7.00000 7.00000 0.00000 6.00000 13.00000 47.00000 9.00000 13.00000 38.00000 12.00000 22.00000 30.00000 19.00000 11.00000 25.00000 19.00000 20.00000 9.00000 8.00000 26.00000 20.00000 9.00000 9.00000 18.00000 15.00000 13.00000 19.00000 12.00000 9.00000 5.00000 23.00000 7.00000 11.00000 8.00000 4.00000 33.00000 7.00000 7.00000 14.00000 34.00000 18.00000 46.00000 43.00000 21.00000 13.00000 15.00000 28.00000 16.00000 11.00000 11.00000 11.00000 46.00000 22.00000
21.00000 43.00000 13.00000 43.00000 8.00000 7.00000 19.00000 4.00000 12.00000 16.00000 9.00000 19.00000 23.00000 29.00000 28.00000 44.00000 30.00000 2.00000 31.00000 34.00000 3.00000 22.00000 24.00000 16.00000 11.00000 11.00000 7.00000 0.00000 12.00000 44.00000 5.00000 12.00000 39.00000 11.00000 21.00000 31.00000 17.00000 7.00000 29.00000 18.00000 19.00000 6.00000 4.00000 30.00000 19.00000 7.00000 13.00000 20.00000 19.00000 12.00000 21.00000 16.00000 12.00000 9.00000 23.00000 5.00000 15.00000 10.00000 9.00000 31.00000 11.00000 9.00000 13.00000 33.00000 21.00000 44.00000 40.00000 20.00000 9.00000 13.00000 30.00000 15.00000 9.00000 10.00000 9.00000 44.00000 21.00000
12.00000 35.00000 4.00000 36.00000 11.00000 7.00000 19.00000 12.00000 14.00000 10.00000 8.00000 11.00000 15.00000 21.00000 19.00000 36.00000 22.00000 11.00000 23.00000 25.00000 11.00000 13.00000 16.00000 11.00000 13.00000 12.00000 13.00000 11.00000 0.00000 37.00000 10.00000 5.00000 30.00000 3.00000 12.00000 23.00000 9.00000 8.00000 21.00000 10.00000 10.00000 9.00000 11.00000 23.00000 10.00000 8.00000 14.00000 11.00000 18.00000 6.00000 13.00000 9.00000 9.00000 11.00000 14.00000 7.00000 15.00000 8.00000 13.00000 23.00000 13.00000 8.00000 4.00000 24.00000 12.00000 36.00000 33.00000 11.00000 8.00000 7.00000 21.00000 7.00000 6.00000 9.00000 7.00000 36.00000 12.00000
32.00000 4.00000 36.00000 3.00000 45.00000 41.00000 42.00000 42.00000 43.00000 39.00000 39.00000 31.00000 28.00000 23.00000 30.00000 5.00000 27.00000 43.00000 17.00000 18.00000 42.00000 32.00000 31.00000 39.00000 47.00000 43.00000 47.00000 44.00000 37.00000 0.00000 42.00000 39.00000 15.00000 37.00000 32.00000 20.00000 31.00000 42.00000 27.00000 32.00000 32.00000 43.00000 41.00000 27.00000 30.00000 42.00000 42.00000 33.00000 40.00000 39.00000 30.00000 38.00000 41.00000 45.00000 33.00000 41.00000 40.00000 42.00000 47.00000 18.00000 47.00000 42.00000 35.00000 17.00000 33.00000 2.00000 8.00000 32.00000 41.00000 37.00000 27.00000 35.00000 40.00000 43.00000 41.00000 4.00000 32.00000
19.00000 41.00000 12.00000 41.00000 10.00000 5.00000 20.00000 4.00000 13.00000 15.00000 7.00000 18.00000 22.00000 28.00000 27.00000 42.00000 29.00000 5.00000 30.00000 33.00000 4.00000 21.00000 23.00000 15.00000 12.00000 11.00000 10.00000 5.00000 11.00000 42.00000 0.00000 11.00000 38.00000 10.00000 19.00000 30.00000 16.00000 5.00000 28.00000 17.00000 18.00000 3.00000 3.00000 30.00000 18.00000 5.00000 13.00000 18.00000 19.00000 9.00000 20.00000 15.00000 10.00000 10.00000 22.00000 5.00000 15.00000 9.00000 11.00000 30.00000 12.00000 7.00000 12.00000 31.00000 20.00000 42.00000 38.00000 18.00000 7.00000 10.00000 29.00000 14.00000 8.00000 6.00000 5.00000 42.00000 19.00000
14.00000 38.00000 6.00000 38.00000 11.00000 7.00000 21.00000 11.00000 13.00000 12.00000 6.00000 13.00000 17.00000 23.00000 21.00000 39.00000 24.00000 10.00000 25.00000 27.00000 10.00000 16.00000 18.00000 14.00000 13.00000 11.00000 12.00000 11.00000 5.00000 39.00000 10.00000 0.00000 32.00000 5.00000 14.00000 25.00000 11.00000 8.00000 23.00000 12.00000 13.00000 8.00000 11.00000 25.00000 12.00000 8.00000 13.00000 13.00000 19.00000 4.00000 15.00000 12.00000 9.00000 11.00000 16.00000 7.00000 15.00000 8.00000 12.00000 25.00000 13.00000 7.00000 7.00000 26.00000 14.00000 38.00000 35.00000 13.00000 7.00000 7.00000 23.00000 9.00000 5.00000 9.00000 7.00000 38.00000 14.00000
24.00000 16.00000 29.00000 13.00000 35.00000 34.00000 31.00000 38.00000 32.00000 28.00000 34.00000 22.00000 17.00000 12.00000 19.00000 17.00000 16.00000 37.00000 24.00000 7.00000 37.00000 21.00000 20.00000 28.00000 36.00000 33.00000 36.00000 38.00000 29.00000 15.00000 37.00000 31.00000 0.00000 29.00000 24.00000 10.00000 25.00000 34.00000 16.00000 26.00000 26.00000 35.00000 37.00000 16.00000 22.00000 35.00000 32.00000 22.00000 29.00000 32.00000 19.00000 28.00000 32.00000 35.00000 22.00000 33.00000 29.00000 34.00000 36.00000 9.00000 37.00000 34.00000 27.00000 26.00000 22.00000 15.00000 19.00000 26.00000 34.00000 33.00000 17.00000 25.00000 32.00000 35.00000 34.00000 15.00000 24.00000
12.00000 35.00000 4.00000 35.00000 11.00000 7.00000 18.00000 11.00000 13.00000 10.00000 7.00000 10.00000 15.00000 20.00000 19.00000 36.00000 21.00000 10.00000 22.00000 25.00000 10.00000 13.00000 15.00000 11.00000 13.00000 11.00000 12.00000 11.00000 3.00000 36.00000 10.00000 4.00000 30.00000 0.00000 12.00000 22.00000 8.00000 8.00000 20.00000 9.00000 10.00000 8.00000 11.00000 22.00000 10.00000 8.00000 13.00000 11.00000 18.00000 5.00000 12.00000 9.00000 9.00000 11.00000 14.00000 7.00000 15.00000 8.00000 12.00000 22.00000 13.00000 7.00000 4.00000 24.00000 12.00000 36.00000 33.00000 11.00000 8.00000 7.00000 21.00000 6.00000 5.00000 8.00000 7.00000 36.00000 12.00000
0.00000 30.00000 12.00000 30.00000 21.00000 17.00000 20.00000 21.00000 19.00000 14.00000 17.00000 4.00000 9.00000 15.00000 13.00000 31.00000 16.00000 20.00000 17.00000 20.00000 20.00000 5.00000 10.00000 15.00000 23.00000 19.00000 22.00000 21.00000 12.00000 32.00000 20.00000 15.00000 25.00000 13.00000 0.00000 17.00000 7.00000 18.00000 15.00000 8.00000 8.00000 18.00000 21.00000 17.00000 5.00000 18.00000 18.00000 9.00000 20.00000 15.00000 10.00000 14.00000 17.00000 21.00000 4.00000 17.00000 18.00000 18.00000 22.00000 17.00000 23.00000 17.00000 10.00000 19.00000 12.00000 31.00000 28.00000 8.00000 18.00000 16.00000 15.00000 10.00000 15.00000 19.00000 17.00000 31.00000 0.00000
16.00000 22.00000 21.00000 19.00000 27.00000 26.00000 23.00000 30.00000 25.00000 20.00000 26.00000 14.00000 9.00000 10.00000 10.00000 22.00000 10.00000 29.00000 21.00000 5.00000 29.00000 13.00000 12.00000 20.00000 29.00000 25.00000 28.00000 30.00000 21.00000 20.00000 29.00000 23.00000 10.00000 22.00000 16.00000 0.00000 17.00000 27.00000 10.00000 18.00000 18.00000 27.00000 30.00000 11.00000 14.00000 27.00000 24.00000 14.00000 20.00000 24.00000 11.00000 20.00000 25.00000 27.00000 14.00000 26.00000 21.00000 26.00000 28.00000 11.00000 29.00000 26.00000 19.00000 22.00000 14.00000 20.00000 24.00000 18.00000 27.00000 25.00000 8.00000 17.00000 24.00000 27.00000 26.00000 20.00000 16.00000
7.00000 30.00000 8.00000 30.00000 17.00000 13.00000 19.00000 18.00000 15.00000 11.00000 14.00000 5.00000 10.00000 16.00000 14.00000 31.00000 16.00000 16.00000 17.00000 20.00000 17.00000 8.00000 11.00000 12.00000 19.00000 15.00000 18.00000 17.00000 9.00000 32.00000 16.00000 11.00000 25.00000 9.00000 7.00000 18.00000 0.00000 14.00000 15.00000 2.00000 4.00000 15.00000 17.00000 17.00000 5.00000 14.00000 14.00000 7.00000 18.00000 12.00000 9.00000 10.00000 13.00000 17.00000 9.00000 13.00000 16.00000 14.00000 19.00000 17.00000 19.00000 14.00000 7.00000 19.00000 11.00000 31.00000 28.00000 4.00000 14.00000 13.00000 16.00000 7.00000 12.00000 15.00000 13.00000 31.00000 7.00000
17.00000 40.00000 10.00000 40.00000 11.00000 7.00000 20.00000 5.00000 13.00000 14.00000 3.00000 16.00000 20.00000 26.00000 25.00000 41.00000 27.00000 6.00000 28.00000 30.00000 5.00000 19.00000 21.00000 15.00000 13.00000 11.00000 12.00000 7.00000 9.00000 41.00000 5.00000 8.00000 36.00000 8.00000 17.00000 28.00000 14.00000 0.00000 26.00000 15.00000 16.00000 6.00000 4.00000 28.00000 16.00000 8.00000 13.00000 16.00000 19.00000 6.00000 18.00000 13.00000 8.00000 11.00000 20.00000 6.00000 15.00000 8.00000 12.00000 28.00000 13.00000 7.00000 10.00000 29.00000 18.00000 41.00000 37.00000 16.00000 4.00000 7.00000 27.00000 12.00000 6.00000 6.00000 4.00000 41.00000 17.00000
13.00000 28.00000 18.00000 25.00000 24.00000 23.00000 19.00000 28.00000 22.00000 18.00000 24.00000 12.00000 7.00000 5.00000 6.00000 28.00000 5.00000 27.00000 26.00000 12.00000 27.00000 11.00000 8.00000 17.00000 26.00000 22.00000 25.00000 27.00000 19.00000 26.00000 26.00000 21.00000 15.00000 19.00000 13.00000 8.00000 15.00000 24.00000 0.00000 16.00000 16.00000 25.00000 27.00000 6.00000 11.00000 24.00000 21.00000 12.00000 16.00000 22.00000 9.00000 17.00000 22.00000 24.00000 12.00000 23.00000 18.00000 23.00000 26.00000 18.00000 26.00000 23.00000 17.00000 27.00000 11.00000 27.00000 31.00000 16.00000 24.00000 23.00000 7.00000 15.00000 22.00000 25.00000 23.00000 27.00000 13.00000
7.00000 31.00000 9.00000 31.00000 18.00000 14.00000 19.00000 18.00000 16.00000 11.00000 14.00000 6.00000 10.00000 16.00000 15.00000 32.00000 17.00000 17.00000 18.00000 20.00000 18.00000 9.00000 11.00000 13.00000 20.00000 16.00000 19.00000 18.00000 9.00000 32.00000 17.00000 12.00000 26.00000 10.00000 7.00000 18.00000 1.00000 15.00000 16.00000 0.00000 4.00000 15.00000 18.00000 18.00000 6.00000 15.00000 15.00000 7.00000 19.00000 13.00000 9.00000 11.00000 14.00000 18.00000 10.00000 14.00000 17.00000 15.00000 19.00000 18.00000 20.00000 14.00000 7.00000 19.00000 11.00000 32.00000 28.00000 5.00000 15.00000 13.00000 17.00000 8.00000 12.00000 16.00000 14.00000 32.00000 7.00000
7.00000 31.00000 10.00000 31.00000 19.00000 15.00000 19.00000 19.00000 17.00000 12.00000 15.00000 6.00000 10.00000 16.00000 15.00000 32.00000 17.00000 18.00000 18.00000 20.00000 18.00000 9.00000 11.00000 14.00000 20.00000 17.00000 20.00000 19.00000 10.00000 32.00000 18.00000 12.00000 26.00000 11.00000 7.00000 18.00000 4.00000 16.00000 16.00000 4.00000 0.00000 16.00000 19.00000 18.00000 6.00000 16.00000 16.00000 7.00000 19.00000 13.00000 9.00000 12.00000 14.00000 19.00000 10.00000 14.00000 17.00000 16.00000 20.00000 18.00000 21.00000 15.00000 8.00000 19.00000 11.00000 32.00000 28.00000 1.00000 15.00000 14.00000 17.00000 8.00000 13.00000 16.00000 15.00000 32.00000 7.00000
18.00000 41.00000 10.00000 41.00000 9.00000 3.00000 18.00000 5.00000 11.00000 14.00000 7.00000 16.00000 21.00000 27.00000 25.00000 42.00000 28.00000 6.00000 29.00000 31.00000 5.00000 19.00000 22.00000 14.00000 10.00000 10.00000 9.00000 6.00000 9.00000 43.00000 3.00000 9.00000 36.00000 8.00000 18.00000 29.00000 15.00000 6.00000 27.00000 15.00000 16.00000 0.00000 5.00000 28.00000 16.00000 5.00000 12.00000 17.00000 18.00000 7.00000 19.00000 13.00000 9.00000 9.00000 20.00000 4.00000 14.00000 7.00000 10.00000 29.00000 11.00000 6.00000 10.00000 30.00000 18.00000 42.00000 39.00000 17.00000 6.00000 9.00000 27.00000 13.00000 7.00000 5.00000 4.00000 42.00000 18.00000
20.00000 40.00000 13.00000 40.00000 10.00000 7.00000 21.00000 2.00000 14.00000 16.00000 7.00000 19.00000 23.00000 29.00000 27.00000 41.00000 30.00000 4.00000 31.00000 33.00000 3.00000 22.00000 24.00000 16.00000 13.00000 12.00000 9.00000 4.00000 12.00000 41.00000 3.00000 12.00000 39.00000 11.00000 20.00000 31.00000 17.00000 4.00000 29.00000 18.00000 19.00000 4.00000 0.00000 31.00000 19.00000 6.00000 14.00000 19.00000 20.00000 9.00000 21.00000 15.00000 11.00000 11.00000 23.00000 5.00000 16.00000 10.00000 11.00000 31.00000 13.00000 8.00000 13.00000 31.00000 20.00000 41.00000 38.00000 19.00000 7.00000 11.00000 30.00000 15.00000 9.00000 7.00000 6.00000 41.00000 20.00000
17.00000 30.00000 22.00000 27.00000 26.00000 27.00000 20.00000 31.00000 23.00000 21.00000 27.00000 15.00000 11.00000 7.00000 9.00000 30.00000 2.00000 29.00000 29.00000 16.00000 30.00000 14.00000 11.00000 19.00000 27.00000 24.00000 27.00000 30.00000 22.00000 28.00000 30.00000 25.00000 18.00000 23.00000 17.00000 11.00000 19.00000 28.00000 4.00000 19.00000 19.00000 28.00000 31.00000 0.00000 15.00000 28.00000 23.00000 15.00000 17.00000 25.00000 12.00000 21.00000 25.00000 25.00000 15.00000 27.00000 19.00000 25.00000 27.00000 22.00000 27.00000 25.00000 20.00000 30.00000 15.00000 29.00000 33.00000 19.00000 28.00000 26.00000 11.00000 18.00000 25.00000 29.00000 27.00000 29.00000 17.00000
5.00000 29.00000 10.00000 29.00000 17.00000 15.00000 17.00000 20.00000 15.00000 11.00000 16.00000 2.00000 7.00000 13.00000 12.00000 30.00000 14.00000 18.00000 17.00000 19.00000 19.00000 6.00000 8.00000 12.00000 19.00000 15.00000 18.00000 19.00000 11.00000 31.00000 18.00000 13.00000 24.00000 11.00000 5.00000 15.00000 5.00000 16.00000 13.00000 6.00000 6.00000 16.00000 19.00000 15.00000 0.00000 16.00000 14.00000 5.00000 17.00000 14.00000 7.00000 10.00000 15.00000 17.00000 6.00000 15.00000 15.00000 16.00000 19.00000 17.00000 19.00000 16.00000 8.00000 18.00000 9.00000 30.00000 27.00000 6.00000 16.00000 15.00000 14.00000 7.00000 14.00000 17.00000 15.00000 30.00000 5.00000
17.00000 41.00000 10.00000 41.00000 8.00000 4.00000 18.00000 7.00000 11.00000 14.00000 9.00000 16.00000 20.00000 26.00000 25.00000 42.00000 27.00000 6.00000 28.00000 31.00000 6.00000 19.00000 21.00000 14.00000 10.00000 9.00000 9.00000 6.00000 9.00000 42.00000 5.00000 9.00000 36.00000 8.00000 17.00000 28.00000 14.00000 8.00000 26.00000 15.00000 16.00000 5.00000 6.00000 28.00000 16.00000 0.00000 12.00000 17.00000 18.00000 9.00000 18.00000 13.00000 9.00000 8.00000 20.00000 3.00000 13.00000 7.00000 10.00000 28.00000 10.00000 6.00000 10.00000 29.00000 18.00000 42.00000 38.00000 16.00000 8.00000 11.00000 27.00000 12.00000 6.00000 7.00000 6.00000 42.00000 17.00000
19.00000 43.00000 13.00000 43.00000 7.00000 10.00000 11.00000 14.00000 2.00000 6.00000 14.00000 16.00000 19.00000 23.00000 19.00000 43.00000 22.00000 11.00000 30.00000 29.00000 12.00000 18.00000 17.00000 7.00000 7.00000 4.00000 8.00000 12.00000 14.00000 44.00000 13.00000 14.00000 34.00000 13.00000 19.00000 25.00000 16.00000 13.00000 21.00000 17.00000 18.00000 11.00000 14.00000 22.00000 15.00000 11.00000 0.00000 14.00000 11.00000 14.00000 15.00000 8.00000 8.00000 5.00000 18.00000 9.00000 7.00000 8.00000 8.00000 30.00000 7.00000 7.00000 13.00000 31.00000 14.00000 43.00000 40.00000 18.00000 13.00000 16.00000 24.00000 12.00000 11.00000 12.00000 11.00000 43.00000 19.00000
8.00000 32.00000 10.00000 32.00000 16.00000 15.00000 14.00000 19.00000 14.00000 9.00000 15.00000 5.00000 7.00000 13.00000 11.00000 33.00000 14.00000 18.00000 19.00000 19.00000 18.00000 6.00000 8.00000 10.00000 18.00000 14.00000 17.00000 19.00000 10.00000 33.00000 18.00000 12.00000 23.00000 11.00000 8.00000 15.00000 8.00000 16.00000 13.00000 9.00000 9.00000 16.00000 19.00000 14.00000 4.00000 16.00000 13.00000 0.00000 14.00000 13.00000 5.00000 9.00000 14.00000 16.00000 7.00000 15.00000 12.00000 15.00000 17.00000 19.00000 18.00000 15.00000 8.00000 21.00000 6.00000 33.00000 30.00000 9.00000 16.00000 14.00000 13.00000 6.00000 13.00000 16.00000 15.00000 33.00000 8.00000
19.00000 42.00000 17.00000 39.00000 14.00000 17.00000 6.00000 20.00000 10.00000 11.00000 20.00000 16.00000 16.00000 19.00000 14.00000 42.00000 17.00000 17.00000 31.00000 25.00000 19.00000 16.00000 12.00000 8.00000 14.00000 11.00000 15.00000 18.00000 18.00000 40.00000 20.00000 20.00000 29.00000 18.00000 19.00000 20.00000 19.00000 19.00000 16.00000 19.00000 20.00000 18.00000 20.00000 17.00000 16.00000 18.00000 10.00000 14.00000 0.00000 19.00000 12.00000 13.00000 13.00000 12.00000 17.00000 16.00000 6.00000 13.00000 15.00000 31.00000 14.00000 13.00000 16.00000 32.00000 11.00000 40.00000 41.00000 20.00000 19.00000 22.00000 20.00000 14.00000 16.00000 17.00000 17.00000 40.00000 19.00000
15.00000 38.00000 7.00000 38.00000 12.00000 8.00000 21.00000 10.00000 14.00000 13.00000 4.00000 14.00000 18.00000 24.00000 22.00000 39.00000 25.00000 11.00000 26.00000 28.00000 11.00000 17.00000 19.00000 15.00000 13.00000 12.00000 13.00000 12.00000 6.00000 39.00000 9.00000 4.00000 33.00000 6.00000 15.00000 26.00000 12.00000 6.00000 24.00000 13.00000 14.00000 8.00000 9.00000 26.00000 13.00000 9.00000 14.00000 14.00000 20.00000 0.00000 16.00000 13.00000 9.00000 12.00000 17.00000 7.00000 16.00000 8.00000 13.00000 26.00000 14.00000 8.00000 8.00000 27.00000 15.00000 39.00000 35.00000 14.00000 4.00000 5.00000 24.00000 10.00000 6.00000 7.00000 5.00000 39.00000 15.00000
10.00000 33.00000 13.00000 30.00000 19.00000 18.00000 15.00000 22.00000 17.00000 12.00000 18.00000 7.00000 7.00000 10.00000 8.00000 33.00000 11.00000 21.00000 22.00000 16.00000 21.00000 8.00000 4.00000 12.00000 21.00000 17.00000 20.00000 22.00000 13.00000 31.00000 21.00000 16.00000 20.00000 14.00000 10.00000 12.00000 10.00000 19.00000 10.00000 11.00000 11.00000 19.00000 22.00000 11.00000 7.00000 19.00000 16.00000 7.00000 14.00000 16.00000 0.00000 12.00000 17.00000 19.00000 8.00000 18.00000 13.00000 18.00000 20.00000 22.00000 21.00000 18.00000 11.00000 23.00000 3.00000 31.00000 32.00000 11.00000 19.00000 17.00000 10.00000 10.00000 16.00000 20.00000 18.00000 31.00000 10.00000
13.00000 37.00000 6.00000 37.00000 9.00000 12.00000 14.00000 16.00000 8.00000 3.00000 13.00000 10.00000 14.00000 20.00000 17.00000 38.00000 21.00000 13.00000 24.00000 26.00000 15.00000 13.00000 14.00000 5.00000 11.00000 7.00000 10.00000 14.00000 9.00000 38.00000 15.00000 12.00000 30.00000 9.00000 13.00000 22.00000 10.00000 12.00000 20.00000 11.00000 12.00000 13.00000 14.00000 21.00000 9.00000 13.00000 7.00000 9.00000 13.00000 13.00000 11.00000 0.00000 6.00000 9.00000 14.00000 11.00000 8.00000 8.00000 10.00000 24.00000 11.00000 7.00000 7.00000 25.00000 11.00000 38.00000 34.00000 12.00000 12.00000 14.00000 20.00000 6.00000 9.00000 12.00000 11.00000 38.00000 13.00000
15.00000 39.00000 7.00000 39.00000 7.00000 7.00000 15.00000 11.00000 8.00000 7.00000 9.00000 14.00000 18.00000 24.00000 22.00000 40.00000 25.00000 10.00000 26.00000 29.00000 10.00000 17.00000 19.00000 10.00000 9.00000 6.00000 8.00000 11.00000 9.00000 40.00000 10.00000 9.00000 34.00000 8.00000 15.00000 26.00000 12.00000 8.00000 24.00000 13.00000 14.00000 8.00000 10.00000 25.00000 14.00000 8.00000 8.00000 14.00000 14.00000 9.00000 16.00000 6.00000 0.00000 7.00000 18.00000 7.00000 10.00000 3.00000 8.00000 26.00000 9.00000 2.00000 8.00000 27.00000 16.00000 40.00000 36.00000 14.00000 8.00000 11.00000 25.00000 10.00000 4.00000 8.00000 7.00000 40.00000 15.00000
19.00000 43.00000 12.00000 43.00000 4.00000 7.00000 12.00000 12.00000 4.00000 10.00000 12.00000 18.00000 21.00000 26.00000 22.00000 44.00000 24.00000 8.00000 30.00000 32.00000 10.00000 20.00000 20.00000 10.00000 4.00000 3.00000 6.00000 9.00000 12.00000 44.00000 10.00000 12.00000 36.00000 11.00000 19.00000 28.00000 16.00000 11.00000 23.00000 17.00000 18.00000 9.00000 11.00000 24.00000 17.00000 8.00000 6.00000 16.00000 12.00000 12.00000 17.00000 9.00000 6.00000 0.00000 21.00000 7.00000 8.00000 5.00000 5.00000 30.00000 4.00000 5.00000 13.00000 31.00000 17.00000 44.00000 40.00000 18.00000 11.00000 14.00000 26.00000 14.00000 9.00000 10.00000 9.00000 44.00000 19.00000
4.00000 31.00000 12.00000 31.00000 20.00000 17.00000 18.00000 22.00000 18.00000 14.00000 18.00000 4.00000 8.00000 14.00000 12.00000 31.00000 15.00000 20.00000 18.00000 20.00000 21.00000 2.00000 9.00000 14.00000 22.00000 18.00000 21.00000 21.00000 13.00000 32.00000 20.00000 15.00000 24.00000 13.00000 4.00000 16.00000 7.00000 18.00000 14.00000 8.00000 8.00000 19.00000 21.00000 16.00000 4.00000 18.00000 17.00000 7.00000 18.00000 16.00000 9.00000 13.00000 17.00000 20.00000 0.00000 17.00000 16.00000 18.00000 22.00000 18.00000 22.00000 18.00000 11.00000 19.00000 10.00000 31.00000 28.00000 8.00000 18.00000 17.00000 14.00000 10.00000 16.00000 19.00000 17.00000 31.00000 4.00000
17.00000 41.00000 10.00000 41.00000 7.00000 4.00000 18.00000 5.00000 11.00000 14.00000 9.00000 16.00000 20.00000 26.00000 25.00000 42.00000 27.00000 4.00000 28.00000 30.00000 4.00000 19.00000 21.00000 14.00000 10.00000 9.00000 6.00000 5.00000 9.00000 42.00000 5.00000 9.00000 36.00000 8.00000 17.00000 28.00000 14.00000 7.00000 26.00000 15.00000 16.00000 5.00000 5.00000 28.00000 16.00000 3.00000 12.00000 16.00000 17.00000 9.00000 18.00000 13.00000 9.00000 8.00000 20.00000 0.00000 13.00000 7.00000 8.00000 28.00000 10.00000 5.00000 10.00000 29.00000 18.00000 42.00000 38.00000 16.00000 8.00000 11.00000 27.00000 12.00000 6.00000 7.00000 6.00000 42.00000 17.00000
18.00000 42.00000 14.00000 41.00000 9.00000 12.00000 7.00000 17.00000 5.00000 8.00000 17.00000 15.00000 17.00000 21.00000 16.00000 43.00000 19.00000 13.00000 29.00000 26.00000 15.00000 16.00000 14.00000 6.00000 9.00000 6.00000 10.00000 14.00000 15.00000 42.00000 15.00000 17.00000 31.00000 15.00000 18.00000 22.00000 16.00000 16.00000 18.00000 16.00000 17.00000 13.00000 16.00000 19.00000 15.00000 13.00000 6.00000 12.00000 6.00000 16.00000 12.00000 10.00000 10.00000 8.00000 17.00000 12.00000 0.00000 10.00000 11.00000 30.00000 10.00000 10.00000 13.00000 31.00000 11.00000 42.00000 40.00000 18.00000 16.00000 19.00000 21.00000 11.00000 13.00000 15.00000 14.00000 42.00000 18.00000
16.00000 40.00000 8.00000 40.00000 6.00000 6.00000 15.00000 9.00000 8.00000 9.00000 8.00000 15.00000 19.00000 25.00000 22.00000 41.00000 25.00000 8.00000 27.00000 30.00000 9.00000 18.00000 20.00000 10.00000 7.00000 6.00000 7.00000 10.00000 8.00000 41.00000 9.00000 8.00000 35.00000 7.00000 16.00000 27.00000 13.00000 7.00000 24.00000 14.00000 15.00000 7.00000 8.00000 25.00000 15.00000 7.00000 8.00000 16.00000 14.00000 8.00000 17.00000 8.00000 3.00000 6.00000 19.00000 5.00000 10.00000 0.00000 7.00000 27.00000 8.00000 2.00000 9.00000 29.00000 17.00000 41.00000 37.00000 16.00000 7.00000 10.00000 26.00000 11.00000 4.00000 6.00000 5.00000 41.00000 16.00000
22.00000 46.00000 14.00000 46.00000 2.00000 9.00000 15.00000 11.00000 7.00000 11.00000 14.00000 21.00000 23.00000 28.00000 23.00000 46.00000 26.00000 7.00000 33.00000 34.00000 9.00000 22.00000 21.00000 11.00000 7.00000 7.00000 4.00000 8.00000 14.00000 47.00000 11.00000 14.00000 38.00000 13.00000 22.00000 30.00000 19.00000 13.00000 25.00000 20.00000 21.00000 10.00000 10.00000 26.00000 20.00000 10.00000 9.00000 18.00000 15.00000 14.00000 19.00000 12.00000 9.00000 5.00000 23.00000 8.00000 11.00000 7.00000 0.00000 33.00000 7.00000 7.00000 15.00000 34.00000 18.00000 46.00000 43.00000 21.00000 13.00000 16.00000 28.00000 16.00000 11.00000 12.00000 11.00000 46.00000 22.00000
18.00000 19.00000 23.00000 17.00000 32.00000 28.00000 31.00000 32.00000 29.00000 25.00000 28.00000 17.00000 20.00000 19.00000 21.00000 20.00000 21.00000 31.00000 17.00000 8.00000 31.00000 20.00000 22.00000 26.00000 33.00000 30.00000 33.00000 32.00000 23.00000 18.00000 31.00000 25.00000 9.00000 23.00000 18.00000 11.00000 17.00000 28.00000 20.00000 18.00000 18.00000 29.00000 31.00000 22.00000 17.00000 29.00000 29.00000 19.00000 31.00000 26.00000 22.00000 24.00000 27.00000 31.00000 21.00000 27.00000 29.00000 28.00000 33.00000 0.00000 33.00000 28.00000 21.00000 18.00000 23.00000 18.00000 17.00000 18.00000 28.00000 27.00000 18.00000 21.00000 26.00000 29.00000 28.00000 18.00000 18.00000
22.00000 46.00000 17.00000 46.00000 10.00000 13.00000 11.00000 17.00000 6.00000 11.00000 18.00000 19.00000 21.00000 26.00000 22.00000 47.00000 24.00000 14.00000 33.00000 32.00000 16.00000 20.00000 20.00000 9.00000 1.00000 7.00000 11.00000 15.00000 17.00000 47.00000 16.00000 18.00000 36.00000 16.00000 22.00000 28.00000 19.00000 17.00000 23.00000 20.00000 21.00000 14.00000 17.00000 24.00000 18.00000 14.00000 6.00000 16.00000 12.00000 17.00000 17.00000 13.00000 11.00000 8.00000 20.00000 13.00000 8.00000 11.00000 11.00000 33.00000 0.00000 11.00000 17.00000 34.00000 17.00000 47.00000 43.00000 21.00000 17.00000 20.00000 26.00000 15.00000 14.00000 16.00000 15.00000 47.00000 22.00000
18.00000 41.00000 9.00000 41.00000 6.00000 7.00000 15.00000 11.00000 8.00000 9.00000 10.00000 17.00000 21.00000 26.00000 22.00000 42.00000 25.00000 9.00000 29.00000 31.00000 11.00000 19.00000 20.00000 10.00000 7.00000 6.00000 7.00000 10.00000 10.00000 43.00000 10.00000 10.00000 36.00000 9.00000 18.00000 28.00000 15.00000 9.00000 24.00000 16.00000 16.00000 9.00000 10.00000 25.00000 16.00000 8.00000 8.00000 16.00000 14.00000 10.00000 18.00000 8.00000 4.00000 6.00000 20.00000 7.00000 10.00000 3.00000 7.00000 29.00000 8.00000 0.00000 10.00000 30.00000 17.00000 42.00000 39.00000 17.00000 9.00000 12.00000 27.00000 13.00000 7.00000 8.00000 7.00000 42.00000 18.00000
10.00000 33.00000 4.00000 33.00000 13.00000 9.00000 17.00000 13.00000 13.00000 9.00000 9.00000 8.00000 13.00000 19.00000 17.00000 34.00000 20.00000 12.00000 20.00000 23.00000 12.00000 11.00000 14.00000 10.00000 15.00000 13.00000 14.00000 13.00000 4.00000 35.00000 12.00000 7.00000 28.00000 5.00000 10.00000 21.00000 7.00000 10.00000 19.00000 7.00000 8.00000 10.00000 13.00000 20.00000 8.00000 10.00000 12.00000 10.00000 17.00000 8.00000 12.00000 8.00000 8.00000 13.00000 12.00000 9.00000 14.00000 10.00000 15.00000 21.00000 15.00000 9.00000 0.00000 22.00000 11.00000 34.00000 31.00000 9.00000 10.00000 8.00000 19.00000 6.00000 7.00000 11.00000 9.00000 34.00000 10.00000
19.00000 16.00000 24.00000 16.00000 33.00000 28.00000 32.00000 32.00000 30.00000 26.00000 29.00000 18.00000 22.00000 28.00000 27.00000 17.00000 29.00000 32.00000 2.00000 21.00000 32.00000 21.00000 23.00000 27.00000 34.00000 31.00000 34.00000 33.00000 24.00000 17.00000 31.00000 26.00000 26.00000 24.00000 19.00000 23.00000 18.00000 29.00000 28.00000 19.00000 19.00000 30.00000 31.00000 30.00000 18.00000 30.00000 30.00000 20.00000 32.00000 27.00000 23.00000 25.00000 28.00000 32.00000 22.00000 28.00000 30.00000 29.00000 34.00000 19.00000 34.00000 29.00000 22.00000 0.00000 24.00000 17.00000 13.00000 19.00000 29.00000 28.00000 29.00000 22.00000 27.00000 30.00000 28.00000 17.00000 19.00000
9.00000 33.00000 10.00000 30.00000 16.00000 15.00000 12.00000 20.00000 14.00000 10.00000 16.00000 6.00000 7.00000 10.00000 9.00000 34.00000 11.00000 18.00000 21.00000 16.00000 19.00000 7.00000 5.00000 9.00000 18.00000 14.00000 18.00000 19.00000 11.00000 32.00000 18.00000 13.00000 21.00000 11.00000 9.00000 12.00000 9.00000 16.00000 10.00000 10.00000 10.00000 17.00000 19.00000 12.00000 6.00000 16.00000 13.00000 4.00000 12.00000 14.00000 2.00000 9.00000 14.00000 16.00000 7.00000 15.00000 10.00000 15.00000 18.00000 21.00000 18.00000 15.00000 9.00000 22.00000 0.00000 32.00000 31.00000 10.00000 16.00000 15.00000 11.00000 7.00000 14.00000 17.00000 15.00000 32.00000 9.00000
32.00000 3.00000 36.00000 4.00000 45.00000 41.00000 42.00000 41.00000 43.00000 38.00000 39.00000 30.00000 28.00000 23.00000 30.00000 4.00000 27.00000 43.00000 17.00000 17.00000 42.00000 32.00000 31.00000 39.00000 47.00000 43.00000 46.00000 43.00000 36.00000 2.00000 42.00000 39.00000 15.00000 37.00000 32.00000 20.00000 31.00000 42.00000 27.00000 32.00000 32.00000 42.00000 40.00000 27.00000 30.00000 42.00000 42.00000 33.00000 40.00000 39.00000 30.00000 38.00000 41.00000 45.00000 33.00000 41.00000 40.00000 42.00000 47.00000 18.00000 47.00000 41.00000 34.00000 17.00000 32.00000 0.00000 8.00000 32.00000 40.00000 37.00000 27.00000 35.00000 40.00000 43.00000 41.00000 4.00000 32.00000
28.00000 7.00000 32.00000 7.00000 41.00000 37.00000 41.00000 37.00000 39.00000 34.00000 35.00000 26.00000 30.00000 28.00000 33.00000 8.00000 32.00000 39.00000 12.00000 21.00000 38.00000 29.00000 31.00000 36.00000 43.00000 39.00000 42.00000 39.00000 32.00000 8.00000 38.00000 34.00000 20.00000 33.00000 28.00000 24.00000 27.00000 37.00000 32.00000 27.00000 28.00000 38.00000 36.00000 32.00000 26.00000 38.00000 38.00000 29.00000 41.00000 35.00000 31.00000 34.00000 36.00000 41.00000 30.00000 37.00000 39.00000 38.00000 42.00000 16.00000 43.00000 37.00000 30.00000 12.00000 33.00000 8.00000 0.00000 28.00000 36.00000 33.00000 31.00000 30.00000 35.00000 38.00000 37.00000 8.00000 28.00000
8.00000 31.00000 10.00000 31.00000 19.00000 15.00000 20.00000 20.00000 17.00000 13.00000 16.00000 6.00000 11.00000 17.00000 15.00000 32.00000 18.00000 18.00000 18.00000 21.00000 19.00000 9.00000 12.00000 14.00000 21.00000 17.00000 20.00000 19.00000 11.00000 33.00000 18.00000 13.00000 26.00000 11.00000 8.00000 19.00000 4.00000 16.00000 17.00000 5.00000 1.00000 16.00000 19.00000 19.00000 6.00000 16.00000 16.00000 8.00000 20.00000 14.00000 10.00000 12.00000 15.00000 19.00000 10.00000 15.00000 18.00000 16.00000 21.00000 18.00000 21.00000 16.00000 8.00000 20.00000 12.00000 32.00000 29.00000 0.00000 16.00000 15.00000 17.00000 9.00000 14.00000 17.00000 15.00000 32.00000 8.00000
17.00000 39.00000 10.00000 39.00000 11.00000 7.00000 20.00000 8.00000 13.00000 14.00000 3.00000 16.00000 20.00000 26.00000 25.00000 40.00000 27.00000 10.00000 28.00000 31.00000 9.00000 19.00000 21.00000 15.00000 13.00000 11.00000 12.00000 10.00000 9.00000 40.00000 8.00000 7.00000 36.00000 8.00000 17.00000 28.00000 14.00000 4.00000 26.00000 15.00000 16.00000 7.00000 7.00000 28.00000 16.00000 8.00000 13.00000 16.00000 19.00000 5.00000 18.00000 13.00000 9.00000 11.00000 20.00000 6.00000 15.00000 8.00000 12.00000 28.00000 13.00000 7.00000 10.00000 29.00000 18.00000 40.00000 37.00000 16.00000 0.00000 6.00000 27.00000 12.00000 6.00000 6.00000 4.00000 40.00000 17.00000
16.00000 36.00000 8.00000 36.00000 14.00000 10.00000 23.00000 12.00000 16.00000 14.00000 5.00000 15.00000 19.00000 25.00000 23.00000 37.00000 26.00000 13.00000 27.00000 29.00000 12.00000 17.00000 20.00000 15.00000 15.00000 14.00000 15.00000 13.00000 7.00000 37.00000 11.00000 7.00000 34.00000 7.00000 16.00000 27.00000 13.00000 7.00000 25.00000 14.00000 14.00000 9.00000 11.00000 27.00000 14.00000 11.00000 16.00000 15.00000 22.00000 5.00000 17.00000 13.00000 11.00000 14.00000 18.00000 9.00000 18.00000 10.00000 15.00000 27.00000 16.00000 10.00000 8.00000 27.00000 16.00000 37.00000 33.00000 15.00000 6.00000 0.00000 25.00000 11.00000 9.00000 9.00000 7.00000 37.00000 16.00000
14.00000 29.00000 19.00000 26.00000 25.00000 24.00000 21.00000 28.00000 22.00000 18.00000 24.00000 12.00000 7.00000 10.00000 10.00000 29.00000 10.00000 27.00000 26.00000 12.00000 27.00000 11.00000 10.00000 18.00000 27.00000 23.00000 26.00000 28.00000 19.00000 27.00000 27.00000 21.00000 17.00000 20.00000 14.00000 8.00000 15.00000 25.00000 9.00000 16.00000 16.00000 25.00000 28.00000 11.00000 12.00000 25.00000 22.00000 12.00000 20.00000 22.00000 9.00000 18.00000 23.00000 25.00000 12.00000 24.00000 19.00000 24.00000 26.00000 18.00000 27.00000 24.00000 17.00000 27.00000 12.00000 28.00000 32.00000 16.00000 25.00000 23.00000 0.00000 15.00000 22.00000 25.00000 24.00000 28.00000 14.00000
10.00000 34.00000 6.00000 34.00000 13.00000 11.00000 15.00000 16.00000 11.00000 6.00000 12.00000 7.00000 11.00000 16.00000 15.00000 34.00000 17.00000 15.00000 21.00000 23.00000 15.00000 10.00000 12.00000 8.00000 15.00000 11.00000 14.00000 15.00000 7.00000 35.00000 14.00000 9.00000 27.00000 7.00000 10.00000 18.00000 7.00000 12.00000 16.00000 8.00000 9.00000 13.00000 15.00000 18.00000 6.00000 12.00000 10.00000 6.00000 15.00000 10.00000 9.00000 6.00000 10.00000 13.00000 10.00000 11.00000 12.00000 12.00000 14.00000 21.00000 15.00000 12.00000 5.00000 22.00000 8.00000 34.00000 31.00000 9.00000 12.00000 11.00000 17.00000 0.00000 10.00000 13.00000 11.00000 34.00000 10.00000
15.00000 39.00000 7.00000 39.00000 9.00000 5.00000 18.00000 10.00000 11.00000 11.00000 7.00000 14.00000 18.00000 24.00000 22.00000 39.00000 25.00000 9.00000 26.00000 28.00000 9.00000 16.00000 19.00000 13.00000 11.00000 9.00000 10.00000 9.00000 6.00000 40.00000 8.00000 7.00000 33.00000 5.00000 15.00000 26.00000 12.00000 6.00000 24.00000 13.00000 13.00000 7.00000 9.00000 26.00000 13.00000 6.00000 11.00000 14.00000 17.00000 6.00000 16.00000 9.00000 5.00000 9.00000 17.00000 5.00000 13.00000 4.00000 10.00000 26.00000 11.00000 5.00000 8.00000 27.00000 15.00000 39.00000 36.00000 14.00000 6.00000 9.00000 24.00000 10.00000 0.00000 7.00000 5.00000 39.00000 15.00000
19.00000 40.00000 11.00000 40.00000 12.00000 8.00000 22.00000 6.00000 14.00000 16.00000 5.00000 18.00000 22.00000 28.00000 26.00000 41.00000 29.00000 7.00000 30.00000 32.00000 6.00000 21.00000 23.00000 16.00000 14.00000 12.00000 13.00000 7.00000 10.00000 42.00000 6.00000 10.00000 37.00000 9.00000 19.00000 30.00000 16.00000 4.00000 28.00000 17.00000 18.00000 7.00000 5.00000 30.00000 17.00000 9.00000 14.00000 18.00000 20.00000 8.00000 20.00000 15.00000 10.00000 12.00000 21.00000 8.00000 16.00000 9.00000 13.00000 30.00000 14.00000 8.00000 12.00000 31.00000 19.00000 41.00000 38.00000 18.00000 5.00000 9.00000 28.00000 14.00000 8.00000 0.00000 5.00000 41.00000 19.00000
16.00000 39.00000 8.00000 39.00000 9.00000 5.00000 19.00000 6.00000 11.00000 13.00000 4.00000 15.00000 19.00000 25.00000 23.00000 40.00000 26.00000 8.00000 27.00000 29.00000 7.00000 18.00000 20.00000 14.00000 11.00000 9.00000 10.00000 8.00000 8.00000 41.00000 5.00000 7.00000 35.00000 7.00000 16.00000 27.00000 13.00000 3.00000 25.00000 14.00000 15.00000 4.00000 5.00000 27.00000 15.00000 6.00000 11.00000 15.00000 17.00000 5.00000 17.00000 12.00000 7.00000 9.00000 19.00000 5.00000 13.00000 6.00000 11.00000 27.00000 11.00000 5.00000 9.00000 28.00000 16.00000 40.00000 37.00000 15.00000 3.00000 6.00000 26.00000 11.00000 5.00000 3.00000 0.00000 40.00000 16.00000
31.00000 3.00000 36.00000 4.00000 45.00000 41.00000 43.00000 41.00000 43.00000 38.00000 39.00000 30.00000 29.00000 24.00000 31.00000 4.00000 28.00000 43.00000 16.00000 19.00000 42.00000 33.00000 32.00000 40.00000 46.00000 43.00000 46.00000 43.00000 36.00000 4.00000 42.00000 38.00000 16.00000 37.00000 31.00000 21.00000 31.00000 41.00000 28.00000 31.00000 31.00000 42.00000 40.00000 28.00000 30.00000 42.00000 42.00000 33.00000 41.00000 39.00000 31.00000 38.00000 40.00000 45.00000 34.00000 40.00000 41.00000 42.00000 46.00000 19.00000 47.00000 41.00000 34.00000 16.00000 34.00000 3.00000 7.00000 32.00000 40.00000 37.00000 28.00000 34.00000 39.00000 42.00000 41.00000 0.00000 31.00000
0.00000 30.00000 12.00000 30.00000 21.00000 17.00000 20.00000 21.00000 19.00000 14.00000 17.00000 4.00000 9.00000 15.00000 13.00000 31.00000 16.00000 20.00000 17.00000 20.00000 20.00000 5.00000 10.00000 15.00000 23.00000 19.00000 22.00000 21.00000 12.00000 32.00000 20.00000 15.00000 25.00000 13.00000 0.00000 17.00000 7.00000 18.00000 15.00000 8.00000 8.00000 18.00000 21.00000 17.00000 5.00000 18.00000 18.00000 9.00000 20.00000 15.00000 10.00000 14.00000 17.00000 21.00000 4.00000 17.00000 18.00000 18.00000 22.00000 17.00000 23.00000 17.00000 10.00000 19.00000 12.00000 31.00000 28.00000 8.00000 18.00000 16.00000 15.00000 10.00000 15.00000 19.00000 17.00000 31.00000 0.00000
p
0.0 0.0 0.0 0.0 0.0 0.0 
0.0 0.0 0.0 0.0 0.0 0.0 
0.0 0.0 0.0 0.0 0.0 0.0 
0.0 0.0 0.0 0.0 0.0 0.0 
0.0 0.0 0.0 0.0 0.0 0.0 
0.0 0.0 0.0 0.0 0.0 0.0 
0.0 0.0 0.0 0.0 0.0 0.0 
0.0 0.0 0.0 0.0 0.0 0.0 
0.0 0.0 0.0 0.0 0.0 0.0 
0.0 0.0 0.0 0.0 0.0 0.0 
0.0 0.0 0.0 0.0 0.0 0.0 
0.0 0.0 0.0 0.0 0.0 0.0 
0.0 0.0 0.0 0.0 0.0 0.0 
0.0 0.0 0.0 0.0 0.0 0.0 
0.0 0.0 0.0 0.0 0.0 0.0 
0 0 0 60 0 0 
0 0 0 60 0 0 
0 0 0 60 0 0 
0 0 0 60 0 0 
0 0 0 60 0 0 
0 0 0 60 0 0 
0 0 0 60 0 0 
0 0 0 60 0 0 
0 0 0 60 0 0 
0 0 0 60 0 0 
0 0 0 60 0 0 
0 0 0 60 0 0 
0 0 0 60 0 0 
0 0 0 60 0 0 
0 0 0 60 0 0 
0 0 0 0 0 47 
0 0 0 0 0 47 
0 0 0 0 0 47 
0 0 0 0 0 47 
0 0 0 0 0 47 
0 0 0 0 0 47 
0 0 0 0 0 47 
0 0 0 0 0 47 
0 0 0 0 0 47 
0 0 0 0 0 47 
0 0 0 0 0 47 
0 0 0 0 0 47 
0 0 0 0 0 47 
0 0 0 0 0 47 
0 0 0 0 0 47 
0 0 0 0 0 18 
0 0 0 0 0 18 
0 0 0 0 0 18 
0 0 0 0 0 18 
0 0 0 0 0 18 
0 0 0 0 0 18 
0 0 0 0 0 18 
0 0 0 0 0 18 
0 0 0 0 0 18 
0 0 0 0 0 18 
0 0 0 0 0 18 
0 0 0 0 0 18 
0 0 0 0 0 18 
0 0 0 0 0 18 
0 0 0 0 0 18 
22 0 0 0 0 51 
22 0 0 0 0 51 
22 0 0 0 0 51 
22 0 0 0 0 51 
22 0 0 0 0 51 
22 0 0 0 0 51 
22 0 0 0 0 51 
22 0 0 0 0 51 
22 0 0 0 0 51 
22 0 0 0 0 51 
22 0 0 0 0 51 
22 0 0 0 0 51 
22 0 0 0 0 51 
22 0 0 0 0 51 
22 0 0 0 0 51 
0 0 0 26 0 0 
0 0 0 26 0 0 
0 0 0 26 0 0 
0 0 0 26 0 0 
0 0 0 26 0 0 
0 0 0 26 0 0 
0 0 0 26 0 0 
0 0 0 26 0 0 
0 0 0 26 0 0 
0 0 0 26 0 0 
0 0 0 26 0 0 
0 0 0 26 0 0 
0 0 0 26 0 0 
0 0 0 26 0 0 
0 0 0 26 0 0 
0 32 0 38 0 0 
0 32 0 38 0 0 
0 32 0 38 0 0 
0 32 0 38 0 0 
0 32 0 38 0 0 
0 32 0 38 0 0 
0 32 0 38 0 0 
0 32 0 38 0 0 
0 32 0 38 0 0 
0 32 0 38 0 0 
0 32 0 38 0 0 
0 32 0 38 0 0 
0 32 0 38 0 0 
0 32 0 38 0 0 
0 32 0 38 0 0 
0 46 0 0 0 0 
0 46 0 0 0 0 
0 46 0 0 0 0 
0 46 0 0 0 0 
0 46 0 0 0 0 
0 46 0 0 0 0 
0 46 0 0 0 0 
0 46 0 0 0 0 
0 46 0 0 0 0 
0 46 0 0 0 0 
0 46 0 0 0 0 
0 46 0 0 0 0 
0 46 0 0 0 0 
0 46 0 0 0 0 
0 46 0 0 0 0 
0 0 0 28 0 0 
0 0 0 28 0 0 
0 0 0 28 0 0 
0 0 0 28 0 0 
0 0 0 28 0 0 
0 0 0 28 0 0 
0 0 0 28 0 0 
0 0 0 28 0 0 
0 0 0 28 0 0 
0 0 0 28 0 0 
0 0 0 28 0 0 
0 0 0 28 0 0 
0 0 0 28 0 0 
0 0 0 28 0 0 
0 0 0 28 0 0 
33 0 0 0 0 48 
33 0 0 0 0 48 
33 0 0 0 0 48 
33 0 0 0 0 48 
33 0 0 0 0 48 
33 0 0 0 0 48 
33 0 0 0 0 48 
33 0 0 0 0 48 
33 0 0 0 0 48 
33 0 0 0 0 48 
33 0 0 0 0 48 
33 0 0 0 0 48 
33 0 0 0 0 48 
33 0 0 0 0 48 
33 0 0 0 0 48 
22 0 0 0 0 0 
22 0 0 0 0 0 
22 0 0 0 0 0 
22 0 0 0 0 0 
22 0 0 0 0 0 
22 0 0 0 0 0 
22 0 0 0 0 0 
22 0 0 0 0 0 
22 0 0 0 0 0 
22 0 0 0 0 0 
22 0 0 0 0 0 
22 0 0 0 0 0 
22 0 0 0 0 0 
22 0 0 0 0 0 
22 0 0 0 0 0 
0 17 0 0 0 34 
0 17 0 0 0 34 
0 17 0 0 0 34 
0 17 0 0 0 34 
0 17 0 0 0 34 
0 17 0 0 0 34 
0 17 0 0 0 34 
0 17 0 0 0 34 
0 17 0 0 0 34 
0 17 0 0 0 34 
0 17 0 0 0 34 
0 17 0 0 0 34 
0 17 0 0 0 34 
0 17 0 0 0 34 
0 17 0 0 0 34 
0 56 0 0 0 49 
0 56 0 0 0 49 
0 56 0 0 0 49 
0 56 0 0 0 49 
0 56 0 0 0 49 
0 56 0 0 0 49 
0 56 0 0 0 49 
0 56 0 0 0 49 
0 56 0 0 0 49 
0 56 0 0 0 49 
0 56 0 0 0 49 
0 56 0 0 0 49 
0 56 0 0 0 49 
0 56 0 0 0 49 
0 56 0 0 0 49 
0 0 0 0 0 42 
0 0 0 0 0 42 
0 0 0 0 0 42 
0 0 0 0 0 42 
0 0 0 0 0 42 
0 0 0 0 0 42 
0 0 0 0 0 42 
0 0 0 0 0 42 
0 0 0 0 0 42 
0 0 0 0 0 42 
0 0 0 0 0 42 
0 0 0 0 0 42 
0 0 0 0 0 42 
0 0 0 0 0 42 
0 0 0 0 0 42 
0 0 25 0 0 0 
0 0 25 0 0 0 
0 0 25 0 0 0 
0 0 25 0 0 0 
0 0 25 0 0 0 
0 0 25 0 0 0 
0 0 25 0 0 0 
0 0 25 0 0 0 
0 0 25 0 0 0 
0 0 25 0 0 0 
0 0 25 0 0 0 
0 0 25 0 0 0 
0 0 25 0 0 0 
0 0 25 0 0 0 
0 0 25 0 0 0 
44 0 0 0 0 19 
44 0 0 0 0 19 
44 0 0 0 0 19 
44 0 0 0 0 19 
44 0 0 0 0 19 
44 0 0 0 0 19 
44 0 0 0 0 19 
44 0 0 0 0 19 
44 0 0 0 0 19 
44 0 0 0 0 19 
44 0 0 0 0 19 
44 0 0 0 0 19 
44 0 0 0 0 19 
44 0 0 0 0 19 
44 0 0 0 0 19 
0 0 0 0 0 43 
0 0 0 0 0 43 
0 0 0 0 0 43 
0 0 0 0 0 43 
0 0 0 0 0 43 
0 0 0 0 0 43 
0 0 0 0 0 43 
0 0 0 0 0 43 
0 0 0 0 0 43 
0 0 0 0 0 43 
0 0 0 0 0 43 
0 0 0 0 0 43 
0 0 0 0 0 43 
0 0 0 0 0 43 
0 0 0 0 0 43 
0 0 35 0 39 0 
0 0 35 0 39 0 
0 0 35 0 39 0 
0 0 35 0 39 0 
0 0 35 0 39 0 
0 0 35 0 39 0 
0 0 35 0 39 0 
0 0 35 0 39 0 
0 0 35 0 39 0 
0 0 35 0 39 0 
0 0 35 0 39 0 
0 0 35 0 39 0 
0 0 35 0 39 0 
0 0 35 0 39 0 
0 0 35 0 39 0 
0 0 0 0 0 42 
0 0 0 0 0 42 
0 0 0 0 0 42 
0 0 0 0 0 42 
0 0 0 0 0 42 
0 0 0 0 0 42 
0 0 0 0 0 42 
0 0 0 0 0 42 
0 0 0 0 0 42 
0 0 0 0 0 42 
0 0 0 0 0 42 
0 0 0 0 0 42 
0 0 0 0 0 42 
0 0 0 0 0 42 
0 0 0 0 0 42 
0 0 0 0 0 25 
0 0 0 0 0 25 
0 0 0 0 0 25 
0 0 0 0 0 25 
0 0 0 0 0 25 
0 0 0 0 0 25 
0 0 0 0 0 25 
0 0 0 0 0 25 
0 0 0 0 0 25 
0 0 0 0 0 25 
0 0 0 0 0 25 
0 0 0 0 0 25 
0 0 0 0 0 25 
0 0 0 0 0 25 
0 0 0 0 0 25 
0 0 0 0 50 0 
0 0 0 0 50 0 
0 0 0 0 50 0 
0 0 0 0 50 0 
0 0 0 0 50 0 
0 0 0 0 50 0 
0 0 0 0 50 0 
0 0 0 0 50 0 
0 0 0 0 50 0 
0 0 0 0 50 0 
0 0 0 0 50 0 
0 0 0 0 50 0 
0 0 0 0 50 0 
0 0 0 0 50 0 
0 0 0 0 50 0 
0 0 57 0 16 0 
0 0 57 0 16 0 
0 0 57 0 16 0 
0 0 57 0 16 0 
0 0 57 0 16 0 
0 0 57 0 16 0 
0 0 57 0 16 0 
0 0 57 0 16 0 
0 0 57 0 16 0 
0 0 57 0 16 0 
0 0 57 0 16 0 
0 0 57 0 16 0 
0 0 57 0 16 0 
0 0 57 0 16 0 
0 0 57 0 16 0 
0 0 0 0 17 0 
0 0 0 0 17 0 
0 0 0 0 17 0 
0 0 0 0 17 0 
0 0 0 0 17 0 
0 0 0 0 17 0 
0 0 0 0 17 0 
0 0 0 0 17 0 
0 0 0 0 17 0 
0 0 0 0 17 0 
0 0 0 0 17 0 
0 0 0 0 17 0 
0 0 0 0 17 0 
0 0 0 0 17 0 
0 0 0 0 17 0 
0 26 0 0 0 16 
0 26 0 0 0 16 
0 26 0 0 0 16 
0 26 0 0 0 16 
0 26 0 0 0 16 
0 26 0 0 0 16 
0 26 0 0 0 16 
0 26 0 0 0 16 
0 26 0 0 0 16 
0 26 0 0 0 16 
0 26 0 0 0 16 
0 26 0 0 0 16 
0 26 0 0 0 16 
0 26 0 0 0 16 
0 26 0 0 0 16 
0 0 46 40 0 0 
0 0 46 40 0 0 
0 0 46 40 0 0 
0 0 46 40 0 0 
0 0 46 40 0 0 
0 0 46 40 0 0 
0 0 46 40 0 0 
0 0 46 40 0 0 
0 0 46 40 0 0 
0 0 46 40 0 0 
0 0 46 40 0 0 
0 0 46 40 0 0 
0 0 46 40 0 0 
0 0 46 40 0 0 
0 0 46 40 0 0 
0 0 0 0 51 0 
0 0 0 0 51 0 
0 0 0 0 51 0 
0 0 0 0 51 0 
0 0 0 0 51 0 
0 0 0 0 51 0 
0 0 0 0 51 0 
0 0 0 0 51 0 
0 0 0 0 51 0 
0 0 0 0 51 0 
0 0 0 0 51 0 
0 0 0 0 51 0 
0 0 0 0 51 0 
0 0 0 0 51 0 
0 0 0 0 51 0 
0 57 0 0 0 27 
0 57 0 0 0 27 
0 57 0 0 0 27 
0 57 0 0 0 27 
0 57 0 0 0 27 
0 57 0 0 0 27 
0 57 0 0 0 27 
0 57 0 0 0 27 
0 57 0 0 0 27 
0 57 0 0 0 27 
0 57 0 0 0 27 
0 57 0 0 0 27 
0 57 0 0 0 27 
0 57 0 0 0 27 
0 57 0 0 0 27 
0 0 0 0 15 0 
0 0 0 0 15 0 
0 0 0 0 15 0 
0 0 0 0 15 0 
0 0 0 0 15 0 
0 0 0 0 15 0 
0 0 0 0 15 0 
0 0 0 0 15 0 
0 0 0 0 15 0 
0 0 0 0 15 0 
0 0 0 0 15 0 
0 0 0 0 15 0 
0 0 0 0 15 0 
0 0 0 0 15 0 
0 0 0 0 15 0 
0 25 0 0 0 0 
0 25 0 0 0 0 
0 25 0 0 0 0 
0 25 0 0 0 0 
0 25 0 0 0 0 
0 25 0 0 0 0 
0 25 0 0 0 0 
0 25 0 0 0 0 
0 25 0 0 0 0 
0 25 0 0 0 0 
0 25 0 0 0 0 
0 25 0 0 0 0 
0 25 0 0 0 0 
0 25 0 0 0 0 
0 25 0 0 0 0 
0 0 56 0 0 0 
0 0 56 0 0 0 
0 0 56 0 0 0 
0 0 56 0 0 0 
0 0 56 0 0 0 
0 0 56 0 0 0 
0 0 56 0 0 0 
0 0 56 0 0 0 
0 0 56 0 0 0 
0 0 56 0 0 0 
0 0 56 0 0 0 
0 0 56 0 0 0 
0 0 56 0 0 0 
0 0 56 0 0 0 
0 0 56 0 0 0 
0 0 45 0 17 0 
0 0 45 0 17 0 
0 0 45 0 17 0 
0 0 45 0 17 0 
0 0 45 0 17 0 
0 0 45 0 17 0 
0 0 45 0 17 0 
0 0 45 0 17 0 
0 0 45 0 17 0 
0 0 45 0 17 0 
0 0 45 0 17 0 
0 0 45 0 17 0 
0 0 45 0 17 0 
0 0 45 0 17 0 
0 0 45 0 17 0 
0 47 0 0 0 0 
0 47 0 0 0 0 
0 47 0 0 0 0 
0 47 0 0 0 0 
0 47 0 0 0 0 
0 47 0 0 0 0 
0 47 0 0 0 0 
0 47 0 0 0 0 
0 47 0 0 0 0 
0 47 0 0 0 0 
0 47 0 0 0 0 
0 47 0 0 0 0 
0 47 0 0 0 0 
0 47 0 0 0 0 
0 47 0 0 0 0 
0 0 58 0 17 0 
0 0 58 0 17 0 
0 0 58 0 17 0 
0 0 58 0 17 0 
0 0 58 0 17 0 
0 0 58 0 17 0 
0 0 58 0 17 0 
0 0 58 0 17 0 
0 0 58 0 17 0 
0 0 58 0 17 0 
0 0 58 0 17 0 
0 0 58 0 17 0 
0 0 58 0 17 0 
0 0 58 0 17 0 
0 0 58 0 17 0 
0 0 0 0 38 0 
0 0 0 0 38 0 
0 0 0 0 38 0 
0 0 0 0 38 0 
0 0 0 0 38 0 
0 0 0 0 38 0 
0 0 0 0 38 0 
0 0 0 0 38 0 
0 0 0 0 38 0 
0 0 0 0 38 0 
0 0 0 0 38 0 
0 0 0 0 38 0 
0 0 0 0 38 0 
0 0 0 0 38 0 
0 0 0 0 38 0 
0 0 34 0 0 0 
0 0 34 0 0 0 
0 0 34 0 0 0 
0 0 34 0 0 0 
0 0 34 0 0 0 
0 0 34 0 0 0 
0 0 34 0 0 0 
0 0 34 0 0 0 
0 0 34 0 0 0 
0 0 34 0 0 0 
0 0 34 0 0 0 
0 0 34 0 0 0 
0 0 34 0 0 0 
0 0 34 0 0 0 
0 0 34 0 0 0 
28 0 0 0 33 0 
28 0 0 0 33 0 
28 0 0 0 33 0 
28 0 0 0 33 0 
28 0 0 0 33 0 
28 0 0 0 33 0 
28 0 0 0 33 0 
28 0 0 0 33 0 
28 0 0 0 33 0 
28 0 0 0 33 0 
28 0 0 0 33 0 
28 0 0 0 33 0 
28 0 0 0 33 0 
28 0 0 0 33 0 
28 0 0 0 33 0 
0 0 0 0 0 22 
0 0 0 0 0 22 
0 0 0 0 0 22 
0 0 0 0 0 22 
0 0 0 0 0 22 
0 0 0 0 0 22 
0 0 0 0 0 22 
0 0 0 0 0 22 
0 0 0 0 0 22 
0 0 0 0 0 22 
0 0 0 0 0 22 
0 0 0 0 0 22 
0 0 0 0 0 22 
0 0 0 0 0 22 
0 0 0 0 0 22 
0 50 0 0 0 0 
0 50 0 0 0 0 
0 50 0 0 0 0 
0 50 0 0 0 0 
0 50 0 0 0 0 
0 50 0 0 0 0 
0 50 0 0 0 0 
0 50 0 0 0 0 
0 50 0 0 0 0 
0 50 0 0 0 0 
0 50 0 0 0 0 
0 50 0 0 0 0 
0 50 0 0 0 0 
0 50 0 0 0 0 
0 50 0 0 0 0 
0 52 0 0 0 0 
0 52 0 0 0 0 
0 52 0 0 0 0 
0 52 0 0 0 0 
0 52 0 0 0 0 
0 52 0 0 0 0 
0 52 0 0 0 0 
0 52 0 0 0 0 
0 52 0 0 0 0 
0 52 0 0 0 0 
0 52 0 0 0 0 
0 52 0 0 0 0 
0 52 0 0 0 0 
0 52 0 0 0 0 
0 52 0 0 0 0 
0 32 0 0 0 0 
0 32 0 0 0 0 
0 32 0 0 0 0 
0 32 0 0 0 0 
0 32 0 0 0 0 
0 32 0 0 0 0 
0 32 0 0 0 0 
0 32 0 0 0 0 
0 32 0 0 0 0 
0 32 0 0 0 0 
0 32 0 0 0 0 
0 32 0 0 0 0 
0 32 0 0 0 0 
0 32 0 0 0 0 
0 32 0 0 0 0 
31 0 0 0 0 57 
31 0 0 0 0 57 
31 0 0 0 0 57 
31 0 0 0 0 57 
31 0 0 0 0 57 
31 0 0 0 0 57 
31 0 0 0 0 57 
31 0 0 0 0 57 
31 0 0 0 0 57 
31 0 0 0 0 57 
31 0 0 0 0 57 
31 0 0 0 0 57 
31 0 0 0 0 57 
31 0 0 0 0 57 
31 0 0 0 0 57 
0 36 0 0 0 0 
0 36 0 0 0 0 
0 36 0 0 0 0 
0 36 0 0 0 0 
0 36 0 0 0 0 
0 36 0 0 0 0 
0 36 0 0 0 0 
0 36 0 0 0 0 
0 36 0 0 0 0 
0 36 0 0 0 0 
0 36 0 0 0 0 
0 36 0 0 0 0 
0 36 0 0 0 0 
0 36 0 0 0 0 
0 36 0 0 0 0 
0 0 0 0 46 0 
0 0 0 0 46 0 
0 0 0 0 46 0 
0 0 0 0 46 0 
0 0 0 0 46 0 
0 0 0 0 46 0 
0 0 0 0 46 0 
0 0 0 0 46 0 
0 0 0 0 46 0 
0 0 0 0 46 0 
0 0 0 0 46 0 
0 0 0 0 46 0 
0 0 0 0 46 0 
0 0 0 0 46 0 
0 0 0 0 46 0 
0 0 0 60 0 0 
0 0 0 60 0 0 
0 0 0 60 0 0 
0 0 0 60 0 0 
0 0 0 60 0 0 
0 0 0 60 0 0 
0 0 0 60 0 0 
0 0 0 60 0 0 
0 0 0 60 0 0 
0 0 0 60 0 0 
0 0 0 60 0 0 
0 0 0 60 0 0 
0 0 0 60 0 0 
0 0 0 60 0 0 
0 0 0 60 0 0 
0 0 0 0 0 56 
0 0 0 0 0 56 
0 0 0 0 0 56 
0 0 0 0 0 56 
0 0 0 0 0 56 
0 0 0 0 0 56 
0 0 0 0 0 56 
0 0 0 0 0 56 
0 0 0 0 0 56 
0 0 0 0 0 56 
0 0 0 0 0 56 
0 0 0 0 0 56 
0 0 0 0 0 56 
0 0 0 0 0 56 
0 0 0 0 0 56 
0 0 0 0 0 32 
0 0 0 0 0 32 
0 0 0 0 0 32 
0 0 0 0 0 32 
0 0 0 0 0 32 
0 0 0 0 0 32 
0 0 0 0 0 32 
0 0 0 0 0 32 
0 0 0 0 0 32 
0 0 0 0 0 32 
0 0 0 0 0 32 
0 0 0 0 0 32 
0 0 0 0 0 32 
0 0 0 0 0 32 
0 0 0 0 0 32 
0 0 16 17 0 0 
0 0 16 17 0 0 
0 0 16 17 0 0 
0 0 16 17 0 0 
0 0 16 17 0 0 
0 0 16 17 0 0 
0 0 16 17 0 0 
0 0 16 17 0 0 
0 0 16 17 0 0 
0 0 16 17 0 0 
0 0 16 17 0 0 
0 0 16 17 0 0 
0 0 16 17 0 0 
0 0 16 17 0 0 
0 0 16 17 0 0 
0 36 0 0 59 0 
0 36 0 0 59 0 
0 36 0 0 59 0 
0 36 0 0 59 0 
0 36 0 0 59 0 
0 36 0 0 59 0 
0 36 0 0 59 0 
0 36 0 0 59 0 
0 36 0 0 59 0 
0 36 0 0 59 0 
0 36 0 0 59 0 
0 36 0 0 59 0 
0 36 0 0 59 0 
0 36 0 0 59 0 
0 36 0 0 59 0 
0 0 0 0 0 32 
0 0 0 0 0 32 
0 0 0 0 0 32 
0 0 0 0 0 32 
0 0 0 0 0 32 
0 0 0 0 0 32 
0 0 0 0 0 32 
0 0 0 0 0 32 
0 0 0 0 0 32 
0 0 0 0 0 32 
0 0 0 0 0 32 
0 0 0 0 0 32 
0 0 0 0 0 32 
0 0 0 0 0 32 
0 0 0 0 0 32 
0 57 0 0 0 0 
0 57 0 0 0 0 
0 57 0 0 0 0 
0 57 0 0 0 0 
0 57 0 0 0 0 
0 57 0 0 0 0 
0 57 0 0 0 0 
0 57 0 0 0 0 
0 57 0 0 0 0 
0 57 0 0 0 0 
0 57 0 0 0 0 
0 57 0 0 0 0 
0 57 0 0 0 0 
0 57 0 0 0 0 
0 57 0 0 0 0 
50 0 0 0 0 0 
50 0 0 0 0 0 
50 0 0 0 0 0 
50 0 0 0 0 0 
50 0 0 0 0 0 
50 0 0 0 0 0 
50 0 0 0 0 0 
50 0 0 0 0 0 
50 0 0 0 0 0 
50 0 0 0 0 0 
50 0 0 0 0 0 
50 0 0 0 0 0 
50 0 0 0 0 0 
50 0 0 0 0 0 
50 0 0 0 0 0 
0 26 0 0 0 0 
0 26 0 0 0 0 
0 26 0 0 0 0 
0 26 0 0 0 0 
0 26 0 0 0 0 
0 26 0 0 0 0 
0 26 0 0 0 0 
0 26 0 0 0 0 
0 26 0 0 0 0 
0 26 0 0 0 0 
0 26 0 0 0 0 
0 26 0 0 0 0 
0 26 0 0 0 0 
0 26 0 0 0 0 
0 26 0 0 0 0 
0 0 0 0 0 19 
0 0 0 0 0 19 
0 0 0 0 0 19 
0 0 0 0 0 19 
0 0 0 0 0 19 
0 0 0 0 0 19 
0 0 0 0 0 19 
0 0 0 0 0 19 
0 0 0 0 0 19 
0 0 0 0 0 19 
0 0 0 0 0 19 
0 0 0 0 0 19 
0 0 0 0 0 19 
0 0 0 0 0 19 
0 0 0 0 0 19 
0 40 0 24 0 0 
0 40 0 24 0 0 
0 40 0 24 0 0 
0 40 0 24 0 0 
0 40 0 24 0 0 
0 40 0 24 0 0 
0 40 0 24 0 0 
0 40 0 24 0 0 
0 40 0 24 0 0 
0 40 0 24 0 0 
0 40 0 24 0 0 
0 40 0 24 0 0 
0 40 0 24 0 0 
0 40 0 24 0 0 
0 40 0 24 0 0 
0 0 37 0 0 0 
0 0 37 0 0 0 
0 0 37 0 0 0 
0 0 37 0 0 0 
0 0 37 0 0 0 
0 0 37 0 0 0 
0 0 37 0 0 0 
0 0 37 0 0 0 
0 0 37 0 0 0 
0 0 37 0 0 0 
0 0 37 0 0 0 
0 0 37 0 0 0 
0 0 37 0 0 0 
0 0 37 0 0 0 
0 0 37 0 0 0 
0 0 0 32 0 0 
0 0 0 32 0 0 
0 0 0 32 0 0 
0 0 0 32 0 0 
0 0 0 32 0 0 
0 0 0 32 0 0 
0 0 0 32 0 0 
0 0 0 32 0 0 
0 0 0 32 0 0 
0 0 0 32 0 0 
0 0 0 32 0 0 
0 0 0 32 0 0 
0 0 0 32 0 0 
0 0 0 32 0 0 
0 0 0 32 0 0 
55 0 0 0 51 0 
55 0 0 0 51 0 
55 0 0 0 51 0 
55 0 0 0 51 0 
55 0 0 0 51 0 
55 0 0 0 51 0 
55 0 0 0 51 0 
55 0 0 0 51 0 
55 0 0 0 51 0 
55 0 0 0 51 0 
55 0 0 0 51 0 
55 0 0 0 51 0 
55 0 0 0 51 0 
55 0 0 0 51 0 
55 0 0 0 51 0 
0 0 46 24 0 0 
0 0 46 24 0 0 
0 0 46 24 0 0 
0 0 46 24 0 0 
0 0 46 24 0 0 
0 0 46 24 0 0 
0 0 46 24 0 0 
0 0 46 24 0 0 
0 0 46 24 0 0 
0 0 46 24 0 0 
0 0 46 24 0 0 
0 0 46 24 0 0 
0 0 46 24 0 0 
0 0 46 24 0 0 
0 0 46 24 0 0 
0 59 0 0 0 0 
0 59 0 0 0 0 
0 59 0 0 0 0 
0 59 0 0 0 0 
0 59 0 0 0 0 
0 59 0 0 0 0 
0 59 0 0 0 0 
0 59 0 0 0 0 
0 59 0 0 0 0 
0 59 0 0 0 0 
0 59 0 0 0 0 
0 59 0 0 0 0 
0 59 0 0 0 0 
0 59 0 0 0 0 
0 59 0 0 0 0 
0 0 0 0 0 17 
0 0 0 0 0 17 
0 0 0 0 0 17 
0 0 0 0 0 17 
0 0 0 0 0 17 
0 0 0 0 0 17 
0 0 0 0 0 17 
0 0 0 0 0 17 
0 0 0 0 0 17 
0 0 0 0 0 17 
0 0 0 0 0 17 
0 0 0 0 0 17 
0 0 0 0 0 17 
0 0 0 0 0 17 
0 0 0 0 0 17 
44 0 0 39 0 0 
44 0 0 39 0 0 
44 0 0 39 0 0 
44 0 0 39 0 0 
44 0 0 39 0 0 
44 0 0 39 0 0 
44 0 0 39 0 0 
44 0 0 39 0 0 
44 0 0 39 0 0 
44 0 0 39 0 0 
44 0 0 39 0 0 
44 0 0 39 0 0 
44 0 0 39 0 0 
44 0 0 39 0 0 
44 0 0 39 0 0 
0 0 0 15 0 0 
0 0 0 15 0 0 
0 0 0 15 0 0 
0 0 0 15 0 0 
0 0 0 15 0 0 
0 0 0 15 0 0 
0 0 0 15 0 0 
0 0 0 15 0 0 
0 0 0 15 0 0 
0 0 0 15 0 0 
0 0 0 15 0 0 
0 0 0 15 0 0 
0 0 0 15 0 0 
0 0 0 15 0 0 
0 0 0 15 0 0 
0 20 0 0 0 54 
0 20 0 0 0 54 
0 20 0 0 0 54 
0 20 0 0 0 54 
0 20 0 0 0 54 
0 20 0 0 0 54 
0 20 0 0 0 54 
0 20 0 0 0 54 
0 20 0 0 0 54 
0 20 0 0 0 54 
0 20 0 0 0 54 
0 20 0 0 0 54 
0 20 0 0 0 54 
0 20 0 0 0 54 
0 20 0 0 0 54 
0 0 0 0 0 25 
0 0 0 0 0 25 
0 0 0 0 0 25 
0 0 0 0 0 25 
0 0 0 0 0 25 
0 0 0 0 0 25 
0 0 0 0 0 25 
0 0 0 0 0 25 
0 0 0 0 0 25 
0 0 0 0 0 25 
0 0 0 0 0 25 
0 0 0 0 0 25 
0 0 0 0 0 25 
0 0 0 0 0 25 
0 0 0 0 0 25 
0 0 0 0 0 17 
0 0 0 0 0 17 
0 0 0 0 0 17 
0 0 0 0 0 17 
0 0 0 0 0 17 
0 0 0 0 0 17 
0 0 0 0 0 17 
0 0 0 0 0 17 
0 0 0 0 0 17 
0 0 0 0 0 17 
0 0 0 0 0 17 
0 0 0 0 0 17 
0 0 0 0 0 17 
0 0 0 0 0 17 
0 0 0 0 0 17 
0 0 0 57 0 0 
0 0 0 57 0 0 
0 0 0 57 0 0 
0 0 0 57 0 0 
0 0 0 57 0 0 
0 0 0 57 0 0 
0 0 0 57 0 0 
0 0 0 57 0 0 
0 0 0 57 0 0 
0 0 0 57 0 0 
0 0 0 57 0 0 
0 0 0 57 0 0 
0 0 0 57 0 0 
0 0 0 57 0 0 
0 0 0 57 0 0 
0 0 0 0 0 59 
0 0 0 0 0 59 
0 0 0 0 0 59 
0 0 0 0 0 59 
0 0 0 0 0 59 
0 0 0 0 0 59 
0 0 0 0 0 59 
0 0 0 0 0 59 
0 0 0 0 0 59 
0 0 0 0 0 59 
0 0 0 0 0 59 
0 0 0 0 0 59 
0 0 0 0 0 59 
0 0 0 0 0 59 
0 0 0 0 0 59 
0 0 24 57 0 0 
0 0 24 57 0 0 
0 0 24 57 0 0 
0 0 24 57 0 0 
0 0 24 57 0 0 
0 0 24 57 0 0 
0 0 24 57 0 0 
0 0 24 57 0 0 
0 0 24 57 0 0 
0 0 24 57 0 0 
0 0 24 57 0 0 
0 0 24 57 0 0 
0 0 24 57 0 0 
0 0 24 57 0 0 
0 0 24 57 0 0 
0 0 0 40 0 0 
0 0 0 40 0 0 
0 0 0 40 0 0 
0 0 0 40 0 0 
0 0 0 40 0 0 
0 0 0 40 0 0 
0 0 0 40 0 0 
0 0 0 40 0 0 
0 0 0 40 0 0 
0 0 0 40 0 0 
0 0 0 40 0 0 
0 0 0 40 0 0 
0 0 0 40 0 0 
0 0 0 40 0 0 
0 0 0 40 0 0 
0 58 0 0 0 0 
0 58 0 0 0 0 
0 58 0 0 0 0 
0 58 0 0 0 0 
0 58 0 0 0 0 
0 58 0 0 0 0 
0 58 0 0 0 0 
0 58 0 0 0 0 
0 58 0 0 0 0 
0 58 0 0 0 0 
0 58 0 0 0 0 
0 58 0 0 0 0 
0 58 0 0 0 0 
0 58 0 0 0 0 
0 58 0 0 0 0 
0 59 0 0 0 0 
0 59 0 0 0 0 
0 59 0 0 0 0 
0 59 0 0 0 0 
0 59 0 0 0 0 
0 59 0 0 0 0 
0 59 0 0 0 0 
0 59 0 0 0 0 
0 59 0 0 0 0 
0 59 0 0 0 0 
0 59 0 0 0 0 
0 59 0 0 0 0 
0 59 0 0 0 0 
0 59 0 0 0 0 
0 59 0 0 0 0 
0 0 0 0 0 17 
0 0 0 0 0 17 
0 0 0 0 0 17 
0 0 0 0 0 17 
0 0 0 0 0 17 
0 0 0 0 0 17 
0 0 0 0 0 17 
0 0 0 0 0 17 
0 0 0 0 0 17 
0 0 0 0 0 17 
0 0 0 0 0 17 
0 0 0 0 0 17 
0 0 0 0 0 17 
0 0 0 0 0 17 
0 0 0 0 0 17 
0 0 26 0 0 0 
0 0 26 0 0 0 
0 0 26 0 0 0 
0 0 26 0 0 0 
0 0 26 0 0 0 
0 0 26 0 0 0 
0 0 26 0 0 0 
0 0 26 0 0 0 
0 0 26 0 0 0 
0 0 26 0 0 0 
0 0 26 0 0 0 
0 0 26 0 0 0 
0 0 26 0 0 0 
0 0 26 0 0 0 
0 0 26 0 0 0 
0 56 0 0 0 0 
0 56 0 0 0 0 
0 56 0 0 0 0 
0 56 0 0 0 0 
0 56 0 0 0 0 
0 56 0 0 0 0 
0 56 0 0 0 0 
0 56 0 0 0 0 
0 56 0 0 0 0 
0 56 0 0 0 0 
0 56 0 0 0 0 
0 56 0 0 0 0 
0 56 0 0 0 0 
0 56 0 0 0 0 
0 56 0 0 0 0 
0 0 26 0 52 0 
0 0 26 0 52 0 
0 0 26 0 52 0 
0 0 26 0 52 0 
0 0 26 0 52 0 
0 0 26 0 52 0 
0 0 26 0 52 0 
0 0 26 0 52 0 
0 0 26 0 52 0 
0 0 26 0 52 0 
0 0 26 0 52 0 
0 0 26 0 52 0 
0 0 26 0 52 0 
0 0 26 0 52 0 
0 0 26 0 52 0 
0 0 0 0 0 38 
0 0 0 0 0 38 
0 0 0 0 0 38 
0 0 0 0 0 38 
0 0 0 0 0 38 
0 0 0 0 0 38 
0 0 0 0 0 38 
0 0 0 0 0 38 
0 0 0 0 0 38 
0 0 0 0 0 38 
0 0 0 0 0 38 
0 0 0 0 0 38 
0 0 0 0 0 38 
0 0 0 0 0 38 
0 0 0 0 0 38 
0.0 0.0 0.0 0.0 0.0 0.0 
0.0 0.0 0.0 0.0 0.0 0.0 
0.0 0.0 0.0 0.0 0.0 0.0 
0.0 0.0 0.0 0.0 0.0 0.0 
0.0 0.0 0.0 0.0 0.0 0.0 
0.0 0.0 0.0 0.0 0.0 0.0 
0.0 0.0 0.0 0.0 0.0 0.0 
0.0 0.0 0.0 0.0 0.0 0.0 
0.0 0.0 0.0 0.0 0.0 0.0 
0.0 0.0 0.0 0.0 0.0 0.0 
0.0 0.0 0.0 0.0 0.0 0.0 
0.0 0.0 0.0 0.0 0.0 0.0 
0.0 0.0 0.0 0.0 0.0 0.0 
0.0 0.0 0.0 0.0 0.0 0.0 
0.0 0.0 0.0 0.0 0.0 0.0 
mind
0 0 0 0 0 0 19 0 0 0 0 10 0 0 0 0 0 28 0 0 0 0 0 25 0 0 11 0 0 0 0 0 0 0 0 0 0 0 0 0 0 0 0 0 0 0 12 12 0 0 0 0 0 0 0 0 0 24 0 0 12 0 16 0 0 0 0 12 0 0 0 0 0 0 16 0 0
maxd
0 0 0 0 0 0 30 0 0 0 0 22 0 0 0 0 0 29 0 0 0 0 0 28 0 0 29 0 0 0 0 0 0 0 0 0 0 0 0 0 0 0 0 0 0 0 13 29 0 0 0 0 0 0 0 0 0 29 0 0 12 0 22 0 0 0 0 13 0 0 0 0 0 0 27 0 0
e
0 550 688 922 928 776 619 542 739 593 682 669 836 669 913 881 876 535 823 628 565 647 645 709 817 586 812 933 544 567 495 569 567 878 946 845 824 703 873 493 636 725 815 817 666 630 488 715 724 894 713 629 927 847 816 708 858 808 685 481 500 959 903 506 609 629 685 814 673 629 865 738 822 828 827 702 0
l
99999 670 808 1042 1048 896 739 662 859 713 802 789 956 789 1033 1001 996 655 943 748 685 767 765 829 937 706 932 1053 664 687 615 689 687 998 1066 965 944 823 993 613 756 845 935 937 786 750 608 835 844 1014 833 749 1047 967 936 828 978 928 805 601 620 1079 1023 626 729 749 805 934 793 749 985 858 942 948 947 822 99999
