nbNodes
77
nbVehi
15
nbServi
6
r
1 1 1 1 1 1 
0 0 1 0 0 0 
0 0 0 1 0 0 
1 0 0 1 0 0 
0 0 1 0 0 0 
0 0 0 1 0 0 
0 1 0 0 0 1 
1 0 0 0 0 0 
0 0 0 1 0 0 
0 0 0 1 0 0 
0 0 0 0 1 0 
0 0 1 0 0 1 
0 0 0 1 0 0 
0 0 0 0 0 1 
0 0 1 1 0 0 
0 0 0 1 0 0 
0 1 0 0 0 1 
1 0 0 0 0 1 
0 0 0 1 0 0 
0 0 0 0 1 0 
0 0 1 0 0 0 
0 1 0 0 0 0 
0 0 0 0 1 0 
0 0 0 0 0 1 
0 0 1 0 0 1 
1 0 0 0 1 0 
0 0 0 0 0 1 
0 1 0 0 1 0 
0 0 1 1 0 0 
0 1 0 0 0 0 
0 0 0 0 1 0 
1 0 0 0 1 0 
0 1 0 0 0 0 
0 0 1 0 0 0 
0 0 0 0 1 0 
0 0 0 0 0 1 
0 0 1 0 1 0 
0 0 1 0 0 0 
0 1 0 1 0 0 
1 0 0 0 0 0 
0 0 0 0 0 1 
0 1 0 0 0 0 
0 1 0 0 0 0 
0 0 1 0 0 0 
0 1 0 1 0 0 
0 0 1 0 0 0 
1 0 0 0 0 0 
0 0 1 0 0 1 
0 0 0 0 0 1 
1 0 0 0 0 1 
0 0 0 1 0 0 
0 0 0 0 1 0 
0 1 0 0 0 0 
0 0 1 0 0 0 
0 0 0 1 0 0 
0 0 0 1 0 0 
0 0 1 0 0 0 
0 0 0 1 0 0 
1 0 0 0 0 0 
1 0 0 0 1 0 
0 0 1 1 0 0 
1 0 0 0 0 1 
0 0 1 0 0 0 
1 0 0 0 0 1 
0 1 0 0 0 0 
0 1 0 1 0 0 
1 0 0 0 1 0 
0 0 1 0 0 0 
0 0 0 0 0 1 
0 0 0 0 1 0 
0 0 0 0 0 1 
0 0 0 0 0 1 
1 0 0 0 1 0 
0 1 0 0 0 0 
1 0 0 0 1 0 
0 0 1 0 0 0 
1 1 1 1 1 1 
DS
4 7 12 15 17 18 25 26 28 29 32 37 39 45 48 50 60 61 62 64 66 67 73 75 
a
1 0 1 0 0 0 
1 1 1 0 0 0 
1 1 0 0 0 0 
1 1 1 0 0 0 
0 1 1 0 0 0 
1 1 1 0 0 0 
1 0 0 0 0 0 
0 0 0 1 1 1 
0 0 0 1 1 1 
0 0 0 1 1 0 
0 0 0 1 1 1 
0 0 0 1 1 1 
0 0 0 0 1 1 
0 0 0 1 1 1 
0 0 0 1 0 1 
x
-30.1033 -29.989 -29.992 -29.9908 -30.0712 -29.9913 -30.0083 -29.9834 -30.1589 -30.084 -30.13 -30.0757 -30.0088 -30.0586 -30.1308 -30.0923 -30.0495 -30.0846 -30.0655 -30.0179 -30.154 -30.0744 -30.0509 -29.9811 -29.9987 -29.979 -30.2062 -29.9833 -30.0656 -30.0082 -30.0091 -30.0358 -30.0673 -30.0492 -30.1852 -30.1039 -29.9771 -29.9804 -30.0625 -30.0223 -29.9895 -30.0658 -30.1033 -30.1386 -30.0972 -30.0742 -30.0179 -30.0964 -29.9945 -30.0198 -30.0145 -30.1638 -30.0661 -30.0625 -30.1848 -30.011 -30.1026 -29.9872 -30.0159 -30.1079 -30.0728 -30.0184 -30.0184 -30.0721 -30.0759 -29.9873 -30.021 -29.9917 -30.0536 -30.0018 -30.009 -30.1853 -30.0026 -29.9825 -30.028 -30.0365 -30.1033
y
-51.2268 -51.1907 -51.1954 -51.1962 -51.165 -51.1934 -51.1889 -51.1348 -51.1951 -51.2078 -51.2018 -51.1308 -51.2047 -51.1949 -51.1985 -51.1317 -51.1305 -51.2353 -51.1977 -51.1769 -51.2242 -51.2185 -51.1849 -51.126 -51.1908 -51.1336 -51.1754 -51.1949 -51.1889 -51.1941 -51.2008 -51.1048 -51.1941 -51.1877 -51.1936 -51.2327 -51.1944 -51.1299 -51.1888 -51.1776 -51.1924 -51.197 -51.2268 -51.2157 -51.2514 -51.1743 -51.1833 -51.1766 -51.1902 -51.1842 -51.1473 -51.1743 -51.1913 -51.1981 -51.1862 -51.2061 -51.1983 -51.1265 -51.1525 -51.2161 -51.1958 -51.1826 -51.1812 -51.1952 -51.2302 -51.1296 -51.2112 -51.1959 -51.1856 -51.1318 -51.0956 -51.1939 -51.1978 -51.1253 -51.1725 -51.1176 -51.2268
d
0.00000 25.00000 24.00000 24.00000 16.00000 24.00000 20.00000 31.00000 14.00000 7.00000 10.00000 20.00000 21.00000 13.00000 10.00000 22.00000 25.00000 7.00000 11.00000 19.00000 12.00000 9.00000 13.00000 31.00000 23.00000 32.00000 25.00000 25.00000 11.00000 21.00000 20.00000 26.00000 11.00000 14.00000 20.00000 3.00000 26.00000 31.00000 12.00000 18.00000 24.00000 11.00000 0.00000 10.00000 7.00000 14.00000 19.00000 14.00000 25.00000 18.00000 24.00000 18.00000 12.00000 11.00000 22.00000 21.00000 10.00000 30.00000 22.00000 4.00000 8.00000 19.00000 19.00000 10.00000 9.00000 30.00000 21.00000 23.00000 14.00000 27.00000 30.00000 20.00000 22.00000 31.00000 17.00000 23.00000 0.00000
25.00000 0.00000 3.00000 2.00000 19.00000 3.00000 6.00000 16.00000 36.00000 21.00000 33.00000 22.00000 6.00000 15.00000 33.00000 24.00000 21.00000 22.00000 18.00000 9.00000 34.00000 20.00000 14.00000 16.00000 3.00000 16.00000 47.00000 3.00000 16.00000 5.00000 7.00000 22.00000 17.00000 13.00000 42.00000 25.00000 5.00000 16.00000 17.00000 10.00000 2.00000 17.00000 25.00000 32.00000 24.00000 21.00000 8.00000 25.00000 3.00000 8.00000 12.00000 40.00000 16.00000 17.00000 44.00000 6.00000 32.00000 15.00000 12.00000 27.00000 19.00000 8.00000 9.00000 17.00000 21.00000 15.00000 7.00000 2.00000 14.00000 12.00000 18.00000 42.00000 6.00000 16.00000 12.00000 20.00000 25.00000
24.00000 2.00000 0.00000 1.00000 19.00000 1.00000 6.00000 15.00000 35.00000 20.00000 32.00000 22.00000 4.00000 14.00000 31.00000 24.00000 21.00000 21.00000 16.00000 8.00000 33.00000 18.00000 13.00000 16.00000 2.00000 16.00000 46.00000 2.00000 15.00000 4.00000 6.00000 22.00000 17.00000 13.00000 41.00000 24.00000 4.00000 16.00000 15.00000 9.00000 2.00000 16.00000 24.00000 31.00000 23.00000 20.00000 8.00000 23.00000 2.00000 8.00000 12.00000 39.00000 16.00000 15.00000 43.00000 5.00000 31.00000 15.00000 11.00000 26.00000 18.00000 8.00000 9.00000 16.00000 19.00000 15.00000 6.00000 1.00000 14.00000 12.00000 19.00000 41.00000 5.00000 16.00000 11.00000 20.00000 24.00000
25.00000 2.00000 1.00000 0.00000 19.00000 2.00000 7.00000 16.00000 35.00000 20.00000 32.00000 23.00000 5.00000 15.00000 32.00000 24.00000 22.00000 22.00000 17.00000 9.00000 34.00000 19.00000 14.00000 16.00000 3.00000 17.00000 47.00000 3.00000 16.00000 5.00000 6.00000 22.00000 17.00000 14.00000 41.00000 24.00000 4.00000 16.00000 16.00000 10.00000 2.00000 17.00000 25.00000 31.00000 23.00000 20.00000 9.00000 24.00000 3.00000 9.00000 12.00000 40.00000 17.00000 16.00000 43.00000 5.00000 31.00000 16.00000 12.00000 26.00000 19.00000 9.00000 9.00000 17.00000 20.00000 15.00000 6.00000 1.00000 14.00000 13.00000 19.00000 41.00000 5.00000 16.00000 12.00000 20.00000 25.00000
19.00000 20.00000 20.00000 19.00000 0.00000 19.00000 15.00000 24.00000 29.00000 14.00000 26.00000 10.00000 19.00000 10.00000 26.00000 11.00000 14.00000 19.00000 11.00000 14.00000 28.00000 16.00000 10.00000 24.00000 18.00000 25.00000 40.00000 20.00000 9.00000 18.00000 18.00000 17.00000 10.00000 11.00000 35.00000 18.00000 22.00000 24.00000 10.00000 13.00000 20.00000 11.00000 19.00000 25.00000 22.00000 7.00000 14.00000 18.00000 20.00000 13.00000 17.00000 33.00000 10.00000 11.00000 37.00000 19.00000 25.00000 23.00000 15.00000 20.00000 13.00000 14.00000 14.00000 10.00000 18.00000 23.00000 19.00000 19.00000 10.00000 20.00000 22.00000 35.00000 19.00000 24.00000 13.00000 15.00000 19.00000
25.00000 3.00000 2.00000 2.00000 19.00000 0.00000 7.00000 16.00000 35.00000 20.00000 32.00000 23.00000 5.00000 15.00000 32.00000 24.00000 22.00000 22.00000 17.00000 9.00000 34.00000 19.00000 14.00000 17.00000 3.00000 17.00000 47.00000 3.00000 16.00000 5.00000 6.00000 23.00000 17.00000 14.00000 41.00000 24.00000 5.00000 16.00000 16.00000 10.00000 2.00000 17.00000 25.00000 31.00000 23.00000 21.00000 9.00000 24.00000 3.00000 9.00000 12.00000 40.00000 17.00000 16.00000 43.00000 5.00000 31.00000 16.00000 12.00000 26.00000 19.00000 9.00000 9.00000 17.00000 20.00000 15.00000 6.00000 1.00000 14.00000 13.00000 19.00000 41.00000 6.00000 17.00000 12.00000 20.00000 25.00000
22.00000 6.00000 5.00000 5.00000 16.00000 5.00000 0.00000 14.00000 33.00000 18.00000 30.00000 19.00000 5.00000 12.00000 30.00000 21.00000 18.00000 21.00000 15.00000 5.00000 31.00000 17.00000 10.00000 15.00000 4.00000 15.00000 44.00000 6.00000 13.00000 3.00000 4.00000 19.00000 14.00000 10.00000 39.00000 22.00000 8.00000 14.00000 13.00000 6.00000 5.00000 14.00000 22.00000 29.00000 22.00000 18.00000 4.00000 22.00000 5.00000 5.00000 8.00000 37.00000 13.00000 14.00000 41.00000 6.00000 29.00000 14.00000 8.00000 24.00000 17.00000 4.00000 5.00000 14.00000 18.00000 13.00000 7.00000 4.00000 11.00000 11.00000 17.00000 39.00000 4.00000 14.00000 9.00000 16.00000 22.00000
33.00000 16.00000 16.00000 15.00000 25.00000 15.00000 16.00000 0.00000 44.00000 29.00000 40.00000 24.00000 16.00000 23.00000 40.00000 26.00000 19.00000 31.00000 25.00000 13.00000 42.00000 28.00000 21.00000 3.00000 14.00000 2.00000 55.00000 16.00000 23.00000 15.00000 17.00000 16.00000 25.00000 21.00000 49.00000 32.00000 18.00000 2.00000 24.00000 14.00000 16.00000 25.00000 33.00000 39.00000 34.00000 27.00000 14.00000 32.00000 16.00000 14.00000 10.00000 48.00000 24.00000 25.00000 51.00000 17.00000 40.00000 3.00000 12.00000 34.00000 27.00000 14.00000 14.00000 24.00000 29.00000 3.00000 18.00000 15.00000 22.00000 7.00000 12.00000 49.00000 16.00000 3.00000 16.00000 15.00000 33.00000
14.00000 36.00000 36.00000 35.00000 28.00000 36.00000 32.00000 43.00000 0.00000 18.00000 11.00000 28.00000 33.00000 24.00000 9.00000 24.00000 36.00000 18.00000 23.00000 31.00000 8.00000 21.00000 25.00000 43.00000 35.00000 44.00000 12.00000 37.00000 23.00000 33.00000 32.00000 37.00000 23.00000 26.00000 11.00000 14.00000 38.00000 43.00000 24.00000 30.00000 36.00000 23.00000 14.00000 7.00000 18.00000 26.00000 31.00000 18.00000 36.00000 30.00000 36.00000 5.00000 24.00000 23.00000 10.00000 32.00000 18.00000 42.00000 34.00000 14.00000 20.00000 31.00000 31.00000 22.00000 21.00000 41.00000 33.00000 35.00000 26.00000 39.00000 42.00000 11.00000 34.00000 43.00000 29.00000 35.00000 14.00000
9.00000 21.00000 20.00000 20.00000 12.00000 20.00000 16.00000 27.00000 19.00000 0.00000 16.00000 16.00000 17.00000 9.00000 16.00000 18.00000 21.00000 9.00000 7.00000 16.00000 18.00000 6.00000 10.00000 27.00000 19.00000 28.00000 31.00000 21.00000 7.00000 18.00000 17.00000 22.00000 7.00000 10.00000 25.00000 8.00000 22.00000 27.00000 9.00000 14.00000 21.00000 7.00000 9.00000 15.00000 12.00000 11.00000 15.00000 8.00000 21.00000 15.00000 20.00000 24.00000 8.00000 8.00000 27.00000 17.00000 16.00000 26.00000 18.00000 10.00000 4.00000 15.00000 15.00000 6.00000 8.00000 26.00000 17.00000 19.00000 10.00000 24.00000 27.00000 25.00000 18.00000 27.00000 14.00000 19.00000 9.00000
10.00000 32.00000 32.00000 31.00000 24.00000 31.00000 28.00000 39.00000 10.00000 14.00000 0.00000 27.00000 28.00000 20.00000 3.00000 24.00000 32.00000 14.00000 18.00000 27.00000 12.00000 16.00000 21.00000 38.00000 30.00000 39.00000 21.00000 32.00000 19.00000 29.00000 28.00000 33.00000 19.00000 21.00000 19.00000 11.00000 33.00000 38.00000 20.00000 26.00000 32.00000 18.00000 10.00000 9.00000 15.00000 22.00000 26.00000 15.00000 32.00000 26.00000 31.00000 13.00000 19.00000 19.00000 18.00000 28.00000 10.00000 38.00000 29.00000 9.00000 15.00000 26.00000 26.00000 17.00000 16.00000 37.00000 28.00000 31.00000 21.00000 35.00000 38.00000 19.00000 29.00000 38.00000 25.00000 31.00000 10.00000
21.00000 22.00000 21.00000 21.00000 11.00000 21.00000 17.00000 24.00000 30.00000 17.00000 27.00000 0.00000 21.00000 13.00000 27.00000 5.00000 13.00000 21.00000 14.00000 16.00000 30.00000 18.00000 12.00000 24.00000 20.00000 25.00000 36.00000 22.00000 12.00000 19.00000 20.00000 16.00000 13.00000 13.00000 35.00000 21.00000 24.00000 24.00000 13.00000 15.00000 22.00000 14.00000 21.00000 28.00000 24.00000 13.00000 16.00000 16.00000 22.00000 15.00000 17.00000 29.00000 13.00000 14.00000 35.00000 21.00000 23.00000 23.00000 15.00000 23.00000 16.00000 16.00000 16.00000 13.00000 21.00000 23.00000 21.00000 20.00000 12.00000 20.00000 20.00000 35.00000 20.00000 24.00000 14.00000 13.00000 21.00000
22.00000 6.00000 5.00000 5.00000 18.00000 5.00000 5.00000 16.00000 32.00000 17.00000 29.00000 21.00000 0.00000 11.00000 29.00000 23.00000 20.00000 19.00000 13.00000 8.00000 31.00000 16.00000 12.00000 17.00000 5.00000 17.00000 43.00000 6.00000 13.00000 3.00000 4.00000 21.00000 14.00000 12.00000 38.00000 21.00000 8.00000 16.00000 13.00000 8.00000 5.00000 13.00000 22.00000 28.00000 21.00000 17.00000 6.00000 21.00000 6.00000 6.00000 11.00000 36.00000 14.00000 13.00000 40.00000 2.00000 28.00000 16.00000 11.00000 23.00000 15.00000 6.00000 7.00000 14.00000 17.00000 15.00000 3.00000 4.00000 12.00000 13.00000 19.00000 38.00000 3.00000 17.00000 11.00000 19.00000 22.00000
13.00000 17.00000 17.00000 16.00000 8.00000 16.00000 13.00000 24.00000 23.00000 9.00000 20.00000 12.00000 14.00000 0.00000 20.00000 13.00000 16.00000 13.00000 3.00000 12.00000 22.00000 9.00000 5.00000 24.00000 16.00000 25.00000 35.00000 17.00000 2.00000 14.00000 13.00000 19.00000 3.00000 5.00000 29.00000 12.00000 19.00000 24.00000 2.00000 11.00000 17.00000 3.00000 13.00000 19.00000 16.00000 6.00000 12.00000 12.00000 17.00000 11.00000 17.00000 27.00000 3.00000 2.00000 31.00000 13.00000 20.00000 23.00000 15.00000 14.00000 5.00000 12.00000 12.00000 4.00000 12.00000 23.00000 14.00000 16.00000 5.00000 20.00000 23.00000 29.00000 14.00000 24.00000 11.00000 16.00000 13.00000
10.00000 32.00000 31.00000 31.00000 23.00000 31.00000 27.00000 38.00000 9.00000 14.00000 3.00000 27.00000 28.00000 20.00000 0.00000 23.00000 32.00000 14.00000 18.00000 26.00000 10.00000 16.00000 20.00000 38.00000 30.00000 39.00000 19.00000 32.00000 18.00000 29.00000 28.00000 33.00000 18.00000 21.00000 17.00000 11.00000 33.00000 38.00000 19.00000 25.00000 31.00000 18.00000 10.00000 9.00000 15.00000 22.00000 26.00000 14.00000 32.00000 25.00000 31.00000 11.00000 19.00000 18.00000 16.00000 28.00000 10.00000 37.00000 29.00000 9.00000 15.00000 26.00000 26.00000 17.00000 16.00000 37.00000 28.00000 30.00000 21.00000 34.00000 37.00000 17.00000 29.00000 38.00000 25.00000 30.00000 10.00000
23.00000 24.00000 23.00000 23.00000 13.00000 23.00000 19.00000 26.00000 27.00000 19.00000 24.00000 5.00000 23.00000 15.00000 24.00000 0.00000 15.00000 23.00000 16.00000 18.00000 31.00000 20.00000 14.00000 26.00000 22.00000 27.00000 33.00000 24.00000 14.00000 21.00000 22.00000 18.00000 15.00000 15.00000 33.00000 23.00000 26.00000 26.00000 15.00000 17.00000 24.00000 16.00000 23.00000 28.00000 27.00000 15.00000 18.00000 13.00000 24.00000 17.00000 19.00000 26.00000 15.00000 16.00000 32.00000 23.00000 21.00000 25.00000 17.00000 24.00000 18.00000 18.00000 18.00000 15.00000 23.00000 25.00000 23.00000 22.00000 14.00000 22.00000 22.00000 32.00000 23.00000 26.00000 16.00000 15.00000 23.00000
26.00000 22.00000 21.00000 21.00000 16.00000 21.00000 17.00000 18.00000 36.00000 21.00000 33.00000 14.00000 21.00000 17.00000 33.00000 15.00000 0.00000 25.00000 18.00000 16.00000 35.00000 22.00000 15.00000 18.00000 20.00000 19.00000 47.00000 22.00000 16.00000 19.00000 20.00000 10.00000 17.00000 16.00000 42.00000 25.00000 24.00000 18.00000 17.00000 15.00000 21.00000 18.00000 26.00000 32.00000 29.00000 18.00000 16.00000 25.00000 22.00000 15.00000 14.00000 40.00000 17.00000 19.00000 44.00000 20.00000 32.00000 17.00000 13.00000 27.00000 20.00000 16.00000 16.00000 17.00000 25.00000 17.00000 21.00000 20.00000 15.00000 15.00000 14.00000 42.00000 20.00000 18.00000 14.00000 7.00000 26.00000
8.00000 22.00000 21.00000 21.00000 18.00000 21.00000 20.00000 32.00000 19.00000 9.00000 15.00000 22.00000 19.00000 13.00000 15.00000 23.00000 26.00000 0.00000 11.00000 20.00000 17.00000 5.00000 15.00000 32.00000 21.00000 33.00000 30.00000 22.00000 13.00000 20.00000 19.00000 27.00000 12.00000 16.00000 25.00000 8.00000 23.00000 32.00000 14.00000 19.00000 21.00000 12.00000 8.00000 15.00000 6.00000 16.00000 19.00000 16.00000 22.00000 19.00000 26.00000 23.00000 13.00000 12.00000 27.00000 19.00000 15.00000 31.00000 24.00000 9.00000 10.00000 19.00000 20.00000 12.00000 5.00000 31.00000 18.00000 20.00000 16.00000 28.00000 32.00000 25.00000 20.00000 32.00000 19.00000 25.00000 8.00000
11.00000 17.00000 17.00000 16.00000 9.00000 17.00000 14.00000 26.00000 22.00000 7.00000 18.00000 13.00000 14.00000 3.00000 18.00000 15.00000 18.00000 11.00000 0.00000 14.00000 20.00000 7.00000 6.00000 26.00000 16.00000 26.00000 33.00000 18.00000 3.00000 14.00000 13.00000 20.00000 2.00000 7.00000 27.00000 10.00000 19.00000 25.00000 3.00000 13.00000 17.00000 1.00000 11.00000 17.00000 14.00000 8.00000 13.00000 10.00000 17.00000 13.00000 18.00000 26.00000 2.00000 2.00000 29.00000 13.00000 18.00000 25.00000 16.00000 12.00000 3.00000 13.00000 13.00000 3.00000 10.00000 24.00000 14.00000 16.00000 6.00000 22.00000 25.00000 27.00000 15.00000 26.00000 12.00000 18.00000 11.00000
22.00000 9.00000 9.00000 8.00000 15.00000 8.00000 4.00000 13.00000 32.00000 18.00000 29.00000 19.00000 7.00000 12.00000 29.00000 20.00000 16.00000 20.00000 14.00000 0.00000 31.00000 16.00000 10.00000 13.00000 7.00000 14.00000 44.00000 9.00000 12.00000 6.00000 7.00000 17.00000 13.00000 10.00000 38.00000 21.00000 11.00000 13.00000 13.00000 2.00000 9.00000 13.00000 22.00000 28.00000 22.00000 17.00000 2.00000 21.00000 9.00000 3.00000 7.00000 36.00000 13.00000 13.00000 40.00000 7.00000 29.00000 12.00000 7.00000 23.00000 16.00000 3.00000 3.00000 13.00000 17.00000 12.00000 7.00000 8.00000 10.00000 10.00000 15.00000 38.00000 7.00000 13.00000 5.00000 14.00000 22.00000
12.00000 35.00000 35.00000 34.00000 27.00000 34.00000 31.00000 42.00000 8.00000 17.00000 12.00000 30.00000 31.00000 23.00000 10.00000 30.00000 35.00000 16.00000 21.00000 30.00000 0.00000 19.00000 24.00000 41.00000 33.00000 42.00000 16.00000 35.00000 22.00000 32.00000 31.00000 36.00000 22.00000 24.00000 10.00000 13.00000 36.00000 41.00000 23.00000 29.00000 35.00000 21.00000 12.00000 6.00000 16.00000 25.00000 29.00000 21.00000 35.00000 29.00000 34.00000 13.00000 22.00000 22.00000 12.00000 31.00000 16.00000 41.00000 32.00000 13.00000 18.00000 29.00000 29.00000 20.00000 19.00000 40.00000 31.00000 34.00000 24.00000 38.00000 41.00000 10.00000 32.00000 41.00000 28.00000 34.00000 12.00000
10.00000 20.00000 20.00000 19.00000 15.00000 19.00000 17.00000 29.00000 20.00000 5.00000 17.00000 19.00000 17.00000 9.00000 17.00000 20.00000 23.00000 5.00000 7.00000 17.00000 19.00000 0.00000 12.00000 29.00000 19.00000 30.00000 32.00000 20.00000 10.00000 17.00000 16.00000 24.00000 8.00000 13.00000 26.00000 9.00000 21.00000 29.00000 10.00000 16.00000 20.00000 7.00000 10.00000 16.00000 11.00000 13.00000 16.00000 12.00000 20.00000 16.00000 23.00000 25.00000 9.00000 8.00000 28.00000 16.00000 17.00000 28.00000 21.00000 11.00000 7.00000 16.00000 16.00000 9.00000 5.00000 28.00000 16.00000 19.00000 12.00000 25.00000 29.00000 26.00000 17.00000 29.00000 16.00000 22.00000 10.00000
14.00000 15.00000 15.00000 14.00000 9.00000 15.00000 11.00000 22.00000 25.00000 10.00000 22.00000 13.00000 12.00000 5.00000 21.00000 14.00000 15.00000 14.00000 6.00000 10.00000 23.00000 11.00000 0.00000 21.00000 13.00000 22.00000 36.00000 16.00000 5.00000 13.00000 12.00000 16.00000 6.00000 1.00000 31.00000 14.00000 18.00000 21.00000 5.00000 9.00000 15.00000 5.00000 14.00000 21.00000 17.00000 9.00000 9.00000 14.00000 15.00000 9.00000 14.00000 29.00000 5.00000 6.00000 33.00000 12.00000 21.00000 21.00000 12.00000 16.00000 8.00000 9.00000 9.00000 6.00000 14.00000 20.00000 12.00000 14.00000 2.00000 18.00000 21.00000 31.00000 13.00000 21.00000 8.00000 14.00000 14.00000
33.00000 16.00000 16.00000 15.00000 24.00000 16.00000 16.00000 3.00000 43.00000 28.00000 40.00000 24.00000 17.00000 23.00000 40.00000 26.00000 19.00000 31.00000 25.00000 12.00000 42.00000 27.00000 21.00000 0.00000 14.00000 3.00000 54.00000 16.00000 23.00000 15.00000 16.00000 16.00000 24.00000 21.00000 49.00000 32.00000 18.00000 2.00000 24.00000 14.00000 16.00000 25.00000 33.00000 39.00000 33.00000 26.00000 14.00000 32.00000 16.00000 14.00000 10.00000 47.00000 24.00000 24.00000 51.00000 17.00000 39.00000 2.00000 12.00000 34.00000 27.00000 14.00000 14.00000 24.00000 28.00000 3.00000 18.00000 15.00000 21.00000 7.00000 11.00000 49.00000 16.00000 1.00000 16.00000 14.00000 33.00000
23.00000 4.00000 4.00000 3.00000 17.00000 4.00000 4.00000 14.00000 34.00000 19.00000 31.00000 20.00000 4.00000 13.00000 30.00000 22.00000 19.00000 21.00000 15.00000 7.00000 32.00000 18.00000 11.00000 14.00000 0.00000 14.00000 45.00000 4.00000 14.00000 3.00000 5.00000 20.00000 15.00000 11.00000 40.00000 23.00000 6.00000 14.00000 14.00000 7.00000 4.00000 15.00000 23.00000 30.00000 23.00000 19.00000 6.00000 23.00000 4.00000 6.00000 10.00000 38.00000 14.00000 15.00000 42.00000 5.00000 30.00000 13.00000 10.00000 25.00000 17.00000 6.00000 7.00000 15.00000 19.00000 13.00000 6.00000 3.00000 12.00000 10.00000 18.00000 40.00000 4.00000 14.00000 10.00000 18.00000 23.00000
34.00000 18.00000 17.00000 16.00000 25.00000 17.00000 17.00000 3.00000 44.00000 30.00000 41.00000 26.00000 18.00000 24.00000 41.00000 27.00000 20.00000 32.00000 26.00000 14.00000 43.00000 28.00000 22.00000 3.00000 16.00000 0.00000 56.00000 18.00000 24.00000 16.00000 18.00000 17.00000 26.00000 22.00000 50.00000 33.00000 20.00000 2.00000 25.00000 15.00000 17.00000 26.00000 34.00000 40.00000 34.00000 28.00000 15.00000 33.00000 17.00000 15.00000 11.00000 49.00000 25.00000 25.00000 52.00000 18.00000 41.00000 4.00000 13.00000 35.00000 28.00000 15.00000 15.00000 25.00000 30.00000 3.00000 19.00000 16.00000 22.00000 8.00000 13.00000 50.00000 17.00000 4.00000 17.00000 16.00000 34.00000
25.00000 47.00000 47.00000 46.00000 39.00000 46.00000 43.00000 54.00000 14.00000 29.00000 21.00000 36.00000 43.00000 35.00000 19.00000 32.00000 46.00000 28.00000 33.00000 42.00000 16.00000 31.00000 36.00000 54.00000 45.00000 54.00000 0.00000 47.00000 34.00000 44.00000 43.00000 46.00000 34.00000 36.00000 8.00000 25.00000 48.00000 53.00000 35.00000 41.00000 47.00000 34.00000 25.00000 18.00000 29.00000 37.00000 41.00000 25.00000 47.00000 41.00000 46.00000 12.00000 35.00000 34.00000 9.00000 43.00000 26.00000 53.00000 44.00000 25.00000 31.00000 41.00000 41.00000 32.00000 32.00000 52.00000 43.00000 46.00000 36.00000 50.00000 50.00000 8.00000 44.00000 54.00000 40.00000 46.00000 25.00000
26.00000 2.00000 2.00000 3.00000 20.00000 3.00000 7.00000 17.00000 36.00000 21.00000 33.00000 24.00000 6.00000 16.00000 33.00000 25.00000 22.00000 22.00000 18.00000 10.00000 35.00000 20.00000 15.00000 17.00000 4.00000 18.00000 48.00000 0.00000 17.00000 6.00000 7.00000 23.00000 18.00000 15.00000 42.00000 25.00000 3.00000 17.00000 17.00000 11.00000 2.00000 18.00000 26.00000 32.00000 24.00000 21.00000 9.00000 25.00000 4.00000 10.00000 13.00000 40.00000 18.00000 17.00000 44.00000 6.00000 32.00000 16.00000 13.00000 27.00000 20.00000 10.00000 10.00000 18.00000 21.00000 16.00000 7.00000 2.00000 15.00000 14.00000 19.00000 42.00000 6.00000 17.00000 13.00000 21.00000 26.00000
12.00000 18.00000 17.00000 16.00000 7.00000 17.00000 13.00000 24.00000 22.00000 8.00000 19.00000 11.00000 14.00000 5.00000 19.00000 13.00000 16.00000 12.00000 3.00000 12.00000 21.00000 9.00000 5.00000 24.00000 15.00000 25.00000 34.00000 18.00000 0.00000 14.00000 13.00000 18.00000 2.00000 6.00000 28.00000 11.00000 19.00000 23.00000 2.00000 11.00000 17.00000 3.00000 12.00000 18.00000 15.00000 6.00000 11.00000 11.00000 17.00000 11.00000 17.00000 26.00000 1.00000 4.00000 30.00000 14.00000 19.00000 23.00000 15.00000 13.00000 5.00000 11.00000 12.00000 3.00000 11.00000 22.00000 14.00000 16.00000 5.00000 20.00000 23.00000 28.00000 15.00000 24.00000 10.00000 16.00000 12.00000
22.00000 6.00000 5.00000 5.00000 16.00000 5.00000 3.00000 16.00000 32.00000 17.00000 29.00000 20.00000 4.00000 12.00000 29.00000 21.00000 19.00000 20.00000 14.00000 6.00000 31.00000 16.00000 11.00000 16.00000 5.00000 16.00000 44.00000 6.00000 13.00000 0.00000 3.00000 20.00000 14.00000 11.00000 38.00000 21.00000 8.00000 15.00000 13.00000 7.00000 6.00000 14.00000 22.00000 28.00000 21.00000 17.00000 5.00000 21.00000 6.00000 5.00000 9.00000 36.00000 14.00000 13.00000 40.00000 4.00000 28.00000 15.00000 9.00000 23.00000 16.00000 5.00000 5.00000 14.00000 17.00000 14.00000 6.00000 4.00000 11.00000 12.00000 18.00000 38.00000 3.00000 16.00000 9.00000 18.00000 22.00000
23.00000 5.00000 5.00000 4.00000 17.00000 5.00000 4.00000 16.00000 33.00000 18.00000 30.00000 21.00000 3.00000 13.00000 30.00000 22.00000 19.00000 21.00000 15.00000 7.00000 32.00000 17.00000 12.00000 16.00000 4.00000 17.00000 45.00000 5.00000 14.00000 2.00000 0.00000 20.00000 15.00000 12.00000 39.00000 22.00000 7.00000 16.00000 14.00000 8.00000 5.00000 15.00000 23.00000 29.00000 23.00000 18.00000 6.00000 22.00000 5.00000 6.00000 10.00000 38.00000 15.00000 14.00000 41.00000 4.00000 29.00000 15.00000 10.00000 24.00000 17.00000 6.00000 6.00000 15.00000 18.00000 15.00000 5.00000 4.00000 12.00000 12.00000 18.00000 39.00000 2.00000 16.00000 10.00000 18.00000 23.00000
28.00000 22.00000 22.00000 21.00000 18.00000 21.00000 18.00000 16.00000 38.00000 24.00000 35.00000 16.00000 21.00000 20.00000 35.00000 18.00000 10.00000 28.00000 20.00000 17.00000 37.00000 25.00000 16.00000 15.00000 20.00000 16.00000 46.00000 22.00000 18.00000 19.00000 21.00000 0.00000 19.00000 16.00000 44.00000 27.00000 24.00000 15.00000 19.00000 15.00000 22.00000 20.00000 28.00000 34.00000 31.00000 20.00000 16.00000 27.00000 22.00000 16.00000 15.00000 41.00000 19.00000 21.00000 46.00000 21.00000 35.00000 14.00000 13.00000 29.00000 22.00000 16.00000 16.00000 19.00000 27.00000 14.00000 21.00000 21.00000 17.00000 12.00000 9.00000 44.00000 20.00000 15.00000 15.00000 5.00000 28.00000
11.00000 18.00000 18.00000 17.00000 9.00000 17.00000 14.00000 25.00000 21.00000 7.00000 18.00000 13.00000 14.00000 4.00000 18.00000 14.00000 17.00000 11.00000 1.00000 13.00000 20.00000 8.00000 6.00000 25.00000 17.00000 26.00000 32.00000 18.00000 2.00000 15.00000 14.00000 19.00000 0.00000 6.00000 27.00000 10.00000 20.00000 24.00000 2.00000 12.00000 18.00000 1.00000 11.00000 17.00000 14.00000 7.00000 12.00000 10.00000 18.00000 12.00000 18.00000 25.00000 1.00000 3.00000 29.00000 14.00000 18.00000 24.00000 16.00000 12.00000 4.00000 12.00000 13.00000 2.00000 10.00000 23.00000 14.00000 17.00000 5.00000 21.00000 24.00000 27.00000 15.00000 25.00000 11.00000 17.00000 11.00000
15.00000 15.00000 15.00000 14.00000 10.00000 15.00000 11.00000 22.00000 25.00000 11.00000 22.00000 13.00000 12.00000 5.00000 22.00000 15.00000 15.00000 15.00000 5.00000 10.00000 24.00000 12.00000 1.00000 22.00000 14.00000 22.00000 37.00000 15.00000 5.00000 12.00000 11.00000 16.00000 6.00000 0.00000 31.00000 14.00000 17.00000 21.00000 4.00000 9.00000 15.00000 5.00000 15.00000 21.00000 18.00000 9.00000 10.00000 14.00000 15.00000 9.00000 14.00000 30.00000 6.00000 6.00000 33.00000 11.00000 22.00000 21.00000 12.00000 16.00000 8.00000 10.00000 10.00000 6.00000 14.00000 20.00000 11.00000 14.00000 3.00000 18.00000 21.00000 31.00000 13.00000 22.00000 8.00000 14.00000 15.00000
20.00000 42.00000 42.00000 41.00000 34.00000 41.00000 38.00000 49.00000 12.00000 24.00000 19.00000 35.00000 39.00000 30.00000 17.00000 32.00000 42.00000 23.00000 28.00000 37.00000 10.00000 26.00000 31.00000 49.00000 40.00000 50.00000 8.00000 42.00000 29.00000 39.00000 38.00000 43.00000 29.00000 32.00000 0.00000 20.00000 44.00000 48.00000 30.00000 36.00000 42.00000 29.00000 20.00000 13.00000 24.00000 32.00000 36.00000 25.00000 42.00000 36.00000 41.00000 10.00000 30.00000 29.00000 3.00000 38.00000 23.00000 48.00000 39.00000 20.00000 26.00000 36.00000 36.00000 28.00000 27.00000 47.00000 38.00000 41.00000 31.00000 45.00000 48.00000 1.00000 39.00000 49.00000 35.00000 41.00000 20.00000
5.00000 27.00000 27.00000 26.00000 19.00000 26.00000 23.00000 34.00000 13.00000 9.00000 11.00000 23.00000 24.00000 15.00000 11.00000 24.00000 27.00000 8.00000 13.00000 22.00000 11.00000 11.00000 16.00000 34.00000 25.00000 35.00000 24.00000 27.00000 14.00000 24.00000 23.00000 28.00000 14.00000 16.00000 19.00000 0.00000 28.00000 33.00000 15.00000 21.00000 27.00000 14.00000 5.00000 9.00000 7.00000 17.00000 21.00000 16.00000 27.00000 21.00000 26.00000 17.00000 15.00000 14.00000 21.00000 23.00000 11.00000 33.00000 24.00000 6.00000 11.00000 21.00000 21.00000 13.00000 12.00000 32.00000 23.00000 26.00000 16.00000 30.00000 33.00000 19.00000 24.00000 34.00000 20.00000 26.00000 5.00000
27.00000 4.00000 4.00000 4.00000 22.00000 4.00000 9.00000 17.00000 37.00000 22.00000 34.00000 25.00000 7.00000 17.00000 34.00000 27.00000 24.00000 24.00000 19.00000 12.00000 36.00000 21.00000 16.00000 16.00000 6.00000 18.00000 49.00000 3.00000 19.00000 8.00000 9.00000 25.00000 20.00000 16.00000 43.00000 26.00000 0.00000 17.00000 19.00000 12.00000 4.00000 19.00000 27.00000 33.00000 25.00000 23.00000 11.00000 26.00000 5.00000 11.00000 15.00000 41.00000 19.00000 19.00000 45.00000 8.00000 33.00000 15.00000 15.00000 28.00000 21.00000 11.00000 12.00000 20.00000 22.00000 16.00000 9.00000 4.00000 17.00000 15.00000 18.00000 43.00000 8.00000 16.00000 15.00000 23.00000 27.00000
34.00000 17.00000 17.00000 16.00000 25.00000 16.00000 17.00000 3.00000 44.00000 29.00000 41.00000 25.00000 17.00000 24.00000 41.00000 26.00000 19.00000 32.00000 26.00000 13.00000 42.00000 28.00000 22.00000 2.00000 15.00000 2.00000 55.00000 17.00000 24.00000 15.00000 17.00000 17.00000 25.00000 22.00000 50.00000 33.00000 19.00000 0.00000 25.00000 14.00000 17.00000 25.00000 34.00000 40.00000 34.00000 27.00000 15.00000 33.00000 17.00000 15.00000 11.00000 48.00000 25.00000 25.00000 52.00000 18.00000 40.00000 3.00000 12.00000 35.00000 28.00000 14.00000 14.00000 25.00000 29.00000 3.00000 19.00000 16.00000 22.00000 8.00000 13.00000 50.00000 16.00000 3.00000 17.00000 15.00000 34.00000
12.00000 17.00000 17.00000 16.00000 7.00000 16.00000 13.00000 24.00000 22.00000 8.00000 19.00000 11.00000 13.00000 4.00000 19.00000 12.00000 16.00000 12.00000 4.00000 12.00000 21.00000 9.00000 5.00000 23.00000 15.00000 24.00000 34.00000 17.00000 2.00000 14.00000 13.00000 18.00000 3.00000 5.00000 28.00000 11.00000 18.00000 23.00000 0.00000 11.00000 17.00000 3.00000 12.00000 18.00000 15.00000 6.00000 11.00000 12.00000 17.00000 11.00000 16.00000 27.00000 2.00000 4.00000 30.00000 13.00000 19.00000 23.00000 14.00000 13.00000 6.00000 11.00000 11.00000 3.00000 11.00000 22.00000 13.00000 15.00000 4.00000 20.00000 23.00000 28.00000 14.00000 23.00000 10.00000 16.00000 12.00000
22.00000 10.00000 9.00000 9.00000 15.00000 9.00000 5.00000 14.00000 32.00000 17.00000 29.00000 18.00000 8.00000 11.00000 29.00000 19.00000 15.00000 21.00000 12.00000 2.00000 31.00000 17.00000 9.00000 14.00000 8.00000 15.00000 43.00000 10.00000 12.00000 7.00000 7.00000 16.00000 13.00000 8.00000 38.00000 21.00000 12.00000 13.00000 11.00000 0.00000 9.00000 12.00000 22.00000 28.00000 23.00000 16.00000 3.00000 21.00000 9.00000 4.00000 8.00000 36.00000 12.00000 12.00000 40.00000 7.00000 28.00000 13.00000 7.00000 23.00000 15.00000 3.00000 3.00000 13.00000 18.00000 12.00000 8.00000 8.00000 10.00000 10.00000 16.00000 38.00000 8.00000 14.00000 4.00000 13.00000 22.00000
26.00000 1.00000 2.00000 3.00000 19.00000 3.00000 6.00000 16.00000 36.00000 21.00000 33.00000 23.00000 6.00000 16.00000 33.00000 24.00000 22.00000 23.00000 18.00000 9.00000 35.00000 20.00000 14.00000 16.00000 3.00000 17.00000 47.00000 2.00000 16.00000 5.00000 7.00000 22.00000 17.00000 14.00000 42.00000 25.00000 4.00000 16.00000 17.00000 10.00000 0.00000 18.00000 26.00000 32.00000 24.00000 21.00000 9.00000 25.00000 3.00000 9.00000 12.00000 40.00000 17.00000 17.00000 44.00000 6.00000 32.00000 16.00000 12.00000 27.00000 20.00000 9.00000 9.00000 17.00000 21.00000 15.00000 7.00000 2.00000 14.00000 13.00000 19.00000 42.00000 6.00000 16.00000 12.00000 20.00000 26.00000
11.00000 17.00000 17.00000 16.00000 9.00000 17.00000 14.00000 26.00000 21.00000 7.00000 18.00000 13.00000 14.00000 3.00000 18.00000 14.00000 18.00000 11.00000 1.00000 14.00000 20.00000 7.00000 6.00000 25.00000 16.00000 26.00000 33.00000 18.00000 3.00000 14.00000 13.00000 20.00000 1.00000 7.00000 27.00000 10.00000 19.00000 25.00000 3.00000 13.00000 17.00000 0.00000 11.00000 17.00000 14.00000 8.00000 13.00000 10.00000 18.00000 13.00000 18.00000 26.00000 2.00000 2.00000 29.00000 14.00000 18.00000 25.00000 16.00000 12.00000 3.00000 13.00000 13.00000 2.00000 10.00000 24.00000 14.00000 16.00000 6.00000 22.00000 25.00000 27.00000 15.00000 25.00000 12.00000 18.00000 11.00000
0.00000 25.00000 24.00000 24.00000 16.00000 24.00000 20.00000 31.00000 14.00000 7.00000 10.00000 20.00000 21.00000 13.00000 10.00000 22.00000 25.00000 7.00000 11.00000 19.00000 12.00000 9.00000 13.00000 31.00000 23.00000 32.00000 25.00000 25.00000 11.00000 21.00000 20.00000 26.00000 11.00000 14.00000 20.00000 3.00000 26.00000 31.00000 12.00000 18.00000 24.00000 11.00000 0.00000 10.00000 7.00000 14.00000 19.00000 14.00000 25.00000 18.00000 24.00000 18.00000 12.00000 11.00000 22.00000 21.00000 10.00000 30.00000 22.00000 4.00000 8.00000 19.00000 19.00000 10.00000 9.00000 30.00000 21.00000 23.00000 14.00000 27.00000 30.00000 20.00000 22.00000 31.00000 17.00000 23.00000 0.00000
9.00000 32.00000 31.00000 31.00000 23.00000 31.00000 27.00000 38.00000 8.00000 14.00000 9.00000 27.00000 28.00000 19.00000 9.00000 27.00000 32.00000 13.00000 18.00000 26.00000 7.00000 16.00000 20.00000 38.00000 30.00000 39.00000 20.00000 32.00000 18.00000 28.00000 27.00000 33.00000 18.00000 21.00000 14.00000 10.00000 33.00000 38.00000 19.00000 25.00000 31.00000 18.00000 9.00000 0.00000 13.00000 21.00000 26.00000 17.00000 32.00000 25.00000 31.00000 13.00000 19.00000 18.00000 16.00000 28.00000 13.00000 37.00000 29.00000 9.00000 15.00000 26.00000 26.00000 17.00000 16.00000 37.00000 28.00000 30.00000 21.00000 34.00000 37.00000 14.00000 29.00000 38.00000 24.00000 30.00000 9.00000
7.00000 26.00000 25.00000 24.00000 21.00000 25.00000 24.00000 36.00000 17.00000 11.00000 15.00000 25.00000 23.00000 17.00000 15.00000 26.00000 29.00000 7.00000 16.00000 24.00000 16.00000 12.00000 18.00000 36.00000 24.00000 37.00000 29.00000 26.00000 16.00000 24.00000 22.00000 30.00000 16.00000 19.00000 23.00000 6.00000 26.00000 35.00000 17.00000 23.00000 25.00000 16.00000 7.00000 13.00000 0.00000 19.00000 23.00000 18.00000 26.00000 23.00000 29.00000 22.00000 17.00000 16.00000 25.00000 23.00000 15.00000 35.00000 27.00000 9.00000 13.00000 23.00000 23.00000 15.00000 12.00000 34.00000 21.00000 24.00000 18.00000 32.00000 35.00000 23.00000 23.00000 36.00000 22.00000 28.00000 7.00000
16.00000 20.00000 20.00000 19.00000 7.00000 19.00000 15.00000 26.00000 26.00000 12.00000 23.00000 13.00000 18.00000 9.00000 23.00000 15.00000 18.00000 16.00000 8.00000 14.00000 25.00000 13.00000 8.00000 26.00000 18.00000 27.00000 38.00000 20.00000 7.00000 18.00000 17.00000 20.00000 8.00000 9.00000 32.00000 15.00000 22.00000 26.00000 8.00000 13.00000 20.00000 8.00000 16.00000 22.00000 19.00000 0.00000 14.00000 14.00000 20.00000 13.00000 19.00000 31.00000 8.00000 10.00000 34.00000 18.00000 22.00000 25.00000 17.00000 17.00000 10.00000 14.00000 14.00000 7.00000 15.00000 25.00000 18.00000 19.00000 9.00000 22.00000 25.00000 32.00000 19.00000 26.00000 13.00000 18.00000 16.00000
21.00000 8.00000 7.00000 7.00000 15.00000 7.00000 3.00000 15.00000 32.00000 17.00000 29.00000 18.00000 6.00000 11.00000 28.00000 20.00000 16.00000 20.00000 13.00000 2.00000 30.00000 16.00000 9.00000 14.00000 6.00000 15.00000 43.00000 8.00000 11.00000 5.00000 5.00000 17.00000 13.00000 9.00000 38.00000 21.00000 10.00000 14.00000 12.00000 3.00000 7.00000 13.00000 21.00000 28.00000 21.00000 17.00000 0.00000 21.00000 8.00000 3.00000 8.00000 36.00000 12.00000 13.00000 40.00000 6.00000 28.00000 14.00000 8.00000 22.00000 16.00000 1.00000 1.00000 12.00000 17.00000 13.00000 6.00000 6.00000 10.00000 11.00000 17.00000 38.00000 6.00000 14.00000 6.00000 15.00000 21.00000
14.00000 24.00000 24.00000 23.00000 16.00000 23.00000 20.00000 31.00000 19.00000 8.00000 15.00000 16.00000 20.00000 12.00000 15.00000 13.00000 24.00000 15.00000 10.00000 19.00000 20.00000 12.00000 13.00000 31.00000 23.00000 32.00000 26.00000 24.00000 11.00000 21.00000 20.00000 26.00000 11.00000 14.00000 25.00000 15.00000 25.00000 31.00000 12.00000 18.00000 24.00000 10.00000 14.00000 18.00000 18.00000 14.00000 19.00000 0.00000 24.00000 18.00000 24.00000 19.00000 12.00000 11.00000 24.00000 20.00000 9.00000 30.00000 22.00000 13.00000 8.00000 19.00000 19.00000 9.00000 15.00000 30.00000 20.00000 23.00000 14.00000 27.00000 30.00000 25.00000 21.00000 31.00000 17.00000 23.00000 14.00000
25.00000 3.00000 3.00000 2.00000 19.00000 2.00000 7.00000 16.00000 36.00000 21.00000 33.00000 23.00000 5.00000 15.00000 33.00000 24.00000 22.00000 22.00000 17.00000 9.00000 34.00000 20.00000 14.00000 17.00000 3.00000 17.00000 47.00000 3.00000 16.00000 5.00000 7.00000 22.00000 17.00000 14.00000 42.00000 25.00000 5.00000 16.00000 16.00000 10.00000 3.00000 17.00000 25.00000 32.00000 24.00000 21.00000 9.00000 24.00000 0.00000 9.00000 12.00000 40.00000 17.00000 16.00000 44.00000 6.00000 32.00000 16.00000 12.00000 27.00000 19.00000 9.00000 9.00000 17.00000 20.00000 15.00000 7.00000 2.00000 14.00000 13.00000 19.00000 42.00000 6.00000 17.00000 12.00000 20.00000 25.00000
21.00000 8.00000 8.00000 7.00000 15.00000 7.00000 3.00000 15.00000 32.00000 17.00000 29.00000 18.00000 6.00000 11.00000 28.00000 20.00000 17.00000 20.00000 13.00000 3.00000 30.00000 16.00000 9.00000 15.00000 6.00000 16.00000 43.00000 8.00000 11.00000 5.00000 6.00000 18.00000 13.00000 9.00000 38.00000 21.00000 10.00000 15.00000 12.00000 3.00000 8.00000 13.00000 21.00000 28.00000 22.00000 17.00000 1.00000 21.00000 8.00000 0.00000 9.00000 36.00000 12.00000 13.00000 40.00000 6.00000 28.00000 14.00000 8.00000 23.00000 16.00000 2.00000 2.00000 13.00000 17.00000 14.00000 6.00000 6.00000 10.00000 11.00000 17.00000 38.00000 6.00000 15.00000 6.00000 16.00000 21.00000
27.00000 14.00000 14.00000 13.00000 17.00000 14.00000 12.00000 9.00000 37.00000 22.00000 34.00000 17.00000 13.00000 17.00000 34.00000 18.00000 14.00000 26.00000 19.00000 9.00000 36.00000 23.00000 15.00000 9.00000 12.00000 10.00000 48.00000 15.00000 17.00000 11.00000 13.00000 13.00000 18.00000 15.00000 43.00000 26.00000 16.00000 8.00000 18.00000 10.00000 14.00000 18.00000 27.00000 33.00000 29.00000 19.00000 10.00000 26.00000 14.00000 10.00000 0.00000 41.00000 18.00000 19.00000 45.00000 13.00000 33.00000 8.00000 3.00000 28.00000 21.00000 10.00000 10.00000 18.00000 25.00000 7.00000 14.00000 13.00000 15.00000 5.00000 11.00000 43.00000 12.00000 9.00000 9.00000 11.00000 27.00000
17.00000 40.00000 40.00000 39.00000 32.00000 39.00000 36.00000 47.00000 7.00000 22.00000 13.00000 29.00000 36.00000 28.00000 12.00000 26.00000 39.00000 21.00000 26.00000 35.00000 12.00000 24.00000 29.00000 46.00000 38.00000 47.00000 12.00000 40.00000 27.00000 37.00000 36.00000 41.00000 27.00000 29.00000 10.00000 18.00000 41.00000 46.00000 28.00000 34.00000 40.00000 26.00000 17.00000 11.00000 22.00000 30.00000 34.00000 19.00000 40.00000 34.00000 39.00000 0.00000 27.00000 27.00000 10.00000 36.00000 20.00000 46.00000 37.00000 18.00000 24.00000 34.00000 34.00000 25.00000 24.00000 45.00000 36.00000 39.00000 29.00000 43.00000 45.00000 10.00000 37.00000 46.00000 33.00000 39.00000 17.00000
12.00000 18.00000 17.00000 17.00000 8.00000 17.00000 14.00000 25.00000 22.00000 7.00000 19.00000 12.00000 14.00000 4.00000 19.00000 13.00000 17.00000 12.00000 2.00000 13.00000 21.00000 9.00000 5.00000 25.00000 16.00000 25.00000 33.00000 18.00000 1.00000 15.00000 14.00000 19.00000 1.00000 6.00000 28.00000 11.00000 19.00000 24.00000 2.00000 12.00000 17.00000 2.00000 12.00000 18.00000 15.00000 7.00000 12.00000 11.00000 18.00000 12.00000 17.00000 26.00000 0.00000 3.00000 30.00000 14.00000 19.00000 24.00000 15.00000 13.00000 5.00000 12.00000 12.00000 3.00000 11.00000 23.00000 14.00000 16.00000 5.00000 21.00000 24.00000 28.00000 15.00000 24.00000 11.00000 17.00000 12.00000
11.00000 17.00000 16.00000 16.00000 9.00000 16.00000 13.00000 25.00000 22.00000 7.00000 19.00000 13.00000 13.00000 2.00000 19.00000 14.00000 18.00000 11.00000 2.00000 13.00000 20.00000 7.00000 6.00000 25.00000 16.00000 26.00000 33.00000 17.00000 4.00000 13.00000 12.00000 20.00000 3.00000 6.00000 28.00000 11.00000 18.00000 25.00000 3.00000 12.00000 16.00000 2.00000 11.00000 18.00000 15.00000 8.00000 13.00000 11.00000 17.00000 12.00000 18.00000 26.00000 3.00000 0.00000 30.00000 13.00000 18.00000 24.00000 16.00000 13.00000 4.00000 13.00000 13.00000 4.00000 11.00000 24.00000 13.00000 15.00000 5.00000 21.00000 24.00000 28.00000 14.00000 25.00000 11.00000 17.00000 11.00000
22.00000 44.00000 44.00000 43.00000 36.00000 43.00000 40.00000 51.00000 11.00000 26.00000 18.00000 34.00000 41.00000 32.00000 16.00000 31.00000 44.00000 25.00000 30.00000 39.00000 12.00000 28.00000 33.00000 51.00000 42.00000 51.00000 9.00000 44.00000 31.00000 41.00000 40.00000 45.00000 31.00000 33.00000 3.00000 22.00000 45.00000 50.00000 32.00000 38.00000 44.00000 31.00000 22.00000 15.00000 26.00000 34.00000 38.00000 24.00000 44.00000 38.00000 43.00000 10.00000 32.00000 31.00000 0.00000 40.00000 25.00000 50.00000 41.00000 22.00000 28.00000 38.00000 38.00000 29.00000 29.00000 49.00000 40.00000 43.00000 33.00000 47.00000 50.00000 3.00000 41.00000 51.00000 37.00000 43.00000 22.00000
21.00000 6.00000 6.00000 5.00000 17.00000 6.00000 5.00000 17.00000 32.00000 17.00000 28.00000 21.00000 1.00000 11.00000 28.00000 22.00000 20.00000 19.00000 13.00000 7.00000 30.00000 15.00000 12.00000 17.00000 5.00000 18.00000 43.00000 7.00000 13.00000 4.00000 4.00000 21.00000 13.00000 11.00000 37.00000 20.00000 8.00000 17.00000 12.00000 8.00000 6.00000 13.00000 21.00000 27.00000 21.00000 17.00000 6.00000 20.00000 6.00000 6.00000 11.00000 36.00000 13.00000 12.00000 39.00000 0.00000 28.00000 17.00000 11.00000 22.00000 15.00000 6.00000 6.00000 14.00000 16.00000 16.00000 3.00000 5.00000 12.00000 14.00000 20.00000 37.00000 4.00000 17.00000 10.00000 19.00000 21.00000
10.00000 32.00000 31.00000 31.00000 23.00000 31.00000 27.00000 38.00000 18.00000 14.00000 10.00000 23.00000 28.00000 19.00000 10.00000 20.00000 32.00000 14.00000 18.00000 27.00000 16.00000 16.00000 21.00000 38.00000 30.00000 39.00000 27.00000 32.00000 18.00000 28.00000 27.00000 33.00000 18.00000 21.00000 23.00000 11.00000 33.00000 38.00000 20.00000 25.00000 31.00000 18.00000 10.00000 13.00000 15.00000 22.00000 26.00000 9.00000 32.00000 25.00000 31.00000 20.00000 19.00000 18.00000 25.00000 28.00000 0.00000 37.00000 29.00000 9.00000 15.00000 26.00000 26.00000 17.00000 16.00000 37.00000 28.00000 30.00000 21.00000 35.00000 38.00000 23.00000 29.00000 38.00000 25.00000 30.00000 10.00000
31.00000 15.00000 14.00000 14.00000 22.00000 14.00000 14.00000 3.00000 41.00000 27.00000 38.00000 23.00000 15.00000 21.00000 38.00000 24.00000 17.00000 29.00000 23.00000 11.00000 40.00000 26.00000 19.00000 2.00000 13.00000 4.00000 53.00000 15.00000 21.00000 13.00000 15.00000 14.00000 23.00000 19.00000 47.00000 30.00000 17.00000 3.00000 22.00000 12.00000 14.00000 23.00000 31.00000 37.00000 31.00000 25.00000 12.00000 30.00000 14.00000 12.00000 8.00000 46.00000 22.00000 22.00000 49.00000 15.00000 38.00000 0.00000 10.00000 32.00000 25.00000 12.00000 12.00000 22.00000 27.00000 2.00000 16.00000 13.00000 19.00000 5.00000 10.00000 47.00000 14.00000 2.00000 14.00000 13.00000 31.00000
25.00000 12.00000 12.00000 11.00000 15.00000 11.00000 10.00000 10.00000 35.00000 20.00000 32.00000 16.00000 11.00000 15.00000 32.00000 17.00000 12.00000 25.00000 17.00000 6.00000 34.00000 21.00000 13.00000 10.00000 10.00000 11.00000 46.00000 12.00000 15.00000 8.00000 10.00000 14.00000 16.00000 13.00000 41.00000 24.00000 14.00000 9.00000 16.00000 7.00000 12.00000 17.00000 25.00000 31.00000 27.00000 17.00000 7.00000 24.00000 12.00000 8.00000 3.00000 39.00000 16.00000 17.00000 43.00000 11.00000 32.00000 9.00000 0.00000 26.00000 19.00000 7.00000 7.00000 16.00000 22.00000 8.00000 12.00000 10.00000 13.00000 6.00000 12.00000 41.00000 9.00000 10.00000 8.00000 11.00000 25.00000
4.00000 26.00000 25.00000 25.00000 17.00000 25.00000 22.00000 33.00000 14.00000 8.00000 9.00000 21.00000 22.00000 14.00000 9.00000 23.00000 26.00000 8.00000 12.00000 21.00000 13.00000 10.00000 15.00000 32.00000 24.00000 33.00000 25.00000 26.00000 13.00000 23.00000 22.00000 27.00000 12.00000 15.00000 20.00000 5.00000 27.00000 32.00000 14.00000 19.00000 26.00000 12.00000 4.00000 10.00000 9.00000 16.00000 20.00000 13.00000 26.00000 20.00000 25.00000 18.00000 13.00000 13.00000 22.00000 22.00000 9.00000 31.00000 23.00000 0.00000 9.00000 20.00000 20.00000 11.00000 10.00000 31.00000 22.00000 24.00000 15.00000 29.00000 32.00000 20.00000 23.00000 32.00000 19.00000 24.00000 4.00000
11.00000 17.00000 17.00000 16.00000 9.00000 17.00000 13.00000 24.00000 22.00000 6.00000 18.00000 12.00000 16.00000 7.00000 18.00000 14.00000 17.00000 11.00000 4.00000 12.00000 20.00000 8.00000 6.00000 23.00000 15.00000 24.00000 33.00000 17.00000 4.00000 15.00000 15.00000 18.00000 4.00000 6.00000 27.00000 10.00000 19.00000 23.00000 5.00000 11.00000 17.00000 4.00000 11.00000 17.00000 14.00000 7.00000 11.00000 9.00000 17.00000 11.00000 16.00000 26.00000 4.00000 6.00000 29.00000 15.00000 17.00000 23.00000 14.00000 12.00000 0.00000 11.00000 11.00000 2.00000 11.00000 22.00000 15.00000 16.00000 6.00000 20.00000 23.00000 27.00000 16.00000 23.00000 10.00000 16.00000 11.00000
21.00000 8.00000 7.00000 7.00000 15.00000 7.00000 3.00000 15.00000 32.00000 17.00000 29.00000 18.00000 6.00000 12.00000 28.00000 20.00000 16.00000 20.00000 13.00000 3.00000 30.00000 16.00000 9.00000 14.00000 6.00000 15.00000 43.00000 8.00000 12.00000 5.00000 5.00000 17.00000 13.00000 9.00000 38.00000 21.00000 10.00000 14.00000 12.00000 3.00000 8.00000 13.00000 21.00000 28.00000 22.00000 17.00000 1.00000 21.00000 8.00000 3.00000 8.00000 36.00000 12.00000 13.00000 40.00000 6.00000 28.00000 14.00000 8.00000 23.00000 16.00000 0.00000 1.00000 13.00000 17.00000 13.00000 6.00000 6.00000 10.00000 11.00000 17.00000 38.00000 6.00000 14.00000 5.00000 15.00000 21.00000
21.00000 8.00000 8.00000 7.00000 14.00000 7.00000 3.00000 14.00000 32.00000 17.00000 28.00000 18.00000 6.00000 11.00000 28.00000 20.00000 16.00000 19.00000 13.00000 2.00000 30.00000 16.00000 9.00000 14.00000 6.00000 15.00000 43.00000 8.00000 11.00000 5.00000 6.00000 17.00000 13.00000 9.00000 37.00000 20.00000 10.00000 14.00000 12.00000 2.00000 8.00000 13.00000 21.00000 27.00000 22.00000 17.00000 1.00000 21.00000 8.00000 2.00000 8.00000 36.00000 12.00000 13.00000 39.00000 6.00000 28.00000 13.00000 8.00000 22.00000 15.00000 1.00000 0.00000 12.00000 17.00000 13.00000 6.00000 7.00000 10.00000 11.00000 16.00000 37.00000 6.00000 14.00000 5.00000 15.00000 21.00000
9.00000 18.00000 17.00000 17.00000 9.00000 17.00000 13.00000 24.00000 20.00000 5.00000 17.00000 13.00000 15.00000 5.00000 17.00000 14.00000 17.00000 9.00000 3.00000 12.00000 18.00000 6.00000 6.00000 24.00000 16.00000 25.00000 31.00000 18.00000 3.00000 15.00000 14.00000 18.00000 2.00000 7.00000 26.00000 9.00000 20.00000 23.00000 4.00000 11.00000 17.00000 2.00000 9.00000 16.00000 13.00000 7.00000 11.00000 9.00000 18.00000 11.00000 17.00000 24.00000 3.00000 4.00000 28.00000 14.00000 16.00000 23.00000 15.00000 11.00000 4.00000 12.00000 12.00000 0.00000 9.00000 22.00000 15.00000 16.00000 6.00000 20.00000 23.00000 26.00000 16.00000 24.00000 10.00000 16.00000 9.00000
10.00000 21.00000 21.00000 20.00000 17.00000 20.00000 17.00000 30.00000 20.00000 8.00000 17.00000 21.00000 17.00000 11.00000 17.00000 23.00000 26.00000 5.00000 10.00000 18.00000 19.00000 5.00000 14.00000 30.00000 20.00000 31.00000 32.00000 21.00000 12.00000 18.00000 17.00000 27.00000 11.00000 14.00000 26.00000 9.00000 22.00000 29.00000 12.00000 17.00000 21.00000 11.00000 10.00000 16.00000 10.00000 16.00000 17.00000 15.00000 21.00000 17.00000 23.00000 25.00000 12.00000 11.00000 28.00000 17.00000 17.00000 29.00000 23.00000 11.00000 9.00000 17.00000 17.00000 11.00000 0.00000 28.00000 17.00000 19.00000 14.00000 26.00000 31.00000 26.00000 18.00000 30.00000 17.00000 24.00000 10.00000
31.00000 15.00000 14.00000 14.00000 23.00000 14.00000 14.00000 3.00000 42.00000 27.00000 38.00000 23.00000 15.00000 21.00000 38.00000 24.00000 17.00000 29.00000 23.00000 11.00000 40.00000 26.00000 19.00000 3.00000 13.00000 3.00000 53.00000 15.00000 21.00000 13.00000 15.00000 14.00000 23.00000 19.00000 47.00000 30.00000 17.00000 2.00000 22.00000 12.00000 14.00000 23.00000 31.00000 37.00000 31.00000 25.00000 12.00000 30.00000 15.00000 12.00000 8.00000 46.00000 22.00000 23.00000 49.00000 15.00000 38.00000 2.00000 10.00000 32.00000 25.00000 12.00000 12.00000 22.00000 27.00000 0.00000 16.00000 13.00000 20.00000 5.00000 10.00000 47.00000 14.00000 3.00000 14.00000 13.00000 31.00000
20.00000 8.00000 8.00000 7.00000 17.00000 7.00000 8.00000 18.00000 30.00000 15.00000 27.00000 21.00000 5.00000 11.00000 27.00000 22.00000 21.00000 16.00000 12.00000 9.00000 29.00000 14.00000 11.00000 19.00000 7.00000 19.00000 42.00000 8.00000 13.00000 7.00000 6.00000 22.00000 13.00000 11.00000 36.00000 19.00000 9.00000 18.00000 12.00000 9.00000 8.00000 12.00000 20.00000 26.00000 18.00000 17.00000 7.00000 19.00000 8.00000 8.00000 15.00000 34.00000 13.00000 12.00000 38.00000 5.00000 26.00000 18.00000 14.00000 21.00000 14.00000 8.00000 8.00000 14.00000 15.00000 17.00000 0.00000 6.00000 11.00000 15.00000 21.00000 36.00000 7.00000 19.00000 11.00000 20.00000 20.00000
25.00000 2.00000 2.00000 1.00000 19.00000 2.00000 7.00000 16.00000 35.00000 20.00000 32.00000 23.00000 5.00000 15.00000 32.00000 24.00000 22.00000 21.00000 17.00000 9.00000 34.00000 19.00000 14.00000 16.00000 3.00000 17.00000 46.00000 3.00000 16.00000 5.00000 6.00000 23.00000 17.00000 14.00000 41.00000 24.00000 4.00000 16.00000 16.00000 10.00000 2.00000 17.00000 25.00000 31.00000 23.00000 21.00000 9.00000 24.00000 3.00000 9.00000 12.00000 39.00000 17.00000 16.00000 43.00000 5.00000 31.00000 15.00000 12.00000 26.00000 18.00000 9.00000 9.00000 17.00000 20.00000 15.00000 6.00000 0.00000 14.00000 13.00000 18.00000 41.00000 6.00000 16.00000 12.00000 21.00000 25.00000
14.00000 15.00000 15.00000 14.00000 9.00000 14.00000 10.00000 21.00000 24.00000 10.00000 21.00000 12.00000 12.00000 5.00000 21.00000 14.00000 15.00000 14.00000 5.00000 9.00000 23.00000 11.00000 2.00000 21.00000 13.00000 22.00000 36.00000 15.00000 4.00000 12.00000 11.00000 16.00000 5.00000 2.00000 30.00000 13.00000 17.00000 21.00000 4.00000 8.00000 15.00000 5.00000 14.00000 20.00000 17.00000 9.00000 9.00000 13.00000 15.00000 8.00000 14.00000 28.00000 5.00000 6.00000 32.00000 11.00000 21.00000 20.00000 12.00000 15.00000 8.00000 9.00000 9.00000 5.00000 13.00000 20.00000 12.00000 13.00000 0.00000 17.00000 20.00000 30.00000 13.00000 21.00000 7.00000 13.00000 14.00000
30.00000 14.00000 13.00000 13.00000 22.00000 13.00000 13.00000 7.00000 41.00000 26.00000 38.00000 20.00000 14.00000 20.00000 37.00000 21.00000 14.00000 29.00000 22.00000 10.00000 39.00000 25.00000 18.00000 6.00000 12.00000 7.00000 52.00000 14.00000 21.00000 12.00000 14.00000 11.00000 22.00000 18.00000 47.00000 30.00000 16.00000 6.00000 21.00000 11.00000 14.00000 22.00000 30.00000 37.00000 31.00000 24.00000 11.00000 30.00000 14.00000 12.00000 8.00000 45.00000 21.00000 22.00000 49.00000 14.00000 37.00000 6.00000 9.00000 32.00000 25.00000 11.00000 11.00000 22.00000 26.00000 5.00000 16.00000 12.00000 19.00000 0.00000 10.00000 47.00000 13.00000 6.00000 13.00000 10.00000 30.00000
32.00000 21.00000 21.00000 20.00000 23.00000 20.00000 19.00000 13.00000 43.00000 28.00000 40.00000 21.00000 20.00000 24.00000 40.00000 22.00000 15.00000 32.00000 25.00000 15.00000 41.00000 29.00000 21.00000 12.00000 19.00000 14.00000 51.00000 21.00000 23.00000 17.00000 19.00000 9.00000 24.00000 21.00000 49.00000 32.00000 21.00000 12.00000 24.00000 16.00000 21.00000 25.00000 32.00000 39.00000 36.00000 25.00000 16.00000 32.00000 21.00000 17.00000 13.00000 46.00000 23.00000 25.00000 51.00000 20.00000 39.00000 11.00000 14.00000 34.00000 27.00000 16.00000 16.00000 24.00000 31.00000 11.00000 21.00000 19.00000 21.00000 11.00000 0.00000 49.00000 18.00000 12.00000 19.00000 11.00000 32.00000
20.00000 42.00000 42.00000 41.00000 34.00000 41.00000 38.00000 49.00000 12.00000 24.00000 19.00000 35.00000 39.00000 30.00000 17.00000 32.00000 42.00000 23.00000 28.00000 37.00000 10.00000 26.00000 31.00000 49.00000 40.00000 50.00000 8.00000 42.00000 29.00000 39.00000 38.00000 43.00000 29.00000 32.00000 1.00000 20.00000 43.00000 48.00000 30.00000 36.00000 42.00000 29.00000 20.00000 13.00000 24.00000 32.00000 36.00000 25.00000 42.00000 36.00000 41.00000 10.00000 30.00000 29.00000 3.00000 38.00000 23.00000 48.00000 39.00000 20.00000 26.00000 36.00000 36.00000 28.00000 27.00000 47.00000 38.00000 41.00000 31.00000 45.00000 48.00000 0.00000 39.00000 49.00000 35.00000 41.00000 20.00000
24.00000 5.00000 5.00000 4.00000 17.00000 4.00000 4.00000 15.00000 34.00000 19.00000 31.00000 21.00000 4.00000 13.00000 31.00000 22.00000 20.00000 21.00000 15.00000 7.00000 33.00000 18.00000 12.00000 16.00000 4.00000 16.00000 45.00000 5.00000 14.00000 3.00000 3.00000 21.00000 16.00000 12.00000 40.00000 23.00000 7.00000 15.00000 15.00000 8.00000 5.00000 15.00000 24.00000 30.00000 23.00000 19.00000 6.00000 23.00000 5.00000 7.00000 10.00000 38.00000 15.00000 15.00000 42.00000 4.00000 30.00000 15.00000 10.00000 25.00000 17.00000 7.00000 7.00000 15.00000 19.00000 14.00000 5.00000 3.00000 13.00000 12.00000 19.00000 40.00000 0.00000 16.00000 10.00000 19.00000 24.00000
33.00000 16.00000 16.00000 15.00000 24.00000 16.00000 16.00000 3.00000 43.00000 28.00000 40.00000 24.00000 16.00000 23.00000 40.00000 26.00000 18.00000 31.00000 25.00000 12.00000 42.00000 27.00000 21.00000 1.00000 14.00000 3.00000 54.00000 16.00000 23.00000 15.00000 16.00000 16.00000 24.00000 21.00000 49.00000 32.00000 18.00000 2.00000 24.00000 14.00000 16.00000 25.00000 33.00000 39.00000 33.00000 26.00000 14.00000 32.00000 16.00000 14.00000 10.00000 47.00000 24.00000 24.00000 51.00000 17.00000 39.00000 2.00000 11.00000 34.00000 27.00000 14.00000 13.00000 24.00000 28.00000 3.00000 18.00000 15.00000 21.00000 7.00000 11.00000 49.00000 16.00000 0.00000 16.00000 14.00000 33.00000
21.00000 12.00000 12.00000 11.00000 12.00000 11.00000 8.00000 15.00000 32.00000 17.00000 29.00000 16.00000 11.00000 11.00000 28.00000 17.00000 12.00000 21.00000 13.00000 6.00000 30.00000 17.00000 9.00000 15.00000 10.00000 16.00000 43.00000 12.00000 11.00000 10.00000 11.00000 13.00000 13.00000 9.00000 38.00000 21.00000 14.00000 15.00000 12.00000 4.00000 12.00000 13.00000 21.00000 28.00000 23.00000 15.00000 6.00000 21.00000 12.00000 6.00000 8.00000 36.00000 12.00000 12.00000 40.00000 11.00000 28.00000 14.00000 6.00000 22.00000 15.00000 6.00000 6.00000 12.00000 19.00000 14.00000 11.00000 11.00000 10.00000 11.00000 17.00000 38.00000 11.00000 15.00000 0.00000 11.00000 21.00000
26.00000 20.00000 20.00000 19.00000 16.00000 19.00000 15.00000 14.00000 36.00000 21.00000 33.00000 14.00000 19.00000 17.00000 33.00000 15.00000 8.00000 25.00000 18.00000 14.00000 34.00000 22.00000 14.00000 13.00000 18.00000 14.00000 47.00000 20.00000 16.00000 17.00000 18.00000 5.00000 17.00000 14.00000 42.00000 25.00000 22.00000 13.00000 17.00000 13.00000 20.00000 18.00000 26.00000 32.00000 29.00000 18.00000 14.00000 25.00000 20.00000 13.00000 13.00000 40.00000 17.00000 18.00000 44.00000 19.00000 32.00000 12.00000 11.00000 27.00000 20.00000 14.00000 14.00000 17.00000 25.00000 12.00000 19.00000 18.00000 14.00000 10.00000 10.00000 42.00000 18.00000 13.00000 12.00000 0.00000 26.00000
0.00000 25.00000 24.00000 24.00000 16.00000 24.00000 20.00000 31.00000 14.00000 7.00000 10.00000 20.00000 21.00000 13.00000 10.00000 22.00000 25.00000 7.00000 11.00000 19.00000 12.00000 9.00000 13.00000 31.00000 23.00000 32.00000 25.00000 25.00000 11.00000 21.00000 20.00000 26.00000 11.00000 14.00000 20.00000 3.00000 26.00000 31.00000 12.00000 18.00000 24.00000 11.00000 0.00000 10.00000 7.00000 14.00000 19.00000 14.00000 25.00000 18.00000 24.00000 18.00000 12.00000 11.00000 22.00000 21.00000 10.00000 30.00000 22.00000 4.00000 8.00000 19.00000 19.00000 10.00000 9.00000 30.00000 21.00000 23.00000 14.00000 27.00000 30.00000 20.00000 22.00000 31.00000 17.00000 23.00000 0.00000
p
0.0 0.0 0.0 0.0 0.0 0.0 
0.0 0.0 0.0 0.0 0.0 0.0 
0.0 0.0 0.0 0.0 0.0 0.0 
0.0 0.0 0.0 0.0 0.0 0.0 
0.0 0.0 0.0 0.0 0.0 0.0 
0.0 0.0 0.0 0.0 0.0 0.0 
0.0 0.0 0.0 0.0 0.0 0.0 
0.0 0.0 0.0 0.0 0.0 0.0 
0.0 0.0 0.0 0.0 0.0 0.0 
0.0 0.0 0.0 0.0 0.0 0.0 
0.0 0.0 0.0 0.0 0.0 0.0 
0.0 0.0 0.0 0.0 0.0 0.0 
0.0 0.0 0.0 0.0 0.0 0.0 
0.0 0.0 0.0 0.0 0.0 0.0 
0.0 0.0 0.0 0.0 0.0 0.0 
0 0 51 0 0 0 
0 0 51 0 0 0 
0 0 51 0 0 0 
0 0 51 0 0 0 
0 0 51 0 0 0 
0 0 51 0 0 0 
0 0 51 0 0 0 
0 0 51 0 0 0 
0 0 51 0 0 0 
0 0 51 0 0 0 
0 0 51 0 0 0 
0 0 51 0 0 0 
0 0 51 0 0 0 
0 0 51 0 0 0 
0 0 51 0 0 0 
0 0 0 23 0 0 
0 0 0 23 0 0 
0 0 0 23 0 0 
0 0 0 23 0 0 
0 0 0 23 0 0 
0 0 0 23 0 0 
0 0 0 23 0 0 
0 0 0 23 0 0 
0 0 0 23 0 0 
0 0 0 23 0 0 
0 0 0 23 0 0 
0 0 0 23 0 0 
0 0 0 23 0 0 
0 0 0 23 0 0 
0 0 0 23 0 0 
25 0 0 29 0 0 
25 0 0 29 0 0 
25 0 0 29 0 0 
25 0 0 29 0 0 
25 0 0 29 0 0 
25 0 0 29 0 0 
25 0 0 29 0 0 
25 0 0 29 0 0 
25 0 0 29 0 0 
25 0 0 29 0 0 
25 0 0 29 0 0 
25 0 0 29 0 0 
25 0 0 29 0 0 
25 0 0 29 0 0 
25 0 0 29 0 0 
0 0 42 0 0 0 
0 0 42 0 0 0 
0 0 42 0 0 0 
0 0 42 0 0 0 
0 0 42 0 0 0 
0 0 42 0 0 0 
0 0 42 0 0 0 
0 0 42 0 0 0 
0 0 42 0 0 0 
0 0 42 0 0 0 
0 0 42 0 0 0 
0 0 42 0 0 0 
0 0 42 0 0 0 
0 0 42 0 0 0 
0 0 42 0 0 0 
0 0 0 51 0 0 
0 0 0 51 0 0 
0 0 0 51 0 0 
0 0 0 51 0 0 
0 0 0 51 0 0 
0 0 0 51 0 0 
0 0 0 51 0 0 
0 0 0 51 0 0 
0 0 0 51 0 0 
0 0 0 51 0 0 
0 0 0 51 0 0 
0 0 0 51 0 0 
0 0 0 51 0 0 
0 0 0 51 0 0 
0 0 0 51 0 0 
0 55 0 0 0 38 
0 55 0 0 0 38 
0 55 0 0 0 38 
0 55 0 0 0 38 
0 55 0 0 0 38 
0 55 0 0 0 38 
0 55 0 0 0 38 
0 55 0 0 0 38 
0 55 0 0 0 38 
0 55 0 0 0 38 
0 55 0 0 0 38 
0 55 0 0 0 38 
0 55 0 0 0 38 
0 55 0 0 0 38 
0 55 0 0 0 38 
46 0 0 0 0 0 
46 0 0 0 0 0 
46 0 0 0 0 0 
46 0 0 0 0 0 
46 0 0 0 0 0 
46 0 0 0 0 0 
46 0 0 0 0 0 
46 0 0 0 0 0 
46 0 0 0 0 0 
46 0 0 0 0 0 
46 0 0 0 0 0 
46 0 0 0 0 0 
46 0 0 0 0 0 
46 0 0 0 0 0 
46 0 0 0 0 0 
0 0 0 21 0 0 
0 0 0 21 0 0 
0 0 0 21 0 0 
0 0 0 21 0 0 
0 0 0 21 0 0 
0 0 0 21 0 0 
0 0 0 21 0 0 
0 0 0 21 0 0 
0 0 0 21 0 0 
0 0 0 21 0 0 
0 0 0 21 0 0 
0 0 0 21 0 0 
0 0 0 21 0 0 
0 0 0 21 0 0 
0 0 0 21 0 0 
0 0 0 34 0 0 
0 0 0 34 0 0 
0 0 0 34 0 0 
0 0 0 34 0 0 
0 0 0 34 0 0 
0 0 0 34 0 0 
0 0 0 34 0 0 
0 0 0 34 0 0 
0 0 0 34 0 0 
0 0 0 34 0 0 
0 0 0 34 0 0 
0 0 0 34 0 0 
0 0 0 34 0 0 
0 0 0 34 0 0 
0 0 0 34 0 0 
0 0 0 0 57 0 
0 0 0 0 57 0 
0 0 0 0 57 0 
0 0 0 0 57 0 
0 0 0 0 57 0 
0 0 0 0 57 0 
0 0 0 0 57 0 
0 0 0 0 57 0 
0 0 0 0 57 0 
0 0 0 0 57 0 
0 0 0 0 57 0 
0 0 0 0 57 0 
0 0 0 0 57 0 
0 0 0 0 57 0 
0 0 0 0 57 0 
0 0 18 0 0 40 
0 0 18 0 0 40 
0 0 18 0 0 40 
0 0 18 0 0 40 
0 0 18 0 0 40 
0 0 18 0 0 40 
0 0 18 0 0 40 
0 0 18 0 0 40 
0 0 18 0 0 40 
0 0 18 0 0 40 
0 0 18 0 0 40 
0 0 18 0 0 40 
0 0 18 0 0 40 
0 0 18 0 0 40 
0 0 18 0 0 40 
0 0 0 48 0 0 
0 0 0 48 0 0 
0 0 0 48 0 0 
0 0 0 48 0 0 
0 0 0 48 0 0 
0 0 0 48 0 0 
0 0 0 48 0 0 
0 0 0 48 0 0 
0 0 0 48 0 0 
0 0 0 48 0 0 
0 0 0 48 0 0 
0 0 0 48 0 0 
0 0 0 48 0 0 
0 0 0 48 0 0 
0 0 0 48 0 0 
0 0 0 0 0 16 
0 0 0 0 0 16 
0 0 0 0 0 16 
0 0 0 0 0 16 
0 0 0 0 0 16 
0 0 0 0 0 16 
0 0 0 0 0 16 
0 0 0 0 0 16 
0 0 0 0 0 16 
0 0 0 0 0 16 
0 0 0 0 0 16 
0 0 0 0 0 16 
0 0 0 0 0 16 
0 0 0 0 0 16 
0 0 0 0 0 16 
0 0 24 39 0 0 
0 0 24 39 0 0 
0 0 24 39 0 0 
0 0 24 39 0 0 
0 0 24 39 0 0 
0 0 24 39 0 0 
0 0 24 39 0 0 
0 0 24 39 0 0 
0 0 24 39 0 0 
0 0 24 39 0 0 
0 0 24 39 0 0 
0 0 24 39 0 0 
0 0 24 39 0 0 
0 0 24 39 0 0 
0 0 24 39 0 0 
0 0 0 48 0 0 
0 0 0 48 0 0 
0 0 0 48 0 0 
0 0 0 48 0 0 
0 0 0 48 0 0 
0 0 0 48 0 0 
0 0 0 48 0 0 
0 0 0 48 0 0 
0 0 0 48 0 0 
0 0 0 48 0 0 
0 0 0 48 0 0 
0 0 0 48 0 0 
0 0 0 48 0 0 
0 0 0 48 0 0 
0 0 0 48 0 0 
0 39 0 0 0 51 
0 39 0 0 0 51 
0 39 0 0 0 51 
0 39 0 0 0 51 
0 39 0 0 0 51 
0 39 0 0 0 51 
0 39 0 0 0 51 
0 39 0 0 0 51 
0 39 0 0 0 51 
0 39 0 0 0 51 
0 39 0 0 0 51 
0 39 0 0 0 51 
0 39 0 0 0 51 
0 39 0 0 0 51 
0 39 0 0 0 51 
32 0 0 0 0 36 
32 0 0 0 0 36 
32 0 0 0 0 36 
32 0 0 0 0 36 
32 0 0 0 0 36 
32 0 0 0 0 36 
32 0 0 0 0 36 
32 0 0 0 0 36 
32 0 0 0 0 36 
32 0 0 0 0 36 
32 0 0 0 0 36 
32 0 0 0 0 36 
32 0 0 0 0 36 
32 0 0 0 0 36 
32 0 0 0 0 36 
0 0 0 54 0 0 
0 0 0 54 0 0 
0 0 0 54 0 0 
0 0 0 54 0 0 
0 0 0 54 0 0 
0 0 0 54 0 0 
0 0 0 54 0 0 
0 0 0 54 0 0 
0 0 0 54 0 0 
0 0 0 54 0 0 
0 0 0 54 0 0 
0 0 0 54 0 0 
0 0 0 54 0 0 
0 0 0 54 0 0 
0 0 0 54 0 0 
0 0 0 0 24 0 
0 0 0 0 24 0 
0 0 0 0 24 0 
0 0 0 0 24 0 
0 0 0 0 24 0 
0 0 0 0 24 0 
0 0 0 0 24 0 
0 0 0 0 24 0 
0 0 0 0 24 0 
0 0 0 0 24 0 
0 0 0 0 24 0 
0 0 0 0 24 0 
0 0 0 0 24 0 
0 0 0 0 24 0 
0 0 0 0 24 0 
0 0 52 0 0 0 
0 0 52 0 0 0 
0 0 52 0 0 0 
0 0 52 0 0 0 
0 0 52 0 0 0 
0 0 52 0 0 0 
0 0 52 0 0 0 
0 0 52 0 0 0 
0 0 52 0 0 0 
0 0 52 0 0 0 
0 0 52 0 0 0 
0 0 52 0 0 0 
0 0 52 0 0 0 
0 0 52 0 0 0 
0 0 52 0 0 0 
0 16 0 0 0 0 
0 16 0 0 0 0 
0 16 0 0 0 0 
0 16 0 0 0 0 
0 16 0 0 0 0 
0 16 0 0 0 0 
0 16 0 0 0 0 
0 16 0 0 0 0 
0 16 0 0 0 0 
0 16 0 0 0 0 
0 16 0 0 0 0 
0 16 0 0 0 0 
0 16 0 0 0 0 
0 16 0 0 0 0 
0 16 0 0 0 0 
0 0 0 0 38 0 
0 0 0 0 38 0 
0 0 0 0 38 0 
0 0 0 0 38 0 
0 0 0 0 38 0 
0 0 0 0 38 0 
0 0 0 0 38 0 
0 0 0 0 38 0 
0 0 0 0 38 0 
0 0 0 0 38 0 
0 0 0 0 38 0 
0 0 0 0 38 0 
0 0 0 0 38 0 
0 0 0 0 38 0 
0 0 0 0 38 0 
0 0 0 0 0 37 
0 0 0 0 0 37 
0 0 0 0 0 37 
0 0 0 0 0 37 
0 0 0 0 0 37 
0 0 0 0 0 37 
0 0 0 0 0 37 
0 0 0 0 0 37 
0 0 0 0 0 37 
0 0 0 0 0 37 
0 0 0 0 0 37 
0 0 0 0 0 37 
0 0 0 0 0 37 
0 0 0 0 0 37 
0 0 0 0 0 37 
0 0 53 0 0 52 
0 0 53 0 0 52 
0 0 53 0 0 52 
0 0 53 0 0 52 
0 0 53 0 0 52 
0 0 53 0 0 52 
0 0 53 0 0 52 
0 0 53 0 0 52 
0 0 53 0 0 52 
0 0 53 0 0 52 
0 0 53 0 0 52 
0 0 53 0 0 52 
0 0 53 0 0 52 
0 0 53 0 0 52 
0 0 53 0 0 52 
18 0 0 0 37 0 
18 0 0 0 37 0 
18 0 0 0 37 0 
18 0 0 0 37 0 
18 0 0 0 37 0 
18 0 0 0 37 0 
18 0 0 0 37 0 
18 0 0 0 37 0 
18 0 0 0 37 0 
18 0 0 0 37 0 
18 0 0 0 37 0 
18 0 0 0 37 0 
18 0 0 0 37 0 
18 0 0 0 37 0 
18 0 0 0 37 0 
0 0 0 0 0 30 
0 0 0 0 0 30 
0 0 0 0 0 30 
0 0 0 0 0 30 
0 0 0 0 0 30 
0 0 0 0 0 30 
0 0 0 0 0 30 
0 0 0 0 0 30 
0 0 0 0 0 30 
0 0 0 0 0 30 
0 0 0 0 0 30 
0 0 0 0 0 30 
0 0 0 0 0 30 
0 0 0 0 0 30 
0 0 0 0 0 30 
0 36 0 0 32 0 
0 36 0 0 32 0 
0 36 0 0 32 0 
0 36 0 0 32 0 
0 36 0 0 32 0 
0 36 0 0 32 0 
0 36 0 0 32 0 
0 36 0 0 32 0 
0 36 0 0 32 0 
0 36 0 0 32 0 
0 36 0 0 32 0 
0 36 0 0 32 0 
0 36 0 0 32 0 
0 36 0 0 32 0 
0 36 0 0 32 0 
0 0 48 45 0 0 
0 0 48 45 0 0 
0 0 48 45 0 0 
0 0 48 45 0 0 
0 0 48 45 0 0 
0 0 48 45 0 0 
0 0 48 45 0 0 
0 0 48 45 0 0 
0 0 48 45 0 0 
0 0 48 45 0 0 
0 0 48 45 0 0 
0 0 48 45 0 0 
0 0 48 45 0 0 
0 0 48 45 0 0 
0 0 48 45 0 0 
0 46 0 0 0 0 
0 46 0 0 0 0 
0 46 0 0 0 0 
0 46 0 0 0 0 
0 46 0 0 0 0 
0 46 0 0 0 0 
0 46 0 0 0 0 
0 46 0 0 0 0 
0 46 0 0 0 0 
0 46 0 0 0 0 
0 46 0 0 0 0 
0 46 0 0 0 0 
0 46 0 0 0 0 
0 46 0 0 0 0 
0 46 0 0 0 0 
0 0 0 0 47 0 
0 0 0 0 47 0 
0 0 0 0 47 0 
0 0 0 0 47 0 
0 0 0 0 47 0 
0 0 0 0 47 0 
0 0 0 0 47 0 
0 0 0 0 47 0 
0 0 0 0 47 0 
0 0 0 0 47 0 
0 0 0 0 47 0 
0 0 0 0 47 0 
0 0 0 0 47 0 
0 0 0 0 47 0 
0 0 0 0 47 0 
21 0 0 0 38 0 
21 0 0 0 38 0 
21 0 0 0 38 0 
21 0 0 0 38 0 
21 0 0 0 38 0 
21 0 0 0 38 0 
21 0 0 0 38 0 
21 0 0 0 38 0 
21 0 0 0 38 0 
21 0 0 0 38 0 
21 0 0 0 38 0 
21 0 0 0 38 0 
21 0 0 0 38 0 
21 0 0 0 38 0 
21 0 0 0 38 0 
0 51 0 0 0 0 
0 51 0 0 0 0 
0 51 0 0 0 0 
0 51 0 0 0 0 
0 51 0 0 0 0 
0 51 0 0 0 0 
0 51 0 0 0 0 
0 51 0 0 0 0 
0 51 0 0 0 0 
0 51 0 0 0 0 
0 51 0 0 0 0 
0 51 0 0 0 0 
0 51 0 0 0 0 
0 51 0 0 0 0 
0 51 0 0 0 0 
0 0 59 0 0 0 
0 0 59 0 0 0 
0 0 59 0 0 0 
0 0 59 0 0 0 
0 0 59 0 0 0 
0 0 59 0 0 0 
0 0 59 0 0 0 
0 0 59 0 0 0 
0 0 59 0 0 0 
0 0 59 0 0 0 
0 0 59 0 0 0 
0 0 59 0 0 0 
0 0 59 0 0 0 
0 0 59 0 0 0 
0 0 59 0 0 0 
0 0 0 0 47 0 
0 0 0 0 47 0 
0 0 0 0 47 0 
0 0 0 0 47 0 
0 0 0 0 47 0 
0 0 0 0 47 0 
0 0 0 0 47 0 
0 0 0 0 47 0 
0 0 0 0 47 0 
0 0 0 0 47 0 
0 0 0 0 47 0 
0 0 0 0 47 0 
0 0 0 0 47 0 
0 0 0 0 47 0 
0 0 0 0 47 0 
0 0 0 0 0 25 
0 0 0 0 0 25 
0 0 0 0 0 25 
0 0 0 0 0 25 
0 0 0 0 0 25 
0 0 0 0 0 25 
0 0 0 0 0 25 
0 0 0 0 0 25 
0 0 0 0 0 25 
0 0 0 0 0 25 
0 0 0 0 0 25 
0 0 0 0 0 25 
0 0 0 0 0 25 
0 0 0 0 0 25 
0 0 0 0 0 25 
0 0 56 0 22 0 
0 0 56 0 22 0 
0 0 56 0 22 0 
0 0 56 0 22 0 
0 0 56 0 22 0 
0 0 56 0 22 0 
0 0 56 0 22 0 
0 0 56 0 22 0 
0 0 56 0 22 0 
0 0 56 0 22 0 
0 0 56 0 22 0 
0 0 56 0 22 0 
0 0 56 0 22 0 
0 0 56 0 22 0 
0 0 56 0 22 0 
0 0 41 0 0 0 
0 0 41 0 0 0 
0 0 41 0 0 0 
0 0 41 0 0 0 
0 0 41 0 0 0 
0 0 41 0 0 0 
0 0 41 0 0 0 
0 0 41 0 0 0 
0 0 41 0 0 0 
0 0 41 0 0 0 
0 0 41 0 0 0 
0 0 41 0 0 0 
0 0 41 0 0 0 
0 0 41 0 0 0 
0 0 41 0 0 0 
0 25 0 23 0 0 
0 25 0 23 0 0 
0 25 0 23 0 0 
0 25 0 23 0 0 
0 25 0 23 0 0 
0 25 0 23 0 0 
0 25 0 23 0 0 
0 25 0 23 0 0 
0 25 0 23 0 0 
0 25 0 23 0 0 
0 25 0 23 0 0 
0 25 0 23 0 0 
0 25 0 23 0 0 
0 25 0 23 0 0 
0 25 0 23 0 0 
23 0 0 0 0 0 
23 0 0 0 0 0 
23 0 0 0 0 0 
23 0 0 0 0 0 
23 0 0 0 0 0 
23 0 0 0 0 0 
23 0 0 0 0 0 
23 0 0 0 0 0 
23 0 0 0 0 0 
23 0 0 0 0 0 
23 0 0 0 0 0 
23 0 0 0 0 0 
23 0 0 0 0 0 
23 0 0 0 0 0 
23 0 0 0 0 0 
0 0 0 0 0 44 
0 0 0 0 0 44 
0 0 0 0 0 44 
0 0 0 0 0 44 
0 0 0 0 0 44 
0 0 0 0 0 44 
0 0 0 0 0 44 
0 0 0 0 0 44 
0 0 0 0 0 44 
0 0 0 0 0 44 
0 0 0 0 0 44 
0 0 0 0 0 44 
0 0 0 0 0 44 
0 0 0 0 0 44 
0 0 0 0 0 44 
0 20 0 0 0 0 
0 20 0 0 0 0 
0 20 0 0 0 0 
0 20 0 0 0 0 
0 20 0 0 0 0 
0 20 0 0 0 0 
0 20 0 0 0 0 
0 20 0 0 0 0 
0 20 0 0 0 0 
0 20 0 0 0 0 
0 20 0 0 0 0 
0 20 0 0 0 0 
0 20 0 0 0 0 
0 20 0 0 0 0 
0 20 0 0 0 0 
0 44 0 0 0 0 
0 44 0 0 0 0 
0 44 0 0 0 0 
0 44 0 0 0 0 
0 44 0 0 0 0 
0 44 0 0 0 0 
0 44 0 0 0 0 
0 44 0 0 0 0 
0 44 0 0 0 0 
0 44 0 0 0 0 
0 44 0 0 0 0 
0 44 0 0 0 0 
0 44 0 0 0 0 
0 44 0 0 0 0 
0 44 0 0 0 0 
0 0 42 0 0 0 
0 0 42 0 0 0 
0 0 42 0 0 0 
0 0 42 0 0 0 
0 0 42 0 0 0 
0 0 42 0 0 0 
0 0 42 0 0 0 
0 0 42 0 0 0 
0 0 42 0 0 0 
0 0 42 0 0 0 
0 0 42 0 0 0 
0 0 42 0 0 0 
0 0 42 0 0 0 
0 0 42 0 0 0 
0 0 42 0 0 0 
0 27 0 30 0 0 
0 27 0 30 0 0 
0 27 0 30 0 0 
0 27 0 30 0 0 
0 27 0 30 0 0 
0 27 0 30 0 0 
0 27 0 30 0 0 
0 27 0 30 0 0 
0 27 0 30 0 0 
0 27 0 30 0 0 
0 27 0 30 0 0 
0 27 0 30 0 0 
0 27 0 30 0 0 
0 27 0 30 0 0 
0 27 0 30 0 0 
0 0 35 0 0 0 
0 0 35 0 0 0 
0 0 35 0 0 0 
0 0 35 0 0 0 
0 0 35 0 0 0 
0 0 35 0 0 0 
0 0 35 0 0 0 
0 0 35 0 0 0 
0 0 35 0 0 0 
0 0 35 0 0 0 
0 0 35 0 0 0 
0 0 35 0 0 0 
0 0 35 0 0 0 
0 0 35 0 0 0 
0 0 35 0 0 0 
29 0 0 0 0 0 
29 0 0 0 0 0 
29 0 0 0 0 0 
29 0 0 0 0 0 
29 0 0 0 0 0 
29 0 0 0 0 0 
29 0 0 0 0 0 
29 0 0 0 0 0 
29 0 0 0 0 0 
29 0 0 0 0 0 
29 0 0 0 0 0 
29 0 0 0 0 0 
29 0 0 0 0 0 
29 0 0 0 0 0 
29 0 0 0 0 0 
0 0 51 0 0 16 
0 0 51 0 0 16 
0 0 51 0 0 16 
0 0 51 0 0 16 
0 0 51 0 0 16 
0 0 51 0 0 16 
0 0 51 0 0 16 
0 0 51 0 0 16 
0 0 51 0 0 16 
0 0 51 0 0 16 
0 0 51 0 0 16 
0 0 51 0 0 16 
0 0 51 0 0 16 
0 0 51 0 0 16 
0 0 51 0 0 16 
0 0 0 0 0 37 
0 0 0 0 0 37 
0 0 0 0 0 37 
0 0 0 0 0 37 
0 0 0 0 0 37 
0 0 0 0 0 37 
0 0 0 0 0 37 
0 0 0 0 0 37 
0 0 0 0 0 37 
0 0 0 0 0 37 
0 0 0 0 0 37 
0 0 0 0 0 37 
0 0 0 0 0 37 
0 0 0 0 0 37 
0 0 0 0 0 37 
55 0 0 0 0 37 
55 0 0 0 0 37 
55 0 0 0 0 37 
55 0 0 0 0 37 
55 0 0 0 0 37 
55 0 0 0 0 37 
55 0 0 0 0 37 
55 0 0 0 0 37 
55 0 0 0 0 37 
55 0 0 0 0 37 
55 0 0 0 0 37 
55 0 0 0 0 37 
55 0 0 0 0 37 
55 0 0 0 0 37 
55 0 0 0 0 37 
0 0 0 51 0 0 
0 0 0 51 0 0 
0 0 0 51 0 0 
0 0 0 51 0 0 
0 0 0 51 0 0 
0 0 0 51 0 0 
0 0 0 51 0 0 
0 0 0 51 0 0 
0 0 0 51 0 0 
0 0 0 51 0 0 
0 0 0 51 0 0 
0 0 0 51 0 0 
0 0 0 51 0 0 
0 0 0 51 0 0 
0 0 0 51 0 0 
0 0 0 0 52 0 
0 0 0 0 52 0 
0 0 0 0 52 0 
0 0 0 0 52 0 
0 0 0 0 52 0 
0 0 0 0 52 0 
0 0 0 0 52 0 
0 0 0 0 52 0 
0 0 0 0 52 0 
0 0 0 0 52 0 
0 0 0 0 52 0 
0 0 0 0 52 0 
0 0 0 0 52 0 
0 0 0 0 52 0 
0 0 0 0 52 0 
0 23 0 0 0 0 
0 23 0 0 0 0 
0 23 0 0 0 0 
0 23 0 0 0 0 
0 23 0 0 0 0 
0 23 0 0 0 0 
0 23 0 0 0 0 
0 23 0 0 0 0 
0 23 0 0 0 0 
0 23 0 0 0 0 
0 23 0 0 0 0 
0 23 0 0 0 0 
0 23 0 0 0 0 
0 23 0 0 0 0 
0 23 0 0 0 0 
0 0 55 0 0 0 
0 0 55 0 0 0 
0 0 55 0 0 0 
0 0 55 0 0 0 
0 0 55 0 0 0 
0 0 55 0 0 0 
0 0 55 0 0 0 
0 0 55 0 0 0 
0 0 55 0 0 0 
0 0 55 0 0 0 
0 0 55 0 0 0 
0 0 55 0 0 0 
0 0 55 0 0 0 
0 0 55 0 0 0 
0 0 55 0 0 0 
0 0 0 37 0 0 
0 0 0 37 0 0 
0 0 0 37 0 0 
0 0 0 37 0 0 
0 0 0 37 0 0 
0 0 0 37 0 0 
0 0 0 37 0 0 
0 0 0 37 0 0 
0 0 0 37 0 0 
0 0 0 37 0 0 
0 0 0 37 0 0 
0 0 0 37 0 0 
0 0 0 37 0 0 
0 0 0 37 0 0 
0 0 0 37 0 0 
0 0 0 46 0 0 
0 0 0 46 0 0 
0 0 0 46 0 0 
0 0 0 46 0 0 
0 0 0 46 0 0 
0 0 0 46 0 0 
0 0 0 46 0 0 
0 0 0 46 0 0 
0 0 0 46 0 0 
0 0 0 46 0 0 
0 0 0 46 0 0 
0 0 0 46 0 0 
0 0 0 46 0 0 
0 0 0 46 0 0 
0 0 0 46 0 0 
0 0 38 0 0 0 
0 0 38 0 0 0 
0 0 38 0 0 0 
0 0 38 0 0 0 
0 0 38 0 0 0 
0 0 38 0 0 0 
0 0 38 0 0 0 
0 0 38 0 0 0 
0 0 38 0 0 0 
0 0 38 0 0 0 
0 0 38 0 0 0 
0 0 38 0 0 0 
0 0 38 0 0 0 
0 0 38 0 0 0 
0 0 38 0 0 0 
0 0 0 33 0 0 
0 0 0 33 0 0 
0 0 0 33 0 0 
0 0 0 33 0 0 
0 0 0 33 0 0 
0 0 0 33 0 0 
0 0 0 33 0 0 
0 0 0 33 0 0 
0 0 0 33 0 0 
0 0 0 33 0 0 
0 0 0 33 0 0 
0 0 0 33 0 0 
0 0 0 33 0 0 
0 0 0 33 0 0 
0 0 0 33 0 0 
59 0 0 0 0 0 
59 0 0 0 0 0 
59 0 0 0 0 0 
59 0 0 0 0 0 
59 0 0 0 0 0 
59 0 0 0 0 0 
59 0 0 0 0 0 
59 0 0 0 0 0 
59 0 0 0 0 0 
59 0 0 0 0 0 
59 0 0 0 0 0 
59 0 0 0 0 0 
59 0 0 0 0 0 
59 0 0 0 0 0 
59 0 0 0 0 0 
40 0 0 0 22 0 
40 0 0 0 22 0 
40 0 0 0 22 0 
40 0 0 0 22 0 
40 0 0 0 22 0 
40 0 0 0 22 0 
40 0 0 0 22 0 
40 0 0 0 22 0 
40 0 0 0 22 0 
40 0 0 0 22 0 
40 0 0 0 22 0 
40 0 0 0 22 0 
40 0 0 0 22 0 
40 0 0 0 22 0 
40 0 0 0 22 0 
0 0 46 27 0 0 
0 0 46 27 0 0 
0 0 46 27 0 0 
0 0 46 27 0 0 
0 0 46 27 0 0 
0 0 46 27 0 0 
0 0 46 27 0 0 
0 0 46 27 0 0 
0 0 46 27 0 0 
0 0 46 27 0 0 
0 0 46 27 0 0 
0 0 46 27 0 0 
0 0 46 27 0 0 
0 0 46 27 0 0 
0 0 46 27 0 0 
15 0 0 0 0 26 
15 0 0 0 0 26 
15 0 0 0 0 26 
15 0 0 0 0 26 
15 0 0 0 0 26 
15 0 0 0 0 26 
15 0 0 0 0 26 
15 0 0 0 0 26 
15 0 0 0 0 26 
15 0 0 0 0 26 
15 0 0 0 0 26 
15 0 0 0 0 26 
15 0 0 0 0 26 
15 0 0 0 0 26 
15 0 0 0 0 26 
0 0 44 0 0 0 
0 0 44 0 0 0 
0 0 44 0 0 0 
0 0 44 0 0 0 
0 0 44 0 0 0 
0 0 44 0 0 0 
0 0 44 0 0 0 
0 0 44 0 0 0 
0 0 44 0 0 0 
0 0 44 0 0 0 
0 0 44 0 0 0 
0 0 44 0 0 0 
0 0 44 0 0 0 
0 0 44 0 0 0 
0 0 44 0 0 0 
33 0 0 0 0 50 
33 0 0 0 0 50 
33 0 0 0 0 50 
33 0 0 0 0 50 
33 0 0 0 0 50 
33 0 0 0 0 50 
33 0 0 0 0 50 
33 0 0 0 0 50 
33 0 0 0 0 50 
33 0 0 0 0 50 
33 0 0 0 0 50 
33 0 0 0 0 50 
33 0 0 0 0 50 
33 0 0 0 0 50 
33 0 0 0 0 50 
0 59 0 0 0 0 
0 59 0 0 0 0 
0 59 0 0 0 0 
0 59 0 0 0 0 
0 59 0 0 0 0 
0 59 0 0 0 0 
0 59 0 0 0 0 
0 59 0 0 0 0 
0 59 0 0 0 0 
0 59 0 0 0 0 
0 59 0 0 0 0 
0 59 0 0 0 0 
0 59 0 0 0 0 
0 59 0 0 0 0 
0 59 0 0 0 0 
0 30 0 42 0 0 
0 30 0 42 0 0 
0 30 0 42 0 0 
0 30 0 42 0 0 
0 30 0 42 0 0 
0 30 0 42 0 0 
0 30 0 42 0 0 
0 30 0 42 0 0 
0 30 0 42 0 0 
0 30 0 42 0 0 
0 30 0 42 0 0 
0 30 0 42 0 0 
0 30 0 42 0 0 
0 30 0 42 0 0 
0 30 0 42 0 0 
29 0 0 0 39 0 
29 0 0 0 39 0 
29 0 0 0 39 0 
29 0 0 0 39 0 
29 0 0 0 39 0 
29 0 0 0 39 0 
29 0 0 0 39 0 
29 0 0 0 39 0 
29 0 0 0 39 0 
29 0 0 0 39 0 
29 0 0 0 39 0 
29 0 0 0 39 0 
29 0 0 0 39 0 
29 0 0 0 39 0 
29 0 0 0 39 0 
0 0 20 0 0 0 
0 0 20 0 0 0 
0 0 20 0 0 0 
0 0 20 0 0 0 
0 0 20 0 0 0 
0 0 20 0 0 0 
0 0 20 0 0 0 
0 0 20 0 0 0 
0 0 20 0 0 0 
0 0 20 0 0 0 
0 0 20 0 0 0 
0 0 20 0 0 0 
0 0 20 0 0 0 
0 0 20 0 0 0 
0 0 20 0 0 0 
0 0 0 0 0 41 
0 0 0 0 0 41 
0 0 0 0 0 41 
0 0 0 0 0 41 
0 0 0 0 0 41 
0 0 0 0 0 41 
0 0 0 0 0 41 
0 0 0 0 0 41 
0 0 0 0 0 41 
0 0 0 0 0 41 
0 0 0 0 0 41 
0 0 0 0 0 41 
0 0 0 0 0 41 
0 0 0 0 0 41 
0 0 0 0 0 41 
0 0 0 0 40 0 
0 0 0 0 40 0 
0 0 0 0 40 0 
0 0 0 0 40 0 
0 0 0 0 40 0 
0 0 0 0 40 0 
0 0 0 0 40 0 
0 0 0 0 40 0 
0 0 0 0 40 0 
0 0 0 0 40 0 
0 0 0 0 40 0 
0 0 0 0 40 0 
0 0 0 0 40 0 
0 0 0 0 40 0 
0 0 0 0 40 0 
0 0 0 0 0 46 
0 0 0 0 0 46 
0 0 0 0 0 46 
0 0 0 0 0 46 
0 0 0 0 0 46 
0 0 0 0 0 46 
0 0 0 0 0 46 
0 0 0 0 0 46 
0 0 0 0 0 46 
0 0 0 0 0 46 
0 0 0 0 0 46 
0 0 0 0 0 46 
0 0 0 0 0 46 
0 0 0 0 0 46 
0 0 0 0 0 46 
0 0 0 0 0 47 
0 0 0 0 0 47 
0 0 0 0 0 47 
0 0 0 0 0 47 
0 0 0 0 0 47 
0 0 0 0 0 47 
0 0 0 0 0 47 
0 0 0 0 0 47 
0 0 0 0 0 47 
0 0 0 0 0 47 
0 0 0 0 0 47 
0 0 0 0 0 47 
0 0 0 0 0 47 
0 0 0 0 0 47 
0 0 0 0 0 47 
57 0 0 0 34 0 
57 0 0 0 34 0 
57 0 0 0 34 0 
57 0 0 0 34 0 
57 0 0 0 34 0 
57 0 0 0 34 0 
57 0 0 0 34 0 
57 0 0 0 34 0 
57 0 0 0 34 0 
57 0 0 0 34 0 
57 0 0 0 34 0 
57 0 0 0 34 0 
57 0 0 0 34 0 
57 0 0 0 34 0 
57 0 0 0 34 0 
0 19 0 0 0 0 
0 19 0 0 0 0 
0 19 0 0 0 0 
0 19 0 0 0 0 
0 19 0 0 0 0 
0 19 0 0 0 0 
0 19 0 0 0 0 
0 19 0 0 0 0 
0 19 0 0 0 0 
0 19 0 0 0 0 
0 19 0 0 0 0 
0 19 0 0 0 0 
0 19 0 0 0 0 
0 19 0 0 0 0 
0 19 0 0 0 0 
50 0 0 0 16 0 
50 0 0 0 16 0 
50 0 0 0 16 0 
50 0 0 0 16 0 
50 0 0 0 16 0 
50 0 0 0 16 0 
50 0 0 0 16 0 
50 0 0 0 16 0 
50 0 0 0 16 0 
50 0 0 0 16 0 
50 0 0 0 16 0 
50 0 0 0 16 0 
50 0 0 0 16 0 
50 0 0 0 16 0 
50 0 0 0 16 0 
0 0 58 0 0 0 
0 0 58 0 0 0 
0 0 58 0 0 0 
0 0 58 0 0 0 
0 0 58 0 0 0 
0 0 58 0 0 0 
0 0 58 0 0 0 
0 0 58 0 0 0 
0 0 58 0 0 0 
0 0 58 0 0 0 
0 0 58 0 0 0 
0 0 58 0 0 0 
0 0 58 0 0 0 
0 0 58 0 0 0 
0 0 58 0 0 0 
0.0 0.0 0.0 0.0 0.0 0.0 
0.0 0.0 0.0 0.0 0.0 0.0 
0.0 0.0 0.0 0.0 0.0 0.0 
0.0 0.0 0.0 0.0 0.0 0.0 
0.0 0.0 0.0 0.0 0.0 0.0 
0.0 0.0 0.0 0.0 0.0 0.0 
0.0 0.0 0.0 0.0 0.0 0.0 
0.0 0.0 0.0 0.0 0.0 0.0 
0.0 0.0 0.0 0.0 0.0 0.0 
0.0 0.0 0.0 0.0 0.0 0.0 
0.0 0.0 0.0 0.0 0.0 0.0 
0.0 0.0 0.0 0.0 0.0 0.0 
0.0 0.0 0.0 0.0 0.0 0.0 
0.0 0.0 0.0 0.0 0.0 0.0 
0.0 0.0 0.0 0.0 0.0 0.0 
mind
0 0 0 23 0 0 10 0 0 0 0 0 0 0 10 0 0 21 0 0 0 0 0 0 0 0 0 0 28 0 0 0 0 0 0 0 19 0 25 0 0 0 0 0 13 0 0 0 0 0 0 0 0 0 0 0 0 0 0 17 0 0 0 0 0 0 21 0 0 0 0 0 17 0 14 0 0
maxd
0 0 0 24 0 0 14 0 0 0 0 0 0 0 13 0 0 24 0 0 0 0 0 0 0 0 0 0 29 0 0 0 0 0 0 0 22 0 30 0 0 0 0 0 17 0 0 0 0 0 0 0 0 0 0 0 0 0 0 20 0 0 0 0 0 0 26 0 0 0 0 0 21 0 26 0 0
e
0 746 728 597 873 732 779 528 830 556 909 956 541 700 828 757 540 809 805 770 628 822 484 704 826 811 588 597 620 840 539 617 945 775 698 865 601 805 648 744 705 864 688 557 796 709 655 605 825 647 678 809 729 547 845 629 533 518 815 606 557 737 731 785 848 880 490 819 823 790 607 901 890 896 927 823 0
l
99999 866 848 717 993 852 899 648 950 676 1029 1076 661 820 948 877 660 929 925 890 748 942 604 824 946 931 708 717 740 960 659 737 1065 895 818 985 721 925 768 864 825 984 808 677 916 829 775 725 945 767 798 929 849 667 965 749 653 638 935 726 677 857 851 905 968 1000 610 939 943 910 727 1021 1010 1016 1047 943 99999
