nbNodes
77
nbVehi
15
nbServi
6
r
1 1 1 1 1 1 
0 1 0 0 0 0 
0 1 0 1 0 0 
1 0 0 0 0 0 
0 0 0 0 0 1 
0 0 0 1 0 0 
0 0 0 0 1 0 
1 0 0 0 0 0 
1 0 0 0 1 0 
1 0 0 0 1 0 
0 1 0 0 0 0 
1 0 0 0 0 1 
1 0 0 0 0 0 
0 0 0 0 0 1 
0 0 0 1 0 0 
0 0 0 0 1 0 
0 0 1 0 0 0 
1 0 0 0 0 0 
0 0 0 0 1 0 
0 0 1 0 1 0 
0 1 0 1 0 0 
0 0 0 0 0 1 
1 0 0 1 0 0 
0 0 0 1 0 0 
0 0 0 1 0 0 
0 1 0 0 1 0 
0 0 0 1 0 0 
1 0 0 0 0 0 
1 0 0 0 1 0 
0 0 1 0 1 0 
0 0 0 1 0 0 
0 0 0 0 0 1 
0 0 0 0 1 0 
0 0 0 0 1 0 
0 0 0 0 1 0 
0 1 0 0 1 0 
0 0 0 1 0 0 
1 0 0 0 0 1 
1 0 0 0 0 0 
0 0 0 1 0 0 
0 1 0 0 0 1 
0 0 0 0 0 1 
0 0 0 1 0 0 
0 0 1 0 1 0 
0 0 0 0 1 0 
0 0 1 0 0 0 
1 0 0 0 0 0 
0 0 0 1 0 0 
0 0 0 0 0 1 
0 0 1 0 1 0 
0 0 1 0 0 0 
1 0 0 0 0 1 
0 0 1 0 1 0 
0 0 1 0 0 1 
1 0 0 0 0 0 
0 1 0 0 0 0 
0 1 0 0 0 0 
0 0 0 0 1 0 
0 0 0 1 0 0 
0 0 1 0 0 0 
0 0 0 1 0 0 
1 0 0 1 0 0 
0 1 0 0 1 0 
0 0 0 0 1 0 
0 1 0 0 1 0 
0 0 0 0 0 1 
0 1 0 1 0 0 
0 0 1 0 0 0 
0 0 0 0 1 0 
0 0 0 0 1 0 
1 0 0 0 0 0 
0 0 0 0 0 1 
0 1 0 0 0 1 
0 0 1 0 0 0 
0 0 0 0 1 0 
1 0 0 0 1 0 
1 1 1 1 1 1 
DS
3 9 10 12 20 21 23 26 29 30 36 38 41 44 50 52 53 54 62 63 65 67 73 76 
a
1 0 0 0 0 0 
1 0 1 0 0 0 
1 1 0 0 0 0 
0 0 1 0 0 0 
1 0 1 0 0 0 
1 1 0 0 0 0 
1 1 1 0 0 0 
0 0 0 1 1 0 
0 0 0 1 1 1 
0 0 0 0 1 1 
0 0 0 1 1 1 
0 0 0 0 1 1 
0 0 0 0 0 1 
0 0 0 1 0 0 
0 0 0 1 1 0 
x
-30.1631 -30.0465 -30.0212 -30.0347 -30.0194 -30.0163 -30.0637 -30.0172 -30.0207 -30.0483 -30.0444 -30.0396 -30.0266 -30.0229 -30.0195 -30.0502 -30.0212 -30.0393 -30.0648 -30.0465 -30.0088 -30.0095 -30.0161 -30.0497 -30.0641 -30.0667 -30.0299 -30.0495 -30.014 -30.0253 -30.0187 -30.0219 -30.0478 -30.0764 -30.0185 -30.0238 -30.0748 -30.076 -30.0356 -30.0042 -30.025 -30.0682 -30.0175 -30.0479 -30.0638 -30.0287 -30.0251 -30.0316 -30.0428 -30.0639 -30.0615 -30.0182 -30.0721 -30.0615 -30.0722 -30.0175 -30.0304 -30.0207 -30.0084 -30.0748 -30.0823 -30.0268 -30.0214 -30.1631 -30.0115 -30.0287 -30.0482 -30.0259 -30.0103 -30.0707 -30.0644 -30.0418 -30.0446 -30.0258 -30.0204 -30.0238 -30.1631
y
-51.2324 -51.1357 -51.1392 -51.2264 -51.1436 -51.1294 -51.218 -51.1147 -51.1327 -51.1494 -51.1361 -51.1535 -51.1277 -51.1341 -51.1351 -51.1314 -51.1325 -51.1257 -51.1983 -51.1362 -51.1369 -51.1356 -51.1536 -51.1614 -51.2104 -51.1441 -51.1111 -51.139 -51.1376 -51.124 -51.1515 -51.1092 -51.1601 -51.2167 -51.1368 -51.127 -51.2023 -51.2054 -51.2272 -51.1508 -51.1271 -51.1951 -51.1345 -51.1584 -51.2036 -51.1279 -51.1318 -51.1522 -51.2109 -51.1576 -51.1933 -51.1195 -51.2213 -51.1982 -51.224 -51.1445 -51.2331 -51.1283 -51.1559 -51.2244 -51.2272 -51.1045 -51.1295 -51.2324 -51.1181 -51.1283 -51.1288 -51.104 -51.1033 -51.2174 -51.2122 -51.1345 -51.1257 -51.2239 -51.1375 -51.1378 -51.2324
d
0.00000 38.00000 41.00000 34.00000 41.00000 44.00000 28.00000 43.00000 43.00000 35.00000 37.00000 35.00000 43.00000 43.00000 42.00000 42.00000 43.00000 40.00000 28.00000 38.00000 44.00000 44.00000 41.00000 34.00000 27.00000 37.00000 43.00000 38.00000 42.00000 43.00000 39.00000 44.00000 34.00000 25.00000 42.00000 43.00000 25.00000 24.00000 33.00000 43.00000 43.00000 28.00000 42.00000 34.00000 28.00000 43.00000 42.00000 37.00000 31.00000 33.00000 30.00000 42.00000 27.00000 29.00000 28.00000 41.00000 35.00000 45.00000 41.00000 27.00000 24.00000 45.00000 44.00000 0.00000 43.00000 43.00000 41.00000 46.00000 47.00000 27.00000 29.00000 39.00000 40.00000 36.00000 41.00000 41.00000 0.00000
38.00000 0.00000 7.00000 17.00000 9.00000 8.00000 19.00000 8.00000 7.00000 6.00000 1.00000 5.00000 7.00000 7.00000 8.00000 4.00000 7.00000 5.00000 16.00000 1.00000 10.00000 10.00000 11.00000 8.00000 18.00000 10.00000 7.00000 2.00000 9.00000 7.00000 9.00000 8.00000 8.00000 19.00000 8.00000 7.00000 16.00000 18.00000 18.00000 13.00000 7.00000 14.00000 8.00000 8.00000 16.00000 6.00000 6.00000 7.00000 15.00000 7.00000 14.00000 6.00000 20.00000 16.00000 21.00000 9.00000 20.00000 9.00000 11.00000 21.00000 21.00000 10.00000 8.00000 38.00000 8.00000 6.00000 5.00000 10.00000 12.00000 19.00000 19.00000 3.00000 5.00000 18.00000 8.00000 7.00000 38.00000
42.00000 7.00000 0.00000 19.00000 2.00000 4.00000 22.00000 7.00000 3.00000 8.00000 7.00000 6.00000 5.00000 3.00000 2.00000 11.00000 3.00000 9.00000 19.00000 7.00000 5.00000 5.00000 7.00000 10.00000 21.00000 15.00000 9.00000 8.00000 3.00000 6.00000 5.00000 8.00000 9.00000 22.00000 2.00000 5.00000 19.00000 21.00000 20.00000 8.00000 6.00000 18.00000 2.00000 10.00000 19.00000 6.00000 4.00000 5.00000 17.00000 12.00000 17.00000 6.00000 24.00000 19.00000 23.00000 3.00000 21.00000 5.00000 7.00000 24.00000 24.00000 10.00000 4.00000 42.00000 7.00000 6.00000 10.00000 10.00000 12.00000 22.00000 20.00000 6.00000 9.00000 20.00000 1.00000 2.00000 42.00000
32.00000 17.00000 19.00000 0.00000 18.00000 20.00000 9.00000 21.00000 20.00000 16.00000 16.00000 14.00000 22.00000 21.00000 20.00000 20.00000 21.00000 19.00000 9.00000 17.00000 19.00000 19.00000 16.00000 15.00000 9.00000 19.00000 21.00000 18.00000 18.00000 22.00000 16.00000 22.00000 15.00000 12.00000 20.00000 22.00000 9.00000 11.00000 1.00000 18.00000 22.00000 10.00000 20.00000 16.00000 8.00000 21.00000 20.00000 15.00000 6.00000 15.00000 9.00000 21.00000 10.00000 9.00000 10.00000 18.00000 4.00000 21.00000 16.00000 11.00000 13.00000 24.00000 21.00000 32.00000 22.00000 21.00000 19.00000 24.00000 26.00000 11.00000 8.00000 17.00000 19.00000 6.00000 20.00000 19.00000 32.00000
41.00000 8.00000 2.00000 18.00000 0.00000 5.00000 21.00000 8.00000 4.00000 8.00000 8.00000 6.00000 7.00000 4.00000 4.00000 12.00000 5.00000 11.00000 18.00000 8.00000 5.00000 5.00000 5.00000 10.00000 20.00000 15.00000 11.00000 10.00000 3.00000 8.00000 3.00000 9.00000 9.00000 22.00000 3.00000 7.00000 18.00000 21.00000 19.00000 7.00000 7.00000 17.00000 4.00000 9.00000 18.00000 8.00000 5.00000 5.00000 16.00000 12.00000 16.00000 8.00000 23.00000 18.00000 22.00000 2.00000 20.00000 6.00000 6.00000 23.00000 24.00000 12.00000 6.00000 41.00000 8.00000 8.00000 11.00000 11.00000 12.00000 22.00000 19.00000 8.00000 11.00000 18.00000 3.00000 3.00000 41.00000
44.00000 8.00000 4.00000 20.00000 5.00000 0.00000 23.00000 5.00000 2.00000 11.00000 7.00000 10.00000 4.00000 3.00000 3.00000 11.00000 2.00000 7.00000 21.00000 8.00000 4.00000 4.00000 9.00000 13.00000 23.00000 16.00000 7.00000 9.00000 3.00000 4.00000 8.00000 5.00000 12.00000 25.00000 3.00000 3.00000 21.00000 23.00000 20.00000 7.00000 3.00000 20.00000 2.00000 13.00000 22.00000 6.00000 3.00000 9.00000 19.00000 13.00000 19.00000 4.00000 25.00000 21.00000 25.00000 5.00000 22.00000 2.00000 7.00000 25.00000 27.00000 8.00000 2.00000 44.00000 5.00000 6.00000 10.00000 7.00000 9.00000 25.00000 22.00000 7.00000 8.00000 19.00000 3.00000 4.00000 44.00000
27.00000 19.00000 21.00000 9.00000 21.00000 23.00000 0.00000 24.00000 23.00000 16.00000 18.00000 16.00000 24.00000 23.00000 23.00000 22.00000 24.00000 21.00000 7.00000 19.00000 22.00000 22.00000 19.00000 15.00000 4.00000 18.00000 23.00000 19.00000 21.00000 24.00000 19.00000 24.00000 15.00000 5.00000 22.00000 24.00000 5.00000 7.00000 9.00000 21.00000 24.00000 7.00000 23.00000 15.00000 6.00000 23.00000 22.00000 17.00000 7.00000 14.00000 8.00000 23.00000 4.00000 7.00000 5.00000 21.00000 12.00000 25.00000 19.00000 6.00000 8.00000 26.00000 24.00000 27.00000 24.00000 23.00000 21.00000 26.00000 28.00000 4.00000 4.00000 19.00000 21.00000 11.00000 22.00000 21.00000 27.00000
44.00000 8.00000 8.00000 21.00000 9.00000 6.00000 24.00000 0.00000 7.00000 11.00000 8.00000 10.00000 6.00000 8.00000 7.00000 11.00000 7.00000 6.00000 21.00000 8.00000 5.00000 5.00000 11.00000 13.00000 24.00000 16.00000 4.00000 9.00000 7.00000 4.00000 12.00000 3.00000 12.00000 25.00000 7.00000 4.00000 21.00000 24.00000 22.00000 9.00000 5.00000 20.00000 6.00000 13.00000 22.00000 7.00000 7.00000 11.00000 20.00000 13.00000 19.00000 2.00000 26.00000 21.00000 26.00000 9.00000 23.00000 5.00000 8.00000 27.00000 27.00000 5.00000 6.00000 44.00000 2.00000 7.00000 9.00000 5.00000 5.00000 25.00000 24.00000 7.00000 7.00000 21.00000 8.00000 9.00000 44.00000
43.00000 7.00000 3.00000 20.00000 4.00000 2.00000 24.00000 6.00000 0.00000 10.00000 7.00000 8.00000 4.00000 2.00000 1.00000 10.00000 1.00000 8.00000 20.00000 7.00000 5.00000 5.00000 9.00000 12.00000 22.00000 15.00000 8.00000 8.00000 4.00000 5.00000 7.00000 6.00000 11.00000 24.00000 3.00000 4.00000 20.00000 22.00000 21.00000 8.00000 4.00000 19.00000 2.00000 12.00000 21.00000 5.00000 2.00000 7.00000 19.00000 12.00000 18.00000 5.00000 25.00000 20.00000 25.00000 5.00000 22.00000 3.00000 8.00000 26.00000 26.00000 9.00000 3.00000 43.00000 6.00000 5.00000 10.00000 8.00000 10.00000 24.00000 22.00000 6.00000 9.00000 20.00000 2.00000 3.00000 43.00000
35.00000 5.00000 8.00000 16.00000 8.00000 11.00000 16.00000 10.00000 10.00000 0.00000 4.00000 3.00000 10.00000 10.00000 9.00000 8.00000 10.00000 7.00000 12.00000 5.00000 12.00000 12.00000 9.00000 4.00000 14.00000 10.00000 9.00000 6.00000 10.00000 10.00000 7.00000 10.00000 4.00000 15.00000 9.00000 10.00000 12.00000 14.00000 16.00000 11.00000 10.00000 11.00000 10.00000 4.00000 13.00000 9.00000 8.00000 5.00000 13.00000 6.00000 11.00000 9.00000 17.00000 12.00000 18.00000 9.00000 18.00000 12.00000 9.00000 18.00000 18.00000 12.00000 11.00000 35.00000 10.00000 9.00000 7.00000 12.00000 14.00000 16.00000 15.00000 6.00000 7.00000 16.00000 9.00000 8.00000 35.00000
38.00000 1.00000 7.00000 16.00000 8.00000 8.00000 19.00000 7.00000 7.00000 5.00000 0.00000 4.00000 7.00000 7.00000 8.00000 5.00000 7.00000 4.00000 16.00000 1.00000 10.00000 10.00000 10.00000 7.00000 18.00000 11.00000 7.00000 2.00000 9.00000 7.00000 8.00000 8.00000 7.00000 19.00000 8.00000 7.00000 16.00000 18.00000 17.00000 12.00000 7.00000 15.00000 8.00000 7.00000 16.00000 6.00000 5.00000 6.00000 15.00000 8.00000 14.00000 6.00000 20.00000 16.00000 21.00000 9.00000 19.00000 9.00000 10.00000 21.00000 21.00000 9.00000 8.00000 38.00000 7.00000 6.00000 5.00000 10.00000 11.00000 19.00000 18.00000 3.00000 4.00000 17.00000 7.00000 7.00000 38.00000
36.00000 4.00000 6.00000 13.00000 6.00000 9.00000 16.00000 10.00000 8.00000 3.00000 4.00000 0.00000 8.00000 8.00000 7.00000 8.00000 9.00000 6.00000 13.00000 4.00000 10.00000 10.00000 6.00000 4.00000 15.00000 11.00000 9.00000 6.00000 8.00000 9.00000 4.00000 10.00000 3.00000 16.00000 7.00000 9.00000 13.00000 15.00000 14.00000 8.00000 8.00000 12.00000 8.00000 4.00000 14.00000 8.00000 7.00000 2.00000 12.00000 7.00000 11.00000 8.00000 18.00000 13.00000 18.00000 6.00000 16.00000 10.00000 7.00000 19.00000 19.00000 12.00000 10.00000 36.00000 9.00000 8.00000 7.00000 12.00000 14.00000 17.00000 15.00000 5.00000 6.00000 14.00000 7.00000 6.00000 36.00000
43.00000 7.00000 6.00000 21.00000 7.00000 5.00000 24.00000 5.00000 4.00000 10.00000 6.00000 9.00000 0.00000 4.00000 5.00000 10.00000 4.00000 7.00000 20.00000 7.00000 7.00000 7.00000 11.00000 12.00000 22.00000 15.00000 7.00000 8.00000 6.00000 3.00000 9.00000 6.00000 11.00000 24.00000 6.00000 2.00000 20.00000 22.00000 21.00000 11.00000 1.00000 19.00000 5.00000 12.00000 21.00000 3.00000 3.00000 8.00000 19.00000 12.00000 18.00000 4.00000 25.00000 20.00000 25.00000 8.00000 23.00000 4.00000 10.00000 26.00000 26.00000 8.00000 4.00000 43.00000 5.00000 3.00000 10.00000 8.00000 9.00000 24.00000 23.00000 6.00000 8.00000 21.00000 5.00000 6.00000 43.00000
43.00000 7.00000 3.00000 21.00000 4.00000 3.00000 24.00000 7.00000 2.00000 10.00000 7.00000 8.00000 4.00000 0.00000 2.00000 11.00000 2.00000 9.00000 20.00000 7.00000 5.00000 5.00000 9.00000 12.00000 23.00000 15.00000 9.00000 8.00000 4.00000 5.00000 7.00000 7.00000 11.00000 24.00000 3.00000 4.00000 20.00000 23.00000 21.00000 9.00000 4.00000 19.00000 2.00000 12.00000 21.00000 5.00000 2.00000 7.00000 19.00000 12.00000 18.00000 6.00000 25.00000 20.00000 25.00000 5.00000 23.00000 4.00000 8.00000 26.00000 26.00000 10.00000 4.00000 43.00000 7.00000 5.00000 10.00000 9.00000 11.00000 24.00000 22.00000 6.00000 9.00000 21.00000 2.00000 3.00000 43.00000
43.00000 8.00000 2.00000 20.00000 3.00000 3.00000 23.00000 6.00000 1.00000 10.00000 7.00000 8.00000 5.00000 2.00000 0.00000 11.00000 2.00000 8.00000 20.00000 8.00000 4.00000 4.00000 8.00000 11.00000 22.00000 16.00000 8.00000 9.00000 3.00000 5.00000 6.00000 6.00000 11.00000 24.00000 2.00000 4.00000 20.00000 23.00000 21.00000 8.00000 5.00000 19.00000 1.00000 11.00000 21.00000 6.00000 3.00000 7.00000 19.00000 13.00000 18.00000 5.00000 25.00000 20.00000 25.00000 4.00000 22.00000 4.00000 7.00000 26.00000 26.00000 9.00000 3.00000 43.00000 6.00000 6.00000 11.00000 9.00000 10.00000 24.00000 22.00000 7.00000 10.00000 20.00000 1.00000 2.00000 43.00000
41.00000 5.00000 11.00000 21.00000 12.00000 11.00000 22.00000 10.00000 10.00000 9.00000 5.00000 8.00000 10.00000 11.00000 11.00000 0.00000 10.00000 7.00000 19.00000 5.00000 13.00000 13.00000 14.00000 12.00000 21.00000 13.00000 9.00000 5.00000 12.00000 10.00000 12.00000 10.00000 11.00000 22.00000 11.00000 10.00000 18.00000 20.00000 21.00000 16.00000 10.00000 17.00000 11.00000 11.00000 19.00000 10.00000 9.00000 10.00000 19.00000 10.00000 17.00000 9.00000 23.00000 19.00000 24.00000 13.00000 23.00000 12.00000 15.00000 24.00000 24.00000 12.00000 12.00000 41.00000 10.00000 10.00000 2.00000 12.00000 14.00000 22.00000 22.00000 6.00000 5.00000 21.00000 11.00000 10.00000 41.00000
43.00000 7.00000 4.00000 21.00000 5.00000 2.00000 24.00000 6.00000 2.00000 10.00000 6.00000 9.00000 4.00000 2.00000 2.00000 10.00000 0.00000 8.00000 20.00000 7.00000 5.00000 5.00000 10.00000 12.00000 22.00000 15.00000 8.00000 8.00000 4.00000 5.00000 8.00000 6.00000 11.00000 24.00000 4.00000 4.00000 20.00000 22.00000 21.00000 8.00000 4.00000 19.00000 3.00000 12.00000 21.00000 5.00000 2.00000 8.00000 19.00000 12.00000 18.00000 5.00000 25.00000 20.00000 25.00000 6.00000 23.00000 4.00000 8.00000 26.00000 26.00000 9.00000 3.00000 43.00000 6.00000 5.00000 10.00000 8.00000 10.00000 24.00000 23.00000 6.00000 9.00000 21.00000 3.00000 4.00000 43.00000
39.00000 4.00000 8.00000 17.00000 9.00000 9.00000 20.00000 7.00000 8.00000 6.00000 3.00000 5.00000 7.00000 8.00000 8.00000 6.00000 8.00000 0.00000 17.00000 4.00000 9.00000 10.00000 11.00000 8.00000 19.00000 12.00000 6.00000 5.00000 10.00000 6.00000 9.00000 7.00000 8.00000 20.00000 9.00000 6.00000 17.00000 19.00000 18.00000 13.00000 7.00000 16.00000 9.00000 8.00000 17.00000 7.00000 6.00000 7.00000 16.00000 9.00000 15.00000 5.00000 21.00000 17.00000 22.00000 10.00000 20.00000 8.00000 11.00000 22.00000 22.00000 9.00000 9.00000 39.00000 6.00000 7.00000 5.00000 9.00000 10.00000 20.00000 19.00000 2.00000 3.00000 18.00000 8.00000 7.00000 39.00000
27.00000 15.00000 18.00000 9.00000 18.00000 21.00000 7.00000 21.00000 20.00000 12.00000 15.00000 12.00000 20.00000 20.00000 19.00000 18.00000 20.00000 17.00000 0.00000 15.00000 21.00000 21.00000 17.00000 11.00000 4.00000 13.00000 20.00000 14.00000 20.00000 20.00000 16.00000 21.00000 11.00000 7.00000 19.00000 20.00000 4.00000 6.00000 9.00000 20.00000 20.00000 2.00000 20.00000 11.00000 2.00000 20.00000 19.00000 14.00000 7.00000 9.00000 3.00000 19.00000 8.00000 2.00000 9.00000 18.00000 12.00000 22.00000 18.00000 9.00000 10.00000 23.00000 21.00000 27.00000 20.00000 20.00000 18.00000 23.00000 24.00000 6.00000 5.00000 16.00000 17.00000 11.00000 18.00000 18.00000 27.00000
38.00000 1.00000 7.00000 17.00000 9.00000 8.00000 19.00000 8.00000 7.00000 6.00000 1.00000 5.00000 7.00000 7.00000 8.00000 4.00000 7.00000 5.00000 16.00000 0.00000 10.00000 11.00000 11.00000 8.00000 18.00000 10.00000 7.00000 2.00000 9.00000 8.00000 8.00000 8.00000 7.00000 19.00000 8.00000 7.00000 15.00000 18.00000 17.00000 12.00000 7.00000 14.00000 8.00000 8.00000 16.00000 7.00000 6.00000 6.00000 15.00000 7.00000 14.00000 7.00000 20.00000 16.00000 21.00000 10.00000 19.00000 9.00000 11.00000 21.00000 21.00000 10.00000 9.00000 38.00000 8.00000 7.00000 5.00000 10.00000 12.00000 19.00000 19.00000 3.00000 5.00000 17.00000 8.00000 7.00000 38.00000
44.00000 11.00000 5.00000 17.00000 5.00000 4.00000 21.00000 6.00000 5.00000 12.00000 10.00000 10.00000 7.00000 5.00000 4.00000 14.00000 5.00000 9.00000 20.00000 11.00000 0.00000 1.00000 7.00000 14.00000 20.00000 18.00000 9.00000 12.00000 3.00000 7.00000 8.00000 8.00000 13.00000 23.00000 4.00000 6.00000 21.00000 23.00000 18.00000 5.00000 7.00000 20.00000 4.00000 13.00000 20.00000 8.00000 5.00000 9.00000 16.00000 15.00000 19.00000 6.00000 22.00000 20.00000 22.00000 5.00000 19.00000 6.00000 5.00000 23.00000 26.00000 10.00000 5.00000 44.00000 6.00000 8.00000 12.00000 10.00000 10.00000 22.00000 20.00000 10.00000 10.00000 17.00000 4.00000 5.00000 44.00000
44.00000 10.00000 4.00000 17.00000 4.00000 3.00000 20.00000 5.00000 4.00000 11.00000 9.00000 9.00000 6.00000 4.00000 3.00000 13.00000 4.00000 8.00000 20.00000 10.00000 1.00000 0.00000 7.00000 13.00000 20.00000 17.00000 8.00000 11.00000 2.00000 6.00000 7.00000 7.00000 12.00000 23.00000 3.00000 5.00000 21.00000 23.00000 18.00000 5.00000 6.00000 20.00000 3.00000 13.00000 20.00000 8.00000 5.00000 8.00000 16.00000 14.00000 19.00000 5.00000 22.00000 20.00000 22.00000 4.00000 19.00000 5.00000 5.00000 23.00000 26.00000 9.00000 4.00000 44.00000 5.00000 8.00000 11.00000 9.00000 9.00000 22.00000 20.00000 9.00000 9.00000 17.00000 3.00000 4.00000 44.00000
41.00000 9.00000 6.00000 16.00000 5.00000 7.00000 19.00000 8.00000 7.00000 8.00000 8.00000 5.00000 10.00000 8.00000 7.00000 13.00000 8.00000 11.00000 18.00000 9.00000 6.00000 6.00000 0.00000 9.00000 19.00000 15.00000 12.00000 10.00000 5.00000 10.00000 2.00000 10.00000 8.00000 21.00000 7.00000 9.00000 18.00000 20.00000 16.00000 5.00000 9.00000 17.00000 7.00000 9.00000 18.00000 9.00000 8.00000 4.00000 15.00000 12.00000 16.00000 9.00000 21.00000 17.00000 20.00000 4.00000 18.00000 8.00000 3.00000 21.00000 23.00000 13.00000 8.00000 41.00000 9.00000 9.00000 12.00000 12.00000 13.00000 21.00000 18.00000 9.00000 11.00000 15.00000 7.00000 7.00000 41.00000
33.00000 7.00000 10.00000 14.00000 10.00000 13.00000 15.00000 13.00000 12.00000 4.00000 7.00000 4.00000 12.00000 12.00000 11.00000 11.00000 12.00000 9.00000 11.00000 7.00000 13.00000 14.00000 10.00000 0.00000 13.00000 9.00000 12.00000 8.00000 12.00000 12.00000 8.00000 13.00000 1.00000 14.00000 11.00000 12.00000 11.00000 13.00000 15.00000 12.00000 12.00000 10.00000 12.00000 3.00000 11.00000 12.00000 11.00000 6.00000 11.00000 5.00000 9.00000 11.00000 15.00000 11.00000 16.00000 10.00000 17.00000 14.00000 10.00000 16.00000 16.00000 15.00000 13.00000 33.00000 12.00000 12.00000 10.00000 15.00000 16.00000 14.00000 14.00000 8.00000 9.00000 15.00000 10.00000 10.00000 33.00000
26.00000 18.00000 20.00000 8.00000 20.00000 22.00000 4.00000 23.00000 22.00000 14.00000 17.00000 15.00000 22.00000 22.00000 21.00000 21.00000 23.00000 20.00000 4.00000 17.00000 21.00000 21.00000 18.00000 13.00000 0.00000 16.00000 22.00000 17.00000 21.00000 23.00000 18.00000 23.00000 13.00000 5.00000 21.00000 22.00000 3.00000 5.00000 9.00000 20.00000 23.00000 5.00000 22.00000 13.00000 3.00000 22.00000 21.00000 16.00000 6.00000 12.00000 5.00000 22.00000 5.00000 4.00000 6.00000 20.00000 11.00000 24.00000 19.00000 6.00000 8.00000 25.00000 23.00000 26.00000 23.00000 22.00000 20.00000 25.00000 27.00000 4.00000 2.00000 18.00000 20.00000 11.00000 21.00000 20.00000 26.00000
36.00000 9.00000 14.00000 17.00000 14.00000 16.00000 17.00000 15.00000 15.00000 9.00000 9.00000 10.00000 15.00000 15.00000 15.00000 12.00000 15.00000 12.00000 13.00000 9.00000 17.00000 18.00000 16.00000 8.00000 15.00000 0.00000 14.00000 8.00000 16.00000 15.00000 14.00000 15.00000 8.00000 17.00000 15.00000 15.00000 13.00000 15.00000 17.00000 18.00000 15.00000 12.00000 16.00000 8.00000 14.00000 14.00000 14.00000 12.00000 14.00000 5.00000 11.00000 14.00000 18.00000 13.00000 19.00000 15.00000 19.00000 17.00000 16.00000 19.00000 19.00000 17.00000 16.00000 36.00000 15.00000 14.00000 12.00000 17.00000 19.00000 17.00000 16.00000 11.00000 12.00000 19.00000 14.00000 14.00000 36.00000
43.00000 7.00000 10.00000 21.00000 11.00000 8.00000 24.00000 4.00000 9.00000 10.00000 7.00000 9.00000 7.00000 9.00000 9.00000 10.00000 9.00000 5.00000 20.00000 7.00000 9.00000 9.00000 14.00000 12.00000 23.00000 15.00000 0.00000 8.00000 10.00000 5.00000 12.00000 2.00000 11.00000 24.00000 9.00000 5.00000 20.00000 23.00000 22.00000 12.00000 6.00000 19.00000 8.00000 12.00000 21.00000 8.00000 8.00000 10.00000 19.00000 12.00000 18.00000 4.00000 25.00000 20.00000 25.00000 12.00000 23.00000 7.00000 12.00000 26.00000 26.00000 4.00000 8.00000 43.00000 5.00000 8.00000 8.00000 4.00000 8.00000 24.00000 23.00000 6.00000 6.00000 22.00000 10.00000 10.00000 43.00000
37.00000 2.00000 8.00000 17.00000 10.00000 9.00000 18.00000 9.00000 8.00000 5.00000 2.00000 6.00000 8.00000 9.00000 9.00000 5.00000 8.00000 6.00000 14.00000 2.00000 12.00000 12.00000 12.00000 7.00000 16.00000 9.00000 8.00000 0.00000 10.00000 9.00000 10.00000 9.00000 7.00000 17.00000 9.00000 9.00000 14.00000 16.00000 18.00000 14.00000 8.00000 13.00000 9.00000 8.00000 15.00000 8.00000 7.00000 8.00000 14.00000 6.00000 12.00000 8.00000 19.00000 14.00000 20.00000 11.00000 20.00000 10.00000 12.00000 20.00000 19.00000 11.00000 10.00000 37.00000 9.00000 8.00000 5.00000 11.00000 13.00000 17.00000 17.00000 5.00000 6.00000 19.00000 9.00000 8.00000 37.00000
44.00000 9.00000 3.00000 19.00000 4.00000 3.00000 22.00000 6.00000 4.00000 10.00000 9.00000 8.00000 6.00000 4.00000 3.00000 12.00000 4.00000 9.00000 21.00000 9.00000 3.00000 3.00000 8.00000 12.00000 22.00000 17.00000 9.00000 10.00000 0.00000 6.00000 6.00000 7.00000 11.00000 24.00000 2.00000 5.00000 21.00000 23.00000 19.00000 6.00000 6.00000 20.00000 2.00000 12.00000 21.00000 7.00000 4.00000 7.00000 18.00000 14.00000 19.00000 6.00000 24.00000 21.00000 24.00000 3.00000 21.00000 4.00000 6.00000 24.00000 27.00000 10.00000 4.00000 44.00000 6.00000 7.00000 12.00000 9.00000 10.00000 24.00000 21.00000 8.00000 10.00000 18.00000 2.00000 3.00000 44.00000
42.00000 7.00000 7.00000 20.00000 8.00000 5.00000 23.00000 4.00000 5.00000 9.00000 6.00000 8.00000 3.00000 6.00000 6.00000 9.00000 6.00000 4.00000 20.00000 6.00000 7.00000 7.00000 12.00000 11.00000 22.00000 15.00000 5.00000 8.00000 7.00000 0.00000 10.00000 4.00000 11.00000 23.00000 6.00000 2.00000 20.00000 22.00000 21.00000 10.00000 2.00000 19.00000 5.00000 11.00000 20.00000 5.00000 5.00000 9.00000 18.00000 12.00000 18.00000 3.00000 24.00000 20.00000 25.00000 8.00000 23.00000 4.00000 10.00000 25.00000 25.00000 7.00000 4.00000 42.00000 4.00000 5.00000 7.00000 6.00000 8.00000 23.00000 22.00000 5.00000 5.00000 21.00000 6.00000 7.00000 42.00000
40.00000 8.00000 5.00000 16.00000 4.00000 7.00000 19.00000 9.00000 7.00000 7.00000 8.00000 4.00000 9.00000 7.00000 6.00000 12.00000 8.00000 10.00000 17.00000 8.00000 6.00000 6.00000 3.00000 8.00000 18.00000 14.00000 12.00000 9.00000 6.00000 10.00000 0.00000 10.00000 7.00000 20.00000 6.00000 9.00000 17.00000 19.00000 16.00000 5.00000 9.00000 16.00000 7.00000 8.00000 17.00000 8.00000 7.00000 3.00000 15.00000 11.00000 15.00000 9.00000 21.00000 16.00000 21.00000 4.00000 18.00000 9.00000 3.00000 22.00000 22.00000 13.00000 8.00000 40.00000 9.00000 8.00000 11.00000 13.00000 13.00000 20.00000 18.00000 8.00000 10.00000 16.00000 6.00000 6.00000 40.00000
44.00000 9.00000 9.00000 22.00000 10.00000 6.00000 25.00000 3.00000 7.00000 11.00000 8.00000 10.00000 6.00000 8.00000 7.00000 11.00000 7.00000 6.00000 22.00000 9.00000 7.00000 7.00000 13.00000 13.00000 24.00000 17.00000 3.00000 10.00000 8.00000 5.00000 13.00000 0.00000 13.00000 25.00000 8.00000 5.00000 22.00000 24.00000 23.00000 11.00000 5.00000 21.00000 7.00000 13.00000 22.00000 8.00000 8.00000 12.00000 21.00000 14.00000 20.00000 3.00000 26.00000 22.00000 27.00000 10.00000 25.00000 6.00000 10.00000 27.00000 27.00000 3.00000 7.00000 44.00000 4.00000 8.00000 9.00000 3.00000 6.00000 25.00000 24.00000 7.00000 8.00000 23.00000 8.00000 9.00000 44.00000
33.00000 7.00000 9.00000 14.00000 9.00000 12.00000 14.00000 12.00000 11.00000 4.00000 6.00000 4.00000 11.00000 11.00000 10.00000 10.00000 12.00000 9.00000 11.00000 6.00000 13.00000 13.00000 9.00000 1.00000 13.00000 9.00000 11.00000 8.00000 11.00000 12.00000 7.00000 12.00000 0.00000 14.00000 10.00000 11.00000 11.00000 13.00000 15.00000 11.00000 12.00000 10.00000 11.00000 2.00000 11.00000 11.00000 10.00000 5.00000 11.00000 5.00000 9.00000 11.00000 15.00000 11.00000 16.00000 9.00000 17.00000 13.00000 10.00000 16.00000 16.00000 14.00000 13.00000 33.00000 12.00000 11.00000 9.00000 14.00000 16.00000 14.00000 14.00000 7.00000 9.00000 16.00000 10.00000 9.00000 33.00000
24.00000 18.00000 21.00000 12.00000 21.00000 24.00000 5.00000 24.00000 23.00000 15.00000 18.00000 15.00000 23.00000 23.00000 22.00000 22.00000 23.00000 20.00000 7.00000 18.00000 24.00000 25.00000 21.00000 14.00000 4.00000 17.00000 23.00000 18.00000 23.00000 23.00000 19.00000 24.00000 14.00000 0.00000 22.00000 23.00000 5.00000 4.00000 12.00000 23.00000 23.00000 8.00000 23.00000 14.00000 6.00000 23.00000 22.00000 17.00000 10.00000 13.00000 9.00000 22.00000 4.00000 8.00000 4.00000 21.00000 15.00000 25.00000 22.00000 5.00000 5.00000 26.00000 25.00000 24.00000 23.00000 23.00000 21.00000 26.00000 28.00000 3.00000 6.00000 19.00000 20.00000 14.00000 21.00000 21.00000 24.00000
43.00000 9.00000 2.00000 19.00000 3.00000 3.00000 23.00000 7.00000 2.00000 10.00000 8.00000 8.00000 5.00000 2.00000 2.00000 12.00000 3.00000 9.00000 20.00000 8.00000 4.00000 4.00000 8.00000 12.00000 22.00000 16.00000 8.00000 10.00000 2.00000 5.00000 6.00000 7.00000 11.00000 24.00000 0.00000 4.00000 20.00000 23.00000 20.00000 7.00000 5.00000 19.00000 1.00000 11.00000 21.00000 6.00000 3.00000 7.00000 19.00000 13.00000 18.00000 5.00000 24.00000 20.00000 24.00000 3.00000 21.00000 4.00000 7.00000 25.00000 26.00000 9.00000 3.00000 43.00000 6.00000 6.00000 11.00000 9.00000 10.00000 24.00000 22.00000 8.00000 10.00000 19.00000 1.00000 2.00000 43.00000
43.00000 7.00000 6.00000 21.00000 7.00000 4.00000 24.00000 4.00000 4.00000 10.00000 7.00000 9.00000 2.00000 5.00000 5.00000 10.00000 5.00000 5.00000 21.00000 7.00000 6.00000 6.00000 11.00000 12.00000 23.00000 15.00000 5.00000 9.00000 6.00000 2.00000 9.00000 4.00000 12.00000 24.00000 5.00000 0.00000 21.00000 23.00000 22.00000 9.00000 1.00000 19.00000 4.00000 12.00000 21.00000 4.00000 4.00000 8.00000 19.00000 12.00000 19.00000 3.00000 25.00000 20.00000 26.00000 7.00000 24.00000 3.00000 9.00000 26.00000 26.00000 7.00000 3.00000 43.00000 4.00000 4.00000 8.00000 6.00000 8.00000 24.00000 23.00000 6.00000 6.00000 22.00000 5.00000 6.00000 43.00000
26.00000 15.00000 17.00000 10.00000 17.00000 20.00000 6.00000 20.00000 19.00000 11.00000 14.00000 12.00000 20.00000 19.00000 19.00000 18.00000 20.00000 17.00000 5.00000 15.00000 21.00000 21.00000 17.00000 10.00000 5.00000 13.00000 19.00000 14.00000 19.00000 20.00000 16.00000 20.00000 10.00000 7.00000 18.00000 20.00000 0.00000 3.00000 11.00000 20.00000 20.00000 5.00000 19.00000 11.00000 4.00000 19.00000 18.00000 13.00000 8.00000 9.00000 6.00000 19.00000 7.00000 6.00000 8.00000 17.00000 13.00000 21.00000 18.00000 8.00000 9.00000 22.00000 21.00000 26.00000 20.00000 19.00000 17.00000 22.00000 24.00000 6.00000 6.00000 16.00000 17.00000 13.00000 18.00000 17.00000 26.00000
26.00000 15.00000 17.00000 10.00000 17.00000 20.00000 6.00000 20.00000 19.00000 11.00000 14.00000 12.00000 20.00000 19.00000 19.00000 18.00000 20.00000 17.00000 5.00000 15.00000 21.00000 21.00000 17.00000 10.00000 5.00000 13.00000 19.00000 14.00000 19.00000 20.00000 15.00000 20.00000 10.00000 7.00000 18.00000 20.00000 1.00000 0.00000 11.00000 20.00000 20.00000 5.00000 19.00000 11.00000 4.00000 19.00000 18.00000 13.00000 8.00000 9.00000 6.00000 19.00000 7.00000 6.00000 8.00000 17.00000 13.00000 21.00000 18.00000 8.00000 9.00000 22.00000 21.00000 26.00000 20.00000 19.00000 17.00000 22.00000 24.00000 6.00000 6.00000 16.00000 17.00000 13.00000 18.00000 17.00000 26.00000
33.00000 17.00000 19.00000 1.00000 18.00000 20.00000 9.00000 22.00000 21.00000 16.00000 16.00000 14.00000 22.00000 21.00000 20.00000 20.00000 21.00000 19.00000 10.00000 17.00000 19.00000 19.00000 16.00000 15.00000 9.00000 19.00000 21.00000 18.00000 19.00000 22.00000 16.00000 22.00000 15.00000 12.00000 20.00000 22.00000 10.00000 12.00000 0.00000 18.00000 22.00000 10.00000 20.00000 16.00000 8.00000 21.00000 21.00000 16.00000 6.00000 15.00000 9.00000 21.00000 11.00000 9.00000 11.00000 18.00000 4.00000 22.00000 16.00000 11.00000 13.00000 24.00000 21.00000 33.00000 22.00000 21.00000 20.00000 24.00000 26.00000 11.00000 8.00000 18.00000 19.00000 6.00000 20.00000 19.00000 33.00000
43.00000 13.00000 7.00000 16.00000 6.00000 7.00000 19.00000 9.00000 8.00000 12.00000 13.00000 9.00000 10.00000 9.00000 8.00000 17.00000 8.00000 12.00000 19.00000 13.00000 6.00000 7.00000 5.00000 13.00000 19.00000 20.00000 12.00000 14.00000 6.00000 10.00000 6.00000 11.00000 12.00000 22.00000 7.00000 9.00000 20.00000 22.00000 17.00000 0.00000 10.00000 19.00000 7.00000 13.00000 19.00000 12.00000 9.00000 8.00000 15.00000 16.00000 18.00000 9.00000 21.00000 19.00000 21.00000 6.00000 18.00000 9.00000 2.00000 22.00000 25.00000 13.00000 8.00000 43.00000 9.00000 12.00000 15.00000 13.00000 13.00000 21.00000 18.00000 13.00000 13.00000 15.00000 8.00000 8.00000 43.00000
43.00000 7.00000 6.00000 21.00000 7.00000 4.00000 24.00000 5.00000 4.00000 10.00000 7.00000 9.00000 1.00000 4.00000 5.00000 10.00000 4.00000 6.00000 20.00000 7.00000 6.00000 7.00000 11.00000 12.00000 23.00000 15.00000 6.00000 8.00000 6.00000 2.00000 9.00000 5.00000 11.00000 24.00000 6.00000 1.00000 20.00000 22.00000 21.00000 10.00000 0.00000 19.00000 5.00000 12.00000 21.00000 3.00000 3.00000 8.00000 19.00000 12.00000 18.00000 3.00000 25.00000 20.00000 25.00000 8.00000 23.00000 4.00000 10.00000 26.00000 26.00000 7.00000 4.00000 43.00000 4.00000 3.00000 9.00000 7.00000 8.00000 24.00000 23.00000 6.00000 7.00000 21.00000 5.00000 6.00000 43.00000
26.00000 14.00000 17.00000 10.00000 17.00000 20.00000 7.00000 20.00000 19.00000 11.00000 14.00000 11.00000 19.00000 19.00000 18.00000 18.00000 19.00000 17.00000 2.00000 14.00000 20.00000 21.00000 17.00000 10.00000 5.00000 12.00000 19.00000 13.00000 19.00000 19.00000 15.00000 20.00000 10.00000 7.00000 18.00000 19.00000 3.00000 5.00000 11.00000 19.00000 19.00000 0.00000 19.00000 10.00000 3.00000 19.00000 18.00000 13.00000 8.00000 8.00000 3.00000 19.00000 8.00000 3.00000 9.00000 17.00000 13.00000 21.00000 18.00000 9.00000 9.00000 22.00000 21.00000 26.00000 20.00000 19.00000 17.00000 22.00000 24.00000 7.00000 6.00000 15.00000 17.00000 13.00000 18.00000 17.00000 26.00000
43.00000 8.00000 2.00000 19.00000 3.00000 2.00000 23.00000 6.00000 2.00000 10.00000 8.00000 8.00000 5.00000 2.00000 1.00000 11.00000 3.00000 8.00000 20.00000 8.00000 4.00000 4.00000 8.00000 12.00000 22.00000 16.00000 8.00000 9.00000 2.00000 5.00000 6.00000 6.00000 11.00000 24.00000 2.00000 4.00000 21.00000 23.00000 20.00000 7.00000 4.00000 20.00000 0.00000 11.00000 21.00000 6.00000 3.00000 7.00000 19.00000 13.00000 18.00000 5.00000 24.00000 20.00000 24.00000 4.00000 21.00000 3.00000 7.00000 25.00000 26.00000 9.00000 3.00000 43.00000 6.00000 6.00000 11.00000 8.00000 10.00000 24.00000 22.00000 7.00000 9.00000 19.00000 2.00000 3.00000 43.00000
34.00000 7.00000 9.00000 15.00000 9.00000 13.00000 15.00000 12.00000 11.00000 4.00000 6.00000 4.00000 12.00000 11.00000 11.00000 10.00000 12.00000 9.00000 11.00000 7.00000 13.00000 13.00000 10.00000 3.00000 13.00000 9.00000 11.00000 8.00000 11.00000 12.00000 8.00000 12.00000 2.00000 14.00000 10.00000 12.00000 11.00000 13.00000 15.00000 12.00000 12.00000 10.00000 11.00000 0.00000 12.00000 11.00000 11.00000 6.00000 12.00000 5.00000 10.00000 11.00000 16.00000 11.00000 17.00000 10.00000 17.00000 13.00000 10.00000 17.00000 17.00000 14.00000 13.00000 34.00000 12.00000 11.00000 10.00000 14.00000 16.00000 15.00000 14.00000 8.00000 9.00000 16.00000 10.00000 9.00000 34.00000
26.00000 16.00000 19.00000 8.00000 19.00000 22.00000 5.00000 22.00000 21.00000 13.00000 16.00000 13.00000 21.00000 21.00000 20.00000 19.00000 21.00000 18.00000 2.00000 16.00000 21.00000 21.00000 18.00000 12.00000 2.00000 14.00000 21.00000 15.00000 20.00000 21.00000 17.00000 22.00000 12.00000 6.00000 20.00000 21.00000 3.00000 5.00000 9.00000 20.00000 21.00000 3.00000 21.00000 12.00000 0.00000 21.00000 20.00000 15.00000 6.00000 10.00000 3.00000 20.00000 6.00000 3.00000 7.00000 19.00000 11.00000 23.00000 18.00000 8.00000 9.00000 24.00000 22.00000 26.00000 21.00000 21.00000 19.00000 24.00000 26.00000 5.00000 4.00000 17.00000 18.00000 10.00000 19.00000 19.00000 26.00000
42.00000 7.00000 6.00000 20.00000 8.00000 6.00000 23.00000 7.00000 5.00000 9.00000 6.00000 8.00000 3.00000 5.00000 6.00000 10.00000 5.00000 8.00000 20.00000 6.00000 8.00000 8.00000 10.00000 11.00000 22.00000 15.00000 8.00000 8.00000 7.00000 5.00000 8.00000 7.00000 11.00000 23.00000 7.00000 3.00000 20.00000 22.00000 21.00000 12.00000 3.00000 19.00000 6.00000 11.00000 20.00000 0.00000 4.00000 7.00000 19.00000 12.00000 18.00000 5.00000 24.00000 20.00000 25.00000 8.00000 23.00000 6.00000 11.00000 25.00000 25.00000 10.00000 6.00000 42.00000 7.00000 0.00000 9.00000 9.00000 11.00000 23.00000 22.00000 6.00000 9.00000 21.00000 6.00000 6.00000 42.00000
42.00000 6.00000 4.00000 20.00000 5.00000 3.00000 22.00000 7.00000 2.00000 8.00000 5.00000 7.00000 3.00000 2.00000 3.00000 9.00000 2.00000 8.00000 19.00000 6.00000 5.00000 5.00000 10.00000 11.00000 21.00000 14.00000 8.00000 7.00000 4.00000 4.00000 7.00000 7.00000 10.00000 22.00000 4.00000 3.00000 19.00000 21.00000 20.00000 9.00000 3.00000 18.00000 3.00000 10.00000 20.00000 4.00000 0.00000 6.00000 18.00000 11.00000 17.00000 5.00000 24.00000 19.00000 24.00000 6.00000 22.00000 4.00000 8.00000 25.00000 24.00000 9.00000 3.00000 42.00000 6.00000 4.00000 8.00000 9.00000 10.00000 22.00000 21.00000 5.00000 8.00000 20.00000 3.00000 4.00000 42.00000
37.00000 6.00000 5.00000 15.00000 5.00000 8.00000 18.00000 11.00000 7.00000 5.00000 5.00000 2.00000 8.00000 7.00000 6.00000 9.00000 8.00000 8.00000 14.00000 6.00000 9.00000 9.00000 5.00000 6.00000 17.00000 12.00000 10.00000 7.00000 7.00000 9.00000 3.00000 11.00000 5.00000 18.00000 6.00000 8.00000 15.00000 17.00000 16.00000 7.00000 8.00000 14.00000 7.00000 5.00000 15.00000 7.00000 6.00000 0.00000 13.00000 9.00000 12.00000 10.00000 19.00000 14.00000 19.00000 5.00000 17.00000 9.00000 6.00000 20.00000 20.00000 13.00000 9.00000 37.00000 11.00000 7.00000 9.00000 13.00000 15.00000 18.00000 16.00000 7.00000 8.00000 16.00000 6.00000 5.00000 37.00000
30.00000 14.00000 17.00000 4.00000 17.00000 19.00000 7.00000 20.00000 19.00000 13.00000 14.00000 11.00000 19.00000 19.00000 18.00000 18.00000 19.00000 16.00000 7.00000 14.00000 18.00000 19.00000 15.00000 12.00000 6.00000 15.00000 19.00000 15.00000 18.00000 19.00000 15.00000 20.00000 12.00000 9.00000 18.00000 19.00000 7.00000 9.00000 5.00000 17.00000 19.00000 8.00000 19.00000 12.00000 6.00000 19.00000 18.00000 13.00000 0.00000 12.00000 6.00000 18.00000 8.00000 7.00000 8.00000 17.00000 7.00000 21.00000 16.00000 9.00000 12.00000 22.00000 20.00000 30.00000 19.00000 19.00000 17.00000 22.00000 23.00000 8.00000 6.00000 15.00000 16.00000 7.00000 17.00000 17.00000 30.00000
32.00000 8.00000 13.00000 13.00000 13.00000 15.00000 13.00000 14.00000 14.00000 6.00000 8.00000 8.00000 14.00000 14.00000 14.00000 11.00000 14.00000 11.00000 9.00000 8.00000 17.00000 17.00000 13.00000 5.00000 11.00000 7.00000 14.00000 7.00000 15.00000 14.00000 11.00000 15.00000 5.00000 13.00000 14.00000 14.00000 9.00000 11.00000 13.00000 15.00000 14.00000 8.00000 15.00000 6.00000 10.00000 14.00000 13.00000 9.00000 11.00000 0.00000 7.00000 13.00000 14.00000 9.00000 15.00000 13.00000 16.00000 16.00000 14.00000 15.00000 15.00000 16.00000 16.00000 32.00000 14.00000 14.00000 12.00000 17.00000 18.00000 13.00000 12.00000 10.00000 11.00000 15.00000 14.00000 13.00000 32.00000
28.00000 13.00000 16.00000 9.00000 17.00000 20.00000 8.00000 19.00000 18.00000 11.00000 13.00000 11.00000 19.00000 18.00000 18.00000 16.00000 19.00000 16.00000 3.00000 13.00000 20.00000 20.00000 17.00000 9.00000 5.00000 11.00000 18.00000 12.00000 18.00000 19.00000 15.00000 19.00000 9.00000 8.00000 17.00000 19.00000 5.00000 7.00000 10.00000 19.00000 19.00000 3.00000 18.00000 10.00000 3.00000 18.00000 18.00000 13.00000 7.00000 7.00000 0.00000 18.00000 9.00000 2.00000 10.00000 17.00000 12.00000 21.00000 17.00000 10.00000 11.00000 21.00000 20.00000 28.00000 19.00000 18.00000 17.00000 21.00000 23.00000 8.00000 6.00000 15.00000 16.00000 12.00000 17.00000 16.00000 28.00000
43.00000 7.00000 7.00000 21.00000 8.00000 5.00000 23.00000 3.00000 5.00000 9.00000 6.00000 8.00000 4.00000 6.00000 6.00000 9.00000 6.00000 5.00000 20.00000 7.00000 6.00000 6.00000 11.00000 12.00000 22.00000 15.00000 5.00000 8.00000 7.00000 3.00000 11.00000 3.00000 11.00000 23.00000 6.00000 3.00000 20.00000 22.00000 21.00000 9.00000 3.00000 19.00000 5.00000 11.00000 21.00000 6.00000 6.00000 10.00000 19.00000 12.00000 18.00000 0.00000 25.00000 20.00000 25.00000 8.00000 23.00000 4.00000 9.00000 26.00000 25.00000 6.00000 5.00000 43.00000 3.00000 6.00000 8.00000 5.00000 7.00000 23.00000 22.00000 6.00000 6.00000 21.00000 6.00000 7.00000 43.00000
26.00000 20.00000 23.00000 11.00000 23.00000 25.00000 5.00000 25.00000 25.00000 17.00000 19.00000 17.00000 25.00000 25.00000 24.00000 24.00000 25.00000 22.00000 8.00000 20.00000 24.00000 24.00000 21.00000 16.00000 5.00000 19.00000 25.00000 20.00000 23.00000 25.00000 21.00000 26.00000 16.00000 4.00000 24.00000 25.00000 6.00000 6.00000 11.00000 23.00000 25.00000 8.00000 24.00000 16.00000 6.00000 25.00000 24.00000 19.00000 9.00000 15.00000 9.00000 24.00000 0.00000 8.00000 1.00000 23.00000 14.00000 26.00000 21.00000 2.00000 5.00000 27.00000 26.00000 26.00000 25.00000 25.00000 23.00000 28.00000 29.00000 2.00000 6.00000 21.00000 22.00000 13.00000 23.00000 23.00000 26.00000
27.00000 15.00000 17.00000 9.00000 17.00000 21.00000 7.00000 20.00000 19.00000 12.00000 14.00000 12.00000 20.00000 19.00000 19.00000 18.00000 20.00000 17.00000 2.00000 15.00000 21.00000 21.00000 17.00000 10.00000 4.00000 12.00000 19.00000 13.00000 19.00000 20.00000 16.00000 20.00000 10.00000 8.00000 18.00000 20.00000 5.00000 7.00000 9.00000 20.00000 20.00000 3.00000 19.00000 11.00000 3.00000 19.00000 19.00000 14.00000 6.00000 8.00000 3.00000 19.00000 8.00000 0.00000 9.00000 18.00000 11.00000 21.00000 18.00000 10.00000 10.00000 22.00000 21.00000 27.00000 20.00000 19.00000 18.00000 22.00000 24.00000 7.00000 6.00000 16.00000 17.00000 11.00000 18.00000 17.00000 27.00000
27.00000 20.00000 23.00000 11.00000 23.00000 25.00000 6.00000 26.00000 25.00000 18.00000 20.00000 17.00000 25.00000 25.00000 24.00000 24.00000 25.00000 22.00000 9.00000 20.00000 24.00000 24.00000 21.00000 17.00000 6.00000 19.00000 25.00000 20.00000 23.00000 25.00000 21.00000 26.00000 17.00000 4.00000 24.00000 25.00000 7.00000 7.00000 11.00000 23.00000 25.00000 9.00000 24.00000 17.00000 7.00000 25.00000 24.00000 19.00000 9.00000 15.00000 10.00000 24.00000 1.00000 9.00000 0.00000 23.00000 13.00000 26.00000 21.00000 2.00000 5.00000 28.00000 26.00000 27.00000 25.00000 25.00000 23.00000 28.00000 29.00000 3.00000 6.00000 21.00000 22.00000 13.00000 23.00000 23.00000 27.00000
41.00000 9.00000 3.00000 18.00000 2.00000 5.00000 21.00000 7.00000 5.00000 9.00000 9.00000 6.00000 8.00000 5.00000 4.00000 13.00000 6.00000 11.00000 18.00000 9.00000 5.00000 5.00000 5.00000 10.00000 20.00000 16.00000 11.00000 10.00000 3.00000 8.00000 3.00000 9.00000 9.00000 22.00000 4.00000 7.00000 19.00000 21.00000 19.00000 6.00000 8.00000 17.00000 4.00000 9.00000 18.00000 9.00000 6.00000 5.00000 16.00000 13.00000 16.00000 8.00000 23.00000 18.00000 22.00000 0.00000 20.00000 6.00000 6.00000 23.00000 24.00000 12.00000 6.00000 41.00000 8.00000 9.00000 12.00000 11.00000 12.00000 22.00000 19.00000 9.00000 11.00000 18.00000 3.00000 4.00000 41.00000
34.00000 19.00000 20.00000 4.00000 20.00000 21.00000 11.00000 22.00000 21.00000 18.00000 18.00000 16.00000 24.00000 22.00000 21.00000 23.00000 22.00000 21.00000 12.00000 19.00000 19.00000 19.00000 17.00000 18.00000 11.00000 21.00000 24.00000 20.00000 19.00000 24.00000 18.00000 24.00000 17.00000 14.00000 21.00000 23.00000 12.00000 14.00000 4.00000 16.00000 23.00000 13.00000 20.00000 18.00000 11.00000 23.00000 22.00000 17.00000 8.00000 17.00000 11.00000 23.00000 12.00000 11.00000 12.00000 19.00000 0.00000 22.00000 16.00000 12.00000 14.00000 26.00000 22.00000 34.00000 22.00000 23.00000 22.00000 26.00000 25.00000 13.00000 10.00000 20.00000 21.00000 3.00000 21.00000 21.00000 34.00000
45.00000 9.00000 5.00000 21.00000 6.00000 3.00000 24.00000 5.00000 3.00000 12.00000 9.00000 11.00000 4.00000 4.00000 4.00000 12.00000 4.00000 7.00000 22.00000 9.00000 5.00000 6.00000 11.00000 14.00000 24.00000 17.00000 7.00000 10.00000 5.00000 4.00000 9.00000 5.00000 13.00000 26.00000 4.00000 3.00000 22.00000 24.00000 22.00000 9.00000 4.00000 21.00000 3.00000 14.00000 23.00000 6.00000 4.00000 10.00000 20.00000 14.00000 20.00000 4.00000 26.00000 22.00000 26.00000 6.00000 23.00000 0.00000 9.00000 27.00000 28.00000 8.00000 2.00000 45.00000 5.00000 6.00000 10.00000 7.00000 9.00000 26.00000 24.00000 8.00000 8.00000 21.00000 4.00000 5.00000 45.00000
41.00000 11.00000 6.00000 14.00000 6.00000 7.00000 18.00000 8.00000 7.00000 10.00000 11.00000 8.00000 10.00000 8.00000 7.00000 15.00000 8.00000 11.00000 17.00000 11.00000 6.00000 6.00000 3.00000 11.00000 17.00000 18.00000 12.00000 13.00000 5.00000 10.00000 4.00000 10.00000 11.00000 20.00000 7.00000 9.00000 18.00000 20.00000 15.00000 4.00000 9.00000 17.00000 6.00000 11.00000 17.00000 11.00000 8.00000 7.00000 13.00000 14.00000 16.00000 9.00000 19.00000 17.00000 19.00000 5.00000 16.00000 8.00000 0.00000 20.00000 23.00000 13.00000 8.00000 41.00000 9.00000 11.00000 14.00000 12.00000 13.00000 19.00000 17.00000 12.00000 13.00000 14.00000 7.00000 8.00000 41.00000
26.00000 21.00000 23.00000 11.00000 24.00000 25.00000 6.00000 26.00000 25.00000 18.00000 20.00000 18.00000 26.00000 25.00000 25.00000 24.00000 26.00000 23.00000 9.00000 21.00000 24.00000 25.00000 22.00000 16.00000 7.00000 20.00000 25.00000 20.00000 24.00000 26.00000 21.00000 26.00000 16.00000 4.00000 24.00000 26.00000 7.00000 7.00000 11.00000 23.00000 26.00000 10.00000 25.00000 17.00000 8.00000 25.00000 25.00000 20.00000 9.00000 16.00000 10.00000 25.00000 2.00000 10.00000 2.00000 24.00000 14.00000 27.00000 22.00000 0.00000 4.00000 28.00000 26.00000 26.00000 26.00000 25.00000 24.00000 28.00000 30.00000 4.00000 7.00000 22.00000 23.00000 14.00000 24.00000 23.00000 26.00000
24.00000 21.00000 23.00000 13.00000 23.00000 26.00000 8.00000 26.00000 25.00000 18.00000 20.00000 18.00000 26.00000 25.00000 25.00000 24.00000 26.00000 23.00000 10.00000 21.00000 27.00000 27.00000 23.00000 16.00000 8.00000 19.00000 25.00000 20.00000 25.00000 26.00000 22.00000 26.00000 16.00000 5.00000 24.00000 26.00000 7.00000 7.00000 13.00000 26.00000 26.00000 11.00000 25.00000 17.00000 9.00000 25.00000 24.00000 20.00000 12.00000 15.00000 12.00000 25.00000 4.00000 11.00000 5.00000 23.00000 15.00000 27.00000 24.00000 4.00000 0.00000 28.00000 27.00000 24.00000 26.00000 25.00000 24.00000 28.00000 30.00000 5.00000 9.00000 22.00000 23.00000 17.00000 24.00000 23.00000 24.00000
46.00000 10.00000 11.00000 24.00000 12.00000 9.00000 27.00000 5.00000 9.00000 13.00000 9.00000 11.00000 9.00000 10.00000 10.00000 12.00000 10.00000 8.00000 23.00000 10.00000 9.00000 10.00000 15.00000 15.00000 25.00000 18.00000 4.00000 11.00000 11.00000 7.00000 15.00000 4.00000 14.00000 26.00000 10.00000 7.00000 23.00000 25.00000 24.00000 13.00000 8.00000 22.00000 9.00000 14.00000 24.00000 10.00000 10.00000 13.00000 22.00000 15.00000 21.00000 5.00000 28.00000 23.00000 28.00000 12.00000 26.00000 8.00000 13.00000 29.00000 29.00000 0.00000 9.00000 46.00000 6.00000 10.00000 11.00000 1.00000 8.00000 27.00000 26.00000 9.00000 9.00000 24.00000 10.00000 11.00000 46.00000
45.00000 9.00000 4.00000 21.00000 5.00000 3.00000 24.00000 5.00000 3.00000 11.00000 8.00000 10.00000 4.00000 4.00000 3.00000 12.00000 3.00000 7.00000 22.00000 9.00000 5.00000 5.00000 10.00000 14.00000 24.00000 17.00000 7.00000 10.00000 4.00000 4.00000 8.00000 5.00000 13.00000 25.00000 3.00000 3.00000 22.00000 24.00000 21.00000 9.00000 4.00000 21.00000 3.00000 13.00000 23.00000 6.00000 3.00000 9.00000 20.00000 14.00000 20.00000 4.00000 26.00000 22.00000 26.00000 6.00000 23.00000 2.00000 8.00000 26.00000 27.00000 8.00000 0.00000 45.00000 5.00000 6.00000 10.00000 7.00000 9.00000 25.00000 23.00000 8.00000 9.00000 21.00000 4.00000 5.00000 45.00000
0.00000 38.00000 41.00000 34.00000 41.00000 44.00000 28.00000 43.00000 43.00000 35.00000 37.00000 35.00000 43.00000 43.00000 42.00000 42.00000 43.00000 40.00000 28.00000 38.00000 44.00000 44.00000 41.00000 34.00000 27.00000 37.00000 43.00000 38.00000 42.00000 43.00000 39.00000 44.00000 34.00000 25.00000 42.00000 43.00000 25.00000 24.00000 33.00000 43.00000 43.00000 28.00000 42.00000 34.00000 28.00000 43.00000 42.00000 37.00000 31.00000 33.00000 30.00000 42.00000 27.00000 29.00000 28.00000 41.00000 35.00000 45.00000 41.00000 27.00000 24.00000 45.00000 44.00000 0.00000 43.00000 43.00000 41.00000 46.00000 47.00000 27.00000 29.00000 39.00000 40.00000 36.00000 41.00000 41.00000 0.00000
44.00000 8.00000 9.00000 21.00000 9.00000 6.00000 24.00000 3.00000 7.00000 11.00000 8.00000 10.00000 6.00000 8.00000 7.00000 11.00000 7.00000 6.00000 22.00000 8.00000 5.00000 5.00000 11.00000 13.00000 24.00000 16.00000 6.00000 10.00000 7.00000 5.00000 12.00000 5.00000 12.00000 25.00000 8.00000 5.00000 22.00000 24.00000 22.00000 9.00000 5.00000 20.00000 7.00000 13.00000 22.00000 7.00000 8.00000 12.00000 20.00000 13.00000 20.00000 4.00000 26.00000 21.00000 26.00000 9.00000 23.00000 6.00000 8.00000 27.00000 27.00000 7.00000 7.00000 44.00000 0.00000 7.00000 9.00000 7.00000 5.00000 25.00000 24.00000 7.00000 7.00000 21.00000 8.00000 9.00000 44.00000
42.00000 7.00000 6.00000 20.00000 8.00000 6.00000 23.00000 7.00000 5.00000 9.00000 6.00000 8.00000 3.00000 5.00000 6.00000 10.00000 5.00000 8.00000 20.00000 6.00000 8.00000 8.00000 10.00000 11.00000 22.00000 15.00000 8.00000 8.00000 7.00000 5.00000 8.00000 7.00000 11.00000 23.00000 7.00000 3.00000 20.00000 22.00000 21.00000 12.00000 3.00000 19.00000 6.00000 11.00000 20.00000 0.00000 4.00000 7.00000 19.00000 12.00000 18.00000 5.00000 24.00000 20.00000 25.00000 8.00000 23.00000 6.00000 11.00000 25.00000 25.00000 10.00000 6.00000 42.00000 7.00000 0.00000 9.00000 9.00000 11.00000 23.00000 22.00000 6.00000 9.00000 21.00000 6.00000 6.00000 42.00000
41.00000 5.00000 10.00000 20.00000 11.00000 11.00000 22.00000 9.00000 10.00000 9.00000 5.00000 8.00000 9.00000 10.00000 10.00000 3.00000 10.00000 5.00000 19.00000 5.00000 12.00000 12.00000 13.00000 11.00000 21.00000 14.00000 8.00000 5.00000 12.00000 8.00000 11.00000 9.00000 10.00000 22.00000 11.00000 8.00000 19.00000 21.00000 20.00000 15.00000 9.00000 18.00000 11.00000 10.00000 19.00000 9.00000 8.00000 9.00000 18.00000 11.00000 17.00000 7.00000 23.00000 19.00000 24.00000 12.00000 22.00000 10.00000 14.00000 24.00000 24.00000 11.00000 11.00000 41.00000 8.00000 9.00000 0.00000 11.00000 13.00000 22.00000 22.00000 5.00000 3.00000 20.00000 10.00000 9.00000 41.00000
46.00000 10.00000 10.00000 24.00000 11.00000 8.00000 27.00000 5.00000 9.00000 13.00000 10.00000 12.00000 8.00000 10.00000 9.00000 13.00000 9.00000 8.00000 23.00000 10.00000 9.00000 9.00000 14.00000 15.00000 26.00000 18.00000 4.00000 12.00000 10.00000 6.00000 14.00000 3.00000 14.00000 27.00000 10.00000 6.00000 23.00000 26.00000 25.00000 12.00000 7.00000 22.00000 9.00000 15.00000 24.00000 9.00000 9.00000 14.00000 22.00000 15.00000 21.00000 5.00000 28.00000 23.00000 29.00000 12.00000 26.00000 7.00000 12.00000 29.00000 29.00000 1.00000 8.00000 46.00000 6.00000 9.00000 11.00000 0.00000 8.00000 27.00000 26.00000 9.00000 9.00000 24.00000 10.00000 11.00000 46.00000
48.00000 12.00000 12.00000 24.00000 12.00000 10.00000 27.00000 5.00000 11.00000 14.00000 11.00000 13.00000 9.00000 11.00000 11.00000 14.00000 11.00000 10.00000 25.00000 12.00000 8.00000 9.00000 14.00000 17.00000 27.00000 20.00000 7.00000 13.00000 10.00000 8.00000 15.00000 6.00000 16.00000 28.00000 11.00000 8.00000 25.00000 27.00000 25.00000 12.00000 9.00000 24.00000 10.00000 16.00000 26.00000 11.00000 11.00000 15.00000 23.00000 17.00000 23.00000 7.00000 29.00000 25.00000 29.00000 12.00000 26.00000 9.00000 12.00000 30.00000 30.00000 7.00000 10.00000 48.00000 5.00000 11.00000 13.00000 7.00000 0.00000 28.00000 27.00000 11.00000 11.00000 24.00000 11.00000 12.00000 48.00000
26.00000 19.00000 21.00000 11.00000 22.00000 25.00000 4.00000 24.00000 23.00000 16.00000 18.00000 16.00000 24.00000 23.00000 23.00000 22.00000 24.00000 21.00000 6.00000 19.00000 24.00000 24.00000 21.00000 15.00000 4.00000 18.00000 23.00000 18.00000 23.00000 24.00000 20.00000 24.00000 14.00000 4.00000 22.00000 24.00000 5.00000 6.00000 11.00000 23.00000 24.00000 7.00000 23.00000 15.00000 5.00000 23.00000 23.00000 18.00000 9.00000 14.00000 8.00000 23.00000 2.00000 7.00000 3.00000 22.00000 14.00000 26.00000 21.00000 3.00000 6.00000 26.00000 25.00000 26.00000 24.00000 23.00000 22.00000 26.00000 28.00000 0.00000 6.00000 20.00000 21.00000 13.00000 22.00000 22.00000 26.00000
26.00000 18.00000 20.00000 8.00000 20.00000 22.00000 3.00000 23.00000 22.00000 15.00000 17.00000 15.00000 23.00000 22.00000 22.00000 21.00000 23.00000 20.00000 5.00000 18.00000 21.00000 21.00000 18.00000 13.00000 2.00000 16.00000 22.00000 17.00000 21.00000 23.00000 18.00000 23.00000 13.00000 4.00000 21.00000 23.00000 4.00000 6.00000 8.00000 20.00000 23.00000 5.00000 22.00000 14.00000 3.00000 22.00000 22.00000 17.00000 6.00000 12.00000 6.00000 22.00000 4.00000 5.00000 5.00000 21.00000 11.00000 24.00000 19.00000 6.00000 7.00000 25.00000 23.00000 26.00000 23.00000 22.00000 21.00000 25.00000 27.00000 3.00000 0.00000 19.00000 20.00000 11.00000 21.00000 20.00000 26.00000
38.00000 2.00000 6.00000 16.00000 8.00000 7.00000 19.00000 8.00000 6.00000 5.00000 2.00000 4.00000 6.00000 6.00000 7.00000 6.00000 6.00000 5.00000 15.00000 2.00000 9.00000 10.00000 10.00000 7.00000 18.00000 10.00000 7.00000 3.00000 8.00000 7.00000 8.00000 8.00000 6.00000 19.00000 7.00000 6.00000 15.00000 18.00000 17.00000 12.00000 6.00000 14.00000 7.00000 7.00000 16.00000 6.00000 5.00000 6.00000 14.00000 7.00000 13.00000 7.00000 20.00000 15.00000 21.00000 9.00000 18.00000 8.00000 10.00000 21.00000 21.00000 10.00000 8.00000 38.00000 8.00000 6.00000 5.00000 10.00000 12.00000 19.00000 18.00000 0.00000 5.00000 17.00000 7.00000 6.00000 38.00000
40.00000 5.00000 9.00000 18.00000 10.00000 9.00000 21.00000 7.00000 9.00000 7.00000 4.00000 6.00000 8.00000 9.00000 9.00000 5.00000 9.00000 4.00000 18.00000 4.00000 10.00000 10.00000 12.00000 9.00000 20.00000 12.00000 6.00000 6.00000 11.00000 7.00000 10.00000 7.00000 9.00000 21.00000 10.00000 6.00000 18.00000 20.00000 19.00000 13.00000 7.00000 17.00000 10.00000 9.00000 18.00000 8.00000 7.00000 8.00000 16.00000 10.00000 16.00000 6.00000 22.00000 18.00000 23.00000 11.00000 21.00000 8.00000 12.00000 23.00000 23.00000 9.00000 9.00000 40.00000 7.00000 8.00000 3.00000 9.00000 11.00000 21.00000 20.00000 3.00000 0.00000 19.00000 9.00000 8.00000 40.00000
34.00000 17.00000 18.00000 4.00000 17.00000 18.00000 11.00000 20.00000 19.00000 16.00000 16.00000 14.00000 21.00000 19.00000 18.00000 20.00000 19.00000 19.00000 11.00000 17.00000 17.00000 17.00000 14.00000 15.00000 10.00000 19.00000 21.00000 18.00000 17.00000 21.00000 15.00000 22.00000 15.00000 13.00000 18.00000 20.00000 11.00000 13.00000 5.00000 15.00000 21.00000 12.00000 18.00000 16.00000 10.00000 21.00000 19.00000 15.00000 7.00000 16.00000 10.00000 20.00000 12.00000 11.00000 12.00000 17.00000 5.00000 20.00000 14.00000 13.00000 16.00000 24.00000 19.00000 34.00000 20.00000 21.00000 19.00000 24.00000 23.00000 12.00000 10.00000 17.00000 19.00000 0.00000 18.00000 18.00000 34.00000
42.00000 8.00000 1.00000 20.00000 2.00000 3.00000 22.00000 7.00000 2.00000 9.00000 7.00000 7.00000 5.00000 2.00000 1.00000 11.00000 3.00000 9.00000 19.00000 8.00000 4.00000 4.00000 7.00000 11.00000 21.00000 15.00000 9.00000 9.00000 2.00000 6.00000 5.00000 7.00000 10.00000 23.00000 1.00000 5.00000 20.00000 22.00000 20.00000 7.00000 5.00000 19.00000 2.00000 10.00000 20.00000 6.00000 3.00000 6.00000 18.00000 12.00000 17.00000 6.00000 24.00000 19.00000 24.00000 3.00000 22.00000 4.00000 7.00000 25.00000 25.00000 10.00000 4.00000 42.00000 7.00000 6.00000 10.00000 9.00000 11.00000 23.00000 21.00000 7.00000 10.00000 19.00000 0.00000 2.00000 42.00000
42.00000 7.00000 2.00000 19.00000 3.00000 4.00000 22.00000 8.00000 3.00000 8.00000 6.00000 6.00000 6.00000 3.00000 2.00000 10.00000 4.00000 9.00000 19.00000 7.00000 5.00000 5.00000 8.00000 10.00000 21.00000 15.00000 9.00000 8.00000 3.00000 6.00000 6.00000 8.00000 9.00000 22.00000 2.00000 6.00000 19.00000 21.00000 20.00000 9.00000 6.00000 18.00000 3.00000 10.00000 19.00000 6.00000 4.00000 6.00000 17.00000 12.00000 17.00000 7.00000 24.00000 19.00000 24.00000 4.00000 22.00000 5.00000 8.00000 24.00000 25.00000 11.00000 4.00000 42.00000 8.00000 6.00000 10.00000 10.00000 12.00000 22.00000 21.00000 6.00000 9.00000 20.00000 2.00000 0.00000 42.00000
0.00000 38.00000 41.00000 34.00000 41.00000 44.00000 28.00000 43.00000 43.00000 35.00000 37.00000 35.00000 43.00000 43.00000 42.00000 42.00000 43.00000 40.00000 28.00000 38.00000 44.00000 44.00000 41.00000 34.00000 27.00000 37.00000 43.00000 38.00000 42.00000 43.00000 39.00000 44.00000 34.00000 25.00000 42.00000 43.00000 25.00000 24.00000 33.00000 43.00000 43.00000 28.00000 42.00000 34.00000 28.00000 43.00000 42.00000 37.00000 31.00000 33.00000 30.00000 42.00000 27.00000 29.00000 28.00000 41.00000 35.00000 45.00000 41.00000 27.00000 24.00000 45.00000 44.00000 0.00000 43.00000 43.00000 41.00000 46.00000 47.00000 27.00000 29.00000 39.00000 40.00000 36.00000 41.00000 41.00000 0.00000
p
0.0 0.0 0.0 0.0 0.0 0.0 
0.0 0.0 0.0 0.0 0.0 0.0 
0.0 0.0 0.0 0.0 0.0 0.0 
0.0 0.0 0.0 0.0 0.0 0.0 
0.0 0.0 0.0 0.0 0.0 0.0 
0.0 0.0 0.0 0.0 0.0 0.0 
0.0 0.0 0.0 0.0 0.0 0.0 
0.0 0.0 0.0 0.0 0.0 0.0 
0.0 0.0 0.0 0.0 0.0 0.0 
0.0 0.0 0.0 0.0 0.0 0.0 
0.0 0.0 0.0 0.0 0.0 0.0 
0.0 0.0 0.0 0.0 0.0 0.0 
0.0 0.0 0.0 0.0 0.0 0.0 
0.0 0.0 0.0 0.0 0.0 0.0 
0.0 0.0 0.0 0.0 0.0 0.0 
0 27 0 0 0 0 
0 27 0 0 0 0 
0 27 0 0 0 0 
0 27 0 0 0 0 
0 27 0 0 0 0 
0 27 0 0 0 0 
0 27 0 0 0 0 
0 27 0 0 0 0 
0 27 0 0 0 0 
0 27 0 0 0 0 
0 27 0 0 0 0 
0 27 0 0 0 0 
0 27 0 0 0 0 
0 27 0 0 0 0 
0 27 0 0 0 0 
0 52 0 55 0 0 
0 52 0 55 0 0 
0 52 0 55 0 0 
0 52 0 55 0 0 
0 52 0 55 0 0 
0 52 0 55 0 0 
0 52 0 55 0 0 
0 52 0 55 0 0 
0 52 0 55 0 0 
0 52 0 55 0 0 
0 52 0 55 0 0 
0 52 0 55 0 0 
0 52 0 55 0 0 
0 52 0 55 0 0 
0 52 0 55 0 0 
56 0 0 0 0 0 
56 0 0 0 0 0 
56 0 0 0 0 0 
56 0 0 0 0 0 
56 0 0 0 0 0 
56 0 0 0 0 0 
56 0 0 0 0 0 
56 0 0 0 0 0 
56 0 0 0 0 0 
56 0 0 0 0 0 
56 0 0 0 0 0 
56 0 0 0 0 0 
56 0 0 0 0 0 
56 0 0 0 0 0 
56 0 0 0 0 0 
0 0 0 0 0 28 
0 0 0 0 0 28 
0 0 0 0 0 28 
0 0 0 0 0 28 
0 0 0 0 0 28 
0 0 0 0 0 28 
0 0 0 0 0 28 
0 0 0 0 0 28 
0 0 0 0 0 28 
0 0 0 0 0 28 
0 0 0 0 0 28 
0 0 0 0 0 28 
0 0 0 0 0 28 
0 0 0 0 0 28 
0 0 0 0 0 28 
0 0 0 56 0 0 
0 0 0 56 0 0 
0 0 0 56 0 0 
0 0 0 56 0 0 
0 0 0 56 0 0 
0 0 0 56 0 0 
0 0 0 56 0 0 
0 0 0 56 0 0 
0 0 0 56 0 0 
0 0 0 56 0 0 
0 0 0 56 0 0 
0 0 0 56 0 0 
0 0 0 56 0 0 
0 0 0 56 0 0 
0 0 0 56 0 0 
0 0 0 0 50 0 
0 0 0 0 50 0 
0 0 0 0 50 0 
0 0 0 0 50 0 
0 0 0 0 50 0 
0 0 0 0 50 0 
0 0 0 0 50 0 
0 0 0 0 50 0 
0 0 0 0 50 0 
0 0 0 0 50 0 
0 0 0 0 50 0 
0 0 0 0 50 0 
0 0 0 0 50 0 
0 0 0 0 50 0 
0 0 0 0 50 0 
40 0 0 0 0 0 
40 0 0 0 0 0 
40 0 0 0 0 0 
40 0 0 0 0 0 
40 0 0 0 0 0 
40 0 0 0 0 0 
40 0 0 0 0 0 
40 0 0 0 0 0 
40 0 0 0 0 0 
40 0 0 0 0 0 
40 0 0 0 0 0 
40 0 0 0 0 0 
40 0 0 0 0 0 
40 0 0 0 0 0 
40 0 0 0 0 0 
36 0 0 0 45 0 
36 0 0 0 45 0 
36 0 0 0 45 0 
36 0 0 0 45 0 
36 0 0 0 45 0 
36 0 0 0 45 0 
36 0 0 0 45 0 
36 0 0 0 45 0 
36 0 0 0 45 0 
36 0 0 0 45 0 
36 0 0 0 45 0 
36 0 0 0 45 0 
36 0 0 0 45 0 
36 0 0 0 45 0 
36 0 0 0 45 0 
43 0 0 0 58 0 
43 0 0 0 58 0 
43 0 0 0 58 0 
43 0 0 0 58 0 
43 0 0 0 58 0 
43 0 0 0 58 0 
43 0 0 0 58 0 
43 0 0 0 58 0 
43 0 0 0 58 0 
43 0 0 0 58 0 
43 0 0 0 58 0 
43 0 0 0 58 0 
43 0 0 0 58 0 
43 0 0 0 58 0 
43 0 0 0 58 0 
0 16 0 0 0 0 
0 16 0 0 0 0 
0 16 0 0 0 0 
0 16 0 0 0 0 
0 16 0 0 0 0 
0 16 0 0 0 0 
0 16 0 0 0 0 
0 16 0 0 0 0 
0 16 0 0 0 0 
0 16 0 0 0 0 
0 16 0 0 0 0 
0 16 0 0 0 0 
0 16 0 0 0 0 
0 16 0 0 0 0 
0 16 0 0 0 0 
31 0 0 0 0 50 
31 0 0 0 0 50 
31 0 0 0 0 50 
31 0 0 0 0 50 
31 0 0 0 0 50 
31 0 0 0 0 50 
31 0 0 0 0 50 
31 0 0 0 0 50 
31 0 0 0 0 50 
31 0 0 0 0 50 
31 0 0 0 0 50 
31 0 0 0 0 50 
31 0 0 0 0 50 
31 0 0 0 0 50 
31 0 0 0 0 50 
46 0 0 0 0 0 
46 0 0 0 0 0 
46 0 0 0 0 0 
46 0 0 0 0 0 
46 0 0 0 0 0 
46 0 0 0 0 0 
46 0 0 0 0 0 
46 0 0 0 0 0 
46 0 0 0 0 0 
46 0 0 0 0 0 
46 0 0 0 0 0 
46 0 0 0 0 0 
46 0 0 0 0 0 
46 0 0 0 0 0 
46 0 0 0 0 0 
0 0 0 0 0 54 
0 0 0 0 0 54 
0 0 0 0 0 54 
0 0 0 0 0 54 
0 0 0 0 0 54 
0 0 0 0 0 54 
0 0 0 0 0 54 
0 0 0 0 0 54 
0 0 0 0 0 54 
0 0 0 0 0 54 
0 0 0 0 0 54 
0 0 0 0 0 54 
0 0 0 0 0 54 
0 0 0 0 0 54 
0 0 0 0 0 54 
0 0 0 37 0 0 
0 0 0 37 0 0 
0 0 0 37 0 0 
0 0 0 37 0 0 
0 0 0 37 0 0 
0 0 0 37 0 0 
0 0 0 37 0 0 
0 0 0 37 0 0 
0 0 0 37 0 0 
0 0 0 37 0 0 
0 0 0 37 0 0 
0 0 0 37 0 0 
0 0 0 37 0 0 
0 0 0 37 0 0 
0 0 0 37 0 0 
0 0 0 0 22 0 
0 0 0 0 22 0 
0 0 0 0 22 0 
0 0 0 0 22 0 
0 0 0 0 22 0 
0 0 0 0 22 0 
0 0 0 0 22 0 
0 0 0 0 22 0 
0 0 0 0 22 0 
0 0 0 0 22 0 
0 0 0 0 22 0 
0 0 0 0 22 0 
0 0 0 0 22 0 
0 0 0 0 22 0 
0 0 0 0 22 0 
0 0 46 0 0 0 
0 0 46 0 0 0 
0 0 46 0 0 0 
0 0 46 0 0 0 
0 0 46 0 0 0 
0 0 46 0 0 0 
0 0 46 0 0 0 
0 0 46 0 0 0 
0 0 46 0 0 0 
0 0 46 0 0 0 
0 0 46 0 0 0 
0 0 46 0 0 0 
0 0 46 0 0 0 
0 0 46 0 0 0 
0 0 46 0 0 0 
22 0 0 0 0 0 
22 0 0 0 0 0 
22 0 0 0 0 0 
22 0 0 0 0 0 
22 0 0 0 0 0 
22 0 0 0 0 0 
22 0 0 0 0 0 
22 0 0 0 0 0 
22 0 0 0 0 0 
22 0 0 0 0 0 
22 0 0 0 0 0 
22 0 0 0 0 0 
22 0 0 0 0 0 
22 0 0 0 0 0 
22 0 0 0 0 0 
0 0 0 0 18 0 
0 0 0 0 18 0 
0 0 0 0 18 0 
0 0 0 0 18 0 
0 0 0 0 18 0 
0 0 0 0 18 0 
0 0 0 0 18 0 
0 0 0 0 18 0 
0 0 0 0 18 0 
0 0 0 0 18 0 
0 0 0 0 18 0 
0 0 0 0 18 0 
0 0 0 0 18 0 
0 0 0 0 18 0 
0 0 0 0 18 0 
0 0 31 0 47 0 
0 0 31 0 47 0 
0 0 31 0 47 0 
0 0 31 0 47 0 
0 0 31 0 47 0 
0 0 31 0 47 0 
0 0 31 0 47 0 
0 0 31 0 47 0 
0 0 31 0 47 0 
0 0 31 0 47 0 
0 0 31 0 47 0 
0 0 31 0 47 0 
0 0 31 0 47 0 
0 0 31 0 47 0 
0 0 31 0 47 0 
0 17 0 39 0 0 
0 17 0 39 0 0 
0 17 0 39 0 0 
0 17 0 39 0 0 
0 17 0 39 0 0 
0 17 0 39 0 0 
0 17 0 39 0 0 
0 17 0 39 0 0 
0 17 0 39 0 0 
0 17 0 39 0 0 
0 17 0 39 0 0 
0 17 0 39 0 0 
0 17 0 39 0 0 
0 17 0 39 0 0 
0 17 0 39 0 0 
0 0 0 0 0 50 
0 0 0 0 0 50 
0 0 0 0 0 50 
0 0 0 0 0 50 
0 0 0 0 0 50 
0 0 0 0 0 50 
0 0 0 0 0 50 
0 0 0 0 0 50 
0 0 0 0 0 50 
0 0 0 0 0 50 
0 0 0 0 0 50 
0 0 0 0 0 50 
0 0 0 0 0 50 
0 0 0 0 0 50 
0 0 0 0 0 50 
19 0 0 52 0 0 
19 0 0 52 0 0 
19 0 0 52 0 0 
19 0 0 52 0 0 
19 0 0 52 0 0 
19 0 0 52 0 0 
19 0 0 52 0 0 
19 0 0 52 0 0 
19 0 0 52 0 0 
19 0 0 52 0 0 
19 0 0 52 0 0 
19 0 0 52 0 0 
19 0 0 52 0 0 
19 0 0 52 0 0 
19 0 0 52 0 0 
0 0 0 57 0 0 
0 0 0 57 0 0 
0 0 0 57 0 0 
0 0 0 57 0 0 
0 0 0 57 0 0 
0 0 0 57 0 0 
0 0 0 57 0 0 
0 0 0 57 0 0 
0 0 0 57 0 0 
0 0 0 57 0 0 
0 0 0 57 0 0 
0 0 0 57 0 0 
0 0 0 57 0 0 
0 0 0 57 0 0 
0 0 0 57 0 0 
0 0 0 24 0 0 
0 0 0 24 0 0 
0 0 0 24 0 0 
0 0 0 24 0 0 
0 0 0 24 0 0 
0 0 0 24 0 0 
0 0 0 24 0 0 
0 0 0 24 0 0 
0 0 0 24 0 0 
0 0 0 24 0 0 
0 0 0 24 0 0 
0 0 0 24 0 0 
0 0 0 24 0 0 
0 0 0 24 0 0 
0 0 0 24 0 0 
0 44 0 0 24 0 
0 44 0 0 24 0 
0 44 0 0 24 0 
0 44 0 0 24 0 
0 44 0 0 24 0 
0 44 0 0 24 0 
0 44 0 0 24 0 
0 44 0 0 24 0 
0 44 0 0 24 0 
0 44 0 0 24 0 
0 44 0 0 24 0 
0 44 0 0 24 0 
0 44 0 0 24 0 
0 44 0 0 24 0 
0 44 0 0 24 0 
0 0 0 48 0 0 
0 0 0 48 0 0 
0 0 0 48 0 0 
0 0 0 48 0 0 
0 0 0 48 0 0 
0 0 0 48 0 0 
0 0 0 48 0 0 
0 0 0 48 0 0 
0 0 0 48 0 0 
0 0 0 48 0 0 
0 0 0 48 0 0 
0 0 0 48 0 0 
0 0 0 48 0 0 
0 0 0 48 0 0 
0 0 0 48 0 0 
27 0 0 0 0 0 
27 0 0 0 0 0 
27 0 0 0 0 0 
27 0 0 0 0 0 
27 0 0 0 0 0 
27 0 0 0 0 0 
27 0 0 0 0 0 
27 0 0 0 0 0 
27 0 0 0 0 0 
27 0 0 0 0 0 
27 0 0 0 0 0 
27 0 0 0 0 0 
27 0 0 0 0 0 
27 0 0 0 0 0 
27 0 0 0 0 0 
50 0 0 0 41 0 
50 0 0 0 41 0 
50 0 0 0 41 0 
50 0 0 0 41 0 
50 0 0 0 41 0 
50 0 0 0 41 0 
50 0 0 0 41 0 
50 0 0 0 41 0 
50 0 0 0 41 0 
50 0 0 0 41 0 
50 0 0 0 41 0 
50 0 0 0 41 0 
50 0 0 0 41 0 
50 0 0 0 41 0 
50 0 0 0 41 0 
0 0 34 0 47 0 
0 0 34 0 47 0 
0 0 34 0 47 0 
0 0 34 0 47 0 
0 0 34 0 47 0 
0 0 34 0 47 0 
0 0 34 0 47 0 
0 0 34 0 47 0 
0 0 34 0 47 0 
0 0 34 0 47 0 
0 0 34 0 47 0 
0 0 34 0 47 0 
0 0 34 0 47 0 
0 0 34 0 47 0 
0 0 34 0 47 0 
0 0 0 56 0 0 
0 0 0 56 0 0 
0 0 0 56 0 0 
0 0 0 56 0 0 
0 0 0 56 0 0 
0 0 0 56 0 0 
0 0 0 56 0 0 
0 0 0 56 0 0 
0 0 0 56 0 0 
0 0 0 56 0 0 
0 0 0 56 0 0 
0 0 0 56 0 0 
0 0 0 56 0 0 
0 0 0 56 0 0 
0 0 0 56 0 0 
0 0 0 0 0 30 
0 0 0 0 0 30 
0 0 0 0 0 30 
0 0 0 0 0 30 
0 0 0 0 0 30 
0 0 0 0 0 30 
0 0 0 0 0 30 
0 0 0 0 0 30 
0 0 0 0 0 30 
0 0 0 0 0 30 
0 0 0 0 0 30 
0 0 0 0 0 30 
0 0 0 0 0 30 
0 0 0 0 0 30 
0 0 0 0 0 30 
0 0 0 0 36 0 
0 0 0 0 36 0 
0 0 0 0 36 0 
0 0 0 0 36 0 
0 0 0 0 36 0 
0 0 0 0 36 0 
0 0 0 0 36 0 
0 0 0 0 36 0 
0 0 0 0 36 0 
0 0 0 0 36 0 
0 0 0 0 36 0 
0 0 0 0 36 0 
0 0 0 0 36 0 
0 0 0 0 36 0 
0 0 0 0 36 0 
0 0 0 0 33 0 
0 0 0 0 33 0 
0 0 0 0 33 0 
0 0 0 0 33 0 
0 0 0 0 33 0 
0 0 0 0 33 0 
0 0 0 0 33 0 
0 0 0 0 33 0 
0 0 0 0 33 0 
0 0 0 0 33 0 
0 0 0 0 33 0 
0 0 0 0 33 0 
0 0 0 0 33 0 
0 0 0 0 33 0 
0 0 0 0 33 0 
0 0 0 0 55 0 
0 0 0 0 55 0 
0 0 0 0 55 0 
0 0 0 0 55 0 
0 0 0 0 55 0 
0 0 0 0 55 0 
0 0 0 0 55 0 
0 0 0 0 55 0 
0 0 0 0 55 0 
0 0 0 0 55 0 
0 0 0 0 55 0 
0 0 0 0 55 0 
0 0 0 0 55 0 
0 0 0 0 55 0 
0 0 0 0 55 0 
0 29 0 0 30 0 
0 29 0 0 30 0 
0 29 0 0 30 0 
0 29 0 0 30 0 
0 29 0 0 30 0 
0 29 0 0 30 0 
0 29 0 0 30 0 
0 29 0 0 30 0 
0 29 0 0 30 0 
0 29 0 0 30 0 
0 29 0 0 30 0 
0 29 0 0 30 0 
0 29 0 0 30 0 
0 29 0 0 30 0 
0 29 0 0 30 0 
0 0 0 29 0 0 
0 0 0 29 0 0 
0 0 0 29 0 0 
0 0 0 29 0 0 
0 0 0 29 0 0 
0 0 0 29 0 0 
0 0 0 29 0 0 
0 0 0 29 0 0 
0 0 0 29 0 0 
0 0 0 29 0 0 
0 0 0 29 0 0 
0 0 0 29 0 0 
0 0 0 29 0 0 
0 0 0 29 0 0 
0 0 0 29 0 0 
27 0 0 0 0 26 
27 0 0 0 0 26 
27 0 0 0 0 26 
27 0 0 0 0 26 
27 0 0 0 0 26 
27 0 0 0 0 26 
27 0 0 0 0 26 
27 0 0 0 0 26 
27 0 0 0 0 26 
27 0 0 0 0 26 
27 0 0 0 0 26 
27 0 0 0 0 26 
27 0 0 0 0 26 
27 0 0 0 0 26 
27 0 0 0 0 26 
53 0 0 0 0 0 
53 0 0 0 0 0 
53 0 0 0 0 0 
53 0 0 0 0 0 
53 0 0 0 0 0 
53 0 0 0 0 0 
53 0 0 0 0 0 
53 0 0 0 0 0 
53 0 0 0 0 0 
53 0 0 0 0 0 
53 0 0 0 0 0 
53 0 0 0 0 0 
53 0 0 0 0 0 
53 0 0 0 0 0 
53 0 0 0 0 0 
0 0 0 39 0 0 
0 0 0 39 0 0 
0 0 0 39 0 0 
0 0 0 39 0 0 
0 0 0 39 0 0 
0 0 0 39 0 0 
0 0 0 39 0 0 
0 0 0 39 0 0 
0 0 0 39 0 0 
0 0 0 39 0 0 
0 0 0 39 0 0 
0 0 0 39 0 0 
0 0 0 39 0 0 
0 0 0 39 0 0 
0 0 0 39 0 0 
0 35 0 0 0 16 
0 35 0 0 0 16 
0 35 0 0 0 16 
0 35 0 0 0 16 
0 35 0 0 0 16 
0 35 0 0 0 16 
0 35 0 0 0 16 
0 35 0 0 0 16 
0 35 0 0 0 16 
0 35 0 0 0 16 
0 35 0 0 0 16 
0 35 0 0 0 16 
0 35 0 0 0 16 
0 35 0 0 0 16 
0 35 0 0 0 16 
0 0 0 0 0 39 
0 0 0 0 0 39 
0 0 0 0 0 39 
0 0 0 0 0 39 
0 0 0 0 0 39 
0 0 0 0 0 39 
0 0 0 0 0 39 
0 0 0 0 0 39 
0 0 0 0 0 39 
0 0 0 0 0 39 
0 0 0 0 0 39 
0 0 0 0 0 39 
0 0 0 0 0 39 
0 0 0 0 0 39 
0 0 0 0 0 39 
0 0 0 26 0 0 
0 0 0 26 0 0 
0 0 0 26 0 0 
0 0 0 26 0 0 
0 0 0 26 0 0 
0 0 0 26 0 0 
0 0 0 26 0 0 
0 0 0 26 0 0 
0 0 0 26 0 0 
0 0 0 26 0 0 
0 0 0 26 0 0 
0 0 0 26 0 0 
0 0 0 26 0 0 
0 0 0 26 0 0 
0 0 0 26 0 0 
0 0 37 0 57 0 
0 0 37 0 57 0 
0 0 37 0 57 0 
0 0 37 0 57 0 
0 0 37 0 57 0 
0 0 37 0 57 0 
0 0 37 0 57 0 
0 0 37 0 57 0 
0 0 37 0 57 0 
0 0 37 0 57 0 
0 0 37 0 57 0 
0 0 37 0 57 0 
0 0 37 0 57 0 
0 0 37 0 57 0 
0 0 37 0 57 0 
0 0 0 0 38 0 
0 0 0 0 38 0 
0 0 0 0 38 0 
0 0 0 0 38 0 
0 0 0 0 38 0 
0 0 0 0 38 0 
0 0 0 0 38 0 
0 0 0 0 38 0 
0 0 0 0 38 0 
0 0 0 0 38 0 
0 0 0 0 38 0 
0 0 0 0 38 0 
0 0 0 0 38 0 
0 0 0 0 38 0 
0 0 0 0 38 0 
0 0 19 0 0 0 
0 0 19 0 0 0 
0 0 19 0 0 0 
0 0 19 0 0 0 
0 0 19 0 0 0 
0 0 19 0 0 0 
0 0 19 0 0 0 
0 0 19 0 0 0 
0 0 19 0 0 0 
0 0 19 0 0 0 
0 0 19 0 0 0 
0 0 19 0 0 0 
0 0 19 0 0 0 
0 0 19 0 0 0 
0 0 19 0 0 0 
17 0 0 0 0 0 
17 0 0 0 0 0 
17 0 0 0 0 0 
17 0 0 0 0 0 
17 0 0 0 0 0 
17 0 0 0 0 0 
17 0 0 0 0 0 
17 0 0 0 0 0 
17 0 0 0 0 0 
17 0 0 0 0 0 
17 0 0 0 0 0 
17 0 0 0 0 0 
17 0 0 0 0 0 
17 0 0 0 0 0 
17 0 0 0 0 0 
0 0 0 31 0 0 
0 0 0 31 0 0 
0 0 0 31 0 0 
0 0 0 31 0 0 
0 0 0 31 0 0 
0 0 0 31 0 0 
0 0 0 31 0 0 
0 0 0 31 0 0 
0 0 0 31 0 0 
0 0 0 31 0 0 
0 0 0 31 0 0 
0 0 0 31 0 0 
0 0 0 31 0 0 
0 0 0 31 0 0 
0 0 0 31 0 0 
0 0 0 0 0 31 
0 0 0 0 0 31 
0 0 0 0 0 31 
0 0 0 0 0 31 
0 0 0 0 0 31 
0 0 0 0 0 31 
0 0 0 0 0 31 
0 0 0 0 0 31 
0 0 0 0 0 31 
0 0 0 0 0 31 
0 0 0 0 0 31 
0 0 0 0 0 31 
0 0 0 0 0 31 
0 0 0 0 0 31 
0 0 0 0 0 31 
0 0 23 0 24 0 
0 0 23 0 24 0 
0 0 23 0 24 0 
0 0 23 0 24 0 
0 0 23 0 24 0 
0 0 23 0 24 0 
0 0 23 0 24 0 
0 0 23 0 24 0 
0 0 23 0 24 0 
0 0 23 0 24 0 
0 0 23 0 24 0 
0 0 23 0 24 0 
0 0 23 0 24 0 
0 0 23 0 24 0 
0 0 23 0 24 0 
0 0 52 0 0 0 
0 0 52 0 0 0 
0 0 52 0 0 0 
0 0 52 0 0 0 
0 0 52 0 0 0 
0 0 52 0 0 0 
0 0 52 0 0 0 
0 0 52 0 0 0 
0 0 52 0 0 0 
0 0 52 0 0 0 
0 0 52 0 0 0 
0 0 52 0 0 0 
0 0 52 0 0 0 
0 0 52 0 0 0 
0 0 52 0 0 0 
50 0 0 0 0 40 
50 0 0 0 0 40 
50 0 0 0 0 40 
50 0 0 0 0 40 
50 0 0 0 0 40 
50 0 0 0 0 40 
50 0 0 0 0 40 
50 0 0 0 0 40 
50 0 0 0 0 40 
50 0 0 0 0 40 
50 0 0 0 0 40 
50 0 0 0 0 40 
50 0 0 0 0 40 
50 0 0 0 0 40 
50 0 0 0 0 40 
0 0 55 0 20 0 
0 0 55 0 20 0 
0 0 55 0 20 0 
0 0 55 0 20 0 
0 0 55 0 20 0 
0 0 55 0 20 0 
0 0 55 0 20 0 
0 0 55 0 20 0 
0 0 55 0 20 0 
0 0 55 0 20 0 
0 0 55 0 20 0 
0 0 55 0 20 0 
0 0 55 0 20 0 
0 0 55 0 20 0 
0 0 55 0 20 0 
0 0 59 0 0 15 
0 0 59 0 0 15 
0 0 59 0 0 15 
0 0 59 0 0 15 
0 0 59 0 0 15 
0 0 59 0 0 15 
0 0 59 0 0 15 
0 0 59 0 0 15 
0 0 59 0 0 15 
0 0 59 0 0 15 
0 0 59 0 0 15 
0 0 59 0 0 15 
0 0 59 0 0 15 
0 0 59 0 0 15 
0 0 59 0 0 15 
16 0 0 0 0 0 
16 0 0 0 0 0 
16 0 0 0 0 0 
16 0 0 0 0 0 
16 0 0 0 0 0 
16 0 0 0 0 0 
16 0 0 0 0 0 
16 0 0 0 0 0 
16 0 0 0 0 0 
16 0 0 0 0 0 
16 0 0 0 0 0 
16 0 0 0 0 0 
16 0 0 0 0 0 
16 0 0 0 0 0 
16 0 0 0 0 0 
0 56 0 0 0 0 
0 56 0 0 0 0 
0 56 0 0 0 0 
0 56 0 0 0 0 
0 56 0 0 0 0 
0 56 0 0 0 0 
0 56 0 0 0 0 
0 56 0 0 0 0 
0 56 0 0 0 0 
0 56 0 0 0 0 
0 56 0 0 0 0 
0 56 0 0 0 0 
0 56 0 0 0 0 
0 56 0 0 0 0 
0 56 0 0 0 0 
0 28 0 0 0 0 
0 28 0 0 0 0 
0 28 0 0 0 0 
0 28 0 0 0 0 
0 28 0 0 0 0 
0 28 0 0 0 0 
0 28 0 0 0 0 
0 28 0 0 0 0 
0 28 0 0 0 0 
0 28 0 0 0 0 
0 28 0 0 0 0 
0 28 0 0 0 0 
0 28 0 0 0 0 
0 28 0 0 0 0 
0 28 0 0 0 0 
0 0 0 0 46 0 
0 0 0 0 46 0 
0 0 0 0 46 0 
0 0 0 0 46 0 
0 0 0 0 46 0 
0 0 0 0 46 0 
0 0 0 0 46 0 
0 0 0 0 46 0 
0 0 0 0 46 0 
0 0 0 0 46 0 
0 0 0 0 46 0 
0 0 0 0 46 0 
0 0 0 0 46 0 
0 0 0 0 46 0 
0 0 0 0 46 0 
0 0 0 55 0 0 
0 0 0 55 0 0 
0 0 0 55 0 0 
0 0 0 55 0 0 
0 0 0 55 0 0 
0 0 0 55 0 0 
0 0 0 55 0 0 
0 0 0 55 0 0 
0 0 0 55 0 0 
0 0 0 55 0 0 
0 0 0 55 0 0 
0 0 0 55 0 0 
0 0 0 55 0 0 
0 0 0 55 0 0 
0 0 0 55 0 0 
0 0 27 0 0 0 
0 0 27 0 0 0 
0 0 27 0 0 0 
0 0 27 0 0 0 
0 0 27 0 0 0 
0 0 27 0 0 0 
0 0 27 0 0 0 
0 0 27 0 0 0 
0 0 27 0 0 0 
0 0 27 0 0 0 
0 0 27 0 0 0 
0 0 27 0 0 0 
0 0 27 0 0 0 
0 0 27 0 0 0 
0 0 27 0 0 0 
0 0 0 36 0 0 
0 0 0 36 0 0 
0 0 0 36 0 0 
0 0 0 36 0 0 
0 0 0 36 0 0 
0 0 0 36 0 0 
0 0 0 36 0 0 
0 0 0 36 0 0 
0 0 0 36 0 0 
0 0 0 36 0 0 
0 0 0 36 0 0 
0 0 0 36 0 0 
0 0 0 36 0 0 
0 0 0 36 0 0 
0 0 0 36 0 0 
19 0 0 28 0 0 
19 0 0 28 0 0 
19 0 0 28 0 0 
19 0 0 28 0 0 
19 0 0 28 0 0 
19 0 0 28 0 0 
19 0 0 28 0 0 
19 0 0 28 0 0 
19 0 0 28 0 0 
19 0 0 28 0 0 
19 0 0 28 0 0 
19 0 0 28 0 0 
19 0 0 28 0 0 
19 0 0 28 0 0 
19 0 0 28 0 0 
0 38 0 0 31 0 
0 38 0 0 31 0 
0 38 0 0 31 0 
0 38 0 0 31 0 
0 38 0 0 31 0 
0 38 0 0 31 0 
0 38 0 0 31 0 
0 38 0 0 31 0 
0 38 0 0 31 0 
0 38 0 0 31 0 
0 38 0 0 31 0 
0 38 0 0 31 0 
0 38 0 0 31 0 
0 38 0 0 31 0 
0 38 0 0 31 0 
0 0 0 0 26 0 
0 0 0 0 26 0 
0 0 0 0 26 0 
0 0 0 0 26 0 
0 0 0 0 26 0 
0 0 0 0 26 0 
0 0 0 0 26 0 
0 0 0 0 26 0 
0 0 0 0 26 0 
0 0 0 0 26 0 
0 0 0 0 26 0 
0 0 0 0 26 0 
0 0 0 0 26 0 
0 0 0 0 26 0 
0 0 0 0 26 0 
0 18 0 0 58 0 
0 18 0 0 58 0 
0 18 0 0 58 0 
0 18 0 0 58 0 
0 18 0 0 58 0 
0 18 0 0 58 0 
0 18 0 0 58 0 
0 18 0 0 58 0 
0 18 0 0 58 0 
0 18 0 0 58 0 
0 18 0 0 58 0 
0 18 0 0 58 0 
0 18 0 0 58 0 
0 18 0 0 58 0 
0 18 0 0 58 0 
0 0 0 0 0 27 
0 0 0 0 0 27 
0 0 0 0 0 27 
0 0 0 0 0 27 
0 0 0 0 0 27 
0 0 0 0 0 27 
0 0 0 0 0 27 
0 0 0 0 0 27 
0 0 0 0 0 27 
0 0 0 0 0 27 
0 0 0 0 0 27 
0 0 0 0 0 27 
0 0 0 0 0 27 
0 0 0 0 0 27 
0 0 0 0 0 27 
0 21 0 58 0 0 
0 21 0 58 0 0 
0 21 0 58 0 0 
0 21 0 58 0 0 
0 21 0 58 0 0 
0 21 0 58 0 0 
0 21 0 58 0 0 
0 21 0 58 0 0 
0 21 0 58 0 0 
0 21 0 58 0 0 
0 21 0 58 0 0 
0 21 0 58 0 0 
0 21 0 58 0 0 
0 21 0 58 0 0 
0 21 0 58 0 0 
0 0 60 0 0 0 
0 0 60 0 0 0 
0 0 60 0 0 0 
0 0 60 0 0 0 
0 0 60 0 0 0 
0 0 60 0 0 0 
0 0 60 0 0 0 
0 0 60 0 0 0 
0 0 60 0 0 0 
0 0 60 0 0 0 
0 0 60 0 0 0 
0 0 60 0 0 0 
0 0 60 0 0 0 
0 0 60 0 0 0 
0 0 60 0 0 0 
0 0 0 0 31 0 
0 0 0 0 31 0 
0 0 0 0 31 0 
0 0 0 0 31 0 
0 0 0 0 31 0 
0 0 0 0 31 0 
0 0 0 0 31 0 
0 0 0 0 31 0 
0 0 0 0 31 0 
0 0 0 0 31 0 
0 0 0 0 31 0 
0 0 0 0 31 0 
0 0 0 0 31 0 
0 0 0 0 31 0 
0 0 0 0 31 0 
0 0 0 0 25 0 
0 0 0 0 25 0 
0 0 0 0 25 0 
0 0 0 0 25 0 
0 0 0 0 25 0 
0 0 0 0 25 0 
0 0 0 0 25 0 
0 0 0 0 25 0 
0 0 0 0 25 0 
0 0 0 0 25 0 
0 0 0 0 25 0 
0 0 0 0 25 0 
0 0 0 0 25 0 
0 0 0 0 25 0 
0 0 0 0 25 0 
59 0 0 0 0 0 
59 0 0 0 0 0 
59 0 0 0 0 0 
59 0 0 0 0 0 
59 0 0 0 0 0 
59 0 0 0 0 0 
59 0 0 0 0 0 
59 0 0 0 0 0 
59 0 0 0 0 0 
59 0 0 0 0 0 
59 0 0 0 0 0 
59 0 0 0 0 0 
59 0 0 0 0 0 
59 0 0 0 0 0 
59 0 0 0 0 0 
0 0 0 0 0 20 
0 0 0 0 0 20 
0 0 0 0 0 20 
0 0 0 0 0 20 
0 0 0 0 0 20 
0 0 0 0 0 20 
0 0 0 0 0 20 
0 0 0 0 0 20 
0 0 0 0 0 20 
0 0 0 0 0 20 
0 0 0 0 0 20 
0 0 0 0 0 20 
0 0 0 0 0 20 
0 0 0 0 0 20 
0 0 0 0 0 20 
0 41 0 0 0 59 
0 41 0 0 0 59 
0 41 0 0 0 59 
0 41 0 0 0 59 
0 41 0 0 0 59 
0 41 0 0 0 59 
0 41 0 0 0 59 
0 41 0 0 0 59 
0 41 0 0 0 59 
0 41 0 0 0 59 
0 41 0 0 0 59 
0 41 0 0 0 59 
0 41 0 0 0 59 
0 41 0 0 0 59 
0 41 0 0 0 59 
0 0 15 0 0 0 
0 0 15 0 0 0 
0 0 15 0 0 0 
0 0 15 0 0 0 
0 0 15 0 0 0 
0 0 15 0 0 0 
0 0 15 0 0 0 
0 0 15 0 0 0 
0 0 15 0 0 0 
0 0 15 0 0 0 
0 0 15 0 0 0 
0 0 15 0 0 0 
0 0 15 0 0 0 
0 0 15 0 0 0 
0 0 15 0 0 0 
0 0 0 0 32 0 
0 0 0 0 32 0 
0 0 0 0 32 0 
0 0 0 0 32 0 
0 0 0 0 32 0 
0 0 0 0 32 0 
0 0 0 0 32 0 
0 0 0 0 32 0 
0 0 0 0 32 0 
0 0 0 0 32 0 
0 0 0 0 32 0 
0 0 0 0 32 0 
0 0 0 0 32 0 
0 0 0 0 32 0 
0 0 0 0 32 0 
34 0 0 0 21 0 
34 0 0 0 21 0 
34 0 0 0 21 0 
34 0 0 0 21 0 
34 0 0 0 21 0 
34 0 0 0 21 0 
34 0 0 0 21 0 
34 0 0 0 21 0 
34 0 0 0 21 0 
34 0 0 0 21 0 
34 0 0 0 21 0 
34 0 0 0 21 0 
34 0 0 0 21 0 
34 0 0 0 21 0 
34 0 0 0 21 0 
0.0 0.0 0.0 0.0 0.0 0.0 
0.0 0.0 0.0 0.0 0.0 0.0 
0.0 0.0 0.0 0.0 0.0 0.0 
0.0 0.0 0.0 0.0 0.0 0.0 
0.0 0.0 0.0 0.0 0.0 0.0 
0.0 0.0 0.0 0.0 0.0 0.0 
0.0 0.0 0.0 0.0 0.0 0.0 
0.0 0.0 0.0 0.0 0.0 0.0 
0.0 0.0 0.0 0.0 0.0 0.0 
0.0 0.0 0.0 0.0 0.0 0.0 
0.0 0.0 0.0 0.0 0.0 0.0 
0.0 0.0 0.0 0.0 0.0 0.0 
0.0 0.0 0.0 0.0 0.0 0.0 
0.0 0.0 0.0 0.0 0.0 0.0 
0.0 0.0 0.0 0.0 0.0 0.0 
mind
0 0 0 0 0 0 0 0 0 0 0 0 0 0 0 0 0 0 0 0 0 0 25 0 0 12 0 0 0 0 0 0 0 0 0 10 0 0 0 0 26 0 0 16 0 0 0 0 0 17 0 11 14 0 0 0 0 0 0 0 0 18 0 0 11 0 21 0 0 0 0 0 17 0 0 0 0
maxd
0 0 0 0 0 0 0 0 0 0 0 0 0 0 0 0 0 0 0 0 0 0 28 0 0 30 0 0 0 0 0 0 0 0 0 14 0 0 0 0 30 0 0 25 0 0 0 0 0 20 0 12 25 0 0 0 0 0 0 0 0 20 0 0 19 0 29 0 0 0 0 0 30 0 0 0 0
e
0 585 701 697 835 917 529 617 916 946 884 714 896 480 494 874 898 954 605 858 685 679 639 553 783 782 519 556 543 669 838 671 659 895 761 712 557 877 535 868 599 602 531 652 770 643 775 716 767 626 815 831 930 824 651 917 586 636 628 560 686 870 547 782 872 770 543 524 596 566 839 912 760 597 532 875 0
l
99999 705 821 817 955 1037 649 737 1036 1066 1004 834 1016 600 614 994 1018 1074 725 978 805 799 759 673 903 902 639 676 663 789 958 791 779 1015 881 832 677 997 655 988 719 722 651 772 890 763 895 836 887 746 935 951 1050 944 771 1037 706 756 748 680 806 990 667 902 992 890 663 644 716 686 959 1032 880 717 652 995 99999
