nbNodes
77
nbVehi
15
nbServi
6
r
1 1 1 1 1 1 
0 0 0 0 1 0 
1 0 0 0 1 0 
0 0 1 0 0 0 
1 0 0 1 0 0 
0 0 1 0 0 1 
0 0 1 0 0 0 
0 1 0 0 0 0 
0 1 0 0 0 0 
0 1 0 0 1 0 
1 0 0 0 0 0 
1 0 0 0 0 1 
0 0 0 0 0 1 
0 0 0 0 0 1 
1 0 0 0 0 0 
0 0 1 0 0 0 
0 0 0 0 1 0 
1 0 0 0 0 0 
0 1 0 1 0 0 
0 1 0 0 0 0 
0 0 0 0 1 0 
0 0 0 0 0 1 
1 0 0 1 0 0 
1 0 0 0 1 0 
0 0 0 0 0 1 
0 0 1 0 0 0 
0 0 1 0 0 0 
0 0 0 1 0 0 
0 0 0 1 0 0 
0 0 1 0 1 0 
0 1 0 1 0 0 
0 0 0 1 0 0 
0 0 0 0 0 1 
0 1 0 0 0 0 
0 0 1 0 1 0 
1 0 0 0 0 0 
0 0 0 1 0 0 
0 1 0 1 0 0 
0 0 1 0 0 1 
0 0 1 0 0 0 
0 1 0 0 0 0 
1 0 0 0 0 0 
1 0 0 0 0 0 
0 1 0 0 0 0 
0 0 0 0 1 0 
0 0 0 0 1 0 
1 0 0 1 0 0 
1 0 0 0 0 0 
0 1 0 0 0 1 
0 1 0 0 1 0 
0 0 0 1 0 0 
0 1 0 0 0 0 
0 0 1 0 0 0 
0 1 0 0 0 0 
0 0 0 1 0 0 
0 0 1 0 0 0 
1 0 0 0 0 0 
1 0 0 1 0 0 
0 0 1 0 0 0 
0 0 0 0 1 0 
1 0 0 0 0 1 
0 1 0 0 0 1 
0 1 0 0 0 0 
1 0 0 0 0 1 
0 1 0 0 0 0 
1 0 0 0 1 0 
1 0 0 0 0 0 
1 0 0 1 0 0 
0 0 0 0 0 1 
0 0 0 0 1 0 
0 1 0 0 0 0 
0 0 1 0 0 1 
1 0 0 0 0 0 
0 1 0 0 0 0 
0 0 1 0 0 1 
0 0 1 0 0 0 
1 1 1 1 1 1 
DS
3 5 6 10 12 19 23 24 30 31 35 38 39 47 49 50 58 61 62 64 66 68 72 75 
a
0 0 1 0 0 0 
0 1 1 0 0 0 
1 1 1 0 0 0 
1 1 0 0 0 0 
1 1 0 0 0 0 
0 0 1 0 0 0 
0 1 0 0 0 0 
0 0 0 0 1 0 
0 0 0 1 1 1 
0 0 0 1 0 1 
0 0 0 1 0 1 
0 0 0 0 0 1 
0 0 0 0 1 0 
0 0 0 1 0 0 
0 0 0 1 0 1 
x
-29.991 -29.993 -30.01 -30.0915 -30.0336 -30.0448 -29.9946 -30.0785 -30.0794 -30.0415 -30.0357 -29.991 -30.0863 -30.0855 -29.9959 -30.0176 -30.0757 -29.9968 -30.0386 -30.0557 -30.1208 -29.9863 -30.0683 -30.0843 -30.0497 -30.0598 -30.0386 -30.0461 -30.0494 -30.0997 -30.0494 -30.0493 -30.0407 -30.0647 -30.0605 -30.0525 -29.994 -30.0017 -30.0646 -29.9927 -30.0503 -30.0444 -30.1123 -30.0371 -30.0508 -30.1119 -30.1011 -30.0409 -29.9978 -30.0008 -30.0328 -30.053 -30.0901 -29.9937 -30.0288 -30.0537 -30.0862 -30.0019 -30.1139 -30.0478 -30.0528 -30.0805 -30.0617 -30.0779 -30.0422 -30.0002 -30.0792 -30.0902 -29.9933 -30.0767 -30.0524 -29.9969 -30.032 -30.0846 -30.0272 -29.9934 -29.991
y
-51.1304 -51.1052 -51.1133 -51.2243 -51.1929 -51.1837 -51.1072 -51.2058 -51.2151 -51.2118 -51.206 -51.1304 -51.2064 -51.2232 -51.1087 -51.2028 -51.2229 -51.108 -51.145 -51.1459 -51.1554 -51.1129 -51.1686 -51.2176 -51.2198 -51.2017 -51.1708 -51.1319 -51.1565 -51.1888 -51.1463 -51.1591 -51.1559 -51.149 -51.1441 -51.1528 -51.1119 -51.101 -51.2262 -51.1033 -51.2097 -51.1544 -51.1394 -51.1842 -51.1488 -51.1415 -51.1425 -51.2098 -51.1013 -51.1013 -51.2164 -51.1497 -51.2256 -51.1126 -51.2027 -51.1495 -51.2145 -51.1007 -51.1401 -51.158 -51.1497 -51.2259 -51.1517 -51.191 -51.2081 -51.1012 -51.1917 -51.229 -51.107 -51.2178 -51.1532 -51.1039 -51.2032 -51.2103 -51.1392 -51.0991 -51.1304
d
0.00000 7.00000 8.00000 27.00000 15.00000 17.00000 6.00000 26.00000 26.00000 19.00000 17.00000 0.00000 27.00000 28.00000 7.00000 15.00000 25.00000 8.00000 12.00000 17.00000 35.00000 5.00000 20.00000 26.00000 20.00000 22.00000 14.00000 14.00000 16.00000 33.00000 15.00000 16.00000 14.00000 18.00000 20.00000 17.00000 7.00000 9.00000 23.00000 8.00000 20.00000 14.00000 30.00000 16.00000 17.00000 31.00000 27.00000 19.00000 8.00000 9.00000 18.00000 17.00000 28.00000 5.00000 15.00000 17.00000 26.00000 9.00000 32.00000 16.00000 17.00000 27.00000 19.00000 26.00000 18.00000 9.00000 26.00000 28.00000 7.00000 26.00000 17.00000 8.00000 17.00000 26.00000 10.00000 8.00000 0.00000
7.00000 0.00000 7.00000 30.00000 20.00000 21.00000 2.00000 29.00000 29.00000 23.00000 21.00000 7.00000 30.00000 30.00000 3.00000 19.00000 30.00000 3.00000 14.00000 17.00000 34.00000 5.00000 22.00000 29.00000 24.00000 26.00000 18.00000 14.00000 17.00000 35.00000 15.00000 17.00000 15.00000 18.00000 20.00000 17.00000 4.00000 4.00000 28.00000 2.00000 24.00000 16.00000 30.00000 20.00000 17.00000 31.00000 26.00000 24.00000 3.00000 4.00000 21.00000 16.00000 31.00000 3.00000 20.00000 17.00000 28.00000 5.00000 31.00000 17.00000 17.00000 32.00000 19.00000 29.00000 22.00000 4.00000 29.00000 31.00000 2.00000 30.00000 17.00000 2.00000 21.00000 29.00000 14.00000 3.00000 7.00000
8.00000 7.00000 0.00000 26.00000 18.00000 17.00000 5.00000 25.00000 25.00000 21.00000 19.00000 8.00000 26.00000 27.00000 5.00000 18.00000 28.00000 5.00000 10.00000 13.00000 31.00000 7.00000 18.00000 25.00000 23.00000 23.00000 15.00000 10.00000 14.00000 32.00000 11.00000 14.00000 11.00000 14.00000 16.00000 13.00000 5.00000 5.00000 26.00000 7.00000 22.00000 12.00000 26.00000 17.00000 13.00000 27.00000 23.00000 22.00000 6.00000 5.00000 20.00000 13.00000 27.00000 5.00000 18.00000 13.00000 25.00000 5.00000 28.00000 14.00000 13.00000 28.00000 15.00000 25.00000 21.00000 5.00000 25.00000 28.00000 6.00000 26.00000 13.00000 6.00000 20.00000 25.00000 11.00000 7.00000 8.00000
27.00000 30.00000 26.00000 0.00000 16.00000 13.00000 29.00000 5.00000 6.00000 13.00000 15.00000 27.00000 6.00000 3.00000 29.00000 18.00000 7.00000 29.00000 18.00000 17.00000 19.00000 30.00000 13.00000 4.00000 13.00000 11.00000 16.00000 20.00000 15.00000 14.00000 18.00000 14.00000 16.00000 16.00000 19.00000 16.00000 28.00000 29.00000 10.00000 30.00000 11.00000 17.00000 23.00000 15.00000 17.00000 24.00000 20.00000 13.00000 30.00000 29.00000 15.00000 18.00000 2.00000 27.00000 15.00000 19.00000 3.00000 29.00000 25.00000 15.00000 19.00000 4.00000 14.00000 9.00000 13.00000 29.00000 10.00000 2.00000 29.00000 6.00000 16.00000 30.00000 14.00000 5.00000 21.00000 31.00000 27.00000
16.00000 20.00000 19.00000 16.00000 0.00000 5.00000 19.00000 14.00000 14.00000 7.00000 5.00000 16.00000 15.00000 16.00000 20.00000 7.00000 15.00000 21.00000 11.00000 13.00000 28.00000 18.00000 11.00000 14.00000 9.00000 9.00000 8.00000 13.00000 11.00000 20.00000 11.00000 11.00000 9.00000 14.00000 16.00000 13.00000 19.00000 22.00000 12.00000 21.00000 7.00000 9.00000 25.00000 4.00000 13.00000 25.00000 21.00000 8.00000 21.00000 22.00000 6.00000 13.00000 16.00000 18.00000 5.00000 14.00000 14.00000 22.00000 26.00000 11.00000 14.00000 16.00000 11.00000 14.00000 7.00000 22.00000 15.00000 17.00000 19.00000 15.00000 12.00000 21.00000 4.00000 14.00000 13.00000 21.00000 16.00000
17.00000 20.00000 16.00000 13.00000 6.00000 0.00000 19.00000 11.00000 12.00000 8.00000 6.00000 17.00000 12.00000 13.00000 19.00000 10.00000 14.00000 19.00000 8.00000 11.00000 26.00000 20.00000 8.00000 11.00000 9.00000 8.00000 6.00000 10.00000 8.00000 18.00000 9.00000 8.00000 7.00000 10.00000 13.00000 10.00000 18.00000 19.00000 12.00000 20.00000 7.00000 7.00000 21.00000 4.00000 11.00000 22.00000 18.00000 8.00000 20.00000 19.00000 7.00000 11.00000 13.00000 17.00000 8.00000 11.00000 11.00000 19.00000 23.00000 8.00000 11.00000 14.00000 8.00000 11.00000 7.00000 19.00000 11.00000 14.00000 19.00000 13.00000 10.00000 20.00000 7.00000 11.00000 11.00000 21.00000 17.00000
7.00000 2.00000 5.00000 30.00000 20.00000 20.00000 0.00000 28.00000 29.00000 23.00000 21.00000 7.00000 30.00000 30.00000 1.00000 19.00000 30.00000 2.00000 14.00000 16.00000 34.00000 5.00000 22.00000 29.00000 24.00000 26.00000 18.00000 13.00000 17.00000 35.00000 14.00000 17.00000 14.00000 18.00000 20.00000 16.00000 4.00000 3.00000 27.00000 2.00000 24.00000 15.00000 30.00000 20.00000 16.00000 30.00000 26.00000 24.00000 2.00000 3.00000 21.00000 16.00000 30.00000 3.00000 20.00000 17.00000 28.00000 3.00000 31.00000 17.00000 17.00000 31.00000 18.00000 28.00000 22.00000 3.00000 29.00000 31.00000 1.00000 30.00000 16.00000 2.00000 21.00000 29.00000 14.00000 4.00000 7.00000
24.00000 26.00000 22.00000 6.00000 13.00000 10.00000 25.00000 0.00000 5.00000 10.00000 11.00000 24.00000 4.00000 6.00000 25.00000 14.00000 7.00000 25.00000 14.00000 13.00000 18.00000 26.00000 9.00000 5.00000 9.00000 7.00000 12.00000 16.00000 11.00000 10.00000 14.00000 10.00000 13.00000 13.00000 16.00000 13.00000 24.00000 25.00000 9.00000 27.00000 7.00000 13.00000 19.00000 12.00000 14.00000 20.00000 16.00000 10.00000 27.00000 25.00000 11.00000 15.00000 6.00000 24.00000 12.00000 15.00000 4.00000 26.00000 20.00000 11.00000 15.00000 7.00000 10.00000 5.00000 9.00000 25.00000 5.00000 7.00000 25.00000 6.00000 13.00000 27.00000 10.00000 4.00000 17.00000 27.00000 24.00000
26.00000 28.00000 25.00000 5.00000 14.00000 12.00000 28.00000 4.00000 0.00000 11.00000 13.00000 26.00000 5.00000 4.00000 28.00000 15.00000 4.00000 28.00000 17.00000 16.00000 21.00000 28.00000 12.00000 3.00000 10.00000 9.00000 14.00000 19.00000 14.00000 13.00000 17.00000 13.00000 15.00000 15.00000 18.00000 15.00000 27.00000 28.00000 7.00000 29.00000 9.00000 15.00000 22.00000 14.00000 16.00000 22.00000 19.00000 11.00000 29.00000 28.00000 13.00000 17.00000 5.00000 26.00000 13.00000 17.00000 3.00000 28.00000 23.00000 14.00000 18.00000 4.00000 13.00000 8.00000 10.00000 28.00000 8.00000 6.00000 28.00000 3.00000 15.00000 29.00000 12.00000 4.00000 20.00000 30.00000 26.00000
20.00000 23.00000 21.00000 12.00000 7.00000 6.00000 22.00000 10.00000 10.00000 0.00000 5.00000 20.00000 11.00000 12.00000 23.00000 8.00000 10.00000 23.00000 13.00000 14.00000 24.00000 21.00000 11.00000 11.00000 4.00000 7.00000 11.00000 15.00000 12.00000 17.00000 13.00000 11.00000 11.00000 13.00000 16.00000 14.00000 23.00000 24.00000 7.00000 23.00000 4.00000 11.00000 25.00000 8.00000 14.00000 25.00000 21.00000 2.00000 24.00000 24.00000 3.00000 15.00000 12.00000 22.00000 5.00000 16.00000 10.00000 24.00000 26.00000 12.00000 16.00000 12.00000 11.00000 11.00000 3.00000 24.00000 11.00000 13.00000 22.00000 10.00000 13.00000 23.00000 5.00000 11.00000 15.00000 24.00000 20.00000
19.00000 22.00000 21.00000 13.00000 6.00000 7.00000 21.00000 12.00000 12.00000 5.00000 0.00000 19.00000 13.00000 14.00000 22.00000 7.00000 11.00000 22.00000 14.00000 14.00000 26.00000 20.00000 11.00000 12.00000 6.00000 8.00000 12.00000 16.00000 12.00000 18.00000 14.00000 11.00000 12.00000 14.00000 17.00000 14.00000 22.00000 24.00000 9.00000 22.00000 6.00000 12.00000 25.00000 8.00000 15.00000 25.00000 21.00000 5.00000 23.00000 24.00000 4.00000 16.00000 14.00000 21.00000 3.00000 16.00000 12.00000 24.00000 26.00000 12.00000 16.00000 13.00000 11.00000 13.00000 4.00000 23.00000 13.00000 15.00000 21.00000 12.00000 14.00000 22.00000 4.00000 12.00000 16.00000 23.00000 19.00000
0.00000 7.00000 8.00000 27.00000 15.00000 17.00000 6.00000 26.00000 26.00000 19.00000 17.00000 0.00000 27.00000 28.00000 7.00000 15.00000 25.00000 8.00000 12.00000 17.00000 35.00000 5.00000 20.00000 26.00000 20.00000 22.00000 14.00000 14.00000 16.00000 33.00000 15.00000 16.00000 14.00000 18.00000 20.00000 17.00000 7.00000 9.00000 23.00000 8.00000 20.00000 14.00000 30.00000 16.00000 17.00000 31.00000 27.00000 19.00000 8.00000 9.00000 18.00000 17.00000 28.00000 5.00000 15.00000 17.00000 26.00000 9.00000 32.00000 16.00000 17.00000 27.00000 19.00000 26.00000 18.00000 9.00000 26.00000 28.00000 7.00000 26.00000 17.00000 8.00000 17.00000 26.00000 10.00000 8.00000 0.00000
26.00000 28.00000 24.00000 6.00000 15.00000 12.00000 27.00000 4.00000 5.00000 12.00000 14.00000 26.00000 0.00000 7.00000 27.00000 16.00000 8.00000 27.00000 16.00000 16.00000 19.00000 28.00000 11.00000 5.00000 11.00000 9.00000 14.00000 18.00000 13.00000 11.00000 16.00000 12.00000 15.00000 15.00000 18.00000 15.00000 26.00000 27.00000 10.00000 29.00000 9.00000 15.00000 20.00000 14.00000 16.00000 21.00000 17.00000 12.00000 29.00000 28.00000 13.00000 17.00000 7.00000 26.00000 14.00000 17.00000 5.00000 28.00000 21.00000 13.00000 17.00000 8.00000 12.00000 7.00000 11.00000 28.00000 7.00000 8.00000 27.00000 7.00000 15.00000 29.00000 13.00000 2.00000 19.00000 29.00000 26.00000
27.00000 30.00000 26.00000 3.00000 16.00000 13.00000 29.00000 5.00000 4.00000 13.00000 15.00000 27.00000 6.00000 0.00000 29.00000 18.00000 5.00000 29.00000 18.00000 17.00000 21.00000 30.00000 13.00000 2.00000 12.00000 11.00000 16.00000 20.00000 15.00000 14.00000 18.00000 14.00000 17.00000 16.00000 19.00000 16.00000 28.00000 29.00000 8.00000 30.00000 11.00000 17.00000 23.00000 15.00000 17.00000 24.00000 20.00000 13.00000 30.00000 29.00000 15.00000 18.00000 3.00000 27.00000 15.00000 19.00000 3.00000 29.00000 25.00000 15.00000 19.00000 2.00000 14.00000 9.00000 13.00000 29.00000 10.00000 3.00000 29.00000 4.00000 16.00000 30.00000 14.00000 5.00000 21.00000 31.00000 27.00000
8.00000 3.00000 5.00000 29.00000 21.00000 20.00000 2.00000 28.00000 28.00000 24.00000 22.00000 8.00000 29.00000 30.00000 0.00000 20.00000 31.00000 1.00000 13.00000 16.00000 34.00000 6.00000 21.00000 28.00000 25.00000 26.00000 18.00000 13.00000 17.00000 35.00000 14.00000 17.00000 14.00000 17.00000 19.00000 16.00000 4.00000 3.00000 28.00000 3.00000 25.00000 15.00000 29.00000 20.00000 16.00000 30.00000 26.00000 24.00000 3.00000 3.00000 22.00000 16.00000 30.00000 4.00000 21.00000 16.00000 28.00000 4.00000 31.00000 16.00000 16.00000 31.00000 18.00000 28.00000 23.00000 3.00000 28.00000 30.00000 2.00000 29.00000 16.00000 2.00000 22.00000 28.00000 13.00000 4.00000 8.00000
15.00000 19.00000 18.00000 16.00000 5.00000 9.00000 18.00000 14.00000 14.00000 7.00000 5.00000 15.00000 15.00000 16.00000 19.00000 0.00000 14.00000 20.00000 13.00000 16.00000 28.00000 17.00000 14.00000 15.00000 8.00000 10.00000 10.00000 15.00000 13.00000 21.00000 14.00000 13.00000 12.00000 16.00000 19.00000 15.00000 18.00000 21.00000 11.00000 20.00000 8.00000 12.00000 27.00000 7.00000 16.00000 28.00000 23.00000 7.00000 20.00000 21.00000 5.00000 16.00000 16.00000 17.00000 4.00000 16.00000 14.00000 21.00000 29.00000 13.00000 16.00000 15.00000 14.00000 15.00000 6.00000 21.00000 15.00000 17.00000 18.00000 14.00000 15.00000 20.00000 5.00000 15.00000 14.00000 20.00000 15.00000
27.00000 31.00000 27.00000 6.00000 13.00000 14.00000 30.00000 6.00000 4.00000 10.00000 12.00000 27.00000 7.00000 5.00000 30.00000 15.00000 0.00000 30.00000 19.00000 18.00000 23.00000 29.00000 14.00000 5.00000 9.00000 10.00000 16.00000 21.00000 16.00000 15.00000 19.00000 15.00000 17.00000 17.00000 20.00000 17.00000 29.00000 30.00000 4.00000 31.00000 8.00000 18.00000 24.00000 15.00000 18.00000 25.00000 21.00000 10.00000 31.00000 30.00000 12.00000 19.00000 5.00000 28.00000 12.00000 20.00000 5.00000 30.00000 25.00000 16.00000 20.00000 3.00000 15.00000 10.00000 10.00000 30.00000 11.00000 6.00000 30.00000 3.00000 17.00000 31.00000 11.00000 6.00000 22.00000 32.00000 27.00000
9.00000 3.00000 5.00000 29.00000 21.00000 20.00000 2.00000 28.00000 28.00000 24.00000 22.00000 9.00000 29.00000 30.00000 1.00000 20.00000 31.00000 0.00000 13.00000 16.00000 34.00000 6.00000 21.00000 28.00000 26.00000 26.00000 18.00000 13.00000 17.00000 35.00000 14.00000 17.00000 14.00000 17.00000 19.00000 16.00000 5.00000 3.00000 29.00000 4.00000 25.00000 15.00000 29.00000 20.00000 16.00000 30.00000 26.00000 25.00000 3.00000 3.00000 23.00000 16.00000 30.00000 4.00000 21.00000 16.00000 28.00000 4.00000 31.00000 16.00000 16.00000 31.00000 18.00000 28.00000 24.00000 3.00000 28.00000 30.00000 3.00000 29.00000 16.00000 3.00000 23.00000 28.00000 13.00000 5.00000 9.00000
12.00000 14.00000 11.00000 19.00000 11.00000 9.00000 13.00000 17.00000 18.00000 13.00000 11.00000 12.00000 19.00000 19.00000 14.00000 13.00000 20.00000 13.00000 0.00000 5.00000 23.00000 14.00000 10.00000 18.00000 15.00000 15.00000 7.00000 5.00000 5.00000 24.00000 3.00000 6.00000 3.00000 7.00000 9.00000 5.00000 12.00000 14.00000 18.00000 15.00000 14.00000 4.00000 19.00000 9.00000 6.00000 19.00000 15.00000 14.00000 15.00000 14.00000 12.00000 5.00000 19.00000 12.00000 13.00000 6.00000 17.00000 14.00000 20.00000 5.00000 6.00000 20.00000 8.00000 17.00000 13.00000 14.00000 17.00000 20.00000 14.00000 19.00000 5.00000 15.00000 12.00000 18.00000 4.00000 16.00000 12.00000
17.00000 16.00000 13.00000 16.00000 13.00000 10.00000 16.00000 15.00000 15.00000 14.00000 13.00000 17.00000 16.00000 17.00000 16.00000 16.00000 18.00000 16.00000 5.00000 0.00000 21.00000 17.00000 8.00000 15.00000 14.00000 14.00000 10.00000 6.00000 5.00000 22.00000 4.00000 5.00000 6.00000 4.00000 5.00000 4.00000 15.00000 16.00000 17.00000 17.00000 12.00000 7.00000 16.00000 12.00000 4.00000 17.00000 12.00000 13.00000 17.00000 16.00000 14.00000 3.00000 17.00000 14.00000 14.00000 4.00000 14.00000 16.00000 17.00000 6.00000 4.00000 18.00000 5.00000 15.00000 12.00000 16.00000 15.00000 17.00000 16.00000 16.00000 4.00000 17.00000 13.00000 15.00000 9.00000 18.00000 17.00000
35.00000 35.00000 31.00000 18.00000 28.00000 25.00000 34.00000 18.00000 21.00000 25.00000 26.00000 35.00000 19.00000 20.00000 34.00000 29.00000 23.00000 34.00000 24.00000 20.00000 0.00000 35.00000 23.00000 21.00000 24.00000 22.00000 26.00000 24.00000 22.00000 14.00000 22.00000 21.00000 24.00000 19.00000 22.00000 22.00000 33.00000 34.00000 25.00000 35.00000 22.00000 24.00000 7.00000 27.00000 22.00000 7.00000 9.00000 24.00000 35.00000 34.00000 26.00000 22.00000 19.00000 32.00000 27.00000 22.00000 19.00000 34.00000 8.00000 22.00000 22.00000 21.00000 20.00000 18.00000 24.00000 34.00000 19.00000 19.00000 34.00000 22.00000 22.00000 35.00000 25.00000 20.00000 27.00000 36.00000 35.00000
5.00000 4.00000 7.00000 30.00000 18.00000 20.00000 4.00000 28.00000 28.00000 22.00000 19.00000 5.00000 30.00000 30.00000 4.00000 17.00000 28.00000 5.00000 14.00000 16.00000 34.00000 0.00000 22.00000 29.00000 23.00000 24.00000 17.00000 13.00000 17.00000 35.00000 14.00000 17.00000 15.00000 18.00000 20.00000 17.00000 4.00000 6.00000 26.00000 5.00000 23.00000 15.00000 30.00000 18.00000 17.00000 30.00000 26.00000 22.00000 5.00000 6.00000 19.00000 16.00000 30.00000 3.00000 18.00000 17.00000 28.00000 6.00000 31.00000 17.00000 17.00000 30.00000 19.00000 29.00000 21.00000 6.00000 29.00000 31.00000 4.00000 29.00000 17.00000 5.00000 19.00000 29.00000 13.00000 6.00000 5.00000
21.00000 22.00000 18.00000 14.00000 12.00000 9.00000 21.00000 12.00000 13.00000 12.00000 12.00000 21.00000 14.00000 14.00000 21.00000 16.00000 15.00000 21.00000 11.00000 8.00000 22.00000 22.00000 0.00000 13.00000 12.00000 11.00000 9.00000 12.00000 7.00000 19.00000 9.00000 6.00000 10.00000 7.00000 10.00000 9.00000 20.00000 21.00000 14.00000 23.00000 9.00000 9.00000 17.00000 11.00000 9.00000 18.00000 14.00000 12.00000 23.00000 21.00000 13.00000 9.00000 14.00000 20.00000 14.00000 10.00000 12.00000 22.00000 19.00000 7.00000 10.00000 15.00000 6.00000 11.00000 11.00000 21.00000 11.00000 15.00000 21.00000 14.00000 9.00000 23.00000 12.00000 13.00000 14.00000 23.00000 21.00000
26.00000 28.00000 25.00000 3.00000 15.00000 12.00000 28.00000 4.00000 3.00000 12.00000 14.00000 26.00000 5.00000 2.00000 28.00000 17.00000 6.00000 28.00000 17.00000 16.00000 21.00000 28.00000 12.00000 0.00000 11.00000 9.00000 14.00000 19.00000 14.00000 13.00000 17.00000 13.00000 15.00000 15.00000 18.00000 15.00000 27.00000 28.00000 8.00000 29.00000 10.00000 15.00000 22.00000 14.00000 16.00000 23.00000 19.00000 12.00000 29.00000 28.00000 14.00000 17.00000 4.00000 26.00000 14.00000 17.00000 3.00000 28.00000 23.00000 14.00000 18.00000 3.00000 13.00000 8.00000 12.00000 28.00000 8.00000 4.00000 28.00000 4.00000 15.00000 29.00000 13.00000 4.00000 20.00000 30.00000 26.00000
21.00000 25.00000 23.00000 11.00000 8.00000 8.00000 24.00000 9.00000 8.00000 4.00000 7.00000 21.00000 10.00000 10.00000 25.00000 9.00000 8.00000 25.00000 15.00000 15.00000 23.00000 23.00000 11.00000 9.00000 0.00000 6.00000 12.00000 17.00000 13.00000 16.00000 15.00000 12.00000 13.00000 14.00000 17.00000 14.00000 24.00000 26.00000 5.00000 25.00000 3.00000 13.00000 24.00000 9.00000 15.00000 25.00000 21.00000 4.00000 26.00000 26.00000 6.00000 16.00000 11.00000 23.00000 7.00000 16.00000 9.00000 26.00000 26.00000 13.00000 17.00000 10.00000 12.00000 10.00000 4.00000 26.00000 10.00000 12.00000 24.00000 8.00000 14.00000 25.00000 6.00000 10.00000 17.00000 26.00000 21.00000
23.00000 26.00000 23.00000 9.00000 9.00000 8.00000 26.00000 7.00000 8.00000 7.00000 8.00000 23.00000 9.00000 10.00000 26.00000 11.00000 9.00000 26.00000 15.00000 13.00000 22.00000 25.00000 8.00000 8.00000 7.00000 0.00000 12.00000 17.00000 11.00000 14.00000 14.00000 11.00000 13.00000 12.00000 15.00000 13.00000 24.00000 26.00000 9.00000 27.00000 4.00000 13.00000 22.00000 10.00000 14.00000 23.00000 19.00000 7.00000 27.00000 26.00000 8.00000 14.00000 10.00000 24.00000 9.00000 14.00000 7.00000 26.00000 24.00000 12.00000 14.00000 10.00000 11.00000 9.00000 6.00000 26.00000 9.00000 10.00000 26.00000 9.00000 13.00000 27.00000 8.00000 8.00000 17.00000 28.00000 23.00000
15.00000 17.00000 14.00000 14.00000 7.00000 5.00000 17.00000 13.00000 13.00000 9.00000 7.00000 15.00000 14.00000 15.00000 17.00000 10.00000 16.00000 17.00000 6.00000 8.00000 25.00000 17.00000 7.00000 13.00000 11.00000 12.00000 0.00000 8.00000 6.00000 20.00000 6.00000 6.00000 4.00000 9.00000 12.00000 8.00000 15.00000 17.00000 15.00000 18.00000 10.00000 4.00000 20.00000 5.00000 8.00000 21.00000 17.00000 10.00000 18.00000 17.00000 8.00000 8.00000 15.00000 15.00000 9.00000 9.00000 12.00000 17.00000 22.00000 6.00000 9.00000 16.00000 7.00000 13.00000 9.00000 17.00000 13.00000 15.00000 17.00000 14.00000 7.00000 18.00000 8.00000 13.00000 8.00000 19.00000 15.00000
14.00000 13.00000 9.00000 20.00000 13.00000 11.00000 12.00000 19.00000 19.00000 16.00000 14.00000 14.00000 20.00000 21.00000 12.00000 16.00000 22.00000 12.00000 5.00000 7.00000 25.00000 13.00000 12.00000 19.00000 18.00000 18.00000 10.00000 0.00000 8.00000 26.00000 6.00000 8.00000 6.00000 8.00000 10.00000 7.00000 11.00000 12.00000 21.00000 14.00000 16.00000 7.00000 20.00000 11.00000 7.00000 21.00000 17.00000 17.00000 14.00000 12.00000 15.00000 7.00000 21.00000 11.00000 16.00000 7.00000 18.00000 13.00000 22.00000 8.00000 7.00000 22.00000 9.00000 19.00000 15.00000 12.00000 19.00000 21.00000 12.00000 20.00000 7.00000 13.00000 14.00000 19.00000 6.00000 14.00000 14.00000
15.00000 17.00000 13.00000 15.00000 11.00000 9.00000 16.00000 13.00000 14.00000 12.00000 11.00000 15.00000 15.00000 15.00000 16.00000 14.00000 16.00000 16.00000 5.00000 5.00000 22.00000 17.00000 7.00000 14.00000 13.00000 12.00000 8.00000 7.00000 0.00000 20.00000 4.00000 2.00000 4.00000 6.00000 9.00000 3.00000 15.00000 16.00000 16.00000 18.00000 11.00000 3.00000 18.00000 9.00000 4.00000 18.00000 14.00000 12.00000 18.00000 16.00000 12.00000 5.00000 15.00000 14.00000 13.00000 5.00000 13.00000 17.00000 19.00000 2.00000 6.00000 16.00000 4.00000 13.00000 11.00000 16.00000 14.00000 16.00000 16.00000 15.00000 3.00000 17.00000 12.00000 14.00000 8.00000 18.00000 15.00000
32.00000 34.00000 30.00000 13.00000 20.00000 18.00000 33.00000 10.00000 13.00000 17.00000 19.00000 32.00000 11.00000 15.00000 33.00000 21.00000 16.00000 33.00000 22.00000 21.00000 14.00000 34.00000 17.00000 13.00000 17.00000 14.00000 20.00000 24.00000 19.00000 0.00000 22.00000 18.00000 21.00000 21.00000 23.00000 21.00000 32.00000 33.00000 18.00000 35.00000 15.00000 21.00000 14.00000 20.00000 22.00000 15.00000 12.00000 17.00000 35.00000 33.00000 19.00000 23.00000 14.00000 32.00000 19.00000 23.00000 13.00000 34.00000 16.00000 19.00000 23.00000 16.00000 18.00000 11.00000 16.00000 33.00000 11.00000 14.00000 33.00000 14.00000 21.00000 34.00000 18.00000 12.00000 25.00000 35.00000 32.00000
15.00000 15.00000 11.00000 17.00000 12.00000 10.00000 14.00000 16.00000 16.00000 14.00000 12.00000 15.00000 17.00000 18.00000 14.00000 14.00000 19.00000 14.00000 3.00000 4.00000 22.00000 15.00000 9.00000 16.00000 15.00000 15.00000 8.00000 5.00000 4.00000 23.00000 0.00000 5.00000 4.00000 5.00000 7.00000 4.00000 13.00000 14.00000 18.00000 16.00000 13.00000 4.00000 17.00000 10.00000 4.00000 18.00000 13.00000 14.00000 16.00000 14.00000 13.00000 3.00000 18.00000 13.00000 14.00000 4.00000 15.00000 15.00000 19.00000 6.00000 4.00000 19.00000 6.00000 16.00000 13.00000 14.00000 16.00000 18.00000 14.00000 17.00000 4.00000 15.00000 13.00000 16.00000 7.00000 16.00000 15.00000
15.00000 17.00000 13.00000 14.00000 11.00000 8.00000 16.00000 12.00000 13.00000 11.00000 10.00000 15.00000 14.00000 14.00000 16.00000 14.00000 15.00000 16.00000 5.00000 6.00000 21.00000 17.00000 6.00000 13.00000 12.00000 11.00000 7.00000 7.00000 2.00000 19.00000 5.00000 0.00000 4.00000 5.00000 8.00000 4.00000 15.00000 16.00000 15.00000 18.00000 10.00000 3.00000 17.00000 9.00000 5.00000 17.00000 13.00000 11.00000 18.00000 16.00000 12.00000 6.00000 14.00000 15.00000 12.00000 6.00000 12.00000 17.00000 18.00000 2.00000 7.00000 15.00000 3.00000 12.00000 10.00000 16.00000 13.00000 15.00000 16.00000 14.00000 4.00000 18.00000 11.00000 13.00000 8.00000 18.00000 15.00000
13.00000 17.00000 13.00000 17.00000 8.00000 7.00000 16.00000 15.00000 16.00000 11.00000 9.00000 13.00000 16.00000 17.00000 16.00000 11.00000 18.00000 16.00000 5.00000 8.00000 26.00000 15.00000 9.00000 15.00000 13.00000 13.00000 5.00000 7.00000 6.00000 22.00000 6.00000 6.00000 0.00000 9.00000 12.00000 7.00000 15.00000 16.00000 16.00000 18.00000 12.00000 4.00000 22.00000 6.00000 8.00000 22.00000 18.00000 12.00000 18.00000 16.00000 10.00000 8.00000 17.00000 14.00000 11.00000 9.00000 15.00000 17.00000 23.00000 6.00000 9.00000 18.00000 8.00000 15.00000 11.00000 16.00000 15.00000 18.00000 16.00000 17.00000 7.00000 17.00000 10.00000 15.00000 6.00000 18.00000 13.00000
19.00000 18.00000 14.00000 16.00000 13.00000 10.00000 17.00000 14.00000 15.00000 13.00000 12.00000 19.00000 16.00000 16.00000 17.00000 16.00000 17.00000 17.00000 7.00000 4.00000 20.00000 18.00000 8.00000 15.00000 14.00000 13.00000 10.00000 8.00000 6.00000 21.00000 5.00000 5.00000 8.00000 0.00000 4.00000 5.00000 16.00000 17.00000 16.00000 19.00000 11.00000 7.00000 15.00000 11.00000 5.00000 16.00000 12.00000 13.00000 19.00000 17.00000 14.00000 5.00000 16.00000 16.00000 14.00000 6.00000 14.00000 18.00000 17.00000 6.00000 6.00000 17.00000 4.00000 14.00000 12.00000 18.00000 15.00000 17.00000 17.00000 16.00000 5.00000 19.00000 13.00000 15.00000 11.00000 19.00000 19.00000
20.00000 20.00000 16.00000 18.00000 15.00000 12.00000 19.00000 17.00000 17.00000 15.00000 14.00000 20.00000 18.00000 18.00000 19.00000 18.00000 19.00000 19.00000 9.00000 5.00000 22.00000 20.00000 10.00000 17.00000 16.00000 15.00000 12.00000 9.00000 8.00000 23.00000 7.00000 7.00000 9.00000 4.00000 0.00000 7.00000 18.00000 19.00000 19.00000 20.00000 14.00000 9.00000 18.00000 13.00000 7.00000 18.00000 14.00000 15.00000 20.00000 19.00000 16.00000 7.00000 18.00000 17.00000 16.00000 7.00000 16.00000 19.00000 19.00000 8.00000 7.00000 19.00000 7.00000 16.00000 14.00000 19.00000 17.00000 19.00000 19.00000 18.00000 7.00000 20.00000 15.00000 17.00000 12.00000 21.00000 20.00000
16.00000 17.00000 13.00000 16.00000 13.00000 10.00000 16.00000 15.00000 15.00000 14.00000 13.00000 16.00000 16.00000 17.00000 16.00000 15.00000 18.00000 16.00000 5.00000 4.00000 22.00000 17.00000 8.00000 15.00000 14.00000 14.00000 9.00000 7.00000 3.00000 22.00000 4.00000 4.00000 5.00000 5.00000 7.00000 0.00000 15.00000 16.00000 17.00000 17.00000 12.00000 5.00000 17.00000 11.00000 3.00000 18.00000 14.00000 14.00000 17.00000 16.00000 14.00000 3.00000 17.00000 14.00000 15.00000 4.00000 15.00000 16.00000 19.00000 4.00000 4.00000 18.00000 6.00000 15.00000 12.00000 16.00000 15.00000 18.00000 16.00000 16.00000 1.00000 17.00000 13.00000 15.00000 9.00000 18.00000 16.00000
6.00000 4.00000 5.00000 28.00000 19.00000 18.00000 3.00000 27.00000 27.00000 22.00000 20.00000 6.00000 28.00000 28.00000 4.00000 18.00000 29.00000 5.00000 12.00000 14.00000 32.00000 4.00000 20.00000 27.00000 24.00000 25.00000 17.00000 11.00000 15.00000 33.00000 13.00000 15.00000 13.00000 16.00000 18.00000 15.00000 0.00000 6.00000 27.00000 5.00000 24.00000 13.00000 28.00000 18.00000 15.00000 29.00000 24.00000 23.00000 5.00000 6.00000 21.00000 14.00000 29.00000 1.00000 19.00000 15.00000 26.00000 6.00000 29.00000 15.00000 15.00000 29.00000 17.00000 27.00000 21.00000 6.00000 27.00000 29.00000 3.00000 28.00000 15.00000 5.00000 20.00000 27.00000 12.00000 5.00000 6.00000
10.00000 4.00000 5.00000 29.00000 21.00000 20.00000 3.00000 28.00000 28.00000 24.00000 22.00000 10.00000 29.00000 30.00000 3.00000 21.00000 31.00000 3.00000 13.00000 16.00000 34.00000 7.00000 21.00000 28.00000 26.00000 26.00000 18.00000 13.00000 17.00000 35.00000 14.00000 17.00000 14.00000 17.00000 19.00000 16.00000 6.00000 0.00000 29.00000 4.00000 25.00000 15.00000 29.00000 20.00000 16.00000 30.00000 26.00000 25.00000 2.00000 1.00000 23.00000 16.00000 30.00000 5.00000 21.00000 16.00000 28.00000 1.00000 31.00000 17.00000 16.00000 31.00000 18.00000 28.00000 24.00000 1.00000 28.00000 31.00000 4.00000 29.00000 16.00000 3.00000 23.00000 28.00000 14.00000 3.00000 10.00000
24.00000 28.00000 26.00000 10.00000 11.00000 11.00000 28.00000 9.00000 7.00000 8.00000 10.00000 24.00000 10.00000 8.00000 28.00000 12.00000 4.00000 29.00000 18.00000 17.00000 25.00000 27.00000 13.00000 8.00000 5.00000 8.00000 16.00000 20.00000 16.00000 17.00000 19.00000 15.00000 16.00000 17.00000 19.00000 17.00000 28.00000 29.00000 0.00000 29.00000 6.00000 16.00000 25.00000 12.00000 18.00000 26.00000 23.00000 8.00000 30.00000 29.00000 10.00000 19.00000 9.00000 26.00000 10.00000 19.00000 8.00000 29.00000 27.00000 16.00000 19.00000 6.00000 15.00000 11.00000 7.00000 29.00000 11.00000 10.00000 28.00000 6.00000 17.00000 29.00000 9.00000 9.00000 21.00000 30.00000 24.00000
8.00000 2.00000 7.00000 31.00000 20.00000 21.00000 2.00000 29.00000 30.00000 24.00000 22.00000 8.00000 30.00000 31.00000 3.00000 20.00000 30.00000 4.00000 15.00000 17.00000 35.00000 5.00000 22.00000 30.00000 25.00000 27.00000 19.00000 14.00000 18.00000 36.00000 15.00000 18.00000 15.00000 18.00000 21.00000 17.00000 5.00000 4.00000 28.00000 0.00000 25.00000 16.00000 30.00000 21.00000 17.00000 31.00000 27.00000 24.00000 2.00000 4.00000 22.00000 17.00000 31.00000 4.00000 20.00000 17.00000 29.00000 4.00000 32.00000 18.00000 18.00000 32.00000 19.00000 29.00000 23.00000 4.00000 29.00000 32.00000 2.00000 31.00000 17.00000 3.00000 22.00000 30.00000 15.00000 3.00000 8.00000
21.00000 24.00000 22.00000 11.00000 8.00000 8.00000 23.00000 9.00000 8.00000 4.00000 7.00000 21.00000 10.00000 10.00000 24.00000 9.00000 8.00000 25.00000 14.00000 14.00000 23.00000 22.00000 10.00000 10.00000 3.00000 5.00000 12.00000 16.00000 12.00000 15.00000 15.00000 12.00000 13.00000 13.00000 16.00000 14.00000 24.00000 25.00000 5.00000 24.00000 0.00000 13.00000 24.00000 9.00000 15.00000 24.00000 20.00000 4.00000 25.00000 25.00000 5.00000 15.00000 11.00000 23.00000 7.00000 16.00000 9.00000 26.00000 25.00000 13.00000 16.00000 10.00000 12.00000 10.00000 4.00000 25.00000 10.00000 12.00000 23.00000 8.00000 14.00000 25.00000 6.00000 10.00000 17.00000 25.00000 21.00000
13.00000 15.00000 12.00000 17.00000 10.00000 8.00000 15.00000 15.00000 16.00000 12.00000 10.00000 13.00000 16.00000 17.00000 15.00000 13.00000 18.00000 15.00000 4.00000 6.00000 24.00000 15.00000 8.00000 15.00000 14.00000 14.00000 6.00000 6.00000 3.00000 22.00000 4.00000 3.00000 2.00000 8.00000 10.00000 5.00000 13.00000 15.00000 18.00000 16.00000 13.00000 0.00000 19.00000 8.00000 5.00000 20.00000 16.00000 13.00000 16.00000 15.00000 11.00000 6.00000 17.00000 13.00000 12.00000 7.00000 15.00000 15.00000 21.00000 3.00000 7.00000 18.00000 6.00000 15.00000 12.00000 15.00000 15.00000 18.00000 15.00000 17.00000 4.00000 16.00000 11.00000 15.00000 7.00000 17.00000 13.00000
31.00000 30.00000 26.00000 23.00000 25.00000 22.00000 29.00000 19.00000 22.00000 25.00000 24.00000 31.00000 20.00000 23.00000 29.00000 28.00000 24.00000 29.00000 19.00000 16.00000 7.00000 30.00000 19.00000 22.00000 25.00000 23.00000 21.00000 20.00000 17.00000 14.00000 17.00000 16.00000 20.00000 15.00000 18.00000 17.00000 28.00000 29.00000 26.00000 31.00000 22.00000 19.00000 0.00000 23.00000 17.00000 2.00000 5.00000 25.00000 31.00000 29.00000 25.00000 17.00000 23.00000 28.00000 26.00000 17.00000 21.00000 30.00000 2.00000 18.00000 17.00000 24.00000 15.00000 19.00000 23.00000 29.00000 19.00000 24.00000 29.00000 23.00000 17.00000 30.00000 24.00000 20.00000 22.00000 31.00000 31.00000
16.00000 20.00000 16.00000 15.00000 3.00000 4.00000 19.00000 14.00000 14.00000 7.00000 5.00000 16.00000 15.00000 15.00000 19.00000 8.00000 15.00000 19.00000 8.00000 11.00000 27.00000 18.00000 8.00000 14.00000 9.00000 9.00000 5.00000 10.00000 8.00000 20.00000 9.00000 8.00000 6.00000 11.00000 14.00000 10.00000 18.00000 19.00000 12.00000 20.00000 7.00000 7.00000 22.00000 0.00000 11.00000 23.00000 18.00000 8.00000 20.00000 19.00000 6.00000 11.00000 15.00000 17.00000 7.00000 11.00000 13.00000 19.00000 24.00000 8.00000 11.00000 16.00000 9.00000 14.00000 7.00000 19.00000 14.00000 16.00000 19.00000 15.00000 10.00000 20.00000 6.00000 14.00000 11.00000 21.00000 16.00000
17.00000 17.00000 14.00000 17.00000 14.00000 11.00000 17.00000 16.00000 16.00000 15.00000 14.00000 17.00000 17.00000 18.00000 17.00000 16.00000 19.00000 17.00000 6.00000 4.00000 22.00000 17.00000 9.00000 16.00000 15.00000 15.00000 10.00000 7.00000 4.00000 23.00000 4.00000 5.00000 6.00000 5.00000 7.00000 3.00000 15.00000 17.00000 18.00000 18.00000 13.00000 5.00000 17.00000 12.00000 0.00000 18.00000 14.00000 14.00000 18.00000 17.00000 15.00000 3.00000 18.00000 15.00000 15.00000 4.00000 15.00000 17.00000 19.00000 5.00000 4.00000 19.00000 6.00000 16.00000 13.00000 17.00000 16.00000 18.00000 17.00000 17.00000 3.00000 18.00000 14.00000 16.00000 10.00000 19.00000 17.00000
31.00000 31.00000 27.00000 24.00000 25.00000 22.00000 30.00000 19.00000 23.00000 26.00000 25.00000 31.00000 21.00000 24.00000 30.00000 29.00000 25.00000 30.00000 20.00000 16.00000 7.00000 31.00000 19.00000 22.00000 25.00000 23.00000 22.00000 20.00000 18.00000 15.00000 18.00000 17.00000 20.00000 16.00000 18.00000 18.00000 29.00000 30.00000 27.00000 31.00000 23.00000 20.00000 2.00000 24.00000 18.00000 0.00000 6.00000 25.00000 31.00000 30.00000 26.00000 18.00000 24.00000 28.00000 26.00000 18.00000 22.00000 30.00000 1.00000 18.00000 18.00000 25.00000 16.00000 20.00000 24.00000 30.00000 20.00000 25.00000 30.00000 24.00000 18.00000 31.00000 25.00000 21.00000 23.00000 32.00000 31.00000
27.00000 26.00000 23.00000 20.00000 21.00000 18.00000 26.00000 16.00000 19.00000 22.00000 21.00000 27.00000 17.00000 20.00000 26.00000 24.00000 21.00000 26.00000 15.00000 12.00000 9.00000 27.00000 15.00000 19.00000 21.00000 20.00000 18.00000 16.00000 14.00000 12.00000 14.00000 13.00000 16.00000 11.00000 14.00000 14.00000 25.00000 26.00000 23.00000 27.00000 19.00000 16.00000 5.00000 20.00000 14.00000 5.00000 0.00000 21.00000 27.00000 26.00000 22.00000 13.00000 21.00000 24.00000 22.00000 14.00000 18.00000 26.00000 6.00000 14.00000 14.00000 22.00000 11.00000 16.00000 20.00000 26.00000 16.00000 21.00000 26.00000 20.00000 14.00000 27.00000 21.00000 18.00000 19.00000 28.00000 27.00000
20.00000 22.00000 20.00000 12.00000 7.00000 6.00000 22.00000 10.00000 10.00000 1.00000 5.00000 20.00000 12.00000 12.00000 22.00000 8.00000 10.00000 23.00000 12.00000 14.00000 25.00000 21.00000 11.00000 11.00000 4.00000 6.00000 10.00000 14.00000 12.00000 17.00000 13.00000 11.00000 11.00000 13.00000 16.00000 13.00000 22.00000 23.00000 8.00000 23.00000 4.00000 11.00000 24.00000 8.00000 14.00000 25.00000 21.00000 0.00000 24.00000 23.00000 3.00000 15.00000 13.00000 21.00000 4.00000 16.00000 10.00000 24.00000 26.00000 12.00000 16.00000 12.00000 11.00000 11.00000 2.00000 23.00000 12.00000 13.00000 22.00000 11.00000 13.00000 23.00000 5.00000 11.00000 15.00000 24.00000 20.00000
9.00000 3.00000 6.00000 31.00000 21.00000 21.00000 2.00000 29.00000 30.00000 25.00000 23.00000 9.00000 30.00000 31.00000 3.00000 21.00000 31.00000 3.00000 15.00000 17.00000 35.00000 6.00000 22.00000 29.00000 26.00000 28.00000 19.00000 14.00000 18.00000 36.00000 15.00000 18.00000 15.00000 18.00000 20.00000 17.00000 6.00000 2.00000 29.00000 2.00000 26.00000 16.00000 30.00000 21.00000 17.00000 31.00000 27.00000 25.00000 0.00000 2.00000 23.00000 17.00000 31.00000 5.00000 21.00000 17.00000 29.00000 3.00000 32.00000 18.00000 17.00000 32.00000 19.00000 29.00000 24.00000 2.00000 29.00000 32.00000 3.00000 31.00000 17.00000 1.00000 23.00000 29.00000 15.00000 2.00000 9.00000
10.00000 4.00000 5.00000 29.00000 21.00000 20.00000 3.00000 28.00000 28.00000 24.00000 22.00000 10.00000 29.00000 30.00000 3.00000 21.00000 31.00000 3.00000 13.00000 16.00000 34.00000 7.00000 21.00000 28.00000 26.00000 26.00000 18.00000 13.00000 17.00000 35.00000 14.00000 17.00000 14.00000 17.00000 19.00000 16.00000 5.00000 1.00000 29.00000 4.00000 25.00000 15.00000 29.00000 20.00000 16.00000 30.00000 26.00000 25.00000 2.00000 0.00000 23.00000 16.00000 30.00000 5.00000 21.00000 16.00000 28.00000 1.00000 31.00000 17.00000 16.00000 31.00000 18.00000 28.00000 24.00000 1.00000 28.00000 31.00000 4.00000 29.00000 16.00000 3.00000 23.00000 28.00000 13.00000 3.00000 10.00000
19.00000 20.00000 21.00000 14.00000 6.00000 8.00000 19.00000 12.00000 13.00000 5.00000 6.00000 19.00000 14.00000 14.00000 20.00000 7.00000 12.00000 21.00000 14.00000 17.00000 27.00000 18.00000 14.00000 13.00000 6.00000 9.00000 12.00000 16.00000 14.00000 19.00000 15.00000 14.00000 13.00000 16.00000 19.00000 16.00000 20.00000 22.00000 10.00000 21.00000 7.00000 13.00000 27.00000 9.00000 17.00000 28.00000 24.00000 6.00000 21.00000 22.00000 0.00000 17.00000 15.00000 19.00000 3.00000 18.00000 12.00000 22.00000 29.00000 14.00000 18.00000 14.00000 14.00000 13.00000 5.00000 22.00000 14.00000 15.00000 19.00000 13.00000 16.00000 21.00000 5.00000 13.00000 16.00000 21.00000 19.00000
17.00000 17.00000 13.00000 17.00000 14.00000 11.00000 16.00000 15.00000 16.00000 14.00000 13.00000 17.00000 17.00000 17.00000 16.00000 17.00000 18.00000 16.00000 6.00000 3.00000 21.00000 17.00000 9.00000 16.00000 15.00000 14.00000 10.00000 6.00000 5.00000 22.00000 4.00000 6.00000 6.00000 5.00000 7.00000 3.00000 15.00000 16.00000 18.00000 17.00000 13.00000 7.00000 17.00000 12.00000 4.00000 17.00000 13.00000 14.00000 17.00000 16.00000 15.00000 0.00000 17.00000 14.00000 15.00000 1.00000 15.00000 16.00000 18.00000 6.00000 1.00000 18.00000 5.00000 15.00000 13.00000 16.00000 16.00000 18.00000 16.00000 17.00000 4.00000 17.00000 14.00000 16.00000 9.00000 18.00000 17.00000
28.00000 30.00000 27.00000 1.00000 17.00000 14.00000 30.00000 6.00000 6.00000 14.00000 16.00000 28.00000 6.00000 3.00000 30.00000 18.00000 7.00000 29.00000 19.00000 18.00000 19.00000 30.00000 13.00000 4.00000 13.00000 11.00000 16.00000 21.00000 15.00000 14.00000 18.00000 15.00000 17.00000 17.00000 20.00000 17.00000 28.00000 30.00000 9.00000 31.00000 11.00000 17.00000 24.00000 16.00000 18.00000 24.00000 21.00000 14.00000 31.00000 30.00000 15.00000 19.00000 0.00000 28.00000 16.00000 19.00000 4.00000 30.00000 25.00000 16.00000 19.00000 4.00000 15.00000 10.00000 13.00000 30.00000 10.00000 2.00000 30.00000 6.00000 17.00000 31.00000 15.00000 5.00000 21.00000 32.00000 28.00000
5.00000 3.00000 5.00000 27.00000 18.00000 18.00000 2.00000 26.00000 27.00000 21.00000 19.00000 5.00000 27.00000 28.00000 3.00000 17.00000 28.00000 4.00000 12.00000 14.00000 32.00000 3.00000 19.00000 26.00000 23.00000 24.00000 16.00000 11.00000 15.00000 33.00000 12.00000 15.00000 12.00000 15.00000 17.00000 14.00000 2.00000 5.00000 26.00000 4.00000 23.00000 13.00000 27.00000 18.00000 14.00000 28.00000 24.00000 22.00000 4.00000 5.00000 20.00000 14.00000 28.00000 0.00000 18.00000 14.00000 26.00000 5.00000 29.00000 15.00000 14.00000 29.00000 16.00000 26.00000 20.00000 5.00000 26.00000 29.00000 2.00000 28.00000 14.00000 4.00000 19.00000 26.00000 12.00000 4.00000 5.00000
16.00000 20.00000 18.00000 14.00000 3.00000 6.00000 19.00000 12.00000 12.00000 5.00000 3.00000 16.00000 14.00000 14.00000 20.00000 4.00000 12.00000 21.00000 12.00000 15.00000 26.00000 18.00000 12.00000 13.00000 6.00000 8.00000 9.00000 14.00000 12.00000 19.00000 13.00000 12.00000 11.00000 14.00000 17.00000 14.00000 19.00000 21.00000 9.00000 20.00000 6.00000 11.00000 25.00000 6.00000 15.00000 26.00000 22.00000 5.00000 21.00000 21.00000 4.00000 15.00000 14.00000 18.00000 0.00000 15.00000 12.00000 22.00000 27.00000 12.00000 15.00000 14.00000 12.00000 13.00000 4.00000 21.00000 13.00000 15.00000 19.00000 12.00000 14.00000 21.00000 3.00000 13.00000 13.00000 21.00000 16.00000
18.00000 17.00000 14.00000 17.00000 14.00000 11.00000 17.00000 16.00000 16.00000 15.00000 14.00000 18.00000 17.00000 18.00000 17.00000 17.00000 19.00000 17.00000 6.00000 4.00000 22.00000 17.00000 9.00000 16.00000 15.00000 15.00000 11.00000 7.00000 5.00000 23.00000 4.00000 6.00000 7.00000 5.00000 7.00000 4.00000 15.00000 17.00000 18.00000 18.00000 13.00000 7.00000 17.00000 13.00000 4.00000 18.00000 14.00000 14.00000 18.00000 17.00000 15.00000 1.00000 18.00000 15.00000 15.00000 0.00000 15.00000 17.00000 19.00000 6.00000 2.00000 19.00000 6.00000 16.00000 13.00000 17.00000 16.00000 18.00000 17.00000 17.00000 4.00000 18.00000 14.00000 16.00000 10.00000 19.00000 18.00000
25.00000 27.00000 24.00000 3.00000 14.00000 11.00000 27.00000 3.00000 3.00000 11.00000 13.00000 25.00000 3.00000 4.00000 27.00000 15.00000 6.00000 27.00000 16.00000 15.00000 20.00000 27.00000 10.00000 3.00000 11.00000 8.00000 13.00000 18.00000 12.00000 12.00000 15.00000 12.00000 14.00000 14.00000 17.00000 14.00000 25.00000 27.00000 8.00000 28.00000 9.00000 14.00000 21.00000 13.00000 15.00000 21.00000 18.00000 11.00000 28.00000 27.00000 13.00000 16.00000 4.00000 25.00000 13.00000 16.00000 0.00000 27.00000 22.00000 13.00000 17.00000 5.00000 12.00000 7.00000 10.00000 27.00000 7.00000 4.00000 27.00000 5.00000 14.00000 28.00000 12.00000 2.00000 18.00000 29.00000 25.00000
10.00000 4.00000 5.00000 30.00000 21.00000 20.00000 3.00000 28.00000 29.00000 24.00000 22.00000 10.00000 29.00000 30.00000 3.00000 21.00000 31.00000 3.00000 14.00000 16.00000 34.00000 8.00000 21.00000 29.00000 26.00000 27.00000 18.00000 13.00000 17.00000 35.00000 14.00000 17.00000 14.00000 17.00000 20.00000 16.00000 6.00000 1.00000 29.00000 4.00000 25.00000 15.00000 30.00000 20.00000 16.00000 30.00000 26.00000 25.00000 3.00000 1.00000 24.00000 16.00000 30.00000 5.00000 21.00000 17.00000 28.00000 0.00000 31.00000 17.00000 17.00000 31.00000 18.00000 28.00000 24.00000 1.00000 28.00000 31.00000 4.00000 30.00000 16.00000 3.00000 23.00000 29.00000 14.00000 3.00000 10.00000
32.00000 31.00000 28.00000 24.00000 26.00000 23.00000 31.00000 20.00000 23.00000 27.00000 26.00000 32.00000 22.00000 25.00000 31.00000 29.00000 26.00000 31.00000 20.00000 17.00000 8.00000 32.00000 20.00000 23.00000 26.00000 24.00000 23.00000 21.00000 19.00000 16.00000 19.00000 18.00000 21.00000 16.00000 19.00000 19.00000 30.00000 31.00000 27.00000 32.00000 24.00000 21.00000 2.00000 25.00000 19.00000 1.00000 6.00000 26.00000 32.00000 31.00000 27.00000 18.00000 25.00000 29.00000 27.00000 19.00000 23.00000 31.00000 0.00000 19.00000 19.00000 26.00000 16.00000 21.00000 25.00000 31.00000 21.00000 26.00000 31.00000 24.00000 19.00000 32.00000 26.00000 22.00000 24.00000 33.00000 32.00000
15.00000 17.00000 13.00000 15.00000 11.00000 9.00000 16.00000 13.00000 14.00000 12.00000 11.00000 15.00000 15.00000 15.00000 16.00000 14.00000 16.00000 16.00000 5.00000 6.00000 22.00000 17.00000 7.00000 14.00000 13.00000 12.00000 8.00000 7.00000 2.00000 20.00000 6.00000 2.00000 4.00000 6.00000 9.00000 4.00000 15.00000 16.00000 16.00000 18.00000 11.00000 3.00000 18.00000 9.00000 5.00000 18.00000 14.00000 12.00000 18.00000 16.00000 13.00000 6.00000 15.00000 14.00000 13.00000 6.00000 13.00000 17.00000 19.00000 0.00000 7.00000 16.00000 4.00000 13.00000 11.00000 16.00000 14.00000 16.00000 16.00000 15.00000 4.00000 17.00000 12.00000 14.00000 8.00000 18.00000 15.00000
18.00000 17.00000 14.00000 17.00000 14.00000 12.00000 17.00000 16.00000 16.00000 15.00000 14.00000 18.00000 17.00000 18.00000 17.00000 17.00000 19.00000 17.00000 6.00000 4.00000 22.00000 18.00000 9.00000 16.00000 15.00000 15.00000 11.00000 7.00000 6.00000 23.00000 4.00000 6.00000 7.00000 5.00000 7.00000 4.00000 16.00000 17.00000 18.00000 18.00000 13.00000 7.00000 17.00000 13.00000 4.00000 18.00000 14.00000 15.00000 18.00000 17.00000 15.00000 1.00000 18.00000 15.00000 16.00000 2.00000 16.00000 17.00000 19.00000 7.00000 0.00000 19.00000 6.00000 16.00000 13.00000 17.00000 16.00000 19.00000 17.00000 17.00000 4.00000 18.00000 14.00000 16.00000 10.00000 19.00000 18.00000
29.00000 31.00000 27.00000 4.00000 16.00000 15.00000 30.00000 7.00000 4.00000 12.00000 14.00000 29.00000 7.00000 2.00000 30.00000 17.00000 3.00000 30.00000 19.00000 18.00000 22.00000 31.00000 14.00000 3.00000 11.00000 10.00000 17.00000 21.00000 16.00000 16.00000 19.00000 15.00000 18.00000 18.00000 21.00000 18.00000 29.00000 30.00000 6.00000 32.00000 10.00000 18.00000 24.00000 17.00000 19.00000 25.00000 22.00000 12.00000 32.00000 30.00000 14.00000 20.00000 4.00000 29.00000 15.00000 20.00000 5.00000 31.00000 26.00000 16.00000 20.00000 0.00000 15.00000 11.00000 12.00000 30.00000 11.00000 4.00000 30.00000 3.00000 18.00000 31.00000 13.00000 6.00000 22.00000 32.00000 29.00000
19.00000 18.00000 14.00000 14.00000 13.00000 10.00000 17.00000 13.00000 14.00000 13.00000 12.00000 19.00000 14.00000 15.00000 17.00000 16.00000 16.00000 17.00000 7.00000 4.00000 18.00000 18.00000 7.00000 13.00000 13.00000 11.00000 9.00000 8.00000 5.00000 20.00000 5.00000 4.00000 8.00000 3.00000 6.00000 5.00000 16.00000 17.00000 15.00000 19.00000 10.00000 7.00000 14.00000 11.00000 5.00000 15.00000 10.00000 13.00000 19.00000 17.00000 13.00000 5.00000 15.00000 15.00000 14.00000 5.00000 13.00000 18.00000 15.00000 5.00000 5.00000 16.00000 0.00000 13.00000 11.00000 17.00000 13.00000 16.00000 17.00000 15.00000 5.00000 18.00000 12.00000 13.00000 10.00000 19.00000 19.00000
24.00000 26.00000 23.00000 9.00000 13.00000 10.00000 26.00000 5.00000 8.00000 11.00000 13.00000 24.00000 7.00000 10.00000 26.00000 16.00000 10.00000 26.00000 15.00000 14.00000 18.00000 26.00000 10.00000 8.00000 11.00000 8.00000 12.00000 17.00000 12.00000 11.00000 15.00000 11.00000 13.00000 13.00000 16.00000 13.00000 25.00000 26.00000 12.00000 27.00000 9.00000 13.00000 19.00000 12.00000 14.00000 20.00000 16.00000 11.00000 27.00000 26.00000 13.00000 15.00000 10.00000 24.00000 13.00000 15.00000 8.00000 26.00000 21.00000 12.00000 16.00000 11.00000 11.00000 0.00000 11.00000 26.00000 2.00000 11.00000 26.00000 10.00000 13.00000 27.00000 12.00000 7.00000 17.00000 28.00000 24.00000
20.00000 23.00000 20.00000 11.00000 6.00000 6.00000 22.00000 9.00000 10.00000 2.00000 5.00000 20.00000 11.00000 12.00000 23.00000 7.00000 9.00000 23.00000 12.00000 13.00000 24.00000 21.00000 10.00000 10.00000 4.00000 5.00000 10.00000 14.00000 11.00000 16.00000 13.00000 10.00000 11.00000 12.00000 15.00000 12.00000 22.00000 23.00000 7.00000 23.00000 4.00000 11.00000 23.00000 7.00000 13.00000 24.00000 20.00000 2.00000 24.00000 23.00000 4.00000 14.00000 12.00000 21.00000 4.00000 15.00000 9.00000 24.00000 25.00000 11.00000 15.00000 11.00000 10.00000 11.00000 0.00000 23.00000 11.00000 12.00000 22.00000 10.00000 12.00000 23.00000 4.00000 10.00000 15.00000 24.00000 20.00000
10.00000 4.00000 5.00000 29.00000 21.00000 20.00000 3.00000 28.00000 28.00000 24.00000 22.00000 10.00000 29.00000 30.00000 3.00000 21.00000 31.00000 3.00000 13.00000 16.00000 34.00000 7.00000 21.00000 28.00000 26.00000 26.00000 18.00000 13.00000 17.00000 35.00000 14.00000 17.00000 14.00000 17.00000 19.00000 16.00000 6.00000 1.00000 29.00000 4.00000 25.00000 15.00000 29.00000 20.00000 16.00000 30.00000 26.00000 25.00000 2.00000 1.00000 23.00000 16.00000 30.00000 5.00000 21.00000 16.00000 28.00000 1.00000 31.00000 17.00000 16.00000 31.00000 18.00000 28.00000 24.00000 0.00000 28.00000 31.00000 4.00000 30.00000 16.00000 3.00000 23.00000 28.00000 14.00000 3.00000 10.00000
25.00000 27.00000 23.00000 10.00000 14.00000 10.00000 26.00000 6.00000 9.00000 12.00000 13.00000 25.00000 7.00000 10.00000 26.00000 16.00000 10.00000 26.00000 15.00000 14.00000 19.00000 27.00000 10.00000 9.00000 11.00000 9.00000 13.00000 17.00000 12.00000 11.00000 15.00000 11.00000 14.00000 13.00000 16.00000 13.00000 25.00000 26.00000 12.00000 27.00000 9.00000 14.00000 19.00000 12.00000 14.00000 20.00000 17.00000 11.00000 27.00000 26.00000 13.00000 15.00000 10.00000 24.00000 14.00000 16.00000 8.00000 26.00000 21.00000 12.00000 16.00000 11.00000 11.00000 2.00000 11.00000 26.00000 0.00000 11.00000 26.00000 10.00000 13.00000 27.00000 12.00000 7.00000 18.00000 28.00000 25.00000
28.00000 30.00000 27.00000 2.00000 17.00000 14.00000 30.00000 6.00000 6.00000 14.00000 16.00000 28.00000 6.00000 3.00000 30.00000 18.00000 7.00000 30.00000 19.00000 18.00000 20.00000 30.00000 14.00000 4.00000 13.00000 11.00000 16.00000 21.00000 16.00000 15.00000 19.00000 15.00000 17.00000 17.00000 20.00000 17.00000 29.00000 30.00000 10.00000 31.00000 12.00000 17.00000 24.00000 16.00000 18.00000 25.00000 21.00000 14.00000 31.00000 30.00000 16.00000 19.00000 1.00000 28.00000 16.00000 19.00000 4.00000 30.00000 25.00000 16.00000 20.00000 4.00000 15.00000 10.00000 14.00000 30.00000 10.00000 0.00000 30.00000 6.00000 17.00000 31.00000 15.00000 5.00000 22.00000 32.00000 28.00000
7.00000 2.00000 6.00000 30.00000 19.00000 20.00000 1.00000 28.00000 29.00000 23.00000 21.00000 7.00000 30.00000 30.00000 2.00000 19.00000 29.00000 3.00000 14.00000 16.00000 34.00000 4.00000 22.00000 29.00000 24.00000 26.00000 18.00000 13.00000 17.00000 35.00000 14.00000 17.00000 14.00000 18.00000 20.00000 16.00000 4.00000 4.00000 27.00000 2.00000 24.00000 15.00000 30.00000 20.00000 16.00000 30.00000 26.00000 23.00000 3.00000 4.00000 21.00000 16.00000 30.00000 3.00000 19.00000 17.00000 28.00000 4.00000 31.00000 17.00000 17.00000 31.00000 18.00000 28.00000 22.00000 4.00000 29.00000 31.00000 0.00000 30.00000 16.00000 3.00000 21.00000 29.00000 14.00000 4.00000 7.00000
27.00000 29.00000 26.00000 6.00000 14.00000 13.00000 29.00000 5.00000 3.00000 11.00000 13.00000 27.00000 5.00000 4.00000 29.00000 15.00000 4.00000 29.00000 18.00000 17.00000 22.00000 29.00000 12.00000 4.00000 9.00000 8.00000 15.00000 20.00000 14.00000 14.00000 17.00000 14.00000 16.00000 16.00000 19.00000 16.00000 27.00000 29.00000 6.00000 30.00000 9.00000 16.00000 23.00000 15.00000 17.00000 23.00000 20.00000 11.00000 30.00000 29.00000 13.00000 18.00000 5.00000 27.00000 13.00000 18.00000 4.00000 29.00000 24.00000 15.00000 18.00000 4.00000 14.00000 9.00000 10.00000 29.00000 9.00000 6.00000 29.00000 0.00000 16.00000 30.00000 12.00000 5.00000 20.00000 31.00000 27.00000
16.00000 17.00000 13.00000 16.00000 13.00000 10.00000 16.00000 15.00000 15.00000 14.00000 13.00000 16.00000 16.00000 17.00000 16.00000 15.00000 18.00000 16.00000 5.00000 4.00000 22.00000 17.00000 8.00000 15.00000 14.00000 14.00000 9.00000 7.00000 3.00000 22.00000 4.00000 4.00000 5.00000 5.00000 7.00000 1.00000 15.00000 16.00000 17.00000 17.00000 12.00000 4.00000 17.00000 11.00000 3.00000 18.00000 14.00000 13.00000 17.00000 16.00000 14.00000 3.00000 17.00000 14.00000 15.00000 4.00000 15.00000 16.00000 19.00000 4.00000 4.00000 18.00000 6.00000 15.00000 12.00000 16.00000 15.00000 17.00000 16.00000 16.00000 0.00000 17.00000 13.00000 15.00000 9.00000 18.00000 16.00000
9.00000 3.00000 6.00000 30.00000 21.00000 21.00000 2.00000 29.00000 29.00000 25.00000 23.00000 9.00000 30.00000 31.00000 2.00000 21.00000 31.00000 3.00000 14.00000 17.00000 35.00000 6.00000 22.00000 29.00000 26.00000 27.00000 19.00000 14.00000 18.00000 36.00000 15.00000 18.00000 15.00000 18.00000 20.00000 17.00000 6.00000 3.00000 29.00000 3.00000 26.00000 16.00000 30.00000 21.00000 17.00000 31.00000 27.00000 25.00000 1.00000 3.00000 23.00000 17.00000 31.00000 4.00000 21.00000 17.00000 29.00000 3.00000 32.00000 17.00000 17.00000 32.00000 19.00000 29.00000 24.00000 3.00000 29.00000 31.00000 3.00000 30.00000 17.00000 0.00000 23.00000 29.00000 14.00000 3.00000 9.00000
16.00000 20.00000 19.00000 15.00000 3.00000 6.00000 19.00000 13.00000 13.00000 6.00000 4.00000 16.00000 14.00000 15.00000 20.00000 4.00000 12.00000 21.00000 12.00000 15.00000 27.00000 18.00000 13.00000 14.00000 7.00000 9.00000 9.00000 14.00000 13.00000 20.00000 13.00000 13.00000 11.00000 15.00000 18.00000 14.00000 19.00000 22.00000 10.00000 21.00000 7.00000 11.00000 26.00000 6.00000 15.00000 27.00000 22.00000 6.00000 21.00000 22.00000 5.00000 15.00000 15.00000 18.00000 3.00000 16.00000 13.00000 22.00000 27.00000 12.00000 16.00000 14.00000 13.00000 14.00000 5.00000 22.00000 14.00000 16.00000 19.00000 13.00000 14.00000 21.00000 0.00000 14.00000 13.00000 21.00000 16.00000
25.00000 27.00000 24.00000 7.00000 14.00000 11.00000 27.00000 3.00000 6.00000 11.00000 13.00000 25.00000 2.00000 7.00000 27.00000 15.00000 8.00000 27.00000 16.00000 15.00000 20.00000 27.00000 11.00000 5.00000 11.00000 8.00000 13.00000 18.00000 13.00000 11.00000 16.00000 12.00000 14.00000 14.00000 17.00000 14.00000 26.00000 27.00000 10.00000 28.00000 9.00000 14.00000 20.00000 13.00000 15.00000 21.00000 17.00000 11.00000 28.00000 27.00000 13.00000 16.00000 7.00000 25.00000 13.00000 16.00000 5.00000 27.00000 22.00000 13.00000 17.00000 8.00000 12.00000 7.00000 10.00000 27.00000 7.00000 8.00000 27.00000 7.00000 14.00000 28.00000 12.00000 0.00000 19.00000 29.00000 25.00000
10.00000 14.00000 10.00000 22.00000 13.00000 12.00000 13.00000 21.00000 21.00000 16.00000 14.00000 10.00000 22.00000 22.00000 13.00000 16.00000 23.00000 13.00000 4.00000 9.00000 27.00000 12.00000 14.00000 21.00000 18.00000 18.00000 10.00000 7.00000 9.00000 27.00000 7.00000 9.00000 6.00000 11.00000 13.00000 9.00000 12.00000 13.00000 22.00000 14.00000 17.00000 7.00000 23.00000 12.00000 9.00000 23.00000 19.00000 17.00000 15.00000 13.00000 16.00000 9.00000 22.00000 11.00000 15.00000 10.00000 20.00000 14.00000 24.00000 9.00000 10.00000 23.00000 11.00000 21.00000 16.00000 13.00000 21.00000 23.00000 13.00000 22.00000 9.00000 14.00000 15.00000 21.00000 0.00000 15.00000 10.00000
9.00000 3.00000 7.00000 31.00000 21.00000 22.00000 4.00000 30.00000 30.00000 25.00000 23.00000 9.00000 31.00000 32.00000 4.00000 21.00000 31.00000 4.00000 15.00000 18.00000 36.00000 6.00000 23.00000 30.00000 26.00000 28.00000 20.00000 15.00000 19.00000 37.00000 16.00000 19.00000 16.00000 19.00000 21.00000 18.00000 6.00000 3.00000 29.00000 3.00000 26.00000 17.00000 31.00000 22.00000 18.00000 32.00000 28.00000 25.00000 2.00000 3.00000 23.00000 18.00000 32.00000 4.00000 21.00000 18.00000 30.00000 4.00000 33.00000 19.00000 18.00000 33.00000 20.00000 30.00000 24.00000 3.00000 30.00000 33.00000 4.00000 32.00000 18.00000 3.00000 23.00000 30.00000 16.00000 0.00000 9.00000
0.00000 7.00000 8.00000 27.00000 15.00000 17.00000 6.00000 26.00000 26.00000 19.00000 17.00000 0.00000 27.00000 28.00000 7.00000 15.00000 25.00000 8.00000 12.00000 17.00000 35.00000 5.00000 20.00000 26.00000 20.00000 22.00000 14.00000 14.00000 16.00000 33.00000 15.00000 16.00000 14.00000 18.00000 20.00000 17.00000 7.00000 9.00000 23.00000 8.00000 20.00000 14.00000 30.00000 16.00000 17.00000 31.00000 27.00000 19.00000 8.00000 9.00000 18.00000 17.00000 28.00000 5.00000 15.00000 17.00000 26.00000 9.00000 32.00000 16.00000 17.00000 27.00000 19.00000 26.00000 18.00000 9.00000 26.00000 28.00000 7.00000 26.00000 17.00000 8.00000 17.00000 26.00000 10.00000 8.00000 0.00000
p
0.0 0.0 0.0 0.0 0.0 0.0 
0.0 0.0 0.0 0.0 0.0 0.0 
0.0 0.0 0.0 0.0 0.0 0.0 
0.0 0.0 0.0 0.0 0.0 0.0 
0.0 0.0 0.0 0.0 0.0 0.0 
0.0 0.0 0.0 0.0 0.0 0.0 
0.0 0.0 0.0 0.0 0.0 0.0 
0.0 0.0 0.0 0.0 0.0 0.0 
0.0 0.0 0.0 0.0 0.0 0.0 
0.0 0.0 0.0 0.0 0.0 0.0 
0.0 0.0 0.0 0.0 0.0 0.0 
0.0 0.0 0.0 0.0 0.0 0.0 
0.0 0.0 0.0 0.0 0.0 0.0 
0.0 0.0 0.0 0.0 0.0 0.0 
0.0 0.0 0.0 0.0 0.0 0.0 
0 0 0 0 51 0 
0 0 0 0 51 0 
0 0 0 0 51 0 
0 0 0 0 51 0 
0 0 0 0 51 0 
0 0 0 0 51 0 
0 0 0 0 51 0 
0 0 0 0 51 0 
0 0 0 0 51 0 
0 0 0 0 51 0 
0 0 0 0 51 0 
0 0 0 0 51 0 
0 0 0 0 51 0 
0 0 0 0 51 0 
0 0 0 0 51 0 
55 0 0 0 57 0 
55 0 0 0 57 0 
55 0 0 0 57 0 
55 0 0 0 57 0 
55 0 0 0 57 0 
55 0 0 0 57 0 
55 0 0 0 57 0 
55 0 0 0 57 0 
55 0 0 0 57 0 
55 0 0 0 57 0 
55 0 0 0 57 0 
55 0 0 0 57 0 
55 0 0 0 57 0 
55 0 0 0 57 0 
55 0 0 0 57 0 
0 0 34 0 0 0 
0 0 34 0 0 0 
0 0 34 0 0 0 
0 0 34 0 0 0 
0 0 34 0 0 0 
0 0 34 0 0 0 
0 0 34 0 0 0 
0 0 34 0 0 0 
0 0 34 0 0 0 
0 0 34 0 0 0 
0 0 34 0 0 0 
0 0 34 0 0 0 
0 0 34 0 0 0 
0 0 34 0 0 0 
0 0 34 0 0 0 
36 0 0 45 0 0 
36 0 0 45 0 0 
36 0 0 45 0 0 
36 0 0 45 0 0 
36 0 0 45 0 0 
36 0 0 45 0 0 
36 0 0 45 0 0 
36 0 0 45 0 0 
36 0 0 45 0 0 
36 0 0 45 0 0 
36 0 0 45 0 0 
36 0 0 45 0 0 
36 0 0 45 0 0 
36 0 0 45 0 0 
36 0 0 45 0 0 
0 0 30 0 0 43 
0 0 30 0 0 43 
0 0 30 0 0 43 
0 0 30 0 0 43 
0 0 30 0 0 43 
0 0 30 0 0 43 
0 0 30 0 0 43 
0 0 30 0 0 43 
0 0 30 0 0 43 
0 0 30 0 0 43 
0 0 30 0 0 43 
0 0 30 0 0 43 
0 0 30 0 0 43 
0 0 30 0 0 43 
0 0 30 0 0 43 
0 0 20 0 0 0 
0 0 20 0 0 0 
0 0 20 0 0 0 
0 0 20 0 0 0 
0 0 20 0 0 0 
0 0 20 0 0 0 
0 0 20 0 0 0 
0 0 20 0 0 0 
0 0 20 0 0 0 
0 0 20 0 0 0 
0 0 20 0 0 0 
0 0 20 0 0 0 
0 0 20 0 0 0 
0 0 20 0 0 0 
0 0 20 0 0 0 
0 55 0 0 0 0 
0 55 0 0 0 0 
0 55 0 0 0 0 
0 55 0 0 0 0 
0 55 0 0 0 0 
0 55 0 0 0 0 
0 55 0 0 0 0 
0 55 0 0 0 0 
0 55 0 0 0 0 
0 55 0 0 0 0 
0 55 0 0 0 0 
0 55 0 0 0 0 
0 55 0 0 0 0 
0 55 0 0 0 0 
0 55 0 0 0 0 
0 28 0 0 0 0 
0 28 0 0 0 0 
0 28 0 0 0 0 
0 28 0 0 0 0 
0 28 0 0 0 0 
0 28 0 0 0 0 
0 28 0 0 0 0 
0 28 0 0 0 0 
0 28 0 0 0 0 
0 28 0 0 0 0 
0 28 0 0 0 0 
0 28 0 0 0 0 
0 28 0 0 0 0 
0 28 0 0 0 0 
0 28 0 0 0 0 
0 38 0 0 29 0 
0 38 0 0 29 0 
0 38 0 0 29 0 
0 38 0 0 29 0 
0 38 0 0 29 0 
0 38 0 0 29 0 
0 38 0 0 29 0 
0 38 0 0 29 0 
0 38 0 0 29 0 
0 38 0 0 29 0 
0 38 0 0 29 0 
0 38 0 0 29 0 
0 38 0 0 29 0 
0 38 0 0 29 0 
0 38 0 0 29 0 
37 0 0 0 0 0 
37 0 0 0 0 0 
37 0 0 0 0 0 
37 0 0 0 0 0 
37 0 0 0 0 0 
37 0 0 0 0 0 
37 0 0 0 0 0 
37 0 0 0 0 0 
37 0 0 0 0 0 
37 0 0 0 0 0 
37 0 0 0 0 0 
37 0 0 0 0 0 
37 0 0 0 0 0 
37 0 0 0 0 0 
37 0 0 0 0 0 
27 0 0 0 0 24 
27 0 0 0 0 24 
27 0 0 0 0 24 
27 0 0 0 0 24 
27 0 0 0 0 24 
27 0 0 0 0 24 
27 0 0 0 0 24 
27 0 0 0 0 24 
27 0 0 0 0 24 
27 0 0 0 0 24 
27 0 0 0 0 24 
27 0 0 0 0 24 
27 0 0 0 0 24 
27 0 0 0 0 24 
27 0 0 0 0 24 
0 0 0 0 0 19 
0 0 0 0 0 19 
0 0 0 0 0 19 
0 0 0 0 0 19 
0 0 0 0 0 19 
0 0 0 0 0 19 
0 0 0 0 0 19 
0 0 0 0 0 19 
0 0 0 0 0 19 
0 0 0 0 0 19 
0 0 0 0 0 19 
0 0 0 0 0 19 
0 0 0 0 0 19 
0 0 0 0 0 19 
0 0 0 0 0 19 
0 0 0 0 0 50 
0 0 0 0 0 50 
0 0 0 0 0 50 
0 0 0 0 0 50 
0 0 0 0 0 50 
0 0 0 0 0 50 
0 0 0 0 0 50 
0 0 0 0 0 50 
0 0 0 0 0 50 
0 0 0 0 0 50 
0 0 0 0 0 50 
0 0 0 0 0 50 
0 0 0 0 0 50 
0 0 0 0 0 50 
0 0 0 0 0 50 
17 0 0 0 0 0 
17 0 0 0 0 0 
17 0 0 0 0 0 
17 0 0 0 0 0 
17 0 0 0 0 0 
17 0 0 0 0 0 
17 0 0 0 0 0 
17 0 0 0 0 0 
17 0 0 0 0 0 
17 0 0 0 0 0 
17 0 0 0 0 0 
17 0 0 0 0 0 
17 0 0 0 0 0 
17 0 0 0 0 0 
17 0 0 0 0 0 
0 0 20 0 0 0 
0 0 20 0 0 0 
0 0 20 0 0 0 
0 0 20 0 0 0 
0 0 20 0 0 0 
0 0 20 0 0 0 
0 0 20 0 0 0 
0 0 20 0 0 0 
0 0 20 0 0 0 
0 0 20 0 0 0 
0 0 20 0 0 0 
0 0 20 0 0 0 
0 0 20 0 0 0 
0 0 20 0 0 0 
0 0 20 0 0 0 
0 0 0 0 60 0 
0 0 0 0 60 0 
0 0 0 0 60 0 
0 0 0 0 60 0 
0 0 0 0 60 0 
0 0 0 0 60 0 
0 0 0 0 60 0 
0 0 0 0 60 0 
0 0 0 0 60 0 
0 0 0 0 60 0 
0 0 0 0 60 0 
0 0 0 0 60 0 
0 0 0 0 60 0 
0 0 0 0 60 0 
0 0 0 0 60 0 
47 0 0 0 0 0 
47 0 0 0 0 0 
47 0 0 0 0 0 
47 0 0 0 0 0 
47 0 0 0 0 0 
47 0 0 0 0 0 
47 0 0 0 0 0 
47 0 0 0 0 0 
47 0 0 0 0 0 
47 0 0 0 0 0 
47 0 0 0 0 0 
47 0 0 0 0 0 
47 0 0 0 0 0 
47 0 0 0 0 0 
47 0 0 0 0 0 
0 22 0 39 0 0 
0 22 0 39 0 0 
0 22 0 39 0 0 
0 22 0 39 0 0 
0 22 0 39 0 0 
0 22 0 39 0 0 
0 22 0 39 0 0 
0 22 0 39 0 0 
0 22 0 39 0 0 
0 22 0 39 0 0 
0 22 0 39 0 0 
0 22 0 39 0 0 
0 22 0 39 0 0 
0 22 0 39 0 0 
0 22 0 39 0 0 
0 36 0 0 0 0 
0 36 0 0 0 0 
0 36 0 0 0 0 
0 36 0 0 0 0 
0 36 0 0 0 0 
0 36 0 0 0 0 
0 36 0 0 0 0 
0 36 0 0 0 0 
0 36 0 0 0 0 
0 36 0 0 0 0 
0 36 0 0 0 0 
0 36 0 0 0 0 
0 36 0 0 0 0 
0 36 0 0 0 0 
0 36 0 0 0 0 
0 0 0 0 53 0 
0 0 0 0 53 0 
0 0 0 0 53 0 
0 0 0 0 53 0 
0 0 0 0 53 0 
0 0 0 0 53 0 
0 0 0 0 53 0 
0 0 0 0 53 0 
0 0 0 0 53 0 
0 0 0 0 53 0 
0 0 0 0 53 0 
0 0 0 0 53 0 
0 0 0 0 53 0 
0 0 0 0 53 0 
0 0 0 0 53 0 
0 0 0 0 0 25 
0 0 0 0 0 25 
0 0 0 0 0 25 
0 0 0 0 0 25 
0 0 0 0 0 25 
0 0 0 0 0 25 
0 0 0 0 0 25 
0 0 0 0 0 25 
0 0 0 0 0 25 
0 0 0 0 0 25 
0 0 0 0 0 25 
0 0 0 0 0 25 
0 0 0 0 0 25 
0 0 0 0 0 25 
0 0 0 0 0 25 
22 0 0 57 0 0 
22 0 0 57 0 0 
22 0 0 57 0 0 
22 0 0 57 0 0 
22 0 0 57 0 0 
22 0 0 57 0 0 
22 0 0 57 0 0 
22 0 0 57 0 0 
22 0 0 57 0 0 
22 0 0 57 0 0 
22 0 0 57 0 0 
22 0 0 57 0 0 
22 0 0 57 0 0 
22 0 0 57 0 0 
22 0 0 57 0 0 
48 0 0 0 52 0 
48 0 0 0 52 0 
48 0 0 0 52 0 
48 0 0 0 52 0 
48 0 0 0 52 0 
48 0 0 0 52 0 
48 0 0 0 52 0 
48 0 0 0 52 0 
48 0 0 0 52 0 
48 0 0 0 52 0 
48 0 0 0 52 0 
48 0 0 0 52 0 
48 0 0 0 52 0 
48 0 0 0 52 0 
48 0 0 0 52 0 
0 0 0 0 0 45 
0 0 0 0 0 45 
0 0 0 0 0 45 
0 0 0 0 0 45 
0 0 0 0 0 45 
0 0 0 0 0 45 
0 0 0 0 0 45 
0 0 0 0 0 45 
0 0 0 0 0 45 
0 0 0 0 0 45 
0 0 0 0 0 45 
0 0 0 0 0 45 
0 0 0 0 0 45 
0 0 0 0 0 45 
0 0 0 0 0 45 
0 0 52 0 0 0 
0 0 52 0 0 0 
0 0 52 0 0 0 
0 0 52 0 0 0 
0 0 52 0 0 0 
0 0 52 0 0 0 
0 0 52 0 0 0 
0 0 52 0 0 0 
0 0 52 0 0 0 
0 0 52 0 0 0 
0 0 52 0 0 0 
0 0 52 0 0 0 
0 0 52 0 0 0 
0 0 52 0 0 0 
0 0 52 0 0 0 
0 0 49 0 0 0 
0 0 49 0 0 0 
0 0 49 0 0 0 
0 0 49 0 0 0 
0 0 49 0 0 0 
0 0 49 0 0 0 
0 0 49 0 0 0 
0 0 49 0 0 0 
0 0 49 0 0 0 
0 0 49 0 0 0 
0 0 49 0 0 0 
0 0 49 0 0 0 
0 0 49 0 0 0 
0 0 49 0 0 0 
0 0 49 0 0 0 
0 0 0 25 0 0 
0 0 0 25 0 0 
0 0 0 25 0 0 
0 0 0 25 0 0 
0 0 0 25 0 0 
0 0 0 25 0 0 
0 0 0 25 0 0 
0 0 0 25 0 0 
0 0 0 25 0 0 
0 0 0 25 0 0 
0 0 0 25 0 0 
0 0 0 25 0 0 
0 0 0 25 0 0 
0 0 0 25 0 0 
0 0 0 25 0 0 
0 0 0 33 0 0 
0 0 0 33 0 0 
0 0 0 33 0 0 
0 0 0 33 0 0 
0 0 0 33 0 0 
0 0 0 33 0 0 
0 0 0 33 0 0 
0 0 0 33 0 0 
0 0 0 33 0 0 
0 0 0 33 0 0 
0 0 0 33 0 0 
0 0 0 33 0 0 
0 0 0 33 0 0 
0 0 0 33 0 0 
0 0 0 33 0 0 
0 0 20 0 23 0 
0 0 20 0 23 0 
0 0 20 0 23 0 
0 0 20 0 23 0 
0 0 20 0 23 0 
0 0 20 0 23 0 
0 0 20 0 23 0 
0 0 20 0 23 0 
0 0 20 0 23 0 
0 0 20 0 23 0 
0 0 20 0 23 0 
0 0 20 0 23 0 
0 0 20 0 23 0 
0 0 20 0 23 0 
0 0 20 0 23 0 
0 23 0 23 0 0 
0 23 0 23 0 0 
0 23 0 23 0 0 
0 23 0 23 0 0 
0 23 0 23 0 0 
0 23 0 23 0 0 
0 23 0 23 0 0 
0 23 0 23 0 0 
0 23 0 23 0 0 
0 23 0 23 0 0 
0 23 0 23 0 0 
0 23 0 23 0 0 
0 23 0 23 0 0 
0 23 0 23 0 0 
0 23 0 23 0 0 
0 0 0 49 0 0 
0 0 0 49 0 0 
0 0 0 49 0 0 
0 0 0 49 0 0 
0 0 0 49 0 0 
0 0 0 49 0 0 
0 0 0 49 0 0 
0 0 0 49 0 0 
0 0 0 49 0 0 
0 0 0 49 0 0 
0 0 0 49 0 0 
0 0 0 49 0 0 
0 0 0 49 0 0 
0 0 0 49 0 0 
0 0 0 49 0 0 
0 0 0 0 0 48 
0 0 0 0 0 48 
0 0 0 0 0 48 
0 0 0 0 0 48 
0 0 0 0 0 48 
0 0 0 0 0 48 
0 0 0 0 0 48 
0 0 0 0 0 48 
0 0 0 0 0 48 
0 0 0 0 0 48 
0 0 0 0 0 48 
0 0 0 0 0 48 
0 0 0 0 0 48 
0 0 0 0 0 48 
0 0 0 0 0 48 
0 22 0 0 0 0 
0 22 0 0 0 0 
0 22 0 0 0 0 
0 22 0 0 0 0 
0 22 0 0 0 0 
0 22 0 0 0 0 
0 22 0 0 0 0 
0 22 0 0 0 0 
0 22 0 0 0 0 
0 22 0 0 0 0 
0 22 0 0 0 0 
0 22 0 0 0 0 
0 22 0 0 0 0 
0 22 0 0 0 0 
0 22 0 0 0 0 
0 0 23 0 38 0 
0 0 23 0 38 0 
0 0 23 0 38 0 
0 0 23 0 38 0 
0 0 23 0 38 0 
0 0 23 0 38 0 
0 0 23 0 38 0 
0 0 23 0 38 0 
0 0 23 0 38 0 
0 0 23 0 38 0 
0 0 23 0 38 0 
0 0 23 0 38 0 
0 0 23 0 38 0 
0 0 23 0 38 0 
0 0 23 0 38 0 
52 0 0 0 0 0 
52 0 0 0 0 0 
52 0 0 0 0 0 
52 0 0 0 0 0 
52 0 0 0 0 0 
52 0 0 0 0 0 
52 0 0 0 0 0 
52 0 0 0 0 0 
52 0 0 0 0 0 
52 0 0 0 0 0 
52 0 0 0 0 0 
52 0 0 0 0 0 
52 0 0 0 0 0 
52 0 0 0 0 0 
52 0 0 0 0 0 
0 0 0 49 0 0 
0 0 0 49 0 0 
0 0 0 49 0 0 
0 0 0 49 0 0 
0 0 0 49 0 0 
0 0 0 49 0 0 
0 0 0 49 0 0 
0 0 0 49 0 0 
0 0 0 49 0 0 
0 0 0 49 0 0 
0 0 0 49 0 0 
0 0 0 49 0 0 
0 0 0 49 0 0 
0 0 0 49 0 0 
0 0 0 49 0 0 
0 22 0 23 0 0 
0 22 0 23 0 0 
0 22 0 23 0 0 
0 22 0 23 0 0 
0 22 0 23 0 0 
0 22 0 23 0 0 
0 22 0 23 0 0 
0 22 0 23 0 0 
0 22 0 23 0 0 
0 22 0 23 0 0 
0 22 0 23 0 0 
0 22 0 23 0 0 
0 22 0 23 0 0 
0 22 0 23 0 0 
0 22 0 23 0 0 
0 0 39 0 0 34 
0 0 39 0 0 34 
0 0 39 0 0 34 
0 0 39 0 0 34 
0 0 39 0 0 34 
0 0 39 0 0 34 
0 0 39 0 0 34 
0 0 39 0 0 34 
0 0 39 0 0 34 
0 0 39 0 0 34 
0 0 39 0 0 34 
0 0 39 0 0 34 
0 0 39 0 0 34 
0 0 39 0 0 34 
0 0 39 0 0 34 
0 0 19 0 0 0 
0 0 19 0 0 0 
0 0 19 0 0 0 
0 0 19 0 0 0 
0 0 19 0 0 0 
0 0 19 0 0 0 
0 0 19 0 0 0 
0 0 19 0 0 0 
0 0 19 0 0 0 
0 0 19 0 0 0 
0 0 19 0 0 0 
0 0 19 0 0 0 
0 0 19 0 0 0 
0 0 19 0 0 0 
0 0 19 0 0 0 
0 60 0 0 0 0 
0 60 0 0 0 0 
0 60 0 0 0 0 
0 60 0 0 0 0 
0 60 0 0 0 0 
0 60 0 0 0 0 
0 60 0 0 0 0 
0 60 0 0 0 0 
0 60 0 0 0 0 
0 60 0 0 0 0 
0 60 0 0 0 0 
0 60 0 0 0 0 
0 60 0 0 0 0 
0 60 0 0 0 0 
0 60 0 0 0 0 
38 0 0 0 0 0 
38 0 0 0 0 0 
38 0 0 0 0 0 
38 0 0 0 0 0 
38 0 0 0 0 0 
38 0 0 0 0 0 
38 0 0 0 0 0 
38 0 0 0 0 0 
38 0 0 0 0 0 
38 0 0 0 0 0 
38 0 0 0 0 0 
38 0 0 0 0 0 
38 0 0 0 0 0 
38 0 0 0 0 0 
38 0 0 0 0 0 
48 0 0 0 0 0 
48 0 0 0 0 0 
48 0 0 0 0 0 
48 0 0 0 0 0 
48 0 0 0 0 0 
48 0 0 0 0 0 
48 0 0 0 0 0 
48 0 0 0 0 0 
48 0 0 0 0 0 
48 0 0 0 0 0 
48 0 0 0 0 0 
48 0 0 0 0 0 
48 0 0 0 0 0 
48 0 0 0 0 0 
48 0 0 0 0 0 
0 44 0 0 0 0 
0 44 0 0 0 0 
0 44 0 0 0 0 
0 44 0 0 0 0 
0 44 0 0 0 0 
0 44 0 0 0 0 
0 44 0 0 0 0 
0 44 0 0 0 0 
0 44 0 0 0 0 
0 44 0 0 0 0 
0 44 0 0 0 0 
0 44 0 0 0 0 
0 44 0 0 0 0 
0 44 0 0 0 0 
0 44 0 0 0 0 
0 0 0 0 38 0 
0 0 0 0 38 0 
0 0 0 0 38 0 
0 0 0 0 38 0 
0 0 0 0 38 0 
0 0 0 0 38 0 
0 0 0 0 38 0 
0 0 0 0 38 0 
0 0 0 0 38 0 
0 0 0 0 38 0 
0 0 0 0 38 0 
0 0 0 0 38 0 
0 0 0 0 38 0 
0 0 0 0 38 0 
0 0 0 0 38 0 
0 0 0 0 27 0 
0 0 0 0 27 0 
0 0 0 0 27 0 
0 0 0 0 27 0 
0 0 0 0 27 0 
0 0 0 0 27 0 
0 0 0 0 27 0 
0 0 0 0 27 0 
0 0 0 0 27 0 
0 0 0 0 27 0 
0 0 0 0 27 0 
0 0 0 0 27 0 
0 0 0 0 27 0 
0 0 0 0 27 0 
0 0 0 0 27 0 
59 0 0 57 0 0 
59 0 0 57 0 0 
59 0 0 57 0 0 
59 0 0 57 0 0 
59 0 0 57 0 0 
59 0 0 57 0 0 
59 0 0 57 0 0 
59 0 0 57 0 0 
59 0 0 57 0 0 
59 0 0 57 0 0 
59 0 0 57 0 0 
59 0 0 57 0 0 
59 0 0 57 0 0 
59 0 0 57 0 0 
59 0 0 57 0 0 
53 0 0 0 0 0 
53 0 0 0 0 0 
53 0 0 0 0 0 
53 0 0 0 0 0 
53 0 0 0 0 0 
53 0 0 0 0 0 
53 0 0 0 0 0 
53 0 0 0 0 0 
53 0 0 0 0 0 
53 0 0 0 0 0 
53 0 0 0 0 0 
53 0 0 0 0 0 
53 0 0 0 0 0 
53 0 0 0 0 0 
53 0 0 0 0 0 
0 32 0 0 0 28 
0 32 0 0 0 28 
0 32 0 0 0 28 
0 32 0 0 0 28 
0 32 0 0 0 28 
0 32 0 0 0 28 
0 32 0 0 0 28 
0 32 0 0 0 28 
0 32 0 0 0 28 
0 32 0 0 0 28 
0 32 0 0 0 28 
0 32 0 0 0 28 
0 32 0 0 0 28 
0 32 0 0 0 28 
0 32 0 0 0 28 
0 33 0 0 51 0 
0 33 0 0 51 0 
0 33 0 0 51 0 
0 33 0 0 51 0 
0 33 0 0 51 0 
0 33 0 0 51 0 
0 33 0 0 51 0 
0 33 0 0 51 0 
0 33 0 0 51 0 
0 33 0 0 51 0 
0 33 0 0 51 0 
0 33 0 0 51 0 
0 33 0 0 51 0 
0 33 0 0 51 0 
0 33 0 0 51 0 
0 0 0 47 0 0 
0 0 0 47 0 0 
0 0 0 47 0 0 
0 0 0 47 0 0 
0 0 0 47 0 0 
0 0 0 47 0 0 
0 0 0 47 0 0 
0 0 0 47 0 0 
0 0 0 47 0 0 
0 0 0 47 0 0 
0 0 0 47 0 0 
0 0 0 47 0 0 
0 0 0 47 0 0 
0 0 0 47 0 0 
0 0 0 47 0 0 
0 45 0 0 0 0 
0 45 0 0 0 0 
0 45 0 0 0 0 
0 45 0 0 0 0 
0 45 0 0 0 0 
0 45 0 0 0 0 
0 45 0 0 0 0 
0 45 0 0 0 0 
0 45 0 0 0 0 
0 45 0 0 0 0 
0 45 0 0 0 0 
0 45 0 0 0 0 
0 45 0 0 0 0 
0 45 0 0 0 0 
0 45 0 0 0 0 
0 0 31 0 0 0 
0 0 31 0 0 0 
0 0 31 0 0 0 
0 0 31 0 0 0 
0 0 31 0 0 0 
0 0 31 0 0 0 
0 0 31 0 0 0 
0 0 31 0 0 0 
0 0 31 0 0 0 
0 0 31 0 0 0 
0 0 31 0 0 0 
0 0 31 0 0 0 
0 0 31 0 0 0 
0 0 31 0 0 0 
0 0 31 0 0 0 
0 34 0 0 0 0 
0 34 0 0 0 0 
0 34 0 0 0 0 
0 34 0 0 0 0 
0 34 0 0 0 0 
0 34 0 0 0 0 
0 34 0 0 0 0 
0 34 0 0 0 0 
0 34 0 0 0 0 
0 34 0 0 0 0 
0 34 0 0 0 0 
0 34 0 0 0 0 
0 34 0 0 0 0 
0 34 0 0 0 0 
0 34 0 0 0 0 
0 0 0 52 0 0 
0 0 0 52 0 0 
0 0 0 52 0 0 
0 0 0 52 0 0 
0 0 0 52 0 0 
0 0 0 52 0 0 
0 0 0 52 0 0 
0 0 0 52 0 0 
0 0 0 52 0 0 
0 0 0 52 0 0 
0 0 0 52 0 0 
0 0 0 52 0 0 
0 0 0 52 0 0 
0 0 0 52 0 0 
0 0 0 52 0 0 
0 0 29 0 0 0 
0 0 29 0 0 0 
0 0 29 0 0 0 
0 0 29 0 0 0 
0 0 29 0 0 0 
0 0 29 0 0 0 
0 0 29 0 0 0 
0 0 29 0 0 0 
0 0 29 0 0 0 
0 0 29 0 0 0 
0 0 29 0 0 0 
0 0 29 0 0 0 
0 0 29 0 0 0 
0 0 29 0 0 0 
0 0 29 0 0 0 
19 0 0 0 0 0 
19 0 0 0 0 0 
19 0 0 0 0 0 
19 0 0 0 0 0 
19 0 0 0 0 0 
19 0 0 0 0 0 
19 0 0 0 0 0 
19 0 0 0 0 0 
19 0 0 0 0 0 
19 0 0 0 0 0 
19 0 0 0 0 0 
19 0 0 0 0 0 
19 0 0 0 0 0 
19 0 0 0 0 0 
19 0 0 0 0 0 
22 0 0 60 0 0 
22 0 0 60 0 0 
22 0 0 60 0 0 
22 0 0 60 0 0 
22 0 0 60 0 0 
22 0 0 60 0 0 
22 0 0 60 0 0 
22 0 0 60 0 0 
22 0 0 60 0 0 
22 0 0 60 0 0 
22 0 0 60 0 0 
22 0 0 60 0 0 
22 0 0 60 0 0 
22 0 0 60 0 0 
22 0 0 60 0 0 
0 0 54 0 0 0 
0 0 54 0 0 0 
0 0 54 0 0 0 
0 0 54 0 0 0 
0 0 54 0 0 0 
0 0 54 0 0 0 
0 0 54 0 0 0 
0 0 54 0 0 0 
0 0 54 0 0 0 
0 0 54 0 0 0 
0 0 54 0 0 0 
0 0 54 0 0 0 
0 0 54 0 0 0 
0 0 54 0 0 0 
0 0 54 0 0 0 
0 0 0 0 40 0 
0 0 0 0 40 0 
0 0 0 0 40 0 
0 0 0 0 40 0 
0 0 0 0 40 0 
0 0 0 0 40 0 
0 0 0 0 40 0 
0 0 0 0 40 0 
0 0 0 0 40 0 
0 0 0 0 40 0 
0 0 0 0 40 0 
0 0 0 0 40 0 
0 0 0 0 40 0 
0 0 0 0 40 0 
0 0 0 0 40 0 
48 0 0 0 0 25 
48 0 0 0 0 25 
48 0 0 0 0 25 
48 0 0 0 0 25 
48 0 0 0 0 25 
48 0 0 0 0 25 
48 0 0 0 0 25 
48 0 0 0 0 25 
48 0 0 0 0 25 
48 0 0 0 0 25 
48 0 0 0 0 25 
48 0 0 0 0 25 
48 0 0 0 0 25 
48 0 0 0 0 25 
48 0 0 0 0 25 
0 60 0 0 0 28 
0 60 0 0 0 28 
0 60 0 0 0 28 
0 60 0 0 0 28 
0 60 0 0 0 28 
0 60 0 0 0 28 
0 60 0 0 0 28 
0 60 0 0 0 28 
0 60 0 0 0 28 
0 60 0 0 0 28 
0 60 0 0 0 28 
0 60 0 0 0 28 
0 60 0 0 0 28 
0 60 0 0 0 28 
0 60 0 0 0 28 
0 36 0 0 0 0 
0 36 0 0 0 0 
0 36 0 0 0 0 
0 36 0 0 0 0 
0 36 0 0 0 0 
0 36 0 0 0 0 
0 36 0 0 0 0 
0 36 0 0 0 0 
0 36 0 0 0 0 
0 36 0 0 0 0 
0 36 0 0 0 0 
0 36 0 0 0 0 
0 36 0 0 0 0 
0 36 0 0 0 0 
0 36 0 0 0 0 
37 0 0 0 0 46 
37 0 0 0 0 46 
37 0 0 0 0 46 
37 0 0 0 0 46 
37 0 0 0 0 46 
37 0 0 0 0 46 
37 0 0 0 0 46 
37 0 0 0 0 46 
37 0 0 0 0 46 
37 0 0 0 0 46 
37 0 0 0 0 46 
37 0 0 0 0 46 
37 0 0 0 0 46 
37 0 0 0 0 46 
37 0 0 0 0 46 
0 41 0 0 0 0 
0 41 0 0 0 0 
0 41 0 0 0 0 
0 41 0 0 0 0 
0 41 0 0 0 0 
0 41 0 0 0 0 
0 41 0 0 0 0 
0 41 0 0 0 0 
0 41 0 0 0 0 
0 41 0 0 0 0 
0 41 0 0 0 0 
0 41 0 0 0 0 
0 41 0 0 0 0 
0 41 0 0 0 0 
0 41 0 0 0 0 
29 0 0 0 30 0 
29 0 0 0 30 0 
29 0 0 0 30 0 
29 0 0 0 30 0 
29 0 0 0 30 0 
29 0 0 0 30 0 
29 0 0 0 30 0 
29 0 0 0 30 0 
29 0 0 0 30 0 
29 0 0 0 30 0 
29 0 0 0 30 0 
29 0 0 0 30 0 
29 0 0 0 30 0 
29 0 0 0 30 0 
29 0 0 0 30 0 
36 0 0 0 0 0 
36 0 0 0 0 0 
36 0 0 0 0 0 
36 0 0 0 0 0 
36 0 0 0 0 0 
36 0 0 0 0 0 
36 0 0 0 0 0 
36 0 0 0 0 0 
36 0 0 0 0 0 
36 0 0 0 0 0 
36 0 0 0 0 0 
36 0 0 0 0 0 
36 0 0 0 0 0 
36 0 0 0 0 0 
36 0 0 0 0 0 
20 0 0 46 0 0 
20 0 0 46 0 0 
20 0 0 46 0 0 
20 0 0 46 0 0 
20 0 0 46 0 0 
20 0 0 46 0 0 
20 0 0 46 0 0 
20 0 0 46 0 0 
20 0 0 46 0 0 
20 0 0 46 0 0 
20 0 0 46 0 0 
20 0 0 46 0 0 
20 0 0 46 0 0 
20 0 0 46 0 0 
20 0 0 46 0 0 
0 0 0 0 0 58 
0 0 0 0 0 58 
0 0 0 0 0 58 
0 0 0 0 0 58 
0 0 0 0 0 58 
0 0 0 0 0 58 
0 0 0 0 0 58 
0 0 0 0 0 58 
0 0 0 0 0 58 
0 0 0 0 0 58 
0 0 0 0 0 58 
0 0 0 0 0 58 
0 0 0 0 0 58 
0 0 0 0 0 58 
0 0 0 0 0 58 
0 0 0 0 15 0 
0 0 0 0 15 0 
0 0 0 0 15 0 
0 0 0 0 15 0 
0 0 0 0 15 0 
0 0 0 0 15 0 
0 0 0 0 15 0 
0 0 0 0 15 0 
0 0 0 0 15 0 
0 0 0 0 15 0 
0 0 0 0 15 0 
0 0 0 0 15 0 
0 0 0 0 15 0 
0 0 0 0 15 0 
0 0 0 0 15 0 
0 32 0 0 0 0 
0 32 0 0 0 0 
0 32 0 0 0 0 
0 32 0 0 0 0 
0 32 0 0 0 0 
0 32 0 0 0 0 
0 32 0 0 0 0 
0 32 0 0 0 0 
0 32 0 0 0 0 
0 32 0 0 0 0 
0 32 0 0 0 0 
0 32 0 0 0 0 
0 32 0 0 0 0 
0 32 0 0 0 0 
0 32 0 0 0 0 
0 0 59 0 0 18 
0 0 59 0 0 18 
0 0 59 0 0 18 
0 0 59 0 0 18 
0 0 59 0 0 18 
0 0 59 0 0 18 
0 0 59 0 0 18 
0 0 59 0 0 18 
0 0 59 0 0 18 
0 0 59 0 0 18 
0 0 59 0 0 18 
0 0 59 0 0 18 
0 0 59 0 0 18 
0 0 59 0 0 18 
0 0 59 0 0 18 
30 0 0 0 0 0 
30 0 0 0 0 0 
30 0 0 0 0 0 
30 0 0 0 0 0 
30 0 0 0 0 0 
30 0 0 0 0 0 
30 0 0 0 0 0 
30 0 0 0 0 0 
30 0 0 0 0 0 
30 0 0 0 0 0 
30 0 0 0 0 0 
30 0 0 0 0 0 
30 0 0 0 0 0 
30 0 0 0 0 0 
30 0 0 0 0 0 
0 34 0 0 0 0 
0 34 0 0 0 0 
0 34 0 0 0 0 
0 34 0 0 0 0 
0 34 0 0 0 0 
0 34 0 0 0 0 
0 34 0 0 0 0 
0 34 0 0 0 0 
0 34 0 0 0 0 
0 34 0 0 0 0 
0 34 0 0 0 0 
0 34 0 0 0 0 
0 34 0 0 0 0 
0 34 0 0 0 0 
0 34 0 0 0 0 
0 0 20 0 0 46 
0 0 20 0 0 46 
0 0 20 0 0 46 
0 0 20 0 0 46 
0 0 20 0 0 46 
0 0 20 0 0 46 
0 0 20 0 0 46 
0 0 20 0 0 46 
0 0 20 0 0 46 
0 0 20 0 0 46 
0 0 20 0 0 46 
0 0 20 0 0 46 
0 0 20 0 0 46 
0 0 20 0 0 46 
0 0 20 0 0 46 
0 0 51 0 0 0 
0 0 51 0 0 0 
0 0 51 0 0 0 
0 0 51 0 0 0 
0 0 51 0 0 0 
0 0 51 0 0 0 
0 0 51 0 0 0 
0 0 51 0 0 0 
0 0 51 0 0 0 
0 0 51 0 0 0 
0 0 51 0 0 0 
0 0 51 0 0 0 
0 0 51 0 0 0 
0 0 51 0 0 0 
0 0 51 0 0 0 
0.0 0.0 0.0 0.0 0.0 0.0 
0.0 0.0 0.0 0.0 0.0 0.0 
0.0 0.0 0.0 0.0 0.0 0.0 
0.0 0.0 0.0 0.0 0.0 0.0 
0.0 0.0 0.0 0.0 0.0 0.0 
0.0 0.0 0.0 0.0 0.0 0.0 
0.0 0.0 0.0 0.0 0.0 0.0 
0.0 0.0 0.0 0.0 0.0 0.0 
0.0 0.0 0.0 0.0 0.0 0.0 
0.0 0.0 0.0 0.0 0.0 0.0 
0.0 0.0 0.0 0.0 0.0 0.0 
0.0 0.0 0.0 0.0 0.0 0.0 
0.0 0.0 0.0 0.0 0.0 0.0 
0.0 0.0 0.0 0.0 0.0 0.0 
0.0 0.0 0.0 0.0 0.0 0.0 
mind
0 0 27 0 14 13 0 0 0 16 0 0 0 0 0 0 0 0 13 0 0 0 20 0 0 0 0 0 0 0 13 0 0 0 0 0 0 14 14 0 0 0 0 0 0 0 0 0 0 13 0 0 0 0 0 0 0 0 0 0 0 14 0 12 0 0 0 0 0 0 0 0 0 0 0 0 0
maxd
0 0 29 0 14 16 0 0 0 29 0 0 0 0 0 0 0 0 28 0 0 0 27 0 0 0 0 0 0 0 18 0 0 0 0 0 0 15 24 0 0 0 0 0 0 0 0 0 0 27 0 0 0 0 0 0 0 0 0 0 0 17 0 12 0 0 0 0 0 0 0 0 0 0 0 0 0
e
0 494 831 925 903 808 592 941 564 889 889 634 640 710 855 913 486 759 652 673 932 851 736 888 919 708 654 866 684 646 884 594 579 862 728 850 846 601 788 597 909 633 658 935 632 698 842 765 499 551 793 885 592 856 866 919 585 745 777 716 930 584 656 829 843 505 702 623 693 745 696 733 897 501 784 657 0
l
99999 614 951 1045 1023 928 712 1061 684 1009 1009 754 760 830 975 1033 606 879 772 793 1052 971 856 1008 1039 828 774 986 804 766 1004 714 699 982 848 970 966 721 908 717 1029 753 778 1055 752 818 962 885 619 671 913 1005 712 976 986 1039 705 865 897 836 1050 704 776 949 963 625 822 743 813 865 816 853 1017 621 904 777 99999
