nbNodes
77
nbVehi
15
nbServi
6
r
1 1 1 1 1 1 
0 0 0 0 1 0 
0 1 0 0 1 0 
0 0 0 0 0 1 
0 1 0 0 0 1 
1 0 0 0 1 0 
0 1 0 0 0 1 
1 0 0 1 0 0 
0 0 1 1 0 0 
0 1 0 1 0 0 
0 0 1 0 0 0 
1 0 0 0 1 0 
0 0 1 0 0 1 
0 1 0 0 0 0 
0 0 0 1 0 0 
0 0 1 0 1 0 
0 0 0 0 1 0 
1 0 0 0 1 0 
0 1 0 0 0 0 
0 1 0 0 0 0 
0 0 0 0 1 0 
0 1 0 0 0 0 
0 0 1 0 0 0 
0 1 0 0 0 0 
0 0 0 0 0 1 
0 1 0 1 0 0 
0 0 1 0 0 1 
0 0 0 0 0 1 
0 0 1 0 0 0 
0 0 0 1 0 0 
0 0 0 0 0 1 
0 0 0 1 0 0 
1 0 0 0 0 0 
0 0 0 0 0 1 
1 0 0 1 0 0 
0 0 0 1 0 0 
0 0 1 0 0 0 
0 0 1 0 0 0 
0 0 0 0 0 1 
0 0 0 0 0 1 
0 0 0 1 0 0 
0 0 0 0 0 1 
0 1 0 0 0 0 
0 1 0 0 0 0 
0 0 0 0 0 1 
0 0 0 0 0 1 
0 0 0 1 0 0 
1 0 0 0 0 0 
0 0 0 0 0 1 
0 0 1 0 0 0 
0 0 1 0 0 0 
0 0 0 0 0 1 
0 0 0 1 0 0 
0 1 0 0 0 0 
0 0 1 0 0 1 
0 0 0 0 0 1 
1 0 0 0 0 0 
0 1 0 0 0 1 
0 0 1 0 0 1 
0 0 0 0 0 1 
0 0 0 0 1 0 
0 0 0 0 1 0 
0 0 0 0 1 0 
0 0 1 1 0 0 
0 1 0 0 0 0 
0 0 1 0 1 0 
0 1 0 0 0 1 
1 0 0 0 0 1 
0 0 1 0 1 0 
0 0 0 0 1 0 
0 0 0 0 1 0 
0 1 0 0 1 0 
0 0 0 1 0 0 
0 0 0 1 0 0 
0 1 0 0 0 0 
0 1 0 1 0 0 
1 1 1 1 1 1 
DS
3 5 6 7 8 9 10 12 13 16 18 26 27 35 55 58 59 64 66 67 68 69 72 76 
a
1 1 1 0 0 0 
1 1 1 0 0 0 
1 1 1 0 0 0 
1 0 1 0 0 0 
1 1 1 0 0 0 
0 1 1 0 0 0 
0 1 0 0 0 0 
0 0 0 1 1 1 
0 0 0 0 0 1 
0 0 0 1 0 1 
0 0 0 1 1 1 
0 0 0 1 0 0 
0 0 0 1 1 1 
0 0 0 1 1 1 
0 0 0 0 1 0 
x
-30.0654 -30.0089 -30.0654 -29.9908 -29.9804 -29.9913 -30.0663 -30.0671 -29.9826 -29.987 -29.9883 -30.077 -29.9911 -29.9867 -29.9886 -30.0167 -30.0656 -29.9802 -30.1242 -30.0178 -30.0776 -30.1379 -30.0682 -30.0852 -29.994 -30.1434 -30.0131 -30.0113 -30.0143 -30.0726 -30.1532 -30.0076 -30.151 -30.1468 -30.142 -30.1377 -30.0747 -30.0385 -29.9871 -30.0328 -30.1335 -29.9876 -30.0677 -30.0654 -30.0492 -30.1374 -29.9775 -30.0281 -29.9862 -29.9863 -30.1228 -30.0168 -30.0364 -29.9865 -30.1303 -29.9873 -30.0758 -30.0152 -30.0298 -30.0173 -30.0106 -30.1306 -30.0639 -30.07 -29.9873 -30.0725 -30.0532 -29.9778 -29.979 -30.0077 -30.0709 -29.9786 -30.0719 -30.0789 -29.9869 -30.0038 -30.0654
y
-51.2001 -51.1963 -51.2001 -51.1957 -51.2009 -51.1934 -51.1772 -51.1914 -51.1962 -51.1929 -51.1964 -51.1658 -51.1902 -51.197 -51.202 -51.2025 -51.1909 -51.1976 -51.2069 -51.2039 -51.1937 -51.226 -51.1782 -51.2139 -51.2016 -51.2192 -51.1999 -51.1973 -51.2051 -51.1729 -51.203 -51.1866 -51.2162 -51.2096 -51.2114 -51.2243 -51.1873 -51.2092 -51.195 -51.2258 -51.2254 -51.198 -51.1886 -51.197 -51.1696 -51.2099 -51.1933 -51.1838 -51.1965 -51.1995 -51.2196 -51.1939 -51.2352 -51.1973 -51.2166 -51.1979 -51.1829 -51.1921 -51.1907 -51.214 -51.2015 -51.2051 -51.1809 -51.1833 -51.197 -51.1778 -51.1833 -51.1976 -51.1967 -51.199 -51.1849 -51.1977 -51.175 -51.1901 -51.1962 -51.1779 -51.2001
d
0.00000 13.00000 0.00000 16.00000 15.00000 16.00000 6.00000 3.00000 18.00000 17.00000 17.00000 12.00000 17.00000 17.00000 16.00000 11.00000 3.00000 17.00000 15.00000 12.00000 5.00000 16.00000 6.00000 6.00000 15.00000 17.00000 12.00000 13.00000 13.00000 8.00000 20.00000 13.00000 18.00000 18.00000 19.00000 16.00000 6.00000 9.00000 17.00000 10.00000 15.00000 17.00000 3.00000 2.00000 10.00000 19.00000 19.00000 12.00000 17.00000 17.00000 14.00000 12.00000 10.00000 17.00000 14.00000 17.00000 7.00000 12.00000 11.00000 13.00000 13.00000 19.00000 6.00000 6.00000 17.00000 7.00000 7.00000 19.00000 18.00000 14.00000 5.00000 18.00000 7.00000 7.00000 17.00000 16.00000 0.00000
14.00000 0.00000 14.00000 5.00000 7.00000 5.00000 15.00000 14.00000 7.00000 6.00000 6.00000 19.00000 6.00000 6.00000 5.00000 4.00000 14.00000 7.00000 26.00000 4.00000 17.00000 27.00000 15.00000 17.00000 5.00000 28.00000 3.00000 2.00000 4.00000 18.00000 31.00000 3.00000 29.00000 29.00000 30.00000 27.00000 17.00000 9.00000 6.00000 10.00000 26.00000 6.00000 13.00000 14.00000 12.00000 30.00000 8.00000 7.00000 6.00000 6.00000 25.00000 4.00000 11.00000 6.00000 25.00000 6.00000 18.00000 3.00000 8.00000 7.00000 3.00000 30.00000 14.00000 16.00000 6.00000 16.00000 11.00000 8.00000 7.00000 2.00000 15.00000 8.00000 16.00000 18.00000 6.00000 5.00000 14.00000
0.00000 13.00000 0.00000 16.00000 15.00000 16.00000 6.00000 3.00000 18.00000 17.00000 17.00000 12.00000 17.00000 17.00000 16.00000 11.00000 3.00000 17.00000 15.00000 12.00000 5.00000 16.00000 6.00000 6.00000 15.00000 17.00000 12.00000 13.00000 13.00000 8.00000 20.00000 13.00000 18.00000 18.00000 19.00000 16.00000 6.00000 9.00000 17.00000 10.00000 15.00000 17.00000 3.00000 2.00000 10.00000 19.00000 19.00000 12.00000 17.00000 17.00000 14.00000 12.00000 10.00000 17.00000 14.00000 17.00000 7.00000 12.00000 11.00000 13.00000 13.00000 19.00000 6.00000 6.00000 17.00000 7.00000 7.00000 19.00000 18.00000 14.00000 5.00000 18.00000 7.00000 7.00000 17.00000 16.00000 0.00000
16.00000 6.00000 16.00000 0.00000 3.00000 2.00000 18.00000 17.00000 3.00000 2.00000 2.00000 21.00000 3.00000 2.00000 2.00000 6.00000 16.00000 4.00000 29.00000 6.00000 20.00000 29.00000 18.00000 20.00000 3.00000 31.00000 7.00000 6.00000 5.00000 20.00000 34.00000 6.00000 32.00000 31.00000 33.00000 29.00000 20.00000 12.00000 2.00000 11.00000 28.00000 3.00000 16.00000 17.00000 14.00000 33.00000 4.00000 10.00000 2.00000 3.00000 27.00000 8.00000 12.00000 2.00000 28.00000 2.00000 21.00000 7.00000 10.00000 7.00000 6.00000 32.00000 17.00000 18.00000 2.00000 19.00000 14.00000 5.00000 4.00000 5.00000 18.00000 4.00000 19.00000 21.00000 2.00000 6.00000 16.00000
21.00000 10.00000 21.00000 9.00000 0.00000 9.00000 23.00000 21.00000 11.00000 10.00000 10.00000 26.00000 10.00000 10.00000 10.00000 12.00000 21.00000 11.00000 33.00000 12.00000 24.00000 34.00000 23.00000 24.00000 10.00000 35.00000 11.00000 11.00000 11.00000 25.00000 38.00000 10.00000 36.00000 36.00000 37.00000 34.00000 24.00000 16.00000 10.00000 16.00000 33.00000 10.00000 20.00000 22.00000 19.00000 37.00000 9.00000 14.00000 10.00000 10.00000 32.00000 12.00000 16.00000 10.00000 32.00000 10.00000 25.00000 11.00000 14.00000 13.00000 11.00000 37.00000 21.00000 23.00000 10.00000 24.00000 18.00000 11.00000 10.00000 10.00000 23.00000 10.00000 24.00000 26.00000 10.00000 10.00000 21.00000
17.00000 6.00000 17.00000 2.00000 4.00000 0.00000 18.00000 17.00000 3.00000 3.00000 2.00000 22.00000 4.00000 2.00000 2.00000 6.00000 17.00000 4.00000 29.00000 6.00000 20.00000 30.00000 18.00000 20.00000 3.00000 31.00000 7.00000 7.00000 5.00000 21.00000 34.00000 6.00000 32.00000 32.00000 33.00000 30.00000 20.00000 12.00000 2.00000 12.00000 29.00000 3.00000 16.00000 17.00000 15.00000 33.00000 4.00000 10.00000 3.00000 3.00000 28.00000 8.00000 12.00000 2.00000 28.00000 3.00000 21.00000 7.00000 10.00000 8.00000 7.00000 33.00000 17.00000 19.00000 3.00000 19.00000 14.00000 5.00000 4.00000 5.00000 18.00000 5.00000 19.00000 22.00000 2.00000 6.00000 17.00000
7.00000 15.00000 7.00000 16.00000 17.00000 16.00000 0.00000 5.00000 18.00000 17.00000 17.00000 7.00000 16.00000 17.00000 16.00000 13.00000 5.00000 18.00000 18.00000 13.00000 7.00000 19.00000 1.00000 9.00000 17.00000 20.00000 13.00000 14.00000 14.00000 4.00000 23.00000 13.00000 21.00000 21.00000 22.00000 19.00000 5.00000 10.00000 17.00000 12.00000 18.00000 17.00000 5.00000 6.00000 7.00000 22.00000 19.00000 11.00000 17.00000 17.00000 17.00000 13.00000 12.00000 17.00000 17.00000 17.00000 5.00000 13.00000 11.00000 14.00000 14.00000 22.00000 2.00000 3.00000 17.00000 3.00000 5.00000 19.00000 18.00000 15.00000 4.00000 19.00000 3.00000 9.00000 17.00000 15.00000 7.00000
3.00000 14.00000 3.00000 17.00000 17.00000 17.00000 4.00000 0.00000 19.00000 18.00000 18.00000 10.00000 17.00000 18.00000 18.00000 13.00000 1.00000 19.00000 16.00000 13.00000 5.00000 16.00000 4.00000 7.00000 17.00000 17.00000 13.00000 14.00000 14.00000 7.00000 20.00000 14.00000 19.00000 18.00000 20.00000 16.00000 5.00000 10.00000 18.00000 11.00000 15.00000 18.00000 2.00000 2.00000 9.00000 19.00000 20.00000 12.00000 18.00000 18.00000 14.00000 13.00000 12.00000 18.00000 15.00000 18.00000 6.00000 13.00000 11.00000 14.00000 14.00000 19.00000 4.00000 5.00000 18.00000 6.00000 6.00000 20.00000 19.00000 15.00000 4.00000 19.00000 6.00000 7.00000 18.00000 16.00000 3.00000
18.00000 7.00000 18.00000 3.00000 4.00000 3.00000 19.00000 18.00000 0.00000 2.00000 3.00000 23.00000 4.00000 2.00000 3.00000 8.00000 18.00000 2.00000 30.00000 8.00000 21.00000 31.00000 19.00000 21.00000 4.00000 32.00000 9.00000 8.00000 6.00000 22.00000 35.00000 7.00000 33.00000 32.00000 34.00000 31.00000 21.00000 13.00000 2.00000 13.00000 30.00000 3.00000 17.00000 18.00000 16.00000 34.00000 3.00000 11.00000 2.00000 2.00000 29.00000 10.00000 13.00000 2.00000 29.00000 2.00000 22.00000 9.00000 12.00000 9.00000 8.00000 34.00000 18.00000 20.00000 3.00000 21.00000 15.00000 3.00000 3.00000 7.00000 19.00000 2.00000 21.00000 22.00000 2.00000 7.00000 18.00000
17.00000 6.00000 17.00000 2.00000 4.00000 2.00000 19.00000 17.00000 2.00000 0.00000 2.00000 22.00000 3.00000 2.00000 3.00000 7.00000 17.00000 3.00000 30.00000 7.00000 20.00000 30.00000 18.00000 21.00000 3.00000 31.00000 8.00000 7.00000 6.00000 21.00000 34.00000 7.00000 33.00000 32.00000 34.00000 30.00000 21.00000 13.00000 2.00000 12.00000 29.00000 3.00000 17.00000 17.00000 15.00000 33.00000 4.00000 10.00000 2.00000 3.00000 28.00000 9.00000 12.00000 2.00000 29.00000 3.00000 21.00000 8.00000 11.00000 8.00000 7.00000 33.00000 17.00000 19.00000 2.00000 20.00000 14.00000 4.00000 4.00000 6.00000 19.00000 4.00000 20.00000 22.00000 2.00000 6.00000 17.00000
17.00000 6.00000 17.00000 2.00000 3.00000 2.00000 18.00000 17.00000 3.00000 2.00000 0.00000 22.00000 3.00000 1.00000 2.00000 7.00000 17.00000 3.00000 29.00000 7.00000 20.00000 30.00000 18.00000 20.00000 3.00000 31.00000 8.00000 7.00000 5.00000 21.00000 34.00000 7.00000 32.00000 32.00000 33.00000 30.00000 20.00000 12.00000 2.00000 12.00000 29.00000 2.00000 16.00000 17.00000 15.00000 33.00000 4.00000 10.00000 2.00000 2.00000 28.00000 9.00000 12.00000 1.00000 28.00000 1.00000 21.00000 8.00000 11.00000 8.00000 7.00000 33.00000 17.00000 19.00000 1.00000 20.00000 14.00000 4.00000 4.00000 6.00000 19.00000 4.00000 20.00000 22.00000 2.00000 6.00000 17.00000
13.00000 21.00000 13.00000 21.00000 23.00000 22.00000 7.00000 11.00000 23.00000 22.00000 22.00000 0.00000 21.00000 22.00000 22.00000 19.00000 11.00000 24.00000 24.00000 19.00000 12.00000 25.00000 7.00000 15.00000 22.00000 26.00000 19.00000 20.00000 20.00000 6.00000 29.00000 18.00000 27.00000 27.00000 28.00000 25.00000 11.00000 17.00000 22.00000 18.00000 24.00000 22.00000 11.00000 13.00000 10.00000 28.00000 24.00000 16.00000 22.00000 22.00000 23.00000 18.00000 18.00000 22.00000 23.00000 22.00000 10.00000 18.00000 17.00000 21.00000 20.00000 28.00000 8.00000 9.00000 22.00000 7.00000 12.00000 25.00000 24.00000 21.00000 9.00000 24.00000 7.00000 14.00000 22.00000 20.00000 13.00000
17.00000 6.00000 17.00000 3.00000 4.00000 3.00000 19.00000 17.00000 4.00000 3.00000 3.00000 22.00000 0.00000 3.00000 3.00000 7.00000 17.00000 5.00000 30.00000 7.00000 20.00000 30.00000 19.00000 21.00000 4.00000 31.00000 8.00000 7.00000 6.00000 21.00000 35.00000 6.00000 33.00000 32.00000 34.00000 30.00000 20.00000 13.00000 3.00000 12.00000 29.00000 3.00000 16.00000 18.00000 15.00000 34.00000 5.00000 10.00000 4.00000 3.00000 28.00000 8.00000 12.00000 3.00000 29.00000 3.00000 21.00000 8.00000 10.00000 8.00000 7.00000 33.00000 17.00000 19.00000 3.00000 20.00000 14.00000 6.00000 5.00000 6.00000 19.00000 5.00000 20.00000 22.00000 3.00000 6.00000 17.00000
17.00000 7.00000 17.00000 3.00000 3.00000 3.00000 19.00000 18.00000 2.00000 3.00000 2.00000 23.00000 4.00000 0.00000 2.00000 8.00000 18.00000 2.00000 30.00000 7.00000 20.00000 30.00000 19.00000 21.00000 3.00000 31.00000 8.00000 8.00000 6.00000 22.00000 34.00000 7.00000 33.00000 32.00000 33.00000 30.00000 21.00000 12.00000 3.00000 12.00000 29.00000 2.00000 17.00000 18.00000 16.00000 33.00000 4.00000 11.00000 2.00000 1.00000 28.00000 9.00000 12.00000 1.00000 29.00000 1.00000 22.00000 9.00000 11.00000 9.00000 8.00000 33.00000 18.00000 20.00000 1.00000 20.00000 15.00000 4.00000 3.00000 6.00000 19.00000 3.00000 20.00000 22.00000 2.00000 7.00000 17.00000
15.00000 6.00000 15.00000 3.00000 2.00000 3.00000 18.00000 17.00000 3.00000 4.00000 3.00000 22.00000 5.00000 3.00000 0.00000 7.00000 17.00000 2.00000 28.00000 7.00000 18.00000 28.00000 18.00000 19.00000 2.00000 29.00000 7.00000 6.00000 6.00000 21.00000 33.00000 6.00000 31.00000 30.00000 32.00000 28.00000 20.00000 11.00000 4.00000 10.00000 27.00000 2.00000 17.00000 16.00000 15.00000 32.00000 4.00000 10.00000 3.00000 2.00000 26.00000 9.00000 10.00000 3.00000 27.00000 2.00000 21.00000 8.00000 11.00000 7.00000 6.00000 31.00000 17.00000 19.00000 3.00000 19.00000 14.00000 3.00000 2.00000 5.00000 18.00000 3.00000 19.00000 20.00000 3.00000 6.00000 15.00000
11.00000 5.00000 11.00000 6.00000 8.00000 6.00000 12.00000 12.00000 8.00000 7.00000 7.00000 18.00000 8.00000 7.00000 7.00000 0.00000 11.00000 9.00000 24.00000 2.00000 14.00000 24.00000 12.00000 15.00000 7.00000 25.00000 3.00000 4.00000 2.00000 15.00000 28.00000 4.00000 26.00000 26.00000 27.00000 24.00000 15.00000 6.00000 7.00000 7.00000 23.00000 7.00000 11.00000 11.00000 11.00000 27.00000 9.00000 6.00000 7.00000 7.00000 22.00000 2.00000 8.00000 7.00000 23.00000 7.00000 15.00000 3.00000 6.00000 5.00000 3.00000 27.00000 11.00000 13.00000 7.00000 13.00000 10.00000 10.00000 9.00000 4.00000 12.00000 9.00000 13.00000 16.00000 7.00000 7.00000 11.00000
3.00000 14.00000 3.00000 17.00000 16.00000 17.00000 4.00000 1.00000 18.00000 18.00000 17.00000 10.00000 17.00000 17.00000 17.00000 12.00000 0.00000 18.00000 17.00000 12.00000 6.00000 17.00000 4.00000 7.00000 16.00000 18.00000 12.00000 13.00000 13.00000 7.00000 21.00000 14.00000 19.00000 19.00000 20.00000 17.00000 6.00000 9.00000 17.00000 11.00000 16.00000 18.00000 2.00000 3.00000 8.00000 20.00000 19.00000 12.00000 18.00000 17.00000 15.00000 12.00000 11.00000 18.00000 15.00000 17.00000 7.00000 13.00000 11.00000 14.00000 13.00000 20.00000 4.00000 5.00000 17.00000 5.00000 6.00000 19.00000 18.00000 14.00000 4.00000 19.00000 5.00000 8.00000 18.00000 16.00000 3.00000
17.00000 8.00000 17.00000 4.00000 4.00000 4.00000 20.00000 19.00000 2.00000 3.00000 3.00000 23.00000 5.00000 3.00000 3.00000 8.00000 19.00000 0.00000 30.00000 8.00000 21.00000 30.00000 20.00000 21.00000 4.00000 31.00000 9.00000 9.00000 7.00000 23.00000 35.00000 8.00000 33.00000 32.00000 34.00000 30.00000 22.00000 13.00000 3.00000 12.00000 29.00000 3.00000 18.00000 19.00000 17.00000 34.00000 3.00000 12.00000 3.00000 2.00000 28.00000 10.00000 13.00000 3.00000 29.00000 3.00000 23.00000 9.00000 12.00000 9.00000 9.00000 33.00000 19.00000 21.00000 3.00000 21.00000 16.00000 2.00000 2.00000 7.00000 20.00000 1.00000 21.00000 22.00000 3.00000 8.00000 17.00000
15.00000 25.00000 15.00000 28.00000 27.00000 28.00000 17.00000 17.00000 30.00000 29.00000 29.00000 23.00000 28.00000 29.00000 28.00000 24.00000 16.00000 30.00000 0.00000 24.00000 14.00000 8.00000 17.00000 10.00000 27.00000 8.00000 24.00000 25.00000 25.00000 19.00000 10.00000 25.00000 10.00000 9.00000 8.00000 8.00000 15.00000 21.00000 29.00000 22.00000 7.00000 29.00000 16.00000 16.00000 20.00000 7.00000 31.00000 23.00000 29.00000 29.00000 5.00000 24.00000 21.00000 29.00000 5.00000 29.00000 16.00000 24.00000 24.00000 25.00000 25.00000 4.00000 17.00000 16.00000 29.00000 17.00000 18.00000 31.00000 30.00000 26.00000 15.00000 30.00000 18.00000 16.00000 29.00000 27.00000 15.00000
12.00000 4.00000 12.00000 6.00000 8.00000 6.00000 13.00000 13.00000 8.00000 7.00000 7.00000 19.00000 8.00000 7.00000 6.00000 2.00000 12.00000 8.00000 25.00000 0.00000 15.00000 25.00000 13.00000 16.00000 6.00000 26.00000 3.00000 4.00000 2.00000 16.00000 29.00000 5.00000 28.00000 27.00000 28.00000 25.00000 16.00000 7.00000 7.00000 7.00000 24.00000 7.00000 12.00000 12.00000 12.00000 28.00000 9.00000 7.00000 7.00000 7.00000 23.00000 4.00000 8.00000 7.00000 24.00000 7.00000 16.00000 4.00000 7.00000 4.00000 3.00000 28.00000 12.00000 14.00000 7.00000 14.00000 11.00000 9.00000 8.00000 4.00000 13.00000 9.00000 14.00000 17.00000 7.00000 7.00000 12.00000
5.00000 16.00000 5.00000 18.00000 18.00000 18.00000 6.00000 5.00000 20.00000 19.00000 19.00000 12.00000 18.00000 19.00000 18.00000 14.00000 5.00000 20.00000 16.00000 15.00000 0.00000 16.00000 6.00000 7.00000 18.00000 17.00000 14.00000 15.00000 15.00000 8.00000 21.00000 15.00000 19.00000 18.00000 20.00000 16.00000 3.00000 11.00000 19.00000 13.00000 15.00000 19.00000 5.00000 5.00000 9.00000 20.00000 21.00000 13.00000 19.00000 19.00000 14.00000 15.00000 13.00000 19.00000 15.00000 19.00000 4.00000 15.00000 13.00000 16.00000 15.00000 19.00000 6.00000 5.00000 19.00000 6.00000 7.00000 21.00000 20.00000 16.00000 4.00000 21.00000 7.00000 2.00000 19.00000 17.00000 5.00000
17.00000 27.00000 17.00000 30.00000 29.00000 30.00000 19.00000 18.00000 31.00000 31.00000 31.00000 24.00000 30.00000 31.00000 30.00000 25.00000 18.00000 31.00000 7.00000 26.00000 16.00000 0.00000 18.00000 12.00000 29.00000 3.00000 25.00000 26.00000 26.00000 21.00000 7.00000 27.00000 5.00000 4.00000 6.00000 1.00000 17.00000 22.00000 31.00000 23.00000 2.00000 31.00000 18.00000 18.00000 21.00000 6.00000 33.00000 25.00000 31.00000 30.00000 4.00000 26.00000 21.00000 31.00000 4.00000 31.00000 18.00000 26.00000 25.00000 27.00000 26.00000 9.00000 18.00000 17.00000 31.00000 18.00000 20.00000 32.00000 31.00000 27.00000 17.00000 32.00000 19.00000 18.00000 31.00000 29.00000 17.00000
6.00000 15.00000 6.00000 16.00000 17.00000 16.00000 2.00000 5.00000 18.00000 17.00000 17.00000 7.00000 16.00000 17.00000 17.00000 13.00000 5.00000 19.00000 18.00000 13.00000 6.00000 18.00000 0.00000 9.00000 17.00000 19.00000 13.00000 14.00000 14.00000 3.00000 23.00000 13.00000 21.00000 20.00000 22.00000 18.00000 5.00000 10.00000 17.00000 12.00000 17.00000 17.00000 4.00000 6.00000 7.00000 22.00000 19.00000 11.00000 17.00000 17.00000 16.00000 13.00000 12.00000 17.00000 17.00000 17.00000 4.00000 13.00000 12.00000 15.00000 14.00000 21.00000 2.00000 2.00000 17.00000 2.00000 6.00000 20.00000 19.00000 15.00000 3.00000 19.00000 2.00000 8.00000 17.00000 15.00000 6.00000
7.00000 17.00000 7.00000 20.00000 19.00000 20.00000 9.00000 8.00000 22.00000 21.00000 21.00000 14.00000 20.00000 21.00000 20.00000 15.00000 8.00000 21.00000 12.00000 16.00000 6.00000 12.00000 8.00000 0.00000 19.00000 13.00000 15.00000 17.00000 16.00000 11.00000 17.00000 17.00000 15.00000 14.00000 16.00000 12.00000 7.00000 12.00000 21.00000 14.00000 11.00000 21.00000 8.00000 8.00000 11.00000 16.00000 23.00000 15.00000 21.00000 21.00000 10.00000 16.00000 14.00000 21.00000 11.00000 21.00000 8.00000 16.00000 16.00000 17.00000 16.00000 15.00000 9.00000 8.00000 21.00000 9.00000 10.00000 22.00000 21.00000 17.00000 7.00000 22.00000 9.00000 8.00000 21.00000 19.00000 7.00000
15.00000 5.00000 15.00000 3.00000 3.00000 3.00000 18.00000 17.00000 4.00000 4.00000 3.00000 22.00000 5.00000 3.00000 2.00000 6.00000 17.00000 4.00000 28.00000 6.00000 18.00000 28.00000 18.00000 19.00000 0.00000 29.00000 7.00000 6.00000 5.00000 20.00000 32.00000 6.00000 31.00000 30.00000 32.00000 28.00000 19.00000 10.00000 4.00000 10.00000 27.00000 3.00000 17.00000 16.00000 15.00000 31.00000 5.00000 10.00000 3.00000 3.00000 26.00000 8.00000 10.00000 3.00000 27.00000 3.00000 20.00000 8.00000 11.00000 7.00000 6.00000 31.00000 17.00000 18.00000 3.00000 19.00000 15.00000 5.00000 4.00000 5.00000 18.00000 4.00000 19.00000 20.00000 4.00000 6.00000 15.00000
18.00000 29.00000 18.00000 32.00000 31.00000 32.00000 20.00000 20.00000 33.00000 33.00000 32.00000 26.00000 32.00000 32.00000 32.00000 27.00000 20.00000 33.00000 8.00000 27.00000 18.00000 5.00000 20.00000 13.00000 31.00000 0.00000 27.00000 28.00000 28.00000 22.00000 5.00000 29.00000 4.00000 3.00000 4.00000 5.00000 19.00000 24.00000 32.00000 25.00000 4.00000 33.00000 19.00000 19.00000 23.00000 4.00000 34.00000 26.00000 33.00000 32.00000 6.00000 27.00000 23.00000 32.00000 4.00000 32.00000 20.00000 28.00000 27.00000 29.00000 28.00000 10.00000 20.00000 19.00000 32.00000 20.00000 21.00000 34.00000 33.00000 29.00000 18.00000 33.00000 21.00000 19.00000 32.00000 30.00000 18.00000
13.00000 2.00000 13.00000 5.00000 7.00000 5.00000 15.00000 14.00000 7.00000 6.00000 6.00000 19.00000 7.00000 6.00000 6.00000 4.00000 14.00000 8.00000 26.00000 4.00000 16.00000 26.00000 14.00000 17.00000 6.00000 27.00000 0.00000 2.00000 3.00000 17.00000 31.00000 4.00000 29.00000 28.00000 30.00000 26.00000 17.00000 9.00000 6.00000 10.00000 25.00000 6.00000 13.00000 14.00000 12.00000 30.00000 8.00000 7.00000 6.00000 6.00000 24.00000 4.00000 10.00000 6.00000 25.00000 6.00000 17.00000 3.00000 7.00000 6.00000 1.00000 29.00000 14.00000 15.00000 6.00000 16.00000 11.00000 9.00000 8.00000 3.00000 15.00000 8.00000 16.00000 18.00000 6.00000 6.00000 13.00000
13.00000 2.00000 13.00000 6.00000 7.00000 6.00000 15.00000 14.00000 7.00000 7.00000 6.00000 19.00000 7.00000 6.00000 6.00000 4.00000 13.00000 8.00000 26.00000 4.00000 16.00000 26.00000 14.00000 17.00000 6.00000 27.00000 2.00000 0.00000 4.00000 17.00000 31.00000 3.00000 29.00000 28.00000 30.00000 26.00000 17.00000 9.00000 6.00000 9.00000 25.00000 7.00000 13.00000 13.00000 12.00000 30.00000 8.00000 7.00000 7.00000 7.00000 24.00000 3.00000 10.00000 6.00000 25.00000 6.00000 17.00000 3.00000 7.00000 7.00000 2.00000 29.00000 14.00000 15.00000 6.00000 16.00000 11.00000 9.00000 8.00000 3.00000 15.00000 8.00000 16.00000 18.00000 7.00000 6.00000 13.00000
13.00000 5.00000 13.00000 6.00000 7.00000 6.00000 14.00000 14.00000 8.00000 7.00000 7.00000 20.00000 8.00000 7.00000 7.00000 3.00000 13.00000 8.00000 26.00000 3.00000 16.00000 26.00000 14.00000 17.00000 6.00000 27.00000 4.00000 4.00000 0.00000 17.00000 30.00000 5.00000 28.00000 28.00000 29.00000 26.00000 17.00000 8.00000 7.00000 8.00000 25.00000 7.00000 13.00000 13.00000 13.00000 29.00000 9.00000 8.00000 7.00000 7.00000 24.00000 5.00000 8.00000 7.00000 25.00000 7.00000 17.00000 5.00000 8.00000 3.00000 4.00000 29.00000 13.00000 15.00000 7.00000 15.00000 12.00000 9.00000 8.00000 4.00000 14.00000 9.00000 15.00000 18.00000 7.00000 7.00000 13.00000
9.00000 17.00000 9.00000 19.00000 20.00000 19.00000 4.00000 7.00000 21.00000 20.00000 20.00000 6.00000 19.00000 20.00000 19.00000 16.00000 7.00000 21.00000 20.00000 16.00000 8.00000 21.00000 3.00000 11.00000 20.00000 22.00000 16.00000 17.00000 17.00000 0.00000 25.00000 16.00000 23.00000 22.00000 24.00000 21.00000 7.00000 13.00000 20.00000 14.00000 20.00000 20.00000 7.00000 9.00000 10.00000 24.00000 22.00000 13.00000 20.00000 20.00000 19.00000 16.00000 15.00000 20.00000 19.00000 20.00000 6.00000 16.00000 14.00000 17.00000 17.00000 24.00000 5.00000 4.00000 19.00000 3.00000 8.00000 22.00000 21.00000 18.00000 5.00000 22.00000 2.00000 10.00000 20.00000 17.00000 9.00000
21.00000 31.00000 21.00000 34.00000 33.00000 34.00000 23.00000 22.00000 35.00000 35.00000 35.00000 28.00000 34.00000 35.00000 34.00000 29.00000 22.00000 35.00000 10.00000 30.00000 20.00000 7.00000 22.00000 16.00000 33.00000 6.00000 29.00000 30.00000 30.00000 25.00000 0.00000 31.00000 5.00000 3.00000 5.00000 7.00000 21.00000 26.00000 35.00000 28.00000 6.00000 35.00000 22.00000 22.00000 25.00000 6.00000 37.00000 29.00000 35.00000 35.00000 8.00000 30.00000 26.00000 35.00000 7.00000 35.00000 22.00000 30.00000 30.00000 31.00000 30.00000 11.00000 23.00000 22.00000 35.00000 22.00000 24.00000 36.00000 35.00000 31.00000 21.00000 36.00000 23.00000 22.00000 35.00000 33.00000 21.00000
16.00000 6.00000 16.00000 8.00000 9.00000 8.00000 17.00000 15.00000 9.00000 8.00000 8.00000 20.00000 7.00000 8.00000 8.00000 6.00000 15.00000 10.00000 28.00000 7.00000 18.00000 29.00000 17.00000 19.00000 8.00000 30.00000 6.00000 6.00000 7.00000 19.00000 33.00000 0.00000 31.00000 31.00000 32.00000 29.00000 18.00000 11.00000 8.00000 12.00000 28.00000 8.00000 14.00000 16.00000 12.00000 32.00000 10.00000 7.00000 9.00000 8.00000 27.00000 5.00000 13.00000 8.00000 27.00000 8.00000 19.00000 5.00000 8.00000 9.00000 7.00000 32.00000 15.00000 17.00000 8.00000 18.00000 12.00000 11.00000 10.00000 6.00000 17.00000 10.00000 18.00000 20.00000 8.00000 4.00000 16.00000
19.00000 29.00000 19.00000 32.00000 31.00000 33.00000 21.00000 21.00000 34.00000 33.00000 33.00000 27.00000 32.00000 33.00000 32.00000 28.00000 21.00000 34.00000 8.00000 28.00000 18.00000 5.00000 21.00000 14.00000 31.00000 4.00000 28.00000 29.00000 29.00000 23.00000 5.00000 29.00000 0.00000 3.00000 4.00000 5.00000 19.00000 25.00000 33.00000 26.00000 5.00000 33.00000 20.00000 20.00000 24.00000 5.00000 35.00000 27.00000 33.00000 33.00000 6.00000 28.00000 24.00000 33.00000 5.00000 33.00000 20.00000 29.00000 28.00000 29.00000 29.00000 10.00000 21.00000 20.00000 33.00000 21.00000 22.00000 35.00000 34.00000 30.00000 19.00000 34.00000 22.00000 20.00000 33.00000 31.00000 19.00000
18.00000 29.00000 18.00000 32.00000 31.00000 32.00000 20.00000 20.00000 33.00000 33.00000 32.00000 26.00000 32.00000 32.00000 32.00000 27.00000 20.00000 33.00000 8.00000 27.00000 18.00000 4.00000 20.00000 13.00000 31.00000 4.00000 27.00000 28.00000 28.00000 22.00000 3.00000 29.00000 3.00000 0.00000 2.00000 4.00000 19.00000 24.00000 32.00000 25.00000 4.00000 32.00000 19.00000 19.00000 23.00000 3.00000 34.00000 26.00000 33.00000 32.00000 6.00000 27.00000 23.00000 32.00000 4.00000 32.00000 19.00000 28.00000 27.00000 28.00000 28.00000 9.00000 20.00000 19.00000 32.00000 20.00000 21.00000 34.00000 33.00000 29.00000 18.00000 33.00000 21.00000 19.00000 32.00000 30.00000 18.00000
19.00000 29.00000 19.00000 32.00000 31.00000 32.00000 21.00000 21.00000 34.00000 33.00000 33.00000 26.00000 32.00000 33.00000 32.00000 28.00000 20.00000 34.00000 8.00000 28.00000 18.00000 5.00000 21.00000 14.00000 31.00000 4.00000 28.00000 29.00000 29.00000 23.00000 6.00000 29.00000 4.00000 4.00000 0.00000 5.00000 19.00000 25.00000 33.00000 26.00000 5.00000 33.00000 20.00000 20.00000 24.00000 2.00000 35.00000 27.00000 33.00000 33.00000 6.00000 28.00000 24.00000 33.00000 5.00000 33.00000 20.00000 28.00000 28.00000 29.00000 29.00000 7.00000 21.00000 20.00000 33.00000 21.00000 22.00000 35.00000 34.00000 30.00000 19.00000 34.00000 21.00000 20.00000 33.00000 31.00000 19.00000
17.00000 27.00000 17.00000 30.00000 29.00000 30.00000 18.00000 18.00000 31.00000 31.00000 30.00000 24.00000 30.00000 31.00000 30.00000 25.00000 18.00000 31.00000 7.00000 26.00000 16.00000 1.00000 18.00000 12.00000 29.00000 3.00000 25.00000 26.00000 26.00000 20.00000 6.00000 27.00000 4.00000 4.00000 5.00000 0.00000 17.00000 22.00000 31.00000 23.00000 2.00000 31.00000 17.00000 18.00000 21.00000 5.00000 32.00000 25.00000 31.00000 30.00000 4.00000 25.00000 21.00000 31.00000 3.00000 30.00000 18.00000 26.00000 25.00000 27.00000 26.00000 9.00000 18.00000 17.00000 30.00000 18.00000 19.00000 32.00000 31.00000 27.00000 16.00000 32.00000 19.00000 18.00000 31.00000 29.00000 17.00000
6.00000 17.00000 6.00000 18.00000 19.00000 18.00000 6.00000 5.00000 20.00000 19.00000 19.00000 11.00000 18.00000 19.00000 19.00000 15.00000 6.00000 20.00000 16.00000 16.00000 3.00000 17.00000 5.00000 7.00000 19.00000 18.00000 15.00000 16.00000 16.00000 7.00000 21.00000 15.00000 19.00000 19.00000 20.00000 17.00000 0.00000 12.00000 19.00000 14.00000 16.00000 19.00000 5.00000 6.00000 9.00000 20.00000 21.00000 13.00000 19.00000 19.00000 15.00000 15.00000 14.00000 19.00000 15.00000 19.00000 3.00000 15.00000 14.00000 17.00000 16.00000 20.00000 6.00000 4.00000 19.00000 4.00000 8.00000 22.00000 21.00000 17.00000 5.00000 21.00000 5.00000 5.00000 19.00000 17.00000 6.00000
8.00000 9.00000 8.00000 11.00000 9.00000 11.00000 10.00000 9.00000 12.00000 12.00000 11.00000 15.00000 12.00000 11.00000 10.00000 7.00000 9.00000 11.00000 21.00000 7.00000 11.00000 21.00000 9.00000 12.00000 9.00000 22.00000 7.00000 8.00000 8.00000 12.00000 25.00000 9.00000 24.00000 23.00000 25.00000 21.00000 12.00000 0.00000 11.00000 6.00000 20.00000 11.00000 8.00000 8.00000 9.00000 24.00000 13.00000 7.00000 12.00000 11.00000 19.00000 7.00000 7.00000 11.00000 20.00000 11.00000 12.00000 8.00000 7.00000 7.00000 8.00000 24.00000 9.00000 10.00000 11.00000 11.00000 8.00000 12.00000 11.00000 9.00000 10.00000 12.00000 11.00000 13.00000 11.00000 12.00000 8.00000
17.00000 6.00000 17.00000 2.00000 4.00000 2.00000 18.00000 17.00000 2.00000 2.00000 2.00000 22.00000 3.00000 2.00000 3.00000 7.00000 17.00000 3.00000 30.00000 7.00000 20.00000 30.00000 18.00000 21.00000 3.00000 31.00000 8.00000 7.00000 5.00000 21.00000 34.00000 7.00000 33.00000 32.00000 34.00000 30.00000 20.00000 12.00000 0.00000 12.00000 29.00000 3.00000 16.00000 17.00000 15.00000 33.00000 3.00000 10.00000 2.00000 3.00000 28.00000 9.00000 12.00000 2.00000 29.00000 2.00000 21.00000 8.00000 11.00000 8.00000 7.00000 33.00000 17.00000 19.00000 2.00000 20.00000 14.00000 4.00000 4.00000 6.00000 19.00000 4.00000 20.00000 22.00000 2.00000 6.00000 17.00000
8.00000 9.00000 8.00000 10.00000 9.00000 10.00000 11.00000 10.00000 11.00000 11.00000 11.00000 16.00000 12.00000 11.00000 10.00000 7.00000 10.00000 11.00000 21.00000 7.00000 11.00000 21.00000 10.00000 12.00000 9.00000 22.00000 7.00000 8.00000 8.00000 13.00000 25.00000 9.00000 24.00000 23.00000 24.00000 21.00000 12.00000 5.00000 11.00000 0.00000 20.00000 11.00000 10.00000 9.00000 12.00000 24.00000 12.00000 8.00000 11.00000 10.00000 19.00000 8.00000 4.00000 11.00000 20.00000 11.00000 13.00000 8.00000 8.00000 7.00000 8.00000 24.00000 11.00000 11.00000 11.00000 12.00000 11.00000 12.00000 11.00000 9.00000 11.00000 11.00000 12.00000 13.00000 11.00000 11.00000 8.00000
16.00000 26.00000 16.00000 29.00000 28.00000 29.00000 17.00000 17.00000 30.00000 30.00000 30.00000 23.00000 29.00000 30.00000 29.00000 24.00000 17.00000 30.00000 6.00000 25.00000 15.00000 2.00000 17.00000 11.00000 28.00000 3.00000 24.00000 25.00000 25.00000 19.00000 6.00000 26.00000 5.00000 4.00000 6.00000 2.00000 16.00000 21.00000 30.00000 22.00000 0.00000 30.00000 16.00000 17.00000 20.00000 5.00000 31.00000 24.00000 30.00000 29.00000 3.00000 24.00000 20.00000 30.00000 3.00000 30.00000 17.00000 25.00000 24.00000 26.00000 25.00000 9.00000 17.00000 16.00000 29.00000 17.00000 18.00000 31.00000 30.00000 26.00000 15.00000 31.00000 18.00000 17.00000 30.00000 28.00000 16.00000
17.00000 7.00000 17.00000 3.00000 3.00000 3.00000 19.00000 18.00000 3.00000 4.00000 2.00000 22.00000 5.00000 2.00000 2.00000 7.00000 17.00000 3.00000 29.00000 7.00000 20.00000 30.00000 19.00000 20.00000 3.00000 31.00000 8.00000 7.00000 6.00000 21.00000 34.00000 7.00000 32.00000 31.00000 33.00000 30.00000 21.00000 12.00000 3.00000 12.00000 29.00000 0.00000 17.00000 18.00000 15.00000 33.00000 4.00000 11.00000 2.00000 2.00000 28.00000 9.00000 12.00000 2.00000 28.00000 2.00000 22.00000 8.00000 11.00000 8.00000 7.00000 33.00000 18.00000 19.00000 2.00000 20.00000 15.00000 4.00000 4.00000 6.00000 19.00000 3.00000 20.00000 21.00000 2.00000 7.00000 17.00000
3.00000 15.00000 3.00000 18.00000 17.00000 18.00000 5.00000 2.00000 19.00000 18.00000 18.00000 10.00000 18.00000 18.00000 18.00000 13.00000 2.00000 19.00000 16.00000 13.00000 5.00000 16.00000 4.00000 7.00000 17.00000 17.00000 13.00000 14.00000 14.00000 7.00000 20.00000 14.00000 18.00000 18.00000 19.00000 16.00000 5.00000 10.00000 18.00000 12.00000 15.00000 19.00000 0.00000 3.00000 9.00000 19.00000 20.00000 12.00000 19.00000 19.00000 14.00000 13.00000 12.00000 19.00000 15.00000 18.00000 6.00000 14.00000 12.00000 15.00000 14.00000 19.00000 4.00000 5.00000 18.00000 6.00000 7.00000 20.00000 19.00000 15.00000 5.00000 20.00000 6.00000 7.00000 19.00000 16.00000 3.00000
2.00000 14.00000 2.00000 17.00000 16.00000 17.00000 5.00000 3.00000 18.00000 18.00000 17.00000 11.00000 17.00000 17.00000 17.00000 12.00000 3.00000 18.00000 16.00000 12.00000 5.00000 16.00000 5.00000 7.00000 16.00000 17.00000 12.00000 13.00000 13.00000 8.00000 20.00000 14.00000 19.00000 18.00000 20.00000 16.00000 6.00000 9.00000 17.00000 11.00000 15.00000 17.00000 3.00000 0.00000 10.00000 19.00000 19.00000 12.00000 18.00000 17.00000 14.00000 12.00000 11.00000 17.00000 15.00000 17.00000 7.00000 13.00000 11.00000 14.00000 13.00000 19.00000 5.00000 6.00000 17.00000 7.00000 7.00000 19.00000 18.00000 14.00000 5.00000 19.00000 7.00000 7.00000 17.00000 17.00000 2.00000
9.00000 12.00000 9.00000 13.00000 15.00000 13.00000 7.00000 8.00000 14.00000 14.00000 14.00000 9.00000 13.00000 14.00000 13.00000 11.00000 8.00000 15.00000 21.00000 11.00000 11.00000 21.00000 7.00000 12.00000 14.00000 23.00000 11.00000 12.00000 12.00000 9.00000 26.00000 10.00000 24.00000 23.00000 25.00000 21.00000 10.00000 10.00000 14.00000 14.00000 21.00000 14.00000 7.00000 9.00000 0.00000 25.00000 16.00000 7.00000 14.00000 14.00000 19.00000 10.00000 14.00000 14.00000 20.00000 14.00000 10.00000 10.00000 9.00000 14.00000 12.00000 25.00000 5.00000 7.00000 13.00000 8.00000 5.00000 16.00000 15.00000 12.00000 7.00000 16.00000 8.00000 13.00000 14.00000 11.00000 9.00000
20.00000 30.00000 20.00000 33.00000 32.00000 33.00000 21.00000 21.00000 34.00000 34.00000 34.00000 27.00000 33.00000 34.00000 33.00000 28.00000 21.00000 34.00000 7.00000 29.00000 19.00000 6.00000 21.00000 15.00000 32.00000 5.00000 28.00000 29.00000 29.00000 24.00000 7.00000 30.00000 5.00000 4.00000 2.00000 6.00000 20.00000 25.00000 34.00000 26.00000 5.00000 34.00000 21.00000 21.00000 24.00000 0.00000 35.00000 28.00000 34.00000 33.00000 7.00000 29.00000 24.00000 34.00000 6.00000 34.00000 21.00000 29.00000 28.00000 30.00000 29.00000 6.00000 21.00000 20.00000 33.00000 21.00000 23.00000 35.00000 34.00000 30.00000 20.00000 35.00000 22.00000 21.00000 34.00000 32.00000 20.00000
19.00000 8.00000 19.00000 4.00000 5.00000 4.00000 20.00000 19.00000 3.00000 3.00000 4.00000 24.00000 5.00000 4.00000 5.00000 9.00000 19.00000 3.00000 31.00000 9.00000 22.00000 32.00000 20.00000 22.00000 5.00000 33.00000 10.00000 9.00000 7.00000 23.00000 36.00000 8.00000 34.00000 34.00000 35.00000 32.00000 22.00000 14.00000 3.00000 14.00000 31.00000 4.00000 18.00000 19.00000 17.00000 35.00000 0.00000 12.00000 4.00000 4.00000 30.00000 11.00000 14.00000 4.00000 30.00000 4.00000 23.00000 10.00000 13.00000 10.00000 9.00000 35.00000 19.00000 21.00000 4.00000 22.00000 16.00000 3.00000 3.00000 8.00000 21.00000 2.00000 22.00000 24.00000 4.00000 8.00000 19.00000
10.00000 8.00000 10.00000 9.00000 11.00000 9.00000 11.00000 9.00000 11.00000 10.00000 10.00000 14.00000 9.00000 10.00000 9.00000 7.00000 9.00000 11.00000 23.00000 7.00000 12.00000 23.00000 11.00000 14.00000 10.00000 24.00000 7.00000 8.00000 8.00000 14.00000 27.00000 6.00000 26.00000 25.00000 26.00000 23.00000 12.00000 7.00000 10.00000 11.00000 22.00000 10.00000 8.00000 10.00000 7.00000 26.00000 12.00000 0.00000 10.00000 10.00000 21.00000 6.00000 11.00000 10.00000 22.00000 10.00000 13.00000 5.00000 2.00000 10.00000 8.00000 26.00000 9.00000 11.00000 9.00000 12.00000 6.00000 12.00000 11.00000 8.00000 11.00000 12.00000 12.00000 14.00000 10.00000 7.00000 10.00000
17.00000 7.00000 17.00000 3.00000 4.00000 3.00000 19.00000 18.00000 2.00000 3.00000 2.00000 23.00000 4.00000 1.00000 2.00000 7.00000 18.00000 3.00000 30.00000 7.00000 20.00000 30.00000 19.00000 21.00000 3.00000 31.00000 8.00000 8.00000 6.00000 22.00000 34.00000 7.00000 33.00000 32.00000 34.00000 30.00000 21.00000 12.00000 3.00000 12.00000 29.00000 2.00000 17.00000 18.00000 16.00000 33.00000 4.00000 11.00000 0.00000 1.00000 28.00000 9.00000 12.00000 1.00000 29.00000 2.00000 22.00000 8.00000 11.00000 9.00000 8.00000 33.00000 18.00000 20.00000 1.00000 20.00000 15.00000 4.00000 3.00000 6.00000 19.00000 3.00000 20.00000 22.00000 1.00000 7.00000 17.00000
16.00000 7.00000 16.00000 3.00000 3.00000 3.00000 19.00000 18.00000 2.00000 3.00000 2.00000 22.00000 4.00000 2.00000 2.00000 7.00000 17.00000 2.00000 29.00000 7.00000 20.00000 29.00000 19.00000 20.00000 2.00000 31.00000 8.00000 7.00000 6.00000 21.00000 34.00000 7.00000 32.00000 31.00000 33.00000 29.00000 21.00000 12.00000 3.00000 11.00000 29.00000 2.00000 17.00000 18.00000 15.00000 33.00000 4.00000 10.00000 2.00000 0.00000 28.00000 9.00000 12.00000 2.00000 28.00000 1.00000 22.00000 8.00000 11.00000 8.00000 7.00000 33.00000 17.00000 19.00000 1.00000 20.00000 15.00000 3.00000 3.00000 6.00000 19.00000 3.00000 20.00000 21.00000 2.00000 6.00000 16.00000
14.00000 25.00000 14.00000 28.00000 26.00000 28.00000 16.00000 16.00000 29.00000 28.00000 28.00000 22.00000 27.00000 28.00000 28.00000 23.00000 16.00000 29.00000 5.00000 23.00000 13.00000 4.00000 16.00000 9.00000 27.00000 5.00000 23.00000 24.00000 24.00000 18.00000 8.00000 24.00000 7.00000 6.00000 7.00000 4.00000 14.00000 20.00000 28.00000 21.00000 3.00000 28.00000 15.00000 15.00000 19.00000 7.00000 30.00000 22.00000 29.00000 28.00000 0.00000 23.00000 19.00000 28.00000 3.00000 28.00000 15.00000 24.00000 23.00000 24.00000 24.00000 8.00000 16.00000 15.00000 28.00000 16.00000 17.00000 30.00000 29.00000 25.00000 14.00000 29.00000 17.00000 15.00000 28.00000 26.00000 14.00000
12.00000 4.00000 12.00000 7.00000 9.00000 7.00000 13.00000 12.00000 9.00000 8.00000 8.00000 17.00000 7.00000 8.00000 7.00000 3.00000 12.00000 9.00000 25.00000 3.00000 15.00000 25.00000 13.00000 16.00000 7.00000 26.00000 2.00000 3.00000 4.00000 16.00000 29.00000 3.00000 28.00000 27.00000 28.00000 25.00000 15.00000 7.00000 8.00000 9.00000 24.00000 8.00000 11.00000 12.00000 10.00000 28.00000 10.00000 5.00000 8.00000 8.00000 23.00000 0.00000 9.00000 8.00000 24.00000 8.00000 16.00000 2.00000 5.00000 6.00000 3.00000 28.00000 12.00000 14.00000 8.00000 14.00000 9.00000 10.00000 9.00000 4.00000 13.00000 10.00000 14.00000 17.00000 8.00000 6.00000 12.00000
9.00000 11.00000 9.00000 12.00000 10.00000 12.00000 12.00000 12.00000 13.00000 13.00000 13.00000 18.00000 14.00000 13.00000 12.00000 9.00000 11.00000 13.00000 21.00000 9.00000 12.00000 21.00000 12.00000 13.00000 11.00000 23.00000 10.00000 11.00000 10.00000 15.00000 26.00000 12.00000 24.00000 23.00000 25.00000 21.00000 14.00000 7.00000 13.00000 3.00000 21.00000 12.00000 11.00000 11.00000 14.00000 25.00000 14.00000 11.00000 13.00000 12.00000 20.00000 10.00000 0.00000 13.00000 20.00000 13.00000 15.00000 11.00000 11.00000 9.00000 10.00000 24.00000 12.00000 13.00000 12.00000 13.00000 12.00000 14.00000 13.00000 11.00000 12.00000 13.00000 13.00000 14.00000 13.00000 13.00000 9.00000
17.00000 7.00000 17.00000 3.00000 3.00000 3.00000 19.00000 18.00000 2.00000 3.00000 2.00000 23.00000 4.00000 1.00000 2.00000 7.00000 18.00000 2.00000 30.00000 7.00000 20.00000 30.00000 19.00000 21.00000 3.00000 31.00000 8.00000 8.00000 6.00000 22.00000 34.00000 7.00000 32.00000 32.00000 33.00000 30.00000 21.00000 12.00000 3.00000 12.00000 29.00000 2.00000 17.00000 18.00000 16.00000 33.00000 4.00000 11.00000 2.00000 1.00000 28.00000 9.00000 12.00000 0.00000 29.00000 1.00000 22.00000 8.00000 11.00000 9.00000 8.00000 33.00000 18.00000 20.00000 1.00000 20.00000 15.00000 3.00000 3.00000 6.00000 19.00000 3.00000 20.00000 22.00000 2.00000 7.00000 17.00000
15.00000 25.00000 15.00000 28.00000 27.00000 29.00000 17.00000 17.00000 30.00000 29.00000 29.00000 23.00000 28.00000 29.00000 28.00000 24.00000 17.00000 30.00000 4.00000 24.00000 14.00000 5.00000 17.00000 10.00000 28.00000 4.00000 24.00000 25.00000 25.00000 19.00000 7.00000 25.00000 6.00000 5.00000 7.00000 4.00000 15.00000 21.00000 29.00000 22.00000 4.00000 29.00000 16.00000 16.00000 20.00000 6.00000 31.00000 23.00000 29.00000 29.00000 2.00000 24.00000 20.00000 29.00000 0.00000 29.00000 16.00000 25.00000 24.00000 25.00000 25.00000 7.00000 17.00000 16.00000 29.00000 17.00000 18.00000 31.00000 30.00000 26.00000 15.00000 30.00000 18.00000 16.00000 29.00000 27.00000 15.00000
17.00000 7.00000 17.00000 2.00000 3.00000 3.00000 19.00000 18.00000 2.00000 3.00000 1.00000 23.00000 4.00000 1.00000 2.00000 7.00000 18.00000 3.00000 29.00000 7.00000 20.00000 30.00000 19.00000 20.00000 3.00000 31.00000 8.00000 8.00000 6.00000 22.00000 34.00000 7.00000 32.00000 32.00000 33.00000 30.00000 21.00000 12.00000 3.00000 12.00000 29.00000 2.00000 17.00000 18.00000 16.00000 33.00000 4.00000 11.00000 2.00000 1.00000 28.00000 9.00000 12.00000 1.00000 28.00000 0.00000 22.00000 8.00000 11.00000 8.00000 8.00000 33.00000 18.00000 20.00000 1.00000 20.00000 15.00000 4.00000 4.00000 6.00000 19.00000 3.00000 20.00000 21.00000 2.00000 7.00000 17.00000
7.00000 17.00000 7.00000 19.00000 20.00000 19.00000 5.00000 6.00000 20.00000 20.00000 20.00000 10.00000 19.00000 20.00000 19.00000 16.00000 7.00000 21.00000 17.00000 16.00000 5.00000 18.00000 4.00000 8.00000 20.00000 19.00000 16.00000 17.00000 17.00000 6.00000 22.00000 16.00000 20.00000 20.00000 21.00000 18.00000 3.00000 13.00000 20.00000 15.00000 17.00000 20.00000 6.00000 7.00000 10.00000 21.00000 22.00000 13.00000 20.00000 20.00000 16.00000 16.00000 15.00000 20.00000 16.00000 20.00000 0.00000 16.00000 14.00000 17.00000 17.00000 21.00000 5.00000 3.00000 19.00000 4.00000 8.00000 22.00000 21.00000 18.00000 4.00000 22.00000 5.00000 6.00000 20.00000 17.00000 7.00000
13.00000 4.00000 13.00000 7.00000 8.00000 7.00000 14.00000 12.00000 8.00000 7.00000 7.00000 17.00000 6.00000 7.00000 7.00000 3.00000 12.00000 9.00000 25.00000 4.00000 15.00000 26.00000 14.00000 16.00000 7.00000 27.00000 3.00000 3.00000 4.00000 16.00000 30.00000 3.00000 28.00000 28.00000 29.00000 26.00000 15.00000 9.00000 7.00000 9.00000 25.00000 7.00000 11.00000 13.00000 10.00000 29.00000 9.00000 5.00000 8.00000 7.00000 24.00000 2.00000 10.00000 7.00000 24.00000 7.00000 16.00000 0.00000 5.00000 6.00000 4.00000 29.00000 12.00000 14.00000 7.00000 15.00000 9.00000 10.00000 9.00000 5.00000 14.00000 9.00000 15.00000 17.00000 7.00000 5.00000 13.00000
11.00000 7.00000 11.00000 10.00000 11.00000 10.00000 12.00000 11.00000 12.00000 11.00000 11.00000 16.00000 10.00000 11.00000 11.00000 6.00000 11.00000 12.00000 24.00000 6.00000 14.00000 24.00000 12.00000 15.00000 11.00000 25.00000 6.00000 7.00000 7.00000 15.00000 28.00000 7.00000 27.00000 26.00000 27.00000 24.00000 14.00000 7.00000 11.00000 9.00000 23.00000 11.00000 10.00000 11.00000 9.00000 27.00000 13.00000 3.00000 11.00000 11.00000 22.00000 5.00000 9.00000 11.00000 23.00000 11.00000 15.00000 5.00000 0.00000 8.00000 7.00000 27.00000 11.00000 13.00000 11.00000 14.00000 8.00000 14.00000 13.00000 8.00000 12.00000 13.00000 14.00000 16.00000 11.00000 8.00000 11.00000
12.00000 6.00000 12.00000 7.00000 6.00000 8.00000 14.00000 14.00000 8.00000 8.00000 8.00000 20.00000 9.00000 8.00000 7.00000 4.00000 13.00000 8.00000 25.00000 4.00000 16.00000 25.00000 14.00000 16.00000 6.00000 27.00000 5.00000 5.00000 4.00000 17.00000 30.00000 7.00000 28.00000 27.00000 29.00000 25.00000 17.00000 7.00000 8.00000 7.00000 24.00000 8.00000 13.00000 13.00000 14.00000 29.00000 9.00000 9.00000 8.00000 7.00000 23.00000 6.00000 8.00000 8.00000 24.00000 8.00000 17.00000 6.00000 8.00000 0.00000 5.00000 29.00000 14.00000 15.00000 8.00000 16.00000 13.00000 9.00000 8.00000 6.00000 15.00000 9.00000 16.00000 17.00000 8.00000 8.00000 12.00000
14.00000 3.00000 14.00000 4.00000 6.00000 4.00000 16.00000 15.00000 6.00000 5.00000 5.00000 20.00000 6.00000 5.00000 5.00000 4.00000 14.00000 7.00000 27.00000 4.00000 17.00000 27.00000 15.00000 18.00000 5.00000 28.00000 3.00000 2.00000 2.00000 18.00000 31.00000 4.00000 30.00000 29.00000 31.00000 27.00000 18.00000 10.00000 5.00000 10.00000 26.00000 5.00000 14.00000 14.00000 13.00000 30.00000 7.00000 8.00000 5.00000 5.00000 25.00000 5.00000 10.00000 5.00000 26.00000 5.00000 18.00000 4.00000 9.00000 5.00000 0.00000 30.00000 15.00000 16.00000 5.00000 17.00000 12.00000 8.00000 7.00000 2.00000 16.00000 7.00000 17.00000 19.00000 5.00000 5.00000 14.00000
19.00000 29.00000 19.00000 32.00000 31.00000 32.00000 20.00000 20.00000 33.00000 33.00000 32.00000 26.00000 32.00000 32.00000 32.00000 27.00000 20.00000 33.00000 4.00000 27.00000 18.00000 10.00000 20.00000 13.00000 31.00000 10.00000 27.00000 28.00000 28.00000 22.00000 10.00000 29.00000 10.00000 9.00000 7.00000 10.00000 19.00000 24.00000 32.00000 25.00000 9.00000 33.00000 19.00000 19.00000 23.00000 6.00000 34.00000 26.00000 33.00000 32.00000 7.00000 27.00000 24.00000 32.00000 7.00000 32.00000 20.00000 28.00000 27.00000 29.00000 28.00000 0.00000 20.00000 19.00000 32.00000 20.00000 21.00000 34.00000 33.00000 29.00000 18.00000 33.00000 21.00000 19.00000 32.00000 30.00000 19.00000
6.00000 13.00000 6.00000 15.00000 16.00000 15.00000 2.00000 4.00000 16.00000 16.00000 16.00000 8.00000 15.00000 16.00000 15.00000 12.00000 4.00000 17.00000 17.00000 12.00000 7.00000 18.00000 2.00000 8.00000 16.00000 19.00000 12.00000 13.00000 13.00000 5.00000 22.00000 12.00000 20.00000 19.00000 21.00000 18.00000 6.00000 9.00000 16.00000 10.00000 17.00000 16.00000 3.00000 5.00000 6.00000 21.00000 18.00000 9.00000 16.00000 16.00000 16.00000 12.00000 11.00000 16.00000 16.00000 16.00000 5.00000 12.00000 10.00000 13.00000 13.00000 21.00000 0.00000 3.00000 15.00000 4.00000 4.00000 18.00000 17.00000 14.00000 2.00000 18.00000 4.00000 9.00000 16.00000 13.00000 6.00000
5.00000 15.00000 5.00000 16.00000 17.00000 16.00000 4.00000 3.00000 18.00000 17.00000 17.00000 9.00000 16.00000 17.00000 17.00000 13.00000 4.00000 19.00000 17.00000 14.00000 6.00000 17.00000 3.00000 8.00000 17.00000 18.00000 13.00000 14.00000 14.00000 5.00000 21.00000 13.00000 20.00000 19.00000 20.00000 17.00000 5.00000 10.00000 17.00000 12.00000 16.00000 17.00000 3.00000 5.00000 7.00000 20.00000 19.00000 11.00000 17.00000 17.00000 15.00000 13.00000 12.00000 17.00000 16.00000 17.00000 4.00000 13.00000 12.00000 15.00000 14.00000 20.00000 4.00000 0.00000 17.00000 3.00000 6.00000 20.00000 19.00000 15.00000 2.00000 19.00000 3.00000 8.00000 17.00000 15.00000 5.00000
17.00000 7.00000 17.00000 2.00000 3.00000 3.00000 19.00000 18.00000 2.00000 3.00000 1.00000 22.00000 4.00000 1.00000 2.00000 7.00000 17.00000 3.00000 29.00000 7.00000 20.00000 30.00000 19.00000 20.00000 3.00000 31.00000 8.00000 7.00000 6.00000 21.00000 34.00000 7.00000 32.00000 31.00000 33.00000 30.00000 21.00000 12.00000 2.00000 12.00000 29.00000 2.00000 17.00000 18.00000 15.00000 33.00000 4.00000 10.00000 1.00000 2.00000 28.00000 9.00000 12.00000 1.00000 28.00000 1.00000 22.00000 8.00000 11.00000 8.00000 7.00000 33.00000 18.00000 19.00000 0.00000 20.00000 15.00000 4.00000 4.00000 6.00000 19.00000 3.00000 20.00000 21.00000 1.00000 6.00000 17.00000
7.00000 16.00000 7.00000 17.00000 18.00000 18.00000 3.00000 5.00000 19.00000 18.00000 18.00000 7.00000 17.00000 18.00000 18.00000 14.00000 5.00000 20.00000 18.00000 15.00000 6.00000 18.00000 2.00000 9.00000 18.00000 19.00000 14.00000 15.00000 15.00000 3.00000 23.00000 14.00000 21.00000 20.00000 22.00000 18.00000 4.00000 12.00000 18.00000 13.00000 17.00000 18.00000 4.00000 6.00000 8.00000 22.00000 20.00000 12.00000 18.00000 18.00000 16.00000 15.00000 13.00000 18.00000 17.00000 18.00000 4.00000 14.00000 13.00000 16.00000 15.00000 21.00000 4.00000 2.00000 18.00000 0.00000 7.00000 21.00000 20.00000 16.00000 3.00000 20.00000 2.00000 8.00000 18.00000 16.00000 7.00000
6.00000 12.00000 6.00000 15.00000 15.00000 15.00000 7.00000 5.00000 17.00000 16.00000 16.00000 11.00000 15.00000 16.00000 15.00000 11.00000 4.00000 17.00000 18.00000 11.00000 8.00000 18.00000 6.00000 9.00000 15.00000 19.00000 11.00000 12.00000 12.00000 9.00000 23.00000 12.00000 21.00000 20.00000 22.00000 18.00000 8.00000 8.00000 16.00000 11.00000 17.00000 16.00000 4.00000 6.00000 6.00000 22.00000 18.00000 9.00000 16.00000 16.00000 16.00000 11.00000 12.00000 16.00000 17.00000 16.00000 9.00000 11.00000 9.00000 12.00000 12.00000 21.00000 5.00000 7.00000 16.00000 8.00000 0.00000 18.00000 17.00000 13.00000 6.00000 18.00000 8.00000 9.00000 16.00000 14.00000 6.00000
18.00000 9.00000 18.00000 5.00000 5.00000 5.00000 21.00000 20.00000 3.00000 4.00000 4.00000 25.00000 6.00000 4.00000 4.00000 9.00000 20.00000 2.00000 31.00000 9.00000 21.00000 31.00000 21.00000 22.00000 5.00000 32.00000 10.00000 9.00000 8.00000 23.00000 36.00000 9.00000 34.00000 33.00000 35.00000 31.00000 23.00000 14.00000 4.00000 13.00000 30.00000 4.00000 19.00000 19.00000 18.00000 35.00000 3.00000 13.00000 4.00000 3.00000 29.00000 11.00000 13.00000 4.00000 30.00000 4.00000 24.00000 10.00000 13.00000 10.00000 9.00000 34.00000 20.00000 21.00000 4.00000 22.00000 17.00000 0.00000 3.00000 8.00000 21.00000 2.00000 22.00000 23.00000 4.00000 9.00000 18.00000
18.00000 8.00000 18.00000 4.00000 4.00000 4.00000 20.00000 19.00000 2.00000 4.00000 3.00000 24.00000 5.00000 3.00000 3.00000 9.00000 19.00000 1.00000 30.00000 9.00000 21.00000 31.00000 20.00000 21.00000 4.00000 32.00000 9.00000 9.00000 7.00000 23.00000 35.00000 8.00000 33.00000 33.00000 34.00000 31.00000 22.00000 13.00000 3.00000 13.00000 30.00000 3.00000 18.00000 19.00000 17.00000 34.00000 2.00000 12.00000 3.00000 2.00000 29.00000 10.00000 13.00000 3.00000 29.00000 3.00000 23.00000 10.00000 12.00000 9.00000 9.00000 34.00000 19.00000 21.00000 3.00000 22.00000 16.00000 1.00000 0.00000 8.00000 20.00000 1.00000 22.00000 22.00000 3.00000 8.00000 18.00000
14.00000 1.00000 14.00000 5.00000 7.00000 5.00000 16.00000 15.00000 6.00000 6.00000 5.00000 19.00000 7.00000 6.00000 5.00000 5.00000 14.00000 7.00000 27.00000 5.00000 18.00000 27.00000 16.00000 18.00000 5.00000 29.00000 3.00000 2.00000 4.00000 18.00000 32.00000 3.00000 30.00000 29.00000 31.00000 27.00000 18.00000 10.00000 5.00000 11.00000 27.00000 6.00000 14.00000 15.00000 13.00000 31.00000 7.00000 8.00000 6.00000 6.00000 26.00000 5.00000 11.00000 6.00000 26.00000 5.00000 19.00000 4.00000 8.00000 6.00000 2.00000 31.00000 15.00000 16.00000 5.00000 17.00000 12.00000 8.00000 7.00000 0.00000 16.00000 7.00000 17.00000 19.00000 6.00000 6.00000 14.00000
6.00000 16.00000 6.00000 17.00000 18.00000 17.00000 4.00000 4.00000 19.00000 18.00000 18.00000 9.00000 17.00000 18.00000 18.00000 14.00000 5.00000 19.00000 18.00000 14.00000 6.00000 18.00000 2.00000 9.00000 18.00000 19.00000 14.00000 15.00000 15.00000 5.00000 22.00000 14.00000 21.00000 20.00000 21.00000 18.00000 4.00000 11.00000 18.00000 13.00000 17.00000 18.00000 4.00000 6.00000 8.00000 21.00000 20.00000 12.00000 18.00000 18.00000 16.00000 14.00000 13.00000 18.00000 17.00000 18.00000 4.00000 14.00000 12.00000 16.00000 15.00000 21.00000 4.00000 1.00000 18.00000 2.00000 7.00000 21.00000 20.00000 16.00000 0.00000 20.00000 3.00000 7.00000 18.00000 16.00000 6.00000
17.00000 8.00000 17.00000 4.00000 4.00000 5.00000 20.00000 19.00000 3.00000 4.00000 4.00000 24.00000 5.00000 4.00000 3.00000 9.00000 19.00000 2.00000 30.00000 9.00000 20.00000 30.00000 20.00000 21.00000 4.00000 31.00000 9.00000 8.00000 7.00000 22.00000 35.00000 8.00000 33.00000 32.00000 34.00000 30.00000 22.00000 13.00000 4.00000 12.00000 29.00000 4.00000 18.00000 18.00000 17.00000 34.00000 2.00000 12.00000 3.00000 3.00000 28.00000 11.00000 12.00000 4.00000 29.00000 3.00000 23.00000 10.00000 13.00000 9.00000 8.00000 33.00000 19.00000 20.00000 4.00000 21.00000 16.00000 2.00000 2.00000 7.00000 20.00000 0.00000 21.00000 22.00000 4.00000 8.00000 17.00000
7.00000 16.00000 7.00000 18.00000 18.00000 18.00000 3.00000 6.00000 19.00000 18.00000 18.00000 7.00000 17.00000 18.00000 18.00000 15.00000 6.00000 20.00000 19.00000 15.00000 7.00000 19.00000 2.00000 10.00000 18.00000 20.00000 15.00000 16.00000 16.00000 2.00000 24.00000 14.00000 22.00000 21.00000 23.00000 19.00000 6.00000 12.00000 18.00000 13.00000 18.00000 19.00000 5.00000 7.00000 9.00000 23.00000 20.00000 12.00000 19.00000 19.00000 17.00000 15.00000 14.00000 19.00000 18.00000 18.00000 5.00000 14.00000 13.00000 16.00000 16.00000 22.00000 3.00000 3.00000 18.00000 2.00000 7.00000 21.00000 20.00000 17.00000 4.00000 20.00000 0.00000 9.00000 19.00000 16.00000 7.00000
7.00000 18.00000 7.00000 20.00000 20.00000 20.00000 8.00000 7.00000 21.00000 21.00000 20.00000 14.00000 20.00000 21.00000 20.00000 16.00000 7.00000 22.00000 18.00000 16.00000 2.00000 18.00000 8.00000 9.00000 20.00000 19.00000 16.00000 17.00000 17.00000 10.00000 23.00000 17.00000 21.00000 20.00000 22.00000 18.00000 5.00000 13.00000 21.00000 15.00000 17.00000 21.00000 7.00000 7.00000 11.00000 22.00000 22.00000 14.00000 21.00000 21.00000 16.00000 16.00000 15.00000 21.00000 17.00000 20.00000 6.00000 16.00000 15.00000 18.00000 17.00000 21.00000 8.00000 7.00000 20.00000 8.00000 9.00000 23.00000 22.00000 18.00000 6.00000 22.00000 8.00000 0.00000 21.00000 18.00000 7.00000
17.00000 7.00000 17.00000 2.00000 4.00000 3.00000 19.00000 18.00000 2.00000 3.00000 2.00000 22.00000 4.00000 1.00000 2.00000 7.00000 18.00000 3.00000 30.00000 7.00000 20.00000 30.00000 19.00000 21.00000 3.00000 31.00000 8.00000 7.00000 6.00000 21.00000 34.00000 7.00000 33.00000 32.00000 34.00000 30.00000 21.00000 12.00000 2.00000 12.00000 29.00000 2.00000 17.00000 18.00000 16.00000 33.00000 4.00000 11.00000 1.00000 2.00000 28.00000 9.00000 12.00000 1.00000 29.00000 1.00000 22.00000 8.00000 11.00000 8.00000 7.00000 33.00000 18.00000 19.00000 1.00000 20.00000 15.00000 4.00000 4.00000 6.00000 19.00000 3.00000 20.00000 22.00000 0.00000 7.00000 17.00000
17.00000 6.00000 17.00000 6.00000 8.00000 6.00000 17.00000 16.00000 8.00000 7.00000 7.00000 20.00000 6.00000 7.00000 6.00000 7.00000 16.00000 8.00000 29.00000 8.00000 19.00000 30.00000 17.00000 20.00000 7.00000 31.00000 6.00000 6.00000 7.00000 19.00000 34.00000 6.00000 32.00000 32.00000 33.00000 30.00000 19.00000 12.00000 7.00000 13.00000 29.00000 7.00000 15.00000 17.00000 12.00000 33.00000 9.00000 8.00000 7.00000 7.00000 28.00000 7.00000 14.00000 7.00000 28.00000 7.00000 20.00000 7.00000 8.00000 10.00000 6.00000 33.00000 15.00000 18.00000 7.00000 18.00000 13.00000 9.00000 8.00000 6.00000 17.00000 9.00000 18.00000 21.00000 7.00000 0.00000 17.00000
0.00000 13.00000 0.00000 16.00000 15.00000 16.00000 6.00000 3.00000 18.00000 17.00000 17.00000 12.00000 17.00000 17.00000 16.00000 11.00000 3.00000 17.00000 15.00000 12.00000 5.00000 16.00000 6.00000 6.00000 15.00000 17.00000 12.00000 13.00000 13.00000 8.00000 20.00000 13.00000 18.00000 18.00000 19.00000 16.00000 6.00000 9.00000 17.00000 10.00000 15.00000 17.00000 3.00000 2.00000 10.00000 19.00000 19.00000 12.00000 17.00000 17.00000 14.00000 12.00000 10.00000 17.00000 14.00000 17.00000 7.00000 12.00000 11.00000 13.00000 13.00000 19.00000 6.00000 6.00000 17.00000 7.00000 7.00000 19.00000 18.00000 14.00000 5.00000 18.00000 7.00000 7.00000 17.00000 16.00000 0.00000
p
0.0 0.0 0.0 0.0 0.0 0.0 
0.0 0.0 0.0 0.0 0.0 0.0 
0.0 0.0 0.0 0.0 0.0 0.0 
0.0 0.0 0.0 0.0 0.0 0.0 
0.0 0.0 0.0 0.0 0.0 0.0 
0.0 0.0 0.0 0.0 0.0 0.0 
0.0 0.0 0.0 0.0 0.0 0.0 
0.0 0.0 0.0 0.0 0.0 0.0 
0.0 0.0 0.0 0.0 0.0 0.0 
0.0 0.0 0.0 0.0 0.0 0.0 
0.0 0.0 0.0 0.0 0.0 0.0 
0.0 0.0 0.0 0.0 0.0 0.0 
0.0 0.0 0.0 0.0 0.0 0.0 
0.0 0.0 0.0 0.0 0.0 0.0 
0.0 0.0 0.0 0.0 0.0 0.0 
0 0 0 0 33 0 
0 0 0 0 33 0 
0 0 0 0 33 0 
0 0 0 0 33 0 
0 0 0 0 33 0 
0 0 0 0 33 0 
0 0 0 0 33 0 
0 0 0 0 33 0 
0 0 0 0 33 0 
0 0 0 0 33 0 
0 0 0 0 33 0 
0 0 0 0 33 0 
0 0 0 0 33 0 
0 0 0 0 33 0 
0 0 0 0 33 0 
0 33 0 0 21 0 
0 33 0 0 21 0 
0 33 0 0 21 0 
0 33 0 0 21 0 
0 33 0 0 21 0 
0 33 0 0 21 0 
0 33 0 0 21 0 
0 33 0 0 21 0 
0 33 0 0 21 0 
0 33 0 0 21 0 
0 33 0 0 21 0 
0 33 0 0 21 0 
0 33 0 0 21 0 
0 33 0 0 21 0 
0 33 0 0 21 0 
0 0 0 0 0 16 
0 0 0 0 0 16 
0 0 0 0 0 16 
0 0 0 0 0 16 
0 0 0 0 0 16 
0 0 0 0 0 16 
0 0 0 0 0 16 
0 0 0 0 0 16 
0 0 0 0 0 16 
0 0 0 0 0 16 
0 0 0 0 0 16 
0 0 0 0 0 16 
0 0 0 0 0 16 
0 0 0 0 0 16 
0 0 0 0 0 16 
0 18 0 0 0 28 
0 18 0 0 0 28 
0 18 0 0 0 28 
0 18 0 0 0 28 
0 18 0 0 0 28 
0 18 0 0 0 28 
0 18 0 0 0 28 
0 18 0 0 0 28 
0 18 0 0 0 28 
0 18 0 0 0 28 
0 18 0 0 0 28 
0 18 0 0 0 28 
0 18 0 0 0 28 
0 18 0 0 0 28 
0 18 0 0 0 28 
27 0 0 0 22 0 
27 0 0 0 22 0 
27 0 0 0 22 0 
27 0 0 0 22 0 
27 0 0 0 22 0 
27 0 0 0 22 0 
27 0 0 0 22 0 
27 0 0 0 22 0 
27 0 0 0 22 0 
27 0 0 0 22 0 
27 0 0 0 22 0 
27 0 0 0 22 0 
27 0 0 0 22 0 
27 0 0 0 22 0 
27 0 0 0 22 0 
0 57 0 0 0 47 
0 57 0 0 0 47 
0 57 0 0 0 47 
0 57 0 0 0 47 
0 57 0 0 0 47 
0 57 0 0 0 47 
0 57 0 0 0 47 
0 57 0 0 0 47 
0 57 0 0 0 47 
0 57 0 0 0 47 
0 57 0 0 0 47 
0 57 0 0 0 47 
0 57 0 0 0 47 
0 57 0 0 0 47 
0 57 0 0 0 47 
27 0 0 27 0 0 
27 0 0 27 0 0 
27 0 0 27 0 0 
27 0 0 27 0 0 
27 0 0 27 0 0 
27 0 0 27 0 0 
27 0 0 27 0 0 
27 0 0 27 0 0 
27 0 0 27 0 0 
27 0 0 27 0 0 
27 0 0 27 0 0 
27 0 0 27 0 0 
27 0 0 27 0 0 
27 0 0 27 0 0 
27 0 0 27 0 0 
0 0 18 17 0 0 
0 0 18 17 0 0 
0 0 18 17 0 0 
0 0 18 17 0 0 
0 0 18 17 0 0 
0 0 18 17 0 0 
0 0 18 17 0 0 
0 0 18 17 0 0 
0 0 18 17 0 0 
0 0 18 17 0 0 
0 0 18 17 0 0 
0 0 18 17 0 0 
0 0 18 17 0 0 
0 0 18 17 0 0 
0 0 18 17 0 0 
0 49 0 15 0 0 
0 49 0 15 0 0 
0 49 0 15 0 0 
0 49 0 15 0 0 
0 49 0 15 0 0 
0 49 0 15 0 0 
0 49 0 15 0 0 
0 49 0 15 0 0 
0 49 0 15 0 0 
0 49 0 15 0 0 
0 49 0 15 0 0 
0 49 0 15 0 0 
0 49 0 15 0 0 
0 49 0 15 0 0 
0 49 0 15 0 0 
0 0 33 0 0 0 
0 0 33 0 0 0 
0 0 33 0 0 0 
0 0 33 0 0 0 
0 0 33 0 0 0 
0 0 33 0 0 0 
0 0 33 0 0 0 
0 0 33 0 0 0 
0 0 33 0 0 0 
0 0 33 0 0 0 
0 0 33 0 0 0 
0 0 33 0 0 0 
0 0 33 0 0 0 
0 0 33 0 0 0 
0 0 33 0 0 0 
33 0 0 0 24 0 
33 0 0 0 24 0 
33 0 0 0 24 0 
33 0 0 0 24 0 
33 0 0 0 24 0 
33 0 0 0 24 0 
33 0 0 0 24 0 
33 0 0 0 24 0 
33 0 0 0 24 0 
33 0 0 0 24 0 
33 0 0 0 24 0 
33 0 0 0 24 0 
33 0 0 0 24 0 
33 0 0 0 24 0 
33 0 0 0 24 0 
0 0 16 0 0 27 
0 0 16 0 0 27 
0 0 16 0 0 27 
0 0 16 0 0 27 
0 0 16 0 0 27 
0 0 16 0 0 27 
0 0 16 0 0 27 
0 0 16 0 0 27 
0 0 16 0 0 27 
0 0 16 0 0 27 
0 0 16 0 0 27 
0 0 16 0 0 27 
0 0 16 0 0 27 
0 0 16 0 0 27 
0 0 16 0 0 27 
0 56 0 0 0 0 
0 56 0 0 0 0 
0 56 0 0 0 0 
0 56 0 0 0 0 
0 56 0 0 0 0 
0 56 0 0 0 0 
0 56 0 0 0 0 
0 56 0 0 0 0 
0 56 0 0 0 0 
0 56 0 0 0 0 
0 56 0 0 0 0 
0 56 0 0 0 0 
0 56 0 0 0 0 
0 56 0 0 0 0 
0 56 0 0 0 0 
0 0 0 19 0 0 
0 0 0 19 0 0 
0 0 0 19 0 0 
0 0 0 19 0 0 
0 0 0 19 0 0 
0 0 0 19 0 0 
0 0 0 19 0 0 
0 0 0 19 0 0 
0 0 0 19 0 0 
0 0 0 19 0 0 
0 0 0 19 0 0 
0 0 0 19 0 0 
0 0 0 19 0 0 
0 0 0 19 0 0 
0 0 0 19 0 0 
0 0 40 0 38 0 
0 0 40 0 38 0 
0 0 40 0 38 0 
0 0 40 0 38 0 
0 0 40 0 38 0 
0 0 40 0 38 0 
0 0 40 0 38 0 
0 0 40 0 38 0 
0 0 40 0 38 0 
0 0 40 0 38 0 
0 0 40 0 38 0 
0 0 40 0 38 0 
0 0 40 0 38 0 
0 0 40 0 38 0 
0 0 40 0 38 0 
0 0 0 0 58 0 
0 0 0 0 58 0 
0 0 0 0 58 0 
0 0 0 0 58 0 
0 0 0 0 58 0 
0 0 0 0 58 0 
0 0 0 0 58 0 
0 0 0 0 58 0 
0 0 0 0 58 0 
0 0 0 0 58 0 
0 0 0 0 58 0 
0 0 0 0 58 0 
0 0 0 0 58 0 
0 0 0 0 58 0 
0 0 0 0 58 0 
57 0 0 0 57 0 
57 0 0 0 57 0 
57 0 0 0 57 0 
57 0 0 0 57 0 
57 0 0 0 57 0 
57 0 0 0 57 0 
57 0 0 0 57 0 
57 0 0 0 57 0 
57 0 0 0 57 0 
57 0 0 0 57 0 
57 0 0 0 57 0 
57 0 0 0 57 0 
57 0 0 0 57 0 
57 0 0 0 57 0 
57 0 0 0 57 0 
0 47 0 0 0 0 
0 47 0 0 0 0 
0 47 0 0 0 0 
0 47 0 0 0 0 
0 47 0 0 0 0 
0 47 0 0 0 0 
0 47 0 0 0 0 
0 47 0 0 0 0 
0 47 0 0 0 0 
0 47 0 0 0 0 
0 47 0 0 0 0 
0 47 0 0 0 0 
0 47 0 0 0 0 
0 47 0 0 0 0 
0 47 0 0 0 0 
0 36 0 0 0 0 
0 36 0 0 0 0 
0 36 0 0 0 0 
0 36 0 0 0 0 
0 36 0 0 0 0 
0 36 0 0 0 0 
0 36 0 0 0 0 
0 36 0 0 0 0 
0 36 0 0 0 0 
0 36 0 0 0 0 
0 36 0 0 0 0 
0 36 0 0 0 0 
0 36 0 0 0 0 
0 36 0 0 0 0 
0 36 0 0 0 0 
0 0 0 0 20 0 
0 0 0 0 20 0 
0 0 0 0 20 0 
0 0 0 0 20 0 
0 0 0 0 20 0 
0 0 0 0 20 0 
0 0 0 0 20 0 
0 0 0 0 20 0 
0 0 0 0 20 0 
0 0 0 0 20 0 
0 0 0 0 20 0 
0 0 0 0 20 0 
0 0 0 0 20 0 
0 0 0 0 20 0 
0 0 0 0 20 0 
0 17 0 0 0 0 
0 17 0 0 0 0 
0 17 0 0 0 0 
0 17 0 0 0 0 
0 17 0 0 0 0 
0 17 0 0 0 0 
0 17 0 0 0 0 
0 17 0 0 0 0 
0 17 0 0 0 0 
0 17 0 0 0 0 
0 17 0 0 0 0 
0 17 0 0 0 0 
0 17 0 0 0 0 
0 17 0 0 0 0 
0 17 0 0 0 0 
0 0 45 0 0 0 
0 0 45 0 0 0 
0 0 45 0 0 0 
0 0 45 0 0 0 
0 0 45 0 0 0 
0 0 45 0 0 0 
0 0 45 0 0 0 
0 0 45 0 0 0 
0 0 45 0 0 0 
0 0 45 0 0 0 
0 0 45 0 0 0 
0 0 45 0 0 0 
0 0 45 0 0 0 
0 0 45 0 0 0 
0 0 45 0 0 0 
0 45 0 0 0 0 
0 45 0 0 0 0 
0 45 0 0 0 0 
0 45 0 0 0 0 
0 45 0 0 0 0 
0 45 0 0 0 0 
0 45 0 0 0 0 
0 45 0 0 0 0 
0 45 0 0 0 0 
0 45 0 0 0 0 
0 45 0 0 0 0 
0 45 0 0 0 0 
0 45 0 0 0 0 
0 45 0 0 0 0 
0 45 0 0 0 0 
0 0 0 0 0 59 
0 0 0 0 0 59 
0 0 0 0 0 59 
0 0 0 0 0 59 
0 0 0 0 0 59 
0 0 0 0 0 59 
0 0 0 0 0 59 
0 0 0 0 0 59 
0 0 0 0 0 59 
0 0 0 0 0 59 
0 0 0 0 0 59 
0 0 0 0 0 59 
0 0 0 0 0 59 
0 0 0 0 0 59 
0 0 0 0 0 59 
0 22 0 51 0 0 
0 22 0 51 0 0 
0 22 0 51 0 0 
0 22 0 51 0 0 
0 22 0 51 0 0 
0 22 0 51 0 0 
0 22 0 51 0 0 
0 22 0 51 0 0 
0 22 0 51 0 0 
0 22 0 51 0 0 
0 22 0 51 0 0 
0 22 0 51 0 0 
0 22 0 51 0 0 
0 22 0 51 0 0 
0 22 0 51 0 0 
0 0 21 0 0 38 
0 0 21 0 0 38 
0 0 21 0 0 38 
0 0 21 0 0 38 
0 0 21 0 0 38 
0 0 21 0 0 38 
0 0 21 0 0 38 
0 0 21 0 0 38 
0 0 21 0 0 38 
0 0 21 0 0 38 
0 0 21 0 0 38 
0 0 21 0 0 38 
0 0 21 0 0 38 
0 0 21 0 0 38 
0 0 21 0 0 38 
0 0 0 0 0 35 
0 0 0 0 0 35 
0 0 0 0 0 35 
0 0 0 0 0 35 
0 0 0 0 0 35 
0 0 0 0 0 35 
0 0 0 0 0 35 
0 0 0 0 0 35 
0 0 0 0 0 35 
0 0 0 0 0 35 
0 0 0 0 0 35 
0 0 0 0 0 35 
0 0 0 0 0 35 
0 0 0 0 0 35 
0 0 0 0 0 35 
0 0 59 0 0 0 
0 0 59 0 0 0 
0 0 59 0 0 0 
0 0 59 0 0 0 
0 0 59 0 0 0 
0 0 59 0 0 0 
0 0 59 0 0 0 
0 0 59 0 0 0 
0 0 59 0 0 0 
0 0 59 0 0 0 
0 0 59 0 0 0 
0 0 59 0 0 0 
0 0 59 0 0 0 
0 0 59 0 0 0 
0 0 59 0 0 0 
0 0 0 38 0 0 
0 0 0 38 0 0 
0 0 0 38 0 0 
0 0 0 38 0 0 
0 0 0 38 0 0 
0 0 0 38 0 0 
0 0 0 38 0 0 
0 0 0 38 0 0 
0 0 0 38 0 0 
0 0 0 38 0 0 
0 0 0 38 0 0 
0 0 0 38 0 0 
0 0 0 38 0 0 
0 0 0 38 0 0 
0 0 0 38 0 0 
0 0 0 0 0 25 
0 0 0 0 0 25 
0 0 0 0 0 25 
0 0 0 0 0 25 
0 0 0 0 0 25 
0 0 0 0 0 25 
0 0 0 0 0 25 
0 0 0 0 0 25 
0 0 0 0 0 25 
0 0 0 0 0 25 
0 0 0 0 0 25 
0 0 0 0 0 25 
0 0 0 0 0 25 
0 0 0 0 0 25 
0 0 0 0 0 25 
0 0 0 41 0 0 
0 0 0 41 0 0 
0 0 0 41 0 0 
0 0 0 41 0 0 
0 0 0 41 0 0 
0 0 0 41 0 0 
0 0 0 41 0 0 
0 0 0 41 0 0 
0 0 0 41 0 0 
0 0 0 41 0 0 
0 0 0 41 0 0 
0 0 0 41 0 0 
0 0 0 41 0 0 
0 0 0 41 0 0 
0 0 0 41 0 0 
54 0 0 0 0 0 
54 0 0 0 0 0 
54 0 0 0 0 0 
54 0 0 0 0 0 
54 0 0 0 0 0 
54 0 0 0 0 0 
54 0 0 0 0 0 
54 0 0 0 0 0 
54 0 0 0 0 0 
54 0 0 0 0 0 
54 0 0 0 0 0 
54 0 0 0 0 0 
54 0 0 0 0 0 
54 0 0 0 0 0 
54 0 0 0 0 0 
0 0 0 0 0 50 
0 0 0 0 0 50 
0 0 0 0 0 50 
0 0 0 0 0 50 
0 0 0 0 0 50 
0 0 0 0 0 50 
0 0 0 0 0 50 
0 0 0 0 0 50 
0 0 0 0 0 50 
0 0 0 0 0 50 
0 0 0 0 0 50 
0 0 0 0 0 50 
0 0 0 0 0 50 
0 0 0 0 0 50 
0 0 0 0 0 50 
33 0 0 59 0 0 
33 0 0 59 0 0 
33 0 0 59 0 0 
33 0 0 59 0 0 
33 0 0 59 0 0 
33 0 0 59 0 0 
33 0 0 59 0 0 
33 0 0 59 0 0 
33 0 0 59 0 0 
33 0 0 59 0 0 
33 0 0 59 0 0 
33 0 0 59 0 0 
33 0 0 59 0 0 
33 0 0 59 0 0 
33 0 0 59 0 0 
0 0 0 21 0 0 
0 0 0 21 0 0 
0 0 0 21 0 0 
0 0 0 21 0 0 
0 0 0 21 0 0 
0 0 0 21 0 0 
0 0 0 21 0 0 
0 0 0 21 0 0 
0 0 0 21 0 0 
0 0 0 21 0 0 
0 0 0 21 0 0 
0 0 0 21 0 0 
0 0 0 21 0 0 
0 0 0 21 0 0 
0 0 0 21 0 0 
0 0 15 0 0 0 
0 0 15 0 0 0 
0 0 15 0 0 0 
0 0 15 0 0 0 
0 0 15 0 0 0 
0 0 15 0 0 0 
0 0 15 0 0 0 
0 0 15 0 0 0 
0 0 15 0 0 0 
0 0 15 0 0 0 
0 0 15 0 0 0 
0 0 15 0 0 0 
0 0 15 0 0 0 
0 0 15 0 0 0 
0 0 15 0 0 0 
0 0 36 0 0 0 
0 0 36 0 0 0 
0 0 36 0 0 0 
0 0 36 0 0 0 
0 0 36 0 0 0 
0 0 36 0 0 0 
0 0 36 0 0 0 
0 0 36 0 0 0 
0 0 36 0 0 0 
0 0 36 0 0 0 
0 0 36 0 0 0 
0 0 36 0 0 0 
0 0 36 0 0 0 
0 0 36 0 0 0 
0 0 36 0 0 0 
0 0 0 0 0 57 
0 0 0 0 0 57 
0 0 0 0 0 57 
0 0 0 0 0 57 
0 0 0 0 0 57 
0 0 0 0 0 57 
0 0 0 0 0 57 
0 0 0 0 0 57 
0 0 0 0 0 57 
0 0 0 0 0 57 
0 0 0 0 0 57 
0 0 0 0 0 57 
0 0 0 0 0 57 
0 0 0 0 0 57 
0 0 0 0 0 57 
0 0 0 0 0 32 
0 0 0 0 0 32 
0 0 0 0 0 32 
0 0 0 0 0 32 
0 0 0 0 0 32 
0 0 0 0 0 32 
0 0 0 0 0 32 
0 0 0 0 0 32 
0 0 0 0 0 32 
0 0 0 0 0 32 
0 0 0 0 0 32 
0 0 0 0 0 32 
0 0 0 0 0 32 
0 0 0 0 0 32 
0 0 0 0 0 32 
0 0 0 51 0 0 
0 0 0 51 0 0 
0 0 0 51 0 0 
0 0 0 51 0 0 
0 0 0 51 0 0 
0 0 0 51 0 0 
0 0 0 51 0 0 
0 0 0 51 0 0 
0 0 0 51 0 0 
0 0 0 51 0 0 
0 0 0 51 0 0 
0 0 0 51 0 0 
0 0 0 51 0 0 
0 0 0 51 0 0 
0 0 0 51 0 0 
0 0 0 0 0 56 
0 0 0 0 0 56 
0 0 0 0 0 56 
0 0 0 0 0 56 
0 0 0 0 0 56 
0 0 0 0 0 56 
0 0 0 0 0 56 
0 0 0 0 0 56 
0 0 0 0 0 56 
0 0 0 0 0 56 
0 0 0 0 0 56 
0 0 0 0 0 56 
0 0 0 0 0 56 
0 0 0 0 0 56 
0 0 0 0 0 56 
0 30 0 0 0 0 
0 30 0 0 0 0 
0 30 0 0 0 0 
0 30 0 0 0 0 
0 30 0 0 0 0 
0 30 0 0 0 0 
0 30 0 0 0 0 
0 30 0 0 0 0 
0 30 0 0 0 0 
0 30 0 0 0 0 
0 30 0 0 0 0 
0 30 0 0 0 0 
0 30 0 0 0 0 
0 30 0 0 0 0 
0 30 0 0 0 0 
0 30 0 0 0 0 
0 30 0 0 0 0 
0 30 0 0 0 0 
0 30 0 0 0 0 
0 30 0 0 0 0 
0 30 0 0 0 0 
0 30 0 0 0 0 
0 30 0 0 0 0 
0 30 0 0 0 0 
0 30 0 0 0 0 
0 30 0 0 0 0 
0 30 0 0 0 0 
0 30 0 0 0 0 
0 30 0 0 0 0 
0 30 0 0 0 0 
0 0 0 0 0 58 
0 0 0 0 0 58 
0 0 0 0 0 58 
0 0 0 0 0 58 
0 0 0 0 0 58 
0 0 0 0 0 58 
0 0 0 0 0 58 
0 0 0 0 0 58 
0 0 0 0 0 58 
0 0 0 0 0 58 
0 0 0 0 0 58 
0 0 0 0 0 58 
0 0 0 0 0 58 
0 0 0 0 0 58 
0 0 0 0 0 58 
0 0 0 0 0 25 
0 0 0 0 0 25 
0 0 0 0 0 25 
0 0 0 0 0 25 
0 0 0 0 0 25 
0 0 0 0 0 25 
0 0 0 0 0 25 
0 0 0 0 0 25 
0 0 0 0 0 25 
0 0 0 0 0 25 
0 0 0 0 0 25 
0 0 0 0 0 25 
0 0 0 0 0 25 
0 0 0 0 0 25 
0 0 0 0 0 25 
0 0 0 51 0 0 
0 0 0 51 0 0 
0 0 0 51 0 0 
0 0 0 51 0 0 
0 0 0 51 0 0 
0 0 0 51 0 0 
0 0 0 51 0 0 
0 0 0 51 0 0 
0 0 0 51 0 0 
0 0 0 51 0 0 
0 0 0 51 0 0 
0 0 0 51 0 0 
0 0 0 51 0 0 
0 0 0 51 0 0 
0 0 0 51 0 0 
41 0 0 0 0 0 
41 0 0 0 0 0 
41 0 0 0 0 0 
41 0 0 0 0 0 
41 0 0 0 0 0 
41 0 0 0 0 0 
41 0 0 0 0 0 
41 0 0 0 0 0 
41 0 0 0 0 0 
41 0 0 0 0 0 
41 0 0 0 0 0 
41 0 0 0 0 0 
41 0 0 0 0 0 
41 0 0 0 0 0 
41 0 0 0 0 0 
0 0 0 0 0 42 
0 0 0 0 0 42 
0 0 0 0 0 42 
0 0 0 0 0 42 
0 0 0 0 0 42 
0 0 0 0 0 42 
0 0 0 0 0 42 
0 0 0 0 0 42 
0 0 0 0 0 42 
0 0 0 0 0 42 
0 0 0 0 0 42 
0 0 0 0 0 42 
0 0 0 0 0 42 
0 0 0 0 0 42 
0 0 0 0 0 42 
0 0 22 0 0 0 
0 0 22 0 0 0 
0 0 22 0 0 0 
0 0 22 0 0 0 
0 0 22 0 0 0 
0 0 22 0 0 0 
0 0 22 0 0 0 
0 0 22 0 0 0 
0 0 22 0 0 0 
0 0 22 0 0 0 
0 0 22 0 0 0 
0 0 22 0 0 0 
0 0 22 0 0 0 
0 0 22 0 0 0 
0 0 22 0 0 0 
0 0 51 0 0 0 
0 0 51 0 0 0 
0 0 51 0 0 0 
0 0 51 0 0 0 
0 0 51 0 0 0 
0 0 51 0 0 0 
0 0 51 0 0 0 
0 0 51 0 0 0 
0 0 51 0 0 0 
0 0 51 0 0 0 
0 0 51 0 0 0 
0 0 51 0 0 0 
0 0 51 0 0 0 
0 0 51 0 0 0 
0 0 51 0 0 0 
0 0 0 0 0 25 
0 0 0 0 0 25 
0 0 0 0 0 25 
0 0 0 0 0 25 
0 0 0 0 0 25 
0 0 0 0 0 25 
0 0 0 0 0 25 
0 0 0 0 0 25 
0 0 0 0 0 25 
0 0 0 0 0 25 
0 0 0 0 0 25 
0 0 0 0 0 25 
0 0 0 0 0 25 
0 0 0 0 0 25 
0 0 0 0 0 25 
0 0 0 49 0 0 
0 0 0 49 0 0 
0 0 0 49 0 0 
0 0 0 49 0 0 
0 0 0 49 0 0 
0 0 0 49 0 0 
0 0 0 49 0 0 
0 0 0 49 0 0 
0 0 0 49 0 0 
0 0 0 49 0 0 
0 0 0 49 0 0 
0 0 0 49 0 0 
0 0 0 49 0 0 
0 0 0 49 0 0 
0 0 0 49 0 0 
0 56 0 0 0 0 
0 56 0 0 0 0 
0 56 0 0 0 0 
0 56 0 0 0 0 
0 56 0 0 0 0 
0 56 0 0 0 0 
0 56 0 0 0 0 
0 56 0 0 0 0 
0 56 0 0 0 0 
0 56 0 0 0 0 
0 56 0 0 0 0 
0 56 0 0 0 0 
0 56 0 0 0 0 
0 56 0 0 0 0 
0 56 0 0 0 0 
0 0 17 0 0 28 
0 0 17 0 0 28 
0 0 17 0 0 28 
0 0 17 0 0 28 
0 0 17 0 0 28 
0 0 17 0 0 28 
0 0 17 0 0 28 
0 0 17 0 0 28 
0 0 17 0 0 28 
0 0 17 0 0 28 
0 0 17 0 0 28 
0 0 17 0 0 28 
0 0 17 0 0 28 
0 0 17 0 0 28 
0 0 17 0 0 28 
0 0 0 0 0 30 
0 0 0 0 0 30 
0 0 0 0 0 30 
0 0 0 0 0 30 
0 0 0 0 0 30 
0 0 0 0 0 30 
0 0 0 0 0 30 
0 0 0 0 0 30 
0 0 0 0 0 30 
0 0 0 0 0 30 
0 0 0 0 0 30 
0 0 0 0 0 30 
0 0 0 0 0 30 
0 0 0 0 0 30 
0 0 0 0 0 30 
34 0 0 0 0 0 
34 0 0 0 0 0 
34 0 0 0 0 0 
34 0 0 0 0 0 
34 0 0 0 0 0 
34 0 0 0 0 0 
34 0 0 0 0 0 
34 0 0 0 0 0 
34 0 0 0 0 0 
34 0 0 0 0 0 
34 0 0 0 0 0 
34 0 0 0 0 0 
34 0 0 0 0 0 
34 0 0 0 0 0 
34 0 0 0 0 0 
0 26 0 0 0 43 
0 26 0 0 0 43 
0 26 0 0 0 43 
0 26 0 0 0 43 
0 26 0 0 0 43 
0 26 0 0 0 43 
0 26 0 0 0 43 
0 26 0 0 0 43 
0 26 0 0 0 43 
0 26 0 0 0 43 
0 26 0 0 0 43 
0 26 0 0 0 43 
0 26 0 0 0 43 
0 26 0 0 0 43 
0 26 0 0 0 43 
0 0 40 0 0 30 
0 0 40 0 0 30 
0 0 40 0 0 30 
0 0 40 0 0 30 
0 0 40 0 0 30 
0 0 40 0 0 30 
0 0 40 0 0 30 
0 0 40 0 0 30 
0 0 40 0 0 30 
0 0 40 0 0 30 
0 0 40 0 0 30 
0 0 40 0 0 30 
0 0 40 0 0 30 
0 0 40 0 0 30 
0 0 40 0 0 30 
0 0 0 0 0 54 
0 0 0 0 0 54 
0 0 0 0 0 54 
0 0 0 0 0 54 
0 0 0 0 0 54 
0 0 0 0 0 54 
0 0 0 0 0 54 
0 0 0 0 0 54 
0 0 0 0 0 54 
0 0 0 0 0 54 
0 0 0 0 0 54 
0 0 0 0 0 54 
0 0 0 0 0 54 
0 0 0 0 0 54 
0 0 0 0 0 54 
0 0 0 0 37 0 
0 0 0 0 37 0 
0 0 0 0 37 0 
0 0 0 0 37 0 
0 0 0 0 37 0 
0 0 0 0 37 0 
0 0 0 0 37 0 
0 0 0 0 37 0 
0 0 0 0 37 0 
0 0 0 0 37 0 
0 0 0 0 37 0 
0 0 0 0 37 0 
0 0 0 0 37 0 
0 0 0 0 37 0 
0 0 0 0 37 0 
0 0 0 0 41 0 
0 0 0 0 41 0 
0 0 0 0 41 0 
0 0 0 0 41 0 
0 0 0 0 41 0 
0 0 0 0 41 0 
0 0 0 0 41 0 
0 0 0 0 41 0 
0 0 0 0 41 0 
0 0 0 0 41 0 
0 0 0 0 41 0 
0 0 0 0 41 0 
0 0 0 0 41 0 
0 0 0 0 41 0 
0 0 0 0 41 0 
0 0 0 0 47 0 
0 0 0 0 47 0 
0 0 0 0 47 0 
0 0 0 0 47 0 
0 0 0 0 47 0 
0 0 0 0 47 0 
0 0 0 0 47 0 
0 0 0 0 47 0 
0 0 0 0 47 0 
0 0 0 0 47 0 
0 0 0 0 47 0 
0 0 0 0 47 0 
0 0 0 0 47 0 
0 0 0 0 47 0 
0 0 0 0 47 0 
0 0 22 25 0 0 
0 0 22 25 0 0 
0 0 22 25 0 0 
0 0 22 25 0 0 
0 0 22 25 0 0 
0 0 22 25 0 0 
0 0 22 25 0 0 
0 0 22 25 0 0 
0 0 22 25 0 0 
0 0 22 25 0 0 
0 0 22 25 0 0 
0 0 22 25 0 0 
0 0 22 25 0 0 
0 0 22 25 0 0 
0 0 22 25 0 0 
0 37 0 0 0 0 
0 37 0 0 0 0 
0 37 0 0 0 0 
0 37 0 0 0 0 
0 37 0 0 0 0 
0 37 0 0 0 0 
0 37 0 0 0 0 
0 37 0 0 0 0 
0 37 0 0 0 0 
0 37 0 0 0 0 
0 37 0 0 0 0 
0 37 0 0 0 0 
0 37 0 0 0 0 
0 37 0 0 0 0 
0 37 0 0 0 0 
0 0 55 0 34 0 
0 0 55 0 34 0 
0 0 55 0 34 0 
0 0 55 0 34 0 
0 0 55 0 34 0 
0 0 55 0 34 0 
0 0 55 0 34 0 
0 0 55 0 34 0 
0 0 55 0 34 0 
0 0 55 0 34 0 
0 0 55 0 34 0 
0 0 55 0 34 0 
0 0 55 0 34 0 
0 0 55 0 34 0 
0 0 55 0 34 0 
0 22 0 0 0 52 
0 22 0 0 0 52 
0 22 0 0 0 52 
0 22 0 0 0 52 
0 22 0 0 0 52 
0 22 0 0 0 52 
0 22 0 0 0 52 
0 22 0 0 0 52 
0 22 0 0 0 52 
0 22 0 0 0 52 
0 22 0 0 0 52 
0 22 0 0 0 52 
0 22 0 0 0 52 
0 22 0 0 0 52 
0 22 0 0 0 52 
49 0 0 0 0 52 
49 0 0 0 0 52 
49 0 0 0 0 52 
49 0 0 0 0 52 
49 0 0 0 0 52 
49 0 0 0 0 52 
49 0 0 0 0 52 
49 0 0 0 0 52 
49 0 0 0 0 52 
49 0 0 0 0 52 
49 0 0 0 0 52 
49 0 0 0 0 52 
49 0 0 0 0 52 
49 0 0 0 0 52 
49 0 0 0 0 52 
0 0 21 0 59 0 
0 0 21 0 59 0 
0 0 21 0 59 0 
0 0 21 0 59 0 
0 0 21 0 59 0 
0 0 21 0 59 0 
0 0 21 0 59 0 
0 0 21 0 59 0 
0 0 21 0 59 0 
0 0 21 0 59 0 
0 0 21 0 59 0 
0 0 21 0 59 0 
0 0 21 0 59 0 
0 0 21 0 59 0 
0 0 21 0 59 0 
0 0 0 0 54 0 
0 0 0 0 54 0 
0 0 0 0 54 0 
0 0 0 0 54 0 
0 0 0 0 54 0 
0 0 0 0 54 0 
0 0 0 0 54 0 
0 0 0 0 54 0 
0 0 0 0 54 0 
0 0 0 0 54 0 
0 0 0 0 54 0 
0 0 0 0 54 0 
0 0 0 0 54 0 
0 0 0 0 54 0 
0 0 0 0 54 0 
0 0 0 0 36 0 
0 0 0 0 36 0 
0 0 0 0 36 0 
0 0 0 0 36 0 
0 0 0 0 36 0 
0 0 0 0 36 0 
0 0 0 0 36 0 
0 0 0 0 36 0 
0 0 0 0 36 0 
0 0 0 0 36 0 
0 0 0 0 36 0 
0 0 0 0 36 0 
0 0 0 0 36 0 
0 0 0 0 36 0 
0 0 0 0 36 0 
0 51 0 0 35 0 
0 51 0 0 35 0 
0 51 0 0 35 0 
0 51 0 0 35 0 
0 51 0 0 35 0 
0 51 0 0 35 0 
0 51 0 0 35 0 
0 51 0 0 35 0 
0 51 0 0 35 0 
0 51 0 0 35 0 
0 51 0 0 35 0 
0 51 0 0 35 0 
0 51 0 0 35 0 
0 51 0 0 35 0 
0 51 0 0 35 0 
0 0 0 59 0 0 
0 0 0 59 0 0 
0 0 0 59 0 0 
0 0 0 59 0 0 
0 0 0 59 0 0 
0 0 0 59 0 0 
0 0 0 59 0 0 
0 0 0 59 0 0 
0 0 0 59 0 0 
0 0 0 59 0 0 
0 0 0 59 0 0 
0 0 0 59 0 0 
0 0 0 59 0 0 
0 0 0 59 0 0 
0 0 0 59 0 0 
0 0 0 34 0 0 
0 0 0 34 0 0 
0 0 0 34 0 0 
0 0 0 34 0 0 
0 0 0 34 0 0 
0 0 0 34 0 0 
0 0 0 34 0 0 
0 0 0 34 0 0 
0 0 0 34 0 0 
0 0 0 34 0 0 
0 0 0 34 0 0 
0 0 0 34 0 0 
0 0 0 34 0 0 
0 0 0 34 0 0 
0 0 0 34 0 0 
0 51 0 0 0 0 
0 51 0 0 0 0 
0 51 0 0 0 0 
0 51 0 0 0 0 
0 51 0 0 0 0 
0 51 0 0 0 0 
0 51 0 0 0 0 
0 51 0 0 0 0 
0 51 0 0 0 0 
0 51 0 0 0 0 
0 51 0 0 0 0 
0 51 0 0 0 0 
0 51 0 0 0 0 
0 51 0 0 0 0 
0 51 0 0 0 0 
0 52 0 16 0 0 
0 52 0 16 0 0 
0 52 0 16 0 0 
0 52 0 16 0 0 
0 52 0 16 0 0 
0 52 0 16 0 0 
0 52 0 16 0 0 
0 52 0 16 0 0 
0 52 0 16 0 0 
0 52 0 16 0 0 
0 52 0 16 0 0 
0 52 0 16 0 0 
0 52 0 16 0 0 
0 52 0 16 0 0 
0 52 0 16 0 0 
0.0 0.0 0.0 0.0 0.0 0.0 
0.0 0.0 0.0 0.0 0.0 0.0 
0.0 0.0 0.0 0.0 0.0 0.0 
0.0 0.0 0.0 0.0 0.0 0.0 
0.0 0.0 0.0 0.0 0.0 0.0 
0.0 0.0 0.0 0.0 0.0 0.0 
0.0 0.0 0.0 0.0 0.0 0.0 
0.0 0.0 0.0 0.0 0.0 0.0 
0.0 0.0 0.0 0.0 0.0 0.0 
0.0 0.0 0.0 0.0 0.0 0.0 
0.0 0.0 0.0 0.0 0.0 0.0 
0.0 0.0 0.0 0.0 0.0 0.0 
0.0 0.0 0.0 0.0 0.0 0.0 
0.0 0.0 0.0 0.0 0.0 0.0 
0.0 0.0 0.0 0.0 0.0 0.0 
mind
0 0 0 0 15 0 0 0 19 0 0 12 0 0 0 13 0 0 0 0 0 0 0 0 0 20 19 0 0 0 0 0 0 0 0 0 0 0 0 0 0 0 0 0 0 0 0 0 0 0 0 0 0 0 14 0 0 0 0 0 0 0 0 11 0 16 14 23 0 0 0 18 0 0 0 0 0
maxd
0 0 0 0 27 0 0 0 22 0 0 29 0 0 0 24 0 0 0 0 0 0 0 0 0 24 28 0 0 0 0 0 0 0 0 0 0 0 0 0 0 0 0 0 0 0 0 0 0 0 0 0 0 0 16 0 0 0 0 0 0 0 0 28 0 27 28 30 0 0 0 30 0 0 0 0 0
e
0 870 915 914 881 482 812 827 740 616 860 502 638 609 828 824 849 634 782 552 567 554 918 480 914 621 505 602 951 740 690 755 489 925 786 932 574 551 663 774 571 955 491 864 809 671 822 813 926 809 716 758 696 911 487 706 824 819 919 687 898 948 764 529 679 712 774 612 823 941 540 830 592 740 891 655 0
l
99999 990 1035 1034 1001 602 932 947 860 736 980 622 758 729 948 944 969 754 902 672 687 674 1038 600 1034 741 625 722 1071 860 810 875 609 1045 906 1052 694 671 783 894 691 1075 611 984 929 791 942 933 1046 929 836 878 816 1031 607 826 944 939 1039 807 1018 1068 884 649 799 832 894 732 943 1061 660 950 712 860 1011 775 99999
