nbNodes
77
nbVehi
15
nbServi
6
r
1 1 1 1 1 1 
1 0 0 0 0 0 
1 0 0 0 1 0 
0 0 1 0 0 0 
0 0 0 1 0 0 
0 0 0 0 1 0 
0 1 0 0 1 0 
0 0 0 1 0 0 
1 0 0 0 0 0 
0 0 0 0 1 0 
0 1 0 0 0 0 
0 1 0 0 1 0 
1 0 0 1 0 0 
0 1 0 1 0 0 
0 0 1 0 0 0 
1 0 0 0 0 0 
0 0 0 1 0 0 
0 1 0 0 0 0 
1 0 0 0 1 0 
0 0 1 0 0 0 
0 1 0 0 0 0 
0 1 0 0 0 0 
0 0 0 1 0 0 
0 0 0 1 0 0 
0 0 1 1 0 0 
0 0 1 0 0 0 
0 1 0 0 1 0 
0 0 0 0 0 1 
0 0 0 0 1 0 
1 0 0 1 0 0 
1 0 0 0 0 0 
1 0 0 0 1 0 
1 0 0 1 0 0 
0 0 0 0 1 0 
1 0 0 0 0 0 
1 0 0 0 0 0 
0 0 0 0 0 1 
0 0 1 0 0 0 
0 0 0 1 0 0 
1 0 0 0 1 0 
0 1 0 1 0 0 
1 0 0 1 0 0 
0 0 0 0 1 0 
0 0 0 1 0 0 
0 0 0 0 1 0 
0 0 1 0 0 0 
0 0 1 0 1 0 
0 1 0 0 1 0 
0 0 0 1 0 0 
1 0 0 0 1 0 
0 0 0 0 0 1 
1 0 0 0 0 0 
0 1 0 0 1 0 
0 1 0 1 0 0 
1 0 0 0 0 0 
0 0 0 1 0 0 
1 0 0 0 1 0 
0 0 0 0 1 0 
0 1 0 0 1 0 
0 0 0 0 1 0 
1 0 0 0 0 0 
0 0 0 1 0 0 
1 0 0 0 0 0 
0 0 1 0 0 0 
0 0 0 0 1 0 
1 0 0 0 0 0 
0 1 0 0 0 0 
1 0 0 0 1 0 
0 1 0 0 0 1 
0 1 0 0 0 0 
1 0 0 0 1 0 
0 1 0 0 0 0 
0 1 0 0 0 0 
0 0 0 1 0 0 
0 1 0 0 0 0 
0 0 1 0 0 0 
1 1 1 1 1 1 
DS
3 7 12 13 14 19 25 27 30 32 33 40 41 42 47 48 50 53 54 57 59 68 69 71 
a
1 1 1 0 0 0 
1 1 1 0 0 0 
1 0 0 0 0 0 
1 1 1 0 0 0 
1 1 1 0 0 0 
0 1 1 0 0 0 
1 1 1 0 0 0 
0 0 0 1 1 1 
0 0 0 1 1 1 
0 0 0 1 1 0 
0 0 0 1 1 1 
0 0 0 0 1 1 
0 0 0 1 1 1 
0 0 0 1 1 1 
0 0 0 1 1 1 
x
-30.1015 -30.0038 -30.0499 -30.1193 -30.0875 -30.1469 -30.0312 -30.0105 -30.0554 -30.1135 -30.1486 -30.0806 -30.1645 -30.117 -30.0821 -30.0834 -30.0599 -30.0794 -30.0839 -30.109 -30.1508 -30.0703 -30.0644 -30.1272 -30.1575 -30.0349 -30.0907 -30.1611 -29.9885 -30.0854 -30.0502 -30.132 -30.0947 -30.0812 -30.0812 -30.1837 -30.0878 -30.0878 -30.1521 -30.0711 -30.0795 -30.0627 -30.0404 -30.0351 -29.9985 -30.1594 -30.0378 -30.0756 -30.0934 -30.1036 -30.1505 -30.0832 -30.0237 -29.9925 -30.0784 -30.1471 -30.0899 -30.0944 -30.158 -30.0785 -30.0157 -30.1021 -30.1761 -30.1734 -30.0706 -30.0999 -30.1642 -30.093 -30.0921 -30.1585 -30.1015 -30.1533 -30.1081 -29.9805 -30.0462 -30.0187 -30.1015
y
-51.1408 -51.1808 -51.2107 -51.0957 -51.2188 -51.1333 -51.1486 -51.199 -51.2151 -51.1692 -51.162 -51.2124 -51.1775 -51.1044 -51.1927 -51.2347 -51.1565 -51.2344 -51.2295 -51.1074 -51.1479 -51.2225 -51.1879 -51.2153 -51.1724 -51.1642 -51.1225 -51.1403 -51.1948 -51.2325 -51.1747 -51.2327 -51.1288 -51.2446 -51.1159 -51.181 -51.2251 -51.1289 -51.203 -51.2233 -51.2303 -51.2049 -51.1838 -51.1029 -51.1951 -51.1836 -51.131 -51.2278 -51.221 -51.2307 -51.1464 -51.2348 -51.2035 -51.1039 -51.2372 -51.1278 -51.1254 -51.1324 -51.2131 -51.2322 -51.1382 -51.2386 -51.1841 -51.1448 -51.223 -51.1279 -51.1455 -51.2392 -51.2464 -51.1343 -51.1408 -51.1402 -51.1071 -51.1867 -51.2276 -51.1582 -51.1408
d
0.00000 25.00000 19.00000 13.00000 19.00000 16.00000 18.00000 26.00000 20.00000 8.00000 17.00000 18.00000 22.00000 11.00000 15.00000 23.00000 12.00000 25.00000 22.00000 10.00000 22.00000 21.00000 17.00000 20.00000 21.00000 19.00000 7.00000 21.00000 26.00000 22.00000 16.00000 22.00000 5.00000 25.00000 9.00000 27.00000 21.00000 7.00000 23.00000 21.00000 22.00000 18.00000 19.00000 21.00000 25.00000 20.00000 17.00000 22.00000 20.00000 21.00000 21.00000 23.00000 24.00000 26.00000 24.00000 16.00000 7.00000 6.00000 27.00000 23.00000 22.00000 23.00000 26.00000 24.00000 22.00000 4.00000 22.00000 24.00000 24.00000 20.00000 0.00000 19.00000 10.00000 29.00000 22.00000 21.00000 0.00000
25.00000 0.00000 13.00000 32.00000 20.00000 40.00000 10.00000 6.00000 13.00000 31.00000 37.00000 19.00000 38.00000 29.00000 22.00000 22.00000 16.00000 23.00000 22.00000 29.00000 41.00000 18.00000 16.00000 29.00000 39.00000 9.00000 24.00000 43.00000 5.00000 22.00000 13.00000 29.00000 22.00000 22.00000 22.00000 43.00000 22.00000 24.00000 34.00000 18.00000 21.00000 16.00000 11.00000 19.00000 4.00000 37.00000 15.00000 19.00000 22.00000 24.00000 41.00000 22.00000 9.00000 14.00000 22.00000 40.00000 24.00000 24.00000 35.00000 21.00000 10.00000 24.00000 42.00000 43.00000 18.00000 24.00000 41.00000 23.00000 23.00000 43.00000 25.00000 42.00000 29.00000 7.00000 15.00000 7.00000 25.00000
20.00000 12.00000 0.00000 27.00000 10.00000 34.00000 13.00000 9.00000 3.00000 21.00000 26.00000 9.00000 28.00000 24.00000 11.00000 12.00000 10.00000 13.00000 12.00000 24.00000 30.00000 7.00000 6.00000 18.00000 28.00000 12.00000 19.00000 32.00000 12.00000 12.00000 10.00000 19.00000 17.00000 11.00000 17.00000 33.00000 12.00000 19.00000 23.00000 7.00000 10.00000 5.00000 8.00000 20.00000 12.00000 27.00000 16.00000 9.00000 11.00000 13.00000 30.00000 12.00000 7.00000 24.00000 11.00000 34.00000 19.00000 19.00000 24.00000 10.00000 18.00000 14.00000 32.00000 33.00000 7.00000 19.00000 31.00000 13.00000 13.00000 33.00000 20.00000 32.00000 24.00000 16.00000 4.00000 13.00000 20.00000
14.00000 31.00000 27.00000 0.00000 28.00000 13.00000 24.00000 32.00000 27.00000 22.00000 21.00000 27.00000 23.00000 3.00000 29.00000 32.00000 18.00000 35.00000 32.00000 6.00000 19.00000 31.00000 23.00000 33.00000 22.00000 25.00000 11.00000 18.00000 32.00000 32.00000 22.00000 33.00000 10.00000 34.00000 15.00000 27.00000 30.00000 13.00000 28.00000 31.00000 32.00000 28.00000 25.00000 27.00000 31.00000 25.00000 24.00000 32.00000 30.00000 32.00000 18.00000 32.00000 30.00000 33.00000 34.00000 13.00000 11.00000 12.00000 31.00000 33.00000 28.00000 32.00000 28.00000 23.00000 31.00000 10.00000 19.00000 34.00000 34.00000 17.00000 14.00000 16.00000 6.00000 35.00000 29.00000 27.00000 14.00000
19.00000 20.00000 10.00000 29.00000 0.00000 26.00000 18.00000 19.00000 10.00000 18.00000 18.00000 3.00000 20.00000 27.00000 10.00000 5.00000 13.00000 8.00000 5.00000 26.00000 22.00000 7.00000 9.00000 10.00000 20.00000 16.00000 21.00000 24.00000 21.00000 5.00000 13.00000 11.00000 19.00000 7.00000 19.00000 24.00000 3.00000 21.00000 15.00000 6.00000 4.00000 8.00000 14.00000 24.00000 21.00000 19.00000 20.00000 5.00000 3.00000 5.00000 22.00000 5.00000 17.00000 29.00000 6.00000 27.00000 21.00000 21.00000 16.00000 6.00000 23.00000 6.00000 24.00000 25.00000 7.00000 21.00000 23.00000 7.00000 7.00000 25.00000 19.00000 24.00000 26.00000 24.00000 12.00000 19.00000 19.00000
17.00000 39.00000 32.00000 13.00000 25.00000 0.00000 33.00000 40.00000 33.00000 17.00000 9.00000 26.00000 11.00000 13.00000 28.00000 27.00000 27.00000 30.00000 27.00000 15.00000 7.00000 31.00000 32.00000 21.00000 11.00000 34.00000 19.00000 6.00000 41.00000 27.00000 30.00000 22.00000 19.00000 28.00000 23.00000 15.00000 25.00000 21.00000 16.00000 31.00000 28.00000 31.00000 33.00000 33.00000 40.00000 13.00000 32.00000 29.00000 24.00000 24.00000 6.00000 27.00000 39.00000 41.00000 29.00000 2.00000 20.00000 20.00000 20.00000 30.00000 36.00000 25.00000 16.00000 11.00000 31.00000 18.00000 8.00000 28.00000 27.00000 5.00000 17.00000 4.00000 15.00000 43.00000 35.00000 36.00000 17.00000
18.00000 10.00000 15.00000 24.00000 18.00000 33.00000 0.00000 13.00000 15.00000 25.00000 34.00000 17.00000 36.00000 22.00000 19.00000 22.00000 8.00000 25.00000 22.00000 22.00000 38.00000 19.00000 13.00000 26.00000 36.00000 6.00000 16.00000 37.00000 14.00000 21.00000 9.00000 27.00000 15.00000 24.00000 15.00000 41.00000 20.00000 17.00000 31.00000 20.00000 21.00000 16.00000 8.00000 12.00000 13.00000 35.00000 7.00000 21.00000 20.00000 21.00000 37.00000 22.00000 13.00000 14.00000 24.00000 32.00000 17.00000 16.00000 32.00000 22.00000 6.00000 22.00000 40.00000 41.00000 20.00000 16.00000 39.00000 24.00000 23.00000 36.00000 18.00000 35.00000 21.00000 16.00000 16.00000 5.00000 18.00000
25.00000 6.00000 10.00000 31.00000 18.00000 40.00000 12.00000 0.00000 11.00000 29.00000 34.00000 16.00000 36.00000 29.00000 19.00000 20.00000 15.00000 20.00000 20.00000 29.00000 38.00000 15.00000 13.00000 26.00000 36.00000 11.00000 23.00000 40.00000 5.00000 20.00000 12.00000 26.00000 22.00000 19.00000 22.00000 40.00000 19.00000 24.00000 31.00000 15.00000 18.00000 13.00000 10.00000 21.00000 4.00000 34.00000 17.00000 16.00000 19.00000 21.00000 38.00000 20.00000 6.00000 18.00000 19.00000 40.00000 24.00000 23.00000 32.00000 18.00000 12.00000 21.00000 40.00000 40.00000 15.00000 23.00000 39.00000 20.00000 20.00000 41.00000 25.00000 40.00000 28.00000 8.00000 12.00000 9.00000 25.00000
20.00000 14.00000 2.00000 27.00000 9.00000 33.00000 15.00000 11.00000 0.00000 20.00000 25.00000 7.00000 27.00000 25.00000 10.00000 9.00000 12.00000 10.00000 9.00000 24.00000 29.00000 5.00000 6.00000 17.00000 27.00000 14.00000 19.00000 31.00000 14.00000 9.00000 12.00000 18.00000 18.00000 10.00000 17.00000 31.00000 9.00000 19.00000 22.00000 5.00000 8.00000 4.00000 10.00000 22.00000 14.00000 26.00000 18.00000 6.00000 10.00000 12.00000 29.00000 9.00000 9.00000 25.00000 10.00000 33.00000 20.00000 19.00000 23.00000 8.00000 20.00000 13.00000 31.00000 32.00000 5.00000 19.00000 30.00000 12.00000 12.00000 32.00000 20.00000 31.00000 24.00000 17.00000 5.00000 15.00000 20.00000
8.00000 30.00000 19.00000 21.00000 17.00000 17.00000 26.00000 28.00000 21.00000 0.00000 12.00000 18.00000 16.00000 19.00000 15.00000 19.00000 20.00000 22.00000 19.00000 18.00000 16.00000 21.00000 19.00000 14.00000 15.00000 26.00000 15.00000 18.00000 31.00000 19.00000 23.00000 17.00000 12.00000 20.00000 17.00000 21.00000 17.00000 15.00000 17.00000 21.00000 20.00000 18.00000 24.00000 29.00000 30.00000 14.00000 25.00000 21.00000 16.00000 16.00000 16.00000 19.00000 26.00000 34.00000 21.00000 17.00000 14.00000 13.00000 21.00000 22.00000 29.00000 17.00000 20.00000 18.00000 22.00000 12.00000 16.00000 20.00000 19.00000 19.00000 8.00000 18.00000 18.00000 34.00000 23.00000 29.00000 8.00000
17.00000 34.00000 24.00000 20.00000 17.00000 9.00000 32.00000 33.00000 25.00000 12.00000 0.00000 18.00000 6.00000 21.00000 20.00000 19.00000 28.00000 22.00000 19.00000 22.00000 5.00000 23.00000 24.00000 13.00000 5.00000 31.00000 24.00000 7.00000 36.00000 19.00000 27.00000 16.00000 21.00000 20.00000 25.00000 12.00000 17.00000 23.00000 10.00000 23.00000 20.00000 23.00000 28.00000 38.00000 35.00000 7.00000 34.00000 21.00000 16.00000 16.00000 5.00000 19.00000 31.00000 43.00000 21.00000 10.00000 23.00000 22.00000 13.00000 22.00000 37.00000 17.00000 13.00000 8.00000 23.00000 21.00000 6.00000 20.00000 19.00000 8.00000 17.00000 7.00000 22.00000 38.00000 27.00000 33.00000 17.00000
17.00000 18.00000 8.00000 27.00000 3.00000 28.00000 16.00000 16.00000 9.00000 17.00000 20.00000 0.00000 21.00000 25.00000 7.00000 7.00000 11.00000 10.00000 7.00000 24.00000 24.00000 7.00000 7.00000 12.00000 21.00000 14.00000 19.00000 26.00000 19.00000 7.00000 11.00000 12.00000 17.00000 9.00000 17.00000 26.00000 5.00000 19.00000 16.00000 7.00000 7.00000 6.00000 12.00000 22.00000 19.00000 20.00000 18.00000 7.00000 5.00000 6.00000 24.00000 7.00000 15.00000 27.00000 9.00000 28.00000 19.00000 19.00000 18.00000 8.00000 20.00000 7.00000 25.00000 26.00000 7.00000 19.00000 24.00000 9.00000 8.00000 27.00000 17.00000 26.00000 24.00000 22.00000 11.00000 17.00000 17.00000
21.00000 37.00000 26.00000 23.00000 20.00000 12.00000 34.00000 35.00000 28.00000 16.00000 6.00000 20.00000 0.00000 23.00000 25.00000 21.00000 30.00000 24.00000 21.00000 25.00000 10.00000 25.00000 26.00000 12.00000 3.00000 33.00000 28.00000 8.00000 38.00000 20.00000 29.00000 12.00000 25.00000 22.00000 30.00000 8.00000 19.00000 27.00000 6.00000 25.00000 22.00000 25.00000 30.00000 41.00000 37.00000 3.00000 37.00000 23.00000 18.00000 17.00000 10.00000 21.00000 33.00000 46.00000 22.00000 12.00000 27.00000 26.00000 10.00000 24.00000 39.00000 17.00000 7.00000 9.00000 25.00000 25.00000 7.00000 21.00000 20.00000 10.00000 21.00000 9.00000 25.00000 41.00000 28.00000 36.00000 21.00000
12.00000 29.00000 25.00000 3.00000 26.00000 14.00000 22.00000 30.00000 24.00000 19.00000 21.00000 25.00000 23.00000 0.00000 26.00000 30.00000 16.00000 33.00000 30.00000 4.00000 19.00000 29.00000 21.00000 31.00000 23.00000 23.00000 9.00000 18.00000 30.00000 30.00000 20.00000 33.00000 8.00000 32.00000 13.00000 27.00000 28.00000 11.00000 28.00000 29.00000 30.00000 26.00000 23.00000 25.00000 29.00000 25.00000 21.00000 29.00000 28.00000 30.00000 18.00000 30.00000 28.00000 30.00000 32.00000 13.00000 9.00000 10.00000 32.00000 31.00000 26.00000 30.00000 28.00000 23.00000 29.00000 8.00000 20.00000 32.00000 31.00000 17.00000 12.00000 16.00000 4.00000 33.00000 26.00000 25.00000 12.00000
15.00000 19.00000 9.00000 28.00000 9.00000 29.00000 17.00000 18.00000 12.00000 15.00000 20.00000 8.00000 25.00000 26.00000 0.00000 13.00000 13.00000 16.00000 13.00000 25.00000 25.00000 12.00000 9.00000 17.00000 24.00000 16.00000 20.00000 27.00000 21.00000 12.00000 12.00000 18.00000 19.00000 15.00000 18.00000 30.00000 11.00000 20.00000 22.00000 12.00000 13.00000 8.00000 13.00000 23.00000 20.00000 23.00000 19.00000 12.00000 11.00000 12.00000 25.00000 13.00000 16.00000 28.00000 15.00000 29.00000 21.00000 20.00000 24.00000 14.00000 22.00000 13.00000 29.00000 27.00000 12.00000 19.00000 25.00000 15.00000 14.00000 28.00000 15.00000 26.00000 25.00000 23.00000 13.00000 18.00000 15.00000
23.00000 21.00000 11.00000 33.00000 5.00000 28.00000 22.00000 19.00000 11.00000 21.00000 20.00000 7.00000 22.00000 31.00000 14.00000 0.00000 17.00000 4.00000 2.00000 30.00000 25.00000 6.00000 13.00000 12.00000 22.00000 20.00000 25.00000 27.00000 21.00000 1.00000 17.00000 13.00000 23.00000 3.00000 23.00000 27.00000 4.00000 25.00000 17.00000 6.00000 5.00000 11.00000 18.00000 28.00000 21.00000 21.00000 24.00000 4.00000 6.00000 7.00000 24.00000 1.00000 17.00000 32.00000 3.00000 29.00000 25.00000 25.00000 18.00000 6.00000 26.00000 7.00000 26.00000 27.00000 7.00000 25.00000 25.00000 4.00000 4.00000 28.00000 23.00000 26.00000 30.00000 24.00000 9.00000 23.00000 23.00000
12.00000 16.00000 11.00000 18.00000 13.00000 27.00000 9.00000 17.00000 11.00000 20.00000 29.00000 12.00000 31.00000 16.00000 14.00000 17.00000 0.00000 20.00000 17.00000 16.00000 32.00000 15.00000 8.00000 21.00000 31.00000 10.00000 10.00000 31.00000 17.00000 16.00000 7.00000 22.00000 9.00000 19.00000 9.00000 36.00000 15.00000 11.00000 26.00000 16.00000 16.00000 12.00000 10.00000 14.00000 16.00000 30.00000 10.00000 16.00000 15.00000 16.00000 31.00000 17.00000 15.00000 19.00000 18.00000 27.00000 11.00000 11.00000 27.00000 18.00000 14.00000 17.00000 35.00000 35.00000 15.00000 11.00000 33.00000 19.00000 18.00000 30.00000 12.00000 29.00000 15.00000 20.00000 13.00000 12.00000 12.00000
25.00000 22.00000 12.00000 35.00000 8.00000 31.00000 24.00000 20.00000 12.00000 23.00000 23.00000 9.00000 25.00000 33.00000 16.00000 4.00000 20.00000 0.00000 5.00000 32.00000 27.00000 8.00000 16.00000 15.00000 25.00000 23.00000 27.00000 29.00000 22.00000 5.00000 19.00000 15.00000 26.00000 5.00000 25.00000 30.00000 6.00000 27.00000 20.00000 7.00000 5.00000 13.00000 19.00000 30.00000 22.00000 24.00000 26.00000 5.00000 9.00000 10.00000 27.00000 4.00000 18.00000 32.00000 2.00000 32.00000 28.00000 27.00000 21.00000 4.00000 29.00000 9.00000 29.00000 30.00000 8.00000 27.00000 28.00000 6.00000 6.00000 30.00000 25.00000 29.00000 32.00000 25.00000 10.00000 24.00000 25.00000
23.00000 23.00000 11.00000 33.00000 5.00000 28.00000 21.00000 20.00000 11.00000 20.00000 20.00000 7.00000 22.00000 30.00000 13.00000 2.00000 17.00000 5.00000 0.00000 30.00000 24.00000 6.00000 13.00000 12.00000 22.00000 20.00000 25.00000 26.00000 22.00000 2.00000 17.00000 12.00000 23.00000 4.00000 23.00000 26.00000 3.00000 25.00000 17.00000 6.00000 4.00000 11.00000 17.00000 28.00000 22.00000 21.00000 24.00000 4.00000 6.00000 7.00000 24.00000 2.00000 18.00000 33.00000 3.00000 29.00000 25.00000 25.00000 18.00000 6.00000 26.00000 7.00000 26.00000 27.00000 6.00000 25.00000 25.00000 5.00000 6.00000 27.00000 23.00000 26.00000 30.00000 26.00000 11.00000 23.00000 23.00000
11.00000 28.00000 24.00000 6.00000 26.00000 15.00000 22.00000 30.00000 24.00000 19.00000 22.00000 25.00000 25.00000 4.00000 26.00000 30.00000 16.00000 33.00000 30.00000 0.00000 20.00000 28.00000 21.00000 30.00000 24.00000 23.00000 8.00000 19.00000 30.00000 29.00000 20.00000 33.00000 8.00000 32.00000 12.00000 29.00000 28.00000 11.00000 29.00000 29.00000 29.00000 25.00000 22.00000 25.00000 29.00000 26.00000 21.00000 29.00000 28.00000 29.00000 19.00000 30.00000 28.00000 30.00000 31.00000 15.00000 9.00000 9.00000 33.00000 31.00000 25.00000 30.00000 29.00000 24.00000 29.00000 7.00000 21.00000 32.00000 31.00000 18.00000 11.00000 17.00000 1.00000 32.00000 26.00000 25.00000 11.00000
22.00000 39.00000 29.00000 18.00000 22.00000 7.00000 37.00000 38.00000 30.00000 16.00000 6.00000 23.00000 10.00000 19.00000 25.00000 24.00000 32.00000 27.00000 24.00000 20.00000 0.00000 27.00000 28.00000 18.00000 9.00000 35.00000 25.00000 5.00000 41.00000 23.00000 32.00000 20.00000 24.00000 25.00000 29.00000 14.00000 22.00000 27.00000 14.00000 27.00000 25.00000 28.00000 33.00000 38.00000 40.00000 11.00000 37.00000 26.00000 21.00000 20.00000 1.00000 24.00000 36.00000 46.00000 26.00000 7.00000 25.00000 25.00000 18.00000 26.00000 41.00000 22.00000 14.00000 9.00000 28.00000 24.00000 6.00000 24.00000 24.00000 5.00000 22.00000 4.00000 20.00000 43.00000 32.00000 38.00000 22.00000
21.00000 17.00000 6.00000 30.00000 7.00000 32.00000 19.00000 15.00000 6.00000 21.00000 24.00000 5.00000 25.00000 28.00000 12.00000 6.00000 15.00000 8.00000 6.00000 28.00000 28.00000 0.00000 10.00000 16.00000 26.00000 18.00000 22.00000 30.00000 18.00000 6.00000 15.00000 16.00000 21.00000 8.00000 21.00000 30.00000 8.00000 23.00000 21.00000 1.00000 5.00000 8.00000 14.00000 25.00000 17.00000 24.00000 21.00000 3.00000 9.00000 11.00000 28.00000 6.00000 13.00000 29.00000 7.00000 32.00000 23.00000 23.00000 22.00000 5.00000 23.00000 11.00000 30.00000 31.00000 2.00000 23.00000 29.00000 9.00000 9.00000 31.00000 21.00000 30.00000 27.00000 21.00000 7.00000 19.00000 21.00000
16.00000 15.00000 7.00000 22.00000 8.00000 30.00000 12.00000 13.00000 7.00000 19.00000 24.00000 7.00000 26.00000 20.00000 9.00000 12.00000 7.00000 14.00000 11.00000 19.00000 28.00000 10.00000 0.00000 16.00000 26.00000 11.00000 14.00000 30.00000 16.00000 11.00000 7.00000 16.00000 13.00000 14.00000 12.00000 30.00000 10.00000 14.00000 21.00000 10.00000 11.00000 6.00000 8.00000 18.00000 15.00000 25.00000 14.00000 11.00000 9.00000 11.00000 28.00000 12.00000 12.00000 23.00000 13.00000 30.00000 15.00000 14.00000 22.00000 12.00000 17.00000 11.00000 30.00000 31.00000 11.00000 14.00000 29.00000 13.00000 13.00000 31.00000 16.00000 30.00000 19.00000 19.00000 9.00000 14.00000 16.00000
20.00000 27.00000 16.00000 32.00000 10.00000 21.00000 24.00000 25.00000 18.00000 14.00000 13.00000 10.00000 14.00000 30.00000 16.00000 11.00000 20.00000 14.00000 11.00000 30.00000 17.00000 15.00000 16.00000 0.00000 14.00000 23.00000 26.00000 19.00000 28.00000 10.00000 19.00000 5.00000 24.00000 12.00000 26.00000 18.00000 9.00000 26.00000 9.00000 15.00000 12.00000 15.00000 20.00000 30.00000 27.00000 12.00000 27.00000 13.00000 8.00000 7.00000 17.00000 11.00000 23.00000 36.00000 12.00000 21.00000 26.00000 24.00000 10.00000 14.00000 29.00000 7.00000 18.00000 20.00000 15.00000 23.00000 18.00000 11.00000 10.00000 20.00000 20.00000 19.00000 29.00000 31.00000 18.00000 26.00000 20.00000
21.00000 37.00000 27.00000 22.00000 20.00000 11.00000 35.00000 36.00000 28.00000 15.00000 5.00000 21.00000 3.00000 23.00000 24.00000 21.00000 30.00000 24.00000 22.00000 24.00000 9.00000 25.00000 26.00000 12.00000 0.00000 33.00000 27.00000 8.00000 39.00000 21.00000 30.00000 13.00000 25.00000 22.00000 29.00000 10.00000 20.00000 27.00000 7.00000 25.00000 23.00000 26.00000 31.00000 41.00000 38.00000 4.00000 37.00000 24.00000 19.00000 17.00000 9.00000 21.00000 34.00000 46.00000 23.00000 11.00000 27.00000 25.00000 11.00000 24.00000 40.00000 18.00000 10.00000 8.00000 26.00000 25.00000 6.00000 21.00000 21.00000 9.00000 21.00000 9.00000 24.00000 41.00000 29.00000 36.00000 21.00000
19.00000 10.00000 13.00000 25.00000 15.00000 33.00000 5.00000 13.00000 13.00000 26.00000 32.00000 14.00000 33.00000 23.00000 17.00000 20.00000 9.00000 22.00000 19.00000 23.00000 36.00000 17.00000 10.00000 24.00000 34.00000 0.00000 17.00000 38.00000 13.00000 19.00000 6.00000 24.00000 16.00000 22.00000 15.00000 38.00000 17.00000 17.00000 29.00000 18.00000 19.00000 15.00000 6.00000 13.00000 12.00000 32.00000 9.00000 19.00000 17.00000 19.00000 36.00000 20.00000 12.00000 17.00000 21.00000 33.00000 18.00000 17.00000 30.00000 20.00000 10.00000 19.00000 38.00000 39.00000 17.00000 17.00000 37.00000 21.00000 21.00000 37.00000 19.00000 36.00000 22.00000 15.00000 14.00000 5.00000 19.00000
7.00000 24.00000 20.00000 11.00000 21.00000 19.00000 17.00000 25.00000 19.00000 15.00000 23.00000 20.00000 28.00000 9.00000 22.00000 25.00000 11.00000 28.00000 25.00000 8.00000 25.00000 24.00000 16.00000 26.00000 27.00000 18.00000 0.00000 24.00000 25.00000 25.00000 15.00000 29.00000 3.00000 27.00000 5.00000 33.00000 23.00000 5.00000 29.00000 24.00000 25.00000 21.00000 18.00000 19.00000 24.00000 26.00000 16.00000 24.00000 23.00000 25.00000 24.00000 25.00000 23.00000 25.00000 27.00000 19.00000 1.00000 5.00000 33.00000 26.00000 21.00000 25.00000 32.00000 29.00000 24.00000 3.00000 25.00000 27.00000 26.00000 22.00000 7.00000 22.00000 8.00000 28.00000 21.00000 20.00000 7.00000
21.00000 41.00000 30.00000 17.00000 23.00000 6.00000 37.00000 39.00000 31.00000 18.00000 7.00000 24.00000 8.00000 18.00000 27.00000 25.00000 31.00000 28.00000 25.00000 19.00000 5.00000 29.00000 30.00000 18.00000 8.00000 37.00000 24.00000 0.00000 42.00000 25.00000 33.00000 19.00000 23.00000 26.00000 28.00000 12.00000 23.00000 26.00000 13.00000 29.00000 26.00000 29.00000 34.00000 37.00000 41.00000 10.00000 36.00000 27.00000 22.00000 22.00000 5.00000 25.00000 37.00000 45.00000 27.00000 6.00000 24.00000 24.00000 17.00000 28.00000 40.00000 23.00000 13.00000 7.00000 29.00000 23.00000 3.00000 26.00000 25.00000 3.00000 21.00000 4.00000 19.00000 45.00000 33.00000 39.00000 21.00000
27.00000 5.00000 13.00000 34.00000 20.00000 42.00000 14.00000 6.00000 13.00000 31.00000 36.00000 19.00000 38.00000 31.00000 22.00000 21.00000 17.00000 22.00000 22.00000 31.00000 41.00000 18.00000 16.00000 29.00000 39.00000 13.00000 26.00000 43.00000 0.00000 22.00000 14.00000 29.00000 24.00000 20.00000 24.00000 43.00000 22.00000 26.00000 34.00000 18.00000 20.00000 16.00000 12.00000 23.00000 4.00000 37.00000 19.00000 19.00000 22.00000 24.00000 41.00000 21.00000 9.00000 16.00000 20.00000 42.00000 26.00000 26.00000 35.00000 20.00000 14.00000 24.00000 42.00000 43.00000 18.00000 26.00000 41.00000 22.00000 22.00000 44.00000 27.00000 43.00000 30.00000 4.00000 14.00000 11.00000 27.00000
23.00000 22.00000 11.00000 32.00000 5.00000 28.00000 21.00000 20.00000 11.00000 20.00000 20.00000 6.00000 21.00000 30.00000 13.00000 1.00000 17.00000 4.00000 2.00000 30.00000 24.00000 6.00000 13.00000 12.00000 21.00000 20.00000 24.00000 26.00000 22.00000 0.00000 16.00000 12.00000 23.00000 4.00000 22.00000 26.00000 3.00000 24.00000 16.00000 6.00000 4.00000 11.00000 17.00000 27.00000 22.00000 20.00000 23.00000 4.00000 6.00000 6.00000 24.00000 2.00000 18.00000 32.00000 3.00000 28.00000 25.00000 24.00000 18.00000 6.00000 26.00000 7.00000 25.00000 26.00000 6.00000 24.00000 25.00000 4.00000 4.00000 27.00000 23.00000 26.00000 29.00000 25.00000 10.00000 22.00000 23.00000
15.00000 12.00000 10.00000 21.00000 12.00000 29.00000 9.00000 14.00000 11.00000 22.00000 28.00000 11.00000 30.00000 19.00000 13.00000 16.00000 5.00000 19.00000 16.00000 19.00000 33.00000 15.00000 7.00000 20.00000 30.00000 7.00000 13.00000 34.00000 14.00000 15.00000 0.00000 21.00000 12.00000 18.00000 11.00000 35.00000 14.00000 13.00000 25.00000 15.00000 15.00000 11.00000 6.00000 15.00000 13.00000 29.00000 11.00000 15.00000 14.00000 15.00000 33.00000 16.00000 13.00000 20.00000 17.00000 29.00000 14.00000 13.00000 26.00000 17.00000 14.00000 16.00000 34.00000 35.00000 15.00000 13.00000 33.00000 18.00000 17.00000 33.00000 15.00000 32.00000 18.00000 16.00000 12.00000 10.00000 15.00000
22.00000 28.00000 18.00000 34.00000 11.00000 22.00000 26.00000 27.00000 19.00000 17.00000 16.00000 12.00000 13.00000 33.00000 18.00000 12.00000 21.00000 15.00000 13.00000 32.00000 20.00000 16.00000 17.00000 5.00000 13.00000 24.00000 29.00000 19.00000 30.00000 12.00000 21.00000 0.00000 26.00000 12.00000 27.00000 17.00000 11.00000 29.00000 8.00000 16.00000 14.00000 17.00000 22.00000 32.00000 29.00000 11.00000 28.00000 15.00000 10.00000 8.00000 20.00000 12.00000 25.00000 37.00000 13.00000 23.00000 29.00000 27.00000 9.00000 15.00000 31.00000 9.00000 17.00000 19.00000 17.00000 26.00000 18.00000 11.00000 11.00000 20.00000 22.00000 20.00000 32.00000 32.00000 18.00000 27.00000 22.00000
6.00000 22.00000 18.00000 10.00000 20.00000 18.00000 16.00000 23.00000 18.00000 13.00000 22.00000 19.00000 27.00000 8.00000 20.00000 24.00000 10.00000 27.00000 23.00000 7.00000 24.00000 22.00000 15.00000 25.00000 26.00000 17.00000 3.00000 23.00000 24.00000 23.00000 13.00000 27.00000 0.00000 26.00000 7.00000 32.00000 22.00000 4.00000 28.00000 23.00000 23.00000 19.00000 16.00000 19.00000 23.00000 25.00000 15.00000 23.00000 22.00000 23.00000 23.00000 24.00000 22.00000 24.00000 25.00000 18.00000 3.00000 3.00000 32.00000 24.00000 19.00000 24.00000 31.00000 27.00000 22.00000 2.00000 24.00000 25.00000 25.00000 21.00000 6.00000 21.00000 7.00000 26.00000 20.00000 19.00000 6.00000
25.00000 20.00000 9.00000 34.00000 8.00000 29.00000 22.00000 17.00000 9.00000 21.00000 21.00000 9.00000 23.00000 32.00000 16.00000 3.00000 18.00000 5.00000 5.00000 31.00000 25.00000 8.00000 14.00000 13.00000 24.00000 21.00000 26.00000 27.00000 19.00000 4.00000 18.00000 13.00000 25.00000 0.00000 24.00000 28.00000 6.00000 26.00000 18.00000 8.00000 7.00000 12.00000 16.00000 28.00000 19.00000 22.00000 24.00000 7.00000 9.00000 8.00000 25.00000 3.00000 16.00000 30.00000 3.00000 30.00000 27.00000 26.00000 20.00000 7.00000 26.00000 7.00000 27.00000 28.00000 8.00000 26.00000 26.00000 4.00000 4.00000 28.00000 25.00000 27.00000 31.00000 22.00000 7.00000 22.00000 25.00000
11.00000 24.00000 20.00000 15.00000 22.00000 23.00000 18.00000 26.00000 20.00000 19.00000 28.00000 21.00000 32.00000 13.00000 23.00000 26.00000 12.00000 29.00000 26.00000 12.00000 29.00000 24.00000 17.00000 30.00000 31.00000 19.00000 5.00000 28.00000 26.00000 25.00000 15.00000 31.00000 7.00000 28.00000 0.00000 37.00000 24.00000 8.00000 33.00000 25.00000 25.00000 21.00000 18.00000 15.00000 25.00000 30.00000 17.00000 25.00000 24.00000 25.00000 28.00000 26.00000 24.00000 24.00000 27.00000 23.00000 6.00000 9.00000 36.00000 27.00000 21.00000 26.00000 36.00000 33.00000 24.00000 7.00000 29.00000 27.00000 27.00000 27.00000 11.00000 26.00000 12.00000 28.00000 22.00000 21.00000 11.00000
26.00000 42.00000 31.00000 27.00000 25.00000 16.00000 39.00000 40.00000 33.00000 21.00000 12.00000 25.00000 8.00000 27.00000 30.00000 26.00000 35.00000 29.00000 26.00000 29.00000 14.00000 30.00000 31.00000 17.00000 10.00000 38.00000 33.00000 13.00000 43.00000 25.00000 34.00000 17.00000 30.00000 27.00000 35.00000 0.00000 24.00000 33.00000 11.00000 30.00000 27.00000 30.00000 35.00000 46.00000 42.00000 8.00000 42.00000 28.00000 23.00000 22.00000 14.00000 26.00000 38.00000 51.00000 27.00000 16.00000 32.00000 31.00000 14.00000 29.00000 44.00000 22.00000 5.00000 12.00000 30.00000 30.00000 11.00000 26.00000 25.00000 14.00000 26.00000 13.00000 29.00000 46.00000 33.00000 41.00000 26.00000
21.00000 21.00000 11.00000 30.00000 3.00000 27.00000 19.00000 20.00000 11.00000 19.00000 18.00000 4.00000 20.00000 28.00000 11.00000 4.00000 15.00000 6.00000 3.00000 27.00000 23.00000 7.00000 11.00000 10.00000 20.00000 18.00000 22.00000 25.00000 23.00000 3.00000 14.00000 11.00000 21.00000 6.00000 20.00000 25.00000 0.00000 22.00000 15.00000 7.00000 4.00000 10.00000 15.00000 25.00000 22.00000 19.00000 21.00000 5.00000 4.00000 5.00000 23.00000 4.00000 18.00000 30.00000 5.00000 27.00000 23.00000 22.00000 16.00000 6.00000 24.00000 6.00000 24.00000 25.00000 7.00000 22.00000 23.00000 6.00000 6.00000 26.00000 21.00000 24.00000 27.00000 25.00000 12.00000 20.00000 21.00000
10.00000 22.00000 18.00000 15.00000 20.00000 23.00000 16.00000 24.00000 18.00000 17.00000 26.00000 19.00000 31.00000 13.00000 21.00000 24.00000 10.00000 27.00000 24.00000 12.00000 29.00000 22.00000 15.00000 28.00000 30.00000 17.00000 5.00000 28.00000 24.00000 23.00000 14.00000 29.00000 6.00000 26.00000 7.00000 35.00000 22.00000 0.00000 32.00000 23.00000 23.00000 19.00000 16.00000 19.00000 23.00000 29.00000 15.00000 23.00000 22.00000 23.00000 28.00000 24.00000 22.00000 24.00000 26.00000 23.00000 4.00000 7.00000 34.00000 25.00000 19.00000 24.00000 35.00000 32.00000 23.00000 7.00000 29.00000 26.00000 25.00000 26.00000 10.00000 26.00000 12.00000 26.00000 20.00000 19.00000 10.00000
23.00000 32.00000 22.00000 27.00000 15.00000 16.00000 30.00000 31.00000 23.00000 17.00000 10.00000 16.00000 6.00000 28.00000 22.00000 16.00000 26.00000 19.00000 17.00000 29.00000 14.00000 21.00000 22.00000 8.00000 7.00000 29.00000 29.00000 13.00000 34.00000 16.00000 25.00000 8.00000 27.00000 17.00000 31.00000 11.00000 15.00000 29.00000 0.00000 21.00000 18.00000 21.00000 26.00000 36.00000 33.00000 5.00000 32.00000 19.00000 14.00000 12.00000 14.00000 16.00000 29.00000 41.00000 18.00000 16.00000 29.00000 27.00000 6.00000 20.00000 35.00000 13.00000 10.00000 13.00000 21.00000 27.00000 11.00000 16.00000 16.00000 14.00000 23.00000 14.00000 29.00000 36.00000 24.00000 31.00000 23.00000
21.00000 18.00000 6.00000 31.00000 6.00000 32.00000 19.00000 15.00000 6.00000 21.00000 24.00000 5.00000 25.00000 29.00000 12.00000 5.00000 16.00000 7.00000 5.00000 28.00000 28.00000 1.00000 10.00000 16.00000 25.00000 18.00000 23.00000 30.00000 18.00000 5.00000 15.00000 16.00000 21.00000 7.00000 21.00000 30.00000 7.00000 23.00000 20.00000 0.00000 4.00000 8.00000 14.00000 25.00000 17.00000 24.00000 21.00000 2.00000 9.00000 10.00000 28.00000 5.00000 13.00000 29.00000 6.00000 32.00000 23.00000 23.00000 22.00000 4.00000 24.00000 11.00000 29.00000 30.00000 1.00000 23.00000 28.00000 8.00000 9.00000 31.00000 21.00000 30.00000 28.00000 21.00000 8.00000 19.00000 21.00000
22.00000 20.00000 9.00000 32.00000 4.00000 29.00000 21.00000 18.00000 9.00000 22.00000 21.00000 6.00000 23.00000 30.00000 13.00000 3.00000 16.00000 5.00000 3.00000 29.00000 25.00000 5.00000 12.00000 13.00000 23.00000 19.00000 24.00000 27.00000 21.00000 3.00000 16.00000 14.00000 23.00000 5.00000 22.00000 28.00000 4.00000 24.00000 18.00000 4.00000 0.00000 10.00000 16.00000 27.00000 20.00000 22.00000 23.00000 2.00000 6.00000 8.00000 25.00000 3.00000 16.00000 32.00000 5.00000 30.00000 25.00000 24.00000 19.00000 2.00000 26.00000 9.00000 27.00000 28.00000 4.00000 24.00000 26.00000 7.00000 7.00000 29.00000 22.00000 27.00000 29.00000 24.00000 9.00000 22.00000 22.00000
18.00000 15.00000 4.00000 27.00000 7.00000 31.00000 16.00000 12.00000 6.00000 18.00000 23.00000 6.00000 25.00000 25.00000 8.00000 11.00000 12.00000 13.00000 11.00000 24.00000 27.00000 8.00000 6.00000 15.00000 25.00000 15.00000 19.00000 29.00000 15.00000 10.00000 12.00000 16.00000 18.00000 13.00000 17.00000 30.00000 9.00000 19.00000 20.00000 8.00000 10.00000 0.00000 11.00000 22.00000 15.00000 24.00000 19.00000 9.00000 9.00000 10.00000 27.00000 11.00000 11.00000 27.00000 12.00000 32.00000 20.00000 19.00000 21.00000 11.00000 21.00000 11.00000 29.00000 30.00000 8.00000 19.00000 28.00000 13.00000 12.00000 30.00000 18.00000 29.00000 24.00000 19.00000 7.00000 16.00000 18.00000
19.00000 10.00000 9.00000 25.00000 13.00000 33.00000 9.00000 10.00000 9.00000 25.00000 30.00000 12.00000 31.00000 23.00000 15.00000 17.00000 9.00000 19.00000 17.00000 23.00000 34.00000 13.00000 7.00000 22.00000 32.00000 7.00000 17.00000 36.00000 12.00000 17.00000 6.00000 22.00000 16.00000 18.00000 16.00000 36.00000 15.00000 17.00000 26.00000 14.00000 16.00000 10.00000 0.00000 15.00000 11.00000 30.00000 11.00000 15.00000 15.00000 17.00000 34.00000 17.00000 9.00000 20.00000 18.00000 33.00000 18.00000 17.00000 28.00000 16.00000 14.00000 17.00000 35.00000 36.00000 14.00000 17.00000 35.00000 19.00000 18.00000 37.00000 19.00000 36.00000 22.00000 14.00000 10.00000 8.00000 19.00000
21.00000 19.00000 21.00000 27.00000 24.00000 32.00000 12.00000 22.00000 22.00000 29.00000 38.00000 23.00000 42.00000 25.00000 25.00000 28.00000 14.00000 31.00000 28.00000 25.00000 38.00000 26.00000 19.00000 32.00000 41.00000 13.00000 19.00000 37.00000 22.00000 27.00000 15.00000 33.00000 18.00000 30.00000 16.00000 46.00000 26.00000 20.00000 37.00000 26.00000 27.00000 23.00000 14.00000 0.00000 21.00000 40.00000 7.00000 27.00000 26.00000 27.00000 37.00000 28.00000 21.00000 13.00000 29.00000 32.00000 19.00000 20.00000 38.00000 29.00000 12.00000 28.00000 46.00000 42.00000 26.00000 20.00000 39.00000 30.00000 29.00000 36.00000 21.00000 35.00000 25.00000 24.00000 23.00000 15.00000 21.00000
26.00000 4.00000 13.00000 32.00000 20.00000 40.00000 13.00000 5.00000 13.00000 31.00000 36.00000 19.00000 38.00000 30.00000 21.00000 21.00000 16.00000 21.00000 22.00000 29.00000 40.00000 17.00000 15.00000 28.00000 38.00000 12.00000 24.00000 42.00000 3.00000 21.00000 13.00000 29.00000 23.00000 20.00000 22.00000 43.00000 22.00000 24.00000 33.00000 18.00000 20.00000 15.00000 11.00000 21.00000 0.00000 37.00000 18.00000 19.00000 22.00000 23.00000 40.00000 21.00000 9.00000 16.00000 20.00000 40.00000 25.00000 24.00000 34.00000 20.00000 13.00000 24.00000 42.00000 43.00000 17.00000 24.00000 41.00000 21.00000 21.00000 43.00000 26.00000 42.00000 29.00000 6.00000 13.00000 10.00000 26.00000
20.00000 36.00000 25.00000 24.00000 19.00000 13.00000 33.00000 34.00000 27.00000 14.00000 7.00000 19.00000 3.00000 25.00000 23.00000 20.00000 29.00000 23.00000 20.00000 26.00000 11.00000 24.00000 25.00000 11.00000 4.00000 32.00000 26.00000 10.00000 37.00000 19.00000 29.00000 11.00000 24.00000 21.00000 28.00000 8.00000 19.00000 26.00000 6.00000 24.00000 22.00000 24.00000 29.00000 40.00000 37.00000 0.00000 36.00000 22.00000 17.00000 16.00000 11.00000 20.00000 32.00000 45.00000 21.00000 13.00000 26.00000 24.00000 9.00000 23.00000 38.00000 16.00000 7.00000 10.00000 24.00000 24.00000 8.00000 20.00000 19.00000 11.00000 20.00000 11.00000 26.00000 40.00000 27.00000 35.00000 20.00000
17.00000 16.00000 17.00000 23.00000 19.00000 31.00000 7.00000 17.00000 17.00000 24.00000 33.00000 18.00000 38.00000 21.00000 21.00000 24.00000 10.00000 26.00000 23.00000 21.00000 37.00000 21.00000 14.00000 28.00000 37.00000 8.00000 15.00000 36.00000 17.00000 23.00000 10.00000 28.00000 14.00000 26.00000 13.00000 42.00000 21.00000 15.00000 33.00000 22.00000 23.00000 19.00000 10.00000 8.00000 16.00000 36.00000 0.00000 23.00000 21.00000 23.00000 36.00000 24.00000 17.00000 13.00000 25.00000 31.00000 16.00000 15.00000 34.00000 24.00000 8.00000 23.00000 42.00000 40.00000 22.00000 15.00000 38.00000 25.00000 25.00000 35.00000 17.00000 34.00000 20.00000 20.00000 18.00000 10.00000 17.00000
22.00000 19.00000 7.00000 32.00000 5.00000 30.00000 20.00000 16.00000 7.00000 22.00000 22.00000 5.00000 24.00000 29.00000 12.00000 4.00000 16.00000 5.00000 4.00000 29.00000 26.00000 3.00000 12.00000 14.00000 24.00000 19.00000 24.00000 28.00000 19.00000 4.00000 16.00000 15.00000 22.00000 6.00000 22.00000 29.00000 5.00000 24.00000 19.00000 2.00000 2.00000 9.00000 15.00000 27.00000 19.00000 23.00000 23.00000 0.00000 7.00000 9.00000 26.00000 4.00000 14.00000 31.00000 5.00000 31.00000 24.00000 24.00000 20.00000 3.00000 25.00000 10.00000 28.00000 29.00000 3.00000 24.00000 27.00000 7.00000 7.00000 29.00000 22.00000 28.00000 28.00000 23.00000 8.00000 20.00000 22.00000
19.00000 20.00000 10.00000 29.00000 3.00000 24.00000 18.00000 19.00000 11.00000 16.00000 16.00000 4.00000 19.00000 27.00000 10.00000 6.00000 13.00000 9.00000 6.00000 26.00000 20.00000 8.00000 9.00000 8.00000 19.00000 16.00000 21.00000 22.00000 21.00000 6.00000 13.00000 10.00000 20.00000 8.00000 19.00000 24.00000 5.00000 21.00000 14.00000 8.00000 7.00000 8.00000 14.00000 24.00000 21.00000 18.00000 20.00000 7.00000 0.00000 4.00000 20.00000 6.00000 17.00000 29.00000 8.00000 24.00000 21.00000 21.00000 15.00000 8.00000 23.00000 5.00000 23.00000 23.00000 8.00000 21.00000 21.00000 7.00000 6.00000 23.00000 19.00000 22.00000 26.00000 24.00000 13.00000 19.00000 19.00000
21.00000 24.00000 14.00000 33.00000 7.00000 24.00000 22.00000 23.00000 15.00000 16.00000 15.00000 8.00000 15.00000 31.00000 14.00000 8.00000 18.00000 11.00000 9.00000 30.00000 20.00000 12.00000 13.00000 6.00000 16.00000 20.00000 25.00000 22.00000 26.00000 8.00000 17.00000 6.00000 24.00000 8.00000 23.00000 20.00000 7.00000 25.00000 11.00000 12.00000 10.00000 13.00000 18.00000 28.00000 25.00000 14.00000 24.00000 11.00000 6.00000 0.00000 20.00000 8.00000 21.00000 33.00000 10.00000 24.00000 26.00000 25.00000 12.00000 11.00000 27.00000 3.00000 20.00000 22.00000 13.00000 25.00000 20.00000 7.00000 8.00000 23.00000 21.00000 21.00000 30.00000 28.00000 15.00000 23.00000 21.00000
21.00000 39.00000 29.00000 17.00000 22.00000 6.00000 37.00000 38.00000 30.00000 16.00000 6.00000 23.00000 10.00000 18.00000 25.00000 24.00000 31.00000 27.00000 23.00000 19.00000 1.00000 27.00000 28.00000 18.00000 9.00000 35.00000 24.00000 5.00000 41.00000 23.00000 32.00000 20.00000 23.00000 25.00000 28.00000 14.00000 22.00000 26.00000 14.00000 27.00000 25.00000 28.00000 33.00000 37.00000 40.00000 11.00000 36.00000 26.00000 21.00000 20.00000 0.00000 24.00000 36.00000 45.00000 25.00000 7.00000 24.00000 25.00000 18.00000 26.00000 41.00000 21.00000 14.00000 9.00000 28.00000 23.00000 6.00000 24.00000 24.00000 4.00000 21.00000 3.00000 19.00000 43.00000 32.00000 38.00000 21.00000
23.00000 21.00000 11.00000 33.00000 5.00000 28.00000 22.00000 19.00000 11.00000 21.00000 20.00000 7.00000 22.00000 31.00000 14.00000 1.00000 17.00000 4.00000 2.00000 30.00000 25.00000 6.00000 13.00000 12.00000 22.00000 20.00000 25.00000 27.00000 21.00000 1.00000 17.00000 13.00000 23.00000 3.00000 23.00000 27.00000 4.00000 25.00000 17.00000 6.00000 5.00000 11.00000 18.00000 28.00000 21.00000 21.00000 24.00000 4.00000 6.00000 7.00000 24.00000 0.00000 17.00000 32.00000 3.00000 29.00000 25.00000 25.00000 18.00000 6.00000 26.00000 7.00000 26.00000 27.00000 7.00000 25.00000 25.00000 4.00000 4.00000 28.00000 23.00000 26.00000 30.00000 24.00000 9.00000 23.00000 23.00000
23.00000 8.00000 7.00000 30.00000 14.00000 38.00000 13.00000 5.00000 8.00000 26.00000 31.00000 13.00000 32.00000 27.00000 16.00000 16.00000 13.00000 17.00000 16.00000 27.00000 35.00000 12.00000 10.00000 23.00000 33.00000 11.00000 22.00000 37.00000 8.00000 16.00000 11.00000 23.00000 20.00000 16.00000 20.00000 37.00000 16.00000 22.00000 28.00000 12.00000 15.00000 10.00000 9.00000 21.00000 8.00000 31.00000 17.00000 13.00000 16.00000 18.00000 35.00000 17.00000 0.00000 20.00000 16.00000 38.00000 22.00000 22.00000 29.00000 15.00000 15.00000 18.00000 37.00000 37.00000 12.00000 22.00000 35.00000 18.00000 18.00000 38.00000 23.00000 37.00000 27.00000 12.00000 9.00000 11.00000 23.00000
26.00000 15.00000 24.00000 33.00000 29.00000 41.00000 16.00000 19.00000 24.00000 34.00000 43.00000 28.00000 47.00000 30.00000 30.00000 33.00000 19.00000 33.00000 33.00000 30.00000 46.00000 28.00000 24.00000 37.00000 46.00000 18.00000 25.00000 45.00000 18.00000 32.00000 20.00000 38.00000 23.00000 32.00000 23.00000 52.00000 31.00000 25.00000 42.00000 29.00000 31.00000 26.00000 19.00000 14.00000 16.00000 45.00000 12.00000 30.00000 31.00000 32.00000 46.00000 33.00000 20.00000 0.00000 32.00000 41.00000 25.00000 25.00000 43.00000 31.00000 12.00000 33.00000 51.00000 49.00000 28.00000 25.00000 47.00000 33.00000 33.00000 44.00000 26.00000 44.00000 30.00000 17.00000 25.00000 15.00000 26.00000
24.00000 21.00000 11.00000 34.00000 6.00000 30.00000 23.00000 18.00000 10.00000 22.00000 22.00000 8.00000 24.00000 32.00000 15.00000 3.00000 18.00000 2.00000 4.00000 31.00000 26.00000 7.00000 14.00000 14.00000 24.00000 21.00000 26.00000 28.00000 20.00000 3.00000 18.00000 14.00000 25.00000 4.00000 24.00000 28.00000 5.00000 26.00000 19.00000 7.00000 5.00000 12.00000 18.00000 29.00000 20.00000 22.00000 25.00000 5.00000 8.00000 9.00000 26.00000 3.00000 17.00000 31.00000 0.00000 30.00000 27.00000 26.00000 20.00000 4.00000 27.00000 8.00000 28.00000 29.00000 8.00000 26.00000 27.00000 5.00000 5.00000 29.00000 24.00000 28.00000 31.00000 24.00000 9.00000 23.00000 24.00000
16.00000 39.00000 33.00000 13.00000 26.00000 2.00000 32.00000 40.00000 34.00000 17.00000 10.00000 27.00000 12.00000 13.00000 29.00000 28.00000 27.00000 30.00000 27.00000 15.00000 8.00000 31.00000 32.00000 22.00000 11.00000 33.00000 19.00000 7.00000 41.00000 27.00000 30.00000 22.00000 18.00000 29.00000 23.00000 16.00000 26.00000 21.00000 17.00000 31.00000 29.00000 31.00000 33.00000 32.00000 40.00000 13.00000 32.00000 30.00000 24.00000 24.00000 7.00000 28.00000 39.00000 41.00000 29.00000 0.00000 20.00000 20.00000 20.00000 30.00000 36.00000 25.00000 17.00000 12.00000 31.00000 18.00000 8.00000 28.00000 27.00000 5.00000 16.00000 5.00000 15.00000 43.00000 35.00000 36.00000 16.00000
7.00000 23.00000 19.00000 11.00000 21.00000 20.00000 17.00000 25.00000 19.00000 15.00000 24.00000 20.00000 28.00000 9.00000 22.00000 25.00000 11.00000 28.00000 25.00000 9.00000 25.00000 23.00000 16.00000 26.00000 27.00000 18.00000 1.00000 24.00000 25.00000 24.00000 14.00000 29.00000 3.00000 27.00000 6.00000 33.00000 23.00000 4.00000 30.00000 24.00000 24.00000 20.00000 17.00000 19.00000 24.00000 26.00000 16.00000 24.00000 23.00000 24.00000 24.00000 25.00000 23.00000 25.00000 26.00000 20.00000 0.00000 5.00000 33.00000 26.00000 20.00000 25.00000 32.00000 29.00000 23.00000 3.00000 26.00000 27.00000 26.00000 23.00000 7.00000 22.00000 8.00000 27.00000 21.00000 20.00000 7.00000
6.00000 23.00000 19.00000 12.00000 21.00000 20.00000 17.00000 24.00000 19.00000 13.00000 22.00000 20.00000 26.00000 10.00000 20.00000 25.00000 11.00000 28.00000 24.00000 9.00000 26.00000 23.00000 16.00000 24.00000 25.00000 18.00000 5.00000 25.00000 25.00000 24.00000 14.00000 27.00000 3.00000 27.00000 8.00000 31.00000 23.00000 5.00000 28.00000 23.00000 24.00000 20.00000 17.00000 20.00000 24.00000 24.00000 16.00000 24.00000 23.00000 24.00000 25.00000 25.00000 23.00000 25.00000 26.00000 20.00000 4.00000 0.00000 31.00000 25.00000 20.00000 25.00000 30.00000 29.00000 23.00000 4.00000 26.00000 26.00000 26.00000 23.00000 6.00000 23.00000 9.00000 27.00000 21.00000 20.00000 6.00000
26.00000 34.00000 23.00000 30.00000 16.00000 19.00000 31.00000 32.00000 25.00000 20.00000 13.00000 17.00000 9.00000 30.00000 23.00000 17.00000 27.00000 20.00000 18.00000 32.00000 17.00000 22.00000 23.00000 9.00000 9.00000 30.00000 32.00000 16.00000 35.00000 17.00000 26.00000 9.00000 30.00000 19.00000 33.00000 14.00000 16.00000 32.00000 4.00000 22.00000 19.00000 22.00000 27.00000 37.00000 34.00000 8.00000 33.00000 20.00000 15.00000 13.00000 17.00000 18.00000 30.00000 42.00000 19.00000 19.00000 32.00000 30.00000 0.00000 21.00000 36.00000 14.00000 13.00000 16.00000 22.00000 29.00000 14.00000 17.00000 17.00000 17.00000 26.00000 16.00000 32.00000 38.00000 25.00000 32.00000 26.00000
23.00000 20.00000 9.00000 33.00000 6.00000 31.00000 22.00000 18.00000 9.00000 23.00000 22.00000 7.00000 24.00000 31.00000 14.00000 5.00000 18.00000 4.00000 5.00000 30.00000 27.00000 5.00000 13.00000 14.00000 24.00000 20.00000 25.00000 29.00000 21.00000 5.00000 17.00000 15.00000 24.00000 7.00000 23.00000 29.00000 6.00000 25.00000 19.00000 4.00000 2.00000 11.00000 17.00000 28.00000 20.00000 23.00000 24.00000 3.00000 8.00000 9.00000 27.00000 5.00000 16.00000 32.00000 4.00000 31.00000 26.00000 25.00000 21.00000 0.00000 26.00000 10.00000 28.00000 29.00000 5.00000 25.00000 27.00000 8.00000 8.00000 30.00000 23.00000 29.00000 30.00000 24.00000 9.00000 22.00000 23.00000
22.00000 11.00000 19.00000 28.00000 23.00000 36.00000 6.00000 14.00000 19.00000 29.00000 38.00000 22.00000 41.00000 26.00000 25.00000 27.00000 14.00000 29.00000 27.00000 25.00000 42.00000 23.00000 18.00000 32.00000 41.00000 11.00000 20.00000 41.00000 14.00000 27.00000 14.00000 32.00000 19.00000 28.00000 18.00000 46.00000 25.00000 20.00000 37.00000 24.00000 26.00000 21.00000 13.00000 11.00000 13.00000 40.00000 8.00000 25.00000 25.00000 27.00000 41.00000 27.00000 15.00000 11.00000 28.00000 36.00000 20.00000 20.00000 38.00000 26.00000 0.00000 27.00000 46.00000 45.00000 23.00000 20.00000 42.00000 29.00000 29.00000 39.00000 22.00000 39.00000 25.00000 17.00000 20.00000 8.00000 22.00000
23.00000 24.00000 14.00000 33.00000 7.00000 25.00000 22.00000 22.00000 15.00000 18.00000 17.00000 8.00000 18.00000 31.00000 14.00000 6.00000 18.00000 8.00000 8.00000 31.00000 22.00000 12.00000 14.00000 8.00000 18.00000 21.00000 25.00000 24.00000 24.00000 7.00000 17.00000 9.00000 24.00000 6.00000 23.00000 23.00000 7.00000 25.00000 13.00000 11.00000 10.00000 13.00000 18.00000 28.00000 24.00000 17.00000 24.00000 10.00000 6.00000 3.00000 21.00000 6.00000 21.00000 33.00000 7.00000 26.00000 26.00000 25.00000 14.00000 11.00000 27.00000 0.00000 22.00000 24.00000 12.00000 25.00000 22.00000 4.00000 5.00000 25.00000 23.00000 23.00000 30.00000 28.00000 13.00000 23.00000 23.00000
26.00000 41.00000 31.00000 28.00000 24.00000 16.00000 39.00000 40.00000 32.00000 20.00000 13.00000 25.00000 7.00000 28.00000 29.00000 25.00000 34.00000 28.00000 25.00000 29.00000 15.00000 29.00000 30.00000 16.00000 10.00000 37.00000 32.00000 13.00000 43.00000 24.00000 34.00000 17.00000 30.00000 26.00000 34.00000 5.00000 24.00000 32.00000 11.00000 29.00000 27.00000 30.00000 35.00000 45.00000 42.00000 7.00000 41.00000 28.00000 23.00000 21.00000 15.00000 25.00000 38.00000 50.00000 27.00000 17.00000 32.00000 30.00000 14.00000 28.00000 44.00000 22.00000 0.00000 13.00000 30.00000 29.00000 12.00000 25.00000 25.00000 15.00000 26.00000 14.00000 29.00000 45.00000 33.00000 40.00000 26.00000
24.00000 41.00000 31.00000 22.00000 24.00000 11.00000 39.00000 39.00000 32.00000 18.00000 8.00000 25.00000 9.00000 23.00000 27.00000 26.00000 34.00000 29.00000 25.00000 24.00000 10.00000 29.00000 30.00000 19.00000 8.00000 37.00000 29.00000 7.00000 42.00000 25.00000 34.00000 19.00000 28.00000 27.00000 32.00000 12.00000 24.00000 30.00000 14.00000 29.00000 27.00000 29.00000 35.00000 42.00000 42.00000 10.00000 40.00000 28.00000 22.00000 22.00000 10.00000 26.00000 38.00000 49.00000 27.00000 12.00000 29.00000 28.00000 17.00000 28.00000 44.00000 23.00000 12.00000 0.00000 29.00000 28.00000 5.00000 26.00000 26.00000 8.00000 24.00000 9.00000 24.00000 45.00000 34.00000 40.00000 24.00000
22.00000 18.00000 6.00000 31.00000 7.00000 32.00000 19.00000 15.00000 6.00000 22.00000 24.00000 6.00000 26.00000 29.00000 12.00000 6.00000 15.00000 7.00000 6.00000 28.00000 28.00000 1.00000 10.00000 16.00000 26.00000 18.00000 23.00000 30.00000 18.00000 6.00000 15.00000 17.00000 21.00000 8.00000 21.00000 30.00000 7.00000 23.00000 21.00000 1.00000 4.00000 8.00000 14.00000 25.00000 17.00000 25.00000 21.00000 3.00000 9.00000 11.00000 28.00000 6.00000 13.00000 29.00000 7.00000 33.00000 23.00000 23.00000 22.00000 5.00000 23.00000 12.00000 30.00000 31.00000 0.00000 23.00000 29.00000 9.00000 9.00000 31.00000 22.00000 30.00000 28.00000 21.00000 8.00000 19.00000 22.00000
4.00000 23.00000 19.00000 9.00000 20.00000 18.00000 16.00000 24.00000 19.00000 12.00000 21.00000 19.00000 25.00000 7.00000 19.00000 25.00000 11.00000 27.00000 24.00000 7.00000 23.00000 23.00000 16.00000 23.00000 25.00000 17.00000 3.00000 22.00000 25.00000 24.00000 14.00000 26.00000 2.00000 27.00000 7.00000 30.00000 22.00000 5.00000 27.00000 23.00000 24.00000 20.00000 17.00000 20.00000 24.00000 24.00000 16.00000 24.00000 22.00000 24.00000 22.00000 25.00000 23.00000 25.00000 26.00000 18.00000 4.00000 4.00000 30.00000 25.00000 20.00000 24.00000 30.00000 27.00000 23.00000 0.00000 24.00000 26.00000 26.00000 21.00000 4.00000 20.00000 6.00000 27.00000 21.00000 20.00000 4.00000
22.00000 39.00000 29.00000 19.00000 22.00000 8.00000 37.00000 38.00000 30.00000 16.00000 6.00000 23.00000 7.00000 19.00000 25.00000 24.00000 33.00000 27.00000 24.00000 21.00000 7.00000 27.00000 28.00000 17.00000 7.00000 35.00000 25.00000 3.00000 41.00000 23.00000 32.00000 18.00000 25.00000 25.00000 29.00000 11.00000 22.00000 28.00000 12.00000 27.00000 25.00000 28.00000 33.00000 39.00000 40.00000 9.00000 38.00000 26.00000 21.00000 20.00000 7.00000 24.00000 36.00000 47.00000 26.00000 8.00000 26.00000 26.00000 15.00000 26.00000 42.00000 22.00000 12.00000 5.00000 28.00000 25.00000 0.00000 24.00000 24.00000 4.00000 22.00000 5.00000 21.00000 43.00000 32.00000 38.00000 22.00000
22.00000 23.00000 13.00000 32.00000 6.00000 26.00000 21.00000 21.00000 14.00000 18.00000 17.00000 7.00000 20.00000 30.00000 13.00000 5.00000 16.00000 7.00000 5.00000 29.00000 22.00000 9.00000 12.00000 10.00000 20.00000 19.00000 24.00000 24.00000 23.00000 4.00000 16.00000 10.00000 22.00000 5.00000 22.00000 24.00000 5.00000 24.00000 15.00000 9.00000 7.00000 11.00000 17.00000 27.00000 23.00000 18.00000 23.00000 7.00000 5.00000 5.00000 22.00000 5.00000 20.00000 32.00000 6.00000 26.00000 24.00000 24.00000 16.00000 9.00000 25.00000 5.00000 24.00000 24.00000 9.00000 24.00000 22.00000 0.00000 3.00000 25.00000 22.00000 23.00000 29.00000 26.00000 11.00000 22.00000 22.00000
27.00000 22.00000 12.00000 36.00000 9.00000 30.00000 24.00000 19.00000 11.00000 22.00000 22.00000 11.00000 22.00000 34.00000 17.00000 5.00000 20.00000 7.00000 6.00000 33.00000 26.00000 10.00000 16.00000 13.00000 23.00000 23.00000 28.00000 28.00000 21.00000 6.00000 20.00000 11.00000 27.00000 4.00000 26.00000 27.00000 8.00000 28.00000 17.00000 10.00000 9.00000 14.00000 18.00000 30.00000 21.00000 21.00000 26.00000 8.00000 9.00000 8.00000 26.00000 5.00000 18.00000 32.00000 5.00000 30.00000 29.00000 28.00000 19.00000 9.00000 28.00000 6.00000 26.00000 28.00000 10.00000 28.00000 27.00000 5.00000 0.00000 29.00000 27.00000 28.00000 33.00000 24.00000 9.00000 24.00000 27.00000
20.00000 42.00000 31.00000 17.00000 25.00000 6.00000 36.00000 40.00000 33.00000 19.00000 8.00000 25.00000 10.00000 17.00000 28.00000 26.00000 31.00000 29.00000 26.00000 19.00000 7.00000 30.00000 31.00000 20.00000 9.00000 37.00000 23.00000 3.00000 43.00000 26.00000 34.00000 20.00000 22.00000 28.00000 27.00000 14.00000 24.00000 25.00000 14.00000 30.00000 28.00000 30.00000 35.00000 36.00000 42.00000 11.00000 36.00000 28.00000 23.00000 23.00000 6.00000 26.00000 38.00000 45.00000 28.00000 6.00000 24.00000 24.00000 18.00000 29.00000 40.00000 24.00000 14.00000 8.00000 30.00000 22.00000 4.00000 27.00000 26.00000 0.00000 20.00000 4.00000 19.00000 46.00000 34.00000 40.00000 20.00000
0.00000 25.00000 19.00000 13.00000 19.00000 16.00000 18.00000 26.00000 20.00000 8.00000 17.00000 18.00000 22.00000 11.00000 15.00000 23.00000 12.00000 25.00000 22.00000 10.00000 22.00000 21.00000 17.00000 20.00000 21.00000 19.00000 7.00000 21.00000 26.00000 22.00000 16.00000 22.00000 5.00000 25.00000 9.00000 27.00000 21.00000 7.00000 23.00000 21.00000 22.00000 18.00000 19.00000 21.00000 25.00000 20.00000 17.00000 22.00000 20.00000 21.00000 21.00000 23.00000 24.00000 26.00000 24.00000 16.00000 7.00000 6.00000 27.00000 23.00000 22.00000 23.00000 26.00000 24.00000 22.00000 4.00000 22.00000 24.00000 24.00000 20.00000 0.00000 19.00000 10.00000 29.00000 22.00000 21.00000 0.00000
20.00000 40.00000 29.00000 16.00000 23.00000 5.00000 36.00000 38.00000 31.00000 17.00000 6.00000 23.00000 9.00000 16.00000 26.00000 24.00000 30.00000 27.00000 24.00000 18.00000 4.00000 28.00000 29.00000 18.00000 8.00000 36.00000 22.00000 4.00000 41.00000 24.00000 33.00000 19.00000 22.00000 26.00000 26.00000 13.00000 23.00000 24.00000 14.00000 28.00000 26.00000 28.00000 33.00000 36.00000 41.00000 10.00000 35.00000 26.00000 21.00000 21.00000 3.00000 24.00000 36.00000 44.00000 26.00000 5.00000 23.00000 23.00000 17.00000 27.00000 39.00000 22.00000 14.00000 9.00000 28.00000 21.00000 5.00000 25.00000 24.00000 3.00000 20.00000 0.00000 18.00000 44.00000 32.00000 39.00000 20.00000
11.00000 28.00000 24.00000 6.00000 25.00000 15.00000 21.00000 29.00000 24.00000 19.00000 22.00000 24.00000 24.00000 4.00000 26.00000 29.00000 15.00000 32.00000 29.00000 1.00000 20.00000 28.00000 20.00000 30.00000 24.00000 22.00000 8.00000 19.00000 29.00000 29.00000 19.00000 33.00000 7.00000 31.00000 12.00000 28.00000 27.00000 10.00000 29.00000 28.00000 29.00000 25.00000 22.00000 25.00000 28.00000 26.00000 21.00000 29.00000 27.00000 29.00000 19.00000 29.00000 27.00000 30.00000 31.00000 15.00000 8.00000 9.00000 33.00000 30.00000 25.00000 29.00000 29.00000 24.00000 28.00000 7.00000 21.00000 31.00000 31.00000 18.00000 11.00000 17.00000 0.00000 32.00000 26.00000 24.00000 11.00000
30.00000 7.00000 16.00000 36.00000 23.00000 44.00000 16.00000 9.00000 17.00000 35.00000 40.00000 22.00000 41.00000 34.00000 25.00000 24.00000 19.00000 25.00000 26.00000 33.00000 44.00000 21.00000 18.00000 32.00000 42.00000 15.00000 28.00000 46.00000 4.00000 25.00000 16.00000 32.00000 26.00000 24.00000 26.00000 46.00000 25.00000 28.00000 37.00000 21.00000 24.00000 19.00000 14.00000 25.00000 7.00000 40.00000 21.00000 22.00000 25.00000 27.00000 44.00000 24.00000 13.00000 15.00000 24.00000 44.00000 28.00000 28.00000 38.00000 24.00000 16.00000 27.00000 46.00000 46.00000 21.00000 28.00000 45.00000 25.00000 25.00000 47.00000 30.00000 46.00000 33.00000 0.00000 17.00000 14.00000 30.00000
23.00000 13.00000 5.00000 29.00000 12.00000 36.00000 17.00000 11.00000 5.00000 23.00000 28.00000 11.00000 30.00000 27.00000 13.00000 10.00000 14.00000 11.00000 12.00000 27.00000 32.00000 8.00000 9.00000 20.00000 30.00000 15.00000 21.00000 34.00000 13.00000 11.00000 13.00000 19.00000 20.00000 10.00000 20.00000 35.00000 13.00000 22.00000 25.00000 9.00000 9.00000 7.00000 12.00000 23.00000 13.00000 29.00000 19.00000 9.00000 13.00000 15.00000 32.00000 10.00000 10.00000 24.00000 10.00000 36.00000 22.00000 21.00000 26.00000 10.00000 21.00000 14.00000 34.00000 35.00000 8.00000 21.00000 33.00000 11.00000 11.00000 35.00000 23.00000 34.00000 26.00000 16.00000 0.00000 16.00000 23.00000
21.00000 8.00000 15.00000 27.00000 19.00000 35.00000 4.00000 11.00000 15.00000 28.00000 36.00000 18.00000 37.00000 25.00000 21.00000 23.00000 11.00000 25.00000 23.00000 24.00000 40.00000 20.00000 14.00000 28.00000 38.00000 6.00000 19.00000 40.00000 12.00000 23.00000 10.00000 28.00000 18.00000 24.00000 17.00000 42.00000 21.00000 19.00000 33.00000 20.00000 23.00000 17.00000 9.00000 14.00000 11.00000 36.00000 10.00000 21.00000 21.00000 23.00000 40.00000 23.00000 12.00000 13.00000 24.00000 35.00000 20.00000 19.00000 34.00000 23.00000 7.00000 23.00000 42.00000 43.00000 20.00000 19.00000 41.00000 25.00000 25.00000 39.00000 21.00000 38.00000 24.00000 14.00000 17.00000 0.00000 21.00000
0.00000 25.00000 19.00000 13.00000 19.00000 16.00000 18.00000 26.00000 20.00000 8.00000 17.00000 18.00000 22.00000 11.00000 15.00000 23.00000 12.00000 25.00000 22.00000 10.00000 22.00000 21.00000 17.00000 20.00000 21.00000 19.00000 7.00000 21.00000 26.00000 22.00000 16.00000 22.00000 5.00000 25.00000 9.00000 27.00000 21.00000 7.00000 23.00000 21.00000 22.00000 18.00000 19.00000 21.00000 25.00000 20.00000 17.00000 22.00000 20.00000 21.00000 21.00000 23.00000 24.00000 26.00000 24.00000 16.00000 7.00000 6.00000 27.00000 23.00000 22.00000 23.00000 26.00000 24.00000 22.00000 4.00000 22.00000 24.00000 24.00000 20.00000 0.00000 19.00000 10.00000 29.00000 22.00000 21.00000 0.00000
p
0.0 0.0 0.0 0.0 0.0 0.0 
0.0 0.0 0.0 0.0 0.0 0.0 
0.0 0.0 0.0 0.0 0.0 0.0 
0.0 0.0 0.0 0.0 0.0 0.0 
0.0 0.0 0.0 0.0 0.0 0.0 
0.0 0.0 0.0 0.0 0.0 0.0 
0.0 0.0 0.0 0.0 0.0 0.0 
0.0 0.0 0.0 0.0 0.0 0.0 
0.0 0.0 0.0 0.0 0.0 0.0 
0.0 0.0 0.0 0.0 0.0 0.0 
0.0 0.0 0.0 0.0 0.0 0.0 
0.0 0.0 0.0 0.0 0.0 0.0 
0.0 0.0 0.0 0.0 0.0 0.0 
0.0 0.0 0.0 0.0 0.0 0.0 
0.0 0.0 0.0 0.0 0.0 0.0 
37 0 0 0 0 0 
37 0 0 0 0 0 
37 0 0 0 0 0 
37 0 0 0 0 0 
37 0 0 0 0 0 
37 0 0 0 0 0 
37 0 0 0 0 0 
37 0 0 0 0 0 
37 0 0 0 0 0 
37 0 0 0 0 0 
37 0 0 0 0 0 
37 0 0 0 0 0 
37 0 0 0 0 0 
37 0 0 0 0 0 
37 0 0 0 0 0 
20 0 0 0 27 0 
20 0 0 0 27 0 
20 0 0 0 27 0 
20 0 0 0 27 0 
20 0 0 0 27 0 
20 0 0 0 27 0 
20 0 0 0 27 0 
20 0 0 0 27 0 
20 0 0 0 27 0 
20 0 0 0 27 0 
20 0 0 0 27 0 
20 0 0 0 27 0 
20 0 0 0 27 0 
20 0 0 0 27 0 
20 0 0 0 27 0 
0 0 55 0 0 0 
0 0 55 0 0 0 
0 0 55 0 0 0 
0 0 55 0 0 0 
0 0 55 0 0 0 
0 0 55 0 0 0 
0 0 55 0 0 0 
0 0 55 0 0 0 
0 0 55 0 0 0 
0 0 55 0 0 0 
0 0 55 0 0 0 
0 0 55 0 0 0 
0 0 55 0 0 0 
0 0 55 0 0 0 
0 0 55 0 0 0 
0 0 0 25 0 0 
0 0 0 25 0 0 
0 0 0 25 0 0 
0 0 0 25 0 0 
0 0 0 25 0 0 
0 0 0 25 0 0 
0 0 0 25 0 0 
0 0 0 25 0 0 
0 0 0 25 0 0 
0 0 0 25 0 0 
0 0 0 25 0 0 
0 0 0 25 0 0 
0 0 0 25 0 0 
0 0 0 25 0 0 
0 0 0 25 0 0 
0 0 0 0 53 0 
0 0 0 0 53 0 
0 0 0 0 53 0 
0 0 0 0 53 0 
0 0 0 0 53 0 
0 0 0 0 53 0 
0 0 0 0 53 0 
0 0 0 0 53 0 
0 0 0 0 53 0 
0 0 0 0 53 0 
0 0 0 0 53 0 
0 0 0 0 53 0 
0 0 0 0 53 0 
0 0 0 0 53 0 
0 0 0 0 53 0 
0 39 0 0 40 0 
0 39 0 0 40 0 
0 39 0 0 40 0 
0 39 0 0 40 0 
0 39 0 0 40 0 
0 39 0 0 40 0 
0 39 0 0 40 0 
0 39 0 0 40 0 
0 39 0 0 40 0 
0 39 0 0 40 0 
0 39 0 0 40 0 
0 39 0 0 40 0 
0 39 0 0 40 0 
0 39 0 0 40 0 
0 39 0 0 40 0 
0 0 0 27 0 0 
0 0 0 27 0 0 
0 0 0 27 0 0 
0 0 0 27 0 0 
0 0 0 27 0 0 
0 0 0 27 0 0 
0 0 0 27 0 0 
0 0 0 27 0 0 
0 0 0 27 0 0 
0 0 0 27 0 0 
0 0 0 27 0 0 
0 0 0 27 0 0 
0 0 0 27 0 0 
0 0 0 27 0 0 
0 0 0 27 0 0 
25 0 0 0 0 0 
25 0 0 0 0 0 
25 0 0 0 0 0 
25 0 0 0 0 0 
25 0 0 0 0 0 
25 0 0 0 0 0 
25 0 0 0 0 0 
25 0 0 0 0 0 
25 0 0 0 0 0 
25 0 0 0 0 0 
25 0 0 0 0 0 
25 0 0 0 0 0 
25 0 0 0 0 0 
25 0 0 0 0 0 
25 0 0 0 0 0 
0 0 0 0 57 0 
0 0 0 0 57 0 
0 0 0 0 57 0 
0 0 0 0 57 0 
0 0 0 0 57 0 
0 0 0 0 57 0 
0 0 0 0 57 0 
0 0 0 0 57 0 
0 0 0 0 57 0 
0 0 0 0 57 0 
0 0 0 0 57 0 
0 0 0 0 57 0 
0 0 0 0 57 0 
0 0 0 0 57 0 
0 0 0 0 57 0 
0 53 0 0 0 0 
0 53 0 0 0 0 
0 53 0 0 0 0 
0 53 0 0 0 0 
0 53 0 0 0 0 
0 53 0 0 0 0 
0 53 0 0 0 0 
0 53 0 0 0 0 
0 53 0 0 0 0 
0 53 0 0 0 0 
0 53 0 0 0 0 
0 53 0 0 0 0 
0 53 0 0 0 0 
0 53 0 0 0 0 
0 53 0 0 0 0 
0 25 0 0 60 0 
0 25 0 0 60 0 
0 25 0 0 60 0 
0 25 0 0 60 0 
0 25 0 0 60 0 
0 25 0 0 60 0 
0 25 0 0 60 0 
0 25 0 0 60 0 
0 25 0 0 60 0 
0 25 0 0 60 0 
0 25 0 0 60 0 
0 25 0 0 60 0 
0 25 0 0 60 0 
0 25 0 0 60 0 
0 25 0 0 60 0 
31 0 0 17 0 0 
31 0 0 17 0 0 
31 0 0 17 0 0 
31 0 0 17 0 0 
31 0 0 17 0 0 
31 0 0 17 0 0 
31 0 0 17 0 0 
31 0 0 17 0 0 
31 0 0 17 0 0 
31 0 0 17 0 0 
31 0 0 17 0 0 
31 0 0 17 0 0 
31 0 0 17 0 0 
31 0 0 17 0 0 
31 0 0 17 0 0 
0 42 0 19 0 0 
0 42 0 19 0 0 
0 42 0 19 0 0 
0 42 0 19 0 0 
0 42 0 19 0 0 
0 42 0 19 0 0 
0 42 0 19 0 0 
0 42 0 19 0 0 
0 42 0 19 0 0 
0 42 0 19 0 0 
0 42 0 19 0 0 
0 42 0 19 0 0 
0 42 0 19 0 0 
0 42 0 19 0 0 
0 42 0 19 0 0 
0 0 57 0 0 0 
0 0 57 0 0 0 
0 0 57 0 0 0 
0 0 57 0 0 0 
0 0 57 0 0 0 
0 0 57 0 0 0 
0 0 57 0 0 0 
0 0 57 0 0 0 
0 0 57 0 0 0 
0 0 57 0 0 0 
0 0 57 0 0 0 
0 0 57 0 0 0 
0 0 57 0 0 0 
0 0 57 0 0 0 
0 0 57 0 0 0 
20 0 0 0 0 0 
20 0 0 0 0 0 
20 0 0 0 0 0 
20 0 0 0 0 0 
20 0 0 0 0 0 
20 0 0 0 0 0 
20 0 0 0 0 0 
20 0 0 0 0 0 
20 0 0 0 0 0 
20 0 0 0 0 0 
20 0 0 0 0 0 
20 0 0 0 0 0 
20 0 0 0 0 0 
20 0 0 0 0 0 
20 0 0 0 0 0 
0 0 0 42 0 0 
0 0 0 42 0 0 
0 0 0 42 0 0 
0 0 0 42 0 0 
0 0 0 42 0 0 
0 0 0 42 0 0 
0 0 0 42 0 0 
0 0 0 42 0 0 
0 0 0 42 0 0 
0 0 0 42 0 0 
0 0 0 42 0 0 
0 0 0 42 0 0 
0 0 0 42 0 0 
0 0 0 42 0 0 
0 0 0 42 0 0 
0 19 0 0 0 0 
0 19 0 0 0 0 
0 19 0 0 0 0 
0 19 0 0 0 0 
0 19 0 0 0 0 
0 19 0 0 0 0 
0 19 0 0 0 0 
0 19 0 0 0 0 
0 19 0 0 0 0 
0 19 0 0 0 0 
0 19 0 0 0 0 
0 19 0 0 0 0 
0 19 0 0 0 0 
0 19 0 0 0 0 
0 19 0 0 0 0 
29 0 0 0 53 0 
29 0 0 0 53 0 
29 0 0 0 53 0 
29 0 0 0 53 0 
29 0 0 0 53 0 
29 0 0 0 53 0 
29 0 0 0 53 0 
29 0 0 0 53 0 
29 0 0 0 53 0 
29 0 0 0 53 0 
29 0 0 0 53 0 
29 0 0 0 53 0 
29 0 0 0 53 0 
29 0 0 0 53 0 
29 0 0 0 53 0 
0 0 55 0 0 0 
0 0 55 0 0 0 
0 0 55 0 0 0 
0 0 55 0 0 0 
0 0 55 0 0 0 
0 0 55 0 0 0 
0 0 55 0 0 0 
0 0 55 0 0 0 
0 0 55 0 0 0 
0 0 55 0 0 0 
0 0 55 0 0 0 
0 0 55 0 0 0 
0 0 55 0 0 0 
0 0 55 0 0 0 
0 0 55 0 0 0 
0 55 0 0 0 0 
0 55 0 0 0 0 
0 55 0 0 0 0 
0 55 0 0 0 0 
0 55 0 0 0 0 
0 55 0 0 0 0 
0 55 0 0 0 0 
0 55 0 0 0 0 
0 55 0 0 0 0 
0 55 0 0 0 0 
0 55 0 0 0 0 
0 55 0 0 0 0 
0 55 0 0 0 0 
0 55 0 0 0 0 
0 55 0 0 0 0 
0 55 0 0 0 0 
0 55 0 0 0 0 
0 55 0 0 0 0 
0 55 0 0 0 0 
0 55 0 0 0 0 
0 55 0 0 0 0 
0 55 0 0 0 0 
0 55 0 0 0 0 
0 55 0 0 0 0 
0 55 0 0 0 0 
0 55 0 0 0 0 
0 55 0 0 0 0 
0 55 0 0 0 0 
0 55 0 0 0 0 
0 55 0 0 0 0 
0 0 0 38 0 0 
0 0 0 38 0 0 
0 0 0 38 0 0 
0 0 0 38 0 0 
0 0 0 38 0 0 
0 0 0 38 0 0 
0 0 0 38 0 0 
0 0 0 38 0 0 
0 0 0 38 0 0 
0 0 0 38 0 0 
0 0 0 38 0 0 
0 0 0 38 0 0 
0 0 0 38 0 0 
0 0 0 38 0 0 
0 0 0 38 0 0 
0 0 0 33 0 0 
0 0 0 33 0 0 
0 0 0 33 0 0 
0 0 0 33 0 0 
0 0 0 33 0 0 
0 0 0 33 0 0 
0 0 0 33 0 0 
0 0 0 33 0 0 
0 0 0 33 0 0 
0 0 0 33 0 0 
0 0 0 33 0 0 
0 0 0 33 0 0 
0 0 0 33 0 0 
0 0 0 33 0 0 
0 0 0 33 0 0 
0 0 47 47 0 0 
0 0 47 47 0 0 
0 0 47 47 0 0 
0 0 47 47 0 0 
0 0 47 47 0 0 
0 0 47 47 0 0 
0 0 47 47 0 0 
0 0 47 47 0 0 
0 0 47 47 0 0 
0 0 47 47 0 0 
0 0 47 47 0 0 
0 0 47 47 0 0 
0 0 47 47 0 0 
0 0 47 47 0 0 
0 0 47 47 0 0 
0 0 35 0 0 0 
0 0 35 0 0 0 
0 0 35 0 0 0 
0 0 35 0 0 0 
0 0 35 0 0 0 
0 0 35 0 0 0 
0 0 35 0 0 0 
0 0 35 0 0 0 
0 0 35 0 0 0 
0 0 35 0 0 0 
0 0 35 0 0 0 
0 0 35 0 0 0 
0 0 35 0 0 0 
0 0 35 0 0 0 
0 0 35 0 0 0 
0 58 0 0 56 0 
0 58 0 0 56 0 
0 58 0 0 56 0 
0 58 0 0 56 0 
0 58 0 0 56 0 
0 58 0 0 56 0 
0 58 0 0 56 0 
0 58 0 0 56 0 
0 58 0 0 56 0 
0 58 0 0 56 0 
0 58 0 0 56 0 
0 58 0 0 56 0 
0 58 0 0 56 0 
0 58 0 0 56 0 
0 58 0 0 56 0 
0 0 0 0 0 39 
0 0 0 0 0 39 
0 0 0 0 0 39 
0 0 0 0 0 39 
0 0 0 0 0 39 
0 0 0 0 0 39 
0 0 0 0 0 39 
0 0 0 0 0 39 
0 0 0 0 0 39 
0 0 0 0 0 39 
0 0 0 0 0 39 
0 0 0 0 0 39 
0 0 0 0 0 39 
0 0 0 0 0 39 
0 0 0 0 0 39 
0 0 0 0 58 0 
0 0 0 0 58 0 
0 0 0 0 58 0 
0 0 0 0 58 0 
0 0 0 0 58 0 
0 0 0 0 58 0 
0 0 0 0 58 0 
0 0 0 0 58 0 
0 0 0 0 58 0 
0 0 0 0 58 0 
0 0 0 0 58 0 
0 0 0 0 58 0 
0 0 0 0 58 0 
0 0 0 0 58 0 
0 0 0 0 58 0 
60 0 0 58 0 0 
60 0 0 58 0 0 
60 0 0 58 0 0 
60 0 0 58 0 0 
60 0 0 58 0 0 
60 0 0 58 0 0 
60 0 0 58 0 0 
60 0 0 58 0 0 
60 0 0 58 0 0 
60 0 0 58 0 0 
60 0 0 58 0 0 
60 0 0 58 0 0 
60 0 0 58 0 0 
60 0 0 58 0 0 
60 0 0 58 0 0 
34 0 0 0 0 0 
34 0 0 0 0 0 
34 0 0 0 0 0 
34 0 0 0 0 0 
34 0 0 0 0 0 
34 0 0 0 0 0 
34 0 0 0 0 0 
34 0 0 0 0 0 
34 0 0 0 0 0 
34 0 0 0 0 0 
34 0 0 0 0 0 
34 0 0 0 0 0 
34 0 0 0 0 0 
34 0 0 0 0 0 
34 0 0 0 0 0 
17 0 0 0 40 0 
17 0 0 0 40 0 
17 0 0 0 40 0 
17 0 0 0 40 0 
17 0 0 0 40 0 
17 0 0 0 40 0 
17 0 0 0 40 0 
17 0 0 0 40 0 
17 0 0 0 40 0 
17 0 0 0 40 0 
17 0 0 0 40 0 
17 0 0 0 40 0 
17 0 0 0 40 0 
17 0 0 0 40 0 
17 0 0 0 40 0 
20 0 0 48 0 0 
20 0 0 48 0 0 
20 0 0 48 0 0 
20 0 0 48 0 0 
20 0 0 48 0 0 
20 0 0 48 0 0 
20 0 0 48 0 0 
20 0 0 48 0 0 
20 0 0 48 0 0 
20 0 0 48 0 0 
20 0 0 48 0 0 
20 0 0 48 0 0 
20 0 0 48 0 0 
20 0 0 48 0 0 
20 0 0 48 0 0 
0 0 0 0 26 0 
0 0 0 0 26 0 
0 0 0 0 26 0 
0 0 0 0 26 0 
0 0 0 0 26 0 
0 0 0 0 26 0 
0 0 0 0 26 0 
0 0 0 0 26 0 
0 0 0 0 26 0 
0 0 0 0 26 0 
0 0 0 0 26 0 
0 0 0 0 26 0 
0 0 0 0 26 0 
0 0 0 0 26 0 
0 0 0 0 26 0 
41 0 0 0 0 0 
41 0 0 0 0 0 
41 0 0 0 0 0 
41 0 0 0 0 0 
41 0 0 0 0 0 
41 0 0 0 0 0 
41 0 0 0 0 0 
41 0 0 0 0 0 
41 0 0 0 0 0 
41 0 0 0 0 0 
41 0 0 0 0 0 
41 0 0 0 0 0 
41 0 0 0 0 0 
41 0 0 0 0 0 
41 0 0 0 0 0 
17 0 0 0 0 0 
17 0 0 0 0 0 
17 0 0 0 0 0 
17 0 0 0 0 0 
17 0 0 0 0 0 
17 0 0 0 0 0 
17 0 0 0 0 0 
17 0 0 0 0 0 
17 0 0 0 0 0 
17 0 0 0 0 0 
17 0 0 0 0 0 
17 0 0 0 0 0 
17 0 0 0 0 0 
17 0 0 0 0 0 
17 0 0 0 0 0 
0 0 0 0 0 18 
0 0 0 0 0 18 
0 0 0 0 0 18 
0 0 0 0 0 18 
0 0 0 0 0 18 
0 0 0 0 0 18 
0 0 0 0 0 18 
0 0 0 0 0 18 
0 0 0 0 0 18 
0 0 0 0 0 18 
0 0 0 0 0 18 
0 0 0 0 0 18 
0 0 0 0 0 18 
0 0 0 0 0 18 
0 0 0 0 0 18 
0 0 42 0 0 0 
0 0 42 0 0 0 
0 0 42 0 0 0 
0 0 42 0 0 0 
0 0 42 0 0 0 
0 0 42 0 0 0 
0 0 42 0 0 0 
0 0 42 0 0 0 
0 0 42 0 0 0 
0 0 42 0 0 0 
0 0 42 0 0 0 
0 0 42 0 0 0 
0 0 42 0 0 0 
0 0 42 0 0 0 
0 0 42 0 0 0 
0 0 0 53 0 0 
0 0 0 53 0 0 
0 0 0 53 0 0 
0 0 0 53 0 0 
0 0 0 53 0 0 
0 0 0 53 0 0 
0 0 0 53 0 0 
0 0 0 53 0 0 
0 0 0 53 0 0 
0 0 0 53 0 0 
0 0 0 53 0 0 
0 0 0 53 0 0 
0 0 0 53 0 0 
0 0 0 53 0 0 
0 0 0 53 0 0 
47 0 0 0 29 0 
47 0 0 0 29 0 
47 0 0 0 29 0 
47 0 0 0 29 0 
47 0 0 0 29 0 
47 0 0 0 29 0 
47 0 0 0 29 0 
47 0 0 0 29 0 
47 0 0 0 29 0 
47 0 0 0 29 0 
47 0 0 0 29 0 
47 0 0 0 29 0 
47 0 0 0 29 0 
47 0 0 0 29 0 
47 0 0 0 29 0 
0 32 0 40 0 0 
0 32 0 40 0 0 
0 32 0 40 0 0 
0 32 0 40 0 0 
0 32 0 40 0 0 
0 32 0 40 0 0 
0 32 0 40 0 0 
0 32 0 40 0 0 
0 32 0 40 0 0 
0 32 0 40 0 0 
0 32 0 40 0 0 
0 32 0 40 0 0 
0 32 0 40 0 0 
0 32 0 40 0 0 
0 32 0 40 0 0 
27 0 0 24 0 0 
27 0 0 24 0 0 
27 0 0 24 0 0 
27 0 0 24 0 0 
27 0 0 24 0 0 
27 0 0 24 0 0 
27 0 0 24 0 0 
27 0 0 24 0 0 
27 0 0 24 0 0 
27 0 0 24 0 0 
27 0 0 24 0 0 
27 0 0 24 0 0 
27 0 0 24 0 0 
27 0 0 24 0 0 
27 0 0 24 0 0 
0 0 0 0 37 0 
0 0 0 0 37 0 
0 0 0 0 37 0 
0 0 0 0 37 0 
0 0 0 0 37 0 
0 0 0 0 37 0 
0 0 0 0 37 0 
0 0 0 0 37 0 
0 0 0 0 37 0 
0 0 0 0 37 0 
0 0 0 0 37 0 
0 0 0 0 37 0 
0 0 0 0 37 0 
0 0 0 0 37 0 
0 0 0 0 37 0 
0 0 0 51 0 0 
0 0 0 51 0 0 
0 0 0 51 0 0 
0 0 0 51 0 0 
0 0 0 51 0 0 
0 0 0 51 0 0 
0 0 0 51 0 0 
0 0 0 51 0 0 
0 0 0 51 0 0 
0 0 0 51 0 0 
0 0 0 51 0 0 
0 0 0 51 0 0 
0 0 0 51 0 0 
0 0 0 51 0 0 
0 0 0 51 0 0 
0 0 0 0 41 0 
0 0 0 0 41 0 
0 0 0 0 41 0 
0 0 0 0 41 0 
0 0 0 0 41 0 
0 0 0 0 41 0 
0 0 0 0 41 0 
0 0 0 0 41 0 
0 0 0 0 41 0 
0 0 0 0 41 0 
0 0 0 0 41 0 
0 0 0 0 41 0 
0 0 0 0 41 0 
0 0 0 0 41 0 
0 0 0 0 41 0 
0 0 24 0 0 0 
0 0 24 0 0 0 
0 0 24 0 0 0 
0 0 24 0 0 0 
0 0 24 0 0 0 
0 0 24 0 0 0 
0 0 24 0 0 0 
0 0 24 0 0 0 
0 0 24 0 0 0 
0 0 24 0 0 0 
0 0 24 0 0 0 
0 0 24 0 0 0 
0 0 24 0 0 0 
0 0 24 0 0 0 
0 0 24 0 0 0 
0 0 34 0 48 0 
0 0 34 0 48 0 
0 0 34 0 48 0 
0 0 34 0 48 0 
0 0 34 0 48 0 
0 0 34 0 48 0 
0 0 34 0 48 0 
0 0 34 0 48 0 
0 0 34 0 48 0 
0 0 34 0 48 0 
0 0 34 0 48 0 
0 0 34 0 48 0 
0 0 34 0 48 0 
0 0 34 0 48 0 
0 0 34 0 48 0 
0 52 0 0 58 0 
0 52 0 0 58 0 
0 52 0 0 58 0 
0 52 0 0 58 0 
0 52 0 0 58 0 
0 52 0 0 58 0 
0 52 0 0 58 0 
0 52 0 0 58 0 
0 52 0 0 58 0 
0 52 0 0 58 0 
0 52 0 0 58 0 
0 52 0 0 58 0 
0 52 0 0 58 0 
0 52 0 0 58 0 
0 52 0 0 58 0 
0 0 0 27 0 0 
0 0 0 27 0 0 
0 0 0 27 0 0 
0 0 0 27 0 0 
0 0 0 27 0 0 
0 0 0 27 0 0 
0 0 0 27 0 0 
0 0 0 27 0 0 
0 0 0 27 0 0 
0 0 0 27 0 0 
0 0 0 27 0 0 
0 0 0 27 0 0 
0 0 0 27 0 0 
0 0 0 27 0 0 
0 0 0 27 0 0 
31 0 0 0 49 0 
31 0 0 0 49 0 
31 0 0 0 49 0 
31 0 0 0 49 0 
31 0 0 0 49 0 
31 0 0 0 49 0 
31 0 0 0 49 0 
31 0 0 0 49 0 
31 0 0 0 49 0 
31 0 0 0 49 0 
31 0 0 0 49 0 
31 0 0 0 49 0 
31 0 0 0 49 0 
31 0 0 0 49 0 
31 0 0 0 49 0 
0 0 0 0 0 16 
0 0 0 0 0 16 
0 0 0 0 0 16 
0 0 0 0 0 16 
0 0 0 0 0 16 
0 0 0 0 0 16 
0 0 0 0 0 16 
0 0 0 0 0 16 
0 0 0 0 0 16 
0 0 0 0 0 16 
0 0 0 0 0 16 
0 0 0 0 0 16 
0 0 0 0 0 16 
0 0 0 0 0 16 
0 0 0 0 0 16 
20 0 0 0 0 0 
20 0 0 0 0 0 
20 0 0 0 0 0 
20 0 0 0 0 0 
20 0 0 0 0 0 
20 0 0 0 0 0 
20 0 0 0 0 0 
20 0 0 0 0 0 
20 0 0 0 0 0 
20 0 0 0 0 0 
20 0 0 0 0 0 
20 0 0 0 0 0 
20 0 0 0 0 0 
20 0 0 0 0 0 
20 0 0 0 0 0 
0 46 0 0 52 0 
0 46 0 0 52 0 
0 46 0 0 52 0 
0 46 0 0 52 0 
0 46 0 0 52 0 
0 46 0 0 52 0 
0 46 0 0 52 0 
0 46 0 0 52 0 
0 46 0 0 52 0 
0 46 0 0 52 0 
0 46 0 0 52 0 
0 46 0 0 52 0 
0 46 0 0 52 0 
0 46 0 0 52 0 
0 46 0 0 52 0 
0 45 0 60 0 0 
0 45 0 60 0 0 
0 45 0 60 0 0 
0 45 0 60 0 0 
0 45 0 60 0 0 
0 45 0 60 0 0 
0 45 0 60 0 0 
0 45 0 60 0 0 
0 45 0 60 0 0 
0 45 0 60 0 0 
0 45 0 60 0 0 
0 45 0 60 0 0 
0 45 0 60 0 0 
0 45 0 60 0 0 
0 45 0 60 0 0 
41 0 0 0 0 0 
41 0 0 0 0 0 
41 0 0 0 0 0 
41 0 0 0 0 0 
41 0 0 0 0 0 
41 0 0 0 0 0 
41 0 0 0 0 0 
41 0 0 0 0 0 
41 0 0 0 0 0 
41 0 0 0 0 0 
41 0 0 0 0 0 
41 0 0 0 0 0 
41 0 0 0 0 0 
41 0 0 0 0 0 
41 0 0 0 0 0 
0 0 0 59 0 0 
0 0 0 59 0 0 
0 0 0 59 0 0 
0 0 0 59 0 0 
0 0 0 59 0 0 
0 0 0 59 0 0 
0 0 0 59 0 0 
0 0 0 59 0 0 
0 0 0 59 0 0 
0 0 0 59 0 0 
0 0 0 59 0 0 
0 0 0 59 0 0 
0 0 0 59 0 0 
0 0 0 59 0 0 
0 0 0 59 0 0 
58 0 0 0 28 0 
58 0 0 0 28 0 
58 0 0 0 28 0 
58 0 0 0 28 0 
58 0 0 0 28 0 
58 0 0 0 28 0 
58 0 0 0 28 0 
58 0 0 0 28 0 
58 0 0 0 28 0 
58 0 0 0 28 0 
58 0 0 0 28 0 
58 0 0 0 28 0 
58 0 0 0 28 0 
58 0 0 0 28 0 
58 0 0 0 28 0 
0 0 0 0 29 0 
0 0 0 0 29 0 
0 0 0 0 29 0 
0 0 0 0 29 0 
0 0 0 0 29 0 
0 0 0 0 29 0 
0 0 0 0 29 0 
0 0 0 0 29 0 
0 0 0 0 29 0 
0 0 0 0 29 0 
0 0 0 0 29 0 
0 0 0 0 29 0 
0 0 0 0 29 0 
0 0 0 0 29 0 
0 0 0 0 29 0 
0 26 0 0 15 0 
0 26 0 0 15 0 
0 26 0 0 15 0 
0 26 0 0 15 0 
0 26 0 0 15 0 
0 26 0 0 15 0 
0 26 0 0 15 0 
0 26 0 0 15 0 
0 26 0 0 15 0 
0 26 0 0 15 0 
0 26 0 0 15 0 
0 26 0 0 15 0 
0 26 0 0 15 0 
0 26 0 0 15 0 
0 26 0 0 15 0 
0 0 0 0 60 0 
0 0 0 0 60 0 
0 0 0 0 60 0 
0 0 0 0 60 0 
0 0 0 0 60 0 
0 0 0 0 60 0 
0 0 0 0 60 0 
0 0 0 0 60 0 
0 0 0 0 60 0 
0 0 0 0 60 0 
0 0 0 0 60 0 
0 0 0 0 60 0 
0 0 0 0 60 0 
0 0 0 0 60 0 
0 0 0 0 60 0 
16 0 0 0 0 0 
16 0 0 0 0 0 
16 0 0 0 0 0 
16 0 0 0 0 0 
16 0 0 0 0 0 
16 0 0 0 0 0 
16 0 0 0 0 0 
16 0 0 0 0 0 
16 0 0 0 0 0 
16 0 0 0 0 0 
16 0 0 0 0 0 
16 0 0 0 0 0 
16 0 0 0 0 0 
16 0 0 0 0 0 
16 0 0 0 0 0 
0 0 0 50 0 0 
0 0 0 50 0 0 
0 0 0 50 0 0 
0 0 0 50 0 0 
0 0 0 50 0 0 
0 0 0 50 0 0 
0 0 0 50 0 0 
0 0 0 50 0 0 
0 0 0 50 0 0 
0 0 0 50 0 0 
0 0 0 50 0 0 
0 0 0 50 0 0 
0 0 0 50 0 0 
0 0 0 50 0 0 
0 0 0 50 0 0 
34 0 0 0 0 0 
34 0 0 0 0 0 
34 0 0 0 0 0 
34 0 0 0 0 0 
34 0 0 0 0 0 
34 0 0 0 0 0 
34 0 0 0 0 0 
34 0 0 0 0 0 
34 0 0 0 0 0 
34 0 0 0 0 0 
34 0 0 0 0 0 
34 0 0 0 0 0 
34 0 0 0 0 0 
34 0 0 0 0 0 
34 0 0 0 0 0 
0 0 33 0 0 0 
0 0 33 0 0 0 
0 0 33 0 0 0 
0 0 33 0 0 0 
0 0 33 0 0 0 
0 0 33 0 0 0 
0 0 33 0 0 0 
0 0 33 0 0 0 
0 0 33 0 0 0 
0 0 33 0 0 0 
0 0 33 0 0 0 
0 0 33 0 0 0 
0 0 33 0 0 0 
0 0 33 0 0 0 
0 0 33 0 0 0 
0 0 0 0 15 0 
0 0 0 0 15 0 
0 0 0 0 15 0 
0 0 0 0 15 0 
0 0 0 0 15 0 
0 0 0 0 15 0 
0 0 0 0 15 0 
0 0 0 0 15 0 
0 0 0 0 15 0 
0 0 0 0 15 0 
0 0 0 0 15 0 
0 0 0 0 15 0 
0 0 0 0 15 0 
0 0 0 0 15 0 
0 0 0 0 15 0 
28 0 0 0 0 0 
28 0 0 0 0 0 
28 0 0 0 0 0 
28 0 0 0 0 0 
28 0 0 0 0 0 
28 0 0 0 0 0 
28 0 0 0 0 0 
28 0 0 0 0 0 
28 0 0 0 0 0 
28 0 0 0 0 0 
28 0 0 0 0 0 
28 0 0 0 0 0 
28 0 0 0 0 0 
28 0 0 0 0 0 
28 0 0 0 0 0 
0 23 0 0 0 0 
0 23 0 0 0 0 
0 23 0 0 0 0 
0 23 0 0 0 0 
0 23 0 0 0 0 
0 23 0 0 0 0 
0 23 0 0 0 0 
0 23 0 0 0 0 
0 23 0 0 0 0 
0 23 0 0 0 0 
0 23 0 0 0 0 
0 23 0 0 0 0 
0 23 0 0 0 0 
0 23 0 0 0 0 
0 23 0 0 0 0 
46 0 0 0 25 0 
46 0 0 0 25 0 
46 0 0 0 25 0 
46 0 0 0 25 0 
46 0 0 0 25 0 
46 0 0 0 25 0 
46 0 0 0 25 0 
46 0 0 0 25 0 
46 0 0 0 25 0 
46 0 0 0 25 0 
46 0 0 0 25 0 
46 0 0 0 25 0 
46 0 0 0 25 0 
46 0 0 0 25 0 
46 0 0 0 25 0 
0 30 0 0 0 44 
0 30 0 0 0 44 
0 30 0 0 0 44 
0 30 0 0 0 44 
0 30 0 0 0 44 
0 30 0 0 0 44 
0 30 0 0 0 44 
0 30 0 0 0 44 
0 30 0 0 0 44 
0 30 0 0 0 44 
0 30 0 0 0 44 
0 30 0 0 0 44 
0 30 0 0 0 44 
0 30 0 0 0 44 
0 30 0 0 0 44 
0 59 0 0 0 0 
0 59 0 0 0 0 
0 59 0 0 0 0 
0 59 0 0 0 0 
0 59 0 0 0 0 
0 59 0 0 0 0 
0 59 0 0 0 0 
0 59 0 0 0 0 
0 59 0 0 0 0 
0 59 0 0 0 0 
0 59 0 0 0 0 
0 59 0 0 0 0 
0 59 0 0 0 0 
0 59 0 0 0 0 
0 59 0 0 0 0 
54 0 0 0 27 0 
54 0 0 0 27 0 
54 0 0 0 27 0 
54 0 0 0 27 0 
54 0 0 0 27 0 
54 0 0 0 27 0 
54 0 0 0 27 0 
54 0 0 0 27 0 
54 0 0 0 27 0 
54 0 0 0 27 0 
54 0 0 0 27 0 
54 0 0 0 27 0 
54 0 0 0 27 0 
54 0 0 0 27 0 
54 0 0 0 27 0 
0 47 0 0 0 0 
0 47 0 0 0 0 
0 47 0 0 0 0 
0 47 0 0 0 0 
0 47 0 0 0 0 
0 47 0 0 0 0 
0 47 0 0 0 0 
0 47 0 0 0 0 
0 47 0 0 0 0 
0 47 0 0 0 0 
0 47 0 0 0 0 
0 47 0 0 0 0 
0 47 0 0 0 0 
0 47 0 0 0 0 
0 47 0 0 0 0 
0 38 0 0 0 0 
0 38 0 0 0 0 
0 38 0 0 0 0 
0 38 0 0 0 0 
0 38 0 0 0 0 
0 38 0 0 0 0 
0 38 0 0 0 0 
0 38 0 0 0 0 
0 38 0 0 0 0 
0 38 0 0 0 0 
0 38 0 0 0 0 
0 38 0 0 0 0 
0 38 0 0 0 0 
0 38 0 0 0 0 
0 38 0 0 0 0 
0 0 0 46 0 0 
0 0 0 46 0 0 
0 0 0 46 0 0 
0 0 0 46 0 0 
0 0 0 46 0 0 
0 0 0 46 0 0 
0 0 0 46 0 0 
0 0 0 46 0 0 
0 0 0 46 0 0 
0 0 0 46 0 0 
0 0 0 46 0 0 
0 0 0 46 0 0 
0 0 0 46 0 0 
0 0 0 46 0 0 
0 0 0 46 0 0 
0 35 0 0 0 0 
0 35 0 0 0 0 
0 35 0 0 0 0 
0 35 0 0 0 0 
0 35 0 0 0 0 
0 35 0 0 0 0 
0 35 0 0 0 0 
0 35 0 0 0 0 
0 35 0 0 0 0 
0 35 0 0 0 0 
0 35 0 0 0 0 
0 35 0 0 0 0 
0 35 0 0 0 0 
0 35 0 0 0 0 
0 35 0 0 0 0 
0 0 50 0 0 0 
0 0 50 0 0 0 
0 0 50 0 0 0 
0 0 50 0 0 0 
0 0 50 0 0 0 
0 0 50 0 0 0 
0 0 50 0 0 0 
0 0 50 0 0 0 
0 0 50 0 0 0 
0 0 50 0 0 0 
0 0 50 0 0 0 
0 0 50 0 0 0 
0 0 50 0 0 0 
0 0 50 0 0 0 
0 0 50 0 0 0 
0.0 0.0 0.0 0.0 0.0 0.0 
0.0 0.0 0.0 0.0 0.0 0.0 
0.0 0.0 0.0 0.0 0.0 0.0 
0.0 0.0 0.0 0.0 0.0 0.0 
0.0 0.0 0.0 0.0 0.0 0.0 
0.0 0.0 0.0 0.0 0.0 0.0 
0.0 0.0 0.0 0.0 0.0 0.0 
0.0 0.0 0.0 0.0 0.0 0.0 
0.0 0.0 0.0 0.0 0.0 0.0 
0.0 0.0 0.0 0.0 0.0 0.0 
0.0 0.0 0.0 0.0 0.0 0.0 
0.0 0.0 0.0 0.0 0.0 0.0 
0.0 0.0 0.0 0.0 0.0 0.0 
0.0 0.0 0.0 0.0 0.0 0.0 
0.0 0.0 0.0 0.0 0.0 0.0 
mind
0 0 0 0 0 0 18 0 0 0 0 13 15 0 0 0 0 0 0 0 0 0 0 0 0 0 0 0 0 0 0 0 0 0 0 0 0 0 0 0 0 16 0 0 0 0 11 14 0 0 0 0 12 16 0 0 14 0 10 0 0 0 0 0 0 0 0 23 0 0 15 0 0 0 0 0 0
maxd
0 0 0 0 0 0 23 0 0 0 0 13 29 0 0 0 0 0 0 0 0 0 0 0 0 0 0 0 0 0 0 0 0 0 0 0 0 0 0 0 0 26 0 0 0 0 15 17 0 0 0 0 27 26 0 0 21 0 17 0 0 0 0 0 0 0 0 26 0 0 23 0 0 0 0 0 0
e
0 743 621 729 553 826 627 675 696 852 763 790 740 486 792 627 781 768 863 763 687 893 528 957 577 482 648 572 599 549 827 672 631 931 482 860 540 515 906 945 655 941 870 900 709 712 916 771 687 939 570 571 786 693 937 513 926 953 699 820 544 596 696 942 664 513 675 732 903 871 525 929 706 546 516 565 0
l
99999 863 741 849 673 946 747 795 816 972 883 910 860 606 912 747 901 888 983 883 807 1013 648 1077 697 602 768 692 719 669 947 792 751 1051 602 980 660 635 1026 1065 775 1061 990 1020 829 832 1036 891 807 1059 690 691 906 813 1057 633 1046 1073 819 940 664 716 816 1062 784 633 795 852 1023 991 645 1049 826 666 636 685 99999
