nbNodes
77
nbVehi
15
nbServi
6
r
1 1 1 1 1 1 
0 0 0 0 0 1 
0 0 0 1 0 0 
1 0 0 1 0 0 
0 0 0 1 0 0 
0 0 1 0 0 0 
1 0 0 0 1 0 
1 0 0 0 0 0 
0 0 0 1 0 0 
0 0 1 0 0 1 
0 1 0 0 0 0 
1 0 0 0 1 0 
1 0 0 0 0 0 
0 1 0 0 0 0 
0 0 1 0 0 0 
0 0 0 0 0 1 
0 1 0 0 0 1 
1 0 0 0 0 0 
0 0 0 1 0 0 
0 1 0 0 0 0 
0 0 1 0 0 0 
1 0 0 0 0 1 
0 0 1 0 0 0 
0 1 0 0 1 0 
0 1 0 0 0 0 
0 1 0 0 1 0 
1 0 0 0 0 1 
0 0 1 0 0 0 
0 0 1 0 0 0 
1 0 0 0 0 1 
0 0 0 0 0 1 
0 0 1 0 0 0 
0 0 0 0 0 1 
1 0 0 0 0 1 
0 1 0 1 0 0 
0 1 0 0 0 1 
0 0 1 1 0 0 
0 1 0 0 0 0 
0 1 0 0 0 0 
0 0 0 0 1 0 
0 0 1 0 0 0 
0 0 1 0 0 1 
0 0 0 0 0 1 
1 0 0 0 0 1 
0 0 1 0 1 0 
0 0 0 0 0 1 
0 0 0 0 1 0 
0 0 0 0 0 1 
0 1 0 0 0 0 
1 0 0 0 1 0 
0 0 0 1 0 0 
0 0 0 0 1 0 
0 0 0 0 0 1 
0 1 0 0 0 0 
0 0 0 0 0 1 
0 0 0 1 0 0 
0 0 1 1 0 0 
0 0 1 0 0 0 
0 0 0 1 0 0 
0 0 0 0 1 0 
0 0 1 0 0 0 
0 0 0 1 0 0 
1 0 0 1 0 0 
0 1 0 0 1 0 
0 0 0 1 0 0 
0 1 0 0 0 0 
0 0 0 1 0 0 
0 1 0 0 0 0 
0 0 1 0 0 0 
0 0 0 1 0 0 
0 0 0 0 0 1 
0 0 1 0 0 0 
0 0 0 1 0 0 
0 0 1 0 0 1 
0 0 1 0 1 0 
0 1 0 0 0 1 
1 1 1 1 1 1 
DS
4 7 10 12 17 22 24 26 27 30 34 35 36 37 42 44 45 50 57 63 64 74 75 76 
a
1 1 1 0 0 0 
1 1 0 0 0 0 
1 0 0 0 0 0 
1 1 1 0 0 0 
1 1 1 0 0 0 
1 1 1 0 0 0 
1 1 1 0 0 0 
0 0 0 0 0 1 
0 0 0 0 1 0 
0 0 0 0 0 1 
0 0 0 1 1 1 
0 0 0 1 1 1 
0 0 0 1 0 1 
0 0 0 1 1 0 
0 0 0 1 1 1 
x
-30.079 -30.0739 -30.0781 -30.0933 -30.0446 -30.1087 -30.1046 -30.0046 -30.0819 -30.0326 -30.1101 -30.044 -30.1538 -30.179 -30.0937 -30.0967 -30.0335 -30.1048 -30.1166 -30.111 -30.0847 -30.1009 -30.1596 -30.0621 -30.006 -30.0078 -30.1135 -30.154 -30.0299 -30.0039 -29.997 -30.1085 -29.9911 -30.0276 -29.9821 -30.0094 -30.0075 -30.0788 -30.0725 -30.0172 -30.0915 -30.0808 -30.0268 -30.0611 -30.0165 -30.0166 -30.0011 -30.0981 -30.0915 -30.0795 -30.0213 -29.9782 -30.0336 -30.079 -30.0241 -30.1597 -30.0792 -30.097 -30.0184 -30.1789 -30.0268 -30.019 -30.145 -30.0166 -29.9765 -30.0046 -30.0634 -30.0022 -29.9848 -30.1769 -30.1239 -30.0928 -30.1315 -30.1479 -30.0114 -29.9807 -30.079
y
-51.2178 -51.2217 -51.1757 -51.1244 -51.1256 -51.2523 -51.1331 -51.1141 -51.2039 -51.1553 -51.1032 -51.2095 -51.1383 -51.181 -51.2312 -51.2341 -51.1675 -51.114 -51.2537 -51.2354 -51.2322 -51.2551 -51.168 -51.1974 -51.1072 -51.1594 -51.2576 -51.142 -51.1468 -51.0948 -51.1329 -51.1069 -51.1223 -51.1062 -51.1267 -51.1186 -51.1217 -51.2295 -51.22 -51.1812 -51.2212 -51.2182 -51.225 -51.2213 -51.1504 -51.1758 -51.1308 -51.1348 -51.2329 -51.2184 -51.092 -51.1939 -51.1468 -51.2178 -51.1485 -51.2213 -51.2178 -51.252 -51.1256 -51.1794 -51.1281 -51.1284 -51.2054 -51.1282 -51.1976 -51.1778 -51.2117 -51.1311 -51.1987 -51.1828 -51.208 -51.2239 -51.2067 -51.2044 -51.1247 -51.1347 -51.2178
d
0.00000 4.00000 14.00000 21.00000 21.00000 12.00000 22.00000 27.00000 5.00000 18.00000 27.00000 10.00000 27.00000 25.00000 7.00000 7.00000 16.00000 24.00000 12.00000 10.00000 5.00000 11.00000 25.00000 8.00000 27.00000 21.00000 12.00000 27.00000 18.00000 30.00000 25.00000 26.00000 28.00000 25.00000 29.00000 25.00000 25.00000 4.00000 4.00000 17.00000 4.00000 1.00000 15.00000 8.00000 20.00000 18.00000 25.00000 21.00000 7.00000 1.00000 28.00000 23.00000 18.00000 0.00000 20.00000 18.00000 1.00000 11.00000 25.00000 25.00000 23.00000 24.00000 17.00000 25.00000 22.00000 20.00000 6.00000 25.00000 21.00000 25.00000 13.00000 5.00000 19.00000 16.00000 25.00000 30.00000 0.00000
5.00000 0.00000 16.00000 23.00000 23.00000 11.00000 23.00000 29.00000 7.00000 20.00000 29.00000 9.00000 29.00000 27.00000 8.00000 9.00000 18.00000 26.00000 12.00000 12.00000 4.00000 11.00000 27.00000 9.00000 29.00000 21.00000 12.00000 29.00000 20.00000 32.00000 25.00000 28.00000 28.00000 27.00000 29.00000 27.00000 27.00000 3.00000 2.00000 16.00000 6.00000 4.00000 14.00000 6.00000 22.00000 18.00000 25.00000 23.00000 8.00000 4.00000 30.00000 22.00000 20.00000 5.00000 22.00000 20.00000 5.00000 10.00000 26.00000 27.00000 25.00000 26.00000 19.00000 26.00000 21.00000 19.00000 7.00000 25.00000 20.00000 27.00000 15.00000 7.00000 21.00000 18.00000 27.00000 29.00000 5.00000
14.00000 15.00000 0.00000 18.00000 19.00000 21.00000 19.00000 26.00000 12.00000 17.00000 24.00000 13.00000 34.00000 34.00000 16.00000 16.00000 15.00000 21.00000 21.00000 19.00000 17.00000 21.00000 34.00000 11.00000 26.00000 20.00000 21.00000 34.00000 17.00000 28.00000 24.00000 23.00000 27.00000 24.00000 28.00000 24.00000 24.00000 17.00000 15.00000 16.00000 14.00000 15.00000 17.00000 15.00000 19.00000 17.00000 24.00000 18.00000 16.00000 14.00000 26.00000 24.00000 17.00000 14.00000 19.00000 28.00000 14.00000 21.00000 23.00000 34.00000 22.00000 23.00000 26.00000 24.00000 24.00000 19.00000 13.00000 24.00000 22.00000 34.00000 22.00000 14.00000 28.00000 25.00000 24.00000 29.00000 14.00000
21.00000 22.00000 19.00000 0.00000 16.00000 28.00000 4.00000 23.00000 20.00000 17.00000 8.00000 19.00000 20.00000 30.00000 23.00000 23.00000 17.00000 5.00000 28.00000 26.00000 24.00000 28.00000 28.00000 17.00000 23.00000 21.00000 28.00000 22.00000 17.00000 25.00000 24.00000 7.00000 27.00000 21.00000 28.00000 21.00000 21.00000 24.00000 22.00000 20.00000 21.00000 22.00000 23.00000 21.00000 19.00000 21.00000 24.00000 4.00000 23.00000 21.00000 23.00000 27.00000 16.00000 21.00000 18.00000 33.00000 21.00000 28.00000 20.00000 30.00000 19.00000 20.00000 30.00000 21.00000 27.00000 23.00000 20.00000 24.00000 25.00000 30.00000 25.00000 21.00000 28.00000 29.00000 21.00000 28.00000 21.00000
21.00000 22.00000 19.00000 16.00000 0.00000 28.00000 18.00000 10.00000 20.00000 8.00000 22.00000 17.00000 34.00000 41.00000 23.00000 23.00000 10.00000 19.00000 28.00000 26.00000 24.00000 28.00000 40.00000 17.00000 10.00000 13.00000 28.00000 36.00000 8.00000 12.00000 11.00000 21.00000 14.00000 8.00000 15.00000 8.00000 8.00000 24.00000 22.00000 13.00000 21.00000 22.00000 18.00000 20.00000 11.00000 14.00000 12.00000 16.00000 23.00000 21.00000 11.00000 21.00000 8.00000 21.00000 10.00000 35.00000 21.00000 28.00000 7.00000 41.00000 8.00000 9.00000 33.00000 9.00000 21.00000 16.00000 20.00000 12.00000 19.00000 41.00000 29.00000 21.00000 35.00000 32.00000 8.00000 15.00000 21.00000
11.00000 13.00000 19.00000 27.00000 26.00000 0.00000 27.00000 32.00000 11.00000 24.00000 32.00000 16.00000 25.00000 22.00000 7.00000 6.00000 21.00000 29.00000 3.00000 5.00000 8.00000 3.00000 22.00000 14.00000 32.00000 27.00000 2.00000 25.00000 24.00000 35.00000 31.00000 31.00000 33.00000 31.00000 34.00000 30.00000 31.00000 11.00000 12.00000 22.00000 8.00000 11.00000 19.00000 13.00000 26.00000 23.00000 31.00000 27.00000 7.00000 11.00000 33.00000 27.00000 23.00000 11.00000 25.00000 15.00000 11.00000 4.00000 30.00000 22.00000 28.00000 30.00000 13.00000 30.00000 26.00000 26.00000 14.00000 31.00000 25.00000 22.00000 11.00000 7.00000 17.00000 13.00000 31.00000 35.00000 11.00000
21.00000 23.00000 20.00000 4.00000 18.00000 28.00000 0.00000 24.00000 17.00000 18.00000 9.00000 20.00000 20.00000 27.00000 24.00000 24.00000 18.00000 6.00000 28.00000 25.00000 24.00000 29.00000 25.00000 19.00000 24.00000 23.00000 28.00000 22.00000 18.00000 27.00000 26.00000 8.00000 28.00000 23.00000 29.00000 22.00000 22.00000 24.00000 22.00000 21.00000 21.00000 22.00000 25.00000 22.00000 20.00000 22.00000 26.00000 6.00000 24.00000 22.00000 25.00000 29.00000 18.00000 21.00000 20.00000 30.00000 22.00000 28.00000 22.00000 27.00000 20.00000 22.00000 27.00000 22.00000 29.00000 24.00000 21.00000 26.00000 27.00000 27.00000 22.00000 22.00000 25.00000 26.00000 22.00000 30.00000 21.00000
28.00000 30.00000 26.00000 24.00000 11.00000 35.00000 25.00000 0.00000 28.00000 16.00000 30.00000 24.00000 42.00000 49.00000 31.00000 31.00000 17.00000 26.00000 36.00000 34.00000 31.00000 36.00000 47.00000 25.00000 5.00000 13.00000 36.00000 44.00000 14.00000 7.00000 9.00000 29.00000 9.00000 11.00000 11.00000 5.00000 5.00000 31.00000 29.00000 16.00000 28.00000 29.00000 24.00000 27.00000 14.00000 16.00000 10.00000 24.00000 31.00000 29.00000 11.00000 21.00000 15.00000 28.00000 15.00000 42.00000 28.00000 36.00000 8.00000 49.00000 9.00000 9.00000 40.00000 10.00000 21.00000 16.00000 28.00000 11.00000 20.00000 49.00000 36.00000 29.00000 42.00000 40.00000 7.00000 12.00000 28.00000
5.00000 7.00000 12.00000 19.00000 19.00000 12.00000 18.00000 25.00000 0.00000 16.00000 25.00000 10.00000 27.00000 25.00000 7.00000 7.00000 14.00000 22.00000 12.00000 10.00000 8.00000 12.00000 25.00000 7.00000 25.00000 19.00000 12.00000 27.00000 16.00000 28.00000 24.00000 24.00000 26.00000 24.00000 27.00000 23.00000 23.00000 8.00000 6.00000 15.00000 5.00000 6.00000 14.00000 9.00000 18.00000 16.00000 24.00000 18.00000 7.00000 5.00000 26.00000 22.00000 16.00000 5.00000 18.00000 18.00000 5.00000 12.00000 23.00000 25.00000 21.00000 23.00000 17.00000 23.00000 21.00000 18.00000 6.00000 24.00000 20.00000 25.00000 13.00000 5.00000 19.00000 16.00000 23.00000 28.00000 5.00000
19.00000 20.00000 17.00000 17.00000 9.00000 25.00000 18.00000 15.00000 18.00000 0.00000 23.00000 13.00000 35.00000 39.00000 21.00000 21.00000 4.00000 19.00000 26.00000 24.00000 21.00000 26.00000 39.00000 14.00000 15.00000 8.00000 26.00000 37.00000 4.00000 18.00000 10.00000 21.00000 13.00000 13.00000 14.00000 13.00000 12.00000 21.00000 19.00000 8.00000 18.00000 19.00000 15.00000 16.00000 5.00000 8.00000 10.00000 17.00000 21.00000 19.00000 16.00000 16.00000 3.00000 19.00000 5.00000 32.00000 19.00000 26.00000 10.00000 39.00000 8.00000 10.00000 31.00000 10.00000 16.00000 9.00000 16.00000 10.00000 14.00000 39.00000 27.00000 19.00000 33.00000 30.00000 13.00000 15.00000 19.00000
27.00000 29.00000 25.00000 8.00000 23.00000 34.00000 10.00000 29.00000 26.00000 23.00000 0.00000 25.00000 17.00000 28.00000 30.00000 30.00000 23.00000 5.00000 34.00000 32.00000 30.00000 35.00000 26.00000 23.00000 29.00000 27.00000 34.00000 19.00000 23.00000 31.00000 30.00000 2.00000 33.00000 27.00000 34.00000 27.00000 27.00000 30.00000 28.00000 26.00000 27.00000 28.00000 29.00000 27.00000 25.00000 27.00000 30.00000 10.00000 30.00000 27.00000 29.00000 33.00000 22.00000 27.00000 24.00000 35.00000 27.00000 34.00000 26.00000 27.00000 25.00000 27.00000 32.00000 27.00000 33.00000 29.00000 26.00000 30.00000 31.00000 28.00000 31.00000 28.00000 34.00000 30.00000 27.00000 34.00000 27.00000
9.00000 9.00000 13.00000 19.00000 16.00000 15.00000 20.00000 23.00000 9.00000 13.00000 25.00000 0.00000 32.00000 31.00000 13.00000 13.00000 12.00000 21.00000 16.00000 16.00000 12.00000 15.00000 31.00000 6.00000 23.00000 15.00000 16.00000 32.00000 14.00000 25.00000 19.00000 24.00000 21.00000 21.00000 22.00000 21.00000 21.00000 11.00000 8.00000 9.00000 10.00000 10.00000 7.00000 5.00000 16.00000 11.00000 19.00000 19.00000 13.00000 10.00000 23.00000 14.00000 14.00000 9.00000 15.00000 24.00000 10.00000 15.00000 20.00000 31.00000 19.00000 20.00000 22.00000 19.00000 13.00000 13.00000 6.00000 19.00000 13.00000 31.00000 19.00000 11.00000 25.00000 22.00000 21.00000 23.00000 9.00000
26.00000 28.00000 34.00000 21.00000 35.00000 25.00000 20.00000 41.00000 26.00000 36.00000 18.00000 32.00000 0.00000 11.00000 23.00000 23.00000 35.00000 18.00000 23.00000 23.00000 24.00000 26.00000 10.00000 29.00000 41.00000 40.00000 25.00000 3.00000 35.00000 39.00000 43.00000 17.00000 45.00000 38.00000 46.00000 39.00000 40.00000 26.00000 27.00000 37.00000 23.00000 26.00000 36.00000 31.00000 38.00000 38.00000 43.00000 22.00000 23.00000 26.00000 41.00000 44.00000 35.00000 26.00000 37.00000 19.00000 26.00000 26.00000 39.00000 11.00000 37.00000 39.00000 15.00000 39.00000 43.00000 40.00000 28.00000 43.00000 43.00000 12.00000 19.00000 22.00000 21.00000 14.00000 40.00000 47.00000 26.00000
25.00000 27.00000 34.00000 30.00000 40.00000 21.00000 27.00000 47.00000 25.00000 38.00000 28.00000 31.00000 12.00000 0.00000 21.00000 20.00000 35.00000 28.00000 19.00000 20.00000 23.00000 22.00000 9.00000 29.00000 47.00000 41.00000 21.00000 12.00000 38.00000 49.00000 45.00000 27.00000 48.00000 45.00000 49.00000 45.00000 45.00000 25.00000 27.00000 37.00000 22.00000 25.00000 36.00000 31.00000 40.00000 38.00000 45.00000 27.00000 21.00000 25.00000 47.00000 44.00000 38.00000 25.00000 39.00000 11.00000 25.00000 24.00000 44.00000 1.00000 43.00000 44.00000 11.00000 44.00000 43.00000 40.00000 28.00000 45.00000 42.00000 2.00000 16.00000 21.00000 18.00000 10.00000 45.00000 49.00000 25.00000
7.00000 9.00000 15.00000 22.00000 22.00000 7.00000 23.00000 28.00000 7.00000 19.00000 28.00000 13.00000 22.00000 21.00000 0.00000 3.00000 17.00000 25.00000 8.00000 6.00000 5.00000 8.00000 21.00000 10.00000 28.00000 23.00000 8.00000 22.00000 20.00000 31.00000 27.00000 27.00000 29.00000 27.00000 30.00000 26.00000 26.00000 7.00000 8.00000 18.00000 4.00000 7.00000 17.00000 12.00000 22.00000 19.00000 27.00000 22.00000 3.00000 7.00000 29.00000 25.00000 19.00000 7.00000 21.00000 14.00000 7.00000 8.00000 26.00000 21.00000 24.00000 26.00000 12.00000 26.00000 24.00000 21.00000 10.00000 27.00000 24.00000 21.00000 8.00000 3.00000 14.00000 12.00000 26.00000 31.00000 7.00000
8.00000 10.00000 16.00000 23.00000 23.00000 6.00000 24.00000 29.00000 8.00000 20.00000 29.00000 14.00000 23.00000 20.00000 4.00000 0.00000 18.00000 26.00000 7.00000 5.00000 6.00000 6.00000 20.00000 11.00000 29.00000 24.00000 7.00000 23.00000 21.00000 32.00000 28.00000 28.00000 30.00000 28.00000 31.00000 27.00000 27.00000 8.00000 9.00000 19.00000 5.00000 8.00000 18.00000 13.00000 23.00000 20.00000 28.00000 23.00000 4.00000 8.00000 30.00000 26.00000 20.00000 8.00000 22.00000 13.00000 8.00000 6.00000 27.00000 20.00000 25.00000 27.00000 12.00000 27.00000 25.00000 22.00000 10.00000 28.00000 25.00000 20.00000 9.00000 4.00000 15.00000 11.00000 27.00000 32.00000 8.00000
16.00000 17.00000 15.00000 17.00000 10.00000 23.00000 19.00000 17.00000 15.00000 4.00000 23.00000 11.00000 35.00000 36.00000 18.00000 18.00000 0.00000 20.00000 23.00000 21.00000 19.00000 23.00000 36.00000 12.00000 17.00000 8.00000 23.00000 37.00000 6.00000 19.00000 12.00000 22.00000 14.00000 15.00000 15.00000 14.00000 14.00000 18.00000 17.00000 7.00000 16.00000 17.00000 13.00000 14.00000 7.00000 8.00000 12.00000 17.00000 18.00000 16.00000 17.00000 15.00000 5.00000 16.00000 7.00000 29.00000 16.00000 23.00000 13.00000 36.00000 10.00000 12.00000 28.00000 12.00000 15.00000 9.00000 15.00000 12.00000 13.00000 36.00000 24.00000 16.00000 30.00000 27.00000 15.00000 16.00000 16.00000
24.00000 25.00000 21.00000 5.00000 19.00000 30.00000 6.00000 25.00000 23.00000 19.00000 5.00000 21.00000 18.00000 28.00000 26.00000 26.00000 19.00000 0.00000 31.00000 29.00000 26.00000 31.00000 27.00000 20.00000 25.00000 24.00000 31.00000 20.00000 19.00000 28.00000 27.00000 4.00000 29.00000 24.00000 30.00000 23.00000 24.00000 26.00000 25.00000 22.00000 23.00000 24.00000 26.00000 23.00000 22.00000 23.00000 27.00000 7.00000 26.00000 24.00000 26.00000 30.00000 19.00000 24.00000 21.00000 35.00000 24.00000 31.00000 23.00000 28.00000 21.00000 23.00000 32.00000 23.00000 30.00000 25.00000 23.00000 27.00000 28.00000 29.00000 28.00000 24.00000 31.00000 31.00000 24.00000 31.00000 24.00000
13.00000 13.00000 21.00000 28.00000 28.00000 3.00000 28.00000 34.00000 12.00000 25.00000 34.00000 16.00000 24.00000 20.00000 8.00000 7.00000 22.00000 30.00000 0.00000 5.00000 9.00000 4.00000 20.00000 16.00000 34.00000 28.00000 2.00000 24.00000 25.00000 36.00000 32.00000 33.00000 35.00000 32.00000 36.00000 32.00000 32.00000 12.00000 12.00000 24.00000 9.00000 12.00000 20.00000 14.00000 27.00000 25.00000 32.00000 28.00000 8.00000 12.00000 35.00000 27.00000 25.00000 13.00000 26.00000 13.00000 12.00000 5.00000 31.00000 20.00000 30.00000 31.00000 11.00000 32.00000 26.00000 27.00000 15.00000 32.00000 26.00000 20.00000 12.00000 9.00000 17.00000 11.00000 32.00000 36.00000 13.00000
11.00000 13.00000 19.00000 26.00000 26.00000 6.00000 25.00000 32.00000 10.00000 23.00000 32.00000 17.00000 23.00000 19.00000 6.00000 5.00000 21.00000 28.00000 5.00000 0.00000 8.00000 7.00000 19.00000 14.00000 32.00000 26.00000 7.00000 23.00000 23.00000 35.00000 30.00000 31.00000 33.00000 30.00000 34.00000 30.00000 30.00000 10.00000 12.00000 22.00000 7.00000 10.00000 21.00000 16.00000 25.00000 23.00000 30.00000 25.00000 6.00000 10.00000 33.00000 29.00000 23.00000 11.00000 24.00000 13.00000 11.00000 7.00000 30.00000 19.00000 28.00000 29.00000 11.00000 30.00000 28.00000 25.00000 13.00000 30.00000 27.00000 19.00000 9.00000 7.00000 15.00000 10.00000 30.00000 34.00000 11.00000
5.00000 6.00000 17.00000 24.00000 24.00000 8.00000 25.00000 30.00000 9.00000 21.00000 30.00000 13.00000 26.00000 24.00000 5.00000 6.00000 19.00000 27.00000 9.00000 9.00000 0.00000 8.00000 24.00000 11.00000 30.00000 24.00000 9.00000 26.00000 22.00000 33.00000 29.00000 29.00000 31.00000 29.00000 32.00000 28.00000 28.00000 4.00000 5.00000 19.00000 4.00000 4.00000 16.00000 9.00000 23.00000 21.00000 29.00000 24.00000 5.00000 5.00000 31.00000 24.00000 21.00000 5.00000 23.00000 17.00000 5.00000 7.00000 28.00000 24.00000 26.00000 28.00000 15.00000 28.00000 23.00000 23.00000 9.00000 29.00000 22.00000 24.00000 12.00000 4.00000 18.00000 15.00000 28.00000 33.00000 5.00000
12.00000 12.00000 20.00000 28.00000 27.00000 3.00000 28.00000 33.00000 12.00000 25.00000 33.00000 15.00000 27.00000 23.00000 7.00000 5.00000 22.00000 30.00000 4.00000 7.00000 8.00000 0.00000 23.00000 16.00000 34.00000 28.00000 3.00000 27.00000 25.00000 36.00000 32.00000 32.00000 34.00000 32.00000 35.00000 31.00000 32.00000 10.00000 11.00000 23.00000 9.00000 11.00000 19.00000 12.00000 27.00000 24.00000 32.00000 28.00000 8.00000 11.00000 34.00000 26.00000 24.00000 12.00000 26.00000 16.00000 11.00000 2.00000 31.00000 23.00000 29.00000 31.00000 14.00000 31.00000 25.00000 25.00000 15.00000 32.00000 25.00000 23.00000 13.00000 8.00000 19.00000 14.00000 32.00000 36.00000 12.00000
25.00000 27.00000 34.00000 29.00000 40.00000 21.00000 25.00000 46.00000 25.00000 38.00000 26.00000 31.00000 10.00000 9.00000 21.00000 20.00000 35.00000 27.00000 19.00000 19.00000 23.00000 22.00000 0.00000 29.00000 47.00000 41.00000 21.00000 10.00000 38.00000 48.00000 45.00000 25.00000 47.00000 45.00000 49.00000 44.00000 45.00000 25.00000 26.00000 36.00000 22.00000 25.00000 36.00000 30.00000 40.00000 37.00000 45.00000 26.00000 21.00000 25.00000 47.00000 44.00000 37.00000 25.00000 39.00000 15.00000 25.00000 24.00000 44.00000 9.00000 43.00000 44.00000 11.00000 44.00000 43.00000 40.00000 28.00000 45.00000 42.00000 9.00000 16.00000 21.00000 17.00000 10.00000 45.00000 49.00000 25.00000
8.00000 8.00000 9.00000 16.00000 17.00000 14.00000 17.00000 23.00000 7.00000 14.00000 22.00000 6.00000 30.00000 28.00000 10.00000 10.00000 12.00000 18.00000 15.00000 13.00000 10.00000 15.00000 28.00000 0.00000 23.00000 17.00000 15.00000 30.00000 14.00000 25.00000 21.00000 21.00000 24.00000 21.00000 25.00000 21.00000 21.00000 10.00000 8.00000 12.00000 7.00000 8.00000 10.00000 7.00000 16.00000 14.00000 21.00000 16.00000 10.00000 8.00000 24.00000 18.00000 14.00000 8.00000 15.00000 21.00000 8.00000 15.00000 21.00000 28.00000 19.00000 20.00000 19.00000 21.00000 17.00000 16.00000 4.00000 21.00000 16.00000 28.00000 16.00000 8.00000 22.00000 19.00000 21.00000 25.00000 8.00000
27.00000 29.00000 26.00000 23.00000 10.00000 34.00000 24.00000 5.00000 27.00000 15.00000 29.00000 23.00000 41.00000 48.00000 30.00000 30.00000 17.00000 25.00000 35.00000 33.00000 30.00000 35.00000 47.00000 24.00000 0.00000 12.00000 35.00000 43.00000 13.00000 5.00000 9.00000 28.00000 9.00000 7.00000 11.00000 4.00000 5.00000 30.00000 28.00000 15.00000 27.00000 28.00000 23.00000 26.00000 13.00000 15.00000 10.00000 23.00000 30.00000 28.00000 8.00000 21.00000 14.00000 27.00000 14.00000 41.00000 28.00000 35.00000 7.00000 48.00000 8.00000 8.00000 39.00000 9.00000 21.00000 15.00000 27.00000 10.00000 20.00000 48.00000 36.00000 28.00000 42.00000 39.00000 6.00000 12.00000 27.00000
21.00000 20.00000 21.00000 23.00000 14.00000 27.00000 24.00000 13.00000 21.00000 8.00000 29.00000 13.00000 41.00000 42.00000 24.00000 24.00000 8.00000 26.00000 28.00000 27.00000 24.00000 27.00000 42.00000 17.00000 14.00000 0.00000 28.00000 43.00000 9.00000 15.00000 7.00000 28.00000 10.00000 15.00000 11.00000 10.00000 10.00000 22.00000 20.00000 6.00000 22.00000 22.00000 14.00000 17.00000 6.00000 6.00000 8.00000 23.00000 24.00000 21.00000 16.00000 12.00000 9.00000 21.00000 8.00000 36.00000 21.00000 26.00000 9.00000 42.00000 11.00000 9.00000 34.00000 9.00000 12.00000 6.00000 18.00000 8.00000 10.00000 42.00000 30.00000 22.00000 36.00000 33.00000 12.00000 11.00000 21.00000
13.00000 13.00000 21.00000 28.00000 28.00000 3.00000 28.00000 34.00000 12.00000 25.00000 34.00000 16.00000 25.00000 21.00000 8.00000 7.00000 23.00000 30.00000 2.00000 6.00000 9.00000 4.00000 21.00000 16.00000 34.00000 28.00000 0.00000 25.00000 25.00000 36.00000 32.00000 33.00000 35.00000 32.00000 36.00000 32.00000 32.00000 12.00000 12.00000 24.00000 9.00000 12.00000 20.00000 14.00000 27.00000 25.00000 32.00000 28.00000 8.00000 12.00000 35.00000 27.00000 25.00000 13.00000 26.00000 14.00000 12.00000 5.00000 31.00000 21.00000 30.00000 31.00000 13.00000 32.00000 26.00000 27.00000 15.00000 32.00000 26.00000 21.00000 12.00000 9.00000 18.00000 12.00000 32.00000 36.00000 13.00000
26.00000 28.00000 35.00000 22.00000 37.00000 25.00000 22.00000 43.00000 26.00000 37.00000 19.00000 32.00000 3.00000 11.00000 23.00000 23.00000 36.00000 20.00000 23.00000 23.00000 25.00000 26.00000 9.00000 30.00000 43.00000 41.00000 25.00000 0.00000 37.00000 41.00000 44.00000 19.00000 47.00000 39.00000 48.00000 41.00000 41.00000 26.00000 28.00000 38.00000 23.00000 26.00000 37.00000 32.00000 39.00000 39.00000 44.00000 23.00000 23.00000 26.00000 43.00000 45.00000 36.00000 26.00000 38.00000 19.00000 26.00000 27.00000 40.00000 11.00000 39.00000 41.00000 15.00000 41.00000 44.00000 41.00000 29.00000 44.00000 43.00000 12.00000 19.00000 22.00000 21.00000 14.00000 41.00000 48.00000 26.00000
19.00000 21.00000 17.00000 17.00000 9.00000 26.00000 18.00000 13.00000 19.00000 3.00000 23.00000 14.00000 35.00000 39.00000 22.00000 22.00000 6.00000 19.00000 26.00000 24.00000 22.00000 27.00000 39.00000 15.00000 14.00000 7.00000 26.00000 37.00000 0.00000 16.00000 9.00000 22.00000 12.00000 13.00000 13.00000 11.00000 11.00000 22.00000 20.00000 9.00000 19.00000 20.00000 16.00000 18.00000 4.00000 9.00000 9.00000 17.00000 22.00000 19.00000 14.00000 17.00000 2.00000 19.00000 2.00000 33.00000 19.00000 26.00000 8.00000 39.00000 6.00000 7.00000 31.00000 8.00000 17.00000 10.00000 18.00000 9.00000 15.00000 39.00000 27.00000 20.00000 33.00000 31.00000 12.00000 13.00000 19.00000
30.00000 32.00000 28.00000 26.00000 13.00000 37.00000 27.00000 7.00000 30.00000 18.00000 31.00000 25.00000 40.00000 50.00000 33.00000 33.00000 19.00000 28.00000 37.00000 35.00000 33.00000 38.00000 49.00000 26.00000 4.00000 14.00000 37.00000 42.00000 15.00000 0.00000 11.00000 30.00000 11.00000 9.00000 13.00000 7.00000 7.00000 33.00000 31.00000 18.00000 30.00000 31.00000 25.00000 28.00000 16.00000 17.00000 12.00000 26.00000 33.00000 30.00000 8.00000 22.00000 17.00000 30.00000 16.00000 44.00000 30.00000 37.00000 10.00000 50.00000 11.00000 11.00000 42.00000 11.00000 22.00000 17.00000 29.00000 12.00000 22.00000 50.00000 38.00000 31.00000 44.00000 41.00000 9.00000 14.00000 30.00000
25.00000 24.00000 25.00000 24.00000 12.00000 31.00000 26.00000 9.00000 25.00000 12.00000 30.00000 17.00000 42.00000 46.00000 28.00000 28.00000 12.00000 27.00000 32.00000 31.00000 27.00000 31.00000 46.00000 21.00000 10.00000 7.00000 32.00000 44.00000 10.00000 12.00000 0.00000 29.00000 6.00000 12.00000 6.00000 6.00000 5.00000 26.00000 24.00000 10.00000 26.00000 26.00000 18.00000 21.00000 8.00000 9.00000 4.00000 24.00000 28.00000 25.00000 13.00000 14.00000 11.00000 25.00000 9.00000 39.00000 25.00000 30.00000 7.00000 46.00000 9.00000 7.00000 38.00000 7.00000 14.00000 9.00000 21.00000 4.00000 13.00000 46.00000 34.00000 26.00000 40.00000 37.00000 8.00000 6.00000 25.00000
26.00000 28.00000 24.00000 7.00000 22.00000 33.00000 9.00000 28.00000 25.00000 22.00000 2.00000 24.00000 17.00000 27.00000 29.00000 29.00000 22.00000 4.00000 33.00000 31.00000 29.00000 34.00000 25.00000 22.00000 28.00000 26.00000 33.00000 18.00000 22.00000 30.00000 29.00000 0.00000 32.00000 26.00000 33.00000 26.00000 26.00000 29.00000 27.00000 25.00000 26.00000 27.00000 28.00000 26.00000 24.00000 26.00000 29.00000 9.00000 29.00000 26.00000 28.00000 32.00000 21.00000 26.00000 23.00000 34.00000 26.00000 33.00000 25.00000 26.00000 24.00000 26.00000 31.00000 26.00000 32.00000 28.00000 25.00000 29.00000 30.00000 28.00000 30.00000 27.00000 33.00000 29.00000 26.00000 33.00000 26.00000
28.00000 27.00000 28.00000 27.00000 14.00000 34.00000 28.00000 9.00000 28.00000 15.00000 33.00000 20.00000 45.00000 49.00000 31.00000 31.00000 14.00000 29.00000 35.00000 34.00000 30.00000 33.00000 49.00000 23.00000 9.00000 9.00000 34.00000 47.00000 12.00000 10.00000 4.00000 32.00000 0.00000 14.00000 5.00000 8.00000 7.00000 29.00000 26.00000 13.00000 28.00000 28.00000 21.00000 23.00000 11.00000 12.00000 7.00000 27.00000 31.00000 28.00000 15.00000 18.00000 13.00000 28.00000 12.00000 42.00000 28.00000 33.00000 9.00000 49.00000 12.00000 9.00000 40.00000 9.00000 18.00000 12.00000 24.00000 7.00000 16.00000 49.00000 37.00000 29.00000 43.00000 40.00000 9.00000 6.00000 28.00000
26.00000 27.00000 24.00000 21.00000 8.00000 33.00000 22.00000 9.00000 25.00000 13.00000 27.00000 22.00000 37.00000 46.00000 28.00000 28.00000 15.00000 24.00000 33.00000 31.00000 29.00000 33.00000 45.00000 22.00000 8.00000 13.00000 33.00000 39.00000 12.00000 9.00000 11.00000 26.00000 13.00000 0.00000 14.00000 7.00000 7.00000 29.00000 27.00000 17.00000 26.00000 27.00000 23.00000 25.00000 14.00000 16.00000 11.00000 21.00000 28.00000 26.00000 6.00000 23.00000 13.00000 26.00000 14.00000 40.00000 26.00000 33.00000 7.00000 46.00000 8.00000 8.00000 38.00000 8.00000 23.00000 16.00000 25.00000 11.00000 22.00000 46.00000 34.00000 26.00000 40.00000 37.00000 7.00000 15.00000 26.00000
27.00000 27.00000 28.00000 27.00000 14.00000 34.00000 28.00000 11.00000 28.00000 15.00000 33.00000 20.00000 45.00000 49.00000 31.00000 31.00000 14.00000 29.00000 34.00000 34.00000 30.00000 33.00000 48.00000 23.00000 11.00000 9.00000 34.00000 47.00000 12.00000 11.00000 4.00000 32.00000 4.00000 14.00000 0.00000 8.00000 7.00000 28.00000 26.00000 12.00000 28.00000 28.00000 20.00000 23.00000 10.00000 12.00000 6.00000 27.00000 31.00000 28.00000 15.00000 17.00000 13.00000 27.00000 12.00000 42.00000 27.00000 33.00000 9.00000 48.00000 12.00000 9.00000 40.00000 9.00000 17.00000 12.00000 24.00000 7.00000 16.00000 48.00000 36.00000 29.00000 42.00000 40.00000 9.00000 3.00000 27.00000
24.00000 26.00000 23.00000 20.00000 7.00000 31.00000 21.00000 3.00000 24.00000 12.00000 26.00000 20.00000 38.00000 45.00000 27.00000 27.00000 13.00000 22.00000 32.00000 30.00000 27.00000 32.00000 44.00000 21.00000 4.00000 9.00000 32.00000 40.00000 10.00000 6.00000 6.00000 25.00000 8.00000 7.00000 9.00000 0.00000 2.00000 27.00000 25.00000 12.00000 24.00000 25.00000 20.00000 23.00000 10.00000 12.00000 7.00000 20.00000 27.00000 25.00000 8.00000 18.00000 11.00000 24.00000 11.00000 38.00000 24.00000 32.00000 4.00000 45.00000 5.00000 5.00000 36.00000 6.00000 18.00000 12.00000 24.00000 7.00000 17.00000 45.00000 33.00000 25.00000 39.00000 36.00000 3.00000 10.00000 24.00000
25.00000 27.00000 24.00000 21.00000 8.00000 32.00000 22.00000 4.00000 25.00000 13.00000 27.00000 20.00000 39.00000 46.00000 28.00000 28.00000 14.00000 23.00000 33.00000 31.00000 28.00000 33.00000 45.00000 22.00000 5.00000 9.00000 33.00000 41.00000 11.00000 7.00000 5.00000 26.00000 7.00000 8.00000 8.00000 1.00000 0.00000 28.00000 26.00000 13.00000 25.00000 26.00000 20.00000 23.00000 11.00000 12.00000 6.00000 21.00000 28.00000 26.00000 9.00000 17.00000 12.00000 25.00000 11.00000 39.00000 25.00000 33.00000 5.00000 46.00000 6.00000 6.00000 37.00000 6.00000 17.00000 12.00000 24.00000 6.00000 16.00000 46.00000 34.00000 26.00000 39.00000 37.00000 4.00000 9.00000 25.00000
4.00000 4.00000 17.00000 24.00000 23.00000 10.00000 24.00000 29.00000 8.00000 21.00000 30.00000 11.00000 27.00000 25.00000 6.00000 7.00000 18.00000 26.00000 11.00000 10.00000 3.00000 9.00000 25.00000 11.00000 30.00000 23.00000 10.00000 27.00000 21.00000 32.00000 27.00000 29.00000 29.00000 28.00000 30.00000 28.00000 28.00000 0.00000 4.00000 17.00000 5.00000 4.00000 15.00000 7.00000 23.00000 19.00000 27.00000 24.00000 6.00000 4.00000 30.00000 23.00000 21.00000 4.00000 22.00000 19.00000 4.00000 9.00000 27.00000 25.00000 26.00000 27.00000 17.00000 27.00000 22.00000 21.00000 8.00000 27.00000 21.00000 25.00000 13.00000 5.00000 19.00000 16.00000 28.00000 31.00000 4.00000
4.00000 1.00000 15.00000 22.00000 22.00000 11.00000 22.00000 28.00000 7.00000 19.00000 28.00000 8.00000 29.00000 27.00000 8.00000 9.00000 17.00000 25.00000 12.00000 12.00000 5.00000 11.00000 27.00000 8.00000 28.00000 20.00000 12.00000 29.00000 20.00000 31.00000 25.00000 27.00000 27.00000 27.00000 28.00000 26.00000 26.00000 4.00000 0.00000 15.00000 6.00000 5.00000 13.00000 5.00000 22.00000 17.00000 25.00000 22.00000 8.00000 4.00000 29.00000 21.00000 19.00000 4.00000 21.00000 20.00000 4.00000 11.00000 26.00000 27.00000 24.00000 26.00000 18.00000 25.00000 20.00000 19.00000 6.00000 25.00000 19.00000 27.00000 15.00000 7.00000 21.00000 18.00000 26.00000 29.00000 4.00000
17.00000 16.00000 19.00000 22.00000 14.00000 23.00000 23.00000 16.00000 17.00000 7.00000 27.00000 9.00000 40.00000 38.00000 20.00000 20.00000 6.00000 24.00000 24.00000 23.00000 19.00000 22.00000 38.00000 13.00000 16.00000 6.00000 23.00000 40.00000 9.00000 18.00000 10.00000 26.00000 13.00000 17.00000 14.00000 13.00000 12.00000 18.00000 15.00000 0.00000 17.00000 17.00000 8.00000 12.00000 8.00000 3.00000 10.00000 22.00000 20.00000 17.00000 18.00000 10.00000 9.00000 17.00000 9.00000 31.00000 17.00000 22.00000 12.00000 38.00000 13.00000 11.00000 29.00000 11.00000 10.00000 4.00000 13.00000 10.00000 8.00000 38.00000 26.00000 18.00000 32.00000 29.00000 14.00000 15.00000 17.00000
5.00000 8.00000 15.00000 22.00000 22.00000 8.00000 23.00000 28.00000 6.00000 19.00000 28.00000 13.00000 23.00000 21.00000 3.00000 3.00000 17.00000 25.00000 8.00000 6.00000 4.00000 8.00000 21.00000 10.00000 28.00000 22.00000 8.00000 23.00000 19.00000 31.00000 26.00000 27.00000 29.00000 26.00000 30.00000 26.00000 26.00000 5.00000 7.00000 18.00000 0.00000 5.00000 17.00000 12.00000 21.00000 19.00000 26.00000 22.00000 3.00000 5.00000 29.00000 25.00000 19.00000 5.00000 21.00000 14.00000 5.00000 8.00000 26.00000 21.00000 24.00000 25.00000 13.00000 26.00000 24.00000 21.00000 9.00000 26.00000 24.00000 21.00000 9.00000 1.00000 15.00000 12.00000 26.00000 31.00000 5.00000
1.00000 5.00000 15.00000 22.00000 22.00000 11.00000 22.00000 28.00000 6.00000 19.00000 28.00000 11.00000 27.00000 25.00000 6.00000 7.00000 16.00000 24.00000 12.00000 10.00000 5.00000 11.00000 25.00000 9.00000 28.00000 22.00000 12.00000 27.00000 19.00000 30.00000 26.00000 27.00000 29.00000 26.00000 30.00000 26.00000 26.00000 4.00000 4.00000 18.00000 4.00000 0.00000 15.00000 9.00000 21.00000 19.00000 26.00000 22.00000 6.00000 1.00000 28.00000 23.00000 19.00000 1.00000 20.00000 18.00000 1.00000 11.00000 25.00000 25.00000 24.00000 25.00000 16.00000 26.00000 22.00000 21.00000 7.00000 26.00000 22.00000 25.00000 13.00000 5.00000 19.00000 16.00000 26.00000 30.00000 1.00000
14.00000 14.00000 18.00000 24.00000 19.00000 18.00000 25.00000 22.00000 14.00000 14.00000 29.00000 7.00000 37.00000 35.00000 17.00000 18.00000 13.00000 26.00000 18.00000 20.00000 16.00000 17.00000 35.00000 11.00000 22.00000 13.00000 18.00000 37.00000 16.00000 22.00000 16.00000 28.00000 19.00000 24.00000 20.00000 19.00000 18.00000 15.00000 13.00000 8.00000 15.00000 15.00000 0.00000 10.00000 16.00000 11.00000 16.00000 24.00000 18.00000 14.00000 25.00000 10.00000 16.00000 14.00000 17.00000 29.00000 14.00000 17.00000 19.00000 35.00000 21.00000 19.00000 27.00000 19.00000 9.00000 9.00000 11.00000 16.00000 8.00000 35.00000 23.00000 16.00000 29.00000 27.00000 20.00000 20.00000 14.00000
6.00000 6.00000 13.00000 20.00000 19.00000 13.00000 21.00000 25.00000 8.00000 16.00000 26.00000 5.00000 31.00000 29.00000 11.00000 11.00000 14.00000 23.00000 13.00000 14.00000 9.00000 12.00000 29.00000 7.00000 26.00000 17.00000 13.00000 31.00000 17.00000 28.00000 21.00000 25.00000 24.00000 24.00000 25.00000 24.00000 23.00000 7.00000 5.00000 12.00000 9.00000 7.00000 10.00000 0.00000 18.00000 14.00000 21.00000 20.00000 11.00000 6.00000 26.00000 18.00000 17.00000 6.00000 18.00000 23.00000 6.00000 12.00000 22.00000 29.00000 22.00000 22.00000 21.00000 22.00000 17.00000 15.00000 3.00000 21.00000 16.00000 29.00000 17.00000 9.00000 23.00000 20.00000 24.00000 25.00000 6.00000
21.00000 22.00000 19.00000 19.00000 11.00000 28.00000 20.00000 12.00000 21.00000 5.00000 25.00000 15.00000 37.00000 42.00000 24.00000 24.00000 7.00000 22.00000 28.00000 26.00000 24.00000 28.00000 41.00000 17.00000 12.00000 4.00000 28.00000 39.00000 4.00000 13.00000 6.00000 24.00000 9.00000 13.00000 10.00000 9.00000 8.00000 24.00000 21.00000 8.00000 21.00000 22.00000 16.00000 18.00000 0.00000 7.00000 6.00000 19.00000 24.00000 21.00000 14.00000 15.00000 5.00000 21.00000 3.00000 35.00000 21.00000 28.00000 7.00000 41.00000 9.00000 7.00000 33.00000 7.00000 15.00000 7.00000 19.00000 6.00000 13.00000 41.00000 29.00000 22.00000 35.00000 33.00000 10.00000 10.00000 21.00000
18.00000 17.00000 20.00000 22.00000 14.00000 24.00000 24.00000 15.00000 18.00000 7.00000 28.00000 10.00000 40.00000 39.00000 21.00000 21.00000 7.00000 25.00000 25.00000 24.00000 20.00000 23.00000 39.00000 14.00000 15.00000 6.00000 25.00000 41.00000 9.00000 17.00000 10.00000 27.00000 12.00000 16.00000 13.00000 12.00000 12.00000 19.00000 16.00000 3.00000 18.00000 18.00000 11.00000 13.00000 7.00000 0.00000 10.00000 22.00000 21.00000 18.00000 17.00000 11.00000 9.00000 18.00000 9.00000 32.00000 18.00000 23.00000 11.00000 39.00000 13.00000 11.00000 30.00000 10.00000 11.00000 4.00000 14.00000 10.00000 9.00000 39.00000 27.00000 19.00000 33.00000 30.00000 13.00000 14.00000 18.00000
25.00000 25.00000 26.00000 23.00000 10.00000 32.00000 24.00000 7.00000 26.00000 12.00000 29.00000 18.00000 41.00000 47.00000 29.00000 29.00000 12.00000 26.00000 32.00000 32.00000 28.00000 31.00000 46.00000 21.00000 8.00000 7.00000 32.00000 43.00000 10.00000 10.00000 3.00000 28.00000 5.00000 10.00000 6.00000 4.00000 4.00000 26.00000 24.00000 10.00000 26.00000 26.00000 18.00000 21.00000 8.00000 10.00000 0.00000 23.00000 29.00000 26.00000 11.00000 16.00000 11.00000 25.00000 10.00000 40.00000 25.00000 31.00000 5.00000 46.00000 7.00000 5.00000 38.00000 5.00000 16.00000 10.00000 22.00000 1.00000 14.00000 46.00000 34.00000 27.00000 40.00000 38.00000 6.00000 7.00000 25.00000
21.00000 23.00000 19.00000 4.00000 17.00000 28.00000 5.00000 23.00000 18.00000 17.00000 10.00000 19.00000 21.00000 28.00000 24.00000 24.00000 17.00000 7.00000 29.00000 26.00000 24.00000 29.00000 26.00000 18.00000 23.00000 22.00000 28.00000 23.00000 17.00000 26.00000 24.00000 9.00000 27.00000 21.00000 28.00000 21.00000 21.00000 24.00000 22.00000 20.00000 21.00000 22.00000 24.00000 21.00000 19.00000 21.00000 24.00000 0.00000 24.00000 22.00000 24.00000 27.00000 16.00000 21.00000 18.00000 30.00000 21.00000 29.00000 21.00000 27.00000 19.00000 21.00000 28.00000 21.00000 27.00000 23.00000 21.00000 24.00000 26.00000 27.00000 23.00000 22.00000 26.00000 26.00000 21.00000 28.00000 21.00000
7.00000 8.00000 16.00000 23.00000 23.00000 7.00000 24.00000 29.00000 8.00000 20.00000 29.00000 14.00000 23.00000 22.00000 1.00000 4.00000 18.00000 26.00000 8.00000 7.00000 3.00000 7.00000 22.00000 11.00000 29.00000 23.00000 8.00000 23.00000 21.00000 32.00000 28.00000 28.00000 30.00000 28.00000 31.00000 27.00000 27.00000 6.00000 7.00000 19.00000 5.00000 6.00000 18.00000 12.00000 23.00000 20.00000 28.00000 23.00000 0.00000 6.00000 30.00000 25.00000 20.00000 7.00000 22.00000 15.00000 7.00000 6.00000 27.00000 22.00000 25.00000 27.00000 13.00000 27.00000 24.00000 22.00000 10.00000 28.00000 24.00000 22.00000 9.00000 3.00000 15.00000 13.00000 27.00000 32.00000 7.00000
1.00000 5.00000 14.00000 22.00000 21.00000 11.00000 22.00000 27.00000 6.00000 19.00000 27.00000 10.00000 27.00000 25.00000 6.00000 7.00000 16.00000 24.00000 12.00000 10.00000 5.00000 11.00000 25.00000 9.00000 28.00000 22.00000 12.00000 27.00000 19.00000 30.00000 26.00000 26.00000 28.00000 26.00000 29.00000 25.00000 26.00000 4.00000 4.00000 17.00000 4.00000 1.00000 15.00000 8.00000 21.00000 18.00000 26.00000 22.00000 6.00000 0.00000 28.00000 23.00000 18.00000 1.00000 20.00000 18.00000 1.00000 11.00000 25.00000 25.00000 23.00000 25.00000 16.00000 25.00000 22.00000 21.00000 6.00000 26.00000 21.00000 25.00000 13.00000 5.00000 19.00000 16.00000 26.00000 30.00000 1.00000
28.00000 30.00000 26.00000 24.00000 11.00000 35.00000 25.00000 10.00000 28.00000 16.00000 29.00000 24.00000 41.00000 49.00000 31.00000 31.00000 17.00000 26.00000 36.00000 34.00000 31.00000 36.00000 47.00000 25.00000 9.00000 14.00000 35.00000 43.00000 14.00000 8.00000 12.00000 28.00000 14.00000 6.00000 15.00000 8.00000 9.00000 31.00000 29.00000 18.00000 28.00000 29.00000 26.00000 27.00000 16.00000 17.00000 12.00000 24.00000 31.00000 29.00000 0.00000 24.00000 15.00000 28.00000 15.00000 42.00000 28.00000 35.00000 8.00000 48.00000 9.00000 9.00000 40.00000 9.00000 24.00000 17.00000 28.00000 12.00000 23.00000 48.00000 36.00000 29.00000 42.00000 40.00000 9.00000 16.00000 28.00000
22.00000 21.00000 25.00000 29.00000 23.00000 26.00000 30.00000 19.00000 22.00000 16.00000 34.00000 15.00000 45.00000 43.00000 25.00000 25.00000 15.00000 31.00000 27.00000 28.00000 24.00000 26.00000 43.00000 18.00000 19.00000 12.00000 27.00000 45.00000 17.00000 19.00000 15.00000 33.00000 16.00000 24.00000 17.00000 18.00000 17.00000 23.00000 21.00000 11.00000 23.00000 23.00000 12.00000 18.00000 15.00000 12.00000 15.00000 29.00000 25.00000 22.00000 24.00000 0.00000 17.00000 22.00000 17.00000 37.00000 22.00000 25.00000 19.00000 43.00000 20.00000 19.00000 35.00000 18.00000 3.00000 8.00000 18.00000 15.00000 3.00000 43.00000 31.00000 23.00000 37.00000 34.00000 20.00000 18.00000 22.00000
19.00000 20.00000 17.00000 16.00000 8.00000 26.00000 17.00000 14.00000 18.00000 3.00000 22.00000 14.00000 34.00000 39.00000 21.00000 21.00000 6.00000 19.00000 26.00000 24.00000 22.00000 26.00000 39.00000 15.00000 14.00000 7.00000 26.00000 36.00000 2.00000 16.00000 10.00000 21.00000 13.00000 13.00000 14.00000 12.00000 12.00000 22.00000 20.00000 9.00000 19.00000 20.00000 16.00000 18.00000 5.00000 10.00000 10.00000 16.00000 21.00000 19.00000 15.00000 17.00000 0.00000 19.00000 3.00000 33.00000 19.00000 26.00000 9.00000 39.00000 7.00000 8.00000 31.00000 8.00000 17.00000 11.00000 18.00000 10.00000 16.00000 39.00000 27.00000 19.00000 33.00000 30.00000 12.00000 14.00000 19.00000
0.00000 4.00000 14.00000 21.00000 21.00000 12.00000 22.00000 27.00000 5.00000 18.00000 27.00000 10.00000 27.00000 25.00000 7.00000 7.00000 16.00000 24.00000 12.00000 10.00000 5.00000 11.00000 25.00000 8.00000 27.00000 21.00000 12.00000 27.00000 18.00000 30.00000 25.00000 26.00000 28.00000 25.00000 29.00000 25.00000 25.00000 4.00000 4.00000 17.00000 4.00000 1.00000 15.00000 8.00000 20.00000 18.00000 25.00000 21.00000 7.00000 1.00000 28.00000 23.00000 18.00000 0.00000 20.00000 18.00000 1.00000 11.00000 25.00000 25.00000 23.00000 24.00000 17.00000 25.00000 22.00000 20.00000 6.00000 25.00000 21.00000 25.00000 13.00000 5.00000 19.00000 16.00000 25.00000 30.00000 0.00000
20.00000 22.00000 18.00000 18.00000 10.00000 27.00000 19.00000 13.00000 20.00000 4.00000 24.00000 15.00000 36.00000 40.00000 23.00000 23.00000 6.00000 21.00000 27.00000 25.00000 23.00000 28.00000 40.00000 16.00000 14.00000 6.00000 27.00000 38.00000 3.00000 15.00000 8.00000 23.00000 10.00000 13.00000 12.00000 11.00000 10.00000 23.00000 21.00000 9.00000 20.00000 21.00000 17.00000 18.00000 3.00000 8.00000 8.00000 18.00000 23.00000 20.00000 14.00000 16.00000 3.00000 20.00000 0.00000 34.00000 20.00000 27.00000 8.00000 40.00000 7.00000 7.00000 32.00000 7.00000 16.00000 9.00000 19.00000 8.00000 14.00000 40.00000 28.00000 21.00000 34.00000 32.00000 12.00000 12.00000 20.00000
19.00000 21.00000 27.00000 33.00000 34.00000 15.00000 30.00000 40.00000 19.00000 32.00000 35.00000 25.00000 19.00000 11.00000 15.00000 14.00000 29.00000 35.00000 13.00000 13.00000 17.00000 16.00000 15.00000 22.00000 40.00000 35.00000 15.00000 19.00000 32.00000 43.00000 39.00000 35.00000 41.00000 39.00000 42.00000 38.00000 38.00000 19.00000 20.00000 30.00000 16.00000 19.00000 29.00000 24.00000 34.00000 31.00000 39.00000 30.00000 15.00000 19.00000 41.00000 38.00000 31.00000 19.00000 33.00000 0.00000 19.00000 18.00000 38.00000 11.00000 36.00000 38.00000 7.00000 38.00000 37.00000 33.00000 22.00000 39.00000 36.00000 12.00000 11.00000 15.00000 13.00000 6.00000 38.00000 43.00000 19.00000
1.00000 5.00000 14.00000 21.00000 21.00000 11.00000 22.00000 27.00000 5.00000 18.00000 27.00000 10.00000 27.00000 25.00000 7.00000 7.00000 16.00000 24.00000 12.00000 10.00000 5.00000 11.00000 25.00000 8.00000 27.00000 21.00000 12.00000 27.00000 18.00000 30.00000 26.00000 26.00000 28.00000 26.00000 29.00000 25.00000 25.00000 4.00000 4.00000 17.00000 4.00000 1.00000 15.00000 8.00000 20.00000 18.00000 26.00000 21.00000 7.00000 1.00000 28.00000 23.00000 18.00000 1.00000 20.00000 18.00000 0.00000 11.00000 25.00000 25.00000 23.00000 25.00000 17.00000 25.00000 22.00000 20.00000 6.00000 26.00000 21.00000 25.00000 13.00000 5.00000 19.00000 16.00000 25.00000 30.00000 1.00000
12.00000 13.00000 21.00000 28.00000 28.00000 4.00000 29.00000 34.00000 13.00000 25.00000 34.00000 16.00000 27.00000 24.00000 7.00000 6.00000 23.00000 31.00000 4.00000 7.00000 8.00000 2.00000 24.00000 16.00000 34.00000 28.00000 4.00000 27.00000 25.00000 37.00000 33.00000 33.00000 35.00000 33.00000 36.00000 32.00000 32.00000 11.00000 12.00000 23.00000 10.00000 12.00000 19.00000 13.00000 27.00000 25.00000 33.00000 28.00000 9.00000 12.00000 35.00000 27.00000 25.00000 12.00000 27.00000 17.00000 12.00000 0.00000 32.00000 24.00000 30.00000 32.00000 15.00000 32.00000 26.00000 26.00000 15.00000 33.00000 25.00000 24.00000 13.00000 9.00000 19.00000 15.00000 32.00000 37.00000 12.00000
25.00000 26.00000 23.00000 20.00000 7.00000 32.00000 22.00000 7.00000 24.00000 11.00000 26.00000 20.00000 38.00000 45.00000 27.00000 27.00000 13.00000 23.00000 32.00000 30.00000 28.00000 32.00000 44.00000 21.00000 7.00000 9.00000 32.00000 40.00000 8.00000 10.00000 6.00000 25.00000 9.00000 7.00000 10.00000 5.00000 5.00000 28.00000 26.00000 12.00000 25.00000 26.00000 20.00000 23.00000 9.00000 12.00000 7.00000 20.00000 27.00000 25.00000 8.00000 19.00000 9.00000 25.00000 8.00000 39.00000 25.00000 32.00000 0.00000 45.00000 3.00000 2.00000 37.00000 2.00000 19.00000 12.00000 24.00000 7.00000 17.00000 45.00000 33.00000 25.00000 39.00000 36.00000 5.00000 10.00000 25.00000
25.00000 27.00000 34.00000 30.00000 40.00000 21.00000 27.00000 47.00000 25.00000 38.00000 27.00000 31.00000 11.00000 1.00000 21.00000 20.00000 35.00000 28.00000 19.00000 20.00000 23.00000 22.00000 9.00000 29.00000 47.00000 41.00000 21.00000 11.00000 38.00000 49.00000 45.00000 27.00000 48.00000 45.00000 49.00000 45.00000 45.00000 25.00000 27.00000 37.00000 22.00000 25.00000 36.00000 31.00000 40.00000 38.00000 45.00000 27.00000 21.00000 25.00000 47.00000 44.00000 38.00000 25.00000 39.00000 11.00000 25.00000 24.00000 44.00000 0.00000 43.00000 44.00000 11.00000 44.00000 43.00000 40.00000 28.00000 45.00000 42.00000 2.00000 16.00000 21.00000 18.00000 10.00000 45.00000 49.00000 25.00000
23.00000 25.00000 21.00000 18.00000 8.00000 30.00000 20.00000 8.00000 23.00000 8.00000 24.00000 19.00000 36.00000 43.00000 25.00000 25.00000 11.00000 21.00000 30.00000 28.00000 26.00000 31.00000 42.00000 19.00000 8.00000 11.00000 30.00000 38.00000 5.00000 11.00000 9.00000 23.00000 11.00000 8.00000 12.00000 6.00000 6.00000 26.00000 24.00000 14.00000 23.00000 24.00000 20.00000 22.00000 9.00000 14.00000 8.00000 18.00000 26.00000 23.00000 9.00000 21.00000 7.00000 23.00000 7.00000 37.00000 23.00000 30.00000 3.00000 43.00000 0.00000 4.00000 35.00000 5.00000 21.00000 14.00000 22.00000 9.00000 19.00000 43.00000 31.00000 24.00000 37.00000 34.00000 6.00000 13.00000 23.00000
25.00000 26.00000 23.00000 20.00000 8.00000 31.00000 21.00000 7.00000 24.00000 10.00000 26.00000 19.00000 38.00000 45.00000 27.00000 27.00000 12.00000 23.00000 32.00000 30.00000 27.00000 32.00000 44.00000 21.00000 8.00000 8.00000 32.00000 40.00000 7.00000 10.00000 7.00000 25.00000 9.00000 7.00000 10.00000 5.00000 6.00000 27.00000 26.00000 12.00000 24.00000 25.00000 20.00000 23.00000 8.00000 11.00000 6.00000 20.00000 27.00000 25.00000 8.00000 19.00000 8.00000 25.00000 7.00000 38.00000 25.00000 32.00000 2.00000 45.00000 3.00000 0.00000 37.00000 3.00000 19.00000 12.00000 23.00000 6.00000 17.00000 45.00000 33.00000 25.00000 39.00000 36.00000 6.00000 11.00000 25.00000
17.00000 19.00000 25.00000 31.00000 32.00000 13.00000 28.00000 38.00000 17.00000 30.00000 32.00000 23.00000 16.00000 12.00000 13.00000 12.00000 27.00000 33.00000 11.00000 11.00000 15.00000 14.00000 12.00000 21.00000 38.00000 33.00000 13.00000 16.00000 30.00000 41.00000 37.00000 32.00000 39.00000 37.00000 40.00000 36.00000 37.00000 17.00000 18.00000 28.00000 14.00000 17.00000 27.00000 22.00000 32.00000 29.00000 37.00000 28.00000 13.00000 17.00000 39.00000 36.00000 29.00000 17.00000 31.00000 7.00000 17.00000 16.00000 36.00000 12.00000 34.00000 36.00000 0.00000 36.00000 35.00000 32.00000 20.00000 37.00000 34.00000 12.00000 9.00000 13.00000 10.00000 3.00000 37.00000 41.00000 17.00000
25.00000 26.00000 23.00000 20.00000 8.00000 32.00000 22.00000 8.00000 24.00000 10.00000 26.00000 19.00000 38.00000 45.00000 27.00000 27.00000 12.00000 23.00000 32.00000 30.00000 28.00000 32.00000 44.00000 21.00000 8.00000 8.00000 32.00000 40.00000 7.00000 10.00000 6.00000 25.00000 8.00000 8.00000 9.00000 6.00000 6.00000 28.00000 25.00000 12.00000 25.00000 26.00000 19.00000 22.00000 8.00000 11.00000 6.00000 20.00000 27.00000 25.00000 9.00000 18.00000 8.00000 25.00000 7.00000 39.00000 25.00000 32.00000 2.00000 45.00000 4.00000 1.00000 37.00000 0.00000 18.00000 11.00000 23.00000 6.00000 17.00000 45.00000 33.00000 25.00000 39.00000 36.00000 6.00000 10.00000 25.00000
21.00000 21.00000 25.00000 29.00000 23.00000 26.00000 30.00000 19.00000 21.00000 16.00000 35.00000 14.00000 44.00000 42.00000 25.00000 25.00000 15.00000 31.00000 26.00000 27.00000 23.00000 25.00000 42.00000 18.00000 19.00000 12.00000 26.00000 44.00000 18.00000 19.00000 15.00000 34.00000 16.00000 24.00000 17.00000 18.00000 18.00000 22.00000 20.00000 12.00000 22.00000 22.00000 11.00000 17.00000 15.00000 12.00000 16.00000 29.00000 25.00000 21.00000 24.00000 2.00000 17.00000 21.00000 17.00000 36.00000 21.00000 25.00000 19.00000 42.00000 21.00000 19.00000 34.00000 19.00000 0.00000 9.00000 18.00000 16.00000 3.00000 42.00000 30.00000 23.00000 36.00000 34.00000 20.00000 18.00000 21.00000
20.00000 19.00000 21.00000 23.00000 15.00000 26.00000 25.00000 14.00000 20.00000 8.00000 29.00000 12.00000 41.00000 41.00000 23.00000 23.00000 8.00000 26.00000 26.00000 26.00000 22.00000 25.00000 41.00000 16.00000 14.00000 5.00000 26.00000 43.00000 10.00000 17.00000 8.00000 28.00000 11.00000 17.00000 12.00000 11.00000 10.00000 21.00000 18.00000 4.00000 21.00000 20.00000 11.00000 15.00000 8.00000 4.00000 8.00000 23.00000 23.00000 20.00000 18.00000 8.00000 10.00000 20.00000 10.00000 34.00000 20.00000 25.00000 12.00000 41.00000 13.00000 11.00000 33.00000 11.00000 8.00000 0.00000 16.00000 8.00000 7.00000 41.00000 29.00000 21.00000 35.00000 32.00000 12.00000 12.00000 20.00000
6.00000 6.00000 13.00000 20.00000 19.00000 15.00000 21.00000 26.00000 7.00000 15.00000 26.00000 5.00000 30.00000 29.00000 11.00000 11.00000 15.00000 22.00000 15.00000 14.00000 9.00000 14.00000 28.00000 5.00000 26.00000 17.00000 15.00000 30.00000 17.00000 28.00000 21.00000 25.00000 24.00000 24.00000 25.00000 24.00000 23.00000 8.00000 5.00000 12.00000 8.00000 6.00000 10.00000 3.00000 18.00000 14.00000 21.00000 20.00000 11.00000 6.00000 26.00000 18.00000 17.00000 6.00000 18.00000 22.00000 6.00000 14.00000 23.00000 28.00000 22.00000 22.00000 20.00000 22.00000 17.00000 16.00000 0.00000 21.00000 16.00000 28.00000 16.00000 9.00000 22.00000 20.00000 24.00000 26.00000 6.00000
25.00000 25.00000 26.00000 23.00000 10.00000 32.00000 24.00000 7.00000 26.00000 13.00000 29.00000 18.00000 41.00000 47.00000 29.00000 29.00000 12.00000 26.00000 33.00000 32.00000 28.00000 31.00000 47.00000 21.00000 8.00000 7.00000 32.00000 43.00000 10.00000 10.00000 3.00000 28.00000 5.00000 10.00000 7.00000 5.00000 4.00000 26.00000 24.00000 11.00000 26.00000 26.00000 18.00000 21.00000 8.00000 10.00000 1.00000 23.00000 29.00000 26.00000 11.00000 16.00000 11.00000 25.00000 10.00000 40.00000 25.00000 31.00000 5.00000 47.00000 8.00000 5.00000 38.00000 5.00000 16.00000 10.00000 22.00000 0.00000 14.00000 47.00000 34.00000 27.00000 40.00000 38.00000 6.00000 7.00000 25.00000
20.00000 19.00000 23.00000 27.00000 21.00000 24.00000 28.00000 19.00000 20.00000 14.00000 33.00000 13.00000 43.00000 41.00000 23.00000 23.00000 13.00000 29.00000 25.00000 26.00000 22.00000 24.00000 41.00000 17.00000 19.00000 10.00000 25.00000 43.00000 15.00000 19.00000 13.00000 32.00000 16.00000 22.00000 17.00000 17.00000 16.00000 21.00000 19.00000 10.00000 21.00000 21.00000 10.00000 16.00000 13.00000 10.00000 14.00000 27.00000 23.00000 20.00000 23.00000 3.00000 15.00000 20.00000 15.00000 35.00000 20.00000 23.00000 17.00000 41.00000 19.00000 17.00000 33.00000 17.00000 3.00000 7.00000 17.00000 14.00000 0.00000 41.00000 29.00000 21.00000 35.00000 32.00000 18.00000 17.00000 20.00000
25.00000 27.00000 34.00000 30.00000 40.00000 21.00000 27.00000 46.00000 25.00000 38.00000 28.00000 31.00000 12.00000 2.00000 21.00000 20.00000 35.00000 29.00000 19.00000 19.00000 23.00000 22.00000 9.00000 29.00000 47.00000 41.00000 21.00000 12.00000 38.00000 49.00000 45.00000 28.00000 47.00000 45.00000 49.00000 44.00000 45.00000 25.00000 26.00000 36.00000 22.00000 25.00000 36.00000 30.00000 40.00000 38.00000 45.00000 27.00000 21.00000 25.00000 47.00000 44.00000 38.00000 25.00000 39.00000 12.00000 25.00000 24.00000 44.00000 2.00000 43.00000 44.00000 11.00000 44.00000 43.00000 40.00000 28.00000 45.00000 42.00000 0.00000 16.00000 21.00000 18.00000 10.00000 45.00000 49.00000 25.00000
12.00000 14.00000 20.00000 25.00000 27.00000 12.00000 22.00000 33.00000 12.00000 25.00000 30.00000 18.00000 19.00000 16.00000 9.00000 9.00000 22.00000 27.00000 11.00000 9.00000 11.00000 12.00000 16.00000 16.00000 34.00000 28.00000 12.00000 19.00000 25.00000 36.00000 32.00000 29.00000 34.00000 32.00000 36.00000 31.00000 32.00000 12.00000 13.00000 23.00000 9.00000 12.00000 23.00000 17.00000 27.00000 24.00000 32.00000 23.00000 9.00000 12.00000 34.00000 31.00000 24.00000 12.00000 26.00000 12.00000 12.00000 12.00000 31.00000 16.00000 29.00000 31.00000 10.00000 31.00000 30.00000 27.00000 15.00000 32.00000 29.00000 16.00000 0.00000 8.00000 7.00000 9.00000 32.00000 36.00000 12.00000
5.00000 8.00000 14.00000 21.00000 21.00000 8.00000 22.00000 27.00000 6.00000 18.00000 27.00000 12.00000 23.00000 21.00000 3.00000 3.00000 16.00000 24.00000 8.00000 6.00000 4.00000 8.00000 21.00000 9.00000 27.00000 22.00000 8.00000 23.00000 19.00000 30.00000 26.00000 26.00000 28.00000 26.00000 29.00000 25.00000 25.00000 5.00000 7.00000 17.00000 2.00000 5.00000 16.00000 11.00000 21.00000 18.00000 26.00000 21.00000 3.00000 5.00000 28.00000 24.00000 18.00000 5.00000 20.00000 14.00000 5.00000 8.00000 25.00000 21.00000 23.00000 25.00000 13.00000 25.00000 23.00000 20.00000 8.00000 26.00000 23.00000 21.00000 9.00000 0.00000 15.00000 12.00000 25.00000 30.00000 5.00000
18.00000 20.00000 27.00000 28.00000 33.00000 18.00000 25.00000 40.00000 18.00000 31.00000 34.00000 24.00000 22.00000 18.00000 15.00000 15.00000 28.00000 30.00000 17.00000 15.00000 17.00000 19.00000 17.00000 22.00000 40.00000 34.00000 18.00000 21.00000 31.00000 42.00000 38.00000 33.00000 41.00000 38.00000 42.00000 38.00000 38.00000 18.00000 20.00000 30.00000 15.00000 18.00000 29.00000 24.00000 33.00000 31.00000 38.00000 26.00000 15.00000 18.00000 40.00000 37.00000 31.00000 18.00000 32.00000 13.00000 18.00000 19.00000 37.00000 18.00000 36.00000 37.00000 11.00000 38.00000 36.00000 33.00000 21.00000 38.00000 35.00000 18.00000 7.00000 14.00000 0.00000 10.00000 38.00000 42.00000 18.00000
18.00000 20.00000 27.00000 28.00000 33.00000 14.00000 25.00000 40.00000 18.00000 31.00000 30.00000 24.00000 14.00000 9.00000 14.00000 13.00000 28.00000 30.00000 12.00000 13.00000 16.00000 15.00000 9.00000 22.00000 40.00000 34.00000 14.00000 14.00000 31.00000 42.00000 38.00000 29.00000 41.00000 38.00000 42.00000 38.00000 38.00000 18.00000 20.00000 30.00000 15.00000 18.00000 29.00000 23.00000 33.00000 31.00000 38.00000 26.00000 14.00000 18.00000 40.00000 37.00000 31.00000 18.00000 32.00000 7.00000 18.00000 17.00000 37.00000 9.00000 36.00000 37.00000 4.00000 37.00000 36.00000 33.00000 21.00000 38.00000 35.00000 9.00000 10.00000 14.00000 12.00000 0.00000 38.00000 42.00000 18.00000
26.00000 25.00000 26.00000 24.00000 11.00000 32.00000 25.00000 9.00000 26.00000 12.00000 30.00000 18.00000 42.00000 47.00000 29.00000 29.00000 13.00000 26.00000 33.00000 32.00000 28.00000 32.00000 47.00000 22.00000 9.00000 8.00000 33.00000 44.00000 10.00000 12.00000 5.00000 29.00000 8.00000 11.00000 9.00000 6.00000 5.00000 27.00000 25.00000 11.00000 26.00000 27.00000 19.00000 22.00000 9.00000 10.00000 5.00000 24.00000 29.00000 26.00000 12.00000 18.00000 11.00000 26.00000 10.00000 40.00000 26.00000 31.00000 6.00000 47.00000 8.00000 6.00000 39.00000 5.00000 18.00000 11.00000 22.00000 6.00000 16.00000 47.00000 35.00000 27.00000 41.00000 38.00000 0.00000 9.00000 26.00000
29.00000 28.00000 29.00000 28.00000 16.00000 35.00000 29.00000 12.00000 29.00000 16.00000 34.00000 21.00000 46.00000 50.00000 32.00000 32.00000 15.00000 31.00000 36.00000 35.00000 31.00000 35.00000 50.00000 25.00000 12.00000 10.00000 36.00000 48.00000 13.00000 13.00000 6.00000 33.00000 6.00000 16.00000 2.00000 9.00000 8.00000 30.00000 28.00000 14.00000 29.00000 29.00000 22.00000 25.00000 12.00000 13.00000 8.00000 28.00000 32.00000 29.00000 17.00000 18.00000 15.00000 29.00000 13.00000 43.00000 29.00000 34.00000 11.00000 50.00000 13.00000 11.00000 42.00000 10.00000 18.00000 13.00000 25.00000 8.00000 17.00000 50.00000 38.00000 30.00000 44.00000 41.00000 11.00000 0.00000 29.00000
0.00000 4.00000 14.00000 21.00000 21.00000 12.00000 22.00000 27.00000 5.00000 18.00000 27.00000 10.00000 27.00000 25.00000 7.00000 7.00000 16.00000 24.00000 12.00000 10.00000 5.00000 11.00000 25.00000 8.00000 27.00000 21.00000 12.00000 27.00000 18.00000 30.00000 25.00000 26.00000 28.00000 25.00000 29.00000 25.00000 25.00000 4.00000 4.00000 17.00000 4.00000 1.00000 15.00000 8.00000 20.00000 18.00000 25.00000 21.00000 7.00000 1.00000 28.00000 23.00000 18.00000 0.00000 20.00000 18.00000 1.00000 11.00000 25.00000 25.00000 23.00000 24.00000 17.00000 25.00000 22.00000 20.00000 6.00000 25.00000 21.00000 25.00000 13.00000 5.00000 19.00000 16.00000 25.00000 30.00000 0.00000
p
0.0 0.0 0.0 0.0 0.0 0.0 
0.0 0.0 0.0 0.0 0.0 0.0 
0.0 0.0 0.0 0.0 0.0 0.0 
0.0 0.0 0.0 0.0 0.0 0.0 
0.0 0.0 0.0 0.0 0.0 0.0 
0.0 0.0 0.0 0.0 0.0 0.0 
0.0 0.0 0.0 0.0 0.0 0.0 
0.0 0.0 0.0 0.0 0.0 0.0 
0.0 0.0 0.0 0.0 0.0 0.0 
0.0 0.0 0.0 0.0 0.0 0.0 
0.0 0.0 0.0 0.0 0.0 0.0 
0.0 0.0 0.0 0.0 0.0 0.0 
0.0 0.0 0.0 0.0 0.0 0.0 
0.0 0.0 0.0 0.0 0.0 0.0 
0.0 0.0 0.0 0.0 0.0 0.0 
0 0 0 0 0 40 
0 0 0 0 0 40 
0 0 0 0 0 40 
0 0 0 0 0 40 
0 0 0 0 0 40 
0 0 0 0 0 40 
0 0 0 0 0 40 
0 0 0 0 0 40 
0 0 0 0 0 40 
0 0 0 0 0 40 
0 0 0 0 0 40 
0 0 0 0 0 40 
0 0 0 0 0 40 
0 0 0 0 0 40 
0 0 0 0 0 40 
0 0 0 57 0 0 
0 0 0 57 0 0 
0 0 0 57 0 0 
0 0 0 57 0 0 
0 0 0 57 0 0 
0 0 0 57 0 0 
0 0 0 57 0 0 
0 0 0 57 0 0 
0 0 0 57 0 0 
0 0 0 57 0 0 
0 0 0 57 0 0 
0 0 0 57 0 0 
0 0 0 57 0 0 
0 0 0 57 0 0 
0 0 0 57 0 0 
27 0 0 36 0 0 
27 0 0 36 0 0 
27 0 0 36 0 0 
27 0 0 36 0 0 
27 0 0 36 0 0 
27 0 0 36 0 0 
27 0 0 36 0 0 
27 0 0 36 0 0 
27 0 0 36 0 0 
27 0 0 36 0 0 
27 0 0 36 0 0 
27 0 0 36 0 0 
27 0 0 36 0 0 
27 0 0 36 0 0 
27 0 0 36 0 0 
0 0 0 55 0 0 
0 0 0 55 0 0 
0 0 0 55 0 0 
0 0 0 55 0 0 
0 0 0 55 0 0 
0 0 0 55 0 0 
0 0 0 55 0 0 
0 0 0 55 0 0 
0 0 0 55 0 0 
0 0 0 55 0 0 
0 0 0 55 0 0 
0 0 0 55 0 0 
0 0 0 55 0 0 
0 0 0 55 0 0 
0 0 0 55 0 0 
0 0 25 0 0 0 
0 0 25 0 0 0 
0 0 25 0 0 0 
0 0 25 0 0 0 
0 0 25 0 0 0 
0 0 25 0 0 0 
0 0 25 0 0 0 
0 0 25 0 0 0 
0 0 25 0 0 0 
0 0 25 0 0 0 
0 0 25 0 0 0 
0 0 25 0 0 0 
0 0 25 0 0 0 
0 0 25 0 0 0 
0 0 25 0 0 0 
34 0 0 0 45 0 
34 0 0 0 45 0 
34 0 0 0 45 0 
34 0 0 0 45 0 
34 0 0 0 45 0 
34 0 0 0 45 0 
34 0 0 0 45 0 
34 0 0 0 45 0 
34 0 0 0 45 0 
34 0 0 0 45 0 
34 0 0 0 45 0 
34 0 0 0 45 0 
34 0 0 0 45 0 
34 0 0 0 45 0 
34 0 0 0 45 0 
48 0 0 0 0 0 
48 0 0 0 0 0 
48 0 0 0 0 0 
48 0 0 0 0 0 
48 0 0 0 0 0 
48 0 0 0 0 0 
48 0 0 0 0 0 
48 0 0 0 0 0 
48 0 0 0 0 0 
48 0 0 0 0 0 
48 0 0 0 0 0 
48 0 0 0 0 0 
48 0 0 0 0 0 
48 0 0 0 0 0 
48 0 0 0 0 0 
0 0 0 56 0 0 
0 0 0 56 0 0 
0 0 0 56 0 0 
0 0 0 56 0 0 
0 0 0 56 0 0 
0 0 0 56 0 0 
0 0 0 56 0 0 
0 0 0 56 0 0 
0 0 0 56 0 0 
0 0 0 56 0 0 
0 0 0 56 0 0 
0 0 0 56 0 0 
0 0 0 56 0 0 
0 0 0 56 0 0 
0 0 0 56 0 0 
0 0 17 0 0 38 
0 0 17 0 0 38 
0 0 17 0 0 38 
0 0 17 0 0 38 
0 0 17 0 0 38 
0 0 17 0 0 38 
0 0 17 0 0 38 
0 0 17 0 0 38 
0 0 17 0 0 38 
0 0 17 0 0 38 
0 0 17 0 0 38 
0 0 17 0 0 38 
0 0 17 0 0 38 
0 0 17 0 0 38 
0 0 17 0 0 38 
0 55 0 0 0 0 
0 55 0 0 0 0 
0 55 0 0 0 0 
0 55 0 0 0 0 
0 55 0 0 0 0 
0 55 0 0 0 0 
0 55 0 0 0 0 
0 55 0 0 0 0 
0 55 0 0 0 0 
0 55 0 0 0 0 
0 55 0 0 0 0 
0 55 0 0 0 0 
0 55 0 0 0 0 
0 55 0 0 0 0 
0 55 0 0 0 0 
19 0 0 0 28 0 
19 0 0 0 28 0 
19 0 0 0 28 0 
19 0 0 0 28 0 
19 0 0 0 28 0 
19 0 0 0 28 0 
19 0 0 0 28 0 
19 0 0 0 28 0 
19 0 0 0 28 0 
19 0 0 0 28 0 
19 0 0 0 28 0 
19 0 0 0 28 0 
19 0 0 0 28 0 
19 0 0 0 28 0 
19 0 0 0 28 0 
52 0 0 0 0 0 
52 0 0 0 0 0 
52 0 0 0 0 0 
52 0 0 0 0 0 
52 0 0 0 0 0 
52 0 0 0 0 0 
52 0 0 0 0 0 
52 0 0 0 0 0 
52 0 0 0 0 0 
52 0 0 0 0 0 
52 0 0 0 0 0 
52 0 0 0 0 0 
52 0 0 0 0 0 
52 0 0 0 0 0 
52 0 0 0 0 0 
0 58 0 0 0 0 
0 58 0 0 0 0 
0 58 0 0 0 0 
0 58 0 0 0 0 
0 58 0 0 0 0 
0 58 0 0 0 0 
0 58 0 0 0 0 
0 58 0 0 0 0 
0 58 0 0 0 0 
0 58 0 0 0 0 
0 58 0 0 0 0 
0 58 0 0 0 0 
0 58 0 0 0 0 
0 58 0 0 0 0 
0 58 0 0 0 0 
0 0 35 0 0 0 
0 0 35 0 0 0 
0 0 35 0 0 0 
0 0 35 0 0 0 
0 0 35 0 0 0 
0 0 35 0 0 0 
0 0 35 0 0 0 
0 0 35 0 0 0 
0 0 35 0 0 0 
0 0 35 0 0 0 
0 0 35 0 0 0 
0 0 35 0 0 0 
0 0 35 0 0 0 
0 0 35 0 0 0 
0 0 35 0 0 0 
0 0 0 0 0 41 
0 0 0 0 0 41 
0 0 0 0 0 41 
0 0 0 0 0 41 
0 0 0 0 0 41 
0 0 0 0 0 41 
0 0 0 0 0 41 
0 0 0 0 0 41 
0 0 0 0 0 41 
0 0 0 0 0 41 
0 0 0 0 0 41 
0 0 0 0 0 41 
0 0 0 0 0 41 
0 0 0 0 0 41 
0 0 0 0 0 41 
0 23 0 0 0 20 
0 23 0 0 0 20 
0 23 0 0 0 20 
0 23 0 0 0 20 
0 23 0 0 0 20 
0 23 0 0 0 20 
0 23 0 0 0 20 
0 23 0 0 0 20 
0 23 0 0 0 20 
0 23 0 0 0 20 
0 23 0 0 0 20 
0 23 0 0 0 20 
0 23 0 0 0 20 
0 23 0 0 0 20 
0 23 0 0 0 20 
17 0 0 0 0 0 
17 0 0 0 0 0 
17 0 0 0 0 0 
17 0 0 0 0 0 
17 0 0 0 0 0 
17 0 0 0 0 0 
17 0 0 0 0 0 
17 0 0 0 0 0 
17 0 0 0 0 0 
17 0 0 0 0 0 
17 0 0 0 0 0 
17 0 0 0 0 0 
17 0 0 0 0 0 
17 0 0 0 0 0 
17 0 0 0 0 0 
0 0 0 21 0 0 
0 0 0 21 0 0 
0 0 0 21 0 0 
0 0 0 21 0 0 
0 0 0 21 0 0 
0 0 0 21 0 0 
0 0 0 21 0 0 
0 0 0 21 0 0 
0 0 0 21 0 0 
0 0 0 21 0 0 
0 0 0 21 0 0 
0 0 0 21 0 0 
0 0 0 21 0 0 
0 0 0 21 0 0 
0 0 0 21 0 0 
0 28 0 0 0 0 
0 28 0 0 0 0 
0 28 0 0 0 0 
0 28 0 0 0 0 
0 28 0 0 0 0 
0 28 0 0 0 0 
0 28 0 0 0 0 
0 28 0 0 0 0 
0 28 0 0 0 0 
0 28 0 0 0 0 
0 28 0 0 0 0 
0 28 0 0 0 0 
0 28 0 0 0 0 
0 28 0 0 0 0 
0 28 0 0 0 0 
0 0 30 0 0 0 
0 0 30 0 0 0 
0 0 30 0 0 0 
0 0 30 0 0 0 
0 0 30 0 0 0 
0 0 30 0 0 0 
0 0 30 0 0 0 
0 0 30 0 0 0 
0 0 30 0 0 0 
0 0 30 0 0 0 
0 0 30 0 0 0 
0 0 30 0 0 0 
0 0 30 0 0 0 
0 0 30 0 0 0 
0 0 30 0 0 0 
30 0 0 0 0 39 
30 0 0 0 0 39 
30 0 0 0 0 39 
30 0 0 0 0 39 
30 0 0 0 0 39 
30 0 0 0 0 39 
30 0 0 0 0 39 
30 0 0 0 0 39 
30 0 0 0 0 39 
30 0 0 0 0 39 
30 0 0 0 0 39 
30 0 0 0 0 39 
30 0 0 0 0 39 
30 0 0 0 0 39 
30 0 0 0 0 39 
0 0 45 0 0 0 
0 0 45 0 0 0 
0 0 45 0 0 0 
0 0 45 0 0 0 
0 0 45 0 0 0 
0 0 45 0 0 0 
0 0 45 0 0 0 
0 0 45 0 0 0 
0 0 45 0 0 0 
0 0 45 0 0 0 
0 0 45 0 0 0 
0 0 45 0 0 0 
0 0 45 0 0 0 
0 0 45 0 0 0 
0 0 45 0 0 0 
0 45 0 0 53 0 
0 45 0 0 53 0 
0 45 0 0 53 0 
0 45 0 0 53 0 
0 45 0 0 53 0 
0 45 0 0 53 0 
0 45 0 0 53 0 
0 45 0 0 53 0 
0 45 0 0 53 0 
0 45 0 0 53 0 
0 45 0 0 53 0 
0 45 0 0 53 0 
0 45 0 0 53 0 
0 45 0 0 53 0 
0 45 0 0 53 0 
0 23 0 0 0 0 
0 23 0 0 0 0 
0 23 0 0 0 0 
0 23 0 0 0 0 
0 23 0 0 0 0 
0 23 0 0 0 0 
0 23 0 0 0 0 
0 23 0 0 0 0 
0 23 0 0 0 0 
0 23 0 0 0 0 
0 23 0 0 0 0 
0 23 0 0 0 0 
0 23 0 0 0 0 
0 23 0 0 0 0 
0 23 0 0 0 0 
0 55 0 0 27 0 
0 55 0 0 27 0 
0 55 0 0 27 0 
0 55 0 0 27 0 
0 55 0 0 27 0 
0 55 0 0 27 0 
0 55 0 0 27 0 
0 55 0 0 27 0 
0 55 0 0 27 0 
0 55 0 0 27 0 
0 55 0 0 27 0 
0 55 0 0 27 0 
0 55 0 0 27 0 
0 55 0 0 27 0 
0 55 0 0 27 0 
21 0 0 0 0 37 
21 0 0 0 0 37 
21 0 0 0 0 37 
21 0 0 0 0 37 
21 0 0 0 0 37 
21 0 0 0 0 37 
21 0 0 0 0 37 
21 0 0 0 0 37 
21 0 0 0 0 37 
21 0 0 0 0 37 
21 0 0 0 0 37 
21 0 0 0 0 37 
21 0 0 0 0 37 
21 0 0 0 0 37 
21 0 0 0 0 37 
0 0 24 0 0 0 
0 0 24 0 0 0 
0 0 24 0 0 0 
0 0 24 0 0 0 
0 0 24 0 0 0 
0 0 24 0 0 0 
0 0 24 0 0 0 
0 0 24 0 0 0 
0 0 24 0 0 0 
0 0 24 0 0 0 
0 0 24 0 0 0 
0 0 24 0 0 0 
0 0 24 0 0 0 
0 0 24 0 0 0 
0 0 24 0 0 0 
0 0 50 0 0 0 
0 0 50 0 0 0 
0 0 50 0 0 0 
0 0 50 0 0 0 
0 0 50 0 0 0 
0 0 50 0 0 0 
0 0 50 0 0 0 
0 0 50 0 0 0 
0 0 50 0 0 0 
0 0 50 0 0 0 
0 0 50 0 0 0 
0 0 50 0 0 0 
0 0 50 0 0 0 
0 0 50 0 0 0 
0 0 50 0 0 0 
43 0 0 0 0 47 
43 0 0 0 0 47 
43 0 0 0 0 47 
43 0 0 0 0 47 
43 0 0 0 0 47 
43 0 0 0 0 47 
43 0 0 0 0 47 
43 0 0 0 0 47 
43 0 0 0 0 47 
43 0 0 0 0 47 
43 0 0 0 0 47 
43 0 0 0 0 47 
43 0 0 0 0 47 
43 0 0 0 0 47 
43 0 0 0 0 47 
0 0 0 0 0 42 
0 0 0 0 0 42 
0 0 0 0 0 42 
0 0 0 0 0 42 
0 0 0 0 0 42 
0 0 0 0 0 42 
0 0 0 0 0 42 
0 0 0 0 0 42 
0 0 0 0 0 42 
0 0 0 0 0 42 
0 0 0 0 0 42 
0 0 0 0 0 42 
0 0 0 0 0 42 
0 0 0 0 0 42 
0 0 0 0 0 42 
0 0 18 0 0 0 
0 0 18 0 0 0 
0 0 18 0 0 0 
0 0 18 0 0 0 
0 0 18 0 0 0 
0 0 18 0 0 0 
0 0 18 0 0 0 
0 0 18 0 0 0 
0 0 18 0 0 0 
0 0 18 0 0 0 
0 0 18 0 0 0 
0 0 18 0 0 0 
0 0 18 0 0 0 
0 0 18 0 0 0 
0 0 18 0 0 0 
0 0 0 0 0 38 
0 0 0 0 0 38 
0 0 0 0 0 38 
0 0 0 0 0 38 
0 0 0 0 0 38 
0 0 0 0 0 38 
0 0 0 0 0 38 
0 0 0 0 0 38 
0 0 0 0 0 38 
0 0 0 0 0 38 
0 0 0 0 0 38 
0 0 0 0 0 38 
0 0 0 0 0 38 
0 0 0 0 0 38 
0 0 0 0 0 38 
60 0 0 0 0 59 
60 0 0 0 0 59 
60 0 0 0 0 59 
60 0 0 0 0 59 
60 0 0 0 0 59 
60 0 0 0 0 59 
60 0 0 0 0 59 
60 0 0 0 0 59 
60 0 0 0 0 59 
60 0 0 0 0 59 
60 0 0 0 0 59 
60 0 0 0 0 59 
60 0 0 0 0 59 
60 0 0 0 0 59 
60 0 0 0 0 59 
0 32 0 28 0 0 
0 32 0 28 0 0 
0 32 0 28 0 0 
0 32 0 28 0 0 
0 32 0 28 0 0 
0 32 0 28 0 0 
0 32 0 28 0 0 
0 32 0 28 0 0 
0 32 0 28 0 0 
0 32 0 28 0 0 
0 32 0 28 0 0 
0 32 0 28 0 0 
0 32 0 28 0 0 
0 32 0 28 0 0 
0 32 0 28 0 0 
0 18 0 0 0 46 
0 18 0 0 0 46 
0 18 0 0 0 46 
0 18 0 0 0 46 
0 18 0 0 0 46 
0 18 0 0 0 46 
0 18 0 0 0 46 
0 18 0 0 0 46 
0 18 0 0 0 46 
0 18 0 0 0 46 
0 18 0 0 0 46 
0 18 0 0 0 46 
0 18 0 0 0 46 
0 18 0 0 0 46 
0 18 0 0 0 46 
0 0 60 36 0 0 
0 0 60 36 0 0 
0 0 60 36 0 0 
0 0 60 36 0 0 
0 0 60 36 0 0 
0 0 60 36 0 0 
0 0 60 36 0 0 
0 0 60 36 0 0 
0 0 60 36 0 0 
0 0 60 36 0 0 
0 0 60 36 0 0 
0 0 60 36 0 0 
0 0 60 36 0 0 
0 0 60 36 0 0 
0 0 60 36 0 0 
0 33 0 0 0 0 
0 33 0 0 0 0 
0 33 0 0 0 0 
0 33 0 0 0 0 
0 33 0 0 0 0 
0 33 0 0 0 0 
0 33 0 0 0 0 
0 33 0 0 0 0 
0 33 0 0 0 0 
0 33 0 0 0 0 
0 33 0 0 0 0 
0 33 0 0 0 0 
0 33 0 0 0 0 
0 33 0 0 0 0 
0 33 0 0 0 0 
0 42 0 0 0 0 
0 42 0 0 0 0 
0 42 0 0 0 0 
0 42 0 0 0 0 
0 42 0 0 0 0 
0 42 0 0 0 0 
0 42 0 0 0 0 
0 42 0 0 0 0 
0 42 0 0 0 0 
0 42 0 0 0 0 
0 42 0 0 0 0 
0 42 0 0 0 0 
0 42 0 0 0 0 
0 42 0 0 0 0 
0 42 0 0 0 0 
0 0 0 0 30 0 
0 0 0 0 30 0 
0 0 0 0 30 0 
0 0 0 0 30 0 
0 0 0 0 30 0 
0 0 0 0 30 0 
0 0 0 0 30 0 
0 0 0 0 30 0 
0 0 0 0 30 0 
0 0 0 0 30 0 
0 0 0 0 30 0 
0 0 0 0 30 0 
0 0 0 0 30 0 
0 0 0 0 30 0 
0 0 0 0 30 0 
0 0 30 0 0 0 
0 0 30 0 0 0 
0 0 30 0 0 0 
0 0 30 0 0 0 
0 0 30 0 0 0 
0 0 30 0 0 0 
0 0 30 0 0 0 
0 0 30 0 0 0 
0 0 30 0 0 0 
0 0 30 0 0 0 
0 0 30 0 0 0 
0 0 30 0 0 0 
0 0 30 0 0 0 
0 0 30 0 0 0 
0 0 30 0 0 0 
0 0 59 0 0 47 
0 0 59 0 0 47 
0 0 59 0 0 47 
0 0 59 0 0 47 
0 0 59 0 0 47 
0 0 59 0 0 47 
0 0 59 0 0 47 
0 0 59 0 0 47 
0 0 59 0 0 47 
0 0 59 0 0 47 
0 0 59 0 0 47 
0 0 59 0 0 47 
0 0 59 0 0 47 
0 0 59 0 0 47 
0 0 59 0 0 47 
0 0 0 0 0 32 
0 0 0 0 0 32 
0 0 0 0 0 32 
0 0 0 0 0 32 
0 0 0 0 0 32 
0 0 0 0 0 32 
0 0 0 0 0 32 
0 0 0 0 0 32 
0 0 0 0 0 32 
0 0 0 0 0 32 
0 0 0 0 0 32 
0 0 0 0 0 32 
0 0 0 0 0 32 
0 0 0 0 0 32 
0 0 0 0 0 32 
45 0 0 0 0 59 
45 0 0 0 0 59 
45 0 0 0 0 59 
45 0 0 0 0 59 
45 0 0 0 0 59 
45 0 0 0 0 59 
45 0 0 0 0 59 
45 0 0 0 0 59 
45 0 0 0 0 59 
45 0 0 0 0 59 
45 0 0 0 0 59 
45 0 0 0 0 59 
45 0 0 0 0 59 
45 0 0 0 0 59 
45 0 0 0 0 59 
0 0 29 0 35 0 
0 0 29 0 35 0 
0 0 29 0 35 0 
0 0 29 0 35 0 
0 0 29 0 35 0 
0 0 29 0 35 0 
0 0 29 0 35 0 
0 0 29 0 35 0 
0 0 29 0 35 0 
0 0 29 0 35 0 
0 0 29 0 35 0 
0 0 29 0 35 0 
0 0 29 0 35 0 
0 0 29 0 35 0 
0 0 29 0 35 0 
0 0 0 0 0 55 
0 0 0 0 0 55 
0 0 0 0 0 55 
0 0 0 0 0 55 
0 0 0 0 0 55 
0 0 0 0 0 55 
0 0 0 0 0 55 
0 0 0 0 0 55 
0 0 0 0 0 55 
0 0 0 0 0 55 
0 0 0 0 0 55 
0 0 0 0 0 55 
0 0 0 0 0 55 
0 0 0 0 0 55 
0 0 0 0 0 55 
0 0 0 0 47 0 
0 0 0 0 47 0 
0 0 0 0 47 0 
0 0 0 0 47 0 
0 0 0 0 47 0 
0 0 0 0 47 0 
0 0 0 0 47 0 
0 0 0 0 47 0 
0 0 0 0 47 0 
0 0 0 0 47 0 
0 0 0 0 47 0 
0 0 0 0 47 0 
0 0 0 0 47 0 
0 0 0 0 47 0 
0 0 0 0 47 0 
0 0 0 0 0 47 
0 0 0 0 0 47 
0 0 0 0 0 47 
0 0 0 0 0 47 
0 0 0 0 0 47 
0 0 0 0 0 47 
0 0 0 0 0 47 
0 0 0 0 0 47 
0 0 0 0 0 47 
0 0 0 0 0 47 
0 0 0 0 0 47 
0 0 0 0 0 47 
0 0 0 0 0 47 
0 0 0 0 0 47 
0 0 0 0 0 47 
0 42 0 0 0 0 
0 42 0 0 0 0 
0 42 0 0 0 0 
0 42 0 0 0 0 
0 42 0 0 0 0 
0 42 0 0 0 0 
0 42 0 0 0 0 
0 42 0 0 0 0 
0 42 0 0 0 0 
0 42 0 0 0 0 
0 42 0 0 0 0 
0 42 0 0 0 0 
0 42 0 0 0 0 
0 42 0 0 0 0 
0 42 0 0 0 0 
25 0 0 0 30 0 
25 0 0 0 30 0 
25 0 0 0 30 0 
25 0 0 0 30 0 
25 0 0 0 30 0 
25 0 0 0 30 0 
25 0 0 0 30 0 
25 0 0 0 30 0 
25 0 0 0 30 0 
25 0 0 0 30 0 
25 0 0 0 30 0 
25 0 0 0 30 0 
25 0 0 0 30 0 
25 0 0 0 30 0 
25 0 0 0 30 0 
0 0 0 34 0 0 
0 0 0 34 0 0 
0 0 0 34 0 0 
0 0 0 34 0 0 
0 0 0 34 0 0 
0 0 0 34 0 0 
0 0 0 34 0 0 
0 0 0 34 0 0 
0 0 0 34 0 0 
0 0 0 34 0 0 
0 0 0 34 0 0 
0 0 0 34 0 0 
0 0 0 34 0 0 
0 0 0 34 0 0 
0 0 0 34 0 0 
0 0 0 0 29 0 
0 0 0 0 29 0 
0 0 0 0 29 0 
0 0 0 0 29 0 
0 0 0 0 29 0 
0 0 0 0 29 0 
0 0 0 0 29 0 
0 0 0 0 29 0 
0 0 0 0 29 0 
0 0 0 0 29 0 
0 0 0 0 29 0 
0 0 0 0 29 0 
0 0 0 0 29 0 
0 0 0 0 29 0 
0 0 0 0 29 0 
0 0 0 0 0 53 
0 0 0 0 0 53 
0 0 0 0 0 53 
0 0 0 0 0 53 
0 0 0 0 0 53 
0 0 0 0 0 53 
0 0 0 0 0 53 
0 0 0 0 0 53 
0 0 0 0 0 53 
0 0 0 0 0 53 
0 0 0 0 0 53 
0 0 0 0 0 53 
0 0 0 0 0 53 
0 0 0 0 0 53 
0 0 0 0 0 53 
0 51 0 0 0 0 
0 51 0 0 0 0 
0 51 0 0 0 0 
0 51 0 0 0 0 
0 51 0 0 0 0 
0 51 0 0 0 0 
0 51 0 0 0 0 
0 51 0 0 0 0 
0 51 0 0 0 0 
0 51 0 0 0 0 
0 51 0 0 0 0 
0 51 0 0 0 0 
0 51 0 0 0 0 
0 51 0 0 0 0 
0 51 0 0 0 0 
0 0 0 0 0 32 
0 0 0 0 0 32 
0 0 0 0 0 32 
0 0 0 0 0 32 
0 0 0 0 0 32 
0 0 0 0 0 32 
0 0 0 0 0 32 
0 0 0 0 0 32 
0 0 0 0 0 32 
0 0 0 0 0 32 
0 0 0 0 0 32 
0 0 0 0 0 32 
0 0 0 0 0 32 
0 0 0 0 0 32 
0 0 0 0 0 32 
0 0 0 22 0 0 
0 0 0 22 0 0 
0 0 0 22 0 0 
0 0 0 22 0 0 
0 0 0 22 0 0 
0 0 0 22 0 0 
0 0 0 22 0 0 
0 0 0 22 0 0 
0 0 0 22 0 0 
0 0 0 22 0 0 
0 0 0 22 0 0 
0 0 0 22 0 0 
0 0 0 22 0 0 
0 0 0 22 0 0 
0 0 0 22 0 0 
0 0 20 50 0 0 
0 0 20 50 0 0 
0 0 20 50 0 0 
0 0 20 50 0 0 
0 0 20 50 0 0 
0 0 20 50 0 0 
0 0 20 50 0 0 
0 0 20 50 0 0 
0 0 20 50 0 0 
0 0 20 50 0 0 
0 0 20 50 0 0 
0 0 20 50 0 0 
0 0 20 50 0 0 
0 0 20 50 0 0 
0 0 20 50 0 0 
0 0 56 0 0 0 
0 0 56 0 0 0 
0 0 56 0 0 0 
0 0 56 0 0 0 
0 0 56 0 0 0 
0 0 56 0 0 0 
0 0 56 0 0 0 
0 0 56 0 0 0 
0 0 56 0 0 0 
0 0 56 0 0 0 
0 0 56 0 0 0 
0 0 56 0 0 0 
0 0 56 0 0 0 
0 0 56 0 0 0 
0 0 56 0 0 0 
0 0 0 35 0 0 
0 0 0 35 0 0 
0 0 0 35 0 0 
0 0 0 35 0 0 
0 0 0 35 0 0 
0 0 0 35 0 0 
0 0 0 35 0 0 
0 0 0 35 0 0 
0 0 0 35 0 0 
0 0 0 35 0 0 
0 0 0 35 0 0 
0 0 0 35 0 0 
0 0 0 35 0 0 
0 0 0 35 0 0 
0 0 0 35 0 0 
0 0 0 0 54 0 
0 0 0 0 54 0 
0 0 0 0 54 0 
0 0 0 0 54 0 
0 0 0 0 54 0 
0 0 0 0 54 0 
0 0 0 0 54 0 
0 0 0 0 54 0 
0 0 0 0 54 0 
0 0 0 0 54 0 
0 0 0 0 54 0 
0 0 0 0 54 0 
0 0 0 0 54 0 
0 0 0 0 54 0 
0 0 0 0 54 0 
0 0 31 0 0 0 
0 0 31 0 0 0 
0 0 31 0 0 0 
0 0 31 0 0 0 
0 0 31 0 0 0 
0 0 31 0 0 0 
0 0 31 0 0 0 
0 0 31 0 0 0 
0 0 31 0 0 0 
0 0 31 0 0 0 
0 0 31 0 0 0 
0 0 31 0 0 0 
0 0 31 0 0 0 
0 0 31 0 0 0 
0 0 31 0 0 0 
0 0 0 37 0 0 
0 0 0 37 0 0 
0 0 0 37 0 0 
0 0 0 37 0 0 
0 0 0 37 0 0 
0 0 0 37 0 0 
0 0 0 37 0 0 
0 0 0 37 0 0 
0 0 0 37 0 0 
0 0 0 37 0 0 
0 0 0 37 0 0 
0 0 0 37 0 0 
0 0 0 37 0 0 
0 0 0 37 0 0 
0 0 0 37 0 0 
51 0 0 21 0 0 
51 0 0 21 0 0 
51 0 0 21 0 0 
51 0 0 21 0 0 
51 0 0 21 0 0 
51 0 0 21 0 0 
51 0 0 21 0 0 
51 0 0 21 0 0 
51 0 0 21 0 0 
51 0 0 21 0 0 
51 0 0 21 0 0 
51 0 0 21 0 0 
51 0 0 21 0 0 
51 0 0 21 0 0 
51 0 0 21 0 0 
0 21 0 0 39 0 
0 21 0 0 39 0 
0 21 0 0 39 0 
0 21 0 0 39 0 
0 21 0 0 39 0 
0 21 0 0 39 0 
0 21 0 0 39 0 
0 21 0 0 39 0 
0 21 0 0 39 0 
0 21 0 0 39 0 
0 21 0 0 39 0 
0 21 0 0 39 0 
0 21 0 0 39 0 
0 21 0 0 39 0 
0 21 0 0 39 0 
0 0 0 59 0 0 
0 0 0 59 0 0 
0 0 0 59 0 0 
0 0 0 59 0 0 
0 0 0 59 0 0 
0 0 0 59 0 0 
0 0 0 59 0 0 
0 0 0 59 0 0 
0 0 0 59 0 0 
0 0 0 59 0 0 
0 0 0 59 0 0 
0 0 0 59 0 0 
0 0 0 59 0 0 
0 0 0 59 0 0 
0 0 0 59 0 0 
0 57 0 0 0 0 
0 57 0 0 0 0 
0 57 0 0 0 0 
0 57 0 0 0 0 
0 57 0 0 0 0 
0 57 0 0 0 0 
0 57 0 0 0 0 
0 57 0 0 0 0 
0 57 0 0 0 0 
0 57 0 0 0 0 
0 57 0 0 0 0 
0 57 0 0 0 0 
0 57 0 0 0 0 
0 57 0 0 0 0 
0 57 0 0 0 0 
0 0 0 51 0 0 
0 0 0 51 0 0 
0 0 0 51 0 0 
0 0 0 51 0 0 
0 0 0 51 0 0 
0 0 0 51 0 0 
0 0 0 51 0 0 
0 0 0 51 0 0 
0 0 0 51 0 0 
0 0 0 51 0 0 
0 0 0 51 0 0 
0 0 0 51 0 0 
0 0 0 51 0 0 
0 0 0 51 0 0 
0 0 0 51 0 0 
0 37 0 0 0 0 
0 37 0 0 0 0 
0 37 0 0 0 0 
0 37 0 0 0 0 
0 37 0 0 0 0 
0 37 0 0 0 0 
0 37 0 0 0 0 
0 37 0 0 0 0 
0 37 0 0 0 0 
0 37 0 0 0 0 
0 37 0 0 0 0 
0 37 0 0 0 0 
0 37 0 0 0 0 
0 37 0 0 0 0 
0 37 0 0 0 0 
0 0 22 0 0 0 
0 0 22 0 0 0 
0 0 22 0 0 0 
0 0 22 0 0 0 
0 0 22 0 0 0 
0 0 22 0 0 0 
0 0 22 0 0 0 
0 0 22 0 0 0 
0 0 22 0 0 0 
0 0 22 0 0 0 
0 0 22 0 0 0 
0 0 22 0 0 0 
0 0 22 0 0 0 
0 0 22 0 0 0 
0 0 22 0 0 0 
0 0 0 24 0 0 
0 0 0 24 0 0 
0 0 0 24 0 0 
0 0 0 24 0 0 
0 0 0 24 0 0 
0 0 0 24 0 0 
0 0 0 24 0 0 
0 0 0 24 0 0 
0 0 0 24 0 0 
0 0 0 24 0 0 
0 0 0 24 0 0 
0 0 0 24 0 0 
0 0 0 24 0 0 
0 0 0 24 0 0 
0 0 0 24 0 0 
0 0 0 0 0 47 
0 0 0 0 0 47 
0 0 0 0 0 47 
0 0 0 0 0 47 
0 0 0 0 0 47 
0 0 0 0 0 47 
0 0 0 0 0 47 
0 0 0 0 0 47 
0 0 0 0 0 47 
0 0 0 0 0 47 
0 0 0 0 0 47 
0 0 0 0 0 47 
0 0 0 0 0 47 
0 0 0 0 0 47 
0 0 0 0 0 47 
0 0 59 0 0 0 
0 0 59 0 0 0 
0 0 59 0 0 0 
0 0 59 0 0 0 
0 0 59 0 0 0 
0 0 59 0 0 0 
0 0 59 0 0 0 
0 0 59 0 0 0 
0 0 59 0 0 0 
0 0 59 0 0 0 
0 0 59 0 0 0 
0 0 59 0 0 0 
0 0 59 0 0 0 
0 0 59 0 0 0 
0 0 59 0 0 0 
0 0 0 24 0 0 
0 0 0 24 0 0 
0 0 0 24 0 0 
0 0 0 24 0 0 
0 0 0 24 0 0 
0 0 0 24 0 0 
0 0 0 24 0 0 
0 0 0 24 0 0 
0 0 0 24 0 0 
0 0 0 24 0 0 
0 0 0 24 0 0 
0 0 0 24 0 0 
0 0 0 24 0 0 
0 0 0 24 0 0 
0 0 0 24 0 0 
0 0 46 0 0 36 
0 0 46 0 0 36 
0 0 46 0 0 36 
0 0 46 0 0 36 
0 0 46 0 0 36 
0 0 46 0 0 36 
0 0 46 0 0 36 
0 0 46 0 0 36 
0 0 46 0 0 36 
0 0 46 0 0 36 
0 0 46 0 0 36 
0 0 46 0 0 36 
0 0 46 0 0 36 
0 0 46 0 0 36 
0 0 46 0 0 36 
0 0 57 0 15 0 
0 0 57 0 15 0 
0 0 57 0 15 0 
0 0 57 0 15 0 
0 0 57 0 15 0 
0 0 57 0 15 0 
0 0 57 0 15 0 
0 0 57 0 15 0 
0 0 57 0 15 0 
0 0 57 0 15 0 
0 0 57 0 15 0 
0 0 57 0 15 0 
0 0 57 0 15 0 
0 0 57 0 15 0 
0 0 57 0 15 0 
0 54 0 0 0 57 
0 54 0 0 0 57 
0 54 0 0 0 57 
0 54 0 0 0 57 
0 54 0 0 0 57 
0 54 0 0 0 57 
0 54 0 0 0 57 
0 54 0 0 0 57 
0 54 0 0 0 57 
0 54 0 0 0 57 
0 54 0 0 0 57 
0 54 0 0 0 57 
0 54 0 0 0 57 
0 54 0 0 0 57 
0 54 0 0 0 57 
0.0 0.0 0.0 0.0 0.0 0.0 
0.0 0.0 0.0 0.0 0.0 0.0 
0.0 0.0 0.0 0.0 0.0 0.0 
0.0 0.0 0.0 0.0 0.0 0.0 
0.0 0.0 0.0 0.0 0.0 0.0 
0.0 0.0 0.0 0.0 0.0 0.0 
0.0 0.0 0.0 0.0 0.0 0.0 
0.0 0.0 0.0 0.0 0.0 0.0 
0.0 0.0 0.0 0.0 0.0 0.0 
0.0 0.0 0.0 0.0 0.0 0.0 
0.0 0.0 0.0 0.0 0.0 0.0 
0.0 0.0 0.0 0.0 0.0 0.0 
0.0 0.0 0.0 0.0 0.0 0.0 
0.0 0.0 0.0 0.0 0.0 0.0 
0.0 0.0 0.0 0.0 0.0 0.0 
mind
0 0 0 13 0 0 0 0 0 0 0 14 0 0 0 0 0 0 0 0 0 11 0 18 0 0 0 0 0 0 0 0 0 27 0 15 12 0 0 0 0 0 0 21 13 0 0 0 0 12 0 0 0 0 0 0 0 0 0 0 0 0 15 0 0 0 0 0 0 0 0 0 0 0 0 29 0
maxd
0 0 0 15 0 0 0 0 0 0 0 18 0 0 0 0 0 0 0 0 0 25 0 24 0 0 0 0 0 0 0 0 0 29 0 26 29 0 0 0 0 0 0 21 25 0 0 0 0 26 0 0 0 0 0 0 0 0 0 0 0 0 16 0 0 0 0 0 0 0 0 0 0 0 0 30 0
e
0 778 693 735 854 695 486 704 704 757 803 785 819 588 860 947 830 601 778 800 531 553 902 738 952 755 553 790 545 572 509 886 744 523 910 876 709 599 590 810 874 896 606 503 710 704 640 530 869 601 668 547 795 807 960 585 670 514 723 579 650 817 546 945 645 930 952 821 511 641 780 798 526 776 842 706 0
l
99999 898 813 855 974 815 606 824 824 877 923 905 939 708 980 1067 950 721 898 920 651 673 1022 858 1072 875 673 910 665 692 629 1006 864 643 1030 996 829 719 710 930 994 1016 726 623 830 824 760 650 989 721 788 667 915 927 1080 705 790 634 843 699 770 937 666 1065 765 1050 1072 941 631 761 900 918 646 896 962 826 99999
