nbNodes
77
nbVehi
15
nbServi
6
r
1 1 1 1 1 1 
0 0 1 1 0 0 
0 0 0 0 1 0 
0 1 0 0 1 0 
1 0 0 0 0 0 
0 0 0 0 0 1 
0 1 0 0 0 0 
1 0 0 1 0 0 
1 0 0 0 0 0 
0 0 0 0 0 1 
1 0 0 1 0 0 
0 0 0 1 0 0 
0 0 0 1 0 0 
0 1 0 0 0 0 
0 0 0 1 0 0 
0 0 0 0 0 1 
0 1 0 0 1 0 
0 0 0 0 1 0 
0 1 0 1 0 0 
0 1 0 1 0 0 
1 0 0 0 0 1 
0 1 0 0 1 0 
0 0 0 0 0 1 
0 0 0 0 0 1 
0 0 1 0 1 0 
0 0 1 1 0 0 
1 0 0 0 0 0 
0 0 1 0 0 0 
1 0 0 0 1 0 
0 0 0 1 0 0 
0 0 0 0 1 0 
0 0 0 0 1 0 
0 0 0 0 1 0 
0 0 0 0 1 0 
0 0 0 1 0 0 
0 0 0 0 1 0 
0 0 0 0 1 0 
0 0 1 0 0 0 
0 0 0 1 0 0 
0 1 0 0 1 0 
0 0 1 0 0 1 
0 0 1 1 0 0 
1 0 0 0 1 0 
0 0 0 0 0 1 
0 0 1 0 0 0 
0 0 1 1 0 0 
1 0 0 0 0 0 
0 0 0 0 1 0 
1 0 0 1 0 0 
0 0 0 0 1 0 
0 0 0 0 1 0 
0 0 0 0 0 1 
0 0 0 0 1 0 
1 0 0 0 0 0 
0 0 0 1 0 0 
0 0 1 0 0 0 
0 1 0 0 0 0 
0 0 0 0 1 0 
1 0 0 0 0 0 
0 1 0 0 0 1 
0 1 0 0 0 0 
0 1 0 0 0 0 
0 0 1 0 1 0 
0 1 0 0 0 0 
0 0 1 0 0 0 
0 0 0 1 0 0 
1 0 0 0 0 0 
0 0 0 0 1 0 
0 0 1 0 1 0 
0 0 1 1 0 0 
0 1 0 0 0 0 
0 0 1 0 1 0 
1 0 0 0 0 0 
0 0 1 1 0 0 
0 0 0 0 0 1 
0 0 0 1 0 0 
1 1 1 1 1 1 
DS
2 4 8 11 17 19 20 21 22 25 26 29 40 41 42 43 46 49 60 63 69 70 72 74 
a
0 1 1 0 0 0 
0 0 1 0 0 0 
1 0 1 0 0 0 
1 1 0 0 0 0 
1 0 0 0 0 0 
1 1 1 0 0 0 
1 1 0 0 0 0 
0 0 0 0 1 0 
0 0 0 1 0 0 
0 0 0 1 0 1 
0 0 0 0 1 1 
0 0 0 1 1 1 
0 0 0 1 1 1 
0 0 0 0 1 0 
0 0 0 0 1 0 
x
-30.0095 -30.0394 -30.076 -30.0384 -30.0729 -30.0263 -30.0239 -30.0462 -30.0237 -30.0991 -29.991 -30.0175 -30.0468 -30.0711 -30.0797 -30.0798 -30.0649 -29.9817 -30.0134 -30.0181 -29.982 -30.0227 -30 -30.0329 -30.0506 -29.9838 -29.9853 -29.9869 -30.0267 -30.0175 -29.9947 -30.0837 -30.1389 -30.0959 -30.0599 -29.9863 -29.9808 -30.032 -30.0054 -30.049 -30.0001 -30.0459 -29.9918 -29.9794 -30.1596 -30.0321 -30.1081 -30.0255 -30.069 -30.1532 -30.0103 -30.0181 -30.0158 -30.0625 -30.0317 -30.0382 -30.151 -30.0587 -30.0884 -29.998 -30.1188 -30.0371 -30.0095 -29.9755 -30.0848 -30.1473 -30.0794 -30.0775 -30.0149 -30.1273 -30.0673 -30.0726 -30.0199 -30.1197 -30.1137 -30.1311 -30.0095
y
-51.1668 -51.1558 -51.1695 -51.1847 -51.1634 -51.2071 -51.1242 -51.1927 -51.0871 -51.1279 -51.1296 -51.1014 -51.1833 -51.1749 -51.166 -51.1737 -51.157 -51.135 -51.2006 -51.1277 -51.1955 -51.1076 -51.1427 -51.1169 -51.1666 -51.1367 -51.1959 -51.1346 -51.1079 -51.1019 -51.1036 -51.1731 -51.2276 -51.1735 -51.181 -51.1284 -51.133 -51.1525 -51.1011 -51.1729 -51.092 -51.2035 -51.1055 -51.1359 -51.1774 -51.1897 -51.2156 -51.1046 -51.1682 -51.1369 -51.1203 -51.0952 -51.1097 -51.1611 -51.1156 -51.1729 -51.1069 -51.1908 -51.2171 -51.1249 -51.1576 -51.1542 -51.1668 -51.1148 -51.2219 -51.1291 -51.1973 -51.1727 -51.1114 -51.2056 -51.1501 -51.1716 -51.2125 -51.151 -51.1544 -51.2245 -51.1668
d
0.00000 9.00000 15.00000 10.00000 17.00000 10.00000 11.00000 12.00000 18.00000 22.00000 9.00000 13.00000 12.00000 17.00000 18.00000 20.00000 14.00000 12.00000 7.00000 9.00000 10.00000 12.00000 7.00000 14.00000 10.00000 12.00000 10.00000 11.00000 13.00000 12.00000 14.00000 23.00000 29.00000 26.00000 15.00000 10.00000 12.00000 8.00000 15.00000 9.00000 16.00000 12.00000 13.00000 13.00000 39.00000 8.00000 25.00000 13.00000 13.00000 39.00000 12.00000 14.00000 11.00000 13.00000 14.00000 7.00000 38.00000 14.00000 20.00000 9.00000 30.00000 7.00000 0.00000 16.00000 21.00000 37.00000 18.00000 18.00000 12.00000 30.00000 14.00000 15.00000 9.00000 31.00000 29.00000 27.00000 0.00000
11.00000 0.00000 12.00000 9.00000 14.00000 14.00000 11.00000 10.00000 18.00000 17.00000 13.00000 15.00000 8.00000 14.00000 15.00000 17.00000 10.00000 16.00000 12.00000 11.00000 16.00000 13.00000 11.00000 10.00000 7.00000 16.00000 15.00000 15.00000 13.00000 15.00000 18.00000 20.00000 26.00000 23.00000 12.00000 14.00000 16.00000 5.00000 17.00000 6.00000 19.00000 12.00000 16.00000 17.00000 36.00000 10.00000 22.00000 14.00000 10.00000 35.00000 14.00000 15.00000 14.00000 9.00000 10.00000 5.00000 34.00000 11.00000 17.00000 13.00000 26.00000 2.00000 11.00000 20.00000 18.00000 33.00000 15.00000 14.00000 14.00000 27.00000 9.00000 12.00000 14.00000 26.00000 25.00000 24.00000 11.00000
18.00000 13.00000 0.00000 14.00000 5.00000 17.00000 18.00000 12.00000 25.00000 15.00000 22.00000 22.00000 11.00000 6.00000 3.00000 6.00000 6.00000 25.00000 17.00000 20.00000 21.00000 20.00000 20.00000 17.00000 8.00000 25.00000 21.00000 24.00000 20.00000 22.00000 25.00000 8.00000 23.00000 16.00000 8.00000 23.00000 25.00000 14.00000 24.00000 8.00000 26.00000 11.00000 23.00000 26.00000 32.00000 15.00000 19.00000 21.00000 3.00000 32.00000 21.00000 22.00000 21.00000 6.00000 17.00000 10.00000 31.00000 8.00000 14.00000 22.00000 24.00000 12.00000 18.00000 27.00000 14.00000 30.00000 11.00000 4.00000 21.00000 23.00000 7.00000 2.00000 18.00000 24.00000 23.00000 21.00000 18.00000
10.00000 9.00000 12.00000 0.00000 13.00000 9.00000 15.00000 5.00000 21.00000 19.00000 16.00000 19.00000 4.00000 12.00000 14.00000 15.00000 10.00000 19.00000 8.00000 15.00000 13.00000 16.00000 14.00000 14.00000 8.00000 19.00000 13.00000 18.00000 16.00000 18.00000 21.00000 19.00000 24.00000 20.00000 9.00000 17.00000 19.00000 9.00000 20.00000 6.00000 22.00000 6.00000 19.00000 20.00000 33.00000 4.00000 20.00000 17.00000 10.00000 36.00000 17.00000 18.00000 17.00000 10.00000 14.00000 5.00000 35.00000 7.00000 15.00000 16.00000 27.00000 8.00000 10.00000 19.00000 15.00000 34.00000 13.00000 13.00000 18.00000 24.00000 11.00000 11.00000 10.00000 28.00000 26.00000 22.00000 10.00000
19.00000 13.00000 5.00000 15.00000 0.00000 18.00000 17.00000 13.00000 24.00000 14.00000 23.00000 21.00000 12.00000 9.00000 7.00000 10.00000 5.00000 26.00000 18.00000 19.00000 22.00000 19.00000 20.00000 16.00000 9.00000 25.00000 21.00000 24.00000 19.00000 21.00000 24.00000 12.00000 25.00000 20.00000 9.00000 23.00000 25.00000 14.00000 23.00000 9.00000 25.00000 13.00000 23.00000 26.00000 34.00000 16.00000 21.00000 20.00000 4.00000 31.00000 20.00000 21.00000 20.00000 6.00000 17.00000 11.00000 30.00000 10.00000 16.00000 22.00000 23.00000 12.00000 19.00000 27.00000 17.00000 29.00000 14.00000 8.00000 20.00000 25.00000 6.00000 6.00000 20.00000 23.00000 22.00000 23.00000 19.00000
10.00000 13.00000 15.00000 8.00000 16.00000 0.00000 18.00000 7.00000 25.00000 22.00000 17.00000 20.00000 9.00000 13.00000 17.00000 16.00000 13.00000 20.00000 5.00000 16.00000 11.00000 20.00000 15.00000 18.00000 12.00000 19.00000 10.00000 19.00000 20.00000 20.00000 21.00000 20.00000 23.00000 19.00000 10.00000 18.00000 19.00000 12.00000 23.00000 10.00000 24.00000 6.00000 20.00000 20.00000 32.00000 5.00000 19.00000 21.00000 13.00000 36.00000 19.00000 22.00000 19.00000 13.00000 18.00000 9.00000 38.00000 8.00000 14.00000 17.00000 27.00000 12.00000 10.00000 16.00000 15.00000 37.00000 12.00000 14.00000 19.00000 23.00000 14.00000 13.00000 5.00000 28.00000 29.00000 21.00000 10.00000
12.00000 10.00000 18.00000 15.00000 17.00000 20.00000 0.00000 16.00000 10.00000 19.00000 9.00000 7.00000 15.00000 19.00000 20.00000 22.00000 13.00000 12.00000 17.00000 3.00000 20.00000 4.00000 9.00000 6.00000 13.00000 12.00000 19.00000 11.00000 5.00000 6.00000 9.00000 25.00000 32.00000 29.00000 17.00000 10.00000 11.00000 10.00000 8.00000 13.00000 10.00000 18.00000 8.00000 13.00000 41.00000 16.00000 28.00000 5.00000 16.00000 37.00000 5.00000 6.00000 5.00000 12.00000 5.00000 12.00000 36.00000 18.00000 23.00000 7.00000 28.00000 9.00000 12.00000 14.00000 24.00000 35.00000 22.00000 20.00000 6.00000 33.00000 11.00000 17.00000 19.00000 28.00000 27.00000 31.00000 12.00000
12.00000 9.00000 11.00000 5.00000 13.00000 8.00000 15.00000 0.00000 22.00000 18.00000 19.00000 19.00000 4.00000 10.00000 14.00000 13.00000 10.00000 22.00000 9.00000 16.00000 15.00000 17.00000 17.00000 14.00000 8.00000 21.00000 15.00000 20.00000 17.00000 19.00000 22.00000 17.00000 21.00000 18.00000 6.00000 19.00000 21.00000 10.00000 21.00000 6.00000 23.00000 4.00000 21.00000 22.00000 31.00000 5.00000 17.00000 18.00000 9.00000 35.00000 18.00000 19.00000 18.00000 10.00000 15.00000 7.00000 34.00000 4.00000 12.00000 19.00000 26.00000 9.00000 12.00000 21.00000 13.00000 34.00000 10.00000 10.00000 18.00000 22.00000 10.00000 10.00000 10.00000 27.00000 26.00000 19.00000 12.00000
18.00000 17.00000 25.00000 22.00000 24.00000 26.00000 10.00000 23.00000 0.00000 26.00000 15.00000 10.00000 22.00000 26.00000 27.00000 29.00000 20.00000 18.00000 23.00000 11.00000 26.00000 7.00000 15.00000 11.00000 20.00000 18.00000 25.00000 17.00000 7.00000 9.00000 13.00000 32.00000 39.00000 36.00000 24.00000 16.00000 18.00000 18.00000 11.00000 20.00000 11.00000 25.00000 13.00000 19.00000 48.00000 23.00000 35.00000 7.00000 23.00000 42.00000 11.00000 4.00000 9.00000 19.00000 10.00000 19.00000 40.00000 25.00000 30.00000 13.00000 35.00000 16.00000 18.00000 20.00000 31.00000 40.00000 29.00000 27.00000 9.00000 40.00000 18.00000 24.00000 25.00000 35.00000 34.00000 38.00000 18.00000
24.00000 17.00000 16.00000 20.00000 15.00000 23.00000 20.00000 18.00000 26.00000 0.00000 26.00000 24.00000 17.00000 17.00000 19.00000 20.00000 11.00000 29.00000 24.00000 21.00000 27.00000 21.00000 24.00000 19.00000 14.00000 29.00000 27.00000 28.00000 21.00000 23.00000 26.00000 24.00000 28.00000 15.00000 15.00000 27.00000 29.00000 18.00000 25.00000 14.00000 27.00000 19.00000 25.00000 30.00000 27.00000 21.00000 25.00000 22.00000 15.00000 20.00000 22.00000 23.00000 22.00000 10.00000 19.00000 16.00000 19.00000 16.00000 22.00000 24.00000 14.00000 16.00000 24.00000 31.00000 22.00000 18.00000 19.00000 18.00000 23.00000 24.00000 9.00000 16.00000 25.00000 13.00000 13.00000 26.00000 24.00000
9.00000 15.00000 22.00000 16.00000 24.00000 17.00000 9.00000 18.00000 16.00000 26.00000 0.00000 11.00000 18.00000 23.00000 25.00000 27.00000 20.00000 4.00000 14.00000 7.00000 15.00000 10.00000 5.00000 13.00000 17.00000 4.00000 14.00000 3.00000 11.00000 10.00000 8.00000 29.00000 36.00000 32.00000 21.00000 2.00000 4.00000 13.00000 10.00000 16.00000 10.00000 19.00000 6.00000 5.00000 45.00000 14.00000 32.00000 12.00000 20.00000 43.00000 7.00000 12.00000 10.00000 19.00000 12.00000 14.00000 42.00000 20.00000 26.00000 3.00000 34.00000 13.00000 9.00000 9.00000 27.00000 41.00000 25.00000 24.00000 10.00000 36.00000 18.00000 22.00000 16.00000 35.00000 33.00000 34.00000 9.00000
16.00000 15.00000 23.00000 20.00000 22.00000 23.00000 8.00000 21.00000 8.00000 24.00000 13.00000 0.00000 20.00000 24.00000 25.00000 27.00000 18.00000 16.00000 21.00000 9.00000 23.00000 5.00000 13.00000 10.00000 18.00000 15.00000 23.00000 15.00000 6.00000 1.00000 8.00000 30.00000 38.00000 34.00000 22.00000 14.00000 15.00000 16.00000 6.00000 18.00000 7.00000 24.00000 9.00000 16.00000 46.00000 21.00000 34.00000 6.00000 21.00000 39.00000 9.00000 5.00000 5.00000 18.00000 9.00000 17.00000 38.00000 23.00000 28.00000 11.00000 33.00000 14.00000 16.00000 16.00000 29.00000 37.00000 27.00000 25.00000 5.00000 38.00000 16.00000 22.00000 23.00000 33.00000 32.00000 36.00000 16.00000
11.00000 8.00000 9.00000 6.00000 10.00000 10.00000 14.00000 3.00000 21.00000 16.00000 17.00000 18.00000 0.00000 10.00000 11.00000 13.00000 7.00000 21.00000 11.00000 15.00000 15.00000 15.00000 15.00000 13.00000 5.00000 20.00000 14.00000 19.00000 16.00000 17.00000 20.00000 16.00000 20.00000 17.00000 6.00000 18.00000 20.00000 9.00000 19.00000 3.00000 21.00000 7.00000 19.00000 21.00000 30.00000 7.00000 16.00000 17.00000 7.00000 33.00000 16.00000 17.00000 17.00000 7.00000 13.00000 5.00000 32.00000 5.00000 11.00000 17.00000 25.00000 7.00000 11.00000 20.00000 12.00000 31.00000 9.00000 11.00000 17.00000 21.00000 8.00000 8.00000 11.00000 25.00000 24.00000 18.00000 11.00000
17.00000 14.00000 6.00000 12.00000 9.00000 15.00000 19.00000 10.00000 26.00000 16.00000 23.00000 23.00000 9.00000 0.00000 8.00000 7.00000 7.00000 26.00000 15.00000 21.00000 20.00000 21.00000 21.00000 18.00000 9.00000 26.00000 20.00000 25.00000 21.00000 23.00000 26.00000 11.00000 21.00000 17.00000 7.00000 24.00000 26.00000 15.00000 25.00000 9.00000 27.00000 9.00000 25.00000 27.00000 30.00000 13.00000 17.00000 22.00000 6.00000 33.00000 22.00000 23.00000 22.00000 8.00000 19.00000 11.00000 32.00000 6.00000 11.00000 23.00000 25.00000 13.00000 17.00000 26.00000 12.00000 31.00000 9.00000 4.00000 22.00000 21.00000 8.00000 5.00000 16.00000 25.00000 24.00000 19.00000 17.00000
20.00000 15.00000 3.00000 16.00000 7.00000 19.00000 21.00000 14.00000 27.00000 17.00000 25.00000 24.00000 13.00000 8.00000 0.00000 7.00000 8.00000 28.00000 20.00000 22.00000 23.00000 22.00000 23.00000 20.00000 11.00000 27.00000 23.00000 26.00000 22.00000 24.00000 27.00000 9.00000 25.00000 16.00000 10.00000 25.00000 27.00000 16.00000 26.00000 10.00000 28.00000 14.00000 26.00000 28.00000 31.00000 17.00000 21.00000 23.00000 5.00000 34.00000 23.00000 24.00000 23.00000 9.00000 20.00000 13.00000 34.00000 10.00000 16.00000 25.00000 24.00000 14.00000 20.00000 29.00000 17.00000 33.00000 14.00000 5.00000 23.00000 26.00000 9.00000 4.00000 21.00000 25.00000 25.00000 23.00000 20.00000
20.00000 17.00000 6.00000 16.00000 10.00000 18.00000 23.00000 13.00000 29.00000 19.00000 26.00000 26.00000 12.00000 7.00000 7.00000 0.00000 10.00000 29.00000 19.00000 24.00000 23.00000 24.00000 24.00000 21.00000 13.00000 29.00000 23.00000 28.00000 24.00000 26.00000 29.00000 8.00000 24.00000 16.00000 10.00000 27.00000 29.00000 18.00000 28.00000 12.00000 30.00000 12.00000 28.00000 30.00000 32.00000 16.00000 20.00000 25.00000 7.00000 34.00000 25.00000 26.00000 25.00000 11.00000 22.00000 14.00000 36.00000 9.00000 15.00000 26.00000 25.00000 16.00000 20.00000 29.00000 15.00000 35.00000 12.00000 3.00000 25.00000 24.00000 11.00000 6.00000 20.00000 26.00000 26.00000 22.00000 20.00000
17.00000 10.00000 9.00000 13.00000 6.00000 17.00000 13.00000 11.00000 20.00000 10.00000 19.00000 17.00000 10.00000 10.00000 11.00000 13.00000 0.00000 22.00000 17.00000 14.00000 20.00000 14.00000 17.00000 12.00000 7.00000 22.00000 20.00000 21.00000 14.00000 16.00000 19.00000 16.00000 23.00000 19.00000 8.00000 20.00000 22.00000 11.00000 18.00000 7.00000 20.00000 11.00000 18.00000 23.00000 32.00000 14.00000 19.00000 15.00000 7.00000 27.00000 15.00000 16.00000 15.00000 3.00000 12.00000 10.00000 26.00000 8.00000 14.00000 18.00000 18.00000 9.00000 17.00000 24.00000 15.00000 25.00000 13.00000 11.00000 16.00000 24.00000 2.00000 8.00000 18.00000 19.00000 17.00000 22.00000 17.00000
11.00000 18.00000 25.00000 19.00000 26.00000 20.00000 12.00000 21.00000 19.00000 29.00000 4.00000 14.00000 21.00000 26.00000 27.00000 29.00000 23.00000 0.00000 17.00000 10.00000 17.00000 13.00000 7.00000 16.00000 20.00000 2.00000 17.00000 2.00000 14.00000 13.00000 10.00000 32.00000 38.00000 35.00000 24.00000 3.00000 1.00000 16.00000 12.00000 19.00000 13.00000 22.00000 9.00000 2.00000 48.00000 17.00000 34.00000 15.00000 23.00000 46.00000 10.00000 15.00000 13.00000 22.00000 15.00000 17.00000 45.00000 23.00000 29.00000 6.00000 37.00000 16.00000 11.00000 11.00000 30.00000 44.00000 27.00000 27.00000 13.00000 39.00000 21.00000 25.00000 18.00000 38.00000 36.00000 37.00000 11.00000
8.00000 15.00000 18.00000 10.00000 19.00000 7.00000 17.00000 10.00000 23.00000 25.00000 15.00000 19.00000 12.00000 17.00000 20.00000 20.00000 16.00000 17.00000 0.00000 15.00000 7.00000 18.00000 11.00000 20.00000 14.00000 16.00000 6.00000 15.00000 19.00000 18.00000 19.00000 24.00000 27.00000 24.00000 14.00000 15.00000 17.00000 14.00000 21.00000 12.00000 22.00000 10.00000 18.00000 17.00000 37.00000 8.00000 23.00000 19.00000 16.00000 40.00000 17.00000 20.00000 17.00000 16.00000 20.00000 11.00000 41.00000 12.00000 18.00000 15.00000 31.00000 13.00000 8.00000 14.00000 19.00000 40.00000 16.00000 18.00000 18.00000 28.00000 17.00000 17.00000 5.00000 32.00000 33.00000 25.00000 8.00000
10.00000 11.00000 19.00000 16.00000 18.00000 18.00000 3.00000 17.00000 10.00000 20.00000 8.00000 8.00000 16.00000 20.00000 21.00000 23.00000 14.00000 11.00000 15.00000 0.00000 18.00000 5.00000 7.00000 8.00000 14.00000 10.00000 17.00000 10.00000 6.00000 7.00000 10.00000 26.00000 34.00000 30.00000 18.00000 9.00000 10.00000 9.00000 9.00000 14.00000 11.00000 19.00000 9.00000 11.00000 42.00000 15.00000 30.00000 6.00000 17.00000 38.00000 6.00000 7.00000 6.00000 14.00000 7.00000 13.00000 37.00000 19.00000 24.00000 6.00000 29.00000 9.00000 10.00000 14.00000 25.00000 36.00000 23.00000 21.00000 6.00000 34.00000 12.00000 18.00000 17.00000 29.00000 28.00000 32.00000 10.00000
10.00000 17.00000 21.00000 13.00000 22.00000 10.00000 19.00000 15.00000 26.00000 28.00000 16.00000 21.00000 15.00000 21.00000 23.00000 25.00000 19.00000 18.00000 9.00000 17.00000 0.00000 21.00000 13.00000 23.00000 17.00000 18.00000 2.00000 17.00000 21.00000 21.00000 17.00000 28.00000 31.00000 28.00000 18.00000 17.00000 18.00000 16.00000 19.00000 15.00000 20.00000 14.00000 16.00000 19.00000 41.00000 12.00000 27.00000 22.00000 19.00000 45.00000 18.00000 23.00000 20.00000 19.00000 22.00000 14.00000 44.00000 16.00000 22.00000 16.00000 35.00000 16.00000 10.00000 12.00000 23.00000 43.00000 20.00000 22.00000 20.00000 32.00000 20.00000 21.00000 8.00000 36.00000 36.00000 29.00000 10.00000
13.00000 11.00000 19.00000 17.00000 19.00000 20.00000 4.00000 18.00000 7.00000 21.00000 10.00000 5.00000 17.00000 21.00000 22.00000 24.00000 15.00000 13.00000 17.00000 5.00000 20.00000 0.00000 10.00000 5.00000 15.00000 12.00000 20.00000 11.00000 1.00000 4.00000 9.00000 27.00000 34.00000 31.00000 19.00000 10.00000 12.00000 13.00000 7.00000 15.00000 8.00000 20.00000 8.00000 13.00000 43.00000 18.00000 30.00000 2.00000 17.00000 37.00000 6.00000 3.00000 3.00000 14.00000 5.00000 13.00000 35.00000 19.00000 25.00000 8.00000 30.00000 11.00000 13.00000 15.00000 25.00000 35.00000 23.00000 22.00000 3.00000 34.00000 13.00000 19.00000 20.00000 30.00000 29.00000 32.00000 13.00000
7.00000 12.00000 20.00000 14.00000 22.00000 15.00000 9.00000 17.00000 15.00000 24.00000 5.00000 10.00000 16.00000 22.00000 23.00000 25.00000 18.00000 7.00000 12.00000 7.00000 13.00000 10.00000 0.00000 12.00000 15.00000 7.00000 13.00000 6.00000 11.00000 10.00000 10.00000 28.00000 34.00000 31.00000 19.00000 6.00000 7.00000 10.00000 11.00000 14.00000 12.00000 17.00000 8.00000 8.00000 43.00000 13.00000 30.00000 11.00000 18.00000 41.00000 7.00000 12.00000 9.00000 17.00000 12.00000 12.00000 40.00000 19.00000 25.00000 5.00000 33.00000 10.00000 7.00000 11.00000 25.00000 39.00000 23.00000 23.00000 9.00000 34.00000 16.00000 20.00000 14.00000 33.00000 32.00000 32.00000 7.00000
14.00000 9.00000 17.00000 14.00000 16.00000 19.00000 5.00000 15.00000 11.00000 18.00000 11.00000 9.00000 14.00000 18.00000 19.00000 21.00000 12.00000 14.00000 18.00000 7.00000 22.00000 5.00000 11.00000 0.00000 12.00000 14.00000 21.00000 13.00000 5.00000 8.00000 11.00000 24.00000 31.00000 28.00000 16.00000 12.00000 14.00000 10.00000 10.00000 12.00000 12.00000 18.00000 10.00000 15.00000 40.00000 15.00000 27.00000 6.00000 15.00000 36.00000 7.00000 8.00000 7.00000 12.00000 2.00000 11.00000 34.00000 17.00000 22.00000 9.00000 27.00000 8.00000 14.00000 16.00000 23.00000 34.00000 21.00000 19.00000 8.00000 32.00000 10.00000 16.00000 20.00000 27.00000 26.00000 30.00000 14.00000
12.00000 7.00000 7.00000 8.00000 9.00000 13.00000 13.00000 8.00000 20.00000 14.00000 16.00000 17.00000 5.00000 9.00000 10.00000 12.00000 6.00000 19.00000 12.00000 14.00000 15.00000 14.00000 14.00000 12.00000 0.00000 19.00000 15.00000 18.00000 14.00000 16.00000 19.00000 15.00000 22.00000 19.00000 7.00000 17.00000 19.00000 8.00000 18.00000 2.00000 20.00000 9.00000 18.00000 20.00000 31.00000 9.00000 18.00000 15.00000 5.00000 31.00000 15.00000 16.00000 15.00000 5.00000 12.00000 5.00000 30.00000 7.00000 13.00000 16.00000 22.00000 6.00000 12.00000 21.00000 13.00000 29.00000 11.00000 9.00000 16.00000 22.00000 6.00000 7.00000 14.00000 23.00000 21.00000 20.00000 12.00000
11.00000 17.00000 25.00000 19.00000 26.00000 20.00000 12.00000 21.00000 19.00000 28.00000 4.00000 14.00000 21.00000 26.00000 28.00000 30.00000 22.00000 1.00000 16.00000 10.00000 17.00000 13.00000 7.00000 16.00000 20.00000 0.00000 16.00000 2.00000 14.00000 13.00000 11.00000 33.00000 39.00000 35.00000 24.00000 3.00000 2.00000 15.00000 13.00000 19.00000 13.00000 22.00000 9.00000 2.00000 48.00000 18.00000 35.00000 15.00000 23.00000 45.00000 11.00000 15.00000 13.00000 21.00000 15.00000 17.00000 44.00000 24.00000 30.00000 6.00000 37.00000 15.00000 11.00000 12.00000 30.00000 43.00000 28.00000 27.00000 13.00000 39.00000 20.00000 25.00000 18.00000 37.00000 36.00000 37.00000 11.00000
9.00000 17.00000 21.00000 13.00000 22.00000 10.00000 19.00000 15.00000 26.00000 28.00000 16.00000 21.00000 14.00000 21.00000 23.00000 24.00000 19.00000 18.00000 9.00000 17.00000 2.00000 20.00000 12.00000 23.00000 17.00000 17.00000 0.00000 16.00000 21.00000 20.00000 17.00000 28.00000 31.00000 27.00000 18.00000 16.00000 18.00000 16.00000 19.00000 15.00000 19.00000 14.00000 16.00000 18.00000 40.00000 12.00000 27.00000 22.00000 19.00000 44.00000 18.00000 23.00000 20.00000 19.00000 22.00000 14.00000 44.00000 16.00000 22.00000 16.00000 35.00000 15.00000 9.00000 12.00000 22.00000 43.00000 19.00000 22.00000 20.00000 31.00000 20.00000 20.00000 8.00000 36.00000 35.00000 29.00000 9.00000
10.00000 16.00000 24.00000 18.00000 25.00000 19.00000 11.00000 20.00000 18.00000 27.00000 3.00000 13.00000 20.00000 25.00000 27.00000 29.00000 21.00000 2.00000 16.00000 9.00000 16.00000 12.00000 6.00000 15.00000 19.00000 2.00000 16.00000 0.00000 13.00000 12.00000 9.00000 31.00000 38.00000 34.00000 23.00000 3.00000 3.00000 14.00000 11.00000 18.00000 12.00000 21.00000 8.00000 3.00000 47.00000 16.00000 34.00000 14.00000 22.00000 44.00000 9.00000 14.00000 12.00000 20.00000 14.00000 16.00000 43.00000 22.00000 28.00000 5.00000 36.00000 14.00000 10.00000 10.00000 29.00000 42.00000 27.00000 26.00000 12.00000 38.00000 19.00000 24.00000 17.00000 36.00000 35.00000 36.00000 10.00000
13.00000 12.00000 20.00000 17.00000 19.00000 21.00000 5.00000 18.00000 7.00000 21.00000 10.00000 5.00000 17.00000 21.00000 22.00000 24.00000 15.00000 14.00000 18.00000 6.00000 21.00000 1.00000 10.00000 5.00000 15.00000 13.00000 21.00000 12.00000 0.00000 5.00000 10.00000 27.00000 34.00000 31.00000 19.00000 11.00000 13.00000 13.00000 7.00000 15.00000 9.00000 20.00000 9.00000 14.00000 43.00000 18.00000 30.00000 2.00000 18.00000 36.00000 6.00000 4.00000 4.00000 14.00000 4.00000 14.00000 34.00000 19.00000 25.00000 9.00000 30.00000 11.00000 13.00000 16.00000 26.00000 34.00000 23.00000 22.00000 4.00000 35.00000 13.00000 19.00000 21.00000 30.00000 29.00000 32.00000 13.00000
15.00000 14.00000 22.00000 20.00000 22.00000 23.00000 7.00000 21.00000 8.00000 24.00000 12.00000 2.00000 20.00000 24.00000 25.00000 27.00000 18.00000 15.00000 20.00000 8.00000 23.00000 4.00000 12.00000 9.00000 18.00000 15.00000 22.00000 14.00000 5.00000 0.00000 8.00000 30.00000 37.00000 34.00000 22.00000 13.00000 15.00000 16.00000 6.00000 18.00000 6.00000 23.00000 8.00000 16.00000 46.00000 21.00000 33.00000 5.00000 20.00000 39.00000 8.00000 4.00000 5.00000 17.00000 9.00000 16.00000 37.00000 22.00000 28.00000 11.00000 33.00000 14.00000 15.00000 15.00000 28.00000 37.00000 26.00000 25.00000 5.00000 37.00000 16.00000 22.00000 22.00000 33.00000 32.00000 35.00000 15.00000
14.00000 17.00000 25.00000 21.00000 24.00000 22.00000 10.00000 23.00000 12.00000 26.00000 8.00000 11.00000 22.00000 26.00000 27.00000 29.00000 20.00000 11.00000 19.00000 11.00000 20.00000 9.00000 11.00000 13.00000 20.00000 10.00000 20.00000 10.00000 10.00000 10.00000 0.00000 32.00000 39.00000 36.00000 24.00000 9.00000 10.00000 18.00000 5.00000 20.00000 4.00000 24.00000 2.00000 11.00000 48.00000 20.00000 35.00000 10.00000 23.00000 42.00000 9.00000 9.00000 8.00000 19.00000 12.00000 19.00000 40.00000 24.00000 30.00000 7.00000 35.00000 16.00000 14.00000 10.00000 31.00000 40.00000 28.00000 27.00000 8.00000 40.00000 18.00000 24.00000 21.00000 35.00000 34.00000 38.00000 14.00000
24.00000 20.00000 8.00000 19.00000 12.00000 22.00000 26.00000 17.00000 32.00000 22.00000 30.00000 29.00000 16.00000 11.00000 8.00000 8.00000 13.00000 33.00000 23.00000 27.00000 27.00000 27.00000 27.00000 24.00000 16.00000 32.00000 27.00000 31.00000 27.00000 29.00000 32.00000 0.00000 28.00000 15.00000 14.00000 30.00000 32.00000 21.00000 31.00000 15.00000 33.00000 16.00000 31.00000 33.00000 31.00000 20.00000 24.00000 28.00000 10.00000 33.00000 28.00000 29.00000 28.00000 14.00000 25.00000 18.00000 39.00000 13.00000 19.00000 30.00000 24.00000 19.00000 24.00000 33.00000 19.00000 35.00000 16.00000 7.00000 28.00000 26.00000 14.00000 9.00000 24.00000 25.00000 25.00000 26.00000 24.00000
29.00000 26.00000 22.00000 24.00000 24.00000 26.00000 32.00000 22.00000 39.00000 28.00000 35.00000 36.00000 21.00000 20.00000 25.00000 23.00000 21.00000 38.00000 26.00000 33.00000 32.00000 33.00000 33.00000 31.00000 22.00000 38.00000 31.00000 37.00000 33.00000 35.00000 38.00000 27.00000 0.00000 20.00000 19.00000 36.00000 38.00000 27.00000 37.00000 21.00000 39.00000 20.00000 37.00000 39.00000 12.00000 26.00000 9.00000 34.00000 21.00000 19.00000 34.00000 35.00000 34.00000 22.00000 31.00000 23.00000 28.00000 19.00000 11.00000 35.00000 19.00000 25.00000 29.00000 37.00000 12.00000 21.00000 15.00000 21.00000 35.00000 7.00000 22.00000 21.00000 27.00000 19.00000 22.00000 3.00000 29.00000
25.00000 22.00000 16.00000 20.00000 20.00000 21.00000 28.00000 18.00000 35.00000 15.00000 31.00000 32.00000 17.00000 16.00000 16.00000 16.00000 17.00000 34.00000 21.00000 29.00000 27.00000 29.00000 29.00000 27.00000 18.00000 34.00000 27.00000 33.00000 29.00000 31.00000 34.00000 15.00000 20.00000 0.00000 15.00000 32.00000 34.00000 23.00000 33.00000 17.00000 35.00000 15.00000 33.00000 35.00000 20.00000 21.00000 16.00000 30.00000 17.00000 22.00000 30.00000 31.00000 30.00000 18.00000 27.00000 19.00000 29.00000 15.00000 14.00000 31.00000 13.00000 21.00000 25.00000 33.00000 14.00000 24.00000 9.00000 15.00000 31.00000 17.00000 18.00000 17.00000 22.00000 14.00000 14.00000 18.00000 25.00000
15.00000 10.00000 8.00000 10.00000 9.00000 13.00000 16.00000 7.00000 23.00000 15.00000 20.00000 20.00000 7.00000 7.00000 10.00000 10.00000 6.00000 23.00000 13.00000 17.00000 18.00000 17.00000 18.00000 15.00000 6.00000 23.00000 18.00000 22.00000 18.00000 20.00000 23.00000 14.00000 21.00000 17.00000 0.00000 21.00000 22.00000 11.00000 22.00000 6.00000 24.00000 8.00000 21.00000 23.00000 30.00000 11.00000 17.00000 19.00000 6.00000 32.00000 18.00000 20.00000 19.00000 6.00000 15.00000 8.00000 31.00000 5.00000 11.00000 20.00000 24.00000 10.00000 15.00000 24.00000 12.00000 30.00000 10.00000 8.00000 19.00000 21.00000 7.00000 7.00000 14.00000 24.00000 22.00000 19.00000 15.00000
10.00000 16.00000 24.00000 17.00000 25.00000 18.00000 10.00000 20.00000 17.00000 27.00000 2.00000 12.00000 19.00000 25.00000 26.00000 28.00000 21.00000 3.00000 15.00000 8.00000 16.00000 12.00000 7.00000 14.00000 18.00000 3.00000 16.00000 3.00000 13.00000 12.00000 8.00000 31.00000 37.00000 34.00000 22.00000 0.00000 3.00000 14.00000 10.00000 18.00000 11.00000 20.00000 7.00000 4.00000 46.00000 16.00000 33.00000 13.00000 22.00000 44.00000 9.00000 14.00000 11.00000 20.00000 13.00000 15.00000 43.00000 22.00000 28.00000 4.00000 36.00000 14.00000 10.00000 9.00000 28.00000 42.00000 26.00000 26.00000 11.00000 37.00000 19.00000 23.00000 17.00000 36.00000 35.00000 35.00000 10.00000
12.00000 18.00000 25.00000 19.00000 26.00000 19.00000 12.00000 21.00000 19.00000 28.00000 4.00000 14.00000 21.00000 26.00000 27.00000 29.00000 22.00000 1.00000 17.00000 10.00000 18.00000 13.00000 7.00000 16.00000 19.00000 2.00000 17.00000 3.00000 14.00000 13.00000 10.00000 32.00000 38.00000 35.00000 24.00000 3.00000 0.00000 16.00000 12.00000 19.00000 13.00000 21.00000 9.00000 2.00000 48.00000 17.00000 34.00000 14.00000 23.00000 46.00000 10.00000 15.00000 12.00000 22.00000 15.00000 17.00000 45.00000 23.00000 29.00000 6.00000 37.00000 16.00000 12.00000 11.00000 30.00000 44.00000 27.00000 27.00000 12.00000 39.00000 20.00000 24.00000 19.00000 37.00000 36.00000 37.00000 12.00000
9.00000 5.00000 13.00000 10.00000 14.00000 15.00000 9.00000 11.00000 18.00000 17.00000 11.00000 15.00000 10.00000 14.00000 15.00000 17.00000 10.00000 14.00000 13.00000 9.00000 16.00000 12.00000 9.00000 10.00000 8.00000 14.00000 16.00000 13.00000 13.00000 14.00000 16.00000 20.00000 28.00000 25.00000 12.00000 12.00000 14.00000 0.00000 16.00000 8.00000 18.00000 13.00000 15.00000 15.00000 37.00000 9.00000 24.00000 14.00000 11.00000 34.00000 13.00000 15.00000 13.00000 9.00000 10.00000 7.00000 33.00000 12.00000 19.00000 11.00000 26.00000 3.00000 9.00000 18.00000 19.00000 33.00000 17.00000 15.00000 14.00000 28.00000 9.00000 13.00000 15.00000 26.00000 25.00000 26.00000 9.00000
15.00000 15.00000 23.00000 21.00000 23.00000 22.00000 8.00000 22.00000 9.00000 25.00000 10.00000 7.00000 20.00000 24.00000 26.00000 28.00000 19.00000 14.00000 20.00000 9.00000 22.00000 6.00000 12.00000 11.00000 19.00000 13.00000 21.00000 12.00000 7.00000 6.00000 5.00000 30.00000 38.00000 35.00000 22.00000 11.00000 13.00000 16.00000 0.00000 18.00000 4.00000 24.00000 5.00000 14.00000 47.00000 20.00000 34.00000 7.00000 21.00000 39.00000 7.00000 6.00000 5.00000 18.00000 10.00000 17.00000 38.00000 23.00000 29.00000 9.00000 34.00000 15.00000 15.00000 13.00000 29.00000 38.00000 27.00000 25.00000 5.00000 38.00000 17.00000 23.00000 22.00000 34.00000 32.00000 36.00000 15.00000
12.00000 8.00000 6.00000 8.00000 8.00000 13.00000 14.00000 7.00000 20.00000 14.00000 17.00000 17.00000 5.00000 8.00000 9.00000 11.00000 5.00000 20.00000 12.00000 15.00000 15.00000 15.00000 15.00000 13.00000 2.00000 20.00000 15.00000 19.00000 15.00000 17.00000 20.00000 14.00000 21.00000 18.00000 6.00000 18.00000 20.00000 9.00000 19.00000 0.00000 21.00000 8.00000 19.00000 21.00000 30.00000 9.00000 17.00000 16.00000 4.00000 31.00000 16.00000 17.00000 16.00000 5.00000 13.00000 5.00000 30.00000 6.00000 12.00000 17.00000 22.00000 7.00000 12.00000 21.00000 12.00000 29.00000 10.00000 9.00000 16.00000 21.00000 5.00000 6.00000 13.00000 23.00000 21.00000 19.00000 12.00000
16.00000 17.00000 25.00000 23.00000 25.00000 24.00000 10.00000 24.00000 11.00000 27.00000 11.00000 9.00000 23.00000 27.00000 28.00000 30.00000 21.00000 14.00000 21.00000 12.00000 23.00000 8.00000 13.00000 13.00000 21.00000 14.00000 23.00000 13.00000 9.00000 9.00000 5.00000 33.00000 40.00000 37.00000 25.00000 12.00000 14.00000 19.00000 4.00000 21.00000 0.00000 26.00000 6.00000 15.00000 49.00000 22.00000 36.00000 9.00000 23.00000 40.00000 9.00000 8.00000 6.00000 20.00000 12.00000 19.00000 39.00000 25.00000 31.00000 10.00000 36.00000 17.00000 16.00000 13.00000 31.00000 38.00000 29.00000 27.00000 6.00000 40.00000 19.00000 25.00000 24.00000 36.00000 34.00000 38.00000 16.00000
13.00000 12.00000 11.00000 7.00000 13.00000 7.00000 18.00000 5.00000 25.00000 18.00000 19.00000 22.00000 7.00000 9.00000 13.00000 12.00000 9.00000 22.00000 7.00000 19.00000 14.00000 20.00000 17.00000 17.00000 10.00000 22.00000 13.00000 21.00000 20.00000 22.00000 24.00000 16.00000 20.00000 16.00000 7.00000 20.00000 22.00000 13.00000 24.00000 8.00000 26.00000 0.00000 23.00000 23.00000 29.00000 7.00000 16.00000 21.00000 9.00000 33.00000 21.00000 22.00000 21.00000 10.00000 18.00000 10.00000 35.00000 5.00000 10.00000 19.00000 24.00000 12.00000 13.00000 20.00000 11.00000 34.00000 8.00000 10.00000 21.00000 20.00000 10.00000 10.00000 8.00000 25.00000 25.00000 18.00000 13.00000
13.00000 15.00000 23.00000 20.00000 23.00000 21.00000 8.00000 22.00000 13.00000 25.00000 6.00000 10.00000 21.00000 25.00000 26.00000 28.00000 19.00000 9.00000 18.00000 9.00000 18.00000 9.00000 9.00000 12.00000 19.00000 9.00000 18.00000 8.00000 10.00000 9.00000 2.00000 31.00000 38.00000 35.00000 22.00000 7.00000 9.00000 16.00000 5.00000 18.00000 5.00000 22.00000 0.00000 10.00000 47.00000 18.00000 34.00000 10.00000 21.00000 42.00000 7.00000 9.00000 8.00000 18.00000 11.00000 17.00000 40.00000 23.00000 29.00000 5.00000 34.00000 15.00000 13.00000 8.00000 29.00000 40.00000 27.00000 25.00000 8.00000 38.00000 17.00000 23.00000 20.00000 34.00000 32.00000 36.00000 13.00000
12.00000 18.00000 26.00000 20.00000 27.00000 20.00000 13.00000 22.00000 20.00000 29.00000 4.00000 15.00000 22.00000 27.00000 28.00000 30.00000 23.00000 1.00000 18.00000 11.00000 18.00000 14.00000 8.00000 17.00000 20.00000 2.00000 18.00000 3.00000 15.00000 14.00000 11.00000 33.00000 39.00000 36.00000 25.00000 4.00000 2.00000 16.00000 13.00000 20.00000 14.00000 22.00000 10.00000 0.00000 49.00000 18.00000 35.00000 15.00000 24.00000 46.00000 11.00000 16.00000 13.00000 22.00000 16.00000 18.00000 45.00000 24.00000 30.00000 7.00000 38.00000 16.00000 12.00000 12.00000 31.00000 44.00000 28.00000 28.00000 13.00000 40.00000 21.00000 25.00000 19.00000 38.00000 37.00000 37.00000 12.00000
38.00000 35.00000 31.00000 33.00000 33.00000 35.00000 41.00000 31.00000 48.00000 27.00000 44.00000 45.00000 30.00000 29.00000 31.00000 32.00000 30.00000 47.00000 35.00000 42.00000 41.00000 42.00000 42.00000 40.00000 31.00000 47.00000 40.00000 46.00000 42.00000 44.00000 47.00000 31.00000 13.00000 20.00000 28.00000 45.00000 47.00000 36.00000 46.00000 30.00000 48.00000 29.00000 46.00000 48.00000 0.00000 35.00000 18.00000 43.00000 30.00000 10.00000 43.00000 44.00000 43.00000 31.00000 40.00000 32.00000 19.00000 28.00000 20.00000 44.00000 16.00000 34.00000 38.00000 46.00000 21.00000 13.00000 24.00000 30.00000 44.00000 13.00000 31.00000 30.00000 36.00000 17.00000 21.00000 12.00000 38.00000
9.00000 10.00000 13.00000 4.00000 15.00000 8.00000 16.00000 6.00000 23.00000 20.00000 15.00000 18.00000 6.00000 13.00000 16.00000 17.00000 11.00000 18.00000 7.00000 15.00000 13.00000 18.00000 13.00000 15.00000 9.00000 18.00000 12.00000 17.00000 18.00000 18.00000 20.00000 20.00000 25.00000 21.00000 10.00000 16.00000 18.00000 10.00000 21.00000 7.00000 22.00000 7.00000 19.00000 19.00000 34.00000 0.00000 21.00000 19.00000 11.00000 38.00000 18.00000 20.00000 17.00000 11.00000 15.00000 7.00000 36.00000 8.00000 16.00000 15.00000 29.00000 9.00000 9.00000 18.00000 16.00000 36.00000 14.00000 14.00000 17.00000 25.00000 12.00000 13.00000 9.00000 29.00000 28.00000 23.00000 9.00000
24.00000 21.00000 17.00000 19.00000 19.00000 20.00000 27.00000 17.00000 33.00000 25.00000 30.00000 30.00000 16.00000 15.00000 20.00000 18.00000 16.00000 33.00000 20.00000 28.00000 27.00000 28.00000 28.00000 25.00000 17.00000 33.00000 26.00000 32.00000 28.00000 30.00000 33.00000 22.00000 9.00000 16.00000 14.00000 31.00000 33.00000 22.00000 32.00000 16.00000 34.00000 15.00000 32.00000 34.00000 18.00000 20.00000 0.00000 29.00000 16.00000 20.00000 29.00000 30.00000 29.00000 17.00000 26.00000 18.00000 29.00000 14.00000 5.00000 30.00000 16.00000 20.00000 24.00000 32.00000 7.00000 22.00000 10.00000 16.00000 29.00000 7.00000 17.00000 16.00000 22.00000 17.00000 19.00000 8.00000 24.00000
14.00000 13.00000 21.00000 18.00000 20.00000 22.00000 6.00000 19.00000 7.00000 22.00000 11.00000 6.00000 18.00000 22.00000 23.00000 25.00000 16.00000 14.00000 19.00000 7.00000 22.00000 2.00000 11.00000 7.00000 16.00000 14.00000 21.00000 13.00000 2.00000 5.00000 10.00000 28.00000 35.00000 32.00000 20.00000 12.00000 14.00000 14.00000 8.00000 16.00000 8.00000 21.00000 10.00000 15.00000 44.00000 19.00000 31.00000 0.00000 19.00000 38.00000 7.00000 4.00000 5.00000 15.00000 6.00000 15.00000 36.00000 21.00000 26.00000 9.00000 31.00000 12.00000 14.00000 16.00000 27.00000 36.00000 24.00000 23.00000 5.00000 36.00000 14.00000 20.00000 21.00000 31.00000 30.00000 34.00000 14.00000
16.00000 11.00000 3.00000 12.00000 4.00000 16.00000 16.00000 10.00000 23.00000 13.00000 20.00000 20.00000 9.00000 6.00000 5.00000 8.00000 4.00000 24.00000 16.00000 18.00000 19.00000 18.00000 18.00000 15.00000 7.00000 23.00000 19.00000 22.00000 18.00000 20.00000 23.00000 10.00000 22.00000 18.00000 6.00000 21.00000 23.00000 12.00000 22.00000 6.00000 24.00000 10.00000 22.00000 24.00000 32.00000 13.00000 18.00000 19.00000 0.00000 30.00000 19.00000 20.00000 19.00000 4.00000 15.00000 9.00000 29.00000 7.00000 13.00000 21.00000 22.00000 10.00000 16.00000 25.00000 14.00000 28.00000 11.00000 6.00000 19.00000 23.00000 5.00000 2.00000 17.00000 22.00000 21.00000 20.00000 16.00000
41.00000 34.00000 34.00000 36.00000 33.00000 38.00000 37.00000 34.00000 42.00000 21.00000 44.00000 41.00000 33.00000 32.00000 33.00000 34.00000 29.00000 47.00000 38.00000 39.00000 44.00000 38.00000 41.00000 36.00000 31.00000 46.00000 43.00000 45.00000 37.00000 41.00000 42.00000 33.00000 19.00000 22.00000 31.00000 44.00000 46.00000 35.00000 40.00000 32.00000 40.00000 32.00000 42.00000 47.00000 10.00000 37.00000 20.00000 39.00000 32.00000 0.00000 40.00000 40.00000 39.00000 28.00000 36.00000 34.00000 11.00000 31.00000 23.00000 42.00000 16.00000 33.00000 41.00000 49.00000 24.00000 4.00000 25.00000 32.00000 40.00000 19.00000 27.00000 33.00000 39.00000 13.00000 17.00000 18.00000 41.00000
12.00000 12.00000 20.00000 18.00000 20.00000 19.00000 5.00000 19.00000 12.00000 22.00000 9.00000 7.00000 17.00000 21.00000 23.00000 24.00000 16.00000 12.00000 16.00000 6.00000 19.00000 6.00000 8.00000 9.00000 16.00000 11.00000 19.00000 10.00000 7.00000 6.00000 8.00000 27.00000 35.00000 31.00000 19.00000 9.00000 11.00000 13.00000 7.00000 15.00000 9.00000 21.00000 7.00000 12.00000 44.00000 17.00000 31.00000 7.00000 18.00000 39.00000 0.00000 8.00000 5.00000 15.00000 8.00000 14.00000 38.00000 20.00000 26.00000 6.00000 30.00000 11.00000 12.00000 13.00000 26.00000 37.00000 24.00000 22.00000 6.00000 35.00000 14.00000 20.00000 19.00000 31.00000 29.00000 33.00000 12.00000
15.00000 14.00000 21.00000 19.00000 21.00000 22.00000 6.00000 20.00000 4.00000 23.00000 12.00000 7.00000 19.00000 23.00000 24.00000 26.00000 17.00000 15.00000 20.00000 8.00000 22.00000 3.00000 12.00000 8.00000 17.00000 14.00000 22.00000 14.00000 4.00000 6.00000 9.00000 29.00000 36.00000 33.00000 21.00000 13.00000 14.00000 15.00000 7.00000 17.00000 8.00000 22.00000 10.00000 15.00000 45.00000 20.00000 32.00000 4.00000 20.00000 40.00000 8.00000 0.00000 5.00000 16.00000 8.00000 16.00000 38.00000 21.00000 27.00000 10.00000 32.00000 13.00000 15.00000 17.00000 28.00000 38.00000 25.00000 24.00000 5.00000 36.00000 15.00000 21.00000 22.00000 32.00000 31.00000 34.00000 15.00000
11.00000 12.00000 20.00000 17.00000 19.00000 19.00000 5.00000 18.00000 9.00000 21.00000 8.00000 4.00000 17.00000 21.00000 22.00000 24.00000 15.00000 11.00000 16.00000 6.00000 19.00000 3.00000 8.00000 8.00000 15.00000 11.00000 18.00000 10.00000 4.00000 3.00000 7.00000 27.00000 35.00000 31.00000 19.00000 9.00000 11.00000 13.00000 4.00000 15.00000 7.00000 21.00000 7.00000 12.00000 43.00000 16.00000 31.00000 5.00000 18.00000 39.00000 4.00000 5.00000 0.00000 15.00000 7.00000 14.00000 38.00000 20.00000 25.00000 6.00000 30.00000 11.00000 11.00000 13.00000 26.00000 37.00000 24.00000 22.00000 1.00000 35.00000 13.00000 19.00000 18.00000 30.00000 29.00000 33.00000 11.00000
15.00000 8.00000 7.00000 11.00000 7.00000 14.00000 14.00000 9.00000 21.00000 11.00000 18.00000 18.00000 8.00000 7.00000 9.00000 10.00000 2.00000 21.00000 14.00000 15.00000 18.00000 15.00000 16.00000 13.00000 5.00000 21.00000 17.00000 20.00000 16.00000 18.00000 21.00000 14.00000 21.00000 18.00000 5.00000 19.00000 20.00000 9.00000 19.00000 5.00000 22.00000 9.00000 19.00000 21.00000 30.00000 12.00000 17.00000 17.00000 5.00000 28.00000 16.00000 18.00000 17.00000 0.00000 13.00000 7.00000 27.00000 6.00000 12.00000 18.00000 20.00000 8.00000 15.00000 24.00000 12.00000 26.00000 10.00000 8.00000 17.00000 21.00000 3.00000 6.00000 16.00000 20.00000 19.00000 19.00000 15.00000
14.00000 9.00000 17.00000 15.00000 17.00000 20.00000 4.00000 16.00000 10.00000 19.00000 11.00000 8.00000 14.00000 18.00000 20.00000 22.00000 13.00000 14.00000 18.00000 7.00000 21.00000 5.00000 11.00000 2.00000 13.00000 13.00000 21.00000 13.00000 4.00000 8.00000 11.00000 25.00000 32.00000 29.00000 16.00000 12.00000 13.00000 10.00000 10.00000 12.00000 12.00000 18.00000 10.00000 14.00000 41.00000 16.00000 28.00000 6.00000 15.00000 36.00000 7.00000 8.00000 7.00000 12.00000 0.00000 11.00000 34.00000 17.00000 23.00000 9.00000 28.00000 9.00000 14.00000 16.00000 23.00000 34.00000 21.00000 19.00000 7.00000 32.00000 11.00000 17.00000 20.00000 28.00000 26.00000 30.00000 14.00000
9.00000 7.00000 10.00000 5.00000 12.00000 10.00000 13.00000 6.00000 20.00000 17.00000 15.00000 17.00000 5.00000 12.00000 13.00000 15.00000 9.00000 18.00000 9.00000 14.00000 12.00000 15.00000 13.00000 12.00000 6.00000 18.00000 12.00000 17.00000 15.00000 17.00000 20.00000 18.00000 23.00000 20.00000 8.00000 16.00000 18.00000 8.00000 19.00000 4.00000 21.00000 8.00000 19.00000 19.00000 32.00000 6.00000 19.00000 16.00000 8.00000 35.00000 16.00000 17.00000 16.00000 9.00000 13.00000 0.00000 34.00000 7.00000 14.00000 15.00000 26.00000 7.00000 9.00000 18.00000 14.00000 33.00000 12.00000 12.00000 16.00000 23.00000 9.00000 10.00000 11.00000 26.00000 25.00000 21.00000 9.00000
40.00000 33.00000 32.00000 36.00000 31.00000 39.00000 36.00000 34.00000 40.00000 20.00000 42.00000 39.00000 33.00000 33.00000 35.00000 36.00000 27.00000 45.00000 40.00000 37.00000 43.00000 35.00000 40.00000 34.00000 30.00000 45.00000 43.00000 44.00000 35.00000 39.00000 40.00000 40.00000 28.00000 29.00000 31.00000 43.00000 45.00000 34.00000 38.00000 30.00000 38.00000 35.00000 40.00000 46.00000 19.00000 37.00000 29.00000 36.00000 31.00000 10.00000 38.00000 38.00000 37.00000 27.00000 34.00000 32.00000 0.00000 32.00000 31.00000 40.00000 17.00000 32.00000 40.00000 47.00000 33.00000 8.00000 32.00000 34.00000 37.00000 27.00000 26.00000 32.00000 41.00000 15.00000 19.00000 28.00000 40.00000
14.00000 11.00000 8.00000 7.00000 10.00000 10.00000 17.00000 5.00000 23.00000 16.00000 20.00000 20.00000 4.00000 6.00000 10.00000 9.00000 7.00000 23.00000 10.00000 18.00000 16.00000 18.00000 18.00000 15.00000 7.00000 23.00000 16.00000 22.00000 18.00000 20.00000 23.00000 13.00000 18.00000 15.00000 4.00000 21.00000 23.00000 12.00000 22.00000 6.00000 24.00000 5.00000 22.00000 24.00000 27.00000 8.00000 14.00000 19.00000 6.00000 32.00000 19.00000 20.00000 19.00000 7.00000 16.00000 8.00000 32.00000 0.00000 9.00000 20.00000 23.00000 10.00000 14.00000 22.00000 10.00000 31.00000 7.00000 7.00000 19.00000 18.00000 8.00000 7.00000 11.00000 24.00000 23.00000 16.00000 14.00000
19.00000 16.00000 12.00000 14.00000 14.00000 16.00000 22.00000 12.00000 28.00000 20.00000 25.00000 26.00000 11.00000 10.00000 15.00000 13.00000 11.00000 28.00000 16.00000 23.00000 22.00000 23.00000 23.00000 21.00000 12.00000 28.00000 21.00000 27.00000 23.00000 25.00000 28.00000 17.00000 12.00000 13.00000 9.00000 26.00000 28.00000 17.00000 27.00000 11.00000 29.00000 10.00000 27.00000 29.00000 21.00000 15.00000 8.00000 24.00000 11.00000 25.00000 24.00000 25.00000 24.00000 12.00000 21.00000 13.00000 33.00000 9.00000 0.00000 25.00000 20.00000 15.00000 19.00000 27.00000 3.00000 27.00000 5.00000 11.00000 25.00000 12.00000 12.00000 11.00000 17.00000 21.00000 22.00000 10.00000 19.00000
9.00000 15.00000 22.00000 16.00000 22.00000 17.00000 7.00000 19.00000 14.00000 24.00000 3.00000 9.00000 18.00000 24.00000 25.00000 27.00000 18.00000 6.00000 14.00000 5.00000 15.00000 8.00000 6.00000 11.00000 17.00000 6.00000 15.00000 5.00000 9.00000 9.00000 6.00000 30.00000 36.00000 33.00000 21.00000 4.00000 6.00000 13.00000 8.00000 17.00000 9.00000 19.00000 5.00000 7.00000 45.00000 15.00000 32.00000 10.00000 20.00000 41.00000 5.00000 11.00000 8.00000 17.00000 10.00000 14.00000 40.00000 21.00000 27.00000 0.00000 33.00000 13.00000 9.00000 10.00000 27.00000 39.00000 25.00000 25.00000 8.00000 36.00000 16.00000 22.00000 16.00000 33.00000 32.00000 34.00000 9.00000
32.00000 25.00000 25.00000 28.00000 24.00000 29.00000 28.00000 26.00000 35.00000 14.00000 35.00000 32.00000 25.00000 24.00000 24.00000 25.00000 20.00000 38.00000 29.00000 30.00000 35.00000 30.00000 33.00000 27.00000 22.00000 37.00000 35.00000 37.00000 30.00000 32.00000 35.00000 24.00000 19.00000 13.00000 23.00000 36.00000 37.00000 26.00000 34.00000 23.00000 36.00000 23.00000 34.00000 38.00000 16.00000 29.00000 16.00000 31.00000 23.00000 15.00000 31.00000 32.00000 31.00000 19.00000 28.00000 25.00000 18.00000 23.00000 19.00000 33.00000 0.00000 24.00000 32.00000 40.00000 20.00000 13.00000 16.00000 23.00000 31.00000 15.00000 18.00000 25.00000 30.00000 3.00000 6.00000 17.00000 32.00000
9.00000 2.00000 11.00000 9.00000 13.00000 14.00000 9.00000 9.00000 16.00000 16.00000 11.00000 13.00000 8.00000 13.00000 14.00000 16.00000 8.00000 14.00000 12.00000 9.00000 16.00000 11.00000 9.00000 8.00000 6.00000 14.00000 15.00000 13.00000 11.00000 13.00000 16.00000 19.00000 26.00000 23.00000 11.00000 12.00000 14.00000 3.00000 15.00000 6.00000 17.00000 12.00000 15.00000 15.00000 35.00000 9.00000 22.00000 12.00000 9.00000 33.00000 12.00000 13.00000 12.00000 7.00000 9.00000 5.00000 32.00000 11.00000 17.00000 11.00000 24.00000 0.00000 9.00000 18.00000 17.00000 31.00000 15.00000 13.00000 12.00000 26.00000 8.00000 11.00000 14.00000 25.00000 23.00000 24.00000 9.00000
0.00000 9.00000 15.00000 10.00000 17.00000 10.00000 11.00000 12.00000 18.00000 22.00000 9.00000 13.00000 12.00000 17.00000 18.00000 20.00000 14.00000 12.00000 7.00000 9.00000 10.00000 12.00000 7.00000 14.00000 10.00000 12.00000 10.00000 11.00000 13.00000 12.00000 14.00000 23.00000 29.00000 26.00000 15.00000 10.00000 12.00000 8.00000 15.00000 9.00000 16.00000 12.00000 13.00000 13.00000 39.00000 8.00000 25.00000 13.00000 13.00000 39.00000 12.00000 14.00000 11.00000 13.00000 14.00000 7.00000 38.00000 14.00000 20.00000 9.00000 30.00000 7.00000 0.00000 16.00000 21.00000 37.00000 18.00000 18.00000 12.00000 30.00000 14.00000 15.00000 9.00000 31.00000 29.00000 27.00000 0.00000
12.00000 17.00000 25.00000 19.00000 25.00000 20.00000 10.00000 21.00000 15.00000 27.00000 5.00000 12.00000 21.00000 26.00000 27.00000 29.00000 21.00000 8.00000 17.00000 10.00000 17.00000 11.00000 8.00000 14.00000 20.00000 7.00000 17.00000 6.00000 12.00000 11.00000 6.00000 32.00000 39.00000 35.00000 24.00000 5.00000 7.00000 16.00000 8.00000 19.00000 8.00000 22.00000 4.00000 8.00000 48.00000 17.00000 35.00000 12.00000 23.00000 44.00000 9.00000 12.00000 10.00000 20.00000 13.00000 17.00000 43.00000 23.00000 29.00000 6.00000 36.00000 16.00000 12.00000 0.00000 30.00000 42.00000 28.00000 27.00000 10.00000 39.00000 19.00000 25.00000 19.00000 36.00000 34.00000 37.00000 12.00000
21.00000 18.00000 14.00000 16.00000 16.00000 17.00000 24.00000 14.00000 30.00000 22.00000 27.00000 27.00000 13.00000 12.00000 16.00000 15.00000 13.00000 30.00000 17.00000 25.00000 24.00000 25.00000 25.00000 22.00000 14.00000 30.00000 23.00000 29.00000 25.00000 27.00000 30.00000 19.00000 12.00000 14.00000 11.00000 28.00000 29.00000 19.00000 29.00000 12.00000 31.00000 12.00000 29.00000 31.00000 21.00000 17.00000 8.00000 26.00000 13.00000 25.00000 26.00000 27.00000 26.00000 14.00000 23.00000 15.00000 33.00000 11.00000 2.00000 27.00000 21.00000 17.00000 21.00000 29.00000 0.00000 27.00000 7.00000 13.00000 26.00000 12.00000 14.00000 13.00000 18.00000 22.00000 24.00000 10.00000 21.00000
39.00000 32.00000 32.00000 35.00000 31.00000 39.00000 35.00000 33.00000 40.00000 19.00000 41.00000 39.00000 32.00000 32.00000 34.00000 35.00000 27.00000 44.00000 39.00000 36.00000 42.00000 35.00000 39.00000 34.00000 29.00000 44.00000 42.00000 43.00000 34.00000 38.00000 40.00000 35.00000 21.00000 24.00000 30.00000 42.00000 44.00000 33.00000 37.00000 29.00000 38.00000 34.00000 40.00000 45.00000 13.00000 36.00000 22.00000 36.00000 30.00000 4.00000 37.00000 38.00000 37.00000 26.00000 34.00000 32.00000 8.00000 31.00000 25.00000 39.00000 13.00000 31.00000 39.00000 46.00000 26.00000 0.00000 27.00000 33.00000 37.00000 21.00000 25.00000 31.00000 40.00000 11.00000 15.00000 21.00000 39.00000
17.00000 14.00000 11.00000 13.00000 12.00000 13.00000 20.00000 11.00000 27.00000 19.00000 23.00000 24.00000 9.00000 9.00000 13.00000 12.00000 9.00000 27.00000 13.00000 21.00000 20.00000 21.00000 21.00000 19.00000 11.00000 26.00000 19.00000 25.00000 22.00000 23.00000 27.00000 16.00000 16.00000 9.00000 8.00000 24.00000 26.00000 15.00000 25.00000 9.00000 27.00000 8.00000 25.00000 27.00000 24.00000 13.00000 12.00000 23.00000 9.00000 26.00000 22.00000 24.00000 23.00000 10.00000 19.00000 11.00000 32.00000 7.00000 7.00000 24.00000 16.00000 13.00000 17.00000 25.00000 7.00000 27.00000 0.00000 9.00000 23.00000 16.00000 11.00000 9.00000 14.00000 17.00000 18.00000 14.00000 17.00000
18.00000 15.00000 4.00000 13.00000 8.00000 16.00000 20.00000 11.00000 27.00000 17.00000 24.00000 24.00000 10.00000 4.00000 5.00000 3.00000 8.00000 27.00000 16.00000 22.00000 21.00000 22.00000 22.00000 19.00000 10.00000 27.00000 21.00000 26.00000 22.00000 24.00000 27.00000 7.00000 21.00000 15.00000 8.00000 25.00000 27.00000 16.00000 26.00000 10.00000 28.00000 10.00000 25.00000 28.00000 31.00000 14.00000 17.00000 23.00000 6.00000 33.00000 23.00000 24.00000 23.00000 9.00000 19.00000 12.00000 33.00000 7.00000 12.00000 24.00000 23.00000 14.00000 18.00000 27.00000 13.00000 32.00000 10.00000 0.00000 23.00000 22.00000 9.00000 4.00000 17.00000 24.00000 25.00000 19.00000 18.00000
11.00000 12.00000 20.00000 17.00000 19.00000 19.00000 5.00000 18.00000 10.00000 21.00000 8.00000 5.00000 17.00000 21.00000 22.00000 24.00000 15.00000 11.00000 16.00000 6.00000 19.00000 4.00000 8.00000 8.00000 15.00000 11.00000 18.00000 10.00000 5.00000 4.00000 7.00000 27.00000 34.00000 31.00000 19.00000 9.00000 10.00000 13.00000 5.00000 15.00000 8.00000 20.00000 7.00000 11.00000 43.00000 16.00000 30.00000 6.00000 18.00000 38.00000 4.00000 6.00000 3.00000 14.00000 7.00000 14.00000 37.00000 19.00000 25.00000 6.00000 30.00000 11.00000 11.00000 13.00000 26.00000 36.00000 23.00000 22.00000 0.00000 35.00000 13.00000 19.00000 18.00000 30.00000 29.00000 32.00000 11.00000
28.00000 25.00000 21.00000 23.00000 23.00000 25.00000 31.00000 21.00000 38.00000 24.00000 34.00000 35.00000 20.00000 19.00000 24.00000 22.00000 20.00000 37.00000 25.00000 32.00000 31.00000 32.00000 32.00000 30.00000 21.00000 37.00000 31.00000 36.00000 32.00000 34.00000 37.00000 26.00000 8.00000 17.00000 18.00000 35.00000 37.00000 26.00000 36.00000 20.00000 38.00000 19.00000 36.00000 38.00000 12.00000 25.00000 7.00000 33.00000 20.00000 19.00000 33.00000 34.00000 33.00000 21.00000 30.00000 22.00000 27.00000 18.00000 10.00000 34.00000 15.00000 24.00000 28.00000 36.00000 11.00000 21.00000 14.00000 20.00000 34.00000 0.00000 21.00000 20.00000 26.00000 15.00000 19.00000 6.00000 28.00000
16.00000 9.00000 9.00000 12.00000 7.00000 16.00000 12.00000 10.00000 19.00000 9.00000 18.00000 16.00000 9.00000 9.00000 11.00000 12.00000 3.00000 21.00000 16.00000 13.00000 19.00000 13.00000 16.00000 11.00000 6.00000 21.00000 19.00000 20.00000 13.00000 15.00000 18.00000 16.00000 23.00000 18.00000 7.00000 19.00000 21.00000 10.00000 17.00000 6.00000 19.00000 11.00000 17.00000 22.00000 30.00000 13.00000 19.00000 14.00000 7.00000 26.00000 14.00000 15.00000 14.00000 3.00000 11.00000 8.00000 25.00000 8.00000 14.00000 16.00000 17.00000 8.00000 16.00000 23.00000 14.00000 24.00000 12.00000 10.00000 15.00000 23.00000 0.00000 8.00000 17.00000 18.00000 16.00000 21.00000 16.00000
17.00000 13.00000 2.00000 13.00000 6.00000 16.00000 18.00000 10.00000 25.00000 15.00000 22.00000 22.00000 9.00000 6.00000 5.00000 6.00000 5.00000 25.00000 16.00000 19.00000 21.00000 19.00000 20.00000 17.00000 8.00000 25.00000 20.00000 24.00000 19.00000 21.00000 24.00000 9.00000 22.00000 17.00000 7.00000 23.00000 24.00000 14.00000 23.00000 8.00000 25.00000 10.00000 23.00000 26.00000 31.00000 14.00000 18.00000 20.00000 2.00000 32.00000 20.00000 21.00000 20.00000 6.00000 17.00000 10.00000 31.00000 7.00000 13.00000 22.00000 23.00000 12.00000 17.00000 26.00000 13.00000 30.00000 11.00000 4.00000 21.00000 22.00000 7.00000 0.00000 17.00000 24.00000 22.00000 20.00000 17.00000
10.00000 16.00000 18.00000 11.00000 19.00000 4.00000 19.00000 9.00000 26.00000 25.00000 17.00000 21.00000 11.00000 16.00000 20.00000 19.00000 16.00000 19.00000 5.00000 17.00000 8.00000 21.00000 13.00000 21.00000 15.00000 18.00000 8.00000 17.00000 21.00000 21.00000 19.00000 23.00000 25.00000 22.00000 13.00000 17.00000 19.00000 15.00000 21.00000 13.00000 21.00000 9.00000 17.00000 19.00000 35.00000 9.00000 21.00000 22.00000 16.00000 39.00000 19.00000 23.00000 20.00000 16.00000 21.00000 12.00000 41.00000 11.00000 16.00000 17.00000 29.00000 14.00000 10.00000 14.00000 17.00000 40.00000 14.00000 17.00000 20.00000 26.00000 17.00000 17.00000 0.00000 30.00000 31.00000 24.00000 10.00000
33.00000 26.00000 26.00000 29.00000 25.00000 30.00000 29.00000 27.00000 36.00000 13.00000 35.00000 33.00000 26.00000 25.00000 25.00000 26.00000 20.00000 38.00000 30.00000 30.00000 36.00000 30.00000 33.00000 28.00000 23.00000 38.00000 36.00000 37.00000 30.00000 32.00000 35.00000 25.00000 20.00000 14.00000 24.00000 36.00000 38.00000 27.00000 34.00000 23.00000 36.00000 24.00000 34.00000 39.00000 17.00000 30.00000 17.00000 31.00000 24.00000 13.00000 31.00000 32.00000 31.00000 20.00000 28.00000 25.00000 15.00000 24.00000 19.00000 33.00000 3.00000 25.00000 33.00000 40.00000 21.00000 11.00000 17.00000 24.00000 32.00000 16.00000 19.00000 25.00000 31.00000 0.00000 5.00000 18.00000 33.00000
31.00000 24.00000 24.00000 28.00000 23.00000 30.00000 27.00000 26.00000 34.00000 13.00000 34.00000 31.00000 25.00000 25.00000 26.00000 27.00000 19.00000 37.00000 30.00000 29.00000 35.00000 29.00000 32.00000 26.00000 21.00000 36.00000 34.00000 35.00000 29.00000 31.00000 34.00000 25.00000 22.00000 14.00000 23.00000 34.00000 36.00000 25.00000 33.00000 22.00000 35.00000 25.00000 33.00000 37.00000 21.00000 29.00000 19.00000 30.00000 22.00000 17.00000 30.00000 31.00000 30.00000 18.00000 27.00000 24.00000 19.00000 23.00000 22.00000 32.00000 6.00000 23.00000 31.00000 39.00000 23.00000 15.00000 18.00000 25.00000 30.00000 19.00000 17.00000 24.00000 32.00000 5.00000 0.00000 21.00000 31.00000
27.00000 24.00000 21.00000 23.00000 22.00000 24.00000 30.00000 20.00000 37.00000 26.00000 33.00000 34.00000 19.00000 19.00000 23.00000 22.00000 19.00000 36.00000 24.00000 31.00000 30.00000 31.00000 31.00000 29.00000 21.00000 36.00000 30.00000 35.00000 31.00000 33.00000 36.00000 26.00000 3.00000 18.00000 17.00000 34.00000 36.00000 25.00000 35.00000 19.00000 37.00000 18.00000 35.00000 37.00000 13.00000 24.00000 7.00000 33.00000 19.00000 19.00000 32.00000 33.00000 33.00000 20.00000 29.00000 21.00000 28.00000 17.00000 9.00000 33.00000 17.00000 23.00000 27.00000 35.00000 11.00000 22.00000 13.00000 19.00000 33.00000 6.00000 20.00000 19.00000 25.00000 18.00000 21.00000 0.00000 27.00000
0.00000 9.00000 15.00000 10.00000 17.00000 10.00000 11.00000 12.00000 18.00000 22.00000 9.00000 13.00000 12.00000 17.00000 18.00000 20.00000 14.00000 12.00000 7.00000 9.00000 10.00000 12.00000 7.00000 14.00000 10.00000 12.00000 10.00000 11.00000 13.00000 12.00000 14.00000 23.00000 29.00000 26.00000 15.00000 10.00000 12.00000 8.00000 15.00000 9.00000 16.00000 12.00000 13.00000 13.00000 39.00000 8.00000 25.00000 13.00000 13.00000 39.00000 12.00000 14.00000 11.00000 13.00000 14.00000 7.00000 38.00000 14.00000 20.00000 9.00000 30.00000 7.00000 0.00000 16.00000 21.00000 37.00000 18.00000 18.00000 12.00000 30.00000 14.00000 15.00000 9.00000 31.00000 29.00000 27.00000 0.00000
p
0.0 0.0 0.0 0.0 0.0 0.0 
0.0 0.0 0.0 0.0 0.0 0.0 
0.0 0.0 0.0 0.0 0.0 0.0 
0.0 0.0 0.0 0.0 0.0 0.0 
0.0 0.0 0.0 0.0 0.0 0.0 
0.0 0.0 0.0 0.0 0.0 0.0 
0.0 0.0 0.0 0.0 0.0 0.0 
0.0 0.0 0.0 0.0 0.0 0.0 
0.0 0.0 0.0 0.0 0.0 0.0 
0.0 0.0 0.0 0.0 0.0 0.0 
0.0 0.0 0.0 0.0 0.0 0.0 
0.0 0.0 0.0 0.0 0.0 0.0 
0.0 0.0 0.0 0.0 0.0 0.0 
0.0 0.0 0.0 0.0 0.0 0.0 
0.0 0.0 0.0 0.0 0.0 0.0 
0 0 50 31 0 0 
0 0 50 31 0 0 
0 0 50 31 0 0 
0 0 50 31 0 0 
0 0 50 31 0 0 
0 0 50 31 0 0 
0 0 50 31 0 0 
0 0 50 31 0 0 
0 0 50 31 0 0 
0 0 50 31 0 0 
0 0 50 31 0 0 
0 0 50 31 0 0 
0 0 50 31 0 0 
0 0 50 31 0 0 
0 0 50 31 0 0 
0 0 0 0 36 0 
0 0 0 0 36 0 
0 0 0 0 36 0 
0 0 0 0 36 0 
0 0 0 0 36 0 
0 0 0 0 36 0 
0 0 0 0 36 0 
0 0 0 0 36 0 
0 0 0 0 36 0 
0 0 0 0 36 0 
0 0 0 0 36 0 
0 0 0 0 36 0 
0 0 0 0 36 0 
0 0 0 0 36 0 
0 0 0 0 36 0 
0 54 0 0 39 0 
0 54 0 0 39 0 
0 54 0 0 39 0 
0 54 0 0 39 0 
0 54 0 0 39 0 
0 54 0 0 39 0 
0 54 0 0 39 0 
0 54 0 0 39 0 
0 54 0 0 39 0 
0 54 0 0 39 0 
0 54 0 0 39 0 
0 54 0 0 39 0 
0 54 0 0 39 0 
0 54 0 0 39 0 
0 54 0 0 39 0 
39 0 0 0 0 0 
39 0 0 0 0 0 
39 0 0 0 0 0 
39 0 0 0 0 0 
39 0 0 0 0 0 
39 0 0 0 0 0 
39 0 0 0 0 0 
39 0 0 0 0 0 
39 0 0 0 0 0 
39 0 0 0 0 0 
39 0 0 0 0 0 
39 0 0 0 0 0 
39 0 0 0 0 0 
39 0 0 0 0 0 
39 0 0 0 0 0 
0 0 0 0 0 24 
0 0 0 0 0 24 
0 0 0 0 0 24 
0 0 0 0 0 24 
0 0 0 0 0 24 
0 0 0 0 0 24 
0 0 0 0 0 24 
0 0 0 0 0 24 
0 0 0 0 0 24 
0 0 0 0 0 24 
0 0 0 0 0 24 
0 0 0 0 0 24 
0 0 0 0 0 24 
0 0 0 0 0 24 
0 0 0 0 0 24 
0 15 0 0 0 0 
0 15 0 0 0 0 
0 15 0 0 0 0 
0 15 0 0 0 0 
0 15 0 0 0 0 
0 15 0 0 0 0 
0 15 0 0 0 0 
0 15 0 0 0 0 
0 15 0 0 0 0 
0 15 0 0 0 0 
0 15 0 0 0 0 
0 15 0 0 0 0 
0 15 0 0 0 0 
0 15 0 0 0 0 
0 15 0 0 0 0 
35 0 0 24 0 0 
35 0 0 24 0 0 
35 0 0 24 0 0 
35 0 0 24 0 0 
35 0 0 24 0 0 
35 0 0 24 0 0 
35 0 0 24 0 0 
35 0 0 24 0 0 
35 0 0 24 0 0 
35 0 0 24 0 0 
35 0 0 24 0 0 
35 0 0 24 0 0 
35 0 0 24 0 0 
35 0 0 24 0 0 
35 0 0 24 0 0 
27 0 0 0 0 0 
27 0 0 0 0 0 
27 0 0 0 0 0 
27 0 0 0 0 0 
27 0 0 0 0 0 
27 0 0 0 0 0 
27 0 0 0 0 0 
27 0 0 0 0 0 
27 0 0 0 0 0 
27 0 0 0 0 0 
27 0 0 0 0 0 
27 0 0 0 0 0 
27 0 0 0 0 0 
27 0 0 0 0 0 
27 0 0 0 0 0 
0 0 0 0 0 31 
0 0 0 0 0 31 
0 0 0 0 0 31 
0 0 0 0 0 31 
0 0 0 0 0 31 
0 0 0 0 0 31 
0 0 0 0 0 31 
0 0 0 0 0 31 
0 0 0 0 0 31 
0 0 0 0 0 31 
0 0 0 0 0 31 
0 0 0 0 0 31 
0 0 0 0 0 31 
0 0 0 0 0 31 
0 0 0 0 0 31 
56 0 0 27 0 0 
56 0 0 27 0 0 
56 0 0 27 0 0 
56 0 0 27 0 0 
56 0 0 27 0 0 
56 0 0 27 0 0 
56 0 0 27 0 0 
56 0 0 27 0 0 
56 0 0 27 0 0 
56 0 0 27 0 0 
56 0 0 27 0 0 
56 0 0 27 0 0 
56 0 0 27 0 0 
56 0 0 27 0 0 
56 0 0 27 0 0 
0 0 0 45 0 0 
0 0 0 45 0 0 
0 0 0 45 0 0 
0 0 0 45 0 0 
0 0 0 45 0 0 
0 0 0 45 0 0 
0 0 0 45 0 0 
0 0 0 45 0 0 
0 0 0 45 0 0 
0 0 0 45 0 0 
0 0 0 45 0 0 
0 0 0 45 0 0 
0 0 0 45 0 0 
0 0 0 45 0 0 
0 0 0 45 0 0 
0 0 0 52 0 0 
0 0 0 52 0 0 
0 0 0 52 0 0 
0 0 0 52 0 0 
0 0 0 52 0 0 
0 0 0 52 0 0 
0 0 0 52 0 0 
0 0 0 52 0 0 
0 0 0 52 0 0 
0 0 0 52 0 0 
0 0 0 52 0 0 
0 0 0 52 0 0 
0 0 0 52 0 0 
0 0 0 52 0 0 
0 0 0 52 0 0 
0 36 0 0 0 0 
0 36 0 0 0 0 
0 36 0 0 0 0 
0 36 0 0 0 0 
0 36 0 0 0 0 
0 36 0 0 0 0 
0 36 0 0 0 0 
0 36 0 0 0 0 
0 36 0 0 0 0 
0 36 0 0 0 0 
0 36 0 0 0 0 
0 36 0 0 0 0 
0 36 0 0 0 0 
0 36 0 0 0 0 
0 36 0 0 0 0 
0 0 0 29 0 0 
0 0 0 29 0 0 
0 0 0 29 0 0 
0 0 0 29 0 0 
0 0 0 29 0 0 
0 0 0 29 0 0 
0 0 0 29 0 0 
0 0 0 29 0 0 
0 0 0 29 0 0 
0 0 0 29 0 0 
0 0 0 29 0 0 
0 0 0 29 0 0 
0 0 0 29 0 0 
0 0 0 29 0 0 
0 0 0 29 0 0 
0 0 0 0 0 29 
0 0 0 0 0 29 
0 0 0 0 0 29 
0 0 0 0 0 29 
0 0 0 0 0 29 
0 0 0 0 0 29 
0 0 0 0 0 29 
0 0 0 0 0 29 
0 0 0 0 0 29 
0 0 0 0 0 29 
0 0 0 0 0 29 
0 0 0 0 0 29 
0 0 0 0 0 29 
0 0 0 0 0 29 
0 0 0 0 0 29 
0 26 0 0 60 0 
0 26 0 0 60 0 
0 26 0 0 60 0 
0 26 0 0 60 0 
0 26 0 0 60 0 
0 26 0 0 60 0 
0 26 0 0 60 0 
0 26 0 0 60 0 
0 26 0 0 60 0 
0 26 0 0 60 0 
0 26 0 0 60 0 
0 26 0 0 60 0 
0 26 0 0 60 0 
0 26 0 0 60 0 
0 26 0 0 60 0 
0 0 0 0 41 0 
0 0 0 0 41 0 
0 0 0 0 41 0 
0 0 0 0 41 0 
0 0 0 0 41 0 
0 0 0 0 41 0 
0 0 0 0 41 0 
0 0 0 0 41 0 
0 0 0 0 41 0 
0 0 0 0 41 0 
0 0 0 0 41 0 
0 0 0 0 41 0 
0 0 0 0 41 0 
0 0 0 0 41 0 
0 0 0 0 41 0 
0 37 0 43 0 0 
0 37 0 43 0 0 
0 37 0 43 0 0 
0 37 0 43 0 0 
0 37 0 43 0 0 
0 37 0 43 0 0 
0 37 0 43 0 0 
0 37 0 43 0 0 
0 37 0 43 0 0 
0 37 0 43 0 0 
0 37 0 43 0 0 
0 37 0 43 0 0 
0 37 0 43 0 0 
0 37 0 43 0 0 
0 37 0 43 0 0 
0 51 0 24 0 0 
0 51 0 24 0 0 
0 51 0 24 0 0 
0 51 0 24 0 0 
0 51 0 24 0 0 
0 51 0 24 0 0 
0 51 0 24 0 0 
0 51 0 24 0 0 
0 51 0 24 0 0 
0 51 0 24 0 0 
0 51 0 24 0 0 
0 51 0 24 0 0 
0 51 0 24 0 0 
0 51 0 24 0 0 
0 51 0 24 0 0 
46 0 0 0 0 59 
46 0 0 0 0 59 
46 0 0 0 0 59 
46 0 0 0 0 59 
46 0 0 0 0 59 
46 0 0 0 0 59 
46 0 0 0 0 59 
46 0 0 0 0 59 
46 0 0 0 0 59 
46 0 0 0 0 59 
46 0 0 0 0 59 
46 0 0 0 0 59 
46 0 0 0 0 59 
46 0 0 0 0 59 
46 0 0 0 0 59 
0 38 0 0 36 0 
0 38 0 0 36 0 
0 38 0 0 36 0 
0 38 0 0 36 0 
0 38 0 0 36 0 
0 38 0 0 36 0 
0 38 0 0 36 0 
0 38 0 0 36 0 
0 38 0 0 36 0 
0 38 0 0 36 0 
0 38 0 0 36 0 
0 38 0 0 36 0 
0 38 0 0 36 0 
0 38 0 0 36 0 
0 38 0 0 36 0 
0 0 0 0 0 28 
0 0 0 0 0 28 
0 0 0 0 0 28 
0 0 0 0 0 28 
0 0 0 0 0 28 
0 0 0 0 0 28 
0 0 0 0 0 28 
0 0 0 0 0 28 
0 0 0 0 0 28 
0 0 0 0 0 28 
0 0 0 0 0 28 
0 0 0 0 0 28 
0 0 0 0 0 28 
0 0 0 0 0 28 
0 0 0 0 0 28 
0 0 0 0 0 45 
0 0 0 0 0 45 
0 0 0 0 0 45 
0 0 0 0 0 45 
0 0 0 0 0 45 
0 0 0 0 0 45 
0 0 0 0 0 45 
0 0 0 0 0 45 
0 0 0 0 0 45 
0 0 0 0 0 45 
0 0 0 0 0 45 
0 0 0 0 0 45 
0 0 0 0 0 45 
0 0 0 0 0 45 
0 0 0 0 0 45 
0 0 46 0 15 0 
0 0 46 0 15 0 
0 0 46 0 15 0 
0 0 46 0 15 0 
0 0 46 0 15 0 
0 0 46 0 15 0 
0 0 46 0 15 0 
0 0 46 0 15 0 
0 0 46 0 15 0 
0 0 46 0 15 0 
0 0 46 0 15 0 
0 0 46 0 15 0 
0 0 46 0 15 0 
0 0 46 0 15 0 
0 0 46 0 15 0 
0 0 57 17 0 0 
0 0 57 17 0 0 
0 0 57 17 0 0 
0 0 57 17 0 0 
0 0 57 17 0 0 
0 0 57 17 0 0 
0 0 57 17 0 0 
0 0 57 17 0 0 
0 0 57 17 0 0 
0 0 57 17 0 0 
0 0 57 17 0 0 
0 0 57 17 0 0 
0 0 57 17 0 0 
0 0 57 17 0 0 
0 0 57 17 0 0 
42 0 0 0 0 0 
42 0 0 0 0 0 
42 0 0 0 0 0 
42 0 0 0 0 0 
42 0 0 0 0 0 
42 0 0 0 0 0 
42 0 0 0 0 0 
42 0 0 0 0 0 
42 0 0 0 0 0 
42 0 0 0 0 0 
42 0 0 0 0 0 
42 0 0 0 0 0 
42 0 0 0 0 0 
42 0 0 0 0 0 
42 0 0 0 0 0 
0 0 16 0 0 0 
0 0 16 0 0 0 
0 0 16 0 0 0 
0 0 16 0 0 0 
0 0 16 0 0 0 
0 0 16 0 0 0 
0 0 16 0 0 0 
0 0 16 0 0 0 
0 0 16 0 0 0 
0 0 16 0 0 0 
0 0 16 0 0 0 
0 0 16 0 0 0 
0 0 16 0 0 0 
0 0 16 0 0 0 
0 0 16 0 0 0 
22 0 0 0 24 0 
22 0 0 0 24 0 
22 0 0 0 24 0 
22 0 0 0 24 0 
22 0 0 0 24 0 
22 0 0 0 24 0 
22 0 0 0 24 0 
22 0 0 0 24 0 
22 0 0 0 24 0 
22 0 0 0 24 0 
22 0 0 0 24 0 
22 0 0 0 24 0 
22 0 0 0 24 0 
22 0 0 0 24 0 
22 0 0 0 24 0 
0 0 0 16 0 0 
0 0 0 16 0 0 
0 0 0 16 0 0 
0 0 0 16 0 0 
0 0 0 16 0 0 
0 0 0 16 0 0 
0 0 0 16 0 0 
0 0 0 16 0 0 
0 0 0 16 0 0 
0 0 0 16 0 0 
0 0 0 16 0 0 
0 0 0 16 0 0 
0 0 0 16 0 0 
0 0 0 16 0 0 
0 0 0 16 0 0 
0 0 0 0 36 0 
0 0 0 0 36 0 
0 0 0 0 36 0 
0 0 0 0 36 0 
0 0 0 0 36 0 
0 0 0 0 36 0 
0 0 0 0 36 0 
0 0 0 0 36 0 
0 0 0 0 36 0 
0 0 0 0 36 0 
0 0 0 0 36 0 
0 0 0 0 36 0 
0 0 0 0 36 0 
0 0 0 0 36 0 
0 0 0 0 36 0 
0 0 0 0 40 0 
0 0 0 0 40 0 
0 0 0 0 40 0 
0 0 0 0 40 0 
0 0 0 0 40 0 
0 0 0 0 40 0 
0 0 0 0 40 0 
0 0 0 0 40 0 
0 0 0 0 40 0 
0 0 0 0 40 0 
0 0 0 0 40 0 
0 0 0 0 40 0 
0 0 0 0 40 0 
0 0 0 0 40 0 
0 0 0 0 40 0 
0 0 0 0 60 0 
0 0 0 0 60 0 
0 0 0 0 60 0 
0 0 0 0 60 0 
0 0 0 0 60 0 
0 0 0 0 60 0 
0 0 0 0 60 0 
0 0 0 0 60 0 
0 0 0 0 60 0 
0 0 0 0 60 0 
0 0 0 0 60 0 
0 0 0 0 60 0 
0 0 0 0 60 0 
0 0 0 0 60 0 
0 0 0 0 60 0 
0 0 0 0 18 0 
0 0 0 0 18 0 
0 0 0 0 18 0 
0 0 0 0 18 0 
0 0 0 0 18 0 
0 0 0 0 18 0 
0 0 0 0 18 0 
0 0 0 0 18 0 
0 0 0 0 18 0 
0 0 0 0 18 0 
0 0 0 0 18 0 
0 0 0 0 18 0 
0 0 0 0 18 0 
0 0 0 0 18 0 
0 0 0 0 18 0 
0 0 0 21 0 0 
0 0 0 21 0 0 
0 0 0 21 0 0 
0 0 0 21 0 0 
0 0 0 21 0 0 
0 0 0 21 0 0 
0 0 0 21 0 0 
0 0 0 21 0 0 
0 0 0 21 0 0 
0 0 0 21 0 0 
0 0 0 21 0 0 
0 0 0 21 0 0 
0 0 0 21 0 0 
0 0 0 21 0 0 
0 0 0 21 0 0 
0 0 0 0 28 0 
0 0 0 0 28 0 
0 0 0 0 28 0 
0 0 0 0 28 0 
0 0 0 0 28 0 
0 0 0 0 28 0 
0 0 0 0 28 0 
0 0 0 0 28 0 
0 0 0 0 28 0 
0 0 0 0 28 0 
0 0 0 0 28 0 
0 0 0 0 28 0 
0 0 0 0 28 0 
0 0 0 0 28 0 
0 0 0 0 28 0 
0 0 0 0 53 0 
0 0 0 0 53 0 
0 0 0 0 53 0 
0 0 0 0 53 0 
0 0 0 0 53 0 
0 0 0 0 53 0 
0 0 0 0 53 0 
0 0 0 0 53 0 
0 0 0 0 53 0 
0 0 0 0 53 0 
0 0 0 0 53 0 
0 0 0 0 53 0 
0 0 0 0 53 0 
0 0 0 0 53 0 
0 0 0 0 53 0 
0 0 57 0 0 0 
0 0 57 0 0 0 
0 0 57 0 0 0 
0 0 57 0 0 0 
0 0 57 0 0 0 
0 0 57 0 0 0 
0 0 57 0 0 0 
0 0 57 0 0 0 
0 0 57 0 0 0 
0 0 57 0 0 0 
0 0 57 0 0 0 
0 0 57 0 0 0 
0 0 57 0 0 0 
0 0 57 0 0 0 
0 0 57 0 0 0 
0 0 0 23 0 0 
0 0 0 23 0 0 
0 0 0 23 0 0 
0 0 0 23 0 0 
0 0 0 23 0 0 
0 0 0 23 0 0 
0 0 0 23 0 0 
0 0 0 23 0 0 
0 0 0 23 0 0 
0 0 0 23 0 0 
0 0 0 23 0 0 
0 0 0 23 0 0 
0 0 0 23 0 0 
0 0 0 23 0 0 
0 0 0 23 0 0 
0 44 0 0 40 0 
0 44 0 0 40 0 
0 44 0 0 40 0 
0 44 0 0 40 0 
0 44 0 0 40 0 
0 44 0 0 40 0 
0 44 0 0 40 0 
0 44 0 0 40 0 
0 44 0 0 40 0 
0 44 0 0 40 0 
0 44 0 0 40 0 
0 44 0 0 40 0 
0 44 0 0 40 0 
0 44 0 0 40 0 
0 44 0 0 40 0 
0 0 32 0 0 30 
0 0 32 0 0 30 
0 0 32 0 0 30 
0 0 32 0 0 30 
0 0 32 0 0 30 
0 0 32 0 0 30 
0 0 32 0 0 30 
0 0 32 0 0 30 
0 0 32 0 0 30 
0 0 32 0 0 30 
0 0 32 0 0 30 
0 0 32 0 0 30 
0 0 32 0 0 30 
0 0 32 0 0 30 
0 0 32 0 0 30 
0 0 34 43 0 0 
0 0 34 43 0 0 
0 0 34 43 0 0 
0 0 34 43 0 0 
0 0 34 43 0 0 
0 0 34 43 0 0 
0 0 34 43 0 0 
0 0 34 43 0 0 
0 0 34 43 0 0 
0 0 34 43 0 0 
0 0 34 43 0 0 
0 0 34 43 0 0 
0 0 34 43 0 0 
0 0 34 43 0 0 
0 0 34 43 0 0 
16 0 0 0 49 0 
16 0 0 0 49 0 
16 0 0 0 49 0 
16 0 0 0 49 0 
16 0 0 0 49 0 
16 0 0 0 49 0 
16 0 0 0 49 0 
16 0 0 0 49 0 
16 0 0 0 49 0 
16 0 0 0 49 0 
16 0 0 0 49 0 
16 0 0 0 49 0 
16 0 0 0 49 0 
16 0 0 0 49 0 
16 0 0 0 49 0 
0 0 0 0 0 42 
0 0 0 0 0 42 
0 0 0 0 0 42 
0 0 0 0 0 42 
0 0 0 0 0 42 
0 0 0 0 0 42 
0 0 0 0 0 42 
0 0 0 0 0 42 
0 0 0 0 0 42 
0 0 0 0 0 42 
0 0 0 0 0 42 
0 0 0 0 0 42 
0 0 0 0 0 42 
0 0 0 0 0 42 
0 0 0 0 0 42 
0 0 30 0 0 0 
0 0 30 0 0 0 
0 0 30 0 0 0 
0 0 30 0 0 0 
0 0 30 0 0 0 
0 0 30 0 0 0 
0 0 30 0 0 0 
0 0 30 0 0 0 
0 0 30 0 0 0 
0 0 30 0 0 0 
0 0 30 0 0 0 
0 0 30 0 0 0 
0 0 30 0 0 0 
0 0 30 0 0 0 
0 0 30 0 0 0 
0 0 36 36 0 0 
0 0 36 36 0 0 
0 0 36 36 0 0 
0 0 36 36 0 0 
0 0 36 36 0 0 
0 0 36 36 0 0 
0 0 36 36 0 0 
0 0 36 36 0 0 
0 0 36 36 0 0 
0 0 36 36 0 0 
0 0 36 36 0 0 
0 0 36 36 0 0 
0 0 36 36 0 0 
0 0 36 36 0 0 
0 0 36 36 0 0 
47 0 0 0 0 0 
47 0 0 0 0 0 
47 0 0 0 0 0 
47 0 0 0 0 0 
47 0 0 0 0 0 
47 0 0 0 0 0 
47 0 0 0 0 0 
47 0 0 0 0 0 
47 0 0 0 0 0 
47 0 0 0 0 0 
47 0 0 0 0 0 
47 0 0 0 0 0 
47 0 0 0 0 0 
47 0 0 0 0 0 
47 0 0 0 0 0 
0 0 0 0 38 0 
0 0 0 0 38 0 
0 0 0 0 38 0 
0 0 0 0 38 0 
0 0 0 0 38 0 
0 0 0 0 38 0 
0 0 0 0 38 0 
0 0 0 0 38 0 
0 0 0 0 38 0 
0 0 0 0 38 0 
0 0 0 0 38 0 
0 0 0 0 38 0 
0 0 0 0 38 0 
0 0 0 0 38 0 
0 0 0 0 38 0 
46 0 0 19 0 0 
46 0 0 19 0 0 
46 0 0 19 0 0 
46 0 0 19 0 0 
46 0 0 19 0 0 
46 0 0 19 0 0 
46 0 0 19 0 0 
46 0 0 19 0 0 
46 0 0 19 0 0 
46 0 0 19 0 0 
46 0 0 19 0 0 
46 0 0 19 0 0 
46 0 0 19 0 0 
46 0 0 19 0 0 
46 0 0 19 0 0 
0 0 0 0 16 0 
0 0 0 0 16 0 
0 0 0 0 16 0 
0 0 0 0 16 0 
0 0 0 0 16 0 
0 0 0 0 16 0 
0 0 0 0 16 0 
0 0 0 0 16 0 
0 0 0 0 16 0 
0 0 0 0 16 0 
0 0 0 0 16 0 
0 0 0 0 16 0 
0 0 0 0 16 0 
0 0 0 0 16 0 
0 0 0 0 16 0 
0 0 0 0 35 0 
0 0 0 0 35 0 
0 0 0 0 35 0 
0 0 0 0 35 0 
0 0 0 0 35 0 
0 0 0 0 35 0 
0 0 0 0 35 0 
0 0 0 0 35 0 
0 0 0 0 35 0 
0 0 0 0 35 0 
0 0 0 0 35 0 
0 0 0 0 35 0 
0 0 0 0 35 0 
0 0 0 0 35 0 
0 0 0 0 35 0 
0 0 0 0 0 52 
0 0 0 0 0 52 
0 0 0 0 0 52 
0 0 0 0 0 52 
0 0 0 0 0 52 
0 0 0 0 0 52 
0 0 0 0 0 52 
0 0 0 0 0 52 
0 0 0 0 0 52 
0 0 0 0 0 52 
0 0 0 0 0 52 
0 0 0 0 0 52 
0 0 0 0 0 52 
0 0 0 0 0 52 
0 0 0 0 0 52 
0 0 0 0 38 0 
0 0 0 0 38 0 
0 0 0 0 38 0 
0 0 0 0 38 0 
0 0 0 0 38 0 
0 0 0 0 38 0 
0 0 0 0 38 0 
0 0 0 0 38 0 
0 0 0 0 38 0 
0 0 0 0 38 0 
0 0 0 0 38 0 
0 0 0 0 38 0 
0 0 0 0 38 0 
0 0 0 0 38 0 
0 0 0 0 38 0 
59 0 0 0 0 0 
59 0 0 0 0 0 
59 0 0 0 0 0 
59 0 0 0 0 0 
59 0 0 0 0 0 
59 0 0 0 0 0 
59 0 0 0 0 0 
59 0 0 0 0 0 
59 0 0 0 0 0 
59 0 0 0 0 0 
59 0 0 0 0 0 
59 0 0 0 0 0 
59 0 0 0 0 0 
59 0 0 0 0 0 
59 0 0 0 0 0 
0 0 0 53 0 0 
0 0 0 53 0 0 
0 0 0 53 0 0 
0 0 0 53 0 0 
0 0 0 53 0 0 
0 0 0 53 0 0 
0 0 0 53 0 0 
0 0 0 53 0 0 
0 0 0 53 0 0 
0 0 0 53 0 0 
0 0 0 53 0 0 
0 0 0 53 0 0 
0 0 0 53 0 0 
0 0 0 53 0 0 
0 0 0 53 0 0 
0 0 29 0 0 0 
0 0 29 0 0 0 
0 0 29 0 0 0 
0 0 29 0 0 0 
0 0 29 0 0 0 
0 0 29 0 0 0 
0 0 29 0 0 0 
0 0 29 0 0 0 
0 0 29 0 0 0 
0 0 29 0 0 0 
0 0 29 0 0 0 
0 0 29 0 0 0 
0 0 29 0 0 0 
0 0 29 0 0 0 
0 0 29 0 0 0 
0 43 0 0 0 0 
0 43 0 0 0 0 
0 43 0 0 0 0 
0 43 0 0 0 0 
0 43 0 0 0 0 
0 43 0 0 0 0 
0 43 0 0 0 0 
0 43 0 0 0 0 
0 43 0 0 0 0 
0 43 0 0 0 0 
0 43 0 0 0 0 
0 43 0 0 0 0 
0 43 0 0 0 0 
0 43 0 0 0 0 
0 43 0 0 0 0 
0 0 0 0 34 0 
0 0 0 0 34 0 
0 0 0 0 34 0 
0 0 0 0 34 0 
0 0 0 0 34 0 
0 0 0 0 34 0 
0 0 0 0 34 0 
0 0 0 0 34 0 
0 0 0 0 34 0 
0 0 0 0 34 0 
0 0 0 0 34 0 
0 0 0 0 34 0 
0 0 0 0 34 0 
0 0 0 0 34 0 
0 0 0 0 34 0 
43 0 0 0 0 0 
43 0 0 0 0 0 
43 0 0 0 0 0 
43 0 0 0 0 0 
43 0 0 0 0 0 
43 0 0 0 0 0 
43 0 0 0 0 0 
43 0 0 0 0 0 
43 0 0 0 0 0 
43 0 0 0 0 0 
43 0 0 0 0 0 
43 0 0 0 0 0 
43 0 0 0 0 0 
43 0 0 0 0 0 
43 0 0 0 0 0 
0 44 0 0 0 43 
0 44 0 0 0 43 
0 44 0 0 0 43 
0 44 0 0 0 43 
0 44 0 0 0 43 
0 44 0 0 0 43 
0 44 0 0 0 43 
0 44 0 0 0 43 
0 44 0 0 0 43 
0 44 0 0 0 43 
0 44 0 0 0 43 
0 44 0 0 0 43 
0 44 0 0 0 43 
0 44 0 0 0 43 
0 44 0 0 0 43 
0 31 0 0 0 0 
0 31 0 0 0 0 
0 31 0 0 0 0 
0 31 0 0 0 0 
0 31 0 0 0 0 
0 31 0 0 0 0 
0 31 0 0 0 0 
0 31 0 0 0 0 
0 31 0 0 0 0 
0 31 0 0 0 0 
0 31 0 0 0 0 
0 31 0 0 0 0 
0 31 0 0 0 0 
0 31 0 0 0 0 
0 31 0 0 0 0 
0 42 0 0 0 0 
0 42 0 0 0 0 
0 42 0 0 0 0 
0 42 0 0 0 0 
0 42 0 0 0 0 
0 42 0 0 0 0 
0 42 0 0 0 0 
0 42 0 0 0 0 
0 42 0 0 0 0 
0 42 0 0 0 0 
0 42 0 0 0 0 
0 42 0 0 0 0 
0 42 0 0 0 0 
0 42 0 0 0 0 
0 42 0 0 0 0 
0 0 45 0 16 0 
0 0 45 0 16 0 
0 0 45 0 16 0 
0 0 45 0 16 0 
0 0 45 0 16 0 
0 0 45 0 16 0 
0 0 45 0 16 0 
0 0 45 0 16 0 
0 0 45 0 16 0 
0 0 45 0 16 0 
0 0 45 0 16 0 
0 0 45 0 16 0 
0 0 45 0 16 0 
0 0 45 0 16 0 
0 0 45 0 16 0 
0 16 0 0 0 0 
0 16 0 0 0 0 
0 16 0 0 0 0 
0 16 0 0 0 0 
0 16 0 0 0 0 
0 16 0 0 0 0 
0 16 0 0 0 0 
0 16 0 0 0 0 
0 16 0 0 0 0 
0 16 0 0 0 0 
0 16 0 0 0 0 
0 16 0 0 0 0 
0 16 0 0 0 0 
0 16 0 0 0 0 
0 16 0 0 0 0 
0 0 37 0 0 0 
0 0 37 0 0 0 
0 0 37 0 0 0 
0 0 37 0 0 0 
0 0 37 0 0 0 
0 0 37 0 0 0 
0 0 37 0 0 0 
0 0 37 0 0 0 
0 0 37 0 0 0 
0 0 37 0 0 0 
0 0 37 0 0 0 
0 0 37 0 0 0 
0 0 37 0 0 0 
0 0 37 0 0 0 
0 0 37 0 0 0 
0 0 0 32 0 0 
0 0 0 32 0 0 
0 0 0 32 0 0 
0 0 0 32 0 0 
0 0 0 32 0 0 
0 0 0 32 0 0 
0 0 0 32 0 0 
0 0 0 32 0 0 
0 0 0 32 0 0 
0 0 0 32 0 0 
0 0 0 32 0 0 
0 0 0 32 0 0 
0 0 0 32 0 0 
0 0 0 32 0 0 
0 0 0 32 0 0 
47 0 0 0 0 0 
47 0 0 0 0 0 
47 0 0 0 0 0 
47 0 0 0 0 0 
47 0 0 0 0 0 
47 0 0 0 0 0 
47 0 0 0 0 0 
47 0 0 0 0 0 
47 0 0 0 0 0 
47 0 0 0 0 0 
47 0 0 0 0 0 
47 0 0 0 0 0 
47 0 0 0 0 0 
47 0 0 0 0 0 
47 0 0 0 0 0 
0 0 0 0 24 0 
0 0 0 0 24 0 
0 0 0 0 24 0 
0 0 0 0 24 0 
0 0 0 0 24 0 
0 0 0 0 24 0 
0 0 0 0 24 0 
0 0 0 0 24 0 
0 0 0 0 24 0 
0 0 0 0 24 0 
0 0 0 0 24 0 
0 0 0 0 24 0 
0 0 0 0 24 0 
0 0 0 0 24 0 
0 0 0 0 24 0 
0 0 53 0 30 0 
0 0 53 0 30 0 
0 0 53 0 30 0 
0 0 53 0 30 0 
0 0 53 0 30 0 
0 0 53 0 30 0 
0 0 53 0 30 0 
0 0 53 0 30 0 
0 0 53 0 30 0 
0 0 53 0 30 0 
0 0 53 0 30 0 
0 0 53 0 30 0 
0 0 53 0 30 0 
0 0 53 0 30 0 
0 0 53 0 30 0 
0 0 60 57 0 0 
0 0 60 57 0 0 
0 0 60 57 0 0 
0 0 60 57 0 0 
0 0 60 57 0 0 
0 0 60 57 0 0 
0 0 60 57 0 0 
0 0 60 57 0 0 
0 0 60 57 0 0 
0 0 60 57 0 0 
0 0 60 57 0 0 
0 0 60 57 0 0 
0 0 60 57 0 0 
0 0 60 57 0 0 
0 0 60 57 0 0 
0 46 0 0 0 0 
0 46 0 0 0 0 
0 46 0 0 0 0 
0 46 0 0 0 0 
0 46 0 0 0 0 
0 46 0 0 0 0 
0 46 0 0 0 0 
0 46 0 0 0 0 
0 46 0 0 0 0 
0 46 0 0 0 0 
0 46 0 0 0 0 
0 46 0 0 0 0 
0 46 0 0 0 0 
0 46 0 0 0 0 
0 46 0 0 0 0 
0 0 21 0 42 0 
0 0 21 0 42 0 
0 0 21 0 42 0 
0 0 21 0 42 0 
0 0 21 0 42 0 
0 0 21 0 42 0 
0 0 21 0 42 0 
0 0 21 0 42 0 
0 0 21 0 42 0 
0 0 21 0 42 0 
0 0 21 0 42 0 
0 0 21 0 42 0 
0 0 21 0 42 0 
0 0 21 0 42 0 
0 0 21 0 42 0 
50 0 0 0 0 0 
50 0 0 0 0 0 
50 0 0 0 0 0 
50 0 0 0 0 0 
50 0 0 0 0 0 
50 0 0 0 0 0 
50 0 0 0 0 0 
50 0 0 0 0 0 
50 0 0 0 0 0 
50 0 0 0 0 0 
50 0 0 0 0 0 
50 0 0 0 0 0 
50 0 0 0 0 0 
50 0 0 0 0 0 
50 0 0 0 0 0 
0 0 54 54 0 0 
0 0 54 54 0 0 
0 0 54 54 0 0 
0 0 54 54 0 0 
0 0 54 54 0 0 
0 0 54 54 0 0 
0 0 54 54 0 0 
0 0 54 54 0 0 
0 0 54 54 0 0 
0 0 54 54 0 0 
0 0 54 54 0 0 
0 0 54 54 0 0 
0 0 54 54 0 0 
0 0 54 54 0 0 
0 0 54 54 0 0 
0 0 0 0 0 26 
0 0 0 0 0 26 
0 0 0 0 0 26 
0 0 0 0 0 26 
0 0 0 0 0 26 
0 0 0 0 0 26 
0 0 0 0 0 26 
0 0 0 0 0 26 
0 0 0 0 0 26 
0 0 0 0 0 26 
0 0 0 0 0 26 
0 0 0 0 0 26 
0 0 0 0 0 26 
0 0 0 0 0 26 
0 0 0 0 0 26 
0 0 0 37 0 0 
0 0 0 37 0 0 
0 0 0 37 0 0 
0 0 0 37 0 0 
0 0 0 37 0 0 
0 0 0 37 0 0 
0 0 0 37 0 0 
0 0 0 37 0 0 
0 0 0 37 0 0 
0 0 0 37 0 0 
0 0 0 37 0 0 
0 0 0 37 0 0 
0 0 0 37 0 0 
0 0 0 37 0 0 
0 0 0 37 0 0 
0.0 0.0 0.0 0.0 0.0 0.0 
0.0 0.0 0.0 0.0 0.0 0.0 
0.0 0.0 0.0 0.0 0.0 0.0 
0.0 0.0 0.0 0.0 0.0 0.0 
0.0 0.0 0.0 0.0 0.0 0.0 
0.0 0.0 0.0 0.0 0.0 0.0 
0.0 0.0 0.0 0.0 0.0 0.0 
0.0 0.0 0.0 0.0 0.0 0.0 
0.0 0.0 0.0 0.0 0.0 0.0 
0.0 0.0 0.0 0.0 0.0 0.0 
0.0 0.0 0.0 0.0 0.0 0.0 
0.0 0.0 0.0 0.0 0.0 0.0 
0.0 0.0 0.0 0.0 0.0 0.0 
0.0 0.0 0.0 0.0 0.0 0.0 
0.0 0.0 0.0 0.0 0.0 0.0 
mind
0 14 0 0 0 0 0 0 0 0 0 0 0 0 0 0 0 0 0 12 0 14 0 0 0 18 0 0 15 0 0 0 0 0 0 0 0 0 0 0 0 0 18 0 0 21 0 0 0 0 0 0 0 0 0 0 0 0 0 28 0 0 0 0 0 0 0 0 21 10 0 19 0 19 0 0 0
maxd
0 30 0 0 0 0 0 0 0 0 0 0 0 0 0 0 0 0 0 15 0 21 0 0 0 25 0 0 20 0 0 0 0 0 0 0 0 0 0 0 0 0 21 0 0 27 0 0 0 0 0 0 0 0 0 0 0 0 0 30 0 0 0 0 0 0 0 0 25 20 0 20 0 19 0 0 0
e
0 532 483 878 646 935 851 483 552 886 642 868 490 933 616 718 850 780 840 656 557 760 590 784 909 605 942 801 521 515 716 826 901 698 602 899 726 561 761 576 940 581 604 855 846 746 695 593 578 934 532 743 595 613 935 953 687 566 808 598 593 660 747 592 617 675 943 650 883 662 748 742 902 952 918 789 0
l
99999 652 603 998 766 1055 971 603 672 1006 762 988 610 1053 736 838 970 900 960 776 677 880 710 904 1029 725 1062 921 641 635 836 946 1021 818 722 1019 846 681 881 696 1060 701 724 975 966 866 815 713 698 1054 652 863 715 733 1055 1073 807 686 928 718 713 780 867 712 737 795 1063 770 1003 782 868 862 1022 1072 1038 909 99999
