nbNodes
77
nbVehi
15
nbServi
6
r
1 1 1 1 1 1 
1 0 0 0 0 0 
0 1 0 0 0 0 
0 0 0 0 0 1 
1 0 0 1 0 0 
1 0 0 0 0 0 
0 0 1 0 0 1 
0 0 0 0 0 1 
1 0 0 0 1 0 
0 0 0 0 1 0 
0 1 0 0 0 0 
0 0 1 0 0 0 
0 0 0 0 1 0 
0 0 0 0 1 0 
0 0 1 0 0 0 
0 0 0 1 0 0 
1 0 0 0 1 0 
1 0 0 0 0 1 
1 0 0 0 0 0 
0 0 1 0 0 1 
0 0 0 0 0 1 
0 1 0 0 0 0 
0 0 0 0 0 1 
0 1 0 0 0 0 
0 1 0 0 0 0 
0 1 0 0 0 0 
0 1 0 0 0 0 
0 0 0 0 0 1 
0 0 0 1 0 0 
0 0 0 0 0 1 
1 0 0 0 0 0 
0 0 0 0 1 0 
1 0 0 0 0 1 
0 1 0 1 0 0 
0 1 0 0 0 1 
0 0 1 0 0 1 
1 0 0 0 0 1 
1 0 0 1 0 0 
0 0 0 0 1 0 
0 0 1 0 0 0 
0 0 0 0 0 1 
0 0 1 1 0 0 
0 0 1 0 0 1 
0 1 0 0 0 0 
0 0 0 0 0 1 
0 0 0 0 0 1 
0 0 1 0 0 1 
0 0 1 0 1 0 
0 0 1 0 0 0 
1 0 0 0 0 0 
1 0 0 0 0 1 
1 0 0 0 0 1 
0 0 0 0 0 1 
0 1 0 0 0 0 
0 0 1 0 0 0 
0 0 0 1 0 0 
0 0 0 0 0 1 
0 0 1 0 0 1 
1 0 0 1 0 0 
0 0 0 0 0 1 
0 1 0 0 0 0 
0 0 1 0 0 0 
0 1 0 0 0 0 
0 0 0 0 0 1 
0 0 0 0 0 1 
0 0 1 0 0 1 
0 0 1 0 0 1 
0 0 1 0 0 0 
0 0 1 1 0 0 
1 0 0 0 0 0 
0 0 0 0 1 0 
0 1 0 1 0 0 
0 0 1 0 0 0 
0 0 0 1 0 0 
0 0 1 0 0 0 
0 0 0 0 0 1 
1 1 1 1 1 1 
DS
5 7 9 17 18 20 33 34 35 36 37 38 42 43 47 48 51 52 58 59 66 67 69 72 
a
0 1 1 0 0 0 
1 1 0 0 0 0 
1 0 1 0 0 0 
1 1 1 0 0 0 
0 1 1 0 0 0 
1 1 1 0 0 0 
1 0 0 0 0 0 
0 0 0 1 1 1 
0 0 0 0 1 1 
0 0 0 1 0 1 
0 0 0 0 1 1 
0 0 0 0 1 1 
0 0 0 0 0 1 
0 0 0 0 0 1 
0 0 0 0 0 1 
x
-30.0435 -30.0813 -30.0088 -30.02 -30.0548 -30.0113 -30.0704 -30.004 -30.0452 -30.0105 -30.065 -30.0214 -30.0528 -30.0542 -30.0113 -30.0198 -30.0785 -30.0131 -30.0163 -30.0191 -30.082 -30.0813 -30.0284 -30.0853 -30.0256 -30.0713 -30.0211 -30.0232 -30.0187 -30.0693 -30.0115 -30.0731 -30.0389 -30.0435 -30.0807 -30.0764 -30.0497 -30.0505 -30.0679 -30.0634 -30.0708 -30.072 -30.0865 -30.0058 -30.075 -30.0114 -30.0418 -30.0563 -30.0736 -30.044 -30.0701 -30.0322 -30.0473 -30.0328 -30.0755 -30.0148 -30.0229 -30.0682 -30.0499 -30.0414 -30.0715 -30.0317 -29.9942 -30.0533 -30.072 -30.0081 -30.0921 -30.0828 -30.0104 -30.0114 -30.0775 -30.0746 -30.072 -30.0789 -30.0438 -30.0184 -30.0435
y
-51.1817 -51.1934 -51.1783 -51.1501 -51.197 -51.15 -51.2214 -51.1713 -51.1578 -51.1492 -51.2322 -51.1695 -51.1964 -51.1823 -51.1773 -51.1432 -51.237 -51.156 -51.2042 -51.1532 -51.232 -51.2191 -51.2047 -51.2238 -51.1951 -51.2346 -51.1525 -51.1843 -51.1582 -51.2107 -51.1686 -51.2231 -51.1651 -51.1817 -51.2074 -51.2261 -51.1905 -51.1704 -51.2026 -51.2112 -51.221 -51.2186 -51.2178 -51.1487 -51.213 -51.1888 -51.126 -51.1967 -51.2132 -51.209 -51.2259 -51.1492 -51.201 -51.2341 -51.2306 -51.205 -51.2135 -51.2137 -51.2231 -51.2221 -51.2042 -51.2073 -51.138 -51.1975 -51.2277 -51.141 -51.2382 -51.1946 -51.2033 -51.205 -51.2257 -51.2289 -51.206 -51.2181 -51.1803 -51.2085 -51.1817
d
0.00000 12.00000 10.00000 9.00000 7.00000 11.00000 14.00000 11.00000 6.00000 13.00000 15.00000 7.00000 8.00000 3.00000 9.00000 10.00000 17.00000 11.00000 11.00000 9.00000 16.00000 13.00000 9.00000 13.00000 8.00000 17.00000 9.00000 8.00000 9.00000 11.00000 10.00000 14.00000 5.00000 0.00000 12.00000 14.00000 5.00000 5.00000 9.00000 12.00000 14.00000 12.00000 11.00000 13.00000 12.00000 10.00000 11.00000 7.00000 12.00000 9.00000 14.00000 7.00000 7.00000 13.00000 15.00000 11.00000 11.00000 11.00000 11.00000 12.00000 10.00000 8.00000 16.00000 8.00000 15.00000 13.00000 15.00000 12.00000 13.00000 12.00000 14.00000 15.00000 9.00000 12.00000 1.00000 11.00000 0.00000
12.00000 0.00000 18.00000 18.00000 10.00000 20.00000 10.00000 19.00000 13.00000 22.00000 14.00000 15.00000 10.00000 9.00000 17.00000 19.00000 15.00000 20.00000 17.00000 18.00000 13.00000 10.00000 14.00000 11.00000 15.00000 15.00000 18.00000 16.00000 17.00000 7.00000 18.00000 11.00000 14.00000 12.00000 6.00000 12.00000 11.00000 12.00000 7.00000 8.00000 10.00000 9.00000 9.00000 21.00000 9.00000 17.00000 20.00000 9.00000 8.00000 11.00000 12.00000 16.00000 11.00000 16.00000 13.00000 16.00000 16.00000 7.00000 12.00000 13.00000 7.00000 13.00000 25.00000 10.00000 12.00000 22.00000 13.00000 3.00000 18.00000 17.00000 11.00000 12.00000 6.00000 10.00000 12.00000 17.00000 12.00000
11.00000 20.00000 0.00000 9.00000 13.00000 7.00000 17.00000 3.00000 12.00000 9.00000 17.00000 6.00000 12.00000 12.00000 3.00000 10.00000 21.00000 7.00000 7.00000 9.00000 21.00000 19.00000 8.00000 21.00000 8.00000 19.00000 9.00000 6.00000 7.00000 17.00000 5.00000 17.00000 10.00000 11.00000 19.00000 19.00000 13.00000 13.00000 15.00000 15.00000 17.00000 17.00000 19.00000 8.00000 17.00000 5.00000 17.00000 13.00000 17.00000 11.00000 16.00000 10.00000 11.00000 12.00000 18.00000 6.00000 7.00000 16.00000 13.00000 14.00000 15.00000 8.00000 9.00000 13.00000 17.00000 9.00000 23.00000 19.00000 6.00000 6.00000 19.00000 18.00000 16.00000 19.00000 12.00000 7.00000 11.00000
11.00000 20.00000 8.00000 0.00000 14.00000 3.00000 21.00000 7.00000 6.00000 5.00000 21.00000 7.00000 14.00000 12.00000 8.00000 4.00000 25.00000 4.00000 13.00000 2.00000 24.00000 21.00000 13.00000 21.00000 11.00000 23.00000 2.00000 10.00000 4.00000 19.00000 6.00000 21.00000 7.00000 11.00000 20.00000 23.00000 13.00000 10.00000 18.00000 18.00000 21.00000 21.00000 20.00000 5.00000 20.00000 11.00000 11.00000 15.00000 20.00000 15.00000 20.00000 4.00000 13.00000 19.00000 22.00000 13.00000 14.00000 19.00000 17.00000 18.00000 18.00000 13.00000 8.00000 14.00000 21.00000 5.00000 24.00000 20.00000 13.00000 12.00000 22.00000 22.00000 18.00000 20.00000 12.00000 13.00000 11.00000
6.00000 10.00000 13.00000 14.00000 0.00000 16.00000 9.00000 14.00000 9.00000 18.00000 9.00000 11.00000 1.00000 5.00000 13.00000 15.00000 14.00000 15.00000 10.00000 14.00000 13.00000 11.00000 7.00000 11.00000 7.00000 12.00000 14.00000 10.00000 13.00000 8.00000 14.00000 9.00000 10.00000 6.00000 9.00000 11.00000 3.00000 8.00000 5.00000 6.00000 9.00000 9.00000 9.00000 17.00000 9.00000 11.00000 16.00000 1.00000 8.00000 5.00000 8.00000 12.00000 3.00000 10.00000 11.00000 10.00000 9.00000 7.00000 6.00000 7.00000 6.00000 7.00000 20.00000 1.00000 9.00000 17.00000 13.00000 10.00000 11.00000 11.00000 11.00000 10.00000 7.00000 10.00000 7.00000 10.00000 6.00000
13.00000 23.00000 8.00000 3.00000 17.00000 0.00000 22.00000 8.00000 9.00000 3.00000 22.00000 8.00000 16.00000 14.00000 9.00000 4.00000 26.00000 5.00000 13.00000 4.00000 26.00000 23.00000 13.00000 24.00000 12.00000 25.00000 4.00000 10.00000 5.00000 21.00000 7.00000 22.00000 10.00000 13.00000 22.00000 24.00000 15.00000 12.00000 20.00000 20.00000 22.00000 22.00000 22.00000 5.00000 22.00000 12.00000 12.00000 17.00000 22.00000 16.00000 21.00000 6.00000 15.00000 19.00000 24.00000 13.00000 14.00000 21.00000 18.00000 19.00000 20.00000 14.00000 6.00000 17.00000 22.00000 3.00000 26.00000 23.00000 13.00000 13.00000 24.00000 23.00000 20.00000 23.00000 14.00000 13.00000 13.00000
12.00000 10.00000 18.00000 21.00000 10.00000 20.00000 0.00000 19.00000 17.00000 22.00000 4.00000 15.00000 10.00000 13.00000 17.00000 22.00000 7.00000 20.00000 14.00000 20.00000 5.00000 5.00000 11.00000 6.00000 12.00000 5.00000 20.00000 14.00000 19.00000 5.00000 18.00000 2.00000 16.00000 12.00000 7.00000 3.00000 11.00000 15.00000 7.00000 6.00000 1.00000 2.00000 7.00000 22.00000 4.00000 15.00000 23.00000 10.00000 4.00000 8.00000 2.00000 19.00000 8.00000 13.00000 4.00000 14.00000 13.00000 4.00000 7.00000 9.00000 6.00000 10.00000 25.00000 10.00000 3.00000 22.00000 8.00000 10.00000 15.00000 15.00000 3.00000 3.00000 6.00000 5.00000 13.00000 14.00000 12.00000
12.00000 22.00000 3.00000 8.00000 15.00000 6.00000 19.00000 0.00000 10.00000 7.00000 19.00000 6.00000 14.00000 13.00000 4.00000 9.00000 23.00000 6.00000 8.00000 7.00000 23.00000 21.00000 10.00000 23.00000 9.00000 21.00000 8.00000 8.00000 6.00000 18.00000 3.00000 19.00000 8.00000 12.00000 21.00000 20.00000 14.00000 12.00000 17.00000 17.00000 19.00000 19.00000 21.00000 6.00000 19.00000 6.00000 15.00000 15.00000 18.00000 13.00000 18.00000 9.00000 13.00000 14.00000 20.00000 8.00000 9.00000 17.00000 15.00000 15.00000 17.00000 10.00000 7.00000 15.00000 19.00000 7.00000 24.00000 21.00000 8.00000 7.00000 20.00000 20.00000 18.00000 21.00000 13.00000 9.00000 12.00000
8.00000 15.00000 12.00000 6.00000 10.00000 8.00000 16.00000 12.00000 0.00000 10.00000 17.00000 9.00000 10.00000 8.00000 12.00000 8.00000 20.00000 9.00000 14.00000 7.00000 18.00000 15.00000 13.00000 16.00000 12.00000 20.00000 6.00000 11.00000 8.00000 13.00000 11.00000 17.00000 5.00000 8.00000 14.00000 17.00000 9.00000 4.00000 12.00000 14.00000 16.00000 15.00000 14.00000 10.00000 15.00000 12.00000 8.00000 9.00000 14.00000 11.00000 17.00000 4.00000 10.00000 17.00000 18.00000 13.00000 14.00000 13.00000 14.00000 14.00000 12.00000 12.00000 13.00000 10.00000 17.00000 10.00000 18.00000 15.00000 15.00000 14.00000 16.00000 17.00000 12.00000 15.00000 9.00000 14.00000 8.00000
13.00000 22.00000 5.00000 5.00000 15.00000 3.00000 19.00000 5.00000 10.00000 0.00000 20.00000 7.00000 15.00000 13.00000 6.00000 5.00000 24.00000 4.00000 11.00000 5.00000 24.00000 22.00000 11.00000 23.00000 9.00000 22.00000 6.00000 8.00000 6.00000 19.00000 4.00000 20.00000 9.00000 13.00000 21.00000 21.00000 15.00000 13.00000 18.00000 18.00000 19.00000 20.00000 21.00000 2.00000 19.00000 9.00000 13.00000 16.00000 19.00000 13.00000 19.00000 8.00000 14.00000 16.00000 21.00000 10.00000 12.00000 18.00000 16.00000 17.00000 18.00000 11.00000 7.00000 15.00000 20.00000 4.00000 25.00000 22.00000 10.00000 10.00000 21.00000 21.00000 19.00000 21.00000 13.00000 11.00000 13.00000
13.00000 13.00000 19.00000 22.00000 11.00000 21.00000 5.00000 19.00000 18.00000 23.00000 0.00000 16.00000 11.00000 14.00000 18.00000 23.00000 6.00000 21.00000 14.00000 21.00000 6.00000 9.00000 12.00000 8.00000 13.00000 5.00000 21.00000 15.00000 20.00000 8.00000 19.00000 5.00000 17.00000 13.00000 11.00000 7.00000 11.00000 16.00000 9.00000 7.00000 5.00000 6.00000 10.00000 23.00000 8.00000 16.00000 23.00000 11.00000 8.00000 8.00000 4.00000 19.00000 9.00000 10.00000 5.00000 13.00000 13.00000 7.00000 6.00000 8.00000 9.00000 11.00000 25.00000 10.00000 5.00000 22.00000 8.00000 13.00000 16.00000 15.00000 7.00000 5.00000 9.00000 9.00000 14.00000 13.00000 13.00000
7.00000 18.00000 5.00000 7.00000 10.00000 6.00000 16.00000 5.00000 8.00000 9.00000 17.00000 0.00000 10.00000 10.00000 5.00000 9.00000 21.00000 6.00000 8.00000 6.00000 21.00000 19.00000 8.00000 19.00000 6.00000 19.00000 6.00000 5.00000 5.00000 15.00000 5.00000 17.00000 6.00000 7.00000 17.00000 18.00000 9.00000 10.00000 14.00000 14.00000 16.00000 17.00000 17.00000 8.00000 16.00000 7.00000 13.00000 11.00000 16.00000 10.00000 16.00000 6.00000 9.00000 13.00000 18.00000 7.00000 9.00000 15.00000 13.00000 14.00000 14.00000 8.00000 11.00000 10.00000 17.00000 8.00000 21.00000 18.00000 9.00000 8.00000 18.00000 18.00000 15.00000 18.00000 8.00000 8.00000 7.00000
6.00000 10.00000 13.00000 14.00000 1.00000 16.00000 9.00000 14.00000 9.00000 18.00000 10.00000 11.00000 0.00000 5.00000 13.00000 15.00000 14.00000 15.00000 10.00000 14.00000 13.00000 11.00000 7.00000 11.00000 8.00000 12.00000 13.00000 10.00000 13.00000 8.00000 14.00000 10.00000 9.00000 6.00000 9.00000 11.00000 3.00000 7.00000 5.00000 6.00000 9.00000 9.00000 10.00000 17.00000 9.00000 11.00000 16.00000 2.00000 9.00000 5.00000 9.00000 11.00000 3.00000 10.00000 11.00000 10.00000 10.00000 7.00000 6.00000 7.00000 6.00000 7.00000 20.00000 1.00000 10.00000 17.00000 14.00000 10.00000 11.00000 11.00000 11.00000 11.00000 7.00000 11.00000 7.00000 10.00000 6.00000
5.00000 9.00000 12.00000 12.00000 4.00000 14.00000 11.00000 13.00000 7.00000 16.00000 12.00000 9.00000 5.00000 0.00000 11.00000 14.00000 14.00000 14.00000 11.00000 13.00000 13.00000 10.00000 8.00000 10.00000 8.00000 14.00000 12.00000 10.00000 12.00000 8.00000 12.00000 11.00000 8.00000 5.00000 9.00000 11.00000 3.00000 6.00000 7.00000 9.00000 11.00000 9.00000 8.00000 16.00000 9.00000 12.00000 14.00000 4.00000 9.00000 6.00000 11.00000 10.00000 4.00000 12.00000 12.00000 10.00000 10.00000 8.00000 8.00000 9.00000 7.00000 7.00000 19.00000 5.00000 12.00000 16.00000 12.00000 9.00000 12.00000 11.00000 11.00000 12.00000 6.00000 9.00000 6.00000 11.00000 5.00000
10.00000 19.00000 3.00000 7.00000 13.00000 5.00000 17.00000 4.00000 10.00000 7.00000 17.00000 5.00000 12.00000 11.00000 0.00000 8.00000 21.00000 5.00000 7.00000 7.00000 21.00000 19.00000 8.00000 20.00000 7.00000 19.00000 7.00000 5.00000 6.00000 17.00000 5.00000 17.00000 8.00000 10.00000 19.00000 19.00000 12.00000 11.00000 16.00000 15.00000 17.00000 17.00000 19.00000 7.00000 17.00000 6.00000 15.00000 13.00000 17.00000 11.00000 16.00000 8.00000 11.00000 13.00000 19.00000 7.00000 8.00000 16.00000 13.00000 14.00000 15.00000 9.00000 10.00000 13.00000 17.00000 7.00000 23.00000 19.00000 8.00000 7.00000 19.00000 18.00000 16.00000 19.00000 10.00000 7.00000 10.00000
13.00000 22.00000 10.00000 3.00000 16.00000 5.00000 23.00000 10.00000 8.00000 5.00000 23.00000 9.00000 16.00000 13.00000 10.00000 0.00000 27.00000 6.00000 15.00000 4.00000 25.00000 23.00000 15.00000 23.00000 13.00000 25.00000 4.00000 12.00000 5.00000 20.00000 8.00000 23.00000 9.00000 13.00000 21.00000 24.00000 15.00000 11.00000 19.00000 20.00000 23.00000 22.00000 21.00000 7.00000 22.00000 13.00000 11.00000 17.00000 22.00000 17.00000 22.00000 5.00000 15.00000 21.00000 24.00000 15.00000 16.00000 21.00000 19.00000 20.00000 19.00000 15.00000 8.00000 16.00000 23.00000 4.00000 25.00000 22.00000 15.00000 14.00000 24.00000 24.00000 19.00000 22.00000 13.00000 15.00000 13.00000
17.00000 14.00000 22.00000 25.00000 15.00000 24.00000 7.00000 23.00000 20.00000 27.00000 7.00000 19.00000 14.00000 16.00000 21.00000 26.00000 0.00000 25.00000 18.00000 24.00000 3.00000 6.00000 15.00000 5.00000 16.00000 7.00000 24.00000 18.00000 23.00000 9.00000 23.00000 6.00000 20.00000 17.00000 10.00000 6.00000 15.00000 18.00000 12.00000 11.00000 7.00000 7.00000 7.00000 26.00000 8.00000 19.00000 27.00000 15.00000 8.00000 12.00000 7.00000 23.00000 13.00000 13.00000 5.00000 17.00000 16.00000 9.00000 10.00000 11.00000 10.00000 15.00000 28.00000 15.00000 6.00000 26.00000 5.00000 13.00000 19.00000 19.00000 6.00000 5.00000 10.00000 7.00000 17.00000 16.00000 17.00000
12.00000 22.00000 7.00000 4.00000 16.00000 4.00000 20.00000 7.00000 9.00000 6.00000 21.00000 6.00000 15.00000 14.00000 7.00000 7.00000 25.00000 0.00000 12.00000 3.00000 25.00000 23.00000 12.00000 23.00000 10.00000 23.00000 4.00000 9.00000 4.00000 20.00000 5.00000 21.00000 9.00000 12.00000 22.00000 22.00000 15.00000 12.00000 19.00000 19.00000 20.00000 21.00000 21.00000 6.00000 21.00000 10.00000 13.00000 16.00000 20.00000 15.00000 20.00000 6.00000 14.00000 18.00000 22.00000 12.00000 13.00000 19.00000 17.00000 18.00000 19.00000 12.00000 9.00000 16.00000 21.00000 6.00000 25.00000 22.00000 12.00000 11.00000 22.00000 22.00000 19.00000 22.00000 13.00000 12.00000 12.00000
9.00000 16.00000 8.00000 12.00000 9.00000 10.00000 13.00000 8.00000 12.00000 12.00000 13.00000 7.00000 8.00000 10.00000 7.00000 13.00000 17.00000 11.00000 0.00000 11.00000 17.00000 15.00000 4.00000 17.00000 5.00000 15.00000 12.00000 4.00000 10.00000 12.00000 8.00000 13.00000 11.00000 9.00000 15.00000 14.00000 9.00000 12.00000 11.00000 11.00000 13.00000 13.00000 15.00000 12.00000 13.00000 4.00000 18.00000 9.00000 12.00000 7.00000 12.00000 12.00000 7.00000 8.00000 14.00000 1.00000 3.00000 11.00000 9.00000 9.00000 11.00000 4.00000 14.00000 9.00000 13.00000 12.00000 18.00000 15.00000 3.00000 2.00000 14.00000 14.00000 12.00000 15.00000 10.00000 2.00000 9.00000
11.00000 20.00000 7.00000 2.00000 14.00000 3.00000 20.00000 7.00000 6.00000 5.00000 21.00000 6.00000 13.00000 12.00000 7.00000 4.00000 25.00000 3.00000 12.00000 0.00000 24.00000 21.00000 12.00000 21.00000 11.00000 23.00000 1.00000 9.00000 2.00000 19.00000 6.00000 21.00000 7.00000 11.00000 20.00000 22.00000 13.00000 10.00000 18.00000 18.00000 20.00000 20.00000 19.00000 5.00000 20.00000 10.00000 11.00000 14.00000 20.00000 14.00000 20.00000 4.00000 13.00000 18.00000 22.00000 12.00000 13.00000 19.00000 17.00000 18.00000 18.00000 13.00000 8.00000 14.00000 21.00000 5.00000 23.00000 20.00000 12.00000 12.00000 22.00000 22.00000 17.00000 20.00000 11.00000 12.00000 11.00000
17.00000 13.00000 23.00000 23.00000 13.00000 25.00000 5.00000 23.00000 18.00000 27.00000 7.00000 20.00000 14.00000 14.00000 22.00000 24.00000 2.00000 25.00000 18.00000 23.00000 0.00000 4.00000 16.00000 3.00000 17.00000 6.00000 23.00000 19.00000 22.00000 7.00000 23.00000 5.00000 19.00000 17.00000 9.00000 5.00000 15.00000 17.00000 10.00000 9.00000 5.00000 5.00000 5.00000 26.00000 6.00000 20.00000 25.00000 13.00000 6.00000 12.00000 6.00000 21.00000 13.00000 13.00000 4.00000 17.00000 17.00000 7.00000 10.00000 12.00000 9.00000 15.00000 29.00000 14.00000 5.00000 26.00000 4.00000 12.00000 20.00000 19.00000 4.00000 4.00000 8.00000 5.00000 17.00000 17.00000 17.00000
14.00000 10.00000 20.00000 20.00000 11.00000 22.00000 5.00000 21.00000 15.00000 24.00000 7.00000 17.00000 12.00000 12.00000 20.00000 22.00000 6.00000 22.00000 17.00000 21.00000 4.00000 0.00000 14.00000 2.00000 15.00000 7.00000 20.00000 17.00000 20.00000 5.00000 21.00000 4.00000 16.00000 14.00000 6.00000 4.00000 13.00000 14.00000 7.00000 7.00000 5.00000 5.00000 3.00000 24.00000 3.00000 18.00000 22.00000 11.00000 4.00000 11.00000 6.00000 18.00000 11.00000 16.00000 5.00000 17.00000 16.00000 4.00000 11.00000 12.00000 6.00000 13.00000 27.00000 12.00000 5.00000 24.00000 6.00000 9.00000 18.00000 18.00000 4.00000 5.00000 6.00000 2.00000 14.00000 17.00000 14.00000
8.00000 14.00000 10.00000 13.00000 7.00000 12.00000 11.00000 11.00000 12.00000 14.00000 12.00000 7.00000 7.00000 10.00000 9.00000 15.00000 16.00000 12.00000 5.00000 12.00000 15.00000 14.00000 0.00000 15.00000 4.00000 14.00000 12.00000 6.00000 11.00000 11.00000 10.00000 12.00000 11.00000 8.00000 13.00000 13.00000 7.00000 11.00000 10.00000 9.00000 11.00000 12.00000 13.00000 14.00000 11.00000 7.00000 17.00000 8.00000 11.00000 5.00000 11.00000 12.00000 5.00000 8.00000 13.00000 5.00000 3.00000 10.00000 8.00000 8.00000 10.00000 2.00000 16.00000 7.00000 12.00000 13.00000 17.00000 14.00000 7.00000 6.00000 13.00000 13.00000 11.00000 13.00000 9.00000 4.00000 8.00000
14.00000 10.00000 20.00000 21.00000 12.00000 22.00000 6.00000 21.00000 16.00000 24.00000 7.00000 17.00000 13.00000 12.00000 20.00000 22.00000 5.00000 22.00000 18.00000 21.00000 4.00000 2.00000 16.00000 0.00000 17.00000 7.00000 20.00000 19.00000 20.00000 6.00000 21.00000 5.00000 16.00000 14.00000 6.00000 5.00000 13.00000 14.00000 9.00000 8.00000 5.00000 5.00000 3.00000 24.00000 5.00000 20.00000 22.00000 12.00000 6.00000 13.00000 6.00000 18.00000 13.00000 16.00000 4.00000 18.00000 18.00000 6.00000 11.00000 13.00000 7.00000 15.00000 27.00000 13.00000 5.00000 24.00000 6.00000 9.00000 20.00000 19.00000 4.00000 4.00000 7.00000 3.00000 14.00000 19.00000 14.00000
7.00000 16.00000 7.00000 11.00000 9.00000 9.00000 12.00000 8.00000 11.00000 12.00000 13.00000 5.00000 8.00000 8.00000 7.00000 12.00000 17.00000 10.00000 5.00000 10.00000 17.00000 15.00000 4.00000 17.00000 0.00000 15.00000 10.00000 3.00000 9.00000 12.00000 8.00000 13.00000 10.00000 7.00000 15.00000 14.00000 9.00000 10.00000 11.00000 11.00000 12.00000 13.00000 15.00000 11.00000 13.00000 5.00000 16.00000 9.00000 12.00000 7.00000 12.00000 10.00000 7.00000 10.00000 14.00000 4.00000 5.00000 11.00000 9.00000 10.00000 11.00000 4.00000 14.00000 9.00000 13.00000 11.00000 19.00000 15.00000 6.00000 5.00000 14.00000 14.00000 12.00000 14.00000 8.00000 5.00000 7.00000
15.00000 14.00000 21.00000 24.00000 13.00000 23.00000 5.00000 22.00000 20.00000 25.00000 4.00000 18.00000 13.00000 16.00000 20.00000 25.00000 7.00000 23.00000 17.00000 23.00000 6.00000 7.00000 14.00000 7.00000 15.00000 0.00000 23.00000 17.00000 22.00000 9.00000 21.00000 5.00000 19.00000 15.00000 10.00000 5.00000 14.00000 18.00000 11.00000 9.00000 5.00000 6.00000 8.00000 25.00000 8.00000 18.00000 26.00000 13.00000 8.00000 11.00000 4.00000 22.00000 11.00000 13.00000 3.00000 16.00000 16.00000 8.00000 9.00000 11.00000 10.00000 13.00000 28.00000 13.00000 4.00000 25.00000 9.00000 13.00000 18.00000 18.00000 6.00000 4.00000 10.00000 8.00000 16.00000 16.00000 15.00000
10.00000 20.00000 7.00000 2.00000 14.00000 3.00000 20.00000 7.00000 6.00000 5.00000 20.00000 6.00000 13.00000 11.00000 8.00000 4.00000 24.00000 3.00000 12.00000 1.00000 23.00000 20.00000 12.00000 21.00000 11.00000 23.00000 0.00000 9.00000 3.00000 18.00000 6.00000 20.00000 7.00000 10.00000 19.00000 22.00000 12.00000 9.00000 17.00000 18.00000 20.00000 20.00000 19.00000 5.00000 20.00000 11.00000 10.00000 14.00000 19.00000 14.00000 19.00000 3.00000 12.00000 18.00000 22.00000 12.00000 13.00000 18.00000 16.00000 17.00000 17.00000 13.00000 8.00000 14.00000 20.00000 5.00000 23.00000 20.00000 12.00000 12.00000 21.00000 21.00000 17.00000 20.00000 11.00000 12.00000 10.00000
5.00000 15.00000 6.00000 10.00000 8.00000 8.00000 14.00000 7.00000 9.00000 10.00000 15.00000 4.00000 8.00000 6.00000 6.00000 11.00000 19.00000 8.00000 6.00000 9.00000 18.00000 16.00000 6.00000 16.00000 4.00000 17.00000 9.00000 0.00000 8.00000 13.00000 6.00000 15.00000 7.00000 5.00000 14.00000 16.00000 8.00000 8.00000 12.00000 12.00000 14.00000 15.00000 14.00000 10.00000 14.00000 6.00000 14.00000 9.00000 14.00000 9.00000 14.00000 9.00000 7.00000 12.00000 16.00000 6.00000 7.00000 13.00000 11.00000 12.00000 12.00000 6.00000 13.00000 8.00000 15.00000 10.00000 18.00000 15.00000 8.00000 7.00000 16.00000 16.00000 12.00000 15.00000 6.00000 6.00000 5.00000
10.00000 20.00000 7.00000 3.00000 14.00000 4.00000 20.00000 7.00000 7.00000 6.00000 20.00000 5.00000 13.00000 11.00000 7.00000 5.00000 24.00000 3.00000 12.00000 2.00000 23.00000 21.00000 12.00000 21.00000 10.00000 23.00000 2.00000 9.00000 0.00000 18.00000 5.00000 20.00000 7.00000 10.00000 19.00000 22.00000 12.00000 10.00000 17.00000 18.00000 20.00000 20.00000 19.00000 5.00000 19.00000 10.00000 12.00000 14.00000 19.00000 14.00000 19.00000 5.00000 12.00000 18.00000 22.00000 11.00000 13.00000 18.00000 16.00000 17.00000 17.00000 12.00000 9.00000 14.00000 20.00000 5.00000 23.00000 20.00000 12.00000 11.00000 22.00000 21.00000 17.00000 20.00000 11.00000 12.00000 10.00000
11.00000 7.00000 17.00000 18.00000 7.00000 19.00000 4.00000 18.00000 13.00000 21.00000 8.00000 14.00000 7.00000 9.00000 16.00000 19.00000 9.00000 19.00000 13.00000 18.00000 7.00000 5.00000 10.00000 7.00000 11.00000 8.00000 18.00000 13.00000 17.00000 0.00000 17.00000 5.00000 14.00000 11.00000 6.00000 6.00000 9.00000 12.00000 3.00000 2.00000 4.00000 3.00000 6.00000 21.00000 3.00000 14.00000 20.00000 6.00000 2.00000 7.00000 6.00000 16.00000 7.00000 12.00000 6.00000 13.00000 12.00000 1.00000 7.00000 8.00000 2.00000 10.00000 24.00000 7.00000 6.00000 21.00000 10.00000 6.00000 14.00000 14.00000 5.00000 6.00000 2.00000 4.00000 12.00000 13.00000 11.00000
10.00000 19.00000 3.00000 7.00000 13.00000 4.00000 17.00000 3.00000 9.00000 7.00000 17.00000 4.00000 12.00000 11.00000 3.00000 7.00000 21.00000 5.00000 8.00000 6.00000 21.00000 19.00000 8.00000 20.00000 7.00000 19.00000 6.00000 5.00000 5.00000 16.00000 0.00000 17.00000 7.00000 10.00000 19.00000 19.00000 12.00000 11.00000 15.00000 15.00000 17.00000 17.00000 19.00000 6.00000 17.00000 6.00000 14.00000 13.00000 16.00000 11.00000 16.00000 7.00000 11.00000 14.00000 18.00000 8.00000 9.00000 16.00000 13.00000 14.00000 15.00000 8.00000 9.00000 13.00000 17.00000 6.00000 23.00000 19.00000 8.00000 7.00000 19.00000 18.00000 16.00000 19.00000 11.00000 8.00000 10.00000
13.00000 10.00000 18.00000 21.00000 10.00000 20.00000 2.00000 19.00000 17.00000 23.00000 5.00000 15.00000 10.00000 13.00000 17.00000 22.00000 6.00000 21.00000 14.00000 20.00000 4.00000 4.00000 11.00000 5.00000 12.00000 5.00000 20.00000 14.00000 19.00000 5.00000 19.00000 0.00000 17.00000 13.00000 7.00000 2.00000 11.00000 15.00000 7.00000 7.00000 2.00000 2.00000 6.00000 22.00000 4.00000 15.00000 23.00000 10.00000 4.00000 9.00000 2.00000 19.00000 9.00000 13.00000 3.00000 14.00000 14.00000 4.00000 7.00000 9.00000 6.00000 11.00000 25.00000 10.00000 2.00000 22.00000 7.00000 10.00000 15.00000 15.00000 2.00000 2.00000 6.00000 5.00000 13.00000 14.00000 13.00000
7.00000 16.00000 10.00000 8.00000 11.00000 9.00000 17.00000 10.00000 5.00000 11.00000 18.00000 7.00000 11.00000 8.00000 10.00000 9.00000 22.00000 9.00000 12.00000 7.00000 20.00000 17.00000 11.00000 17.00000 10.00000 20.00000 7.00000 9.00000 6.00000 15.00000 9.00000 18.00000 0.00000 7.00000 16.00000 19.00000 9.00000 5.00000 14.00000 15.00000 17.00000 17.00000 16.00000 11.00000 16.00000 10.00000 10.00000 11.00000 16.00000 12.00000 17.00000 5.00000 10.00000 15.00000 19.00000 12.00000 13.00000 15.00000 14.00000 15.00000 14.00000 10.00000 14.00000 11.00000 18.00000 11.00000 20.00000 16.00000 13.00000 13.00000 18.00000 19.00000 14.00000 16.00000 7.00000 12.00000 7.00000
0.00000 12.00000 10.00000 9.00000 7.00000 11.00000 14.00000 11.00000 6.00000 13.00000 15.00000 7.00000 8.00000 3.00000 9.00000 10.00000 17.00000 11.00000 11.00000 9.00000 16.00000 13.00000 9.00000 13.00000 8.00000 17.00000 9.00000 8.00000 9.00000 11.00000 10.00000 14.00000 5.00000 0.00000 12.00000 14.00000 5.00000 5.00000 9.00000 12.00000 14.00000 12.00000 11.00000 13.00000 12.00000 10.00000 11.00000 7.00000 12.00000 9.00000 14.00000 7.00000 7.00000 13.00000 15.00000 11.00000 11.00000 11.00000 11.00000 12.00000 10.00000 8.00000 16.00000 8.00000 15.00000 13.00000 15.00000 12.00000 13.00000 12.00000 14.00000 15.00000 9.00000 12.00000 1.00000 11.00000 0.00000
10.00000 6.00000 16.00000 17.00000 8.00000 19.00000 6.00000 17.00000 12.00000 21.00000 9.00000 14.00000 9.00000 8.00000 16.00000 18.00000 9.00000 19.00000 15.00000 17.00000 7.00000 5.00000 12.00000 5.00000 13.00000 9.00000 16.00000 15.00000 16.00000 4.00000 17.00000 6.00000 12.00000 10.00000 0.00000 6.00000 10.00000 10.00000 5.00000 6.00000 6.00000 5.00000 3.00000 20.00000 4.00000 16.00000 19.00000 8.00000 4.00000 9.00000 7.00000 15.00000 9.00000 14.00000 7.00000 15.00000 14.00000 4.00000 10.00000 11.00000 3.00000 11.00000 23.00000 9.00000 7.00000 20.00000 7.00000 5.00000 16.00000 16.00000 6.00000 7.00000 3.00000 4.00000 11.00000 15.00000 10.00000
14.00000 11.00000 20.00000 22.00000 12.00000 22.00000 4.00000 21.00000 17.00000 24.00000 5.00000 17.00000 12.00000 13.00000 19.00000 23.00000 6.00000 22.00000 16.00000 22.00000 4.00000 4.00000 13.00000 5.00000 14.00000 5.00000 21.00000 16.00000 21.00000 6.00000 20.00000 2.00000 17.00000 14.00000 7.00000 0.00000 13.00000 15.00000 8.00000 8.00000 3.00000 4.00000 6.00000 24.00000 4.00000 17.00000 24.00000 12.00000 5.00000 10.00000 3.00000 20.00000 10.00000 14.00000 3.00000 16.00000 15.00000 5.00000 9.00000 11.00000 7.00000 12.00000 27.00000 12.00000 2.00000 24.00000 7.00000 10.00000 17.00000 17.00000 2.00000 3.00000 7.00000 5.00000 15.00000 16.00000 14.00000
4.00000 11.00000 13.00000 13.00000 4.00000 15.00000 11.00000 14.00000 10.00000 17.00000 11.00000 10.00000 4.00000 3.00000 12.00000 14.00000 15.00000 15.00000 9.00000 13.00000 15.00000 12.00000 7.00000 12.00000 7.00000 13.00000 12.00000 9.00000 12.00000 10.00000 13.00000 11.00000 8.00000 4.00000 11.00000 13.00000 0.00000 7.00000 7.00000 8.00000 11.00000 11.00000 11.00000 16.00000 10.00000 11.00000 15.00000 5.00000 10.00000 5.00000 10.00000 11.00000 3.00000 11.00000 12.00000 9.00000 9.00000 9.00000 7.00000 8.00000 8.00000 6.00000 19.00000 4.00000 11.00000 16.00000 15.00000 11.00000 11.00000 10.00000 12.00000 12.00000 9.00000 12.00000 5.00000 10.00000 4.00000
5.00000 12.00000 10.00000 9.00000 7.00000 11.00000 14.00000 11.00000 5.00000 13.00000 15.00000 7.00000 8.00000 5.00000 10.00000 11.00000 17.00000 11.00000 11.00000 9.00000 16.00000 13.00000 10.00000 13.00000 10.00000 17.00000 9.00000 9.00000 8.00000 11.00000 11.00000 14.00000 5.00000 5.00000 12.00000 14.00000 6.00000 0.00000 9.00000 12.00000 14.00000 12.00000 11.00000 13.00000 12.00000 10.00000 11.00000 7.00000 12.00000 9.00000 14.00000 7.00000 7.00000 15.00000 15.00000 11.00000 12.00000 11.00000 11.00000 12.00000 10.00000 10.00000 16.00000 8.00000 15.00000 13.00000 15.00000 12.00000 13.00000 12.00000 14.00000 15.00000 9.00000 12.00000 5.00000 12.00000 5.00000
10.00000 7.00000 16.00000 17.00000 5.00000 18.00000 7.00000 17.00000 12.00000 20.00000 9.00000 13.00000 5.00000 8.00000 15.00000 18.00000 11.00000 19.00000 12.00000 17.00000 10.00000 7.00000 9.00000 8.00000 10.00000 11.00000 16.00000 12.00000 16.00000 4.00000 16.00000 7.00000 12.00000 10.00000 6.00000 8.00000 7.00000 10.00000 0.00000 4.00000 6.00000 5.00000 6.00000 20.00000 5.00000 13.00000 18.00000 4.00000 5.00000 6.00000 8.00000 14.00000 6.00000 11.00000 9.00000 12.00000 12.00000 4.00000 7.00000 8.00000 2.00000 9.00000 23.00000 5.00000 8.00000 20.00000 10.00000 6.00000 13.00000 13.00000 8.00000 8.00000 3.00000 7.00000 10.00000 12.00000 10.00000
10.00000 8.00000 15.00000 18.00000 6.00000 18.00000 6.00000 16.00000 14.00000 20.00000 6.00000 13.00000 7.00000 10.00000 15.00000 20.00000 11.00000 18.00000 11.00000 17.00000 9.00000 7.00000 8.00000 8.00000 10.00000 9.00000 17.00000 12.00000 16.00000 4.00000 16.00000 6.00000 14.00000 10.00000 7.00000 7.00000 8.00000 12.00000 4.00000 0.00000 6.00000 5.00000 7.00000 19.00000 4.00000 13.00000 20.00000 6.00000 4.00000 6.00000 5.00000 16.00000 6.00000 11.00000 8.00000 11.00000 11.00000 3.00000 6.00000 7.00000 4.00000 8.00000 22.00000 6.00000 6.00000 19.00000 11.00000 8.00000 13.00000 12.00000 7.00000 7.00000 4.00000 6.00000 10.00000 12.00000 10.00000
12.00000 10.00000 18.00000 21.00000 10.00000 20.00000 1.00000 19.00000 16.00000 22.00000 4.00000 15.00000 10.00000 13.00000 17.00000 22.00000 7.00000 20.00000 14.00000 20.00000 5.00000 5.00000 11.00000 6.00000 12.00000 5.00000 20.00000 14.00000 19.00000 4.00000 18.00000 2.00000 16.00000 12.00000 7.00000 3.00000 11.00000 15.00000 7.00000 6.00000 0.00000 2.00000 7.00000 22.00000 4.00000 15.00000 23.00000 10.00000 4.00000 8.00000 2.00000 19.00000 8.00000 12.00000 4.00000 14.00000 13.00000 3.00000 7.00000 9.00000 6.00000 10.00000 25.00000 10.00000 3.00000 22.00000 8.00000 9.00000 15.00000 15.00000 3.00000 3.00000 5.00000 5.00000 13.00000 14.00000 12.00000
13.00000 9.00000 19.00000 20.00000 9.00000 21.00000 2.00000 20.00000 15.00000 23.00000 6.00000 16.00000 10.00000 11.00000 18.00000 21.00000 7.00000 21.00000 15.00000 20.00000 5.00000 5.00000 12.00000 6.00000 13.00000 6.00000 20.00000 15.00000 19.00000 3.00000 19.00000 2.00000 16.00000 13.00000 7.00000 3.00000 11.00000 14.00000 5.00000 5.00000 2.00000 0.00000 6.00000 23.00000 3.00000 16.00000 22.00000 9.00000 3.00000 9.00000 3.00000 18.00000 9.00000 14.00000 4.00000 15.00000 14.00000 2.00000 8.00000 10.00000 4.00000 11.00000 26.00000 10.00000 3.00000 23.00000 8.00000 8.00000 16.00000 16.00000 3.00000 3.00000 4.00000 4.00000 14.00000 15.00000 13.00000
13.00000 9.00000 20.00000 20.00000 11.00000 22.00000 7.00000 20.00000 15.00000 24.00000 8.00000 17.00000 12.00000 11.00000 19.00000 21.00000 7.00000 22.00000 18.00000 20.00000 5.00000 3.00000 15.00000 3.00000 16.00000 8.00000 19.00000 18.00000 19.00000 6.00000 20.00000 6.00000 15.00000 13.00000 5.00000 6.00000 13.00000 13.00000 8.00000 8.00000 6.00000 6.00000 0.00000 23.00000 5.00000 19.00000 22.00000 11.00000 5.00000 12.00000 7.00000 18.00000 12.00000 17.00000 6.00000 18.00000 17.00000 6.00000 12.00000 13.00000 7.00000 15.00000 27.00000 12.00000 7.00000 23.00000 5.00000 8.00000 19.00000 19.00000 5.00000 6.00000 6.00000 4.00000 14.00000 18.00000 13.00000
14.00000 23.00000 7.00000 5.00000 17.00000 3.00000 20.00000 6.00000 10.00000 2.00000 21.00000 8.00000 16.00000 15.00000 7.00000 5.00000 25.00000 5.00000 12.00000 6.00000 25.00000 23.00000 12.00000 24.00000 10.00000 23.00000 5.00000 9.00000 7.00000 20.00000 5.00000 21.00000 10.00000 14.00000 22.00000 22.00000 16.00000 14.00000 19.00000 19.00000 20.00000 21.00000 22.00000 0.00000 21.00000 10.00000 12.00000 17.00000 20.00000 15.00000 20.00000 8.00000 15.00000 18.00000 22.00000 11.00000 13.00000 19.00000 17.00000 18.00000 19.00000 12.00000 5.00000 17.00000 21.00000 4.00000 26.00000 23.00000 12.00000 11.00000 22.00000 22.00000 20.00000 22.00000 14.00000 12.00000 14.00000
12.00000 8.00000 18.00000 19.00000 9.00000 20.00000 4.00000 19.00000 14.00000 22.00000 7.00000 15.00000 9.00000 10.00000 18.00000 20.00000 7.00000 20.00000 15.00000 19.00000 5.00000 3.00000 12.00000 5.00000 13.00000 7.00000 18.00000 15.00000 18.00000 3.00000 19.00000 4.00000 14.00000 12.00000 4.00000 4.00000 11.00000 12.00000 5.00000 5.00000 4.00000 3.00000 4.00000 22.00000 0.00000 16.00000 20.00000 9.00000 2.00000 9.00000 5.00000 16.00000 9.00000 14.00000 5.00000 15.00000 15.00000 3.00000 9.00000 10.00000 4.00000 12.00000 25.00000 9.00000 5.00000 22.00000 8.00000 7.00000 16.00000 16.00000 4.00000 5.00000 4.00000 3.00000 12.00000 15.00000 12.00000
8.00000 17.00000 8.00000 12.00000 11.00000 10.00000 15.00000 8.00000 11.00000 12.00000 16.00000 6.00000 10.00000 9.00000 6.00000 13.00000 20.00000 10.00000 5.00000 11.00000 20.00000 18.00000 7.00000 18.00000 5.00000 18.00000 11.00000 3.00000 10.00000 15.00000 8.00000 16.00000 10.00000 8.00000 17.00000 17.00000 10.00000 10.00000 14.00000 14.00000 15.00000 16.00000 16.00000 12.00000 15.00000 0.00000 16.00000 11.00000 15.00000 9.00000 15.00000 11.00000 9.00000 11.00000 17.00000 5.00000 7.00000 14.00000 12.00000 12.00000 14.00000 7.00000 14.00000 11.00000 16.00000 12.00000 20.00000 17.00000 7.00000 6.00000 17.00000 17.00000 14.00000 17.00000 8.00000 5.00000 8.00000
12.00000 21.00000 16.00000 10.00000 16.00000 12.00000 23.00000 16.00000 8.00000 12.00000 23.00000 13.00000 16.00000 13.00000 15.00000 10.00000 26.00000 12.00000 17.00000 11.00000 25.00000 22.00000 16.00000 22.00000 15.00000 25.00000 10.00000 15.00000 11.00000 20.00000 15.00000 23.00000 9.00000 12.00000 21.00000 23.00000 14.00000 11.00000 19.00000 21.00000 23.00000 22.00000 20.00000 14.00000 21.00000 16.00000 0.00000 16.00000 21.00000 17.00000 22.00000 8.00000 15.00000 21.00000 24.00000 17.00000 18.00000 20.00000 19.00000 20.00000 19.00000 16.00000 13.00000 17.00000 23.00000 11.00000 24.00000 21.00000 19.00000 18.00000 23.00000 24.00000 18.00000 21.00000 13.00000 17.00000 12.00000
7.00000 10.00000 14.00000 14.00000 1.00000 16.00000 9.00000 15.00000 9.00000 18.00000 9.00000 11.00000 2.00000 5.00000 13.00000 15.00000 14.00000 16.00000 10.00000 14.00000 13.00000 11.00000 7.00000 11.00000 8.00000 11.00000 14.00000 10.00000 13.00000 8.00000 14.00000 9.00000 10.00000 7.00000 9.00000 11.00000 4.00000 8.00000 5.00000 7.00000 9.00000 9.00000 9.00000 18.00000 9.00000 11.00000 16.00000 0.00000 8.00000 5.00000 8.00000 12.00000 3.00000 9.00000 10.00000 10.00000 10.00000 7.00000 6.00000 7.00000 6.00000 7.00000 21.00000 2.00000 9.00000 18.00000 13.00000 10.00000 11.00000 11.00000 11.00000 10.00000 7.00000 10.00000 7.00000 10.00000 7.00000
12.00000 8.00000 19.00000 19.00000 9.00000 21.00000 4.00000 19.00000 14.00000 23.00000 7.00000 16.00000 9.00000 10.00000 18.00000 20.00000 7.00000 21.00000 15.00000 19.00000 6.00000 3.00000 12.00000 5.00000 13.00000 7.00000 18.00000 15.00000 18.00000 2.00000 19.00000 4.00000 14.00000 12.00000 4.00000 4.00000 11.00000 12.00000 5.00000 4.00000 4.00000 3.00000 4.00000 22.00000 1.00000 16.00000 21.00000 8.00000 0.00000 9.00000 5.00000 17.00000 9.00000 14.00000 5.00000 15.00000 14.00000 3.00000 9.00000 10.00000 4.00000 11.00000 26.00000 9.00000 5.00000 22.00000 8.00000 7.00000 16.00000 16.00000 4.00000 5.00000 4.00000 3.00000 13.00000 15.00000 12.00000
7.00000 11.00000 13.00000 16.00000 5.00000 15.00000 8.00000 14.00000 12.00000 17.00000 8.00000 10.00000 5.00000 8.00000 12.00000 17.00000 12.00000 15.00000 9.00000 15.00000 12.00000 10.00000 5.00000 12.00000 7.00000 11.00000 15.00000 9.00000 14.00000 8.00000 13.00000 8.00000 11.00000 7.00000 10.00000 10.00000 5.00000 10.00000 6.00000 6.00000 8.00000 8.00000 10.00000 17.00000 8.00000 10.00000 17.00000 6.00000 8.00000 0.00000 7.00000 13.00000 3.00000 8.00000 10.00000 8.00000 7.00000 7.00000 4.00000 5.00000 6.00000 5.00000 19.00000 5.00000 8.00000 17.00000 14.00000 10.00000 10.00000 10.00000 10.00000 9.00000 7.00000 10.00000 8.00000 8.00000 7.00000
12.00000 12.00000 17.00000 21.00000 9.00000 20.00000 2.00000 18.00000 17.00000 22.00000 4.00000 15.00000 10.00000 13.00000 17.00000 22.00000 7.00000 20.00000 13.00000 20.00000 6.00000 6.00000 10.00000 6.00000 11.00000 4.00000 20.00000 14.00000 19.00000 6.00000 18.00000 2.00000 16.00000 12.00000 9.00000 3.00000 10.00000 15.00000 8.00000 6.00000 2.00000 3.00000 7.00000 21.00000 5.00000 15.00000 22.00000 10.00000 5.00000 8.00000 0.00000 18.00000 8.00000 12.00000 3.00000 13.00000 13.00000 5.00000 7.00000 8.00000 7.00000 10.00000 24.00000 9.00000 2.00000 21.00000 8.00000 11.00000 15.00000 14.00000 3.00000 3.00000 7.00000 6.00000 12.00000 14.00000 12.00000
9.00000 18.00000 9.00000 4.00000 13.00000 6.00000 19.00000 9.00000 4.00000 8.00000 20.00000 7.00000 12.00000 10.00000 10.00000 4.00000 23.00000 6.00000 13.00000 4.00000 22.00000 19.00000 12.00000 19.00000 10.00000 22.00000 3.00000 10.00000 5.00000 17.00000 8.00000 20.00000 5.00000 9.00000 18.00000 20.00000 11.00000 8.00000 16.00000 17.00000 19.00000 19.00000 17.00000 7.00000 18.00000 11.00000 9.00000 13.00000 18.00000 13.00000 19.00000 0.00000 12.00000 17.00000 21.00000 13.00000 14.00000 17.00000 16.00000 17.00000 16.00000 12.00000 10.00000 13.00000 20.00000 7.00000 21.00000 18.00000 14.00000 14.00000 20.00000 21.00000 15.00000 18.00000 9.00000 13.00000 9.00000
6.00000 11.00000 12.00000 14.00000 3.00000 14.00000 9.00000 13.00000 10.00000 16.00000 9.00000 9.00000 3.00000 6.00000 11.00000 15.00000 14.00000 14.00000 8.00000 13.00000 13.00000 11.00000 5.00000 11.00000 6.00000 11.00000 13.00000 8.00000 12.00000 7.00000 12.00000 9.00000 10.00000 6.00000 9.00000 11.00000 3.00000 8.00000 6.00000 6.00000 9.00000 9.00000 10.00000 16.00000 8.00000 9.00000 16.00000 3.00000 8.00000 3.00000 8.00000 12.00000 0.00000 9.00000 10.00000 8.00000 7.00000 7.00000 5.00000 6.00000 6.00000 4.00000 19.00000 3.00000 9.00000 16.00000 14.00000 10.00000 9.00000 9.00000 11.00000 10.00000 7.00000 10.00000 6.00000 8.00000 6.00000
11.00000 15.00000 14.00000 18.00000 11.00000 17.00000 11.00000 13.00000 16.00000 19.00000 9.00000 12.00000 10.00000 13.00000 14.00000 20.00000 12.00000 17.00000 9.00000 16.00000 12.00000 14.00000 7.00000 14.00000 8.00000 11.00000 17.00000 11.00000 15.00000 11.00000 15.00000 11.00000 15.00000 11.00000 14.00000 13.00000 11.00000 15.00000 11.00000 10.00000 11.00000 12.00000 14.00000 18.00000 12.00000 12.00000 21.00000 11.00000 11.00000 8.00000 10.00000 17.00000 9.00000 0.00000 11.00000 8.00000 7.00000 10.00000 6.00000 6.00000 10.00000 7.00000 19.00000 11.00000 11.00000 18.00000 13.00000 14.00000 10.00000 10.00000 13.00000 11.00000 11.00000 13.00000 11.00000 7.00000 11.00000
14.00000 12.00000 20.00000 23.00000 12.00000 22.00000 4.00000 21.00000 18.00000 24.00000 4.00000 17.00000 12.00000 14.00000 19.00000 24.00000 5.00000 22.00000 16.00000 22.00000 4.00000 5.00000 13.00000 4.00000 14.00000 3.00000 22.00000 16.00000 21.00000 7.00000 20.00000 3.00000 18.00000 14.00000 8.00000 3.00000 12.00000 16.00000 9.00000 8.00000 4.00000 4.00000 6.00000 24.00000 5.00000 17.00000 24.00000 12.00000 6.00000 10.00000 3.00000 20.00000 10.00000 13.00000 0.00000 15.00000 15.00000 6.00000 8.00000 10.00000 8.00000 12.00000 26.00000 11.00000 2.00000 24.00000 7.00000 11.00000 17.00000 16.00000 4.00000 1.00000 8.00000 6.00000 15.00000 16.00000 14.00000
9.00000 16.00000 8.00000 12.00000 9.00000 10.00000 13.00000 7.00000 13.00000 12.00000 13.00000 7.00000 8.00000 10.00000 6.00000 13.00000 17.00000 10.00000 1.00000 12.00000 17.00000 15.00000 4.00000 17.00000 5.00000 16.00000 12.00000 5.00000 10.00000 13.00000 9.00000 13.00000 12.00000 9.00000 15.00000 15.00000 9.00000 12.00000 12.00000 11.00000 13.00000 13.00000 15.00000 12.00000 13.00000 4.00000 18.00000 9.00000 13.00000 7.00000 12.00000 12.00000 7.00000 9.00000 15.00000 0.00000 3.00000 12.00000 9.00000 10.00000 11.00000 5.00000 13.00000 9.00000 13.00000 12.00000 19.00000 15.00000 3.00000 3.00000 15.00000 14.00000 12.00000 15.00000 10.00000 3.00000 9.00000
9.00000 16.00000 11.00000 16.00000 10.00000 14.00000 13.00000 9.00000 15.00000 15.00000 12.00000 10.00000 9.00000 12.00000 10.00000 17.00000 15.00000 14.00000 5.00000 15.00000 16.00000 15.00000 5.00000 16.00000 7.00000 14.00000 15.00000 8.00000 14.00000 13.00000 12.00000 13.00000 14.00000 9.00000 14.00000 15.00000 10.00000 14.00000 11.00000 11.00000 13.00000 13.00000 15.00000 14.00000 13.00000 8.00000 20.00000 10.00000 13.00000 7.00000 12.00000 15.00000 8.00000 7.00000 14.00000 4.00000 0.00000 12.00000 8.00000 8.00000 11.00000 6.00000 15.00000 10.00000 13.00000 15.00000 17.00000 15.00000 6.00000 5.00000 15.00000 14.00000 12.00000 15.00000 10.00000 4.00000 9.00000
11.00000 7.00000 17.00000 19.00000 7.00000 19.00000 4.00000 18.00000 13.00000 21.00000 7.00000 14.00000 8.00000 10.00000 16.00000 20.00000 8.00000 19.00000 13.00000 19.00000 7.00000 4.00000 10.00000 6.00000 11.00000 8.00000 18.00000 13.00000 18.00000 2.00000 17.00000 4.00000 14.00000 11.00000 6.00000 5.00000 9.00000 12.00000 4.00000 4.00000 3.00000 2.00000 6.00000 21.00000 2.00000 14.00000 20.00000 7.00000 2.00000 7.00000 5.00000 16.00000 7.00000 12.00000 6.00000 13.00000 12.00000 0.00000 7.00000 8.00000 3.00000 9.00000 24.00000 8.00000 5.00000 21.00000 9.00000 7.00000 14.00000 14.00000 5.00000 5.00000 3.00000 4.00000 12.00000 13.00000 11.00000
9.00000 11.00000 14.00000 17.00000 7.00000 17.00000 7.00000 15.00000 13.00000 19.00000 6.00000 12.00000 6.00000 9.00000 13.00000 19.00000 10.00000 17.00000 10.00000 16.00000 10.00000 10.00000 7.00000 11.00000 8.00000 8.00000 17.00000 10.00000 15.00000 7.00000 15.00000 7.00000 13.00000 9.00000 10.00000 9.00000 7.00000 12.00000 6.00000 6.00000 7.00000 8.00000 10.00000 18.00000 7.00000 11.00000 19.00000 7.00000 7.00000 4.00000 6.00000 15.00000 5.00000 7.00000 8.00000 10.00000 9.00000 6.00000 0.00000 3.00000 6.00000 7.00000 21.00000 7.00000 7.00000 18.00000 12.00000 10.00000 12.00000 11.00000 9.00000 8.00000 7.00000 9.00000 9.00000 10.00000 9.00000
7.00000 12.00000 14.00000 16.00000 8.00000 16.00000 8.00000 15.00000 13.00000 18.00000 8.00000 11.00000 7.00000 10.00000 13.00000 17.00000 11.00000 16.00000 9.00000 16.00000 12.00000 11.00000 6.00000 12.00000 8.00000 10.00000 15.00000 10.00000 15.00000 8.00000 14.00000 9.00000 12.00000 7.00000 10.00000 10.00000 8.00000 11.00000 7.00000 7.00000 8.00000 9.00000 11.00000 18.00000 8.00000 11.00000 18.00000 8.00000 8.00000 4.00000 8.00000 14.00000 6.00000 7.00000 10.00000 8.00000 8.00000 7.00000 3.00000 0.00000 7.00000 6.00000 20.00000 8.00000 8.00000 18.00000 13.00000 11.00000 11.00000 10.00000 10.00000 10.00000 8.00000 10.00000 8.00000 8.00000 7.00000
10.00000 5.00000 16.00000 16.00000 7.00000 18.00000 7.00000 17.00000 11.00000 20.00000 10.00000 13.00000 8.00000 7.00000 15.00000 18.00000 10.00000 18.00000 14.00000 17.00000 8.00000 6.00000 11.00000 6.00000 12.00000 10.00000 16.00000 14.00000 16.00000 4.00000 16.00000 7.00000 12.00000 10.00000 4.00000 7.00000 9.00000 10.00000 4.00000 5.00000 7.00000 6.00000 4.00000 20.00000 5.00000 15.00000 18.00000 7.00000 5.00000 8.00000 8.00000 14.00000 8.00000 13.00000 8.00000 14.00000 13.00000 5.00000 9.00000 10.00000 0.00000 10.00000 23.00000 8.00000 8.00000 20.00000 8.00000 4.00000 15.00000 15.00000 7.00000 8.00000 2.00000 5.00000 10.00000 14.00000 10.00000
7.00000 14.00000 10.00000 13.00000 7.00000 12.00000 11.00000 11.00000 12.00000 14.00000 11.00000 7.00000 7.00000 9.00000 9.00000 15.00000 14.00000 13.00000 6.00000 12.00000 15.00000 14.00000 2.00000 15.00000 4.00000 13.00000 12.00000 6.00000 11.00000 11.00000 11.00000 12.00000 11.00000 7.00000 13.00000 13.00000 7.00000 11.00000 10.00000 9.00000 11.00000 12.00000 13.00000 14.00000 11.00000 7.00000 17.00000 8.00000 11.00000 5.00000 11.00000 12.00000 5.00000 6.00000 13.00000 5.00000 4.00000 10.00000 7.00000 6.00000 10.00000 0.00000 17.00000 7.00000 12.00000 14.00000 16.00000 14.00000 7.00000 7.00000 13.00000 13.00000 10.00000 13.00000 8.00000 5.00000 7.00000
17.00000 26.00000 10.00000 9.00000 20.00000 7.00000 24.00000 8.00000 14.00000 5.00000 24.00000 11.00000 19.00000 18.00000 10.00000 7.00000 28.00000 9.00000 14.00000 10.00000 28.00000 26.00000 15.00000 27.00000 14.00000 26.00000 9.00000 12.00000 10.00000 23.00000 8.00000 24.00000 13.00000 17.00000 26.00000 26.00000 19.00000 17.00000 22.00000 22.00000 24.00000 24.00000 26.00000 6.00000 24.00000 11.00000 12.00000 20.00000 23.00000 18.00000 23.00000 10.00000 18.00000 20.00000 25.00000 14.00000 15.00000 23.00000 20.00000 21.00000 22.00000 15.00000 0.00000 20.00000 24.00000 4.00000 30.00000 26.00000 13.00000 13.00000 25.00000 25.00000 23.00000 26.00000 18.00000 15.00000 17.00000
6.00000 10.00000 13.00000 15.00000 1.00000 15.00000 9.00000 14.00000 9.00000 17.00000 9.00000 10.00000 1.00000 5.00000 12.00000 16.00000 14.00000 15.00000 10.00000 13.00000 13.00000 11.00000 7.00000 11.00000 7.00000 12.00000 14.00000 9.00000 12.00000 7.00000 13.00000 9.00000 10.00000 6.00000 9.00000 11.00000 3.00000 8.00000 5.00000 6.00000 9.00000 9.00000 9.00000 17.00000 8.00000 11.00000 16.00000 2.00000 8.00000 5.00000 8.00000 12.00000 3.00000 10.00000 11.00000 9.00000 9.00000 7.00000 6.00000 7.00000 6.00000 6.00000 20.00000 0.00000 9.00000 17.00000 13.00000 10.00000 11.00000 10.00000 11.00000 10.00000 6.00000 10.00000 7.00000 10.00000 6.00000
13.00000 12.00000 18.00000 21.00000 10.00000 20.00000 3.00000 19.00000 17.00000 22.00000 3.00000 15.00000 10.00000 13.00000 17.00000 22.00000 6.00000 21.00000 14.00000 20.00000 5.00000 5.00000 11.00000 5.00000 12.00000 4.00000 20.00000 14.00000 19.00000 6.00000 19.00000 2.00000 17.00000 13.00000 8.00000 2.00000 11.00000 16.00000 8.00000 7.00000 3.00000 3.00000 7.00000 22.00000 5.00000 15.00000 23.00000 11.00000 5.00000 8.00000 2.00000 19.00000 9.00000 13.00000 2.00000 14.00000 14.00000 5.00000 7.00000 9.00000 7.00000 11.00000 25.00000 10.00000 0.00000 22.00000 8.00000 11.00000 15.00000 15.00000 3.00000 2.00000 7.00000 6.00000 13.00000 14.00000 13.00000
16.00000 26.00000 9.00000 7.00000 19.00000 6.00000 23.00000 9.00000 12.00000 4.00000 23.00000 10.00000 18.00000 17.00000 9.00000 5.00000 27.00000 8.00000 14.00000 8.00000 27.00000 25.00000 14.00000 26.00000 13.00000 25.00000 8.00000 11.00000 9.00000 23.00000 8.00000 23.00000 13.00000 16.00000 25.00000 25.00000 18.00000 16.00000 22.00000 21.00000 23.00000 23.00000 25.00000 6.00000 23.00000 12.00000 11.00000 19.00000 23.00000 17.00000 22.00000 9.00000 17.00000 20.00000 25.00000 14.00000 15.00000 22.00000 19.00000 20.00000 21.00000 15.00000 4.00000 19.00000 23.00000 0.00000 29.00000 25.00000 14.00000 14.00000 25.00000 24.00000 22.00000 25.00000 17.00000 14.00000 16.00000
17.00000 13.00000 23.00000 24.00000 15.00000 26.00000 8.00000 24.00000 19.00000 28.00000 9.00000 21.00000 16.00000 15.00000 23.00000 25.00000 5.00000 26.00000 19.00000 24.00000 4.00000 6.00000 17.00000 6.00000 18.00000 9.00000 23.00000 20.00000 23.00000 10.00000 24.00000 8.00000 19.00000 17.00000 9.00000 7.00000 16.00000 17.00000 12.00000 12.00000 8.00000 8.00000 7.00000 27.00000 8.00000 21.00000 25.00000 15.00000 9.00000 13.00000 9.00000 21.00000 14.00000 14.00000 7.00000 18.00000 18.00000 9.00000 11.00000 13.00000 10.00000 16.00000 30.00000 16.00000 8.00000 27.00000 0.00000 12.00000 21.00000 20.00000 7.00000 7.00000 10.00000 7.00000 17.00000 18.00000 17.00000
12.00000 3.00000 18.00000 18.00000 9.00000 20.00000 10.00000 19.00000 13.00000 22.00000 13.00000 15.00000 10.00000 9.00000 17.00000 20.00000 13.00000 20.00000 16.00000 19.00000 12.00000 9.00000 13.00000 9.00000 14.00000 13.00000 18.00000 16.00000 18.00000 6.00000 18.00000 10.00000 14.00000 12.00000 5.00000 10.00000 11.00000 12.00000 6.00000 7.00000 9.00000 8.00000 7.00000 22.00000 8.00000 17.00000 20.00000 9.00000 8.00000 10.00000 11.00000 16.00000 10.00000 15.00000 11.00000 16.00000 15.00000 7.00000 11.00000 12.00000 6.00000 12.00000 25.00000 10.00000 11.00000 22.00000 11.00000 0.00000 17.00000 17.00000 10.00000 11.00000 6.00000 8.00000 12.00000 16.00000 12.00000
11.00000 18.00000 8.00000 12.00000 10.00000 10.00000 14.00000 8.00000 14.00000 12.00000 15.00000 8.00000 10.00000 11.00000 6.00000 13.00000 18.00000 10.00000 2.00000 12.00000 18.00000 17.00000 6.00000 18.00000 6.00000 17.00000 12.00000 6.00000 10.00000 14.00000 10.00000 15.00000 13.00000 11.00000 16.00000 16.00000 11.00000 13.00000 13.00000 13.00000 14.00000 15.00000 17.00000 12.00000 15.00000 4.00000 19.00000 11.00000 14.00000 9.00000 14.00000 13.00000 9.00000 9.00000 16.00000 3.00000 3.00000 13.00000 11.00000 11.00000 13.00000 6.00000 14.00000 10.00000 15.00000 12.00000 20.00000 17.00000 0.00000 1.00000 16.00000 16.00000 14.00000 16.00000 11.00000 3.00000 11.00000
11.00000 17.00000 8.00000 13.00000 10.00000 10.00000 14.00000 8.00000 14.00000 12.00000 14.00000 8.00000 9.00000 11.00000 7.00000 13.00000 18.00000 11.00000 2.00000 12.00000 18.00000 17.00000 5.00000 18.00000 6.00000 17.00000 12.00000 6.00000 11.00000 14.00000 10.00000 14.00000 13.00000 11.00000 16.00000 16.00000 10.00000 13.00000 13.00000 12.00000 14.00000 14.00000 16.00000 12.00000 14.00000 5.00000 19.00000 10.00000 14.00000 8.00000 13.00000 13.00000 8.00000 9.00000 16.00000 2.00000 3.00000 13.00000 10.00000 11.00000 13.00000 6.00000 13.00000 10.00000 14.00000 12.00000 20.00000 16.00000 1.00000 0.00000 16.00000 15.00000 13.00000 16.00000 11.00000 3.00000 11.00000
14.00000 11.00000 20.00000 21.00000 12.00000 22.00000 3.00000 21.00000 16.00000 24.00000 6.00000 17.00000 12.00000 12.00000 19.00000 23.00000 6.00000 22.00000 16.00000 22.00000 4.00000 4.00000 13.00000 5.00000 14.00000 6.00000 21.00000 16.00000 21.00000 5.00000 20.00000 2.00000 17.00000 14.00000 7.00000 2.00000 12.00000 15.00000 8.00000 7.00000 3.00000 3.00000 5.00000 24.00000 4.00000 17.00000 23.00000 11.00000 5.00000 10.00000 3.00000 19.00000 10.00000 14.00000 3.00000 15.00000 15.00000 5.00000 9.00000 11.00000 7.00000 12.00000 26.00000 12.00000 3.00000 24.00000 6.00000 10.00000 17.00000 16.00000 0.00000 3.00000 6.00000 4.00000 15.00000 16.00000 14.00000
14.00000 12.00000 19.00000 23.00000 11.00000 22.00000 3.00000 20.00000 18.00000 24.00000 4.00000 17.00000 12.00000 14.00000 19.00000 24.00000 5.00000 22.00000 15.00000 22.00000 4.00000 5.00000 12.00000 4.00000 13.00000 4.00000 22.00000 16.00000 20.00000 6.00000 20.00000 2.00000 18.00000 14.00000 8.00000 3.00000 12.00000 16.00000 8.00000 8.00000 3.00000 3.00000 6.00000 23.00000 5.00000 17.00000 24.00000 11.00000 5.00000 10.00000 3.00000 20.00000 10.00000 13.00000 1.00000 15.00000 15.00000 5.00000 8.00000 10.00000 7.00000 12.00000 26.00000 11.00000 2.00000 23.00000 7.00000 11.00000 17.00000 16.00000 3.00000 0.00000 7.00000 5.00000 14.00000 16.00000 14.00000
11.00000 6.00000 17.00000 17.00000 6.00000 19.00000 6.00000 17.00000 12.00000 21.00000 9.00000 14.00000 7.00000 8.00000 16.00000 18.00000 11.00000 19.00000 13.00000 17.00000 9.00000 6.00000 10.00000 6.00000 11.00000 10.00000 16.00000 13.00000 16.00000 2.00000 17.00000 6.00000 13.00000 11.00000 5.00000 7.00000 9.00000 10.00000 3.00000 4.00000 6.00000 5.00000 5.00000 20.00000 4.00000 14.00000 19.00000 6.00000 4.00000 7.00000 7.00000 15.00000 7.00000 12.00000 8.00000 12.00000 12.00000 3.00000 8.00000 9.00000 1.00000 9.00000 23.00000 7.00000 7.00000 20.00000 9.00000 5.00000 14.00000 13.00000 7.00000 7.00000 0.00000 5.00000 11.00000 13.00000 11.00000
14.00000 9.00000 20.00000 20.00000 11.00000 22.00000 5.00000 21.00000 15.00000 24.00000 8.00000 17.00000 11.00000 11.00000 19.00000 21.00000 7.00000 22.00000 16.00000 20.00000 5.00000 2.00000 13.00000 3.00000 14.00000 8.00000 19.00000 17.00000 19.00000 4.00000 20.00000 5.00000 16.00000 14.00000 5.00000 5.00000 13.00000 13.00000 7.00000 6.00000 5.00000 4.00000 4.00000 23.00000 3.00000 18.00000 22.00000 10.00000 3.00000 11.00000 6.00000 18.00000 11.00000 15.00000 6.00000 16.00000 16.00000 4.00000 10.00000 11.00000 6.00000 13.00000 27.00000 11.00000 6.00000 24.00000 7.00000 8.00000 18.00000 17.00000 4.00000 6.00000 5.00000 0.00000 14.00000 17.00000 14.00000
2.00000 11.00000 10.00000 10.00000 6.00000 12.00000 13.00000 11.00000 6.00000 14.00000 14.00000 7.00000 7.00000 3.00000 10.00000 11.00000 17.00000 12.00000 11.00000 10.00000 15.00000 12.00000 8.00000 12.00000 7.00000 17.00000 9.00000 7.00000 9.00000 10.00000 10.00000 13.00000 5.00000 2.00000 11.00000 14.00000 5.00000 4.00000 9.00000 11.00000 13.00000 12.00000 11.00000 13.00000 12.00000 10.00000 12.00000 6.00000 11.00000 8.00000 13.00000 8.00000 7.00000 13.00000 15.00000 11.00000 10.00000 10.00000 11.00000 11.00000 9.00000 8.00000 16.00000 7.00000 14.00000 13.00000 15.00000 11.00000 12.00000 12.00000 13.00000 14.00000 9.00000 12.00000 0.00000 11.00000 2.00000
10.00000 16.00000 9.00000 13.00000 9.00000 11.00000 13.00000 8.00000 13.00000 13.00000 13.00000 8.00000 9.00000 11.00000 7.00000 14.00000 16.00000 11.00000 2.00000 12.00000 16.00000 16.00000 4.00000 17.00000 5.00000 15.00000 12.00000 5.00000 11.00000 13.00000 9.00000 13.00000 12.00000 10.00000 15.00000 15.00000 9.00000 12.00000 12.00000 11.00000 13.00000 14.00000 15.00000 13.00000 13.00000 5.00000 18.00000 9.00000 13.00000 7.00000 13.00000 13.00000 7.00000 8.00000 15.00000 1.00000 2.00000 12.00000 9.00000 9.00000 12.00000 5.00000 14.00000 9.00000 13.00000 13.00000 18.00000 16.00000 4.00000 3.00000 15.00000 15.00000 12.00000 15.00000 10.00000 0.00000 10.00000
0.00000 12.00000 10.00000 9.00000 7.00000 11.00000 14.00000 11.00000 6.00000 13.00000 15.00000 7.00000 8.00000 3.00000 9.00000 10.00000 17.00000 11.00000 11.00000 9.00000 16.00000 13.00000 9.00000 13.00000 8.00000 17.00000 9.00000 8.00000 9.00000 11.00000 10.00000 14.00000 5.00000 0.00000 12.00000 14.00000 5.00000 5.00000 9.00000 12.00000 14.00000 12.00000 11.00000 13.00000 12.00000 10.00000 11.00000 7.00000 12.00000 9.00000 14.00000 7.00000 7.00000 13.00000 15.00000 11.00000 11.00000 11.00000 11.00000 12.00000 10.00000 8.00000 16.00000 8.00000 15.00000 13.00000 15.00000 12.00000 13.00000 12.00000 14.00000 15.00000 9.00000 12.00000 1.00000 11.00000 0.00000
p
0.0 0.0 0.0 0.0 0.0 0.0 
0.0 0.0 0.0 0.0 0.0 0.0 
0.0 0.0 0.0 0.0 0.0 0.0 
0.0 0.0 0.0 0.0 0.0 0.0 
0.0 0.0 0.0 0.0 0.0 0.0 
0.0 0.0 0.0 0.0 0.0 0.0 
0.0 0.0 0.0 0.0 0.0 0.0 
0.0 0.0 0.0 0.0 0.0 0.0 
0.0 0.0 0.0 0.0 0.0 0.0 
0.0 0.0 0.0 0.0 0.0 0.0 
0.0 0.0 0.0 0.0 0.0 0.0 
0.0 0.0 0.0 0.0 0.0 0.0 
0.0 0.0 0.0 0.0 0.0 0.0 
0.0 0.0 0.0 0.0 0.0 0.0 
0.0 0.0 0.0 0.0 0.0 0.0 
44 0 0 0 0 0 
44 0 0 0 0 0 
44 0 0 0 0 0 
44 0 0 0 0 0 
44 0 0 0 0 0 
44 0 0 0 0 0 
44 0 0 0 0 0 
44 0 0 0 0 0 
44 0 0 0 0 0 
44 0 0 0 0 0 
44 0 0 0 0 0 
44 0 0 0 0 0 
44 0 0 0 0 0 
44 0 0 0 0 0 
44 0 0 0 0 0 
0 29 0 0 0 0 
0 29 0 0 0 0 
0 29 0 0 0 0 
0 29 0 0 0 0 
0 29 0 0 0 0 
0 29 0 0 0 0 
0 29 0 0 0 0 
0 29 0 0 0 0 
0 29 0 0 0 0 
0 29 0 0 0 0 
0 29 0 0 0 0 
0 29 0 0 0 0 
0 29 0 0 0 0 
0 29 0 0 0 0 
0 29 0 0 0 0 
0 0 0 0 0 29 
0 0 0 0 0 29 
0 0 0 0 0 29 
0 0 0 0 0 29 
0 0 0 0 0 29 
0 0 0 0 0 29 
0 0 0 0 0 29 
0 0 0 0 0 29 
0 0 0 0 0 29 
0 0 0 0 0 29 
0 0 0 0 0 29 
0 0 0 0 0 29 
0 0 0 0 0 29 
0 0 0 0 0 29 
0 0 0 0 0 29 
27 0 0 35 0 0 
27 0 0 35 0 0 
27 0 0 35 0 0 
27 0 0 35 0 0 
27 0 0 35 0 0 
27 0 0 35 0 0 
27 0 0 35 0 0 
27 0 0 35 0 0 
27 0 0 35 0 0 
27 0 0 35 0 0 
27 0 0 35 0 0 
27 0 0 35 0 0 
27 0 0 35 0 0 
27 0 0 35 0 0 
27 0 0 35 0 0 
58 0 0 0 0 0 
58 0 0 0 0 0 
58 0 0 0 0 0 
58 0 0 0 0 0 
58 0 0 0 0 0 
58 0 0 0 0 0 
58 0 0 0 0 0 
58 0 0 0 0 0 
58 0 0 0 0 0 
58 0 0 0 0 0 
58 0 0 0 0 0 
58 0 0 0 0 0 
58 0 0 0 0 0 
58 0 0 0 0 0 
58 0 0 0 0 0 
0 0 40 0 0 45 
0 0 40 0 0 45 
0 0 40 0 0 45 
0 0 40 0 0 45 
0 0 40 0 0 45 
0 0 40 0 0 45 
0 0 40 0 0 45 
0 0 40 0 0 45 
0 0 40 0 0 45 
0 0 40 0 0 45 
0 0 40 0 0 45 
0 0 40 0 0 45 
0 0 40 0 0 45 
0 0 40 0 0 45 
0 0 40 0 0 45 
0 0 0 0 0 49 
0 0 0 0 0 49 
0 0 0 0 0 49 
0 0 0 0 0 49 
0 0 0 0 0 49 
0 0 0 0 0 49 
0 0 0 0 0 49 
0 0 0 0 0 49 
0 0 0 0 0 49 
0 0 0 0 0 49 
0 0 0 0 0 49 
0 0 0 0 0 49 
0 0 0 0 0 49 
0 0 0 0 0 49 
0 0 0 0 0 49 
49 0 0 0 21 0 
49 0 0 0 21 0 
49 0 0 0 21 0 
49 0 0 0 21 0 
49 0 0 0 21 0 
49 0 0 0 21 0 
49 0 0 0 21 0 
49 0 0 0 21 0 
49 0 0 0 21 0 
49 0 0 0 21 0 
49 0 0 0 21 0 
49 0 0 0 21 0 
49 0 0 0 21 0 
49 0 0 0 21 0 
49 0 0 0 21 0 
0 0 0 0 15 0 
0 0 0 0 15 0 
0 0 0 0 15 0 
0 0 0 0 15 0 
0 0 0 0 15 0 
0 0 0 0 15 0 
0 0 0 0 15 0 
0 0 0 0 15 0 
0 0 0 0 15 0 
0 0 0 0 15 0 
0 0 0 0 15 0 
0 0 0 0 15 0 
0 0 0 0 15 0 
0 0 0 0 15 0 
0 0 0 0 15 0 
0 19 0 0 0 0 
0 19 0 0 0 0 
0 19 0 0 0 0 
0 19 0 0 0 0 
0 19 0 0 0 0 
0 19 0 0 0 0 
0 19 0 0 0 0 
0 19 0 0 0 0 
0 19 0 0 0 0 
0 19 0 0 0 0 
0 19 0 0 0 0 
0 19 0 0 0 0 
0 19 0 0 0 0 
0 19 0 0 0 0 
0 19 0 0 0 0 
0 0 20 0 0 0 
0 0 20 0 0 0 
0 0 20 0 0 0 
0 0 20 0 0 0 
0 0 20 0 0 0 
0 0 20 0 0 0 
0 0 20 0 0 0 
0 0 20 0 0 0 
0 0 20 0 0 0 
0 0 20 0 0 0 
0 0 20 0 0 0 
0 0 20 0 0 0 
0 0 20 0 0 0 
0 0 20 0 0 0 
0 0 20 0 0 0 
0 0 0 0 46 0 
0 0 0 0 46 0 
0 0 0 0 46 0 
0 0 0 0 46 0 
0 0 0 0 46 0 
0 0 0 0 46 0 
0 0 0 0 46 0 
0 0 0 0 46 0 
0 0 0 0 46 0 
0 0 0 0 46 0 
0 0 0 0 46 0 
0 0 0 0 46 0 
0 0 0 0 46 0 
0 0 0 0 46 0 
0 0 0 0 46 0 
0 0 0 0 44 0 
0 0 0 0 44 0 
0 0 0 0 44 0 
0 0 0 0 44 0 
0 0 0 0 44 0 
0 0 0 0 44 0 
0 0 0 0 44 0 
0 0 0 0 44 0 
0 0 0 0 44 0 
0 0 0 0 44 0 
0 0 0 0 44 0 
0 0 0 0 44 0 
0 0 0 0 44 0 
0 0 0 0 44 0 
0 0 0 0 44 0 
0 0 56 0 0 0 
0 0 56 0 0 0 
0 0 56 0 0 0 
0 0 56 0 0 0 
0 0 56 0 0 0 
0 0 56 0 0 0 
0 0 56 0 0 0 
0 0 56 0 0 0 
0 0 56 0 0 0 
0 0 56 0 0 0 
0 0 56 0 0 0 
0 0 56 0 0 0 
0 0 56 0 0 0 
0 0 56 0 0 0 
0 0 56 0 0 0 
0 0 0 49 0 0 
0 0 0 49 0 0 
0 0 0 49 0 0 
0 0 0 49 0 0 
0 0 0 49 0 0 
0 0 0 49 0 0 
0 0 0 49 0 0 
0 0 0 49 0 0 
0 0 0 49 0 0 
0 0 0 49 0 0 
0 0 0 49 0 0 
0 0 0 49 0 0 
0 0 0 49 0 0 
0 0 0 49 0 0 
0 0 0 49 0 0 
32 0 0 0 24 0 
32 0 0 0 24 0 
32 0 0 0 24 0 
32 0 0 0 24 0 
32 0 0 0 24 0 
32 0 0 0 24 0 
32 0 0 0 24 0 
32 0 0 0 24 0 
32 0 0 0 24 0 
32 0 0 0 24 0 
32 0 0 0 24 0 
32 0 0 0 24 0 
32 0 0 0 24 0 
32 0 0 0 24 0 
32 0 0 0 24 0 
17 0 0 0 0 28 
17 0 0 0 0 28 
17 0 0 0 0 28 
17 0 0 0 0 28 
17 0 0 0 0 28 
17 0 0 0 0 28 
17 0 0 0 0 28 
17 0 0 0 0 28 
17 0 0 0 0 28 
17 0 0 0 0 28 
17 0 0 0 0 28 
17 0 0 0 0 28 
17 0 0 0 0 28 
17 0 0 0 0 28 
17 0 0 0 0 28 
49 0 0 0 0 0 
49 0 0 0 0 0 
49 0 0 0 0 0 
49 0 0 0 0 0 
49 0 0 0 0 0 
49 0 0 0 0 0 
49 0 0 0 0 0 
49 0 0 0 0 0 
49 0 0 0 0 0 
49 0 0 0 0 0 
49 0 0 0 0 0 
49 0 0 0 0 0 
49 0 0 0 0 0 
49 0 0 0 0 0 
49 0 0 0 0 0 
0 0 52 0 0 17 
0 0 52 0 0 17 
0 0 52 0 0 17 
0 0 52 0 0 17 
0 0 52 0 0 17 
0 0 52 0 0 17 
0 0 52 0 0 17 
0 0 52 0 0 17 
0 0 52 0 0 17 
0 0 52 0 0 17 
0 0 52 0 0 17 
0 0 52 0 0 17 
0 0 52 0 0 17 
0 0 52 0 0 17 
0 0 52 0 0 17 
0 0 0 0 0 31 
0 0 0 0 0 31 
0 0 0 0 0 31 
0 0 0 0 0 31 
0 0 0 0 0 31 
0 0 0 0 0 31 
0 0 0 0 0 31 
0 0 0 0 0 31 
0 0 0 0 0 31 
0 0 0 0 0 31 
0 0 0 0 0 31 
0 0 0 0 0 31 
0 0 0 0 0 31 
0 0 0 0 0 31 
0 0 0 0 0 31 
0 44 0 0 0 0 
0 44 0 0 0 0 
0 44 0 0 0 0 
0 44 0 0 0 0 
0 44 0 0 0 0 
0 44 0 0 0 0 
0 44 0 0 0 0 
0 44 0 0 0 0 
0 44 0 0 0 0 
0 44 0 0 0 0 
0 44 0 0 0 0 
0 44 0 0 0 0 
0 44 0 0 0 0 
0 44 0 0 0 0 
0 44 0 0 0 0 
0 0 0 0 0 56 
0 0 0 0 0 56 
0 0 0 0 0 56 
0 0 0 0 0 56 
0 0 0 0 0 56 
0 0 0 0 0 56 
0 0 0 0 0 56 
0 0 0 0 0 56 
0 0 0 0 0 56 
0 0 0 0 0 56 
0 0 0 0 0 56 
0 0 0 0 0 56 
0 0 0 0 0 56 
0 0 0 0 0 56 
0 0 0 0 0 56 
0 31 0 0 0 0 
0 31 0 0 0 0 
0 31 0 0 0 0 
0 31 0 0 0 0 
0 31 0 0 0 0 
0 31 0 0 0 0 
0 31 0 0 0 0 
0 31 0 0 0 0 
0 31 0 0 0 0 
0 31 0 0 0 0 
0 31 0 0 0 0 
0 31 0 0 0 0 
0 31 0 0 0 0 
0 31 0 0 0 0 
0 31 0 0 0 0 
0 43 0 0 0 0 
0 43 0 0 0 0 
0 43 0 0 0 0 
0 43 0 0 0 0 
0 43 0 0 0 0 
0 43 0 0 0 0 
0 43 0 0 0 0 
0 43 0 0 0 0 
0 43 0 0 0 0 
0 43 0 0 0 0 
0 43 0 0 0 0 
0 43 0 0 0 0 
0 43 0 0 0 0 
0 43 0 0 0 0 
0 43 0 0 0 0 
0 53 0 0 0 0 
0 53 0 0 0 0 
0 53 0 0 0 0 
0 53 0 0 0 0 
0 53 0 0 0 0 
0 53 0 0 0 0 
0 53 0 0 0 0 
0 53 0 0 0 0 
0 53 0 0 0 0 
0 53 0 0 0 0 
0 53 0 0 0 0 
0 53 0 0 0 0 
0 53 0 0 0 0 
0 53 0 0 0 0 
0 53 0 0 0 0 
0 23 0 0 0 0 
0 23 0 0 0 0 
0 23 0 0 0 0 
0 23 0 0 0 0 
0 23 0 0 0 0 
0 23 0 0 0 0 
0 23 0 0 0 0 
0 23 0 0 0 0 
0 23 0 0 0 0 
0 23 0 0 0 0 
0 23 0 0 0 0 
0 23 0 0 0 0 
0 23 0 0 0 0 
0 23 0 0 0 0 
0 23 0 0 0 0 
0 0 0 0 0 35 
0 0 0 0 0 35 
0 0 0 0 0 35 
0 0 0 0 0 35 
0 0 0 0 0 35 
0 0 0 0 0 35 
0 0 0 0 0 35 
0 0 0 0 0 35 
0 0 0 0 0 35 
0 0 0 0 0 35 
0 0 0 0 0 35 
0 0 0 0 0 35 
0 0 0 0 0 35 
0 0 0 0 0 35 
0 0 0 0 0 35 
0 0 0 42 0 0 
0 0 0 42 0 0 
0 0 0 42 0 0 
0 0 0 42 0 0 
0 0 0 42 0 0 
0 0 0 42 0 0 
0 0 0 42 0 0 
0 0 0 42 0 0 
0 0 0 42 0 0 
0 0 0 42 0 0 
0 0 0 42 0 0 
0 0 0 42 0 0 
0 0 0 42 0 0 
0 0 0 42 0 0 
0 0 0 42 0 0 
0 0 0 0 0 20 
0 0 0 0 0 20 
0 0 0 0 0 20 
0 0 0 0 0 20 
0 0 0 0 0 20 
0 0 0 0 0 20 
0 0 0 0 0 20 
0 0 0 0 0 20 
0 0 0 0 0 20 
0 0 0 0 0 20 
0 0 0 0 0 20 
0 0 0 0 0 20 
0 0 0 0 0 20 
0 0 0 0 0 20 
0 0 0 0 0 20 
15 0 0 0 0 0 
15 0 0 0 0 0 
15 0 0 0 0 0 
15 0 0 0 0 0 
15 0 0 0 0 0 
15 0 0 0 0 0 
15 0 0 0 0 0 
15 0 0 0 0 0 
15 0 0 0 0 0 
15 0 0 0 0 0 
15 0 0 0 0 0 
15 0 0 0 0 0 
15 0 0 0 0 0 
15 0 0 0 0 0 
15 0 0 0 0 0 
0 0 0 0 56 0 
0 0 0 0 56 0 
0 0 0 0 56 0 
0 0 0 0 56 0 
0 0 0 0 56 0 
0 0 0 0 56 0 
0 0 0 0 56 0 
0 0 0 0 56 0 
0 0 0 0 56 0 
0 0 0 0 56 0 
0 0 0 0 56 0 
0 0 0 0 56 0 
0 0 0 0 56 0 
0 0 0 0 56 0 
0 0 0 0 56 0 
26 0 0 0 0 54 
26 0 0 0 0 54 
26 0 0 0 0 54 
26 0 0 0 0 54 
26 0 0 0 0 54 
26 0 0 0 0 54 
26 0 0 0 0 54 
26 0 0 0 0 54 
26 0 0 0 0 54 
26 0 0 0 0 54 
26 0 0 0 0 54 
26 0 0 0 0 54 
26 0 0 0 0 54 
26 0 0 0 0 54 
26 0 0 0 0 54 
0 31 0 16 0 0 
0 31 0 16 0 0 
0 31 0 16 0 0 
0 31 0 16 0 0 
0 31 0 16 0 0 
0 31 0 16 0 0 
0 31 0 16 0 0 
0 31 0 16 0 0 
0 31 0 16 0 0 
0 31 0 16 0 0 
0 31 0 16 0 0 
0 31 0 16 0 0 
0 31 0 16 0 0 
0 31 0 16 0 0 
0 31 0 16 0 0 
0 50 0 0 0 39 
0 50 0 0 0 39 
0 50 0 0 0 39 
0 50 0 0 0 39 
0 50 0 0 0 39 
0 50 0 0 0 39 
0 50 0 0 0 39 
0 50 0 0 0 39 
0 50 0 0 0 39 
0 50 0 0 0 39 
0 50 0 0 0 39 
0 50 0 0 0 39 
0 50 0 0 0 39 
0 50 0 0 0 39 
0 50 0 0 0 39 
0 0 56 0 0 23 
0 0 56 0 0 23 
0 0 56 0 0 23 
0 0 56 0 0 23 
0 0 56 0 0 23 
0 0 56 0 0 23 
0 0 56 0 0 23 
0 0 56 0 0 23 
0 0 56 0 0 23 
0 0 56 0 0 23 
0 0 56 0 0 23 
0 0 56 0 0 23 
0 0 56 0 0 23 
0 0 56 0 0 23 
0 0 56 0 0 23 
28 0 0 0 0 21 
28 0 0 0 0 21 
28 0 0 0 0 21 
28 0 0 0 0 21 
28 0 0 0 0 21 
28 0 0 0 0 21 
28 0 0 0 0 21 
28 0 0 0 0 21 
28 0 0 0 0 21 
28 0 0 0 0 21 
28 0 0 0 0 21 
28 0 0 0 0 21 
28 0 0 0 0 21 
28 0 0 0 0 21 
28 0 0 0 0 21 
20 0 0 46 0 0 
20 0 0 46 0 0 
20 0 0 46 0 0 
20 0 0 46 0 0 
20 0 0 46 0 0 
20 0 0 46 0 0 
20 0 0 46 0 0 
20 0 0 46 0 0 
20 0 0 46 0 0 
20 0 0 46 0 0 
20 0 0 46 0 0 
20 0 0 46 0 0 
20 0 0 46 0 0 
20 0 0 46 0 0 
20 0 0 46 0 0 
0 0 0 0 47 0 
0 0 0 0 47 0 
0 0 0 0 47 0 
0 0 0 0 47 0 
0 0 0 0 47 0 
0 0 0 0 47 0 
0 0 0 0 47 0 
0 0 0 0 47 0 
0 0 0 0 47 0 
0 0 0 0 47 0 
0 0 0 0 47 0 
0 0 0 0 47 0 
0 0 0 0 47 0 
0 0 0 0 47 0 
0 0 0 0 47 0 
0 0 16 0 0 0 
0 0 16 0 0 0 
0 0 16 0 0 0 
0 0 16 0 0 0 
0 0 16 0 0 0 
0 0 16 0 0 0 
0 0 16 0 0 0 
0 0 16 0 0 0 
0 0 16 0 0 0 
0 0 16 0 0 0 
0 0 16 0 0 0 
0 0 16 0 0 0 
0 0 16 0 0 0 
0 0 16 0 0 0 
0 0 16 0 0 0 
0 0 0 0 0 34 
0 0 0 0 0 34 
0 0 0 0 0 34 
0 0 0 0 0 34 
0 0 0 0 0 34 
0 0 0 0 0 34 
0 0 0 0 0 34 
0 0 0 0 0 34 
0 0 0 0 0 34 
0 0 0 0 0 34 
0 0 0 0 0 34 
0 0 0 0 0 34 
0 0 0 0 0 34 
0 0 0 0 0 34 
0 0 0 0 0 34 
0 0 27 54 0 0 
0 0 27 54 0 0 
0 0 27 54 0 0 
0 0 27 54 0 0 
0 0 27 54 0 0 
0 0 27 54 0 0 
0 0 27 54 0 0 
0 0 27 54 0 0 
0 0 27 54 0 0 
0 0 27 54 0 0 
0 0 27 54 0 0 
0 0 27 54 0 0 
0 0 27 54 0 0 
0 0 27 54 0 0 
0 0 27 54 0 0 
0 0 59 0 0 35 
0 0 59 0 0 35 
0 0 59 0 0 35 
0 0 59 0 0 35 
0 0 59 0 0 35 
0 0 59 0 0 35 
0 0 59 0 0 35 
0 0 59 0 0 35 
0 0 59 0 0 35 
0 0 59 0 0 35 
0 0 59 0 0 35 
0 0 59 0 0 35 
0 0 59 0 0 35 
0 0 59 0 0 35 
0 0 59 0 0 35 
0 46 0 0 0 0 
0 46 0 0 0 0 
0 46 0 0 0 0 
0 46 0 0 0 0 
0 46 0 0 0 0 
0 46 0 0 0 0 
0 46 0 0 0 0 
0 46 0 0 0 0 
0 46 0 0 0 0 
0 46 0 0 0 0 
0 46 0 0 0 0 
0 46 0 0 0 0 
0 46 0 0 0 0 
0 46 0 0 0 0 
0 46 0 0 0 0 
0 0 0 0 0 56 
0 0 0 0 0 56 
0 0 0 0 0 56 
0 0 0 0 0 56 
0 0 0 0 0 56 
0 0 0 0 0 56 
0 0 0 0 0 56 
0 0 0 0 0 56 
0 0 0 0 0 56 
0 0 0 0 0 56 
0 0 0 0 0 56 
0 0 0 0 0 56 
0 0 0 0 0 56 
0 0 0 0 0 56 
0 0 0 0 0 56 
0 0 0 0 0 38 
0 0 0 0 0 38 
0 0 0 0 0 38 
0 0 0 0 0 38 
0 0 0 0 0 38 
0 0 0 0 0 38 
0 0 0 0 0 38 
0 0 0 0 0 38 
0 0 0 0 0 38 
0 0 0 0 0 38 
0 0 0 0 0 38 
0 0 0 0 0 38 
0 0 0 0 0 38 
0 0 0 0 0 38 
0 0 0 0 0 38 
0 0 49 0 0 22 
0 0 49 0 0 22 
0 0 49 0 0 22 
0 0 49 0 0 22 
0 0 49 0 0 22 
0 0 49 0 0 22 
0 0 49 0 0 22 
0 0 49 0 0 22 
0 0 49 0 0 22 
0 0 49 0 0 22 
0 0 49 0 0 22 
0 0 49 0 0 22 
0 0 49 0 0 22 
0 0 49 0 0 22 
0 0 49 0 0 22 
0 0 17 0 60 0 
0 0 17 0 60 0 
0 0 17 0 60 0 
0 0 17 0 60 0 
0 0 17 0 60 0 
0 0 17 0 60 0 
0 0 17 0 60 0 
0 0 17 0 60 0 
0 0 17 0 60 0 
0 0 17 0 60 0 
0 0 17 0 60 0 
0 0 17 0 60 0 
0 0 17 0 60 0 
0 0 17 0 60 0 
0 0 17 0 60 0 
0 0 34 0 0 0 
0 0 34 0 0 0 
0 0 34 0 0 0 
0 0 34 0 0 0 
0 0 34 0 0 0 
0 0 34 0 0 0 
0 0 34 0 0 0 
0 0 34 0 0 0 
0 0 34 0 0 0 
0 0 34 0 0 0 
0 0 34 0 0 0 
0 0 34 0 0 0 
0 0 34 0 0 0 
0 0 34 0 0 0 
0 0 34 0 0 0 
23 0 0 0 0 0 
23 0 0 0 0 0 
23 0 0 0 0 0 
23 0 0 0 0 0 
23 0 0 0 0 0 
23 0 0 0 0 0 
23 0 0 0 0 0 
23 0 0 0 0 0 
23 0 0 0 0 0 
23 0 0 0 0 0 
23 0 0 0 0 0 
23 0 0 0 0 0 
23 0 0 0 0 0 
23 0 0 0 0 0 
23 0 0 0 0 0 
43 0 0 0 0 30 
43 0 0 0 0 30 
43 0 0 0 0 30 
43 0 0 0 0 30 
43 0 0 0 0 30 
43 0 0 0 0 30 
43 0 0 0 0 30 
43 0 0 0 0 30 
43 0 0 0 0 30 
43 0 0 0 0 30 
43 0 0 0 0 30 
43 0 0 0 0 30 
43 0 0 0 0 30 
43 0 0 0 0 30 
43 0 0 0 0 30 
41 0 0 0 0 53 
41 0 0 0 0 53 
41 0 0 0 0 53 
41 0 0 0 0 53 
41 0 0 0 0 53 
41 0 0 0 0 53 
41 0 0 0 0 53 
41 0 0 0 0 53 
41 0 0 0 0 53 
41 0 0 0 0 53 
41 0 0 0 0 53 
41 0 0 0 0 53 
41 0 0 0 0 53 
41 0 0 0 0 53 
41 0 0 0 0 53 
0 0 0 0 0 22 
0 0 0 0 0 22 
0 0 0 0 0 22 
0 0 0 0 0 22 
0 0 0 0 0 22 
0 0 0 0 0 22 
0 0 0 0 0 22 
0 0 0 0 0 22 
0 0 0 0 0 22 
0 0 0 0 0 22 
0 0 0 0 0 22 
0 0 0 0 0 22 
0 0 0 0 0 22 
0 0 0 0 0 22 
0 0 0 0 0 22 
0 18 0 0 0 0 
0 18 0 0 0 0 
0 18 0 0 0 0 
0 18 0 0 0 0 
0 18 0 0 0 0 
0 18 0 0 0 0 
0 18 0 0 0 0 
0 18 0 0 0 0 
0 18 0 0 0 0 
0 18 0 0 0 0 
0 18 0 0 0 0 
0 18 0 0 0 0 
0 18 0 0 0 0 
0 18 0 0 0 0 
0 18 0 0 0 0 
0 0 28 0 0 0 
0 0 28 0 0 0 
0 0 28 0 0 0 
0 0 28 0 0 0 
0 0 28 0 0 0 
0 0 28 0 0 0 
0 0 28 0 0 0 
0 0 28 0 0 0 
0 0 28 0 0 0 
0 0 28 0 0 0 
0 0 28 0 0 0 
0 0 28 0 0 0 
0 0 28 0 0 0 
0 0 28 0 0 0 
0 0 28 0 0 0 
0 0 0 51 0 0 
0 0 0 51 0 0 
0 0 0 51 0 0 
0 0 0 51 0 0 
0 0 0 51 0 0 
0 0 0 51 0 0 
0 0 0 51 0 0 
0 0 0 51 0 0 
0 0 0 51 0 0 
0 0 0 51 0 0 
0 0 0 51 0 0 
0 0 0 51 0 0 
0 0 0 51 0 0 
0 0 0 51 0 0 
0 0 0 51 0 0 
0 0 0 0 0 34 
0 0 0 0 0 34 
0 0 0 0 0 34 
0 0 0 0 0 34 
0 0 0 0 0 34 
0 0 0 0 0 34 
0 0 0 0 0 34 
0 0 0 0 0 34 
0 0 0 0 0 34 
0 0 0 0 0 34 
0 0 0 0 0 34 
0 0 0 0 0 34 
0 0 0 0 0 34 
0 0 0 0 0 34 
0 0 0 0 0 34 
0 0 52 0 0 16 
0 0 52 0 0 16 
0 0 52 0 0 16 
0 0 52 0 0 16 
0 0 52 0 0 16 
0 0 52 0 0 16 
0 0 52 0 0 16 
0 0 52 0 0 16 
0 0 52 0 0 16 
0 0 52 0 0 16 
0 0 52 0 0 16 
0 0 52 0 0 16 
0 0 52 0 0 16 
0 0 52 0 0 16 
0 0 52 0 0 16 
16 0 0 17 0 0 
16 0 0 17 0 0 
16 0 0 17 0 0 
16 0 0 17 0 0 
16 0 0 17 0 0 
16 0 0 17 0 0 
16 0 0 17 0 0 
16 0 0 17 0 0 
16 0 0 17 0 0 
16 0 0 17 0 0 
16 0 0 17 0 0 
16 0 0 17 0 0 
16 0 0 17 0 0 
16 0 0 17 0 0 
16 0 0 17 0 0 
0 0 0 0 0 20 
0 0 0 0 0 20 
0 0 0 0 0 20 
0 0 0 0 0 20 
0 0 0 0 0 20 
0 0 0 0 0 20 
0 0 0 0 0 20 
0 0 0 0 0 20 
0 0 0 0 0 20 
0 0 0 0 0 20 
0 0 0 0 0 20 
0 0 0 0 0 20 
0 0 0 0 0 20 
0 0 0 0 0 20 
0 0 0 0 0 20 
0 54 0 0 0 0 
0 54 0 0 0 0 
0 54 0 0 0 0 
0 54 0 0 0 0 
0 54 0 0 0 0 
0 54 0 0 0 0 
0 54 0 0 0 0 
0 54 0 0 0 0 
0 54 0 0 0 0 
0 54 0 0 0 0 
0 54 0 0 0 0 
0 54 0 0 0 0 
0 54 0 0 0 0 
0 54 0 0 0 0 
0 54 0 0 0 0 
0 0 28 0 0 0 
0 0 28 0 0 0 
0 0 28 0 0 0 
0 0 28 0 0 0 
0 0 28 0 0 0 
0 0 28 0 0 0 
0 0 28 0 0 0 
0 0 28 0 0 0 
0 0 28 0 0 0 
0 0 28 0 0 0 
0 0 28 0 0 0 
0 0 28 0 0 0 
0 0 28 0 0 0 
0 0 28 0 0 0 
0 0 28 0 0 0 
0 23 0 0 0 0 
0 23 0 0 0 0 
0 23 0 0 0 0 
0 23 0 0 0 0 
0 23 0 0 0 0 
0 23 0 0 0 0 
0 23 0 0 0 0 
0 23 0 0 0 0 
0 23 0 0 0 0 
0 23 0 0 0 0 
0 23 0 0 0 0 
0 23 0 0 0 0 
0 23 0 0 0 0 
0 23 0 0 0 0 
0 23 0 0 0 0 
0 0 0 0 0 17 
0 0 0 0 0 17 
0 0 0 0 0 17 
0 0 0 0 0 17 
0 0 0 0 0 17 
0 0 0 0 0 17 
0 0 0 0 0 17 
0 0 0 0 0 17 
0 0 0 0 0 17 
0 0 0 0 0 17 
0 0 0 0 0 17 
0 0 0 0 0 17 
0 0 0 0 0 17 
0 0 0 0 0 17 
0 0 0 0 0 17 
0 0 0 0 0 59 
0 0 0 0 0 59 
0 0 0 0 0 59 
0 0 0 0 0 59 
0 0 0 0 0 59 
0 0 0 0 0 59 
0 0 0 0 0 59 
0 0 0 0 0 59 
0 0 0 0 0 59 
0 0 0 0 0 59 
0 0 0 0 0 59 
0 0 0 0 0 59 
0 0 0 0 0 59 
0 0 0 0 0 59 
0 0 0 0 0 59 
0 0 25 0 0 39 
0 0 25 0 0 39 
0 0 25 0 0 39 
0 0 25 0 0 39 
0 0 25 0 0 39 
0 0 25 0 0 39 
0 0 25 0 0 39 
0 0 25 0 0 39 
0 0 25 0 0 39 
0 0 25 0 0 39 
0 0 25 0 0 39 
0 0 25 0 0 39 
0 0 25 0 0 39 
0 0 25 0 0 39 
0 0 25 0 0 39 
0 0 33 0 0 29 
0 0 33 0 0 29 
0 0 33 0 0 29 
0 0 33 0 0 29 
0 0 33 0 0 29 
0 0 33 0 0 29 
0 0 33 0 0 29 
0 0 33 0 0 29 
0 0 33 0 0 29 
0 0 33 0 0 29 
0 0 33 0 0 29 
0 0 33 0 0 29 
0 0 33 0 0 29 
0 0 33 0 0 29 
0 0 33 0 0 29 
0 0 24 0 0 0 
0 0 24 0 0 0 
0 0 24 0 0 0 
0 0 24 0 0 0 
0 0 24 0 0 0 
0 0 24 0 0 0 
0 0 24 0 0 0 
0 0 24 0 0 0 
0 0 24 0 0 0 
0 0 24 0 0 0 
0 0 24 0 0 0 
0 0 24 0 0 0 
0 0 24 0 0 0 
0 0 24 0 0 0 
0 0 24 0 0 0 
0 0 39 54 0 0 
0 0 39 54 0 0 
0 0 39 54 0 0 
0 0 39 54 0 0 
0 0 39 54 0 0 
0 0 39 54 0 0 
0 0 39 54 0 0 
0 0 39 54 0 0 
0 0 39 54 0 0 
0 0 39 54 0 0 
0 0 39 54 0 0 
0 0 39 54 0 0 
0 0 39 54 0 0 
0 0 39 54 0 0 
0 0 39 54 0 0 
52 0 0 0 0 0 
52 0 0 0 0 0 
52 0 0 0 0 0 
52 0 0 0 0 0 
52 0 0 0 0 0 
52 0 0 0 0 0 
52 0 0 0 0 0 
52 0 0 0 0 0 
52 0 0 0 0 0 
52 0 0 0 0 0 
52 0 0 0 0 0 
52 0 0 0 0 0 
52 0 0 0 0 0 
52 0 0 0 0 0 
52 0 0 0 0 0 
0 0 0 0 20 0 
0 0 0 0 20 0 
0 0 0 0 20 0 
0 0 0 0 20 0 
0 0 0 0 20 0 
0 0 0 0 20 0 
0 0 0 0 20 0 
0 0 0 0 20 0 
0 0 0 0 20 0 
0 0 0 0 20 0 
0 0 0 0 20 0 
0 0 0 0 20 0 
0 0 0 0 20 0 
0 0 0 0 20 0 
0 0 0 0 20 0 
0 38 0 43 0 0 
0 38 0 43 0 0 
0 38 0 43 0 0 
0 38 0 43 0 0 
0 38 0 43 0 0 
0 38 0 43 0 0 
0 38 0 43 0 0 
0 38 0 43 0 0 
0 38 0 43 0 0 
0 38 0 43 0 0 
0 38 0 43 0 0 
0 38 0 43 0 0 
0 38 0 43 0 0 
0 38 0 43 0 0 
0 38 0 43 0 0 
0 0 49 0 0 0 
0 0 49 0 0 0 
0 0 49 0 0 0 
0 0 49 0 0 0 
0 0 49 0 0 0 
0 0 49 0 0 0 
0 0 49 0 0 0 
0 0 49 0 0 0 
0 0 49 0 0 0 
0 0 49 0 0 0 
0 0 49 0 0 0 
0 0 49 0 0 0 
0 0 49 0 0 0 
0 0 49 0 0 0 
0 0 49 0 0 0 
0 0 0 54 0 0 
0 0 0 54 0 0 
0 0 0 54 0 0 
0 0 0 54 0 0 
0 0 0 54 0 0 
0 0 0 54 0 0 
0 0 0 54 0 0 
0 0 0 54 0 0 
0 0 0 54 0 0 
0 0 0 54 0 0 
0 0 0 54 0 0 
0 0 0 54 0 0 
0 0 0 54 0 0 
0 0 0 54 0 0 
0 0 0 54 0 0 
0 0 54 0 0 0 
0 0 54 0 0 0 
0 0 54 0 0 0 
0 0 54 0 0 0 
0 0 54 0 0 0 
0 0 54 0 0 0 
0 0 54 0 0 0 
0 0 54 0 0 0 
0 0 54 0 0 0 
0 0 54 0 0 0 
0 0 54 0 0 0 
0 0 54 0 0 0 
0 0 54 0 0 0 
0 0 54 0 0 0 
0 0 54 0 0 0 
0 0 0 0 0 56 
0 0 0 0 0 56 
0 0 0 0 0 56 
0 0 0 0 0 56 
0 0 0 0 0 56 
0 0 0 0 0 56 
0 0 0 0 0 56 
0 0 0 0 0 56 
0 0 0 0 0 56 
0 0 0 0 0 56 
0 0 0 0 0 56 
0 0 0 0 0 56 
0 0 0 0 0 56 
0 0 0 0 0 56 
0 0 0 0 0 56 
0.0 0.0 0.0 0.0 0.0 0.0 
0.0 0.0 0.0 0.0 0.0 0.0 
0.0 0.0 0.0 0.0 0.0 0.0 
0.0 0.0 0.0 0.0 0.0 0.0 
0.0 0.0 0.0 0.0 0.0 0.0 
0.0 0.0 0.0 0.0 0.0 0.0 
0.0 0.0 0.0 0.0 0.0 0.0 
0.0 0.0 0.0 0.0 0.0 0.0 
0.0 0.0 0.0 0.0 0.0 0.0 
0.0 0.0 0.0 0.0 0.0 0.0 
0.0 0.0 0.0 0.0 0.0 0.0 
0.0 0.0 0.0 0.0 0.0 0.0 
0.0 0.0 0.0 0.0 0.0 0.0 
0.0 0.0 0.0 0.0 0.0 0.0 
0.0 0.0 0.0 0.0 0.0 0.0 
mind
0 0 0 0 13 0 0 0 0 0 0 0 0 0 0 0 0 22 0 17 0 0 0 0 0 0 0 0 0 0 0 0 0 10 13 0 12 11 0 0 0 0 0 0 0 0 0 10 0 0 0 12 0 0 0 0 0 14 0 0 0 0 0 0 0 0 18 0 0 0 0 16 0 0 0 0 0
maxd
0 0 0 0 20 0 0 0 0 0 0 0 0 0 0 0 0 26 0 28 0 0 0 0 0 0 0 0 0 0 0 0 0 28 29 0 18 25 0 0 0 0 0 0 0 0 0 15 0 0 0 19 0 0 0 0 0 25 0 0 0 0 0 0 0 0 21 0 0 0 0 16 0 0 0 0 0
e
0 930 547 603 530 666 505 693 949 749 817 579 916 924 621 558 806 650 786 540 626 851 951 580 859 622 879 944 953 883 689 946 623 718 737 770 620 948 549 891 870 898 870 621 903 924 489 516 601 716 940 860 826 566 489 531 607 613 688 703 649 788 567 659 495 926 578 628 751 719 616 883 827 756 949 486 0
l
99999 1050 667 723 650 786 625 813 1069 869 937 699 1036 1044 741 678 926 770 906 660 746 971 1071 700 979 742 999 1064 1073 1003 809 1066 743 838 857 890 740 1068 669 1011 990 1018 990 741 1023 1044 609 636 721 836 1060 980 946 686 609 651 727 733 808 823 769 908 687 779 615 1046 698 748 871 839 736 1003 947 876 1069 606 99999
