nbNodes
77
nbVehi
15
nbServi
6
r
1 1 1 1 1 1 
0 1 0 0 0 0 
0 0 1 0 1 0 
0 0 0 1 0 0 
0 0 0 0 0 1 
0 0 0 0 0 1 
0 0 0 1 0 0 
0 0 0 0 0 1 
0 0 1 0 1 0 
0 0 0 0 1 0 
1 0 0 0 1 0 
1 0 0 0 0 0 
0 0 1 0 0 0 
1 0 0 1 0 0 
0 0 0 0 1 0 
0 1 0 0 0 1 
0 0 0 0 0 1 
1 0 0 1 0 0 
0 0 0 0 1 0 
0 0 0 0 1 0 
0 0 0 0 1 0 
1 0 0 0 0 0 
0 0 0 0 1 0 
0 0 0 0 1 0 
0 0 0 1 0 0 
0 0 0 0 1 0 
0 0 0 1 0 0 
0 0 1 0 0 0 
0 0 0 0 1 0 
0 1 0 1 0 0 
1 0 0 0 0 0 
0 0 0 0 1 0 
0 0 0 0 1 0 
0 0 1 0 1 0 
1 0 0 0 0 1 
0 0 1 0 1 0 
0 0 0 0 1 0 
0 0 1 0 0 0 
0 0 1 1 0 0 
0 0 0 1 0 0 
1 0 0 0 0 0 
0 0 1 0 0 0 
0 1 0 0 1 0 
0 0 0 0 0 1 
1 0 0 0 0 0 
0 1 0 0 1 0 
0 0 0 1 0 0 
0 0 1 0 0 0 
0 0 0 0 1 0 
0 0 1 0 0 1 
0 0 0 0 1 0 
0 0 1 0 0 0 
0 0 0 1 0 0 
0 1 0 0 0 1 
0 0 0 0 0 1 
1 0 0 0 0 0 
0 0 0 1 0 0 
0 0 1 0 0 1 
0 0 1 1 0 0 
0 0 1 0 0 0 
0 1 0 0 0 0 
0 0 0 1 0 0 
1 0 0 0 1 0 
0 0 0 0 0 1 
0 1 0 0 0 1 
0 1 0 1 0 0 
0 0 0 0 0 1 
1 0 0 0 0 0 
0 0 0 0 1 0 
1 0 0 1 0 0 
1 0 0 1 0 0 
0 1 0 0 0 0 
1 0 0 0 1 0 
0 1 0 0 0 0 
1 0 0 0 1 0 
0 0 0 1 0 0 
1 1 1 1 1 1 
DS
3 9 11 14 16 18 30 34 35 36 39 43 46 50 54 58 59 63 65 66 70 71 73 75 
a
1 0 1 0 0 0 
0 1 0 0 0 0 
1 1 1 0 0 0 
1 1 0 0 0 0 
0 0 1 0 0 0 
0 0 1 0 0 0 
1 1 1 0 0 0 
0 0 0 1 1 1 
0 0 0 1 0 0 
0 0 0 1 1 0 
0 0 0 0 1 1 
0 0 0 0 1 1 
0 0 0 0 1 0 
0 0 0 0 1 1 
0 0 0 1 1 1 
x
-30.0983 -30.0042 -30.007 -29.9942 -30.0597 -30.0725 -30.004 -30.0527 -30.0335 -30.1173 -30.1209 -29.995 -30.0085 -30.0728 -29.988 -30.0675 -29.9989 -30.1275 -29.995 -30.127 -30.0888 -29.9933 -30.1571 -30.0178 -30.0096 -30.2114 -29.9953 -30.059 -30.1245 -30.1599 -30.0454 -30.1418 -30.0017 -30.0978 -29.9976 -29.9931 -30.1162 -30.0578 -30.1512 -30.0335 -30.1163 -30.1192 -30.0573 -30.049 -30.2123 -30.1418 -30.0684 -30.1112 -29.9927 -30.0568 -30.0149 -30.1098 -30.0495 -30.1443 -30.0296 -30.1363 -30.1413 -30.0038 -29.9938 -29.9911 -30.0249 -30.1503 -29.9835 -30.1447 -29.9992 -30.0691 -30.0004 -30.1475 -30.0983 -30.1451 -30.0466 -29.9948 -30.0014 -30.0517 -30.0456 -30.0658 -30.0983
y
-51.1661 -51.1933 -51.0946 -51.1068 -51.1473 -51.1966 -51.1296 -51.1489 -51.1096 -51.2292 -51.0992 -51.1116 -51.1001 -51.2238 -51.1094 -51.1535 -51.1321 -51.1081 -51.1113 -51.1095 -51.1296 -51.1079 -51.2231 -51.114 -51.0943 -51.1704 -51.1047 -51.2276 -51.1097 -51.1436 -51.1296 -51.1003 -51.1377 -51.2281 -51.0947 -51.1388 -51.1058 -51.1794 -51.2118 -51.1327 -51.1025 -51.1 -51.152 -51.1554 -51.1762 -51.2117 -51.1527 -51.1523 -51.1084 -51.1893 -51.1114 -51.107 -51.1541 -51.1276 -51.1688 -51.2201 -51.1968 -51.1152 -51.1454 -51.1222 -51.1488 -51.1363 -51.1147 -51.2089 -51.0994 -51.2118 -51.0971 -51.2095 -51.1661 -51.2172 -51.1081 -51.1267 -51.0944 -51.1522 -51.1073 -51.1972 -51.1661
d
0.00000 27.00000 32.00000 32.00000 17.00000 15.00000 31.00000 20.00000 28.00000 21.00000 20.00000 31.00000 32.00000 19.00000 32.00000 18.00000 31.00000 18.00000 31.00000 19.00000 13.00000 31.00000 25.00000 27.00000 32.00000 30.00000 33.00000 20.00000 18.00000 23.00000 23.00000 26.00000 31.00000 19.00000 33.00000 33.00000 17.00000 18.00000 25.00000 24.00000 18.00000 19.00000 19.00000 20.00000 30.00000 22.00000 17.00000 9.00000 31.00000 18.00000 30.00000 17.00000 21.00000 22.00000 24.00000 20.00000 21.00000 29.00000 35.00000 34.00000 26.00000 23.00000 34.00000 24.00000 33.00000 15.00000 34.00000 23.00000 0.00000 22.00000 29.00000 33.00000 33.00000 20.00000 28.00000 16.00000 0.00000
27.00000 0.00000 19.00000 16.00000 16.00000 14.00000 12.00000 17.00000 20.00000 25.00000 31.00000 16.00000 19.00000 16.00000 16.00000 16.00000 10.00000 29.00000 16.00000 30.00000 22.00000 15.00000 32.00000 14.00000 18.00000 45.00000 17.00000 15.00000 29.00000 40.00000 16.00000 37.00000 10.00000 21.00000 19.00000 11.00000 28.00000 13.00000 31.00000 15.00000 29.00000 30.00000 17.00000 14.00000 45.00000 31.00000 16.00000 29.00000 15.00000 13.00000 16.00000 28.00000 15.00000 38.00000 10.00000 27.00000 32.00000 16.00000 13.00000 14.00000 12.00000 40.00000 14.00000 30.00000 19.00000 15.00000 20.00000 30.00000 27.00000 29.00000 22.00000 12.00000 20.00000 15.00000 21.00000 15.00000 27.00000
32.00000 19.00000 0.00000 4.00000 17.00000 24.00000 10.00000 17.00000 10.00000 35.00000 31.00000 6.00000 3.00000 30.00000 6.00000 18.00000 10.00000 31.00000 6.00000 32.00000 24.00000 4.00000 42.00000 7.00000 1.00000 53.00000 5.00000 29.00000 31.00000 42.00000 12.00000 35.00000 11.00000 32.00000 3.00000 12.00000 30.00000 21.00000 42.00000 13.00000 31.00000 31.00000 17.00000 17.00000 54.00000 41.00000 18.00000 31.00000 5.00000 23.00000 5.00000 30.00000 17.00000 36.00000 18.00000 37.00000 43.00000 6.00000 14.00000 10.00000 15.00000 38.00000 8.00000 41.00000 3.00000 28.00000 3.00000 40.00000 32.00000 39.00000 16.00000 9.00000 2.00000 16.00000 15.00000 25.00000 32.00000
32.00000 16.00000 4.00000 0.00000 17.00000 25.00000 9.00000 17.00000 12.00000 35.00000 33.00000 4.00000 5.00000 29.00000 3.00000 18.00000 7.00000 31.00000 4.00000 32.00000 24.00000 1.00000 42.00000 8.00000 5.00000 55.00000 2.00000 27.00000 31.00000 44.00000 12.00000 37.00000 8.00000 32.00000 4.00000 9.00000 30.00000 21.00000 42.00000 13.00000 31.00000 32.00000 17.00000 17.00000 56.00000 41.00000 18.00000 31.00000 1.00000 23.00000 7.00000 30.00000 17.00000 38.00000 16.00000 37.00000 43.00000 6.00000 11.00000 7.00000 15.00000 41.00000 5.00000 41.00000 4.00000 27.00000 4.00000 40.00000 32.00000 39.00000 16.00000 6.00000 5.00000 16.00000 15.00000 25.00000 32.00000
17.00000 14.00000 16.00000 16.00000 0.00000 9.00000 15.00000 4.00000 12.00000 20.00000 18.00000 15.00000 16.00000 16.00000 16.00000 3.00000 15.00000 16.00000 15.00000 17.00000 9.00000 15.00000 27.00000 11.00000 15.00000 40.00000 17.00000 15.00000 16.00000 30.00000 7.00000 24.00000 15.00000 16.00000 17.00000 17.00000 15.00000 6.00000 27.00000 8.00000 16.00000 17.00000 3.00000 5.00000 41.00000 26.00000 3.00000 16.00000 15.00000 9.00000 13.00000 15.00000 5.00000 24.00000 10.00000 22.00000 28.00000 13.00000 19.00000 18.00000 9.00000 27.00000 17.00000 26.00000 17.00000 13.00000 18.00000 25.00000 17.00000 24.00000 13.00000 17.00000 17.00000 4.00000 12.00000 10.00000 17.00000
14.00000 16.00000 26.00000 26.00000 13.00000 0.00000 23.00000 16.00000 22.00000 11.00000 26.00000 25.00000 26.00000 7.00000 26.00000 11.00000 22.00000 25.00000 25.00000 25.00000 18.00000 26.00000 18.00000 21.00000 26.00000 32.00000 27.00000 9.00000 25.00000 27.00000 17.00000 33.00000 22.00000 8.00000 28.00000 24.00000 24.00000 8.00000 18.00000 18.00000 25.00000 26.00000 15.00000 12.00000 32.00000 17.00000 12.00000 18.00000 25.00000 6.00000 24.00000 24.00000 12.00000 29.00000 14.00000 13.00000 19.00000 23.00000 26.00000 26.00000 17.00000 27.00000 26.00000 17.00000 27.00000 4.00000 28.00000 16.00000 14.00000 15.00000 23.00000 24.00000 27.00000 13.00000 22.00000 3.00000 14.00000
31.00000 12.00000 10.00000 7.00000 15.00000 21.00000 0.00000 15.00000 12.00000 32.00000 31.00000 7.00000 9.00000 24.00000 8.00000 17.00000 2.00000 29.00000 8.00000 30.00000 23.00000 7.00000 39.00000 6.00000 10.00000 52.00000 9.00000 22.00000 29.00000 44.00000 11.00000 38.00000 3.00000 28.00000 11.00000 4.00000 28.00000 19.00000 38.00000 9.00000 29.00000 31.00000 15.00000 15.00000 52.00000 38.00000 17.00000 29.00000 7.00000 20.00000 8.00000 28.00000 15.00000 38.00000 11.00000 34.00000 39.00000 7.00000 7.00000 6.00000 9.00000 41.00000 6.00000 37.00000 10.00000 22.00000 11.00000 37.00000 31.00000 36.00000 15.00000 4.00000 11.00000 15.00000 14.00000 22.00000 31.00000
20.00000 17.00000 17.00000 17.00000 5.00000 12.00000 16.00000 0.00000 13.00000 23.00000 20.00000 16.00000 17.00000 19.00000 17.00000 6.00000 16.00000 19.00000 16.00000 19.00000 12.00000 17.00000 30.00000 12.00000 17.00000 43.00000 18.00000 18.00000 19.00000 33.00000 8.00000 27.00000 16.00000 19.00000 18.00000 18.00000 18.00000 9.00000 30.00000 9.00000 18.00000 20.00000 5.00000 6.00000 44.00000 29.00000 6.00000 19.00000 16.00000 12.00000 15.00000 18.00000 6.00000 27.00000 11.00000 25.00000 31.00000 14.00000 20.00000 19.00000 11.00000 30.00000 19.00000 29.00000 18.00000 16.00000 19.00000 28.00000 20.00000 27.00000 14.00000 18.00000 18.00000 4.00000 13.00000 13.00000 20.00000
28.00000 20.00000 10.00000 12.00000 12.00000 20.00000 11.00000 12.00000 0.00000 31.00000 28.00000 11.00000 10.00000 27.00000 12.00000 14.00000 11.00000 26.00000 11.00000 27.00000 20.00000 12.00000 38.00000 6.00000 9.00000 50.00000 13.00000 25.00000 26.00000 39.00000 8.00000 32.00000 12.00000 27.00000 12.00000 13.00000 25.00000 16.00000 37.00000 9.00000 26.00000 28.00000 13.00000 12.00000 51.00000 37.00000 14.00000 26.00000 12.00000 19.00000 7.00000 25.00000 12.00000 33.00000 14.00000 33.00000 38.00000 10.00000 16.00000 15.00000 13.00000 36.00000 14.00000 36.00000 12.00000 23.00000 12.00000 36.00000 28.00000 35.00000 9.00000 13.00000 11.00000 12.00000 8.00000 21.00000 28.00000
21.00000 26.00000 35.00000 35.00000 21.00000 14.00000 32.00000 25.00000 30.00000 0.00000 34.00000 33.00000 35.00000 14.00000 35.00000 20.00000 31.00000 32.00000 34.00000 32.00000 27.00000 34.00000 10.00000 30.00000 34.00000 23.00000 36.00000 18.00000 33.00000 20.00000 26.00000 32.00000 30.00000 6.00000 36.00000 33.00000 32.00000 16.00000 9.00000 27.00000 33.00000 34.00000 23.00000 21.00000 23.00000 9.00000 20.00000 20.00000 34.00000 17.00000 32.00000 32.00000 21.00000 24.00000 22.00000 5.00000 10.00000 32.00000 35.00000 34.00000 25.00000 21.00000 35.00000 8.00000 36.00000 13.00000 36.00000 8.00000 21.00000 7.00000 32.00000 32.00000 36.00000 21.00000 31.00000 15.00000 21.00000
20.00000 30.00000 30.00000 32.00000 17.00000 24.00000 31.00000 21.00000 28.00000 34.00000 0.00000 31.00000 31.00000 31.00000 32.00000 18.00000 31.00000 3.00000 31.00000 4.00000 13.00000 32.00000 32.00000 27.00000 29.00000 28.00000 33.00000 30.00000 5.00000 17.00000 23.00000 10.00000 31.00000 31.00000 32.00000 33.00000 4.00000 21.00000 30.00000 24.00000 3.00000 1.00000 19.00000 20.00000 29.00000 29.00000 17.00000 19.00000 31.00000 23.00000 30.00000 6.00000 21.00000 11.00000 26.00000 31.00000 29.00000 29.00000 35.00000 35.00000 26.00000 14.00000 34.00000 28.00000 32.00000 27.00000 32.00000 28.00000 20.00000 30.00000 29.00000 33.00000 32.00000 20.00000 28.00000 25.00000 20.00000
30.00000 16.00000 6.00000 3.00000 15.00000 23.00000 8.00000 15.00000 11.00000 33.00000 31.00000 0.00000 7.00000 28.00000 4.00000 17.00000 7.00000 29.00000 1.00000 30.00000 23.00000 3.00000 41.00000 6.00000 7.00000 54.00000 4.00000 27.00000 29.00000 44.00000 11.00000 38.00000 8.00000 30.00000 7.00000 8.00000 28.00000 19.00000 40.00000 11.00000 29.00000 31.00000 15.00000 15.00000 54.00000 40.00000 16.00000 29.00000 3.00000 22.00000 7.00000 28.00000 15.00000 38.00000 16.00000 36.00000 41.00000 4.00000 10.00000 6.00000 14.00000 40.00000 5.00000 39.00000 7.00000 26.00000 7.00000 38.00000 30.00000 37.00000 14.00000 5.00000 7.00000 15.00000 13.00000 24.00000 30.00000
32.00000 18.00000 3.00000 5.00000 16.00000 24.00000 9.00000 16.00000 9.00000 35.00000 31.00000 7.00000 0.00000 30.00000 7.00000 18.00000 9.00000 30.00000 8.00000 31.00000 24.00000 5.00000 42.00000 6.00000 3.00000 53.00000 6.00000 28.00000 30.00000 42.00000 12.00000 35.00000 10.00000 31.00000 4.00000 11.00000 29.00000 20.00000 41.00000 13.00000 30.00000 31.00000 16.00000 16.00000 54.00000 41.00000 18.00000 30.00000 6.00000 23.00000 4.00000 29.00000 16.00000 36.00000 17.00000 37.00000 42.00000 7.00000 13.00000 11.00000 15.00000 39.00000 9.00000 40.00000 4.00000 27.00000 4.00000 40.00000 32.00000 39.00000 15.00000 10.00000 4.00000 16.00000 14.00000 25.00000 32.00000
19.00000 17.00000 30.00000 29.00000 17.00000 10.00000 25.00000 21.00000 26.00000 13.00000 31.00000 29.00000 30.00000 0.00000 29.00000 16.00000 24.00000 29.00000 29.00000 30.00000 23.00000 29.00000 20.00000 26.00000 30.00000 33.00000 30.00000 5.00000 29.00000 29.00000 21.00000 38.00000 23.00000 9.00000 32.00000 25.00000 28.00000 12.00000 20.00000 22.00000 29.00000 31.00000 19.00000 16.00000 34.00000 19.00000 16.00000 23.00000 28.00000 12.00000 28.00000 28.00000 17.00000 32.00000 16.00000 15.00000 21.00000 28.00000 28.00000 27.00000 21.00000 29.00000 27.00000 19.00000 31.00000 4.00000 32.00000 18.00000 19.00000 17.00000 27.00000 25.00000 32.00000 17.00000 26.00000 8.00000 19.00000
32.00000 15.00000 6.00000 2.00000 16.00000 24.00000 8.00000 16.00000 12.00000 35.00000 32.00000 3.00000 6.00000 28.00000 0.00000 18.00000 7.00000 30.00000 4.00000 31.00000 24.00000 2.00000 42.00000 7.00000 6.00000 55.00000 3.00000 26.00000 30.00000 45.00000 12.00000 39.00000 7.00000 31.00000 5.00000 8.00000 29.00000 20.00000 41.00000 12.00000 30.00000 32.00000 16.00000 16.00000 55.00000 41.00000 18.00000 30.00000 2.00000 23.00000 8.00000 29.00000 16.00000 39.00000 16.00000 37.00000 42.00000 5.00000 10.00000 5.00000 14.00000 42.00000 3.00000 40.00000 5.00000 26.00000 6.00000 39.00000 32.00000 38.00000 15.00000 5.00000 6.00000 16.00000 14.00000 25.00000 32.00000
17.00000 16.00000 19.00000 18.00000 3.00000 9.00000 17.00000 7.00000 14.00000 20.00000 17.00000 17.00000 19.00000 16.00000 19.00000 0.00000 17.00000 15.00000 17.00000 16.00000 9.00000 18.00000 27.00000 14.00000 18.00000 40.00000 19.00000 15.00000 15.00000 30.00000 10.00000 24.00000 17.00000 17.00000 20.00000 19.00000 14.00000 8.00000 27.00000 11.00000 15.00000 17.00000 5.00000 6.00000 40.00000 26.00000 1.00000 15.00000 18.00000 8.00000 16.00000 14.00000 7.00000 24.00000 12.00000 22.00000 28.00000 16.00000 22.00000 21.00000 12.00000 27.00000 20.00000 26.00000 19.00000 13.00000 20.00000 25.00000 17.00000 24.00000 16.00000 19.00000 20.00000 6.00000 15.00000 10.00000 17.00000
32.00000 11.00000 9.00000 6.00000 16.00000 21.00000 3.00000 16.00000 13.00000 32.00000 32.00000 6.00000 10.00000 24.00000 6.00000 18.00000 0.00000 30.00000 6.00000 31.00000 24.00000 6.00000 39.00000 7.00000 10.00000 52.00000 7.00000 22.00000 30.00000 45.00000 12.00000 39.00000 3.00000 29.00000 9.00000 4.00000 29.00000 19.00000 39.00000 10.00000 30.00000 32.00000 16.00000 16.00000 53.00000 38.00000 18.00000 30.00000 5.00000 20.00000 9.00000 29.00000 16.00000 39.00000 12.00000 34.00000 40.00000 7.00000 6.00000 4.00000 10.00000 42.00000 5.00000 38.00000 9.00000 23.00000 10.00000 37.00000 32.00000 36.00000 16.00000 2.00000 10.00000 16.00000 14.00000 22.00000 32.00000
19.00000 29.00000 30.00000 30.00000 16.00000 23.00000 30.00000 19.00000 26.00000 32.00000 4.00000 29.00000 31.00000 29.00000 31.00000 16.00000 30.00000 0.00000 29.00000 1.00000 11.00000 30.00000 30.00000 26.00000 29.00000 26.00000 32.00000 28.00000 4.00000 15.00000 22.00000 10.00000 29.00000 30.00000 32.00000 31.00000 3.00000 20.00000 28.00000 23.00000 4.00000 4.00000 17.00000 19.00000 27.00000 27.00000 16.00000 17.00000 30.00000 21.00000 28.00000 5.00000 19.00000 9.00000 24.00000 29.00000 27.00000 28.00000 34.00000 33.00000 24.00000 12.00000 32.00000 26.00000 31.00000 26.00000 32.00000 26.00000 19.00000 28.00000 28.00000 31.00000 32.00000 18.00000 27.00000 24.00000 19.00000
31.00000 16.00000 6.00000 4.00000 15.00000 23.00000 8.00000 15.00000 12.00000 34.00000 31.00000 1.00000 7.00000 28.00000 4.00000 17.00000 7.00000 29.00000 0.00000 30.00000 23.00000 3.00000 41.00000 6.00000 7.00000 54.00000 5.00000 27.00000 29.00000 44.00000 11.00000 38.00000 8.00000 30.00000 7.00000 8.00000 28.00000 19.00000 40.00000 12.00000 29.00000 31.00000 16.00000 15.00000 54.00000 40.00000 17.00000 29.00000 3.00000 22.00000 7.00000 28.00000 15.00000 38.00000 16.00000 36.00000 41.00000 4.00000 11.00000 6.00000 14.00000 41.00000 5.00000 39.00000 7.00000 26.00000 7.00000 39.00000 31.00000 38.00000 15.00000 5.00000 7.00000 15.00000 14.00000 24.00000 31.00000
19.00000 29.00000 31.00000 31.00000 16.00000 23.00000 30.00000 20.00000 27.00000 33.00000 4.00000 30.00000 31.00000 30.00000 31.00000 17.00000 30.00000 1.00000 30.00000 0.00000 12.00000 31.00000 30.00000 27.00000 30.00000 27.00000 32.00000 29.00000 4.00000 15.00000 23.00000 11.00000 30.00000 30.00000 33.00000 32.00000 4.00000 21.00000 28.00000 24.00000 5.00000 5.00000 18.00000 19.00000 28.00000 27.00000 17.00000 18.00000 31.00000 22.00000 29.00000 5.00000 20.00000 10.00000 25.00000 29.00000 27.00000 29.00000 35.00000 34.00000 25.00000 12.00000 33.00000 27.00000 32.00000 26.00000 33.00000 26.00000 19.00000 28.00000 29.00000 32.00000 33.00000 19.00000 28.00000 24.00000 19.00000
16.00000 22.00000 24.00000 24.00000 9.00000 16.00000 23.00000 12.00000 19.00000 26.00000 15.00000 22.00000 24.00000 22.00000 24.00000 9.00000 23.00000 14.00000 22.00000 14.00000 0.00000 23.00000 33.00000 19.00000 23.00000 39.00000 25.00000 21.00000 14.00000 28.00000 15.00000 22.00000 22.00000 23.00000 25.00000 24.00000 13.00000 13.00000 33.00000 16.00000 14.00000 15.00000 11.00000 12.00000 39.00000 32.00000 9.00000 14.00000 23.00000 14.00000 21.00000 13.00000 12.00000 22.00000 17.00000 28.00000 30.00000 21.00000 27.00000 26.00000 17.00000 25.00000 25.00000 32.00000 25.00000 19.00000 25.00000 31.00000 16.00000 30.00000 21.00000 24.00000 25.00000 11.00000 20.00000 17.00000 16.00000
32.00000 16.00000 4.00000 1.00000 17.00000 24.00000 9.00000 17.00000 12.00000 35.00000 33.00000 4.00000 5.00000 29.00000 3.00000 18.00000 7.00000 31.00000 4.00000 32.00000 24.00000 0.00000 42.00000 8.00000 5.00000 55.00000 2.00000 27.00000 31.00000 44.00000 12.00000 37.00000 8.00000 32.00000 4.00000 8.00000 30.00000 21.00000 42.00000 13.00000 31.00000 32.00000 17.00000 17.00000 56.00000 41.00000 18.00000 31.00000 1.00000 23.00000 7.00000 30.00000 17.00000 38.00000 16.00000 37.00000 43.00000 6.00000 11.00000 7.00000 15.00000 41.00000 4.00000 41.00000 4.00000 27.00000 5.00000 40.00000 32.00000 39.00000 16.00000 6.00000 5.00000 16.00000 15.00000 25.00000 32.00000
25.00000 32.00000 41.00000 41.00000 28.00000 20.00000 38.00000 31.00000 37.00000 11.00000 32.00000 40.00000 41.00000 20.00000 41.00000 26.00000 37.00000 30.00000 40.00000 30.00000 32.00000 41.00000 0.00000 36.00000 41.00000 16.00000 42.00000 24.00000 33.00000 18.00000 32.00000 30.00000 37.00000 13.00000 42.00000 39.00000 33.00000 23.00000 4.00000 33.00000 33.00000 32.00000 30.00000 27.00000 16.00000 6.00000 27.00000 25.00000 40.00000 23.00000 39.00000 34.00000 27.00000 22.00000 29.00000 6.00000 8.00000 38.00000 41.00000 41.00000 32.00000 20.00000 41.00000 5.00000 42.00000 19.00000 43.00000 5.00000 25.00000 4.00000 38.00000 39.00000 42.00000 28.00000 37.00000 21.00000 25.00000
27.00000 15.00000 6.00000 7.00000 12.00000 19.00000 6.00000 12.00000 6.00000 30.00000 28.00000 6.00000 6.00000 26.00000 7.00000 13.00000 6.00000 26.00000 6.00000 27.00000 19.00000 7.00000 37.00000 0.00000 5.00000 50.00000 8.00000 25.00000 26.00000 40.00000 7.00000 34.00000 7.00000 27.00000 8.00000 8.00000 25.00000 16.00000 37.00000 8.00000 26.00000 27.00000 12.00000 12.00000 51.00000 36.00000 13.00000 26.00000 7.00000 18.00000 3.00000 25.00000 12.00000 34.00000 14.00000 32.00000 38.00000 5.00000 10.00000 10.00000 11.00000 37.00000 9.00000 36.00000 8.00000 23.00000 8.00000 35.00000 27.00000 34.00000 11.00000 8.00000 7.00000 11.00000 10.00000 20.00000 27.00000
32.00000 18.00000 1.00000 5.00000 16.00000 24.00000 9.00000 16.00000 10.00000 35.00000 30.00000 7.00000 3.00000 30.00000 7.00000 18.00000 9.00000 30.00000 7.00000 31.00000 24.00000 5.00000 42.00000 7.00000 0.00000 53.00000 5.00000 28.00000 30.00000 41.00000 12.00000 34.00000 10.00000 31.00000 4.00000 11.00000 29.00000 20.00000 41.00000 13.00000 30.00000 31.00000 16.00000 16.00000 54.00000 41.00000 18.00000 30.00000 5.00000 23.00000 4.00000 29.00000 16.00000 36.00000 17.00000 37.00000 42.00000 7.00000 14.00000 11.00000 15.00000 38.00000 9.00000 40.00000 4.00000 27.00000 4.00000 40.00000 32.00000 39.00000 16.00000 10.00000 3.00000 16.00000 15.00000 25.00000 32.00000
30.00000 45.00000 52.00000 54.00000 40.00000 33.00000 51.00000 43.00000 50.00000 24.00000 28.00000 52.00000 53.00000 33.00000 54.00000 39.00000 50.00000 26.00000 53.00000 27.00000 36.00000 53.00000 16.00000 49.00000 51.00000 0.00000 55.00000 37.00000 29.00000 14.00000 45.00000 26.00000 49.00000 25.00000 54.00000 52.00000 29.00000 36.00000 18.00000 46.00000 29.00000 29.00000 42.00000 40.00000 2.00000 17.00000 39.00000 28.00000 53.00000 36.00000 51.00000 30.00000 40.00000 18.00000 41.00000 19.00000 17.00000 51.00000 54.00000 53.00000 44.00000 17.00000 54.00000 17.00000 54.00000 32.00000 54.00000 16.00000 30.00000 18.00000 51.00000 52.00000 54.00000 41.00000 50.00000 34.00000 30.00000
33.00000 17.00000 4.00000 2.00000 17.00000 25.00000 10.00000 17.00000 13.00000 36.00000 33.00000 5.00000 5.00000 30.00000 4.00000 19.00000 8.00000 31.00000 5.00000 32.00000 25.00000 2.00000 43.00000 8.00000 5.00000 56.00000 0.00000 28.00000 31.00000 44.00000 13.00000 38.00000 9.00000 32.00000 3.00000 10.00000 30.00000 21.00000 42.00000 14.00000 31.00000 33.00000 18.00000 17.00000 56.00000 42.00000 19.00000 31.00000 2.00000 24.00000 7.00000 30.00000 17.00000 39.00000 17.00000 38.00000 43.00000 7.00000 12.00000 8.00000 16.00000 41.00000 6.00000 41.00000 4.00000 28.00000 4.00000 41.00000 33.00000 40.00000 17.00000 7.00000 4.00000 17.00000 16.00000 26.00000 33.00000
21.00000 16.00000 29.00000 26.00000 17.00000 11.00000 24.00000 20.00000 25.00000 17.00000 30.00000 27.00000 29.00000 6.00000 26.00000 15.00000 23.00000 29.00000 28.00000 29.00000 22.00000 26.00000 24.00000 25.00000 29.00000 37.00000 27.00000 0.00000 29.00000 32.00000 21.00000 37.00000 22.00000 13.00000 29.00000 24.00000 28.00000 12.00000 23.00000 21.00000 28.00000 30.00000 19.00000 16.00000 37.00000 23.00000 15.00000 25.00000 26.00000 11.00000 27.00000 28.00000 17.00000 35.00000 15.00000 19.00000 24.00000 27.00000 26.00000 26.00000 20.00000 33.00000 24.00000 22.00000 30.00000 6.00000 30.00000 22.00000 21.00000 21.00000 27.00000 24.00000 30.00000 17.00000 25.00000 9.00000 21.00000
19.00000 29.00000 30.00000 31.00000 16.00000 23.00000 30.00000 19.00000 27.00000 34.00000 4.00000 30.00000 31.00000 30.00000 31.00000 17.00000 30.00000 2.00000 30.00000 3.00000 12.00000 31.00000 31.00000 26.00000 30.00000 28.00000 32.00000 29.00000 0.00000 17.00000 22.00000 10.00000 30.00000 30.00000 33.00000 32.00000 4.00000 20.00000 30.00000 23.00000 5.00000 4.00000 18.00000 19.00000 29.00000 29.00000 16.00000 18.00000 30.00000 22.00000 29.00000 5.00000 20.00000 11.00000 25.00000 30.00000 28.00000 28.00000 34.00000 34.00000 25.00000 13.00000 33.00000 28.00000 32.00000 26.00000 33.00000 28.00000 19.00000 29.00000 28.00000 32.00000 32.00000 19.00000 27.00000 24.00000 19.00000
22.00000 40.00000 40.00000 44.00000 30.00000 28.00000 44.00000 33.00000 39.00000 21.00000 17.00000 44.00000 42.00000 28.00000 45.00000 30.00000 44.00000 15.00000 44.00000 15.00000 26.00000 44.00000 17.00000 40.00000 40.00000 14.00000 44.00000 32.00000 18.00000 0.00000 36.00000 15.00000 44.00000 21.00000 43.00000 46.00000 18.00000 30.00000 16.00000 37.00000 18.00000 17.00000 32.00000 33.00000 15.00000 15.00000 30.00000 21.00000 44.00000 31.00000 42.00000 19.00000 33.00000 7.00000 36.00000 17.00000 15.00000 42.00000 48.00000 47.00000 39.00000 5.00000 47.00000 14.00000 43.00000 27.00000 43.00000 14.00000 22.00000 16.00000 40.00000 46.00000 42.00000 33.00000 39.00000 29.00000 22.00000
24.00000 16.00000 12.00000 11.00000 8.00000 16.00000 10.00000 9.00000 7.00000 27.00000 24.00000 10.00000 12.00000 23.00000 12.00000 10.00000 10.00000 22.00000 10.00000 23.00000 16.00000 11.00000 34.00000 7.00000 11.00000 47.00000 12.00000 21.00000 23.00000 37.00000 0.00000 31.00000 11.00000 23.00000 13.00000 12.00000 21.00000 12.00000 33.00000 5.00000 22.00000 24.00000 9.00000 8.00000 47.00000 33.00000 10.00000 22.00000 11.00000 15.00000 9.00000 21.00000 8.00000 31.00000 10.00000 29.00000 34.00000 9.00000 15.00000 14.00000 9.00000 34.00000 13.00000 32.00000 12.00000 19.00000 13.00000 32.00000 24.00000 31.00000 9.00000 12.00000 13.00000 8.00000 8.00000 17.00000 24.00000
27.00000 37.00000 34.00000 37.00000 24.00000 31.00000 38.00000 27.00000 32.00000 32.00000 10.00000 37.00000 35.00000 37.00000 39.00000 24.00000 38.00000 10.00000 38.00000 11.00000 19.00000 37.00000 29.00000 34.00000 33.00000 26.00000 37.00000 36.00000 12.00000 15.00000 30.00000 0.00000 37.00000 31.00000 36.00000 40.00000 11.00000 28.00000 28.00000 31.00000 11.00000 10.00000 26.00000 27.00000 27.00000 27.00000 24.00000 25.00000 37.00000 29.00000 35.00000 13.00000 27.00000 9.00000 32.00000 29.00000 27.00000 36.00000 42.00000 41.00000 32.00000 12.00000 40.00000 26.00000 36.00000 34.00000 36.00000 26.00000 27.00000 28.00000 33.00000 39.00000 35.00000 26.00000 32.00000 32.00000 27.00000
30.00000 10.00000 11.00000 8.00000 14.00000 20.00000 3.00000 15.00000 12.00000 30.00000 30.00000 8.00000 10.00000 22.00000 8.00000 16.00000 2.00000 28.00000 8.00000 29.00000 22.00000 7.00000 38.00000 7.00000 10.00000 51.00000 9.00000 21.00000 29.00000 43.00000 12.00000 37.00000 0.00000 27.00000 11.00000 3.00000 27.00000 17.00000 37.00000 9.00000 28.00000 30.00000 15.00000 13.00000 51.00000 37.00000 16.00000 28.00000 7.00000 18.00000 8.00000 27.00000 13.00000 37.00000 10.00000 33.00000 38.00000 8.00000 5.00000 6.00000 7.00000 40.00000 6.00000 36.00000 11.00000 21.00000 11.00000 35.00000 30.00000 34.00000 15.00000 4.00000 12.00000 13.00000 14.00000 20.00000 30.00000
18.00000 20.00000 29.00000 29.00000 16.00000 9.00000 27.00000 19.00000 25.00000 6.00000 30.00000 28.00000 29.00000 9.00000 29.00000 15.00000 25.00000 28.00000 28.00000 29.00000 21.00000 29.00000 13.00000 25.00000 29.00000 26.00000 30.00000 13.00000 28.00000 21.00000 20.00000 32.00000 25.00000 0.00000 31.00000 27.00000 27.00000 11.00000 12.00000 21.00000 28.00000 29.00000 18.00000 15.00000 26.00000 12.00000 15.00000 19.00000 28.00000 11.00000 27.00000 27.00000 16.00000 23.00000 17.00000 8.00000 13.00000 27.00000 29.00000 29.00000 20.00000 21.00000 29.00000 11.00000 30.00000 7.00000 31.00000 10.00000 18.00000 9.00000 26.00000 27.00000 31.00000 16.00000 25.00000 10.00000 18.00000
33.00000 19.00000 3.00000 4.00000 18.00000 26.00000 11.00000 18.00000 12.00000 36.00000 32.00000 7.00000 4.00000 31.00000 5.00000 20.00000 10.00000 32.00000 6.00000 33.00000 25.00000 4.00000 44.00000 9.00000 4.00000 54.00000 3.00000 30.00000 32.00000 43.00000 13.00000 36.00000 11.00000 33.00000 0.00000 11.00000 31.00000 22.00000 43.00000 14.00000 32.00000 33.00000 18.00000 18.00000 55.00000 43.00000 19.00000 32.00000 4.00000 25.00000 6.00000 31.00000 18.00000 37.00000 19.00000 39.00000 44.00000 7.00000 14.00000 9.00000 17.00000 40.00000 7.00000 42.00000 2.00000 29.00000 2.00000 41.00000 33.00000 40.00000 17.00000 8.00000 2.00000 17.00000 16.00000 27.00000 33.00000
31.00000 10.00000 11.00000 8.00000 16.00000 22.00000 4.00000 16.00000 13.00000 32.00000 32.00000 8.00000 11.00000 24.00000 8.00000 18.00000 3.00000 30.00000 8.00000 31.00000 24.00000 8.00000 39.00000 8.00000 11.00000 53.00000 9.00000 23.00000 30.00000 45.00000 12.00000 39.00000 3.00000 29.00000 11.00000 0.00000 29.00000 19.00000 39.00000 11.00000 30.00000 32.00000 16.00000 15.00000 53.00000 38.00000 17.00000 30.00000 8.00000 20.00000 9.00000 29.00000 15.00000 39.00000 12.00000 34.00000 40.00000 8.00000 5.00000 6.00000 9.00000 41.00000 7.00000 38.00000 12.00000 23.00000 12.00000 37.00000 31.00000 36.00000 16.00000 5.00000 12.00000 15.00000 15.00000 22.00000 31.00000
17.00000 27.00000 29.00000 29.00000 14.00000 21.00000 28.00000 18.00000 25.00000 32.00000 4.00000 28.00000 29.00000 28.00000 29.00000 15.00000 28.00000 4.00000 28.00000 4.00000 10.00000 29.00000 33.00000 25.00000 29.00000 29.00000 30.00000 27.00000 4.00000 18.00000 20.00000 12.00000 28.00000 28.00000 31.00000 30.00000 0.00000 19.00000 31.00000 21.00000 1.00000 3.00000 16.00000 17.00000 30.00000 30.00000 15.00000 16.00000 28.00000 20.00000 27.00000 3.00000 18.00000 12.00000 23.00000 32.00000 30.00000 27.00000 32.00000 32.00000 23.00000 15.00000 31.00000 29.00000 30.00000 24.00000 31.00000 29.00000 17.00000 31.00000 26.00000 30.00000 31.00000 17.00000 25.00000 22.00000 17.00000
19.00000 12.00000 21.00000 21.00000 9.00000 5.00000 18.00000 12.00000 17.00000 16.00000 24.00000 20.00000 21.00000 12.00000 21.00000 9.00000 17.00000 22.00000 20.00000 23.00000 15.00000 20.00000 23.00000 16.00000 20.00000 36.00000 22.00000 11.00000 22.00000 32.00000 12.00000 30.00000 17.00000 12.00000 22.00000 19.00000 21.00000 0.00000 23.00000 13.00000 22.00000 23.00000 11.00000 8.00000 37.00000 22.00000 9.00000 22.00000 20.00000 5.00000 18.00000 21.00000 9.00000 31.00000 8.00000 18.00000 24.00000 18.00000 21.00000 20.00000 12.00000 32.00000 21.00000 22.00000 22.00000 8.00000 23.00000 21.00000 19.00000 20.00000 18.00000 19.00000 22.00000 9.00000 17.00000 6.00000 19.00000
25.00000 32.00000 41.00000 41.00000 27.00000 20.00000 38.00000 31.00000 36.00000 11.00000 30.00000 39.00000 41.00000 20.00000 41.00000 26.00000 37.00000 28.00000 40.00000 28.00000 32.00000 40.00000 4.00000 36.00000 40.00000 18.00000 42.00000 24.00000 31.00000 16.00000 32.00000 28.00000 36.00000 12.00000 42.00000 39.00000 31.00000 22.00000 0.00000 33.00000 31.00000 30.00000 29.00000 27.00000 18.00000 5.00000 26.00000 25.00000 40.00000 23.00000 38.00000 32.00000 27.00000 20.00000 28.00000 6.00000 6.00000 38.00000 41.00000 40.00000 31.00000 18.00000 41.00000 4.00000 42.00000 19.00000 42.00000 3.00000 25.00000 4.00000 38.00000 38.00000 42.00000 27.00000 37.00000 21.00000 25.00000
23.00000 16.00000 13.00000 13.00000 8.00000 16.00000 9.00000 8.00000 9.00000 26.00000 24.00000 12.00000 13.00000 22.00000 13.00000 10.00000 10.00000 22.00000 12.00000 23.00000 15.00000 12.00000 34.00000 8.00000 12.00000 47.00000 14.00000 21.00000 22.00000 37.00000 4.00000 30.00000 10.00000 23.00000 14.00000 12.00000 21.00000 12.00000 33.00000 0.00000 22.00000 23.00000 8.00000 8.00000 47.00000 33.00000 9.00000 22.00000 12.00000 15.00000 10.00000 21.00000 8.00000 31.00000 9.00000 29.00000 34.00000 10.00000 14.00000 13.00000 6.00000 33.00000 14.00000 32.00000 14.00000 19.00000 14.00000 31.00000 23.00000 30.00000 10.00000 12.00000 14.00000 8.00000 9.00000 17.00000 23.00000
18.00000 28.00000 30.00000 30.00000 15.00000 22.00000 29.00000 18.00000 26.00000 33.00000 3.00000 29.00000 30.00000 29.00000 30.00000 15.00000 29.00000 4.00000 29.00000 5.00000 11.00000 29.00000 33.00000 25.00000 30.00000 29.00000 31.00000 28.00000 4.00000 18.00000 21.00000 11.00000 29.00000 29.00000 31.00000 31.00000 1.00000 19.00000 31.00000 22.00000 0.00000 3.00000 17.00000 18.00000 30.00000 30.00000 15.00000 17.00000 29.00000 21.00000 27.00000 4.00000 18.00000 12.00000 24.00000 32.00000 30.00000 27.00000 33.00000 32.00000 24.00000 15.00000 32.00000 30.00000 31.00000 25.00000 32.00000 29.00000 18.00000 31.00000 27.00000 31.00000 31.00000 18.00000 26.00000 23.00000 18.00000
20.00000 30.00000 30.00000 32.00000 17.00000 24.00000 31.00000 20.00000 28.00000 34.00000 1.00000 31.00000 32.00000 31.00000 32.00000 17.00000 31.00000 4.00000 31.00000 5.00000 12.00000 31.00000 32.00000 27.00000 30.00000 29.00000 33.00000 29.00000 6.00000 18.00000 23.00000 11.00000 30.00000 31.00000 33.00000 33.00000 3.00000 21.00000 31.00000 24.00000 2.00000 0.00000 19.00000 20.00000 30.00000 30.00000 17.00000 18.00000 31.00000 23.00000 29.00000 5.00000 20.00000 12.00000 25.00000 31.00000 29.00000 29.00000 35.00000 34.00000 25.00000 14.00000 33.00000 29.00000 33.00000 27.00000 33.00000 29.00000 20.00000 30.00000 29.00000 33.00000 32.00000 20.00000 28.00000 25.00000 20.00000
19.00000 15.00000 17.00000 17.00000 4.00000 10.00000 16.00000 5.00000 13.00000 21.00000 19.00000 16.00000 17.00000 17.00000 17.00000 5.00000 16.00000 18.00000 16.00000 18.00000 11.00000 16.00000 28.00000 12.00000 16.00000 41.00000 18.00000 16.00000 18.00000 32.00000 8.00000 26.00000 16.00000 17.00000 18.00000 18.00000 17.00000 7.00000 28.00000 9.00000 17.00000 19.00000 0.00000 6.00000 42.00000 27.00000 5.00000 17.00000 16.00000 10.00000 14.00000 16.00000 6.00000 26.00000 11.00000 23.00000 29.00000 14.00000 20.00000 19.00000 11.00000 29.00000 18.00000 27.00000 18.00000 13.00000 19.00000 26.00000 19.00000 25.00000 14.00000 18.00000 18.00000 4.00000 13.00000 11.00000 19.00000
20.00000 13.00000 16.00000 16.00000 6.00000 10.00000 13.00000 6.00000 12.00000 20.00000 21.00000 15.00000 16.00000 16.00000 16.00000 6.00000 12.00000 19.00000 15.00000 20.00000 12.00000 16.00000 27.00000 11.00000 16.00000 41.00000 17.00000 16.00000 19.00000 33.00000 7.00000 27.00000 12.00000 17.00000 18.00000 14.00000 18.00000 6.00000 27.00000 8.00000 19.00000 20.00000 6.00000 0.00000 41.00000 26.00000 6.00000 19.00000 15.00000 9.00000 14.00000 18.00000 2.00000 28.00000 8.00000 22.00000 28.00000 13.00000 16.00000 16.00000 7.00000 30.00000 16.00000 26.00000 17.00000 13.00000 18.00000 25.00000 20.00000 24.00000 13.00000 14.00000 17.00000 3.00000 12.00000 10.00000 20.00000
30.00000 45.00000 53.00000 54.00000 40.00000 33.00000 51.00000 44.00000 50.00000 24.00000 29.00000 53.00000 54.00000 33.00000 54.00000 39.00000 50.00000 27.00000 53.00000 28.00000 36.00000 53.00000 16.00000 49.00000 52.00000 2.00000 55.00000 37.00000 30.00000 15.00000 45.00000 27.00000 50.00000 26.00000 55.00000 52.00000 30.00000 36.00000 18.00000 46.00000 30.00000 30.00000 42.00000 40.00000 0.00000 18.00000 40.00000 29.00000 53.00000 36.00000 51.00000 31.00000 40.00000 19.00000 41.00000 19.00000 17.00000 51.00000 54.00000 53.00000 45.00000 18.00000 54.00000 17.00000 55.00000 32.00000 55.00000 17.00000 30.00000 18.00000 51.00000 52.00000 55.00000 41.00000 50.00000 34.00000 30.00000
23.00000 31.00000 40.00000 39.00000 26.00000 19.00000 37.00000 30.00000 35.00000 10.00000 31.00000 38.00000 40.00000 19.00000 40.00000 25.00000 36.00000 29.00000 38.00000 30.00000 30.00000 39.00000 7.00000 35.00000 39.00000 20.00000 40.00000 23.00000 32.00000 17.00000 31.00000 29.00000 35.00000 11.00000 41.00000 37.00000 32.00000 21.00000 6.00000 32.00000 32.00000 32.00000 28.00000 25.00000 20.00000 0.00000 25.00000 22.00000 39.00000 22.00000 37.00000 34.00000 26.00000 21.00000 27.00000 5.00000 7.00000 37.00000 40.00000 39.00000 30.00000 20.00000 40.00000 5.00000 40.00000 18.00000 41.00000 4.00000 23.00000 4.00000 37.00000 37.00000 41.00000 26.00000 36.00000 20.00000 23.00000
17.00000 16.00000 18.00000 18.00000 3.00000 10.00000 17.00000 7.00000 14.00000 21.00000 17.00000 17.00000 18.00000 17.00000 18.00000 1.00000 17.00000 15.00000 17.00000 16.00000 9.00000 18.00000 28.00000 14.00000 18.00000 40.00000 19.00000 16.00000 15.00000 30.00000 10.00000 24.00000 17.00000 17.00000 20.00000 19.00000 14.00000 8.00000 27.00000 10.00000 15.00000 17.00000 5.00000 6.00000 40.00000 27.00000 0.00000 15.00000 18.00000 9.00000 16.00000 14.00000 7.00000 24.00000 12.00000 23.00000 28.00000 16.00000 22.00000 21.00000 12.00000 27.00000 20.00000 26.00000 19.00000 13.00000 20.00000 26.00000 17.00000 25.00000 16.00000 19.00000 20.00000 6.00000 15.00000 11.00000 17.00000
9.00000 28.00000 31.00000 30.00000 16.00000 19.00000 30.00000 19.00000 26.00000 21.00000 18.00000 29.00000 31.00000 23.00000 31.00000 16.00000 30.00000 16.00000 29.00000 17.00000 11.00000 30.00000 25.00000 26.00000 30.00000 29.00000 31.00000 24.00000 16.00000 22.00000 22.00000 25.00000 29.00000 19.00000 32.00000 31.00000 15.00000 20.00000 25.00000 23.00000 16.00000 18.00000 17.00000 19.00000 29.00000 22.00000 16.00000 0.00000 30.00000 21.00000 28.00000 15.00000 19.00000 18.00000 24.00000 20.00000 20.00000 28.00000 34.00000 33.00000 24.00000 20.00000 32.00000 23.00000 31.00000 19.00000 32.00000 23.00000 9.00000 22.00000 28.00000 31.00000 32.00000 18.00000 27.00000 20.00000 9.00000
32.00000 16.00000 5.00000 1.00000 16.00000 24.00000 8.00000 17.00000 13.00000 35.00000 32.00000 4.00000 5.00000 28.00000 2.00000 18.00000 7.00000 31.00000 4.00000 31.00000 24.00000 1.00000 42.00000 8.00000 5.00000 55.00000 2.00000 27.00000 31.00000 44.00000 12.00000 38.00000 8.00000 31.00000 4.00000 8.00000 30.00000 21.00000 42.00000 13.00000 30.00000 32.00000 17.00000 17.00000 56.00000 41.00000 18.00000 31.00000 0.00000 23.00000 7.00000 30.00000 16.00000 39.00000 16.00000 37.00000 43.00000 6.00000 11.00000 6.00000 14.00000 41.00000 4.00000 41.00000 4.00000 27.00000 5.00000 40.00000 32.00000 39.00000 16.00000 5.00000 5.00000 16.00000 15.00000 25.00000 32.00000
18.00000 12.00000 21.00000 21.00000 8.00000 4.00000 19.00000 11.00000 17.00000 15.00000 23.00000 20.00000 21.00000 11.00000 21.00000 8.00000 17.00000 21.00000 20.00000 22.00000 14.00000 21.00000 22.00000 17.00000 21.00000 35.00000 22.00000 10.00000 21.00000 31.00000 13.00000 29.00000 17.00000 11.00000 23.00000 19.00000 20.00000 3.00000 22.00000 13.00000 21.00000 22.00000 10.00000 7.00000 36.00000 21.00000 8.00000 21.00000 21.00000 0.00000 19.00000 20.00000 8.00000 30.00000 9.00000 17.00000 23.00000 19.00000 22.00000 21.00000 12.00000 31.00000 21.00000 21.00000 22.00000 8.00000 23.00000 20.00000 18.00000 19.00000 19.00000 19.00000 23.00000 8.00000 17.00000 5.00000 18.00000
28.00000 15.00000 6.00000 6.00000 13.00000 20.00000 6.00000 13.00000 8.00000 31.00000 29.00000 6.00000 5.00000 26.00000 7.00000 14.00000 6.00000 27.00000 6.00000 28.00000 20.00000 6.00000 38.00000 4.00000 6.00000 51.00000 7.00000 25.00000 27.00000 41.00000 8.00000 35.00000 7.00000 28.00000 7.00000 8.00000 26.00000 17.00000 38.00000 9.00000 27.00000 28.00000 13.00000 13.00000 52.00000 37.00000 14.00000 27.00000 6.00000 19.00000 0.00000 26.00000 13.00000 35.00000 14.00000 33.00000 39.00000 4.00000 10.00000 9.00000 11.00000 38.00000 8.00000 37.00000 7.00000 24.00000 7.00000 36.00000 28.00000 35.00000 12.00000 8.00000 7.00000 12.00000 11.00000 21.00000 28.00000
17.00000 27.00000 29.00000 29.00000 14.00000 21.00000 28.00000 18.00000 25.00000 32.00000 6.00000 28.00000 29.00000 28.00000 29.00000 15.00000 28.00000 4.00000 28.00000 5.00000 10.00000 29.00000 34.00000 25.00000 29.00000 30.00000 30.00000 27.00000 5.00000 19.00000 21.00000 13.00000 28.00000 28.00000 31.00000 30.00000 3.00000 19.00000 32.00000 21.00000 3.00000 5.00000 16.00000 17.00000 31.00000 31.00000 15.00000 16.00000 29.00000 20.00000 27.00000 0.00000 18.00000 13.00000 23.00000 32.00000 31.00000 27.00000 32.00000 32.00000 23.00000 16.00000 31.00000 30.00000 30.00000 24.00000 31.00000 30.00000 17.00000 32.00000 27.00000 30.00000 31.00000 17.00000 25.00000 22.00000 17.00000
21.00000 14.00000 16.00000 16.00000 5.00000 10.00000 15.00000 5.00000 12.00000 21.00000 21.00000 15.00000 16.00000 17.00000 16.00000 7.00000 13.00000 19.00000 15.00000 20.00000 13.00000 15.00000 28.00000 11.00000 15.00000 41.00000 17.00000 16.00000 19.00000 34.00000 7.00000 28.00000 13.00000 17.00000 17.00000 15.00000 18.00000 6.00000 27.00000 8.00000 19.00000 21.00000 6.00000 2.00000 41.00000 27.00000 7.00000 19.00000 15.00000 9.00000 13.00000 18.00000 0.00000 28.00000 9.00000 23.00000 28.00000 13.00000 17.00000 17.00000 8.00000 31.00000 17.00000 26.00000 17.00000 13.00000 17.00000 26.00000 21.00000 25.00000 13.00000 15.00000 17.00000 2.00000 12.00000 11.00000 21.00000
22.00000 37.00000 35.00000 38.00000 24.00000 30.00000 38.00000 28.00000 33.00000 24.00000 11.00000 38.00000 36.00000 31.00000 39.00000 25.00000 38.00000 9.00000 38.00000 10.00000 20.00000 38.00000 21.00000 35.00000 34.00000 18.00000 38.00000 35.00000 12.00000 7.00000 30.00000 9.00000 38.00000 23.00000 37.00000 40.00000 12.00000 28.00000 20.00000 31.00000 12.00000 11.00000 26.00000 27.00000 19.00000 19.00000 25.00000 18.00000 38.00000 30.00000 36.00000 13.00000 28.00000 0.00000 33.00000 21.00000 19.00000 37.00000 42.00000 42.00000 33.00000 4.00000 41.00000 18.00000 37.00000 30.00000 37.00000 18.00000 22.00000 19.00000 34.00000 40.00000 36.00000 27.00000 33.00000 31.00000 22.00000
26.00000 9.00000 18.00000 16.00000 11.00000 12.00000 12.00000 11.00000 14.00000 23.00000 26.00000 16.00000 18.00000 17.00000 16.00000 12.00000 11.00000 25.00000 16.00000 25.00000 18.00000 16.00000 30.00000 14.00000 17.00000 43.00000 17.00000 15.00000 25.00000 39.00000 10.00000 33.00000 10.00000 19.00000 19.00000 12.00000 24.00000 9.00000 29.00000 9.00000 24.00000 26.00000 11.00000 7.00000 43.00000 29.00000 12.00000 24.00000 15.00000 10.00000 15.00000 24.00000 8.00000 33.00000 0.00000 25.00000 30.00000 16.00000 15.00000 14.00000 6.00000 36.00000 15.00000 28.00000 19.00000 15.00000 20.00000 28.00000 26.00000 27.00000 16.00000 12.00000 19.00000 9.00000 15.00000 12.00000 26.00000
21.00000 27.00000 36.00000 36.00000 23.00000 16.00000 34.00000 26.00000 32.00000 6.00000 30.00000 35.00000 36.00000 16.00000 36.00000 22.00000 32.00000 29.00000 35.00000 29.00000 28.00000 36.00000 6.00000 32.00000 36.00000 19.00000 37.00000 20.00000 32.00000 16.00000 28.00000 28.00000 32.00000 8.00000 38.00000 34.00000 31.00000 18.00000 5.00000 28.00000 32.00000 31.00000 25.00000 22.00000 19.00000 5.00000 22.00000 20.00000 36.00000 19.00000 34.00000 32.00000 23.00000 20.00000 24.00000 0.00000 6.00000 34.00000 37.00000 36.00000 27.00000 19.00000 36.00000 4.00000 37.00000 15.00000 38.00000 4.00000 21.00000 3.00000 34.00000 34.00000 38.00000 23.00000 33.00000 17.00000 21.00000
21.00000 31.00000 41.00000 40.00000 27.00000 20.00000 38.00000 30.00000 36.00000 11.00000 29.00000 39.00000 41.00000 20.00000 41.00000 26.00000 36.00000 27.00000 39.00000 28.00000 27.00000 40.00000 7.00000 36.00000 40.00000 17.00000 41.00000 24.00000 30.00000 15.00000 32.00000 27.00000 36.00000 12.00000 42.00000 38.00000 30.00000 22.00000 6.00000 33.00000 30.00000 29.00000 29.00000 26.00000 18.00000 5.00000 26.00000 20.00000 40.00000 23.00000 38.00000 31.00000 27.00000 19.00000 28.00000 6.00000 0.00000 38.00000 41.00000 40.00000 31.00000 18.00000 41.00000 4.00000 41.00000 19.00000 42.00000 4.00000 21.00000 5.00000 38.00000 38.00000 42.00000 27.00000 37.00000 21.00000 21.00000
30.00000 17.00000 6.00000 5.00000 15.00000 22.00000 8.00000 15.00000 11.00000 33.00000 31.00000 4.00000 6.00000 29.00000 5.00000 16.00000 8.00000 29.00000 4.00000 30.00000 22.00000 4.00000 40.00000 6.00000 6.00000 53.00000 6.00000 27.00000 29.00000 43.00000 10.00000 37.00000 9.00000 30.00000 6.00000 9.00000 28.00000 19.00000 40.00000 11.00000 29.00000 30.00000 15.00000 15.00000 54.00000 39.00000 16.00000 29.00000 4.00000 21.00000 7.00000 28.00000 15.00000 38.00000 16.00000 35.00000 41.00000 0.00000 12.00000 8.00000 14.00000 40.00000 7.00000 39.00000 6.00000 26.00000 7.00000 38.00000 30.00000 37.00000 14.00000 7.00000 6.00000 14.00000 13.00000 23.00000 30.00000
35.00000 10.00000 18.00000 14.00000 19.00000 22.00000 10.00000 20.00000 19.00000 33.00000 35.00000 14.00000 17.00000 25.00000 15.00000 21.00000 9.00000 34.00000 15.00000 34.00000 27.00000 14.00000 40.00000 14.00000 18.00000 53.00000 16.00000 23.00000 34.00000 48.00000 19.00000 42.00000 9.00000 29.00000 18.00000 9.00000 33.00000 19.00000 39.00000 16.00000 33.00000 35.00000 20.00000 16.00000 53.00000 39.00000 21.00000 33.00000 14.00000 20.00000 16.00000 33.00000 18.00000 42.00000 12.00000 35.00000 40.00000 14.00000 0.00000 12.00000 13.00000 45.00000 13.00000 38.00000 18.00000 23.00000 18.00000 38.00000 35.00000 37.00000 22.00000 11.00000 18.00000 18.00000 21.00000 22.00000 35.00000
34.00000 14.00000 9.00000 6.00000 19.00000 24.00000 7.00000 19.00000 15.00000 34.00000 35.00000 6.00000 10.00000 26.00000 6.00000 20.00000 6.00000 33.00000 6.00000 34.00000 26.00000 6.00000 41.00000 10.00000 10.00000 55.00000 7.00000 25.00000 33.00000 47.00000 14.00000 41.00000 6.00000 31.00000 9.00000 6.00000 32.00000 21.00000 41.00000 14.00000 33.00000 34.00000 19.00000 18.00000 55.00000 40.00000 20.00000 33.00000 5.00000 22.00000 11.00000 32.00000 18.00000 42.00000 14.00000 36.00000 42.00000 8.00000 8.00000 0.00000 12.00000 44.00000 4.00000 40.00000 9.00000 25.00000 10.00000 39.00000 34.00000 38.00000 18.00000 5.00000 10.00000 18.00000 17.00000 24.00000 34.00000
25.00000 11.00000 14.00000 13.00000 10.00000 15.00000 9.00000 10.00000 13.00000 26.00000 26.00000 13.00000 15.00000 21.00000 13.00000 12.00000 7.00000 24.00000 13.00000 25.00000 17.00000 12.00000 33.00000 10.00000 14.00000 46.00000 14.00000 19.00000 24.00000 39.00000 9.00000 32.00000 7.00000 22.00000 16.00000 9.00000 23.00000 11.00000 32.00000 6.00000 24.00000 25.00000 10.00000 7.00000 46.00000 32.00000 11.00000 24.00000 12.00000 14.00000 12.00000 23.00000 8.00000 33.00000 6.00000 28.00000 33.00000 12.00000 12.00000 11.00000 0.00000 35.00000 11.00000 31.00000 16.00000 18.00000 16.00000 31.00000 25.00000 30.00000 15.00000 9.00000 16.00000 8.00000 14.00000 16.00000 25.00000
23.00000 40.00000 37.00000 41.00000 27.00000 28.00000 41.00000 30.00000 36.00000 22.00000 14.00000 41.00000 39.00000 28.00000 42.00000 27.00000 41.00000 12.00000 41.00000 12.00000 22.00000 41.00000 20.00000 37.00000 37.00000 16.00000 41.00000 33.00000 15.00000 5.00000 33.00000 12.00000 41.00000 21.00000 40.00000 43.00000 15.00000 31.00000 18.00000 34.00000 15.00000 14.00000 29.00000 30.00000 17.00000 17.00000 27.00000 20.00000 41.00000 31.00000 39.00000 16.00000 30.00000 4.00000 36.00000 19.00000 17.00000 39.00000 45.00000 44.00000 35.00000 0.00000 43.00000 16.00000 40.00000 27.00000 40.00000 16.00000 23.00000 18.00000 37.00000 43.00000 39.00000 30.00000 36.00000 29.00000 23.00000
33.00000 14.00000 7.00000 4.00000 17.00000 24.00000 8.00000 18.00000 14.00000 35.00000 33.00000 5.00000 8.00000 27.00000 3.00000 19.00000 7.00000 32.00000 5.00000 32.00000 25.00000 3.00000 42.00000 9.00000 8.00000 55.00000 5.00000 25.00000 32.00000 46.00000 13.00000 40.00000 6.00000 31.00000 7.00000 7.00000 31.00000 22.00000 42.00000 14.00000 31.00000 33.00000 18.00000 18.00000 56.00000 41.00000 19.00000 31.00000 3.00000 23.00000 10.00000 31.00000 17.00000 40.00000 15.00000 37.00000 43.00000 7.00000 9.00000 4.00000 13.00000 43.00000 0.00000 41.00000 7.00000 26.00000 7.00000 40.00000 33.00000 39.00000 17.00000 5.00000 8.00000 17.00000 16.00000 25.00000 33.00000
24.00000 30.00000 40.00000 39.00000 26.00000 19.00000 37.00000 29.00000 35.00000 10.00000 29.00000 38.00000 40.00000 19.00000 40.00000 25.00000 35.00000 27.00000 38.00000 27.00000 31.00000 39.00000 5.00000 35.00000 39.00000 17.00000 40.00000 23.00000 30.00000 15.00000 31.00000 27.00000 35.00000 11.00000 41.00000 37.00000 30.00000 21.00000 4.00000 32.00000 30.00000 29.00000 28.00000 25.00000 18.00000 3.00000 25.00000 23.00000 39.00000 22.00000 37.00000 31.00000 26.00000 19.00000 27.00000 5.00000 5.00000 37.00000 40.00000 39.00000 30.00000 17.00000 40.00000 0.00000 40.00000 18.00000 41.00000 2.00000 24.00000 4.00000 37.00000 37.00000 41.00000 26.00000 36.00000 20.00000 24.00000
33.00000 19.00000 3.00000 4.00000 17.00000 25.00000 11.00000 17.00000 11.00000 36.00000 32.00000 6.00000 4.00000 31.00000 6.00000 19.00000 10.00000 31.00000 6.00000 32.00000 25.00000 4.00000 43.00000 8.00000 4.00000 55.00000 4.00000 30.00000 31.00000 43.00000 13.00000 36.00000 11.00000 32.00000 2.00000 12.00000 30.00000 21.00000 42.00000 14.00000 31.00000 33.00000 17.00000 17.00000 56.00000 42.00000 19.00000 31.00000 4.00000 24.00000 6.00000 30.00000 17.00000 38.00000 19.00000 38.00000 43.00000 6.00000 14.00000 10.00000 16.00000 40.00000 8.00000 41.00000 0.00000 28.00000 2.00000 40.00000 33.00000 39.00000 16.00000 9.00000 3.00000 17.00000 15.00000 26.00000 33.00000
15.00000 15.00000 27.00000 27.00000 14.00000 6.00000 24.00000 17.00000 23.00000 12.00000 27.00000 26.00000 27.00000 4.00000 27.00000 12.00000 22.00000 26.00000 26.00000 26.00000 19.00000 26.00000 20.00000 22.00000 27.00000 33.00000 28.00000 6.00000 26.00000 28.00000 18.00000 34.00000 22.00000 9.00000 28.00000 24.00000 25.00000 9.00000 19.00000 19.00000 25.00000 27.00000 16.00000 13.00000 33.00000 19.00000 13.00000 19.00000 26.00000 8.00000 24.00000 25.00000 13.00000 30.00000 14.00000 15.00000 20.00000 24.00000 26.00000 26.00000 18.00000 29.00000 26.00000 18.00000 28.00000 0.00000 29.00000 17.00000 15.00000 16.00000 24.00000 24.00000 28.00000 14.00000 23.00000 4.00000 15.00000
33.00000 20.00000 3.00000 5.00000 18.00000 26.00000 11.00000 18.00000 11.00000 36.00000 32.00000 7.00000 4.00000 32.00000 6.00000 20.00000 11.00000 32.00000 7.00000 33.00000 25.00000 5.00000 44.00000 8.00000 4.00000 55.00000 4.00000 30.00000 32.00000 43.00000 13.00000 36.00000 12.00000 33.00000 3.00000 12.00000 31.00000 22.00000 43.00000 14.00000 32.00000 33.00000 18.00000 18.00000 56.00000 43.00000 19.00000 32.00000 5.00000 25.00000 6.00000 31.00000 18.00000 37.00000 19.00000 39.00000 44.00000 7.00000 15.00000 10.00000 17.00000 40.00000 8.00000 42.00000 2.00000 29.00000 0.00000 41.00000 33.00000 40.00000 17.00000 9.00000 2.00000 17.00000 16.00000 27.00000 33.00000
24.00000 32.00000 41.00000 40.00000 27.00000 20.00000 38.00000 31.00000 36.00000 11.00000 28.00000 39.00000 41.00000 20.00000 41.00000 26.00000 37.00000 26.00000 39.00000 27.00000 30.00000 40.00000 7.00000 36.00000 40.00000 16.00000 41.00000 24.00000 29.00000 14.00000 32.00000 26.00000 36.00000 12.00000 42.00000 38.00000 29.00000 22.00000 5.00000 33.00000 29.00000 28.00000 29.00000 26.00000 17.00000 4.00000 26.00000 23.00000 40.00000 23.00000 38.00000 30.00000 27.00000 18.00000 28.00000 6.00000 4.00000 38.00000 41.00000 40.00000 31.00000 16.00000 41.00000 3.00000 41.00000 19.00000 42.00000 0.00000 24.00000 5.00000 38.00000 38.00000 42.00000 27.00000 37.00000 21.00000 24.00000
0.00000 27.00000 32.00000 32.00000 17.00000 15.00000 31.00000 20.00000 28.00000 21.00000 20.00000 31.00000 32.00000 19.00000 32.00000 18.00000 31.00000 18.00000 31.00000 19.00000 13.00000 31.00000 25.00000 27.00000 32.00000 30.00000 33.00000 20.00000 18.00000 23.00000 23.00000 26.00000 31.00000 19.00000 33.00000 33.00000 17.00000 18.00000 25.00000 24.00000 18.00000 19.00000 19.00000 20.00000 30.00000 22.00000 17.00000 9.00000 31.00000 18.00000 30.00000 17.00000 21.00000 22.00000 24.00000 20.00000 21.00000 29.00000 35.00000 34.00000 26.00000 23.00000 34.00000 24.00000 33.00000 15.00000 34.00000 23.00000 0.00000 22.00000 29.00000 33.00000 33.00000 20.00000 28.00000 16.00000 0.00000
23.00000 29.00000 38.00000 38.00000 25.00000 18.00000 36.00000 28.00000 34.00000 9.00000 30.00000 37.00000 38.00000 18.00000 38.00000 24.00000 34.00000 28.00000 37.00000 28.00000 30.00000 38.00000 4.00000 34.00000 38.00000 18.00000 39.00000 22.00000 31.00000 16.00000 30.00000 28.00000 34.00000 10.00000 40.00000 36.00000 31.00000 20.00000 4.00000 30.00000 31.00000 30.00000 27.00000 24.00000 18.00000 4.00000 24.00000 22.00000 38.00000 21.00000 36.00000 32.00000 25.00000 20.00000 26.00000 4.00000 6.00000 36.00000 39.00000 38.00000 29.00000 18.00000 39.00000 4.00000 39.00000 17.00000 40.00000 3.00000 23.00000 0.00000 36.00000 36.00000 40.00000 25.00000 35.00000 19.00000 23.00000
29.00000 21.00000 15.00000 16.00000 14.00000 22.00000 15.00000 14.00000 9.00000 32.00000 29.00000 14.00000 16.00000 28.00000 16.00000 15.00000 15.00000 28.00000 15.00000 29.00000 21.00000 15.00000 39.00000 11.00000 15.00000 51.00000 17.00000 27.00000 28.00000 40.00000 9.00000 33.00000 16.00000 29.00000 17.00000 17.00000 27.00000 18.00000 39.00000 11.00000 28.00000 29.00000 14.00000 14.00000 52.00000 38.00000 15.00000 28.00000 15.00000 21.00000 13.00000 27.00000 14.00000 34.00000 16.00000 34.00000 40.00000 13.00000 19.00000 18.00000 15.00000 36.00000 17.00000 38.00000 17.00000 25.00000 17.00000 37.00000 29.00000 36.00000 0.00000 17.00000 17.00000 13.00000 5.00000 23.00000 29.00000
33.00000 12.00000 9.00000 5.00000 17.00000 22.00000 5.00000 17.00000 14.00000 33.00000 33.00000 5.00000 9.00000 24.00000 5.00000 19.00000 4.00000 31.00000 5.00000 32.00000 25.00000 5.00000 40.00000 8.00000 9.00000 53.00000 6.00000 23.00000 31.00000 46.00000 13.00000 40.00000 4.00000 29.00000 8.00000 4.00000 30.00000 20.00000 39.00000 12.00000 31.00000 33.00000 17.00000 16.00000 53.00000 39.00000 19.00000 31.00000 5.00000 21.00000 9.00000 30.00000 16.00000 40.00000 12.00000 35.00000 40.00000 7.00000 7.00000 4.00000 11.00000 43.00000 5.00000 38.00000 8.00000 23.00000 9.00000 38.00000 33.00000 37.00000 16.00000 0.00000 9.00000 16.00000 15.00000 23.00000 33.00000
33.00000 20.00000 2.00000 5.00000 18.00000 26.00000 11.00000 18.00000 11.00000 36.00000 32.00000 7.00000 4.00000 31.00000 7.00000 19.00000 11.00000 32.00000 7.00000 33.00000 25.00000 5.00000 43.00000 8.00000 3.00000 54.00000 4.00000 30.00000 32.00000 43.00000 13.00000 36.00000 12.00000 33.00000 2.00000 12.00000 31.00000 22.00000 43.00000 14.00000 32.00000 33.00000 18.00000 18.00000 55.00000 42.00000 19.00000 32.00000 5.00000 25.00000 6.00000 31.00000 18.00000 37.00000 19.00000 38.00000 44.00000 7.00000 15.00000 10.00000 17.00000 40.00000 8.00000 42.00000 3.00000 29.00000 2.00000 41.00000 33.00000 40.00000 17.00000 9.00000 0.00000 17.00000 16.00000 27.00000 33.00000
19.00000 14.00000 16.00000 16.00000 4.00000 11.00000 15.00000 4.00000 12.00000 21.00000 20.00000 15.00000 16.00000 17.00000 16.00000 6.00000 13.00000 18.00000 15.00000 19.00000 12.00000 15.00000 28.00000 11.00000 15.00000 42.00000 17.00000 17.00000 18.00000 33.00000 7.00000 27.00000 13.00000 18.00000 17.00000 15.00000 17.00000 7.00000 28.00000 8.00000 18.00000 20.00000 4.00000 3.00000 42.00000 28.00000 5.00000 18.00000 15.00000 10.00000 13.00000 17.00000 2.00000 27.00000 9.00000 23.00000 29.00000 13.00000 18.00000 17.00000 8.00000 29.00000 17.00000 27.00000 17.00000 14.00000 17.00000 26.00000 19.00000 25.00000 13.00000 15.00000 17.00000 0.00000 12.00000 12.00000 19.00000
28.00000 20.00000 14.00000 15.00000 13.00000 21.00000 14.00000 13.00000 8.00000 31.00000 28.00000 13.00000 15.00000 27.00000 15.00000 14.00000 14.00000 27.00000 14.00000 28.00000 20.00000 14.00000 38.00000 10.00000 14.00000 50.00000 16.00000 26.00000 27.00000 38.00000 8.00000 32.00000 14.00000 28.00000 16.00000 16.00000 26.00000 17.00000 38.00000 9.00000 27.00000 28.00000 13.00000 13.00000 51.00000 37.00000 14.00000 27.00000 14.00000 19.00000 12.00000 26.00000 13.00000 33.00000 15.00000 33.00000 39.00000 12.00000 18.00000 17.00000 14.00000 35.00000 16.00000 37.00000 16.00000 24.00000 16.00000 36.00000 28.00000 35.00000 5.00000 15.00000 16.00000 12.00000 0.00000 21.00000 28.00000
16.00000 15.00000 25.00000 25.00000 10.00000 3.00000 22.00000 14.00000 21.00000 13.00000 24.00000 24.00000 25.00000 8.00000 25.00000 9.00000 21.00000 22.00000 24.00000 23.00000 16.00000 25.00000 20.00000 20.00000 25.00000 33.00000 26.00000 8.00000 23.00000 29.00000 16.00000 31.00000 21.00000 9.00000 26.00000 23.00000 21.00000 7.00000 20.00000 17.00000 22.00000 24.00000 12.00000 11.00000 34.00000 19.00000 9.00000 20.00000 24.00000 4.00000 23.00000 21.00000 11.00000 31.00000 13.00000 15.00000 21.00000 22.00000 25.00000 25.00000 16.00000 29.00000 25.00000 19.00000 26.00000 5.00000 27.00000 18.00000 16.00000 17.00000 22.00000 23.00000 26.00000 12.00000 21.00000 0.00000 16.00000
0.00000 27.00000 32.00000 32.00000 17.00000 15.00000 31.00000 20.00000 28.00000 21.00000 20.00000 31.00000 32.00000 19.00000 32.00000 18.00000 31.00000 18.00000 31.00000 19.00000 13.00000 31.00000 25.00000 27.00000 32.00000 30.00000 33.00000 20.00000 18.00000 23.00000 23.00000 26.00000 31.00000 19.00000 33.00000 33.00000 17.00000 18.00000 25.00000 24.00000 18.00000 19.00000 19.00000 20.00000 30.00000 22.00000 17.00000 9.00000 31.00000 18.00000 30.00000 17.00000 21.00000 22.00000 24.00000 20.00000 21.00000 29.00000 35.00000 34.00000 26.00000 23.00000 34.00000 24.00000 33.00000 15.00000 34.00000 23.00000 0.00000 22.00000 29.00000 33.00000 33.00000 20.00000 28.00000 16.00000 0.00000
p
0.0 0.0 0.0 0.0 0.0 0.0 
0.0 0.0 0.0 0.0 0.0 0.0 
0.0 0.0 0.0 0.0 0.0 0.0 
0.0 0.0 0.0 0.0 0.0 0.0 
0.0 0.0 0.0 0.0 0.0 0.0 
0.0 0.0 0.0 0.0 0.0 0.0 
0.0 0.0 0.0 0.0 0.0 0.0 
0.0 0.0 0.0 0.0 0.0 0.0 
0.0 0.0 0.0 0.0 0.0 0.0 
0.0 0.0 0.0 0.0 0.0 0.0 
0.0 0.0 0.0 0.0 0.0 0.0 
0.0 0.0 0.0 0.0 0.0 0.0 
0.0 0.0 0.0 0.0 0.0 0.0 
0.0 0.0 0.0 0.0 0.0 0.0 
0.0 0.0 0.0 0.0 0.0 0.0 
0 59 0 0 0 0 
0 59 0 0 0 0 
0 59 0 0 0 0 
0 59 0 0 0 0 
0 59 0 0 0 0 
0 59 0 0 0 0 
0 59 0 0 0 0 
0 59 0 0 0 0 
0 59 0 0 0 0 
0 59 0 0 0 0 
0 59 0 0 0 0 
0 59 0 0 0 0 
0 59 0 0 0 0 
0 59 0 0 0 0 
0 59 0 0 0 0 
0 0 30 0 38 0 
0 0 30 0 38 0 
0 0 30 0 38 0 
0 0 30 0 38 0 
0 0 30 0 38 0 
0 0 30 0 38 0 
0 0 30 0 38 0 
0 0 30 0 38 0 
0 0 30 0 38 0 
0 0 30 0 38 0 
0 0 30 0 38 0 
0 0 30 0 38 0 
0 0 30 0 38 0 
0 0 30 0 38 0 
0 0 30 0 38 0 
0 0 0 41 0 0 
0 0 0 41 0 0 
0 0 0 41 0 0 
0 0 0 41 0 0 
0 0 0 41 0 0 
0 0 0 41 0 0 
0 0 0 41 0 0 
0 0 0 41 0 0 
0 0 0 41 0 0 
0 0 0 41 0 0 
0 0 0 41 0 0 
0 0 0 41 0 0 
0 0 0 41 0 0 
0 0 0 41 0 0 
0 0 0 41 0 0 
0 0 0 0 0 37 
0 0 0 0 0 37 
0 0 0 0 0 37 
0 0 0 0 0 37 
0 0 0 0 0 37 
0 0 0 0 0 37 
0 0 0 0 0 37 
0 0 0 0 0 37 
0 0 0 0 0 37 
0 0 0 0 0 37 
0 0 0 0 0 37 
0 0 0 0 0 37 
0 0 0 0 0 37 
0 0 0 0 0 37 
0 0 0 0 0 37 
0 0 0 0 0 52 
0 0 0 0 0 52 
0 0 0 0 0 52 
0 0 0 0 0 52 
0 0 0 0 0 52 
0 0 0 0 0 52 
0 0 0 0 0 52 
0 0 0 0 0 52 
0 0 0 0 0 52 
0 0 0 0 0 52 
0 0 0 0 0 52 
0 0 0 0 0 52 
0 0 0 0 0 52 
0 0 0 0 0 52 
0 0 0 0 0 52 
0 0 0 25 0 0 
0 0 0 25 0 0 
0 0 0 25 0 0 
0 0 0 25 0 0 
0 0 0 25 0 0 
0 0 0 25 0 0 
0 0 0 25 0 0 
0 0 0 25 0 0 
0 0 0 25 0 0 
0 0 0 25 0 0 
0 0 0 25 0 0 
0 0 0 25 0 0 
0 0 0 25 0 0 
0 0 0 25 0 0 
0 0 0 25 0 0 
0 0 0 0 0 43 
0 0 0 0 0 43 
0 0 0 0 0 43 
0 0 0 0 0 43 
0 0 0 0 0 43 
0 0 0 0 0 43 
0 0 0 0 0 43 
0 0 0 0 0 43 
0 0 0 0 0 43 
0 0 0 0 0 43 
0 0 0 0 0 43 
0 0 0 0 0 43 
0 0 0 0 0 43 
0 0 0 0 0 43 
0 0 0 0 0 43 
0 0 51 0 60 0 
0 0 51 0 60 0 
0 0 51 0 60 0 
0 0 51 0 60 0 
0 0 51 0 60 0 
0 0 51 0 60 0 
0 0 51 0 60 0 
0 0 51 0 60 0 
0 0 51 0 60 0 
0 0 51 0 60 0 
0 0 51 0 60 0 
0 0 51 0 60 0 
0 0 51 0 60 0 
0 0 51 0 60 0 
0 0 51 0 60 0 
0 0 0 0 55 0 
0 0 0 0 55 0 
0 0 0 0 55 0 
0 0 0 0 55 0 
0 0 0 0 55 0 
0 0 0 0 55 0 
0 0 0 0 55 0 
0 0 0 0 55 0 
0 0 0 0 55 0 
0 0 0 0 55 0 
0 0 0 0 55 0 
0 0 0 0 55 0 
0 0 0 0 55 0 
0 0 0 0 55 0 
0 0 0 0 55 0 
50 0 0 0 45 0 
50 0 0 0 45 0 
50 0 0 0 45 0 
50 0 0 0 45 0 
50 0 0 0 45 0 
50 0 0 0 45 0 
50 0 0 0 45 0 
50 0 0 0 45 0 
50 0 0 0 45 0 
50 0 0 0 45 0 
50 0 0 0 45 0 
50 0 0 0 45 0 
50 0 0 0 45 0 
50 0 0 0 45 0 
50 0 0 0 45 0 
32 0 0 0 0 0 
32 0 0 0 0 0 
32 0 0 0 0 0 
32 0 0 0 0 0 
32 0 0 0 0 0 
32 0 0 0 0 0 
32 0 0 0 0 0 
32 0 0 0 0 0 
32 0 0 0 0 0 
32 0 0 0 0 0 
32 0 0 0 0 0 
32 0 0 0 0 0 
32 0 0 0 0 0 
32 0 0 0 0 0 
32 0 0 0 0 0 
0 0 38 0 0 0 
0 0 38 0 0 0 
0 0 38 0 0 0 
0 0 38 0 0 0 
0 0 38 0 0 0 
0 0 38 0 0 0 
0 0 38 0 0 0 
0 0 38 0 0 0 
0 0 38 0 0 0 
0 0 38 0 0 0 
0 0 38 0 0 0 
0 0 38 0 0 0 
0 0 38 0 0 0 
0 0 38 0 0 0 
0 0 38 0 0 0 
55 0 0 32 0 0 
55 0 0 32 0 0 
55 0 0 32 0 0 
55 0 0 32 0 0 
55 0 0 32 0 0 
55 0 0 32 0 0 
55 0 0 32 0 0 
55 0 0 32 0 0 
55 0 0 32 0 0 
55 0 0 32 0 0 
55 0 0 32 0 0 
55 0 0 32 0 0 
55 0 0 32 0 0 
55 0 0 32 0 0 
55 0 0 32 0 0 
0 0 0 0 31 0 
0 0 0 0 31 0 
0 0 0 0 31 0 
0 0 0 0 31 0 
0 0 0 0 31 0 
0 0 0 0 31 0 
0 0 0 0 31 0 
0 0 0 0 31 0 
0 0 0 0 31 0 
0 0 0 0 31 0 
0 0 0 0 31 0 
0 0 0 0 31 0 
0 0 0 0 31 0 
0 0 0 0 31 0 
0 0 0 0 31 0 
0 21 0 0 0 28 
0 21 0 0 0 28 
0 21 0 0 0 28 
0 21 0 0 0 28 
0 21 0 0 0 28 
0 21 0 0 0 28 
0 21 0 0 0 28 
0 21 0 0 0 28 
0 21 0 0 0 28 
0 21 0 0 0 28 
0 21 0 0 0 28 
0 21 0 0 0 28 
0 21 0 0 0 28 
0 21 0 0 0 28 
0 21 0 0 0 28 
0 0 0 0 0 28 
0 0 0 0 0 28 
0 0 0 0 0 28 
0 0 0 0 0 28 
0 0 0 0 0 28 
0 0 0 0 0 28 
0 0 0 0 0 28 
0 0 0 0 0 28 
0 0 0 0 0 28 
0 0 0 0 0 28 
0 0 0 0 0 28 
0 0 0 0 0 28 
0 0 0 0 0 28 
0 0 0 0 0 28 
0 0 0 0 0 28 
54 0 0 59 0 0 
54 0 0 59 0 0 
54 0 0 59 0 0 
54 0 0 59 0 0 
54 0 0 59 0 0 
54 0 0 59 0 0 
54 0 0 59 0 0 
54 0 0 59 0 0 
54 0 0 59 0 0 
54 0 0 59 0 0 
54 0 0 59 0 0 
54 0 0 59 0 0 
54 0 0 59 0 0 
54 0 0 59 0 0 
54 0 0 59 0 0 
0 0 0 0 33 0 
0 0 0 0 33 0 
0 0 0 0 33 0 
0 0 0 0 33 0 
0 0 0 0 33 0 
0 0 0 0 33 0 
0 0 0 0 33 0 
0 0 0 0 33 0 
0 0 0 0 33 0 
0 0 0 0 33 0 
0 0 0 0 33 0 
0 0 0 0 33 0 
0 0 0 0 33 0 
0 0 0 0 33 0 
0 0 0 0 33 0 
0 0 0 0 25 0 
0 0 0 0 25 0 
0 0 0 0 25 0 
0 0 0 0 25 0 
0 0 0 0 25 0 
0 0 0 0 25 0 
0 0 0 0 25 0 
0 0 0 0 25 0 
0 0 0 0 25 0 
0 0 0 0 25 0 
0 0 0 0 25 0 
0 0 0 0 25 0 
0 0 0 0 25 0 
0 0 0 0 25 0 
0 0 0 0 25 0 
0 0 0 0 33 0 
0 0 0 0 33 0 
0 0 0 0 33 0 
0 0 0 0 33 0 
0 0 0 0 33 0 
0 0 0 0 33 0 
0 0 0 0 33 0 
0 0 0 0 33 0 
0 0 0 0 33 0 
0 0 0 0 33 0 
0 0 0 0 33 0 
0 0 0 0 33 0 
0 0 0 0 33 0 
0 0 0 0 33 0 
0 0 0 0 33 0 
17 0 0 0 0 0 
17 0 0 0 0 0 
17 0 0 0 0 0 
17 0 0 0 0 0 
17 0 0 0 0 0 
17 0 0 0 0 0 
17 0 0 0 0 0 
17 0 0 0 0 0 
17 0 0 0 0 0 
17 0 0 0 0 0 
17 0 0 0 0 0 
17 0 0 0 0 0 
17 0 0 0 0 0 
17 0 0 0 0 0 
17 0 0 0 0 0 
0 0 0 0 20 0 
0 0 0 0 20 0 
0 0 0 0 20 0 
0 0 0 0 20 0 
0 0 0 0 20 0 
0 0 0 0 20 0 
0 0 0 0 20 0 
0 0 0 0 20 0 
0 0 0 0 20 0 
0 0 0 0 20 0 
0 0 0 0 20 0 
0 0 0 0 20 0 
0 0 0 0 20 0 
0 0 0 0 20 0 
0 0 0 0 20 0 
0 0 0 0 23 0 
0 0 0 0 23 0 
0 0 0 0 23 0 
0 0 0 0 23 0 
0 0 0 0 23 0 
0 0 0 0 23 0 
0 0 0 0 23 0 
0 0 0 0 23 0 
0 0 0 0 23 0 
0 0 0 0 23 0 
0 0 0 0 23 0 
0 0 0 0 23 0 
0 0 0 0 23 0 
0 0 0 0 23 0 
0 0 0 0 23 0 
0 0 0 40 0 0 
0 0 0 40 0 0 
0 0 0 40 0 0 
0 0 0 40 0 0 
0 0 0 40 0 0 
0 0 0 40 0 0 
0 0 0 40 0 0 
0 0 0 40 0 0 
0 0 0 40 0 0 
0 0 0 40 0 0 
0 0 0 40 0 0 
0 0 0 40 0 0 
0 0 0 40 0 0 
0 0 0 40 0 0 
0 0 0 40 0 0 
0 0 0 0 39 0 
0 0 0 0 39 0 
0 0 0 0 39 0 
0 0 0 0 39 0 
0 0 0 0 39 0 
0 0 0 0 39 0 
0 0 0 0 39 0 
0 0 0 0 39 0 
0 0 0 0 39 0 
0 0 0 0 39 0 
0 0 0 0 39 0 
0 0 0 0 39 0 
0 0 0 0 39 0 
0 0 0 0 39 0 
0 0 0 0 39 0 
0 0 0 44 0 0 
0 0 0 44 0 0 
0 0 0 44 0 0 
0 0 0 44 0 0 
0 0 0 44 0 0 
0 0 0 44 0 0 
0 0 0 44 0 0 
0 0 0 44 0 0 
0 0 0 44 0 0 
0 0 0 44 0 0 
0 0 0 44 0 0 
0 0 0 44 0 0 
0 0 0 44 0 0 
0 0 0 44 0 0 
0 0 0 44 0 0 
0 0 59 0 0 0 
0 0 59 0 0 0 
0 0 59 0 0 0 
0 0 59 0 0 0 
0 0 59 0 0 0 
0 0 59 0 0 0 
0 0 59 0 0 0 
0 0 59 0 0 0 
0 0 59 0 0 0 
0 0 59 0 0 0 
0 0 59 0 0 0 
0 0 59 0 0 0 
0 0 59 0 0 0 
0 0 59 0 0 0 
0 0 59 0 0 0 
0 0 0 0 51 0 
0 0 0 0 51 0 
0 0 0 0 51 0 
0 0 0 0 51 0 
0 0 0 0 51 0 
0 0 0 0 51 0 
0 0 0 0 51 0 
0 0 0 0 51 0 
0 0 0 0 51 0 
0 0 0 0 51 0 
0 0 0 0 51 0 
0 0 0 0 51 0 
0 0 0 0 51 0 
0 0 0 0 51 0 
0 0 0 0 51 0 
0 19 0 46 0 0 
0 19 0 46 0 0 
0 19 0 46 0 0 
0 19 0 46 0 0 
0 19 0 46 0 0 
0 19 0 46 0 0 
0 19 0 46 0 0 
0 19 0 46 0 0 
0 19 0 46 0 0 
0 19 0 46 0 0 
0 19 0 46 0 0 
0 19 0 46 0 0 
0 19 0 46 0 0 
0 19 0 46 0 0 
0 19 0 46 0 0 
52 0 0 0 0 0 
52 0 0 0 0 0 
52 0 0 0 0 0 
52 0 0 0 0 0 
52 0 0 0 0 0 
52 0 0 0 0 0 
52 0 0 0 0 0 
52 0 0 0 0 0 
52 0 0 0 0 0 
52 0 0 0 0 0 
52 0 0 0 0 0 
52 0 0 0 0 0 
52 0 0 0 0 0 
52 0 0 0 0 0 
52 0 0 0 0 0 
0 0 0 0 55 0 
0 0 0 0 55 0 
0 0 0 0 55 0 
0 0 0 0 55 0 
0 0 0 0 55 0 
0 0 0 0 55 0 
0 0 0 0 55 0 
0 0 0 0 55 0 
0 0 0 0 55 0 
0 0 0 0 55 0 
0 0 0 0 55 0 
0 0 0 0 55 0 
0 0 0 0 55 0 
0 0 0 0 55 0 
0 0 0 0 55 0 
0 0 0 0 34 0 
0 0 0 0 34 0 
0 0 0 0 34 0 
0 0 0 0 34 0 
0 0 0 0 34 0 
0 0 0 0 34 0 
0 0 0 0 34 0 
0 0 0 0 34 0 
0 0 0 0 34 0 
0 0 0 0 34 0 
0 0 0 0 34 0 
0 0 0 0 34 0 
0 0 0 0 34 0 
0 0 0 0 34 0 
0 0 0 0 34 0 
0 0 27 0 21 0 
0 0 27 0 21 0 
0 0 27 0 21 0 
0 0 27 0 21 0 
0 0 27 0 21 0 
0 0 27 0 21 0 
0 0 27 0 21 0 
0 0 27 0 21 0 
0 0 27 0 21 0 
0 0 27 0 21 0 
0 0 27 0 21 0 
0 0 27 0 21 0 
0 0 27 0 21 0 
0 0 27 0 21 0 
0 0 27 0 21 0 
39 0 0 0 0 55 
39 0 0 0 0 55 
39 0 0 0 0 55 
39 0 0 0 0 55 
39 0 0 0 0 55 
39 0 0 0 0 55 
39 0 0 0 0 55 
39 0 0 0 0 55 
39 0 0 0 0 55 
39 0 0 0 0 55 
39 0 0 0 0 55 
39 0 0 0 0 55 
39 0 0 0 0 55 
39 0 0 0 0 55 
39 0 0 0 0 55 
0 0 23 0 32 0 
0 0 23 0 32 0 
0 0 23 0 32 0 
0 0 23 0 32 0 
0 0 23 0 32 0 
0 0 23 0 32 0 
0 0 23 0 32 0 
0 0 23 0 32 0 
0 0 23 0 32 0 
0 0 23 0 32 0 
0 0 23 0 32 0 
0 0 23 0 32 0 
0 0 23 0 32 0 
0 0 23 0 32 0 
0 0 23 0 32 0 
0 0 0 0 57 0 
0 0 0 0 57 0 
0 0 0 0 57 0 
0 0 0 0 57 0 
0 0 0 0 57 0 
0 0 0 0 57 0 
0 0 0 0 57 0 
0 0 0 0 57 0 
0 0 0 0 57 0 
0 0 0 0 57 0 
0 0 0 0 57 0 
0 0 0 0 57 0 
0 0 0 0 57 0 
0 0 0 0 57 0 
0 0 0 0 57 0 
0 0 45 0 0 0 
0 0 45 0 0 0 
0 0 45 0 0 0 
0 0 45 0 0 0 
0 0 45 0 0 0 
0 0 45 0 0 0 
0 0 45 0 0 0 
0 0 45 0 0 0 
0 0 45 0 0 0 
0 0 45 0 0 0 
0 0 45 0 0 0 
0 0 45 0 0 0 
0 0 45 0 0 0 
0 0 45 0 0 0 
0 0 45 0 0 0 
0 0 32 48 0 0 
0 0 32 48 0 0 
0 0 32 48 0 0 
0 0 32 48 0 0 
0 0 32 48 0 0 
0 0 32 48 0 0 
0 0 32 48 0 0 
0 0 32 48 0 0 
0 0 32 48 0 0 
0 0 32 48 0 0 
0 0 32 48 0 0 
0 0 32 48 0 0 
0 0 32 48 0 0 
0 0 32 48 0 0 
0 0 32 48 0 0 
0 0 0 22 0 0 
0 0 0 22 0 0 
0 0 0 22 0 0 
0 0 0 22 0 0 
0 0 0 22 0 0 
0 0 0 22 0 0 
0 0 0 22 0 0 
0 0 0 22 0 0 
0 0 0 22 0 0 
0 0 0 22 0 0 
0 0 0 22 0 0 
0 0 0 22 0 0 
0 0 0 22 0 0 
0 0 0 22 0 0 
0 0 0 22 0 0 
46 0 0 0 0 0 
46 0 0 0 0 0 
46 0 0 0 0 0 
46 0 0 0 0 0 
46 0 0 0 0 0 
46 0 0 0 0 0 
46 0 0 0 0 0 
46 0 0 0 0 0 
46 0 0 0 0 0 
46 0 0 0 0 0 
46 0 0 0 0 0 
46 0 0 0 0 0 
46 0 0 0 0 0 
46 0 0 0 0 0 
46 0 0 0 0 0 
0 0 16 0 0 0 
0 0 16 0 0 0 
0 0 16 0 0 0 
0 0 16 0 0 0 
0 0 16 0 0 0 
0 0 16 0 0 0 
0 0 16 0 0 0 
0 0 16 0 0 0 
0 0 16 0 0 0 
0 0 16 0 0 0 
0 0 16 0 0 0 
0 0 16 0 0 0 
0 0 16 0 0 0 
0 0 16 0 0 0 
0 0 16 0 0 0 
0 26 0 0 40 0 
0 26 0 0 40 0 
0 26 0 0 40 0 
0 26 0 0 40 0 
0 26 0 0 40 0 
0 26 0 0 40 0 
0 26 0 0 40 0 
0 26 0 0 40 0 
0 26 0 0 40 0 
0 26 0 0 40 0 
0 26 0 0 40 0 
0 26 0 0 40 0 
0 26 0 0 40 0 
0 26 0 0 40 0 
0 26 0 0 40 0 
0 0 0 0 0 17 
0 0 0 0 0 17 
0 0 0 0 0 17 
0 0 0 0 0 17 
0 0 0 0 0 17 
0 0 0 0 0 17 
0 0 0 0 0 17 
0 0 0 0 0 17 
0 0 0 0 0 17 
0 0 0 0 0 17 
0 0 0 0 0 17 
0 0 0 0 0 17 
0 0 0 0 0 17 
0 0 0 0 0 17 
0 0 0 0 0 17 
19 0 0 0 0 0 
19 0 0 0 0 0 
19 0 0 0 0 0 
19 0 0 0 0 0 
19 0 0 0 0 0 
19 0 0 0 0 0 
19 0 0 0 0 0 
19 0 0 0 0 0 
19 0 0 0 0 0 
19 0 0 0 0 0 
19 0 0 0 0 0 
19 0 0 0 0 0 
19 0 0 0 0 0 
19 0 0 0 0 0 
19 0 0 0 0 0 
0 45 0 0 42 0 
0 45 0 0 42 0 
0 45 0 0 42 0 
0 45 0 0 42 0 
0 45 0 0 42 0 
0 45 0 0 42 0 
0 45 0 0 42 0 
0 45 0 0 42 0 
0 45 0 0 42 0 
0 45 0 0 42 0 
0 45 0 0 42 0 
0 45 0 0 42 0 
0 45 0 0 42 0 
0 45 0 0 42 0 
0 45 0 0 42 0 
0 0 0 37 0 0 
0 0 0 37 0 0 
0 0 0 37 0 0 
0 0 0 37 0 0 
0 0 0 37 0 0 
0 0 0 37 0 0 
0 0 0 37 0 0 
0 0 0 37 0 0 
0 0 0 37 0 0 
0 0 0 37 0 0 
0 0 0 37 0 0 
0 0 0 37 0 0 
0 0 0 37 0 0 
0 0 0 37 0 0 
0 0 0 37 0 0 
0 0 51 0 0 0 
0 0 51 0 0 0 
0 0 51 0 0 0 
0 0 51 0 0 0 
0 0 51 0 0 0 
0 0 51 0 0 0 
0 0 51 0 0 0 
0 0 51 0 0 0 
0 0 51 0 0 0 
0 0 51 0 0 0 
0 0 51 0 0 0 
0 0 51 0 0 0 
0 0 51 0 0 0 
0 0 51 0 0 0 
0 0 51 0 0 0 
0 0 0 0 36 0 
0 0 0 0 36 0 
0 0 0 0 36 0 
0 0 0 0 36 0 
0 0 0 0 36 0 
0 0 0 0 36 0 
0 0 0 0 36 0 
0 0 0 0 36 0 
0 0 0 0 36 0 
0 0 0 0 36 0 
0 0 0 0 36 0 
0 0 0 0 36 0 
0 0 0 0 36 0 
0 0 0 0 36 0 
0 0 0 0 36 0 
0 0 25 0 0 22 
0 0 25 0 0 22 
0 0 25 0 0 22 
0 0 25 0 0 22 
0 0 25 0 0 22 
0 0 25 0 0 22 
0 0 25 0 0 22 
0 0 25 0 0 22 
0 0 25 0 0 22 
0 0 25 0 0 22 
0 0 25 0 0 22 
0 0 25 0 0 22 
0 0 25 0 0 22 
0 0 25 0 0 22 
0 0 25 0 0 22 
0 0 0 0 40 0 
0 0 0 0 40 0 
0 0 0 0 40 0 
0 0 0 0 40 0 
0 0 0 0 40 0 
0 0 0 0 40 0 
0 0 0 0 40 0 
0 0 0 0 40 0 
0 0 0 0 40 0 
0 0 0 0 40 0 
0 0 0 0 40 0 
0 0 0 0 40 0 
0 0 0 0 40 0 
0 0 0 0 40 0 
0 0 0 0 40 0 
0 0 26 0 0 0 
0 0 26 0 0 0 
0 0 26 0 0 0 
0 0 26 0 0 0 
0 0 26 0 0 0 
0 0 26 0 0 0 
0 0 26 0 0 0 
0 0 26 0 0 0 
0 0 26 0 0 0 
0 0 26 0 0 0 
0 0 26 0 0 0 
0 0 26 0 0 0 
0 0 26 0 0 0 
0 0 26 0 0 0 
0 0 26 0 0 0 
0 0 0 32 0 0 
0 0 0 32 0 0 
0 0 0 32 0 0 
0 0 0 32 0 0 
0 0 0 32 0 0 
0 0 0 32 0 0 
0 0 0 32 0 0 
0 0 0 32 0 0 
0 0 0 32 0 0 
0 0 0 32 0 0 
0 0 0 32 0 0 
0 0 0 32 0 0 
0 0 0 32 0 0 
0 0 0 32 0 0 
0 0 0 32 0 0 
0 41 0 0 0 29 
0 41 0 0 0 29 
0 41 0 0 0 29 
0 41 0 0 0 29 
0 41 0 0 0 29 
0 41 0 0 0 29 
0 41 0 0 0 29 
0 41 0 0 0 29 
0 41 0 0 0 29 
0 41 0 0 0 29 
0 41 0 0 0 29 
0 41 0 0 0 29 
0 41 0 0 0 29 
0 41 0 0 0 29 
0 41 0 0 0 29 
0 0 0 0 0 58 
0 0 0 0 0 58 
0 0 0 0 0 58 
0 0 0 0 0 58 
0 0 0 0 0 58 
0 0 0 0 0 58 
0 0 0 0 0 58 
0 0 0 0 0 58 
0 0 0 0 0 58 
0 0 0 0 0 58 
0 0 0 0 0 58 
0 0 0 0 0 58 
0 0 0 0 0 58 
0 0 0 0 0 58 
0 0 0 0 0 58 
55 0 0 0 0 0 
55 0 0 0 0 0 
55 0 0 0 0 0 
55 0 0 0 0 0 
55 0 0 0 0 0 
55 0 0 0 0 0 
55 0 0 0 0 0 
55 0 0 0 0 0 
55 0 0 0 0 0 
55 0 0 0 0 0 
55 0 0 0 0 0 
55 0 0 0 0 0 
55 0 0 0 0 0 
55 0 0 0 0 0 
55 0 0 0 0 0 
0 0 0 58 0 0 
0 0 0 58 0 0 
0 0 0 58 0 0 
0 0 0 58 0 0 
0 0 0 58 0 0 
0 0 0 58 0 0 
0 0 0 58 0 0 
0 0 0 58 0 0 
0 0 0 58 0 0 
0 0 0 58 0 0 
0 0 0 58 0 0 
0 0 0 58 0 0 
0 0 0 58 0 0 
0 0 0 58 0 0 
0 0 0 58 0 0 
0 0 38 0 0 41 
0 0 38 0 0 41 
0 0 38 0 0 41 
0 0 38 0 0 41 
0 0 38 0 0 41 
0 0 38 0 0 41 
0 0 38 0 0 41 
0 0 38 0 0 41 
0 0 38 0 0 41 
0 0 38 0 0 41 
0 0 38 0 0 41 
0 0 38 0 0 41 
0 0 38 0 0 41 
0 0 38 0 0 41 
0 0 38 0 0 41 
0 0 44 44 0 0 
0 0 44 44 0 0 
0 0 44 44 0 0 
0 0 44 44 0 0 
0 0 44 44 0 0 
0 0 44 44 0 0 
0 0 44 44 0 0 
0 0 44 44 0 0 
0 0 44 44 0 0 
0 0 44 44 0 0 
0 0 44 44 0 0 
0 0 44 44 0 0 
0 0 44 44 0 0 
0 0 44 44 0 0 
0 0 44 44 0 0 
0 0 17 0 0 0 
0 0 17 0 0 0 
0 0 17 0 0 0 
0 0 17 0 0 0 
0 0 17 0 0 0 
0 0 17 0 0 0 
0 0 17 0 0 0 
0 0 17 0 0 0 
0 0 17 0 0 0 
0 0 17 0 0 0 
0 0 17 0 0 0 
0 0 17 0 0 0 
0 0 17 0 0 0 
0 0 17 0 0 0 
0 0 17 0 0 0 
0 48 0 0 0 0 
0 48 0 0 0 0 
0 48 0 0 0 0 
0 48 0 0 0 0 
0 48 0 0 0 0 
0 48 0 0 0 0 
0 48 0 0 0 0 
0 48 0 0 0 0 
0 48 0 0 0 0 
0 48 0 0 0 0 
0 48 0 0 0 0 
0 48 0 0 0 0 
0 48 0 0 0 0 
0 48 0 0 0 0 
0 48 0 0 0 0 
0 0 0 15 0 0 
0 0 0 15 0 0 
0 0 0 15 0 0 
0 0 0 15 0 0 
0 0 0 15 0 0 
0 0 0 15 0 0 
0 0 0 15 0 0 
0 0 0 15 0 0 
0 0 0 15 0 0 
0 0 0 15 0 0 
0 0 0 15 0 0 
0 0 0 15 0 0 
0 0 0 15 0 0 
0 0 0 15 0 0 
0 0 0 15 0 0 
23 0 0 0 57 0 
23 0 0 0 57 0 
23 0 0 0 57 0 
23 0 0 0 57 0 
23 0 0 0 57 0 
23 0 0 0 57 0 
23 0 0 0 57 0 
23 0 0 0 57 0 
23 0 0 0 57 0 
23 0 0 0 57 0 
23 0 0 0 57 0 
23 0 0 0 57 0 
23 0 0 0 57 0 
23 0 0 0 57 0 
23 0 0 0 57 0 
0 0 0 0 0 30 
0 0 0 0 0 30 
0 0 0 0 0 30 
0 0 0 0 0 30 
0 0 0 0 0 30 
0 0 0 0 0 30 
0 0 0 0 0 30 
0 0 0 0 0 30 
0 0 0 0 0 30 
0 0 0 0 0 30 
0 0 0 0 0 30 
0 0 0 0 0 30 
0 0 0 0 0 30 
0 0 0 0 0 30 
0 0 0 0 0 30 
0 30 0 0 0 34 
0 30 0 0 0 34 
0 30 0 0 0 34 
0 30 0 0 0 34 
0 30 0 0 0 34 
0 30 0 0 0 34 
0 30 0 0 0 34 
0 30 0 0 0 34 
0 30 0 0 0 34 
0 30 0 0 0 34 
0 30 0 0 0 34 
0 30 0 0 0 34 
0 30 0 0 0 34 
0 30 0 0 0 34 
0 30 0 0 0 34 
0 31 0 33 0 0 
0 31 0 33 0 0 
0 31 0 33 0 0 
0 31 0 33 0 0 
0 31 0 33 0 0 
0 31 0 33 0 0 
0 31 0 33 0 0 
0 31 0 33 0 0 
0 31 0 33 0 0 
0 31 0 33 0 0 
0 31 0 33 0 0 
0 31 0 33 0 0 
0 31 0 33 0 0 
0 31 0 33 0 0 
0 31 0 33 0 0 
0 0 0 0 0 49 
0 0 0 0 0 49 
0 0 0 0 0 49 
0 0 0 0 0 49 
0 0 0 0 0 49 
0 0 0 0 0 49 
0 0 0 0 0 49 
0 0 0 0 0 49 
0 0 0 0 0 49 
0 0 0 0 0 49 
0 0 0 0 0 49 
0 0 0 0 0 49 
0 0 0 0 0 49 
0 0 0 0 0 49 
0 0 0 0 0 49 
34 0 0 0 0 0 
34 0 0 0 0 0 
34 0 0 0 0 0 
34 0 0 0 0 0 
34 0 0 0 0 0 
34 0 0 0 0 0 
34 0 0 0 0 0 
34 0 0 0 0 0 
34 0 0 0 0 0 
34 0 0 0 0 0 
34 0 0 0 0 0 
34 0 0 0 0 0 
34 0 0 0 0 0 
34 0 0 0 0 0 
34 0 0 0 0 0 
0 0 0 0 50 0 
0 0 0 0 50 0 
0 0 0 0 50 0 
0 0 0 0 50 0 
0 0 0 0 50 0 
0 0 0 0 50 0 
0 0 0 0 50 0 
0 0 0 0 50 0 
0 0 0 0 50 0 
0 0 0 0 50 0 
0 0 0 0 50 0 
0 0 0 0 50 0 
0 0 0 0 50 0 
0 0 0 0 50 0 
0 0 0 0 50 0 
34 0 0 19 0 0 
34 0 0 19 0 0 
34 0 0 19 0 0 
34 0 0 19 0 0 
34 0 0 19 0 0 
34 0 0 19 0 0 
34 0 0 19 0 0 
34 0 0 19 0 0 
34 0 0 19 0 0 
34 0 0 19 0 0 
34 0 0 19 0 0 
34 0 0 19 0 0 
34 0 0 19 0 0 
34 0 0 19 0 0 
34 0 0 19 0 0 
59 0 0 17 0 0 
59 0 0 17 0 0 
59 0 0 17 0 0 
59 0 0 17 0 0 
59 0 0 17 0 0 
59 0 0 17 0 0 
59 0 0 17 0 0 
59 0 0 17 0 0 
59 0 0 17 0 0 
59 0 0 17 0 0 
59 0 0 17 0 0 
59 0 0 17 0 0 
59 0 0 17 0 0 
59 0 0 17 0 0 
59 0 0 17 0 0 
0 47 0 0 0 0 
0 47 0 0 0 0 
0 47 0 0 0 0 
0 47 0 0 0 0 
0 47 0 0 0 0 
0 47 0 0 0 0 
0 47 0 0 0 0 
0 47 0 0 0 0 
0 47 0 0 0 0 
0 47 0 0 0 0 
0 47 0 0 0 0 
0 47 0 0 0 0 
0 47 0 0 0 0 
0 47 0 0 0 0 
0 47 0 0 0 0 
57 0 0 0 44 0 
57 0 0 0 44 0 
57 0 0 0 44 0 
57 0 0 0 44 0 
57 0 0 0 44 0 
57 0 0 0 44 0 
57 0 0 0 44 0 
57 0 0 0 44 0 
57 0 0 0 44 0 
57 0 0 0 44 0 
57 0 0 0 44 0 
57 0 0 0 44 0 
57 0 0 0 44 0 
57 0 0 0 44 0 
57 0 0 0 44 0 
0 24 0 0 0 0 
0 24 0 0 0 0 
0 24 0 0 0 0 
0 24 0 0 0 0 
0 24 0 0 0 0 
0 24 0 0 0 0 
0 24 0 0 0 0 
0 24 0 0 0 0 
0 24 0 0 0 0 
0 24 0 0 0 0 
0 24 0 0 0 0 
0 24 0 0 0 0 
0 24 0 0 0 0 
0 24 0 0 0 0 
0 24 0 0 0 0 
46 0 0 0 18 0 
46 0 0 0 18 0 
46 0 0 0 18 0 
46 0 0 0 18 0 
46 0 0 0 18 0 
46 0 0 0 18 0 
46 0 0 0 18 0 
46 0 0 0 18 0 
46 0 0 0 18 0 
46 0 0 0 18 0 
46 0 0 0 18 0 
46 0 0 0 18 0 
46 0 0 0 18 0 
46 0 0 0 18 0 
46 0 0 0 18 0 
0 0 0 26 0 0 
0 0 0 26 0 0 
0 0 0 26 0 0 
0 0 0 26 0 0 
0 0 0 26 0 0 
0 0 0 26 0 0 
0 0 0 26 0 0 
0 0 0 26 0 0 
0 0 0 26 0 0 
0 0 0 26 0 0 
0 0 0 26 0 0 
0 0 0 26 0 0 
0 0 0 26 0 0 
0 0 0 26 0 0 
0 0 0 26 0 0 
0.0 0.0 0.0 0.0 0.0 0.0 
0.0 0.0 0.0 0.0 0.0 0.0 
0.0 0.0 0.0 0.0 0.0 0.0 
0.0 0.0 0.0 0.0 0.0 0.0 
0.0 0.0 0.0 0.0 0.0 0.0 
0.0 0.0 0.0 0.0 0.0 0.0 
0.0 0.0 0.0 0.0 0.0 0.0 
0.0 0.0 0.0 0.0 0.0 0.0 
0.0 0.0 0.0 0.0 0.0 0.0 
0.0 0.0 0.0 0.0 0.0 0.0 
0.0 0.0 0.0 0.0 0.0 0.0 
0.0 0.0 0.0 0.0 0.0 0.0 
0.0 0.0 0.0 0.0 0.0 0.0 
0.0 0.0 0.0 0.0 0.0 0.0 
0.0 0.0 0.0 0.0 0.0 0.0 
mind
0 0 0 0 0 0 0 0 0 0 15 0 0 0 0 0 0 18 0 0 0 0 0 0 0 0 0 0 0 28 0 0 0 0 24 21 0 0 24 0 0 0 0 0 0 10 0 0 0 0 0 0 0 13 0 0 0 21 0 0 0 0 0 0 0 14 0 0 0 17 0 0 18 0 0 0 0
maxd
0 0 0 0 0 0 0 0 0 0 21 0 0 0 0 0 0 20 0 0 0 0 0 0 0 0 0 0 0 28 0 0 0 0 25 25 0 0 29 0 0 0 0 0 0 24 0 0 0 0 0 0 0 27 0 0 0 30 0 0 0 0 0 0 0 27 0 0 0 18 0 0 30 0 0 0 0
e
0 935 578 931 790 783 955 936 674 501 711 863 886 589 818 495 668 885 732 820 915 551 773 766 516 755 956 813 728 699 925 863 869 902 719 924 590 656 553 641 544 611 898 875 576 791 746 590 567 838 894 695 730 752 482 717 513 577 867 490 755 626 741 740 557 561 745 707 604 557 613 817 764 918 713 552 0
l
99999 1055 698 1051 910 903 1075 1056 794 621 831 983 1006 709 938 615 788 1005 852 940 1035 671 893 886 636 875 1076 933 848 819 1045 983 989 1022 839 1044 710 776 673 761 664 731 1018 995 696 911 866 710 687 958 1014 815 850 872 602 837 633 697 987 610 875 746 861 860 677 681 865 827 724 677 733 937 884 1038 833 672 99999
