nbNodes
77
nbVehi
15
nbServi
6
r
1 1 1 1 1 1 
1 0 0 0 0 0 
1 0 0 1 0 0 
1 0 0 0 1 0 
0 0 1 1 0 0 
0 0 0 0 1 0 
0 0 1 0 0 0 
0 1 0 0 1 0 
0 0 1 1 0 0 
1 0 0 0 0 0 
0 0 1 0 1 0 
0 1 0 0 0 0 
1 0 0 1 0 0 
0 1 0 0 1 0 
0 0 0 1 0 0 
0 1 0 0 0 0 
0 0 0 1 0 0 
0 0 1 0 0 0 
0 1 0 0 0 0 
1 0 0 0 0 0 
1 0 0 0 0 0 
0 0 1 0 0 0 
1 0 0 1 0 0 
1 0 0 0 0 0 
0 1 0 0 1 0 
1 0 0 0 0 0 
1 0 0 0 0 0 
0 0 1 0 1 0 
0 0 1 0 0 0 
0 0 1 0 1 0 
1 0 0 0 0 0 
0 0 0 1 0 0 
1 0 0 0 1 0 
1 0 0 0 1 0 
1 0 0 0 0 0 
1 0 0 0 1 0 
0 0 0 0 1 0 
0 0 0 1 0 0 
1 0 0 1 0 0 
0 0 1 0 0 0 
0 0 0 1 0 0 
0 1 0 1 0 0 
0 0 1 0 0 0 
0 0 1 0 0 0 
0 1 0 0 0 0 
1 0 0 0 0 0 
1 0 0 0 0 0 
0 0 0 0 0 1 
0 0 0 0 1 0 
0 0 0 0 0 1 
1 0 0 0 0 0 
1 0 0 0 0 0 
0 0 0 1 0 0 
1 0 0 0 0 0 
0 1 0 1 0 0 
1 0 0 0 0 0 
0 0 1 1 0 0 
0 0 0 0 1 0 
0 0 0 1 0 0 
1 0 0 0 0 0 
1 0 0 0 0 0 
1 0 0 1 0 0 
1 0 0 0 1 0 
0 0 0 1 0 0 
0 0 0 0 1 0 
0 0 0 0 1 0 
1 0 0 0 0 0 
1 0 0 0 0 0 
1 0 0 1 0 0 
0 0 0 0 1 0 
0 1 0 0 0 1 
1 0 0 0 0 0 
0 0 0 0 1 0 
1 0 0 1 0 0 
0 0 0 1 0 0 
0 0 1 0 0 0 
1 1 1 1 1 1 
DS
3 4 5 8 9 11 13 14 23 25 28 30 33 34 36 39 42 55 57 62 63 69 71 74 
a
0 1 1 0 0 0 
1 0 0 0 0 0 
1 0 1 0 0 0 
1 0 0 0 0 0 
1 1 1 0 0 0 
0 0 1 0 0 0 
1 0 1 0 0 0 
0 0 0 1 0 0 
0 0 0 1 0 0 
0 0 0 1 1 0 
0 0 0 0 1 0 
0 0 0 1 0 0 
0 0 0 1 0 0 
0 0 0 0 0 1 
0 0 0 1 1 0 
x
-30.0776 -30.0119 -30.0355 -30.1468 -30.043 -30.016 -30.0318 -30.0102 -30.082 -29.992 -30.0484 -30.2118 -30.034 -30.0361 -30.0316 -30.0313 -30.0369 -30.0039 -30.1475 -30.0743 -30.0548 -30.1535 -30.0333 -30.0148 -30.0402 -30.0478 -30.0234 -30.0483 -30.0051 -30.0416 -30.0467 -30.0037 -30.0611 -30.0629 -30.0664 -30.2125 -30.0564 -30.0429 -30.0836 -30.011 -30.0548 -30.1516 -30.1603 -30.1469 -30.0035 -30.0018 -30.0342 -30.0717 -30.0256 -30.0322 -30.0511 -30.0018 -30.148 -30.0288 -30.0108 -29.9933 -30.0543 -30.0616 -30.0355 -30.0169 -30.2082 -30.0061 -30.0531 -30.0493 -30.0087 -30.0157 -30.0776 -30.0121 -30.0446 -30.0114 -30.0702 -30.0591 -30.0275 -30.1491 -30.0066 -30.1535 -30.0776
y
-51.2253 -51.1707 -51.163 -51.1459 -51.2233 -51.1718 -51.184 -51.1633 -51.2033 -51.1211 -51.1595 -51.1752 -51.1496 -51.2231 -51.1522 -51.211 -51.1578 -51.1649 -51.1504 -51.2214 -51.2276 -51.1364 -51.1447 -51.148 -51.1498 -51.1632 -51.1533 -51.21 -51.1773 -51.1767 -51.1992 -51.163 -51.2252 -51.2169 -51.2225 -51.1758 -51.2227 -51.1791 -51.233 -51.1659 -51.2218 -51.1421 -51.1484 -51.125 -51.1713 -51.1493 -51.1865 -51.2102 -51.1822 -51.2297 -51.2283 -51.1482 -51.1507 -51.1539 -51.1577 -51.1458 -51.221 -51.2304 -51.1312 -51.1732 -51.1707 -51.1495 -51.1488 -51.2219 -51.1597 -51.1268 -51.2253 -51.1667 -51.1572 -51.1479 -51.2238 -51.2263 -51.1484 -51.1483 -51.1702 -51.1489 -51.2253
d
0.00000 20.00000 18.00000 26.00000 11.00000 19.00000 16.00000 22.00000 8.00000 30.00000 16.00000 32.00000 19.00000 13.00000 19.00000 14.00000 20.00000 23.00000 25.00000 3.00000 8.00000 28.00000 21.00000 24.00000 19.00000 17.00000 21.00000 10.00000 21.00000 15.00000 12.00000 23.00000 7.00000 7.00000 5.00000 33.00000 9.00000 14.00000 3.00000 22.00000 9.00000 27.00000 27.00000 32.00000 21.00000 26.00000 16.00000 5.00000 17.00000 15.00000 10.00000 26.00000 26.00000 20.00000 22.00000 30.00000 10.00000 6.00000 22.00000 19.00000 34.00000 25.00000 19.00000 10.00000 23.00000 27.00000 0.00000 20.00000 17.00000 23.00000 4.00000 8.00000 20.00000 26.00000 22.00000 27.00000 0.00000
19.00000 0.00000 6.00000 39.00000 13.00000 3.00000 7.00000 3.00000 19.00000 11.00000 10.00000 45.00000 6.00000 14.00000 7.00000 10.00000 8.00000 4.00000 38.00000 18.00000 15.00000 39.00000 8.00000 5.00000 8.00000 10.00000 5.00000 11.00000 3.00000 10.00000 11.00000 4.00000 15.00000 14.00000 16.00000 46.00000 14.00000 10.00000 21.00000 3.00000 15.00000 40.00000 40.00000 37.00000 3.00000 7.00000 7.00000 16.00000 7.00000 13.00000 14.00000 7.00000 39.00000 6.00000 2.00000 11.00000 14.00000 16.00000 12.00000 2.00000 47.00000 6.00000 11.00000 13.00000 4.00000 8.00000 19.00000 1.00000 9.00000 4.00000 16.00000 15.00000 7.00000 39.00000 2.00000 40.00000 19.00000
18.00000 9.00000 0.00000 36.00000 14.00000 8.00000 6.00000 7.00000 16.00000 15.00000 6.00000 42.00000 5.00000 14.00000 5.00000 11.00000 4.00000 9.00000 35.00000 18.00000 16.00000 36.00000 6.00000 9.00000 5.00000 5.00000 6.00000 12.00000 10.00000 6.00000 10.00000 9.00000 15.00000 15.00000 16.00000 42.00000 15.00000 7.00000 19.00000 8.00000 15.00000 36.00000 37.00000 34.00000 10.00000 11.00000 7.00000 16.00000 6.00000 14.00000 15.00000 12.00000 35.00000 4.00000 7.00000 15.00000 14.00000 17.00000 9.00000 8.00000 44.00000 10.00000 8.00000 13.00000 9.00000 13.00000 18.00000 8.00000 5.00000 9.00000 17.00000 16.00000 6.00000 36.00000 9.00000 37.00000 18.00000
25.00000 36.00000 35.00000 0.00000 31.00000 36.00000 34.00000 39.00000 24.00000 45.00000 31.00000 17.00000 35.00000 32.00000 36.00000 33.00000 36.00000 40.00000 2.00000 25.00000 31.00000 4.00000 35.00000 40.00000 35.00000 33.00000 38.00000 29.00000 38.00000 31.00000 30.00000 40.00000 29.00000 27.00000 28.00000 18.00000 31.00000 31.00000 23.00000 38.00000 31.00000 3.00000 5.00000 7.00000 39.00000 42.00000 33.00000 25.00000 33.00000 34.00000 31.00000 43.00000 2.00000 36.00000 38.00000 47.00000 31.00000 29.00000 36.00000 36.00000 18.00000 41.00000 31.00000 31.00000 40.00000 41.00000 25.00000 37.00000 33.00000 40.00000 27.00000 30.00000 37.00000 2.00000 38.00000 3.00000 25.00000
11.00000 13.00000 13.00000 31.00000 0.00000 12.00000 10.00000 15.00000 11.00000 23.00000 14.00000 38.00000 14.00000 3.00000 14.00000 6.00000 14.00000 15.00000 31.00000 10.00000 5.00000 34.00000 15.00000 17.00000 14.00000 13.00000 15.00000 5.00000 14.00000 9.00000 6.00000 16.00000 6.00000 6.00000 7.00000 38.00000 5.00000 9.00000 12.00000 15.00000 5.00000 32.00000 32.00000 37.00000 14.00000 18.00000 10.00000 8.00000 10.00000 6.00000 4.00000 19.00000 31.00000 15.00000 15.00000 22.00000 4.00000 6.00000 17.00000 12.00000 39.00000 18.00000 16.00000 3.00000 16.00000 21.00000 11.00000 13.00000 13.00000 17.00000 8.00000 5.00000 15.00000 32.00000 15.00000 32.00000 11.00000
18.00000 1.00000 7.00000 38.00000 13.00000 0.00000 6.00000 4.00000 18.00000 12.00000 10.00000 45.00000 7.00000 13.00000 7.00000 9.00000 8.00000 5.00000 38.00000 17.00000 14.00000 40.00000 9.00000 6.00000 8.00000 10.00000 6.00000 11.00000 4.00000 9.00000 10.00000 5.00000 14.00000 14.00000 15.00000 45.00000 13.00000 9.00000 20.00000 3.00000 14.00000 40.00000 39.00000 38.00000 3.00000 8.00000 6.00000 16.00000 6.00000 12.00000 14.00000 8.00000 38.00000 6.00000 3.00000 11.00000 13.00000 15.00000 12.00000 2.00000 46.00000 6.00000 12.00000 12.00000 5.00000 9.00000 18.00000 2.00000 9.00000 5.00000 16.00000 15.00000 7.00000 39.00000 3.00000 39.00000 18.00000
15.00000 7.00000 8.00000 34.00000 9.00000 6.00000 0.00000 10.00000 14.00000 17.00000 10.00000 41.00000 9.00000 10.00000 9.00000 7.00000 10.00000 10.00000 34.00000 14.00000 11.00000 37.00000 10.00000 11.00000 10.00000 9.00000 9.00000 8.00000 9.00000 5.00000 5.00000 11.00000 11.00000 11.00000 12.00000 41.00000 10.00000 5.00000 17.00000 9.00000 11.00000 35.00000 35.00000 36.00000 9.00000 13.00000 1.00000 12.00000 3.00000 10.00000 11.00000 14.00000 34.00000 8.00000 9.00000 17.00000 10.00000 12.00000 13.00000 6.00000 42.00000 12.00000 12.00000 9.00000 11.00000 15.00000 15.00000 7.00000 9.00000 11.00000 13.00000 12.00000 10.00000 35.00000 9.00000 35.00000 15.00000
20.00000 3.00000 7.00000 40.00000 14.00000 4.00000 8.00000 0.00000 20.00000 11.00000 10.00000 46.00000 7.00000 15.00000 7.00000 11.00000 9.00000 3.00000 40.00000 19.00000 16.00000 40.00000 9.00000 5.00000 9.00000 10.00000 6.00000 12.00000 4.00000 11.00000 12.00000 3.00000 16.00000 15.00000 17.00000 47.00000 15.00000 11.00000 22.00000 2.00000 16.00000 40.00000 41.00000 38.00000 4.00000 6.00000 8.00000 17.00000 8.00000 14.00000 15.00000 6.00000 40.00000 6.00000 3.00000 10.00000 15.00000 17.00000 12.00000 4.00000 48.00000 5.00000 12.00000 14.00000 3.00000 9.00000 20.00000 3.00000 9.00000 5.00000 17.00000 16.00000 7.00000 41.00000 3.00000 41.00000 20.00000
7.00000 17.00000 15.00000 25.00000 11.00000 16.00000 15.00000 19.00000 0.00000 27.00000 12.00000 31.00000 16.00000 13.00000 16.00000 13.00000 16.00000 20.00000 24.00000 7.00000 12.00000 27.00000 17.00000 20.00000 16.00000 14.00000 18.00000 9.00000 19.00000 12.00000 10.00000 21.00000 10.00000 7.00000 9.00000 32.00000 11.00000 11.00000 8.00000 19.00000 11.00000 26.00000 25.00000 30.00000 19.00000 23.00000 14.00000 6.00000 13.00000 14.00000 12.00000 23.00000 24.00000 17.00000 19.00000 27.00000 12.00000 11.00000 19.00000 16.00000 33.00000 22.00000 16.00000 11.00000 20.00000 24.00000 7.00000 17.00000 14.00000 20.00000 8.00000 10.00000 17.00000 25.00000 19.00000 25.00000 7.00000
28.00000 12.00000 16.00000 45.00000 23.00000 12.00000 16.00000 10.00000 29.00000 0.00000 17.00000 55.00000 14.00000 23.00000 14.00000 19.00000 17.00000 11.00000 46.00000 27.00000 25.00000 44.00000 13.00000 10.00000 16.00000 19.00000 13.00000 21.00000 12.00000 19.00000 21.00000 11.00000 24.00000 24.00000 25.00000 55.00000 24.00000 19.00000 30.00000 10.00000 24.00000 44.00000 46.00000 42.00000 12.00000 8.00000 17.00000 26.00000 16.00000 23.00000 24.00000 8.00000 46.00000 14.00000 12.00000 8.00000 23.00000 26.00000 13.00000 12.00000 56.00000 9.00000 16.00000 22.00000 10.00000 8.00000 28.00000 11.00000 16.00000 9.00000 26.00000 25.00000 13.00000 46.00000 11.00000 46.00000 28.00000
15.00000 12.00000 6.00000 31.00000 13.00000 11.00000 10.00000 10.00000 14.00000 16.00000 0.00000 40.00000 5.00000 14.00000 5.00000 13.00000 5.00000 12.00000 32.00000 15.00000 15.00000 30.00000 6.00000 10.00000 5.00000 2.00000 7.00000 11.00000 13.00000 8.00000 8.00000 12.00000 14.00000 14.00000 15.00000 40.00000 14.00000 8.00000 17.00000 11.00000 14.00000 31.00000 32.00000 28.00000 13.00000 12.00000 9.00000 13.00000 9.00000 15.00000 14.00000 12.00000 32.00000 6.00000 10.00000 16.00000 13.00000 16.00000 8.00000 11.00000 41.00000 11.00000 5.00000 12.00000 11.00000 13.00000 15.00000 11.00000 2.00000 10.00000 16.00000 15.00000 6.00000 33.00000 13.00000 32.00000 15.00000
31.00000 43.00000 42.00000 18.00000 38.00000 42.00000 41.00000 46.00000 31.00000 54.00000 39.00000 0.00000 42.00000 39.00000 42.00000 40.00000 43.00000 47.00000 18.00000 32.00000 37.00000 15.00000 44.00000 47.00000 42.00000 40.00000 45.00000 36.00000 45.00000 38.00000 37.00000 47.00000 36.00000 34.00000 34.00000 1.00000 37.00000 37.00000 29.00000 45.00000 37.00000 16.00000 13.00000 20.00000 45.00000 49.00000 40.00000 32.00000 40.00000 41.00000 37.00000 50.00000 17.00000 43.00000 45.00000 53.00000 38.00000 35.00000 46.00000 42.00000 4.00000 48.00000 42.00000 37.00000 47.00000 50.00000 31.00000 44.00000 40.00000 47.00000 34.00000 37.00000 43.00000 17.00000 45.00000 15.00000 31.00000
20.00000 8.00000 5.00000 35.00000 16.00000 8.00000 7.00000 7.00000 18.00000 13.00000 5.00000 44.00000 0.00000 16.00000 1.00000 13.00000 3.00000 8.00000 36.00000 19.00000 17.00000 34.00000 2.00000 6.00000 3.00000 6.00000 4.00000 14.00000 10.00000 8.00000 11.00000 8.00000 17.00000 17.00000 18.00000 44.00000 16.00000 9.00000 21.00000 7.00000 17.00000 35.00000 36.00000 32.00000 9.00000 8.00000 8.00000 18.00000 7.00000 16.00000 17.00000 9.00000 36.00000 2.00000 7.00000 12.00000 16.00000 19.00000 6.00000 8.00000 46.00000 7.00000 7.00000 15.00000 7.00000 9.00000 20.00000 7.00000 4.00000 6.00000 19.00000 18.00000 2.00000 37.00000 9.00000 36.00000 20.00000
11.00000 12.00000 13.00000 31.00000 3.00000 11.00000 9.00000 14.00000 11.00000 22.00000 14.00000 38.00000 14.00000 0.00000 14.00000 4.00000 14.00000 13.00000 31.00000 10.00000 7.00000 34.00000 15.00000 16.00000 14.00000 13.00000 14.00000 5.00000 12.00000 9.00000 6.00000 14.00000 7.00000 7.00000 8.00000 38.00000 6.00000 9.00000 13.00000 14.00000 6.00000 32.00000 32.00000 37.00000 12.00000 16.00000 9.00000 9.00000 9.00000 4.00000 5.00000 16.00000 31.00000 14.00000 14.00000 20.00000 6.00000 7.00000 17.00000 11.00000 39.00000 17.00000 16.00000 4.00000 15.00000 19.00000 11.00000 12.00000 13.00000 15.00000 9.00000 7.00000 15.00000 32.00000 13.00000 32.00000 11.00000
20.00000 8.00000 5.00000 36.00000 16.00000 8.00000 7.00000 7.00000 18.00000 12.00000 5.00000 44.00000 2.00000 16.00000 0.00000 13.00000 3.00000 8.00000 36.00000 19.00000 17.00000 34.00000 3.00000 6.00000 3.00000 6.00000 3.00000 14.00000 10.00000 8.00000 11.00000 8.00000 17.00000 17.00000 18.00000 44.00000 17.00000 9.00000 21.00000 7.00000 17.00000 35.00000 36.00000 32.00000 9.00000 8.00000 8.00000 18.00000 7.00000 16.00000 17.00000 9.00000 36.00000 2.00000 7.00000 12.00000 16.00000 19.00000 7.00000 8.00000 46.00000 7.00000 7.00000 15.00000 7.00000 9.00000 20.00000 7.00000 4.00000 6.00000 19.00000 18.00000 2.00000 37.00000 9.00000 37.00000 20.00000
13.00000 10.00000 12.00000 33.00000 5.00000 9.00000 7.00000 12.00000 13.00000 20.00000 12.00000 40.00000 12.00000 5.00000 13.00000 0.00000 13.00000 12.00000 33.00000 12.00000 8.00000 36.00000 14.00000 14.00000 13.00000 12.00000 12.00000 5.00000 11.00000 8.00000 5.00000 13.00000 9.00000 8.00000 10.00000 40.00000 7.00000 8.00000 15.00000 12.00000 8.00000 34.00000 34.00000 37.00000 11.00000 15.00000 7.00000 10.00000 7.00000 5.00000 7.00000 16.00000 33.00000 12.00000 12.00000 19.00000 7.00000 9.00000 16.00000 9.00000 41.00000 15.00000 15.00000 6.00000 13.00000 17.00000 13.00000 10.00000 12.00000 13.00000 10.00000 9.00000 13.00000 34.00000 11.00000 34.00000 13.00000
19.00000 10.00000 4.00000 36.00000 15.00000 10.00000 8.00000 9.00000 17.00000 15.00000 5.00000 44.00000 3.00000 16.00000 4.00000 12.00000 0.00000 10.00000 37.00000 19.00000 17.00000 35.00000 5.00000 8.00000 4.00000 6.00000 6.00000 13.00000 12.00000 8.00000 11.00000 10.00000 17.00000 16.00000 18.00000 44.00000 16.00000 8.00000 21.00000 9.00000 17.00000 36.00000 37.00000 33.00000 11.00000 10.00000 8.00000 17.00000 7.00000 15.00000 16.00000 11.00000 37.00000 4.00000 9.00000 15.00000 16.00000 18.00000 8.00000 10.00000 45.00000 9.00000 7.00000 15.00000 9.00000 12.00000 19.00000 9.00000 4.00000 8.00000 18.00000 17.00000 5.00000 37.00000 11.00000 37.00000 19.00000
22.00000 5.00000 8.00000 42.00000 16.00000 6.00000 9.00000 3.00000 22.00000 10.00000 12.00000 48.00000 8.00000 16.00000 9.00000 12.00000 10.00000 0.00000 41.00000 21.00000 18.00000 41.00000 10.00000 6.00000 10.00000 12.00000 7.00000 14.00000 5.00000 12.00000 14.00000 2.00000 18.00000 17.00000 18.00000 48.00000 17.00000 13.00000 24.00000 3.00000 17.00000 42.00000 42.00000 39.00000 4.00000 5.00000 10.00000 19.00000 10.00000 16.00000 17.00000 5.00000 41.00000 8.00000 4.00000 9.00000 16.00000 19.00000 13.00000 5.00000 50.00000 6.00000 13.00000 15.00000 3.00000 9.00000 22.00000 4.00000 11.00000 5.00000 19.00000 18.00000 8.00000 42.00000 3.00000 43.00000 22.00000
24.00000 35.00000 34.00000 2.00000 30.00000 35.00000 33.00000 38.00000 23.00000 46.00000 31.00000 18.00000 34.00000 31.00000 35.00000 32.00000 35.00000 39.00000 0.00000 24.00000 30.00000 5.00000 36.00000 39.00000 35.00000 32.00000 37.00000 28.00000 37.00000 30.00000 29.00000 39.00000 28.00000 26.00000 27.00000 18.00000 30.00000 30.00000 22.00000 37.00000 30.00000 4.00000 5.00000 8.00000 38.00000 42.00000 32.00000 25.00000 32.00000 33.00000 30.00000 42.00000 1.00000 35.00000 37.00000 46.00000 30.00000 28.00000 37.00000 35.00000 18.00000 40.00000 31.00000 30.00000 39.00000 41.00000 24.00000 36.00000 32.00000 39.00000 26.00000 29.00000 36.00000 2.00000 37.00000 3.00000 24.00000
2.00000 18.00000 18.00000 26.00000 9.00000 17.00000 15.00000 21.00000 8.00000 28.00000 16.00000 33.00000 19.00000 11.00000 19.00000 13.00000 20.00000 21.00000 26.00000 0.00000 7.00000 29.00000 21.00000 22.00000 19.00000 17.00000 20.00000 8.00000 19.00000 15.00000 10.00000 22.00000 5.00000 5.00000 4.00000 33.00000 7.00000 14.00000 4.00000 20.00000 7.00000 28.00000 27.00000 33.00000 20.00000 24.00000 14.00000 4.00000 15.00000 13.00000 9.00000 24.00000 26.00000 20.00000 20.00000 28.00000 8.00000 5.00000 22.00000 17.00000 34.00000 23.00000 19.00000 9.00000 22.00000 26.00000 2.00000 18.00000 17.00000 22.00000 2.00000 6.00000 20.00000 27.00000 20.00000 27.00000 2.00000
9.00000 15.00000 16.00000 31.00000 4.00000 14.00000 12.00000 18.00000 11.00000 25.00000 14.00000 38.00000 17.00000 6.00000 17.00000 9.00000 17.00000 18.00000 31.00000 8.00000 0.00000 34.00000 18.00000 19.00000 17.00000 16.00000 18.00000 5.00000 16.00000 12.00000 7.00000 19.00000 3.00000 5.00000 5.00000 38.00000 2.00000 12.00000 10.00000 17.00000 2.00000 32.00000 32.00000 37.00000 17.00000 21.00000 11.00000 7.00000 13.00000 8.00000 4.00000 21.00000 31.00000 17.00000 17.00000 25.00000 3.00000 4.00000 20.00000 14.00000 39.00000 20.00000 17.00000 3.00000 19.00000 23.00000 9.00000 16.00000 16.00000 19.00000 6.00000 2.00000 18.00000 32.00000 17.00000 32.00000 9.00000
27.00000 39.00000 34.00000 5.00000 34.00000 38.00000 36.00000 39.00000 27.00000 43.00000 29.00000 16.00000 34.00000 35.00000 34.00000 36.00000 34.00000 41.00000 5.00000 28.00000 33.00000 0.00000 33.00000 38.00000 33.00000 31.00000 36.00000 31.00000 41.00000 34.00000 33.00000 41.00000 32.00000 29.00000 30.00000 16.00000 33.00000 33.00000 25.00000 40.00000 33.00000 2.00000 4.00000 5.00000 41.00000 41.00000 36.00000 28.00000 35.00000 36.00000 34.00000 41.00000 5.00000 35.00000 39.00000 45.00000 34.00000 31.00000 34.00000 38.00000 16.00000 39.00000 29.00000 33.00000 40.00000 39.00000 27.00000 39.00000 31.00000 38.00000 29.00000 33.00000 35.00000 4.00000 41.00000 4.00000 27.00000
21.00000 10.00000 6.00000 35.00000 17.00000 10.00000 8.00000 8.00000 20.00000 13.00000 7.00000 46.00000 2.00000 18.00000 3.00000 15.00000 5.00000 10.00000 36.00000 21.00000 19.00000 34.00000 0.00000 6.00000 5.00000 8.00000 5.00000 15.00000 11.00000 10.00000 13.00000 10.00000 19.00000 18.00000 20.00000 46.00000 18.00000 11.00000 23.00000 9.00000 19.00000 34.00000 36.00000 32.00000 11.00000 10.00000 9.00000 19.00000 8.00000 18.00000 18.00000 10.00000 36.00000 4.00000 8.00000 13.00000 18.00000 20.00000 5.00000 10.00000 47.00000 8.00000 6.00000 17.00000 8.00000 9.00000 21.00000 9.00000 6.00000 7.00000 20.00000 19.00000 3.00000 36.00000 10.00000 36.00000 21.00000
23.00000 7.00000 8.00000 39.00000 19.00000 8.00000 10.00000 6.00000 22.00000 8.00000 9.00000 48.00000 5.00000 19.00000 5.00000 15.00000 7.00000 7.00000 40.00000 23.00000 20.00000 38.00000 6.00000 0.00000 7.00000 10.00000 4.00000 17.00000 9.00000 12.00000 14.00000 7.00000 20.00000 20.00000 21.00000 48.00000 20.00000 13.00000 25.00000 6.00000 20.00000 39.00000 40.00000 36.00000 8.00000 6.00000 11.00000 21.00000 10.00000 18.00000 20.00000 6.00000 40.00000 5.00000 6.00000 8.00000 19.00000 21.00000 9.00000 8.00000 50.00000 5.00000 11.00000 18.00000 6.00000 6.00000 23.00000 7.00000 8.00000 3.00000 22.00000 21.00000 4.00000 40.00000 8.00000 40.00000 23.00000
19.00000 10.00000 4.00000 36.00000 15.00000 10.00000 8.00000 9.00000 18.00000 14.00000 5.00000 44.00000 3.00000 16.00000 3.00000 12.00000 4.00000 10.00000 36.00000 19.00000 17.00000 34.00000 5.00000 8.00000 0.00000 6.00000 5.00000 13.00000 12.00000 8.00000 11.00000 10.00000 17.00000 16.00000 18.00000 44.00000 16.00000 8.00000 21.00000 9.00000 17.00000 35.00000 36.00000 33.00000 11.00000 10.00000 8.00000 17.00000 7.00000 16.00000 16.00000 11.00000 37.00000 4.00000 9.00000 14.00000 16.00000 18.00000 8.00000 10.00000 45.00000 9.00000 7.00000 15.00000 9.00000 12.00000 19.00000 9.00000 4.00000 8.00000 18.00000 17.00000 4.00000 37.00000 11.00000 37.00000 19.00000
16.00000 10.00000 4.00000 33.00000 14.00000 10.00000 8.00000 10.00000 14.00000 17.00000 2.00000 41.00000 6.00000 15.00000 6.00000 12.00000 6.00000 12.00000 34.00000 16.00000 15.00000 32.00000 7.00000 11.00000 6.00000 0.00000 8.00000 11.00000 12.00000 7.00000 9.00000 12.00000 15.00000 15.00000 16.00000 41.00000 15.00000 7.00000 18.00000 11.00000 15.00000 33.00000 34.00000 30.00000 13.00000 13.00000 8.00000 14.00000 7.00000 15.00000 15.00000 14.00000 34.00000 7.00000 10.00000 17.00000 14.00000 16.00000 9.00000 10.00000 42.00000 12.00000 7.00000 13.00000 12.00000 14.00000 16.00000 11.00000 3.00000 11.00000 17.00000 16.00000 7.00000 34.00000 12.00000 34.00000 16.00000
21.00000 7.00000 6.00000 38.00000 16.00000 7.00000 7.00000 5.00000 19.00000 11.00000 7.00000 46.00000 4.00000 17.00000 3.00000 13.00000 6.00000 7.00000 38.00000 20.00000 18.00000 37.00000 5.00000 5.00000 5.00000 8.00000 0.00000 14.00000 8.00000 9.00000 11.00000 7.00000 18.00000 17.00000 18.00000 46.00000 17.00000 10.00000 23.00000 6.00000 17.00000 37.00000 38.00000 35.00000 8.00000 7.00000 8.00000 19.00000 7.00000 16.00000 17.00000 8.00000 39.00000 2.00000 5.00000 11.00000 16.00000 19.00000 8.00000 8.00000 47.00000 6.00000 9.00000 15.00000 6.00000 9.00000 21.00000 6.00000 6.00000 5.00000 19.00000 18.00000 3.00000 39.00000 8.00000 39.00000 21.00000
10.00000 12.00000 13.00000 30.00000 5.00000 11.00000 8.00000 14.00000 10.00000 22.00000 11.00000 36.00000 13.00000 6.00000 14.00000 6.00000 14.00000 15.00000 29.00000 9.00000 6.00000 32.00000 15.00000 16.00000 13.00000 12.00000 14.00000 0.00000 13.00000 9.00000 4.00000 15.00000 6.00000 5.00000 6.00000 37.00000 5.00000 8.00000 12.00000 14.00000 6.00000 31.00000 31.00000 36.00000 13.00000 18.00000 8.00000 7.00000 9.00000 7.00000 6.00000 18.00000 29.00000 13.00000 14.00000 22.00000 5.00000 7.00000 17.00000 11.00000 38.00000 17.00000 14.00000 4.00000 15.00000 19.00000 10.00000 12.00000 12.00000 15.00000 7.00000 6.00000 14.00000 30.00000 13.00000 31.00000 10.00000
20.00000 5.00000 9.00000 41.00000 14.00000 5.00000 8.00000 5.00000 20.00000 12.00000 12.00000 47.00000 9.00000 13.00000 10.00000 10.00000 11.00000 3.00000 40.00000 19.00000 16.00000 42.00000 11.00000 8.00000 11.00000 12.00000 8.00000 13.00000 0.00000 12.00000 12.00000 4.00000 16.00000 16.00000 17.00000 47.00000 15.00000 12.00000 22.00000 4.00000 16.00000 42.00000 41.00000 40.00000 2.00000 6.00000 9.00000 18.00000 8.00000 13.00000 15.00000 6.00000 40.00000 9.00000 5.00000 10.00000 15.00000 17.00000 14.00000 5.00000 49.00000 7.00000 14.00000 14.00000 5.00000 11.00000 20.00000 4.00000 11.00000 7.00000 18.00000 16.00000 9.00000 41.00000 3.00000 41.00000 20.00000
14.00000 9.00000 6.00000 33.00000 11.00000 8.00000 5.00000 11.00000 13.00000 18.00000 7.00000 39.00000 7.00000 12.00000 7.00000 8.00000 7.00000 12.00000 32.00000 14.00000 13.00000 35.00000 8.00000 12.00000 7.00000 6.00000 9.00000 9.00000 11.00000 0.00000 7.00000 13.00000 13.00000 12.00000 13.00000 39.00000 12.00000 1.00000 16.00000 11.00000 12.00000 34.00000 33.00000 33.00000 11.00000 14.00000 4.00000 13.00000 6.00000 11.00000 12.00000 14.00000 32.00000 8.00000 11.00000 18.00000 12.00000 14.00000 10.00000 8.00000 41.00000 13.00000 9.00000 11.00000 12.00000 15.00000 14.00000 10.00000 6.00000 11.00000 14.00000 13.00000 8.00000 33.00000 11.00000 33.00000 14.00000
11.00000 11.00000 11.00000 30.00000 6.00000 10.00000 6.00000 14.00000 10.00000 21.00000 9.00000 37.00000 11.00000 7.00000 12.00000 6.00000 12.00000 15.00000 30.00000 10.00000 8.00000 33.00000 13.00000 16.00000 12.00000 10.00000 12.00000 3.00000 13.00000 7.00000 0.00000 15.00000 7.00000 7.00000 8.00000 37.00000 7.00000 7.00000 13.00000 13.00000 7.00000 31.00000 31.00000 33.00000 13.00000 18.00000 6.00000 8.00000 8.00000 9.00000 7.00000 18.00000 30.00000 11.00000 13.00000 21.00000 6.00000 8.00000 15.00000 10.00000 38.00000 16.00000 12.00000 6.00000 15.00000 19.00000 11.00000 12.00000 10.00000 15.00000 9.00000 8.00000 13.00000 31.00000 13.00000 31.00000 11.00000
22.00000 5.00000 9.00000 42.00000 16.00000 6.00000 10.00000 3.00000 22.00000 10.00000 12.00000 49.00000 9.00000 16.00000 9.00000 13.00000 11.00000 2.00000 42.00000 21.00000 18.00000 42.00000 10.00000 6.00000 11.00000 12.00000 8.00000 14.00000 5.00000 13.00000 14.00000 0.00000 18.00000 18.00000 19.00000 49.00000 17.00000 13.00000 24.00000 4.00000 18.00000 43.00000 43.00000 40.00000 5.00000 4.00000 10.00000 19.00000 10.00000 16.00000 18.00000 5.00000 42.00000 9.00000 5.00000 8.00000 17.00000 19.00000 13.00000 6.00000 50.00000 5.00000 14.00000 16.00000 3.00000 9.00000 22.00000 5.00000 11.00000 5.00000 20.00000 18.00000 8.00000 43.00000 4.00000 43.00000 22.00000
6.00000 15.00000 16.00000 30.00000 6.00000 14.00000 12.00000 18.00000 10.00000 25.00000 14.00000 36.00000 17.00000 8.00000 17.00000 10.00000 17.00000 18.00000 29.00000 5.00000 3.00000 32.00000 18.00000 19.00000 17.00000 16.00000 18.00000 5.00000 16.00000 12.00000 7.00000 19.00000 0.00000 3.00000 3.00000 36.00000 3.00000 12.00000 8.00000 17.00000 3.00000 31.00000 30.00000 36.00000 17.00000 21.00000 11.00000 5.00000 13.00000 10.00000 6.00000 21.00000 29.00000 17.00000 17.00000 25.00000 4.00000 2.00000 20.00000 14.00000 38.00000 20.00000 17.00000 5.00000 19.00000 23.00000 6.00000 16.00000 16.00000 19.00000 3.00000 2.00000 18.00000 30.00000 17.00000 30.00000 6.00000
6.00000 14.00000 15.00000 28.00000 6.00000 14.00000 11.00000 17.00000 8.00000 25.00000 14.00000 34.00000 16.00000 8.00000 16.00000 9.00000 17.00000 18.00000 27.00000 5.00000 6.00000 30.00000 18.00000 19.00000 16.00000 15.00000 17.00000 4.00000 16.00000 11.00000 7.00000 18.00000 4.00000 0.00000 5.00000 34.00000 5.00000 11.00000 8.00000 16.00000 5.00000 29.00000 29.00000 34.00000 16.00000 21.00000 11.00000 3.00000 12.00000 9.00000 7.00000 21.00000 27.00000 16.00000 16.00000 24.00000 6.00000 5.00000 20.00000 14.00000 36.00000 20.00000 16.00000 5.00000 18.00000 22.00000 6.00000 15.00000 15.00000 18.00000 6.00000 4.00000 17.00000 28.00000 16.00000 29.00000 6.00000
5.00000 16.00000 17.00000 29.00000 7.00000 15.00000 12.00000 18.00000 10.00000 26.00000 15.00000 35.00000 17.00000 9.00000 18.00000 10.00000 18.00000 19.00000 28.00000 4.00000 5.00000 31.00000 19.00000 20.00000 17.00000 16.00000 18.00000 6.00000 17.00000 13.00000 8.00000 19.00000 3.00000 3.00000 0.00000 35.00000 5.00000 12.00000 7.00000 18.00000 5.00000 30.00000 29.00000 35.00000 17.00000 22.00000 12.00000 6.00000 13.00000 11.00000 7.00000 22.00000 28.00000 17.00000 18.00000 26.00000 6.00000 3.00000 21.00000 15.00000 37.00000 21.00000 18.00000 6.00000 19.00000 23.00000 5.00000 16.00000 16.00000 19.00000 2.00000 4.00000 19.00000 29.00000 17.00000 30.00000 5.00000
32.00000 44.00000 42.00000 18.00000 38.00000 43.00000 41.00000 46.00000 31.00000 54.00000 39.00000 1.00000 42.00000 40.00000 43.00000 41.00000 43.00000 47.00000 18.00000 32.00000 37.00000 16.00000 44.00000 47.00000 43.00000 40.00000 45.00000 36.00000 45.00000 38.00000 38.00000 48.00000 36.00000 34.00000 35.00000 0.00000 38.00000 38.00000 29.00000 46.00000 38.00000 16.00000 14.00000 21.00000 46.00000 50.00000 40.00000 33.00000 40.00000 41.00000 37.00000 50.00000 18.00000 43.00000 46.00000 54.00000 39.00000 35.00000 46.00000 43.00000 4.00000 48.00000 42.00000 38.00000 47.00000 51.00000 32.00000 44.00000 40.00000 47.00000 34.00000 37.00000 44.00000 17.00000 45.00000 15.00000 32.00000
7.00000 15.00000 16.00000 30.00000 5.00000 14.00000 12.00000 18.00000 10.00000 25.00000 14.00000 36.00000 17.00000 7.00000 17.00000 9.00000 17.00000 18.00000 29.00000 6.00000 2.00000 32.00000 18.00000 19.00000 17.00000 16.00000 18.00000 5.00000 16.00000 12.00000 7.00000 19.00000 2.00000 3.00000 4.00000 37.00000 0.00000 12.00000 9.00000 17.00000 2.00000 31.00000 31.00000 36.00000 17.00000 21.00000 11.00000 6.00000 13.00000 10.00000 5.00000 21.00000 30.00000 17.00000 17.00000 25.00000 3.00000 3.00000 20.00000 14.00000 38.00000 20.00000 17.00000 4.00000 19.00000 23.00000 7.00000 16.00000 16.00000 19.00000 5.00000 2.00000 18.00000 30.00000 17.00000 31.00000 7.00000
15.00000 8.00000 6.00000 33.00000 10.00000 7.00000 4.00000 11.00000 13.00000 18.00000 7.00000 39.00000 6.00000 11.00000 7.00000 7.00000 7.00000 12.00000 32.00000 15.00000 12.00000 34.00000 8.00000 11.00000 7.00000 6.00000 9.00000 8.00000 10.00000 2.00000 6.00000 12.00000 12.00000 11.00000 13.00000 39.00000 11.00000 0.00000 16.00000 10.00000 12.00000 34.00000 34.00000 32.00000 10.00000 14.00000 3.00000 13.00000 5.00000 11.00000 11.00000 14.00000 33.00000 7.00000 10.00000 18.00000 11.00000 13.00000 10.00000 7.00000 41.00000 12.00000 9.00000 10.00000 12.00000 15.00000 15.00000 9.00000 6.00000 11.00000 13.00000 12.00000 8.00000 33.00000 10.00000 34.00000 15.00000
4.00000 21.00000 20.00000 24.00000 11.00000 21.00000 18.00000 24.00000 9.00000 32.00000 17.00000 30.00000 20.00000 12.00000 21.00000 15.00000 21.00000 24.00000 23.00000 4.00000 9.00000 26.00000 22.00000 25.00000 21.00000 19.00000 23.00000 11.00000 23.00000 16.00000 14.00000 25.00000 8.00000 8.00000 7.00000 30.00000 10.00000 16.00000 0.00000 23.00000 10.00000 25.00000 24.00000 30.00000 23.00000 27.00000 18.00000 7.00000 18.00000 13.00000 9.00000 27.00000 23.00000 22.00000 23.00000 31.00000 11.00000 7.00000 24.00000 21.00000 32.00000 26.00000 20.00000 10.00000 25.00000 29.00000 4.00000 22.00000 18.00000 25.00000 6.00000 9.00000 22.00000 24.00000 23.00000 24.00000 4.00000
19.00000 3.00000 6.00000 40.00000 14.00000 3.00000 7.00000 1.00000 20.00000 10.00000 9.00000 46.00000 6.00000 14.00000 6.00000 10.00000 8.00000 3.00000 39.00000 18.00000 16.00000 39.00000 8.00000 5.00000 8.00000 9.00000 5.00000 12.00000 4.00000 10.00000 12.00000 4.00000 15.00000 15.00000 16.00000 46.00000 15.00000 10.00000 21.00000 0.00000 15.00000 40.00000 40.00000 37.00000 3.00000 7.00000 8.00000 17.00000 7.00000 14.00000 15.00000 7.00000 39.00000 6.00000 2.00000 10.00000 14.00000 17.00000 11.00000 3.00000 47.00000 5.00000 11.00000 13.00000 3.00000 8.00000 19.00000 2.00000 8.00000 4.00000 17.00000 16.00000 6.00000 40.00000 3.00000 40.00000 19.00000
8.00000 14.00000 15.00000 30.00000 4.00000 13.00000 11.00000 16.00000 10.00000 24.00000 13.00000 36.00000 15.00000 6.00000 16.00000 8.00000 16.00000 17.00000 29.00000 7.00000 3.00000 32.00000 17.00000 18.00000 16.00000 15.00000 16.00000 4.00000 15.00000 11.00000 6.00000 17.00000 3.00000 3.00000 5.00000 36.00000 3.00000 11.00000 10.00000 16.00000 0.00000 31.00000 31.00000 36.00000 16.00000 20.00000 10.00000 5.00000 11.00000 8.00000 5.00000 20.00000 29.00000 15.00000 16.00000 24.00000 4.00000 4.00000 19.00000 13.00000 38.00000 19.00000 16.00000 4.00000 17.00000 21.00000 8.00000 14.00000 15.00000 17.00000 5.00000 3.00000 17.00000 30.00000 16.00000 31.00000 8.00000
26.00000 37.00000 36.00000 3.00000 32.00000 37.00000 35.00000 40.00000 25.00000 45.00000 31.00000 16.00000 35.00000 33.00000 36.00000 34.00000 36.00000 41.00000 3.00000 26.00000 32.00000 2.00000 35.00000 40.00000 34.00000 33.00000 38.00000 30.00000 39.00000 32.00000 31.00000 41.00000 30.00000 28.00000 29.00000 16.00000 32.00000 32.00000 24.00000 39.00000 32.00000 0.00000 3.00000 7.00000 40.00000 42.00000 34.00000 26.00000 34.00000 35.00000 32.00000 43.00000 3.00000 36.00000 39.00000 46.00000 32.00000 30.00000 36.00000 37.00000 16.00000 41.00000 30.00000 32.00000 41.00000 40.00000 26.00000 38.00000 32.00000 40.00000 28.00000 31.00000 36.00000 2.00000 39.00000 3.00000 26.00000
25.00000 36.00000 35.00000 6.00000 31.00000 35.00000 34.00000 39.00000 24.00000 47.00000 32.00000 13.00000 35.00000 32.00000 35.00000 33.00000 36.00000 40.00000 6.00000 25.00000 31.00000 4.00000 37.00000 40.00000 35.00000 33.00000 38.00000 29.00000 38.00000 31.00000 30.00000 40.00000 29.00000 27.00000 27.00000 13.00000 30.00000 30.00000 22.00000 38.00000 30.00000 5.00000 0.00000 9.00000 38.00000 42.00000 33.00000 25.00000 33.00000 34.00000 31.00000 43.00000 6.00000 36.00000 38.00000 46.00000 31.00000 29.00000 38.00000 35.00000 13.00000 41.00000 33.00000 31.00000 40.00000 43.00000 25.00000 37.00000 33.00000 40.00000 27.00000 30.00000 36.00000 6.00000 38.00000 4.00000 25.00000
31.00000 37.00000 32.00000 7.00000 36.00000 36.00000 35.00000 37.00000 29.00000 41.00000 28.00000 20.00000 32.00000 37.00000 32.00000 37.00000 32.00000 39.00000 8.00000 32.00000 37.00000 6.00000 31.00000 36.00000 31.00000 29.00000 34.00000 34.00000 39.00000 33.00000 33.00000 39.00000 35.00000 33.00000 34.00000 21.00000 37.00000 32.00000 29.00000 38.00000 37.00000 7.00000 8.00000 0.00000 39.00000 39.00000 34.00000 32.00000 33.00000 39.00000 37.00000 39.00000 8.00000 33.00000 37.00000 43.00000 36.00000 35.00000 32.00000 36.00000 21.00000 38.00000 27.00000 36.00000 38.00000 37.00000 31.00000 37.00000 29.00000 36.00000 33.00000 36.00000 33.00000 8.00000 39.00000 8.00000 31.00000
21.00000 4.00000 8.00000 41.00000 15.00000 5.00000 9.00000 3.00000 21.00000 10.00000 11.00000 47.00000 8.00000 15.00000 8.00000 12.00000 9.00000 2.00000 41.00000 20.00000 17.00000 41.00000 9.00000 6.00000 9.00000 11.00000 7.00000 13.00000 3.00000 11.00000 13.00000 2.00000 17.00000 17.00000 18.00000 48.00000 16.00000 12.00000 23.00000 3.00000 17.00000 41.00000 42.00000 39.00000 0.00000 5.00000 9.00000 18.00000 9.00000 14.00000 17.00000 5.00000 41.00000 7.00000 4.00000 9.00000 16.00000 18.00000 13.00000 5.00000 49.00000 6.00000 13.00000 15.00000 4.00000 10.00000 21.00000 4.00000 10.00000 6.00000 18.00000 17.00000 8.00000 42.00000 2.00000 42.00000 21.00000
24.00000 7.00000 11.00000 43.00000 18.00000 8.00000 12.00000 5.00000 24.00000 8.00000 13.00000 50.00000 9.00000 19.00000 9.00000 15.00000 11.00000 6.00000 44.00000 23.00000 20.00000 42.00000 10.00000 5.00000 11.00000 14.00000 8.00000 16.00000 7.00000 15.00000 16.00000 5.00000 20.00000 19.00000 21.00000 51.00000 19.00000 15.00000 26.00000 6.00000 20.00000 43.00000 44.00000 40.00000 7.00000 0.00000 12.00000 21.00000 12.00000 18.00000 19.00000 2.00000 44.00000 9.00000 7.00000 7.00000 19.00000 21.00000 13.00000 8.00000 52.00000 2.00000 15.00000 18.00000 6.00000 8.00000 24.00000 7.00000 12.00000 4.00000 21.00000 20.00000 8.00000 44.00000 6.00000 44.00000 24.00000
15.00000 7.00000 7.00000 34.00000 9.00000 7.00000 2.00000 10.00000 14.00000 18.00000 9.00000 41.00000 8.00000 10.00000 8.00000 7.00000 9.00000 11.00000 33.00000 14.00000 11.00000 36.00000 9.00000 12.00000 9.00000 8.00000 8.00000 7.00000 9.00000 5.00000 5.00000 11.00000 11.00000 10.00000 12.00000 41.00000 10.00000 5.00000 17.00000 9.00000 10.00000 35.00000 35.00000 35.00000 9.00000 14.00000 0.00000 12.00000 4.00000 10.00000 10.00000 14.00000 34.00000 7.00000 9.00000 17.00000 10.00000 12.00000 12.00000 7.00000 42.00000 12.00000 11.00000 9.00000 11.00000 15.00000 15.00000 8.00000 8.00000 11.00000 12.00000 11.00000 9.00000 34.00000 9.00000 35.00000 15.00000
7.00000 16.00000 15.00000 25.00000 9.00000 16.00000 13.00000 19.00000 6.00000 27.00000 12.00000 31.00000 15.00000 10.00000 16.00000 11.00000 16.00000 19.00000 24.00000 6.00000 9.00000 27.00000 17.00000 20.00000 16.00000 13.00000 18.00000 6.00000 18.00000 11.00000 8.00000 20.00000 7.00000 5.00000 8.00000 31.00000 8.00000 11.00000 8.00000 18.00000 8.00000 26.00000 26.00000 31.00000 18.00000 22.00000 12.00000 0.00000 13.00000 11.00000 10.00000 23.00000 25.00000 16.00000 18.00000 26.00000 9.00000 9.00000 19.00000 15.00000 33.00000 21.00000 15.00000 8.00000 20.00000 23.00000 7.00000 17.00000 13.00000 20.00000 7.00000 8.00000 17.00000 25.00000 18.00000 26.00000 7.00000
17.00000 4.00000 6.00000 36.00000 12.00000 3.00000 3.00000 7.00000 16.00000 14.00000 10.00000 43.00000 7.00000 12.00000 7.00000 9.00000 8.00000 7.00000 36.00000 16.00000 13.00000 39.00000 9.00000 8.00000 8.00000 10.00000 6.00000 10.00000 6.00000 7.00000 7.00000 8.00000 13.00000 13.00000 14.00000 43.00000 13.00000 7.00000 19.00000 6.00000 13.00000 38.00000 37.00000 37.00000 6.00000 10.00000 4.00000 14.00000 0.00000 12.00000 13.00000 11.00000 36.00000 6.00000 6.00000 14.00000 12.00000 15.00000 12.00000 3.00000 44.00000 9.00000 12.00000 11.00000 8.00000 12.00000 17.00000 5.00000 9.00000 8.00000 15.00000 14.00000 8.00000 37.00000 6.00000 37.00000 17.00000
14.00000 13.00000 15.00000 34.00000 5.00000 12.00000 10.00000 15.00000 14.00000 22.00000 16.00000 40.00000 16.00000 4.00000 16.00000 5.00000 17.00000 13.00000 33.00000 12.00000 8.00000 36.00000 17.00000 17.00000 17.00000 15.00000 15.00000 7.00000 12.00000 12.00000 9.00000 14.00000 8.00000 9.00000 10.00000 41.00000 8.00000 12.00000 13.00000 14.00000 8.00000 35.00000 34.00000 39.00000 12.00000 16.00000 10.00000 11.00000 10.00000 0.00000 6.00000 17.00000 33.00000 15.00000 15.00000 20.00000 8.00000 8.00000 20.00000 12.00000 42.00000 17.00000 19.00000 6.00000 15.00000 20.00000 14.00000 13.00000 15.00000 16.00000 11.00000 9.00000 16.00000 34.00000 13.00000 35.00000 14.00000
10.00000 14.00000 15.00000 31.00000 4.00000 13.00000 11.00000 17.00000 11.00000 24.00000 13.00000 38.00000 16.00000 5.00000 16.00000 8.00000 16.00000 17.00000 30.00000 9.00000 3.00000 34.00000 17.00000 18.00000 16.00000 15.00000 17.00000 5.00000 15.00000 11.00000 6.00000 17.00000 5.00000 6.00000 7.00000 38.00000 3.00000 11.00000 11.00000 16.00000 3.00000 32.00000 32.00000 37.00000 15.00000 20.00000 10.00000 8.00000 12.00000 7.00000 0.00000 20.00000 31.00000 16.00000 16.00000 24.00000 3.00000 5.00000 19.00000 13.00000 39.00000 19.00000 17.00000 2.00000 18.00000 22.00000 10.00000 15.00000 15.00000 18.00000 8.00000 4.00000 17.00000 31.00000 16.00000 32.00000 10.00000
25.00000 8.00000 12.00000 44.00000 19.00000 9.00000 12.00000 6.00000 25.00000 8.00000 13.00000 51.00000 10.00000 19.00000 9.00000 15.00000 12.00000 6.00000 44.00000 24.00000 21.00000 43.00000 10.00000 5.00000 11.00000 14.00000 8.00000 17.00000 7.00000 16.00000 17.00000 5.00000 21.00000 20.00000 21.00000 51.00000 20.00000 16.00000 27.00000 6.00000 20.00000 43.00000 44.00000 41.00000 7.00000 2.00000 13.00000 22.00000 13.00000 19.00000 20.00000 0.00000 44.00000 9.00000 8.00000 6.00000 19.00000 22.00000 13.00000 8.00000 53.00000 3.00000 15.00000 18.00000 6.00000 8.00000 25.00000 7.00000 12.00000 4.00000 22.00000 21.00000 9.00000 45.00000 7.00000 45.00000 25.00000
24.00000 35.00000 34.00000 2.00000 30.00000 34.00000 33.00000 38.00000 23.00000 46.00000 31.00000 18.00000 34.00000 31.00000 34.00000 32.00000 35.00000 39.00000 1.00000 24.00000 30.00000 5.00000 36.00000 39.00000 34.00000 32.00000 37.00000 28.00000 37.00000 30.00000 29.00000 39.00000 28.00000 26.00000 26.00000 18.00000 29.00000 29.00000 21.00000 37.00000 29.00000 4.00000 5.00000 8.00000 37.00000 41.00000 32.00000 24.00000 32.00000 33.00000 30.00000 42.00000 0.00000 35.00000 37.00000 45.00000 30.00000 28.00000 37.00000 34.00000 18.00000 40.00000 32.00000 30.00000 39.00000 42.00000 24.00000 36.00000 32.00000 39.00000 26.00000 29.00000 35.00000 3.00000 37.00000 3.00000 24.00000
20.00000 8.00000 4.00000 36.00000 15.00000 7.00000 6.00000 6.00000 19.00000 12.00000 6.00000 45.00000 2.00000 16.00000 2.00000 12.00000 4.00000 8.00000 37.00000 20.00000 17.00000 35.00000 4.00000 6.00000 4.00000 7.00000 2.00000 13.00000 9.00000 9.00000 11.00000 8.00000 17.00000 16.00000 17.00000 45.00000 16.00000 10.00000 22.00000 7.00000 16.00000 36.00000 37.00000 33.00000 9.00000 8.00000 7.00000 18.00000 6.00000 16.00000 16.00000 9.00000 37.00000 0.00000 6.00000 12.00000 15.00000 18.00000 7.00000 7.00000 46.00000 7.00000 7.00000 14.00000 7.00000 10.00000 20.00000 7.00000 4.00000 6.00000 18.00000 17.00000 2.00000 37.00000 8.00000 37.00000 20.00000
22.00000 5.00000 8.00000 40.00000 17.00000 6.00000 9.00000 4.00000 22.00000 9.00000 10.00000 48.00000 7.00000 17.00000 6.00000 13.00000 8.00000 5.00000 41.00000 21.00000 19.00000 39.00000 7.00000 3.00000 8.00000 11.00000 5.00000 15.00000 7.00000 12.00000 14.00000 5.00000 18.00000 18.00000 19.00000 48.00000 18.00000 12.00000 24.00000 4.00000 18.00000 40.00000 41.00000 37.00000 6.00000 6.00000 10.00000 20.00000 9.00000 17.00000 18.00000 6.00000 41.00000 6.00000 0.00000 9.00000 17.00000 20.00000 10.00000 6.00000 49.00000 6.00000 12.00000 16.00000 5.00000 6.00000 22.00000 4.00000 9.00000 2.00000 20.00000 19.00000 5.00000 42.00000 6.00000 41.00000 22.00000
26.00000 9.00000 13.00000 46.00000 20.00000 10.00000 14.00000 8.00000 26.00000 12.00000 16.00000 52.00000 13.00000 20.00000 13.00000 17.00000 14.00000 7.00000 45.00000 25.00000 22.00000 45.00000 14.00000 10.00000 14.00000 16.00000 12.00000 18.00000 8.00000 16.00000 18.00000 7.00000 22.00000 21.00000 23.00000 53.00000 21.00000 17.00000 28.00000 7.00000 22.00000 46.00000 47.00000 43.00000 8.00000 7.00000 14.00000 23.00000 14.00000 19.00000 21.00000 7.00000 46.00000 12.00000 9.00000 0.00000 21.00000 23.00000 17.00000 9.00000 54.00000 8.00000 18.00000 20.00000 8.00000 12.00000 26.00000 9.00000 15.00000 9.00000 23.00000 22.00000 13.00000 46.00000 7.00000 47.00000 26.00000
8.00000 14.00000 15.00000 30.00000 4.00000 13.00000 11.00000 16.00000 10.00000 24.00000 13.00000 36.00000 15.00000 6.00000 16.00000 8.00000 16.00000 17.00000 29.00000 7.00000 3.00000 32.00000 17.00000 18.00000 16.00000 15.00000 16.00000 4.00000 15.00000 11.00000 6.00000 17.00000 3.00000 3.00000 5.00000 36.00000 2.00000 11.00000 10.00000 16.00000 2.00000 31.00000 30.00000 36.00000 16.00000 20.00000 10.00000 5.00000 11.00000 8.00000 5.00000 20.00000 29.00000 15.00000 16.00000 24.00000 0.00000 4.00000 19.00000 13.00000 38.00000 19.00000 16.00000 4.00000 17.00000 21.00000 8.00000 14.00000 14.00000 17.00000 5.00000 3.00000 17.00000 30.00000 16.00000 31.00000 8.00000
6.00000 16.00000 17.00000 30.00000 6.00000 15.00000 13.00000 19.00000 11.00000 26.00000 15.00000 36.00000 18.00000 7.00000 18.00000 10.00000 18.00000 19.00000 29.00000 5.00000 3.00000 32.00000 19.00000 21.00000 18.00000 17.00000 19.00000 6.00000 17.00000 13.00000 8.00000 19.00000 2.00000 4.00000 3.00000 36.00000 4.00000 13.00000 7.00000 18.00000 3.00000 31.00000 30.00000 36.00000 18.00000 22.00000 12.00000 6.00000 14.00000 9.00000 5.00000 22.00000 29.00000 18.00000 18.00000 26.00000 5.00000 0.00000 21.00000 15.00000 37.00000 21.00000 18.00000 4.00000 20.00000 24.00000 6.00000 17.00000 17.00000 20.00000 4.00000 2.00000 19.00000 30.00000 18.00000 30.00000 6.00000
22.00000 13.00000 8.00000 35.00000 18.00000 13.00000 12.00000 11.00000 20.00000 14.00000 8.00000 46.00000 6.00000 19.00000 7.00000 16.00000 7.00000 13.00000 36.00000 22.00000 20.00000 34.00000 6.00000 9.00000 6.00000 9.00000 8.00000 16.00000 14.00000 11.00000 14.00000 13.00000 20.00000 20.00000 21.00000 47.00000 19.00000 12.00000 23.00000 12.00000 20.00000 35.00000 36.00000 32.00000 14.00000 13.00000 11.00000 20.00000 11.00000 19.00000 20.00000 12.00000 36.00000 7.00000 12.00000 14.00000 19.00000 21.00000 0.00000 13.00000 48.00000 11.00000 6.00000 18.00000 11.00000 8.00000 22.00000 13.00000 7.00000 10.00000 22.00000 20.00000 6.00000 36.00000 13.00000 36.00000 22.00000
18.00000 2.00000 7.00000 38.00000 12.00000 1.00000 5.00000 5.00000 18.00000 12.00000 11.00000 44.00000 7.00000 12.00000 8.00000 8.00000 9.00000 5.00000 37.00000 16.00000 14.00000 40.00000 9.00000 6.00000 9.00000 11.00000 6.00000 10.00000 4.00000 9.00000 10.00000 6.00000 14.00000 13.00000 14.00000 44.00000 13.00000 9.00000 20.00000 4.00000 13.00000 39.00000 38.00000 38.00000 4.00000 8.00000 6.00000 15.00000 6.00000 12.00000 13.00000 9.00000 37.00000 7.00000 4.00000 12.00000 12.00000 15.00000 13.00000 0.00000 46.00000 7.00000 12.00000 11.00000 6.00000 10.00000 18.00000 2.00000 10.00000 6.00000 15.00000 14.00000 8.00000 38.00000 4.00000 38.00000 18.00000
33.00000 45.00000 43.00000 18.00000 40.00000 44.00000 43.00000 48.00000 33.00000 55.00000 40.00000 4.00000 44.00000 41.00000 44.00000 42.00000 45.00000 48.00000 18.00000 34.00000 38.00000 16.00000 45.00000 49.00000 44.00000 42.00000 46.00000 37.00000 47.00000 40.00000 39.00000 49.00000 37.00000 35.00000 36.00000 4.00000 39.00000 39.00000 30.00000 47.00000 39.00000 16.00000 14.00000 21.00000 47.00000 51.00000 42.00000 34.00000 41.00000 42.00000 38.00000 52.00000 18.00000 45.00000 47.00000 55.00000 40.00000 36.00000 47.00000 44.00000 0.00000 50.00000 43.00000 39.00000 49.00000 52.00000 33.00000 45.00000 42.00000 49.00000 35.00000 38.00000 45.00000 17.00000 47.00000 15.00000 33.00000
23.00000 6.00000 10.00000 42.00000 17.00000 7.00000 11.00000 4.00000 23.00000 9.00000 11.00000 49.00000 8.00000 17.00000 7.00000 14.00000 10.00000 6.00000 42.00000 22.00000 19.00000 41.00000 8.00000 3.00000 10.00000 12.00000 6.00000 15.00000 7.00000 14.00000 15.00000 6.00000 19.00000 18.00000 20.00000 50.00000 18.00000 14.00000 25.00000 5.00000 19.00000 41.00000 43.00000 39.00000 7.00000 2.00000 11.00000 20.00000 11.00000 17.00000 18.00000 2.00000 43.00000 7.00000 6.00000 7.00000 18.00000 20.00000 11.00000 6.00000 51.00000 0.00000 13.00000 17.00000 5.00000 6.00000 23.00000 6.00000 10.00000 2.00000 20.00000 19.00000 7.00000 43.00000 6.00000 43.00000 23.00000
17.00000 14.00000 8.00000 31.00000 15.00000 14.00000 12.00000 13.00000 16.00000 17.00000 5.00000 42.00000 7.00000 16.00000 7.00000 15.00000 8.00000 14.00000 31.00000 17.00000 17.00000 29.00000 7.00000 12.00000 6.00000 7.00000 10.00000 13.00000 16.00000 10.00000 10.00000 14.00000 16.00000 16.00000 17.00000 42.00000 16.00000 10.00000 19.00000 13.00000 16.00000 30.00000 31.00000 28.00000 15.00000 14.00000 12.00000 15.00000 11.00000 17.00000 16.00000 15.00000 31.00000 8.00000 13.00000 18.00000 15.00000 18.00000 8.00000 13.00000 43.00000 13.00000 0.00000 14.00000 13.00000 12.00000 17.00000 13.00000 6.00000 12.00000 18.00000 17.00000 8.00000 32.00000 15.00000 32.00000 17.00000
9.00000 13.00000 14.00000 30.00000 3.00000 12.00000 10.00000 16.00000 10.00000 23.00000 12.00000 37.00000 15.00000 5.00000 15.00000 7.00000 15.00000 16.00000 29.00000 8.00000 3.00000 33.00000 16.00000 17.00000 15.00000 14.00000 16.00000 4.00000 14.00000 10.00000 5.00000 17.00000 4.00000 5.00000 6.00000 37.00000 2.00000 10.00000 11.00000 15.00000 2.00000 31.00000 31.00000 36.00000 15.00000 19.00000 9.00000 7.00000 11.00000 8.00000 3.00000 19.00000 30.00000 15.00000 15.00000 23.00000 2.00000 5.00000 18.00000 12.00000 38.00000 18.00000 16.00000 0.00000 17.00000 21.00000 9.00000 14.00000 14.00000 17.00000 6.00000 3.00000 16.00000 30.00000 15.00000 31.00000 9.00000
21.00000 4.00000 8.00000 41.00000 15.00000 5.00000 9.00000 2.00000 21.00000 11.00000 12.00000 48.00000 8.00000 16.00000 8.00000 12.00000 10.00000 3.00000 41.00000 20.00000 17.00000 41.00000 9.00000 5.00000 10.00000 12.00000 7.00000 13.00000 5.00000 12.00000 13.00000 3.00000 17.00000 17.00000 18.00000 48.00000 16.00000 12.00000 23.00000 3.00000 17.00000 42.00000 42.00000 39.00000 5.00000 6.00000 9.00000 19.00000 9.00000 15.00000 17.00000 6.00000 41.00000 8.00000 5.00000 10.00000 16.00000 18.00000 12.00000 5.00000 49.00000 5.00000 13.00000 15.00000 0.00000 8.00000 21.00000 4.00000 11.00000 4.00000 19.00000 17.00000 7.00000 42.00000 4.00000 42.00000 21.00000
27.00000 10.00000 13.00000 40.00000 21.00000 11.00000 15.00000 8.00000 25.00000 8.00000 13.00000 52.00000 9.00000 21.00000 9.00000 18.00000 12.00000 10.00000 41.00000 26.00000 23.00000 39.00000 8.00000 8.00000 11.00000 14.00000 9.00000 19.00000 11.00000 16.00000 19.00000 10.00000 23.00000 22.00000 23.00000 52.00000 22.00000 17.00000 29.00000 8.00000 22.00000 40.00000 41.00000 37.00000 11.00000 8.00000 15.00000 24.00000 15.00000 21.00000 22.00000 8.00000 41.00000 9.00000 10.00000 8.00000 22.00000 24.00000 7.00000 10.00000 53.00000 7.00000 12.00000 20.00000 8.00000 0.00000 27.00000 9.00000 12.00000 8.00000 24.00000 23.00000 8.00000 42.00000 10.00000 41.00000 27.00000
0.00000 20.00000 18.00000 26.00000 11.00000 19.00000 16.00000 22.00000 8.00000 30.00000 16.00000 32.00000 19.00000 13.00000 19.00000 14.00000 20.00000 23.00000 25.00000 3.00000 8.00000 28.00000 21.00000 24.00000 19.00000 17.00000 21.00000 10.00000 21.00000 15.00000 12.00000 23.00000 7.00000 7.00000 5.00000 33.00000 9.00000 14.00000 3.00000 22.00000 9.00000 27.00000 27.00000 32.00000 21.00000 26.00000 16.00000 5.00000 17.00000 15.00000 10.00000 26.00000 26.00000 20.00000 22.00000 30.00000 10.00000 6.00000 22.00000 19.00000 34.00000 25.00000 19.00000 10.00000 23.00000 27.00000 0.00000 20.00000 17.00000 23.00000 4.00000 8.00000 20.00000 26.00000 22.00000 27.00000 0.00000
20.00000 3.00000 6.00000 39.00000 14.00000 3.00000 7.00000 3.00000 19.00000 10.00000 9.00000 45.00000 6.00000 15.00000 6.00000 11.00000 7.00000 5.00000 39.00000 19.00000 16.00000 39.00000 7.00000 4.00000 7.00000 9.00000 5.00000 12.00000 6.00000 9.00000 11.00000 5.00000 16.00000 15.00000 17.00000 46.00000 15.00000 10.00000 22.00000 4.00000 16.00000 39.00000 40.00000 37.00000 5.00000 6.00000 8.00000 17.00000 7.00000 14.00000 15.00000 7.00000 39.00000 5.00000 2.00000 10.00000 15.00000 17.00000 11.00000 4.00000 47.00000 5.00000 11.00000 14.00000 4.00000 8.00000 20.00000 0.00000 8.00000 4.00000 17.00000 16.00000 6.00000 40.00000 5.00000 40.00000 20.00000
17.00000 11.00000 5.00000 33.00000 14.00000 10.00000 9.00000 9.00000 15.00000 15.00000 2.00000 41.00000 4.00000 15.00000 4.00000 13.00000 4.00000 11.00000 34.00000 16.00000 16.00000 32.00000 5.00000 8.00000 4.00000 3.00000 6.00000 12.00000 12.00000 8.00000 10.00000 11.00000 16.00000 15.00000 16.00000 41.00000 15.00000 8.00000 18.00000 10.00000 15.00000 32.00000 34.00000 30.00000 12.00000 11.00000 9.00000 15.00000 8.00000 16.00000 15.00000 11.00000 34.00000 5.00000 9.00000 15.00000 15.00000 17.00000 7.00000 10.00000 43.00000 10.00000 6.00000 14.00000 10.00000 12.00000 17.00000 10.00000 0.00000 8.00000 17.00000 16.00000 5.00000 34.00000 11.00000 34.00000 17.00000
24.00000 7.00000 9.00000 40.00000 18.00000 8.00000 10.00000 5.00000 22.00000 8.00000 9.00000 49.00000 6.00000 19.00000 6.00000 15.00000 8.00000 7.00000 41.00000 23.00000 20.00000 39.00000 6.00000 1.00000 8.00000 11.00000 4.00000 16.00000 8.00000 13.00000 15.00000 7.00000 20.00000 20.00000 21.00000 49.00000 19.00000 14.00000 26.00000 6.00000 20.00000 40.00000 41.00000 37.00000 8.00000 5.00000 11.00000 22.00000 11.00000 18.00000 20.00000 5.00000 41.00000 5.00000 6.00000 8.00000 19.00000 21.00000 9.00000 8.00000 50.00000 5.00000 11.00000 18.00000 6.00000 5.00000 24.00000 7.00000 8.00000 0.00000 22.00000 20.00000 5.00000 41.00000 8.00000 41.00000 24.00000
3.00000 16.00000 17.00000 28.00000 8.00000 16.00000 13.00000 19.00000 9.00000 27.00000 16.00000 34.00000 18.00000 10.00000 18.00000 11.00000 19.00000 20.00000 27.00000 3.00000 6.00000 30.00000 20.00000 21.00000 18.00000 17.00000 19.00000 6.00000 18.00000 13.00000 9.00000 20.00000 3.00000 4.00000 2.00000 34.00000 6.00000 13.00000 5.00000 18.00000 6.00000 29.00000 28.00000 34.00000 18.00000 23.00000 13.00000 5.00000 14.00000 11.00000 8.00000 23.00000 27.00000 18.00000 18.00000 26.00000 7.00000 4.00000 21.00000 16.00000 36.00000 22.00000 18.00000 7.00000 20.00000 24.00000 3.00000 17.00000 17.00000 20.00000 0.00000 4.00000 19.00000 28.00000 18.00000 29.00000 3.00000
7.00000 16.00000 17.00000 30.00000 6.00000 16.00000 13.00000 19.00000 11.00000 27.00000 16.00000 36.00000 18.00000 7.00000 18.00000 10.00000 19.00000 19.00000 30.00000 6.00000 2.00000 33.00000 20.00000 21.00000 18.00000 17.00000 19.00000 7.00000 18.00000 13.00000 9.00000 20.00000 2.00000 4.00000 4.00000 37.00000 3.00000 13.00000 8.00000 19.00000 3.00000 31.00000 31.00000 37.00000 18.00000 22.00000 13.00000 7.00000 14.00000 9.00000 6.00000 22.00000 30.00000 18.00000 18.00000 26.00000 4.00000 2.00000 22.00000 16.00000 38.00000 22.00000 19.00000 5.00000 20.00000 24.00000 7.00000 17.00000 17.00000 20.00000 5.00000 0.00000 19.00000 31.00000 18.00000 31.00000 7.00000
21.00000 8.00000 6.00000 37.00000 17.00000 8.00000 8.00000 6.00000 19.00000 12.00000 6.00000 45.00000 2.00000 17.00000 2.00000 14.00000 5.00000 7.00000 38.00000 21.00000 18.00000 36.00000 3.00000 5.00000 5.00000 7.00000 3.00000 15.00000 9.00000 10.00000 12.00000 7.00000 18.00000 18.00000 19.00000 46.00000 18.00000 10.00000 23.00000 6.00000 18.00000 36.00000 38.00000 34.00000 8.00000 7.00000 9.00000 19.00000 8.00000 17.00000 18.00000 8.00000 38.00000 2.00000 6.00000 11.00000 17.00000 20.00000 6.00000 8.00000 47.00000 6.00000 8.00000 16.00000 6.00000 8.00000 21.00000 7.00000 5.00000 5.00000 20.00000 19.00000 0.00000 38.00000 8.00000 38.00000 21.00000
24.00000 36.00000 34.00000 2.00000 31.00000 35.00000 33.00000 38.00000 23.00000 46.00000 31.00000 17.00000 35.00000 32.00000 35.00000 33.00000 35.00000 39.00000 1.00000 25.00000 30.00000 4.00000 36.00000 39.00000 35.00000 33.00000 37.00000 28.00000 38.00000 30.00000 30.00000 40.00000 28.00000 26.00000 27.00000 17.00000 30.00000 30.00000 22.00000 38.00000 30.00000 3.00000 4.00000 8.00000 38.00000 42.00000 33.00000 25.00000 32.00000 33.00000 30.00000 42.00000 1.00000 36.00000 38.00000 46.00000 31.00000 28.00000 37.00000 35.00000 17.00000 40.00000 32.00000 30.00000 39.00000 42.00000 24.00000 36.00000 32.00000 39.00000 26.00000 29.00000 36.00000 0.00000 38.00000 2.00000 24.00000
21.00000 4.00000 8.00000 41.00000 15.00000 4.00000 8.00000 3.00000 21.00000 11.00000 11.00000 47.00000 7.00000 15.00000 8.00000 11.00000 9.00000 3.00000 40.00000 19.00000 17.00000 40.00000 9.00000 6.00000 9.00000 11.00000 7.00000 13.00000 3.00000 11.00000 13.00000 3.00000 17.00000 16.00000 17.00000 47.00000 16.00000 12.00000 22.00000 2.00000 16.00000 41.00000 41.00000 38.00000 2.00000 6.00000 9.00000 18.00000 8.00000 14.00000 16.00000 6.00000 40.00000 7.00000 4.00000 10.00000 15.00000 18.00000 13.00000 4.00000 49.00000 7.00000 13.00000 14.00000 4.00000 9.00000 21.00000 3.00000 10.00000 5.00000 18.00000 17.00000 8.00000 41.00000 0.00000 41.00000 21.00000
26.00000 38.00000 36.00000 3.00000 32.00000 37.00000 35.00000 40.00000 25.00000 46.00000 32.00000 15.00000 36.00000 34.00000 37.00000 35.00000 37.00000 41.00000 3.00000 26.00000 32.00000 3.00000 36.00000 41.00000 36.00000 34.00000 39.00000 30.00000 39.00000 32.00000 32.00000 42.00000 30.00000 28.00000 29.00000 15.00000 32.00000 32.00000 24.00000 40.00000 32.00000 3.00000 3.00000 8.00000 40.00000 44.00000 35.00000 27.00000 34.00000 35.00000 32.00000 44.00000 3.00000 37.00000 40.00000 48.00000 33.00000 30.00000 37.00000 37.00000 16.00000 42.00000 32.00000 32.00000 41.00000 42.00000 26.00000 38.00000 34.00000 41.00000 28.00000 31.00000 38.00000 2.00000 39.00000 0.00000 26.00000
0.00000 20.00000 18.00000 26.00000 11.00000 19.00000 16.00000 22.00000 8.00000 30.00000 16.00000 32.00000 19.00000 13.00000 19.00000 14.00000 20.00000 23.00000 25.00000 3.00000 8.00000 28.00000 21.00000 24.00000 19.00000 17.00000 21.00000 10.00000 21.00000 15.00000 12.00000 23.00000 7.00000 7.00000 5.00000 33.00000 9.00000 14.00000 3.00000 22.00000 9.00000 27.00000 27.00000 32.00000 21.00000 26.00000 16.00000 5.00000 17.00000 15.00000 10.00000 26.00000 26.00000 20.00000 22.00000 30.00000 10.00000 6.00000 22.00000 19.00000 34.00000 25.00000 19.00000 10.00000 23.00000 27.00000 0.00000 20.00000 17.00000 23.00000 4.00000 8.00000 20.00000 26.00000 22.00000 27.00000 0.00000
p
0.0 0.0 0.0 0.0 0.0 0.0 
0.0 0.0 0.0 0.0 0.0 0.0 
0.0 0.0 0.0 0.0 0.0 0.0 
0.0 0.0 0.0 0.0 0.0 0.0 
0.0 0.0 0.0 0.0 0.0 0.0 
0.0 0.0 0.0 0.0 0.0 0.0 
0.0 0.0 0.0 0.0 0.0 0.0 
0.0 0.0 0.0 0.0 0.0 0.0 
0.0 0.0 0.0 0.0 0.0 0.0 
0.0 0.0 0.0 0.0 0.0 0.0 
0.0 0.0 0.0 0.0 0.0 0.0 
0.0 0.0 0.0 0.0 0.0 0.0 
0.0 0.0 0.0 0.0 0.0 0.0 
0.0 0.0 0.0 0.0 0.0 0.0 
0.0 0.0 0.0 0.0 0.0 0.0 
56 0 0 0 0 0 
56 0 0 0 0 0 
56 0 0 0 0 0 
56 0 0 0 0 0 
56 0 0 0 0 0 
56 0 0 0 0 0 
56 0 0 0 0 0 
56 0 0 0 0 0 
56 0 0 0 0 0 
56 0 0 0 0 0 
56 0 0 0 0 0 
56 0 0 0 0 0 
56 0 0 0 0 0 
56 0 0 0 0 0 
56 0 0 0 0 0 
28 0 0 36 0 0 
28 0 0 36 0 0 
28 0 0 36 0 0 
28 0 0 36 0 0 
28 0 0 36 0 0 
28 0 0 36 0 0 
28 0 0 36 0 0 
28 0 0 36 0 0 
28 0 0 36 0 0 
28 0 0 36 0 0 
28 0 0 36 0 0 
28 0 0 36 0 0 
28 0 0 36 0 0 
28 0 0 36 0 0 
28 0 0 36 0 0 
44 0 0 0 18 0 
44 0 0 0 18 0 
44 0 0 0 18 0 
44 0 0 0 18 0 
44 0 0 0 18 0 
44 0 0 0 18 0 
44 0 0 0 18 0 
44 0 0 0 18 0 
44 0 0 0 18 0 
44 0 0 0 18 0 
44 0 0 0 18 0 
44 0 0 0 18 0 
44 0 0 0 18 0 
44 0 0 0 18 0 
44 0 0 0 18 0 
0 0 25 43 0 0 
0 0 25 43 0 0 
0 0 25 43 0 0 
0 0 25 43 0 0 
0 0 25 43 0 0 
0 0 25 43 0 0 
0 0 25 43 0 0 
0 0 25 43 0 0 
0 0 25 43 0 0 
0 0 25 43 0 0 
0 0 25 43 0 0 
0 0 25 43 0 0 
0 0 25 43 0 0 
0 0 25 43 0 0 
0 0 25 43 0 0 
0 0 0 0 30 0 
0 0 0 0 30 0 
0 0 0 0 30 0 
0 0 0 0 30 0 
0 0 0 0 30 0 
0 0 0 0 30 0 
0 0 0 0 30 0 
0 0 0 0 30 0 
0 0 0 0 30 0 
0 0 0 0 30 0 
0 0 0 0 30 0 
0 0 0 0 30 0 
0 0 0 0 30 0 
0 0 0 0 30 0 
0 0 0 0 30 0 
0 0 34 0 0 0 
0 0 34 0 0 0 
0 0 34 0 0 0 
0 0 34 0 0 0 
0 0 34 0 0 0 
0 0 34 0 0 0 
0 0 34 0 0 0 
0 0 34 0 0 0 
0 0 34 0 0 0 
0 0 34 0 0 0 
0 0 34 0 0 0 
0 0 34 0 0 0 
0 0 34 0 0 0 
0 0 34 0 0 0 
0 0 34 0 0 0 
0 29 0 0 57 0 
0 29 0 0 57 0 
0 29 0 0 57 0 
0 29 0 0 57 0 
0 29 0 0 57 0 
0 29 0 0 57 0 
0 29 0 0 57 0 
0 29 0 0 57 0 
0 29 0 0 57 0 
0 29 0 0 57 0 
0 29 0 0 57 0 
0 29 0 0 57 0 
0 29 0 0 57 0 
0 29 0 0 57 0 
0 29 0 0 57 0 
0 0 22 23 0 0 
0 0 22 23 0 0 
0 0 22 23 0 0 
0 0 22 23 0 0 
0 0 22 23 0 0 
0 0 22 23 0 0 
0 0 22 23 0 0 
0 0 22 23 0 0 
0 0 22 23 0 0 
0 0 22 23 0 0 
0 0 22 23 0 0 
0 0 22 23 0 0 
0 0 22 23 0 0 
0 0 22 23 0 0 
0 0 22 23 0 0 
50 0 0 0 0 0 
50 0 0 0 0 0 
50 0 0 0 0 0 
50 0 0 0 0 0 
50 0 0 0 0 0 
50 0 0 0 0 0 
50 0 0 0 0 0 
50 0 0 0 0 0 
50 0 0 0 0 0 
50 0 0 0 0 0 
50 0 0 0 0 0 
50 0 0 0 0 0 
50 0 0 0 0 0 
50 0 0 0 0 0 
50 0 0 0 0 0 
0 0 52 0 30 0 
0 0 52 0 30 0 
0 0 52 0 30 0 
0 0 52 0 30 0 
0 0 52 0 30 0 
0 0 52 0 30 0 
0 0 52 0 30 0 
0 0 52 0 30 0 
0 0 52 0 30 0 
0 0 52 0 30 0 
0 0 52 0 30 0 
0 0 52 0 30 0 
0 0 52 0 30 0 
0 0 52 0 30 0 
0 0 52 0 30 0 
0 47 0 0 0 0 
0 47 0 0 0 0 
0 47 0 0 0 0 
0 47 0 0 0 0 
0 47 0 0 0 0 
0 47 0 0 0 0 
0 47 0 0 0 0 
0 47 0 0 0 0 
0 47 0 0 0 0 
0 47 0 0 0 0 
0 47 0 0 0 0 
0 47 0 0 0 0 
0 47 0 0 0 0 
0 47 0 0 0 0 
0 47 0 0 0 0 
55 0 0 44 0 0 
55 0 0 44 0 0 
55 0 0 44 0 0 
55 0 0 44 0 0 
55 0 0 44 0 0 
55 0 0 44 0 0 
55 0 0 44 0 0 
55 0 0 44 0 0 
55 0 0 44 0 0 
55 0 0 44 0 0 
55 0 0 44 0 0 
55 0 0 44 0 0 
55 0 0 44 0 0 
55 0 0 44 0 0 
55 0 0 44 0 0 
0 24 0 0 53 0 
0 24 0 0 53 0 
0 24 0 0 53 0 
0 24 0 0 53 0 
0 24 0 0 53 0 
0 24 0 0 53 0 
0 24 0 0 53 0 
0 24 0 0 53 0 
0 24 0 0 53 0 
0 24 0 0 53 0 
0 24 0 0 53 0 
0 24 0 0 53 0 
0 24 0 0 53 0 
0 24 0 0 53 0 
0 24 0 0 53 0 
0 0 0 43 0 0 
0 0 0 43 0 0 
0 0 0 43 0 0 
0 0 0 43 0 0 
0 0 0 43 0 0 
0 0 0 43 0 0 
0 0 0 43 0 0 
0 0 0 43 0 0 
0 0 0 43 0 0 
0 0 0 43 0 0 
0 0 0 43 0 0 
0 0 0 43 0 0 
0 0 0 43 0 0 
0 0 0 43 0 0 
0 0 0 43 0 0 
0 49 0 0 0 0 
0 49 0 0 0 0 
0 49 0 0 0 0 
0 49 0 0 0 0 
0 49 0 0 0 0 
0 49 0 0 0 0 
0 49 0 0 0 0 
0 49 0 0 0 0 
0 49 0 0 0 0 
0 49 0 0 0 0 
0 49 0 0 0 0 
0 49 0 0 0 0 
0 49 0 0 0 0 
0 49 0 0 0 0 
0 49 0 0 0 0 
0 0 0 33 0 0 
0 0 0 33 0 0 
0 0 0 33 0 0 
0 0 0 33 0 0 
0 0 0 33 0 0 
0 0 0 33 0 0 
0 0 0 33 0 0 
0 0 0 33 0 0 
0 0 0 33 0 0 
0 0 0 33 0 0 
0 0 0 33 0 0 
0 0 0 33 0 0 
0 0 0 33 0 0 
0 0 0 33 0 0 
0 0 0 33 0 0 
0 0 37 0 0 0 
0 0 37 0 0 0 
0 0 37 0 0 0 
0 0 37 0 0 0 
0 0 37 0 0 0 
0 0 37 0 0 0 
0 0 37 0 0 0 
0 0 37 0 0 0 
0 0 37 0 0 0 
0 0 37 0 0 0 
0 0 37 0 0 0 
0 0 37 0 0 0 
0 0 37 0 0 0 
0 0 37 0 0 0 
0 0 37 0 0 0 
0 23 0 0 0 0 
0 23 0 0 0 0 
0 23 0 0 0 0 
0 23 0 0 0 0 
0 23 0 0 0 0 
0 23 0 0 0 0 
0 23 0 0 0 0 
0 23 0 0 0 0 
0 23 0 0 0 0 
0 23 0 0 0 0 
0 23 0 0 0 0 
0 23 0 0 0 0 
0 23 0 0 0 0 
0 23 0 0 0 0 
0 23 0 0 0 0 
23 0 0 0 0 0 
23 0 0 0 0 0 
23 0 0 0 0 0 
23 0 0 0 0 0 
23 0 0 0 0 0 
23 0 0 0 0 0 
23 0 0 0 0 0 
23 0 0 0 0 0 
23 0 0 0 0 0 
23 0 0 0 0 0 
23 0 0 0 0 0 
23 0 0 0 0 0 
23 0 0 0 0 0 
23 0 0 0 0 0 
23 0 0 0 0 0 
56 0 0 0 0 0 
56 0 0 0 0 0 
56 0 0 0 0 0 
56 0 0 0 0 0 
56 0 0 0 0 0 
56 0 0 0 0 0 
56 0 0 0 0 0 
56 0 0 0 0 0 
56 0 0 0 0 0 
56 0 0 0 0 0 
56 0 0 0 0 0 
56 0 0 0 0 0 
56 0 0 0 0 0 
56 0 0 0 0 0 
56 0 0 0 0 0 
0 0 57 0 0 0 
0 0 57 0 0 0 
0 0 57 0 0 0 
0 0 57 0 0 0 
0 0 57 0 0 0 
0 0 57 0 0 0 
0 0 57 0 0 0 
0 0 57 0 0 0 
0 0 57 0 0 0 
0 0 57 0 0 0 
0 0 57 0 0 0 
0 0 57 0 0 0 
0 0 57 0 0 0 
0 0 57 0 0 0 
0 0 57 0 0 0 
56 0 0 26 0 0 
56 0 0 26 0 0 
56 0 0 26 0 0 
56 0 0 26 0 0 
56 0 0 26 0 0 
56 0 0 26 0 0 
56 0 0 26 0 0 
56 0 0 26 0 0 
56 0 0 26 0 0 
56 0 0 26 0 0 
56 0 0 26 0 0 
56 0 0 26 0 0 
56 0 0 26 0 0 
56 0 0 26 0 0 
56 0 0 26 0 0 
30 0 0 0 0 0 
30 0 0 0 0 0 
30 0 0 0 0 0 
30 0 0 0 0 0 
30 0 0 0 0 0 
30 0 0 0 0 0 
30 0 0 0 0 0 
30 0 0 0 0 0 
30 0 0 0 0 0 
30 0 0 0 0 0 
30 0 0 0 0 0 
30 0 0 0 0 0 
30 0 0 0 0 0 
30 0 0 0 0 0 
30 0 0 0 0 0 
0 59 0 0 43 0 
0 59 0 0 43 0 
0 59 0 0 43 0 
0 59 0 0 43 0 
0 59 0 0 43 0 
0 59 0 0 43 0 
0 59 0 0 43 0 
0 59 0 0 43 0 
0 59 0 0 43 0 
0 59 0 0 43 0 
0 59 0 0 43 0 
0 59 0 0 43 0 
0 59 0 0 43 0 
0 59 0 0 43 0 
0 59 0 0 43 0 
32 0 0 0 0 0 
32 0 0 0 0 0 
32 0 0 0 0 0 
32 0 0 0 0 0 
32 0 0 0 0 0 
32 0 0 0 0 0 
32 0 0 0 0 0 
32 0 0 0 0 0 
32 0 0 0 0 0 
32 0 0 0 0 0 
32 0 0 0 0 0 
32 0 0 0 0 0 
32 0 0 0 0 0 
32 0 0 0 0 0 
32 0 0 0 0 0 
34 0 0 0 0 0 
34 0 0 0 0 0 
34 0 0 0 0 0 
34 0 0 0 0 0 
34 0 0 0 0 0 
34 0 0 0 0 0 
34 0 0 0 0 0 
34 0 0 0 0 0 
34 0 0 0 0 0 
34 0 0 0 0 0 
34 0 0 0 0 0 
34 0 0 0 0 0 
34 0 0 0 0 0 
34 0 0 0 0 0 
34 0 0 0 0 0 
0 0 50 0 50 0 
0 0 50 0 50 0 
0 0 50 0 50 0 
0 0 50 0 50 0 
0 0 50 0 50 0 
0 0 50 0 50 0 
0 0 50 0 50 0 
0 0 50 0 50 0 
0 0 50 0 50 0 
0 0 50 0 50 0 
0 0 50 0 50 0 
0 0 50 0 50 0 
0 0 50 0 50 0 
0 0 50 0 50 0 
0 0 50 0 50 0 
0 0 37 0 0 0 
0 0 37 0 0 0 
0 0 37 0 0 0 
0 0 37 0 0 0 
0 0 37 0 0 0 
0 0 37 0 0 0 
0 0 37 0 0 0 
0 0 37 0 0 0 
0 0 37 0 0 0 
0 0 37 0 0 0 
0 0 37 0 0 0 
0 0 37 0 0 0 
0 0 37 0 0 0 
0 0 37 0 0 0 
0 0 37 0 0 0 
0 0 46 0 60 0 
0 0 46 0 60 0 
0 0 46 0 60 0 
0 0 46 0 60 0 
0 0 46 0 60 0 
0 0 46 0 60 0 
0 0 46 0 60 0 
0 0 46 0 60 0 
0 0 46 0 60 0 
0 0 46 0 60 0 
0 0 46 0 60 0 
0 0 46 0 60 0 
0 0 46 0 60 0 
0 0 46 0 60 0 
0 0 46 0 60 0 
38 0 0 0 0 0 
38 0 0 0 0 0 
38 0 0 0 0 0 
38 0 0 0 0 0 
38 0 0 0 0 0 
38 0 0 0 0 0 
38 0 0 0 0 0 
38 0 0 0 0 0 
38 0 0 0 0 0 
38 0 0 0 0 0 
38 0 0 0 0 0 
38 0 0 0 0 0 
38 0 0 0 0 0 
38 0 0 0 0 0 
38 0 0 0 0 0 
0 0 0 37 0 0 
0 0 0 37 0 0 
0 0 0 37 0 0 
0 0 0 37 0 0 
0 0 0 37 0 0 
0 0 0 37 0 0 
0 0 0 37 0 0 
0 0 0 37 0 0 
0 0 0 37 0 0 
0 0 0 37 0 0 
0 0 0 37 0 0 
0 0 0 37 0 0 
0 0 0 37 0 0 
0 0 0 37 0 0 
0 0 0 37 0 0 
57 0 0 0 49 0 
57 0 0 0 49 0 
57 0 0 0 49 0 
57 0 0 0 49 0 
57 0 0 0 49 0 
57 0 0 0 49 0 
57 0 0 0 49 0 
57 0 0 0 49 0 
57 0 0 0 49 0 
57 0 0 0 49 0 
57 0 0 0 49 0 
57 0 0 0 49 0 
57 0 0 0 49 0 
57 0 0 0 49 0 
57 0 0 0 49 0 
46 0 0 0 32 0 
46 0 0 0 32 0 
46 0 0 0 32 0 
46 0 0 0 32 0 
46 0 0 0 32 0 
46 0 0 0 32 0 
46 0 0 0 32 0 
46 0 0 0 32 0 
46 0 0 0 32 0 
46 0 0 0 32 0 
46 0 0 0 32 0 
46 0 0 0 32 0 
46 0 0 0 32 0 
46 0 0 0 32 0 
46 0 0 0 32 0 
29 0 0 0 0 0 
29 0 0 0 0 0 
29 0 0 0 0 0 
29 0 0 0 0 0 
29 0 0 0 0 0 
29 0 0 0 0 0 
29 0 0 0 0 0 
29 0 0 0 0 0 
29 0 0 0 0 0 
29 0 0 0 0 0 
29 0 0 0 0 0 
29 0 0 0 0 0 
29 0 0 0 0 0 
29 0 0 0 0 0 
29 0 0 0 0 0 
16 0 0 0 18 0 
16 0 0 0 18 0 
16 0 0 0 18 0 
16 0 0 0 18 0 
16 0 0 0 18 0 
16 0 0 0 18 0 
16 0 0 0 18 0 
16 0 0 0 18 0 
16 0 0 0 18 0 
16 0 0 0 18 0 
16 0 0 0 18 0 
16 0 0 0 18 0 
16 0 0 0 18 0 
16 0 0 0 18 0 
16 0 0 0 18 0 
0 0 0 0 43 0 
0 0 0 0 43 0 
0 0 0 0 43 0 
0 0 0 0 43 0 
0 0 0 0 43 0 
0 0 0 0 43 0 
0 0 0 0 43 0 
0 0 0 0 43 0 
0 0 0 0 43 0 
0 0 0 0 43 0 
0 0 0 0 43 0 
0 0 0 0 43 0 
0 0 0 0 43 0 
0 0 0 0 43 0 
0 0 0 0 43 0 
0 0 0 52 0 0 
0 0 0 52 0 0 
0 0 0 52 0 0 
0 0 0 52 0 0 
0 0 0 52 0 0 
0 0 0 52 0 0 
0 0 0 52 0 0 
0 0 0 52 0 0 
0 0 0 52 0 0 
0 0 0 52 0 0 
0 0 0 52 0 0 
0 0 0 52 0 0 
0 0 0 52 0 0 
0 0 0 52 0 0 
0 0 0 52 0 0 
28 0 0 21 0 0 
28 0 0 21 0 0 
28 0 0 21 0 0 
28 0 0 21 0 0 
28 0 0 21 0 0 
28 0 0 21 0 0 
28 0 0 21 0 0 
28 0 0 21 0 0 
28 0 0 21 0 0 
28 0 0 21 0 0 
28 0 0 21 0 0 
28 0 0 21 0 0 
28 0 0 21 0 0 
28 0 0 21 0 0 
28 0 0 21 0 0 
0 0 36 0 0 0 
0 0 36 0 0 0 
0 0 36 0 0 0 
0 0 36 0 0 0 
0 0 36 0 0 0 
0 0 36 0 0 0 
0 0 36 0 0 0 
0 0 36 0 0 0 
0 0 36 0 0 0 
0 0 36 0 0 0 
0 0 36 0 0 0 
0 0 36 0 0 0 
0 0 36 0 0 0 
0 0 36 0 0 0 
0 0 36 0 0 0 
0 0 0 48 0 0 
0 0 0 48 0 0 
0 0 0 48 0 0 
0 0 0 48 0 0 
0 0 0 48 0 0 
0 0 0 48 0 0 
0 0 0 48 0 0 
0 0 0 48 0 0 
0 0 0 48 0 0 
0 0 0 48 0 0 
0 0 0 48 0 0 
0 0 0 48 0 0 
0 0 0 48 0 0 
0 0 0 48 0 0 
0 0 0 48 0 0 
0 26 0 54 0 0 
0 26 0 54 0 0 
0 26 0 54 0 0 
0 26 0 54 0 0 
0 26 0 54 0 0 
0 26 0 54 0 0 
0 26 0 54 0 0 
0 26 0 54 0 0 
0 26 0 54 0 0 
0 26 0 54 0 0 
0 26 0 54 0 0 
0 26 0 54 0 0 
0 26 0 54 0 0 
0 26 0 54 0 0 
0 26 0 54 0 0 
0 0 18 0 0 0 
0 0 18 0 0 0 
0 0 18 0 0 0 
0 0 18 0 0 0 
0 0 18 0 0 0 
0 0 18 0 0 0 
0 0 18 0 0 0 
0 0 18 0 0 0 
0 0 18 0 0 0 
0 0 18 0 0 0 
0 0 18 0 0 0 
0 0 18 0 0 0 
0 0 18 0 0 0 
0 0 18 0 0 0 
0 0 18 0 0 0 
0 0 49 0 0 0 
0 0 49 0 0 0 
0 0 49 0 0 0 
0 0 49 0 0 0 
0 0 49 0 0 0 
0 0 49 0 0 0 
0 0 49 0 0 0 
0 0 49 0 0 0 
0 0 49 0 0 0 
0 0 49 0 0 0 
0 0 49 0 0 0 
0 0 49 0 0 0 
0 0 49 0 0 0 
0 0 49 0 0 0 
0 0 49 0 0 0 
0 23 0 0 0 0 
0 23 0 0 0 0 
0 23 0 0 0 0 
0 23 0 0 0 0 
0 23 0 0 0 0 
0 23 0 0 0 0 
0 23 0 0 0 0 
0 23 0 0 0 0 
0 23 0 0 0 0 
0 23 0 0 0 0 
0 23 0 0 0 0 
0 23 0 0 0 0 
0 23 0 0 0 0 
0 23 0 0 0 0 
0 23 0 0 0 0 
18 0 0 0 0 0 
18 0 0 0 0 0 
18 0 0 0 0 0 
18 0 0 0 0 0 
18 0 0 0 0 0 
18 0 0 0 0 0 
18 0 0 0 0 0 
18 0 0 0 0 0 
18 0 0 0 0 0 
18 0 0 0 0 0 
18 0 0 0 0 0 
18 0 0 0 0 0 
18 0 0 0 0 0 
18 0 0 0 0 0 
18 0 0 0 0 0 
28 0 0 0 0 0 
28 0 0 0 0 0 
28 0 0 0 0 0 
28 0 0 0 0 0 
28 0 0 0 0 0 
28 0 0 0 0 0 
28 0 0 0 0 0 
28 0 0 0 0 0 
28 0 0 0 0 0 
28 0 0 0 0 0 
28 0 0 0 0 0 
28 0 0 0 0 0 
28 0 0 0 0 0 
28 0 0 0 0 0 
28 0 0 0 0 0 
0 0 0 0 0 34 
0 0 0 0 0 34 
0 0 0 0 0 34 
0 0 0 0 0 34 
0 0 0 0 0 34 
0 0 0 0 0 34 
0 0 0 0 0 34 
0 0 0 0 0 34 
0 0 0 0 0 34 
0 0 0 0 0 34 
0 0 0 0 0 34 
0 0 0 0 0 34 
0 0 0 0 0 34 
0 0 0 0 0 34 
0 0 0 0 0 34 
0 0 0 0 38 0 
0 0 0 0 38 0 
0 0 0 0 38 0 
0 0 0 0 38 0 
0 0 0 0 38 0 
0 0 0 0 38 0 
0 0 0 0 38 0 
0 0 0 0 38 0 
0 0 0 0 38 0 
0 0 0 0 38 0 
0 0 0 0 38 0 
0 0 0 0 38 0 
0 0 0 0 38 0 
0 0 0 0 38 0 
0 0 0 0 38 0 
0 0 0 0 0 39 
0 0 0 0 0 39 
0 0 0 0 0 39 
0 0 0 0 0 39 
0 0 0 0 0 39 
0 0 0 0 0 39 
0 0 0 0 0 39 
0 0 0 0 0 39 
0 0 0 0 0 39 
0 0 0 0 0 39 
0 0 0 0 0 39 
0 0 0 0 0 39 
0 0 0 0 0 39 
0 0 0 0 0 39 
0 0 0 0 0 39 
44 0 0 0 0 0 
44 0 0 0 0 0 
44 0 0 0 0 0 
44 0 0 0 0 0 
44 0 0 0 0 0 
44 0 0 0 0 0 
44 0 0 0 0 0 
44 0 0 0 0 0 
44 0 0 0 0 0 
44 0 0 0 0 0 
44 0 0 0 0 0 
44 0 0 0 0 0 
44 0 0 0 0 0 
44 0 0 0 0 0 
44 0 0 0 0 0 
16 0 0 0 0 0 
16 0 0 0 0 0 
16 0 0 0 0 0 
16 0 0 0 0 0 
16 0 0 0 0 0 
16 0 0 0 0 0 
16 0 0 0 0 0 
16 0 0 0 0 0 
16 0 0 0 0 0 
16 0 0 0 0 0 
16 0 0 0 0 0 
16 0 0 0 0 0 
16 0 0 0 0 0 
16 0 0 0 0 0 
16 0 0 0 0 0 
0 0 0 42 0 0 
0 0 0 42 0 0 
0 0 0 42 0 0 
0 0 0 42 0 0 
0 0 0 42 0 0 
0 0 0 42 0 0 
0 0 0 42 0 0 
0 0 0 42 0 0 
0 0 0 42 0 0 
0 0 0 42 0 0 
0 0 0 42 0 0 
0 0 0 42 0 0 
0 0 0 42 0 0 
0 0 0 42 0 0 
0 0 0 42 0 0 
50 0 0 0 0 0 
50 0 0 0 0 0 
50 0 0 0 0 0 
50 0 0 0 0 0 
50 0 0 0 0 0 
50 0 0 0 0 0 
50 0 0 0 0 0 
50 0 0 0 0 0 
50 0 0 0 0 0 
50 0 0 0 0 0 
50 0 0 0 0 0 
50 0 0 0 0 0 
50 0 0 0 0 0 
50 0 0 0 0 0 
50 0 0 0 0 0 
0 46 0 59 0 0 
0 46 0 59 0 0 
0 46 0 59 0 0 
0 46 0 59 0 0 
0 46 0 59 0 0 
0 46 0 59 0 0 
0 46 0 59 0 0 
0 46 0 59 0 0 
0 46 0 59 0 0 
0 46 0 59 0 0 
0 46 0 59 0 0 
0 46 0 59 0 0 
0 46 0 59 0 0 
0 46 0 59 0 0 
0 46 0 59 0 0 
24 0 0 0 0 0 
24 0 0 0 0 0 
24 0 0 0 0 0 
24 0 0 0 0 0 
24 0 0 0 0 0 
24 0 0 0 0 0 
24 0 0 0 0 0 
24 0 0 0 0 0 
24 0 0 0 0 0 
24 0 0 0 0 0 
24 0 0 0 0 0 
24 0 0 0 0 0 
24 0 0 0 0 0 
24 0 0 0 0 0 
24 0 0 0 0 0 
0 0 45 48 0 0 
0 0 45 48 0 0 
0 0 45 48 0 0 
0 0 45 48 0 0 
0 0 45 48 0 0 
0 0 45 48 0 0 
0 0 45 48 0 0 
0 0 45 48 0 0 
0 0 45 48 0 0 
0 0 45 48 0 0 
0 0 45 48 0 0 
0 0 45 48 0 0 
0 0 45 48 0 0 
0 0 45 48 0 0 
0 0 45 48 0 0 
0 0 0 0 24 0 
0 0 0 0 24 0 
0 0 0 0 24 0 
0 0 0 0 24 0 
0 0 0 0 24 0 
0 0 0 0 24 0 
0 0 0 0 24 0 
0 0 0 0 24 0 
0 0 0 0 24 0 
0 0 0 0 24 0 
0 0 0 0 24 0 
0 0 0 0 24 0 
0 0 0 0 24 0 
0 0 0 0 24 0 
0 0 0 0 24 0 
0 0 0 36 0 0 
0 0 0 36 0 0 
0 0 0 36 0 0 
0 0 0 36 0 0 
0 0 0 36 0 0 
0 0 0 36 0 0 
0 0 0 36 0 0 
0 0 0 36 0 0 
0 0 0 36 0 0 
0 0 0 36 0 0 
0 0 0 36 0 0 
0 0 0 36 0 0 
0 0 0 36 0 0 
0 0 0 36 0 0 
0 0 0 36 0 0 
58 0 0 0 0 0 
58 0 0 0 0 0 
58 0 0 0 0 0 
58 0 0 0 0 0 
58 0 0 0 0 0 
58 0 0 0 0 0 
58 0 0 0 0 0 
58 0 0 0 0 0 
58 0 0 0 0 0 
58 0 0 0 0 0 
58 0 0 0 0 0 
58 0 0 0 0 0 
58 0 0 0 0 0 
58 0 0 0 0 0 
58 0 0 0 0 0 
17 0 0 0 0 0 
17 0 0 0 0 0 
17 0 0 0 0 0 
17 0 0 0 0 0 
17 0 0 0 0 0 
17 0 0 0 0 0 
17 0 0 0 0 0 
17 0 0 0 0 0 
17 0 0 0 0 0 
17 0 0 0 0 0 
17 0 0 0 0 0 
17 0 0 0 0 0 
17 0 0 0 0 0 
17 0 0 0 0 0 
17 0 0 0 0 0 
22 0 0 45 0 0 
22 0 0 45 0 0 
22 0 0 45 0 0 
22 0 0 45 0 0 
22 0 0 45 0 0 
22 0 0 45 0 0 
22 0 0 45 0 0 
22 0 0 45 0 0 
22 0 0 45 0 0 
22 0 0 45 0 0 
22 0 0 45 0 0 
22 0 0 45 0 0 
22 0 0 45 0 0 
22 0 0 45 0 0 
22 0 0 45 0 0 
43 0 0 0 56 0 
43 0 0 0 56 0 
43 0 0 0 56 0 
43 0 0 0 56 0 
43 0 0 0 56 0 
43 0 0 0 56 0 
43 0 0 0 56 0 
43 0 0 0 56 0 
43 0 0 0 56 0 
43 0 0 0 56 0 
43 0 0 0 56 0 
43 0 0 0 56 0 
43 0 0 0 56 0 
43 0 0 0 56 0 
43 0 0 0 56 0 
0 0 0 60 0 0 
0 0 0 60 0 0 
0 0 0 60 0 0 
0 0 0 60 0 0 
0 0 0 60 0 0 
0 0 0 60 0 0 
0 0 0 60 0 0 
0 0 0 60 0 0 
0 0 0 60 0 0 
0 0 0 60 0 0 
0 0 0 60 0 0 
0 0 0 60 0 0 
0 0 0 60 0 0 
0 0 0 60 0 0 
0 0 0 60 0 0 
0 0 0 0 23 0 
0 0 0 0 23 0 
0 0 0 0 23 0 
0 0 0 0 23 0 
0 0 0 0 23 0 
0 0 0 0 23 0 
0 0 0 0 23 0 
0 0 0 0 23 0 
0 0 0 0 23 0 
0 0 0 0 23 0 
0 0 0 0 23 0 
0 0 0 0 23 0 
0 0 0 0 23 0 
0 0 0 0 23 0 
0 0 0 0 23 0 
0 0 0 0 56 0 
0 0 0 0 56 0 
0 0 0 0 56 0 
0 0 0 0 56 0 
0 0 0 0 56 0 
0 0 0 0 56 0 
0 0 0 0 56 0 
0 0 0 0 56 0 
0 0 0 0 56 0 
0 0 0 0 56 0 
0 0 0 0 56 0 
0 0 0 0 56 0 
0 0 0 0 56 0 
0 0 0 0 56 0 
0 0 0 0 56 0 
29 0 0 0 0 0 
29 0 0 0 0 0 
29 0 0 0 0 0 
29 0 0 0 0 0 
29 0 0 0 0 0 
29 0 0 0 0 0 
29 0 0 0 0 0 
29 0 0 0 0 0 
29 0 0 0 0 0 
29 0 0 0 0 0 
29 0 0 0 0 0 
29 0 0 0 0 0 
29 0 0 0 0 0 
29 0 0 0 0 0 
29 0 0 0 0 0 
56 0 0 0 0 0 
56 0 0 0 0 0 
56 0 0 0 0 0 
56 0 0 0 0 0 
56 0 0 0 0 0 
56 0 0 0 0 0 
56 0 0 0 0 0 
56 0 0 0 0 0 
56 0 0 0 0 0 
56 0 0 0 0 0 
56 0 0 0 0 0 
56 0 0 0 0 0 
56 0 0 0 0 0 
56 0 0 0 0 0 
56 0 0 0 0 0 
44 0 0 47 0 0 
44 0 0 47 0 0 
44 0 0 47 0 0 
44 0 0 47 0 0 
44 0 0 47 0 0 
44 0 0 47 0 0 
44 0 0 47 0 0 
44 0 0 47 0 0 
44 0 0 47 0 0 
44 0 0 47 0 0 
44 0 0 47 0 0 
44 0 0 47 0 0 
44 0 0 47 0 0 
44 0 0 47 0 0 
44 0 0 47 0 0 
0 0 0 0 40 0 
0 0 0 0 40 0 
0 0 0 0 40 0 
0 0 0 0 40 0 
0 0 0 0 40 0 
0 0 0 0 40 0 
0 0 0 0 40 0 
0 0 0 0 40 0 
0 0 0 0 40 0 
0 0 0 0 40 0 
0 0 0 0 40 0 
0 0 0 0 40 0 
0 0 0 0 40 0 
0 0 0 0 40 0 
0 0 0 0 40 0 
0 41 0 0 0 50 
0 41 0 0 0 50 
0 41 0 0 0 50 
0 41 0 0 0 50 
0 41 0 0 0 50 
0 41 0 0 0 50 
0 41 0 0 0 50 
0 41 0 0 0 50 
0 41 0 0 0 50 
0 41 0 0 0 50 
0 41 0 0 0 50 
0 41 0 0 0 50 
0 41 0 0 0 50 
0 41 0 0 0 50 
0 41 0 0 0 50 
22 0 0 0 0 0 
22 0 0 0 0 0 
22 0 0 0 0 0 
22 0 0 0 0 0 
22 0 0 0 0 0 
22 0 0 0 0 0 
22 0 0 0 0 0 
22 0 0 0 0 0 
22 0 0 0 0 0 
22 0 0 0 0 0 
22 0 0 0 0 0 
22 0 0 0 0 0 
22 0 0 0 0 0 
22 0 0 0 0 0 
22 0 0 0 0 0 
0 0 0 0 58 0 
0 0 0 0 58 0 
0 0 0 0 58 0 
0 0 0 0 58 0 
0 0 0 0 58 0 
0 0 0 0 58 0 
0 0 0 0 58 0 
0 0 0 0 58 0 
0 0 0 0 58 0 
0 0 0 0 58 0 
0 0 0 0 58 0 
0 0 0 0 58 0 
0 0 0 0 58 0 
0 0 0 0 58 0 
0 0 0 0 58 0 
15 0 0 58 0 0 
15 0 0 58 0 0 
15 0 0 58 0 0 
15 0 0 58 0 0 
15 0 0 58 0 0 
15 0 0 58 0 0 
15 0 0 58 0 0 
15 0 0 58 0 0 
15 0 0 58 0 0 
15 0 0 58 0 0 
15 0 0 58 0 0 
15 0 0 58 0 0 
15 0 0 58 0 0 
15 0 0 58 0 0 
15 0 0 58 0 0 
0 0 0 35 0 0 
0 0 0 35 0 0 
0 0 0 35 0 0 
0 0 0 35 0 0 
0 0 0 35 0 0 
0 0 0 35 0 0 
0 0 0 35 0 0 
0 0 0 35 0 0 
0 0 0 35 0 0 
0 0 0 35 0 0 
0 0 0 35 0 0 
0 0 0 35 0 0 
0 0 0 35 0 0 
0 0 0 35 0 0 
0 0 0 35 0 0 
0 0 23 0 0 0 
0 0 23 0 0 0 
0 0 23 0 0 0 
0 0 23 0 0 0 
0 0 23 0 0 0 
0 0 23 0 0 0 
0 0 23 0 0 0 
0 0 23 0 0 0 
0 0 23 0 0 0 
0 0 23 0 0 0 
0 0 23 0 0 0 
0 0 23 0 0 0 
0 0 23 0 0 0 
0 0 23 0 0 0 
0 0 23 0 0 0 
0.0 0.0 0.0 0.0 0.0 0.0 
0.0 0.0 0.0 0.0 0.0 0.0 
0.0 0.0 0.0 0.0 0.0 0.0 
0.0 0.0 0.0 0.0 0.0 0.0 
0.0 0.0 0.0 0.0 0.0 0.0 
0.0 0.0 0.0 0.0 0.0 0.0 
0.0 0.0 0.0 0.0 0.0 0.0 
0.0 0.0 0.0 0.0 0.0 0.0 
0.0 0.0 0.0 0.0 0.0 0.0 
0.0 0.0 0.0 0.0 0.0 0.0 
0.0 0.0 0.0 0.0 0.0 0.0 
0.0 0.0 0.0 0.0 0.0 0.0 
0.0 0.0 0.0 0.0 0.0 0.0 
0.0 0.0 0.0 0.0 0.0 0.0 
0.0 0.0 0.0 0.0 0.0 0.0 
mind
0 0 10 17 10 0 0 0 0 0 0 0 10 18 0 0 0 0 0 0 0 0 0 0 0 0 0 0 0 20 0 0 0 18 0 0 0 0 0 0 0 0 0 0 0 0 0 0 0 0 0 0 0 0 10 0 16 0 0 0 0 0 15 0 0 0 0 0 14 0 0 0 0 29 0 0 0
maxd
0 0 20 28 27 0 0 0 0 0 0 0 18 24 0 0 0 0 0 0 0 0 0 0 0 0 0 0 0 29 0 0 0 29 0 0 0 0 0 0 0 0 0 0 0 0 0 0 0 0 0 0 0 0 24 0 29 0 0 0 0 0 25 0 0 0 0 0 27 0 0 0 0 29 0 0 0
e
0 535 804 530 754 645 812 570 635 891 681 857 662 640 725 725 949 626 856 582 948 660 699 541 931 792 566 783 942 861 830 846 894 504 612 681 901 755 546 667 910 644 736 657 574 728 501 958 937 716 680 763 624 492 738 699 706 498 549 826 874 879 886 590 867 591 555 680 607 922 554 517 591 644 888 585 0
l
99999 655 924 650 874 765 932 690 755 1011 801 977 782 760 845 845 1069 746 976 702 1068 780 819 661 1051 912 686 903 1062 981 950 966 1014 624 732 801 1021 875 666 787 1030 764 856 777 694 848 621 1078 1057 836 800 883 744 612 858 819 826 618 669 946 994 999 1006 710 987 711 675 800 727 1042 674 637 711 764 1008 705 99999
