nbNodes
77
nbVehi
15
nbServi
6
r
1 1 1 1 1 1 
0 0 1 0 0 0 
0 0 0 0 0 1 
0 0 0 1 0 0 
0 0 0 1 0 0 
0 0 0 0 1 0 
0 0 0 1 0 0 
0 0 1 1 0 0 
0 1 0 0 1 0 
0 1 0 0 1 0 
0 0 0 0 1 0 
0 1 0 0 1 0 
1 0 0 0 0 0 
0 1 0 0 0 0 
1 0 0 0 0 0 
0 0 0 0 0 1 
1 0 0 0 0 0 
0 0 0 1 0 0 
1 0 0 0 0 0 
1 0 0 1 0 0 
1 0 0 0 1 0 
0 1 0 0 1 0 
0 0 0 1 0 0 
0 1 0 0 0 0 
0 0 0 0 0 1 
0 1 0 0 1 0 
0 0 0 1 0 0 
0 0 0 0 0 1 
0 0 0 1 0 0 
0 1 0 1 0 0 
0 0 0 0 1 0 
0 0 0 0 1 0 
0 0 0 1 0 0 
0 0 0 0 0 1 
0 0 1 0 0 1 
0 0 0 0 1 0 
0 0 0 0 0 1 
0 0 1 0 0 0 
0 0 1 0 0 0 
0 1 0 1 0 0 
0 1 0 1 0 0 
1 0 0 0 0 0 
0 0 0 0 0 1 
0 0 0 1 0 0 
0 0 0 1 0 0 
0 0 0 0 0 1 
0 0 1 1 0 0 
0 0 0 1 0 0 
0 1 0 0 1 0 
0 0 1 0 0 0 
0 0 0 0 0 1 
0 0 0 0 1 0 
0 0 1 0 0 1 
1 0 0 0 0 0 
0 0 1 0 0 0 
1 0 0 0 0 0 
0 1 0 0 0 1 
0 0 1 1 0 0 
0 0 1 0 0 1 
0 0 0 0 1 0 
0 0 0 0 0 1 
1 0 0 0 1 0 
0 0 0 1 0 0 
1 0 0 0 0 0 
0 0 0 0 0 1 
0 0 1 0 0 0 
0 0 1 0 1 0 
0 0 0 1 0 0 
0 1 0 0 0 1 
0 1 0 0 1 0 
0 0 0 0 1 0 
0 0 0 1 0 0 
0 0 0 1 0 0 
0 0 1 1 0 0 
0 0 1 1 0 0 
0 0 0 1 0 0 
1 1 1 1 1 1 
DS
8 9 10 12 20 21 22 26 30 35 40 41 47 49 53 57 58 59 62 67 69 70 74 75 
a
1 1 1 0 0 0 
0 0 1 0 0 0 
0 0 1 0 0 0 
1 1 1 0 0 0 
1 1 0 0 0 0 
0 1 1 0 0 0 
1 0 1 0 0 0 
0 0 0 1 1 1 
0 0 0 1 0 1 
0 0 0 1 1 1 
0 0 0 1 0 1 
0 0 0 1 1 1 
0 0 0 0 0 1 
0 0 0 0 1 1 
0 0 0 1 1 1 
x
-30.0447 -30.0805 -30.0745 -30.108 -30.03 -30.0855 -30.0543 -30.0475 -30.0347 -30.034 -30.0645 -30.0573 -30.0325 -29.9894 -30.0289 -30.1005 -30.1173 -30.0273 -30.0215 -30.0707 -30.0268 -30.0833 -30.065 -30.0461 -30.0378 -30.032 -30.0158 -30.0432 -30.0137 -30.0684 -30.0258 -30.0447 -30.0523 -30.0611 -30.1045 -30.0647 -30.0381 -30.0411 -30.0839 -30.0662 -30.0933 -30.0112 -30.0321 -30.1119 -30.0033 -30.1158 -30.0017 -30.156 -30.0347 -30.0337 -30.0484 -29.9789 -30.0251 -29.9885 -30.0013 -30.0744 -30.037 -30.0328 -30.0902 -30.0452 -30.0831 -30.0018 -30.0447 -30.0211 -30.0449 -29.9923 -30.1108 -30.0403 -30.1528 -30.0191 -30.028 -30.0956 -30.0195 -30.0544 -30.0367 -29.9943 -30.0447
y
-51.1505 -51.1165 -51.2043 -51.1048 -51.1164 -51.2296 -51.1798 -51.1296 -51.1103 -51.1203 -51.1416 -51.1528 -51.2154 -51.1376 -51.1457 -51.2097 -51.1131 -51.1464 -51.1189 -51.1761 -51.2183 -51.1283 -51.1539 -51.1472 -51.2047 -51.1394 -51.1683 -51.1696 -51.1251 -51.214 -51.1372 -51.1355 -51.1486 -51.1459 -51.1301 -51.196 -51.1767 -51.1978 -51.1243 -51.1846 -51.1755 -51.1244 -51.1584 -51.1192 -51.0969 -51.172 -51.1008 -51.1407 -51.1113 -51.1216 -51.1711 -51.1347 -51.1318 -51.1083 -51.0929 -51.1646 -51.1103 -51.1181 -51.2357 -51.1029 -51.1152 -51.1034 -51.1505 -51.1772 -51.1561 -51.12 -51.1441 -51.1252 -51.1629 -51.1818 -51.2111 -51.2375 -51.1437 -51.1508 -51.1233 -51.1129 -51.1505
d
0.00000 12.00000 13.00000 19.00000 8.00000 18.00000 9.00000 6.00000 10.00000 7.00000 12.00000 7.00000 12.00000 15.00000 6.00000 23.00000 20.00000 5.00000 8.00000 11.00000 14.00000 12.00000 7.00000 3.00000 12.00000 7.00000 10.00000 6.00000 11.00000 15.00000 8.00000 4.00000 4.00000 8.00000 17.00000 12.00000 6.00000 11.00000 12.00000 10.00000 21.00000 11.00000 5.00000 17.00000 15.00000 23.00000 15.00000 33.00000 9.00000 8.00000 7.00000 17.00000 8.00000 14.00000 16.00000 13.00000 9.00000 8.00000 20.00000 8.00000 13.00000 14.00000 0.00000 9.00000 3.00000 16.00000 20.00000 5.00000 33.00000 9.00000 14.00000 20.00000 8.00000 5.00000 7.00000 12.00000 0.00000
15.00000 0.00000 18.00000 12.00000 17.00000 24.00000 16.00000 17.00000 16.00000 16.00000 12.00000 12.00000 21.00000 26.00000 18.00000 29.00000 13.00000 18.00000 18.00000 16.00000 24.00000 8.00000 10.00000 14.00000 20.00000 18.00000 22.00000 16.00000 20.00000 21.00000 20.00000 15.00000 12.00000 13.00000 11.00000 18.00000 17.00000 19.00000 6.00000 15.00000 21.00000 21.00000 18.00000 11.00000 24.00000 19.00000 24.00000 26.00000 15.00000 17.00000 15.00000 28.00000 19.00000 23.00000 24.00000 18.00000 15.00000 16.00000 25.00000 12.00000 2.00000 23.00000 15.00000 20.00000 14.00000 25.00000 14.00000 15.00000 29.00000 20.00000 24.00000 25.00000 20.00000 13.00000 16.00000 22.00000 15.00000
13.00000 16.00000 0.00000 23.00000 19.00000 7.00000 7.00000 17.00000 21.00000 18.00000 16.00000 14.00000 10.00000 25.00000 16.00000 12.00000 23.00000 15.00000 19.00000 7.00000 12.00000 15.00000 11.00000 14.00000 9.00000 17.00000 15.00000 11.00000 22.00000 4.00000 19.00000 15.00000 13.00000 14.00000 20.00000 5.00000 11.00000 9.00000 16.00000 6.00000 9.00000 22.00000 15.00000 21.00000 26.00000 14.00000 26.00000 27.00000 20.00000 19.00000 9.00000 27.00000 19.00000 25.00000 27.00000 13.00000 20.00000 19.00000 8.00000 19.00000 17.00000 25.00000 13.00000 13.00000 12.00000 26.00000 20.00000 16.00000 22.00000 13.00000 12.00000 9.00000 18.00000 14.00000 18.00000 23.00000 13.00000
19.00000 12.00000 22.00000 0.00000 23.00000 28.00000 20.00000 21.00000 25.00000 22.00000 16.00000 16.00000 25.00000 32.00000 22.00000 33.00000 4.00000 22.00000 23.00000 21.00000 28.00000 10.00000 14.00000 19.00000 24.00000 22.00000 26.00000 20.00000 26.00000 25.00000 24.00000 19.00000 16.00000 17.00000 11.00000 22.00000 21.00000 24.00000 11.00000 19.00000 21.00000 26.00000 22.00000 8.00000 30.00000 19.00000 30.00000 17.00000 24.00000 23.00000 19.00000 34.00000 23.00000 29.00000 31.00000 22.00000 23.00000 23.00000 29.00000 22.00000 13.00000 29.00000 19.00000 24.00000 18.00000 31.00000 14.00000 20.00000 22.00000 24.00000 28.00000 30.00000 24.00000 17.00000 22.00000 27.00000 19.00000
9.00000 17.00000 20.00000 24.00000 0.00000 26.00000 17.00000 8.00000 6.00000 4.00000 17.00000 12.00000 18.00000 12.00000 11.00000 31.00000 25.00000 11.00000 4.00000 19.00000 21.00000 17.00000 12.00000 10.00000 18.00000 9.00000 14.00000 13.00000 6.00000 23.00000 10.00000 7.00000 10.00000 13.00000 22.00000 20.00000 13.00000 18.00000 17.00000 17.00000 28.00000 6.00000 12.00000 23.00000 10.00000 28.00000 10.00000 38.00000 5.00000 4.00000 14.00000 14.00000 8.00000 9.00000 11.00000 20.00000 6.00000 3.00000 27.00000 6.00000 18.00000 9.00000 9.00000 16.00000 10.00000 11.00000 25.00000 5.00000 38.00000 16.00000 21.00000 27.00000 11.00000 11.00000 5.00000 8.00000 9.00000
19.00000 21.00000 9.00000 29.00000 25.00000 0.00000 13.00000 23.00000 26.00000 24.00000 22.00000 20.00000 15.00000 31.00000 21.00000 10.00000 29.00000 21.00000 25.00000 13.00000 17.00000 21.00000 17.00000 19.00000 15.00000 23.00000 20.00000 16.00000 28.00000 7.00000 24.00000 21.00000 19.00000 20.00000 26.00000 12.00000 17.00000 15.00000 22.00000 11.00000 15.00000 28.00000 21.00000 27.00000 31.00000 17.00000 31.00000 25.00000 25.00000 25.00000 15.00000 32.00000 25.00000 31.00000 33.00000 19.00000 25.00000 25.00000 3.00000 25.00000 23.00000 31.00000 19.00000 19.00000 18.00000 31.00000 26.00000 22.00000 20.00000 19.00000 18.00000 6.00000 24.00000 20.00000 23.00000 29.00000 19.00000
8.00000 14.00000 7.00000 21.00000 14.00000 13.00000 0.00000 12.00000 15.00000 13.00000 14.00000 11.00000 9.00000 19.00000 10.00000 17.00000 21.00000 10.00000 14.00000 8.00000 12.00000 13.00000 8.00000 9.00000 8.00000 11.00000 9.00000 5.00000 16.00000 9.00000 13.00000 9.00000 10.00000 11.00000 19.00000 6.00000 6.00000 7.00000 14.00000 6.00000 15.00000 17.00000 10.00000 19.00000 20.00000 20.00000 20.00000 33.00000 14.00000 13.00000 4.00000 21.00000 14.00000 19.00000 22.00000 12.00000 14.00000 14.00000 14.00000 14.00000 15.00000 20.00000 8.00000 8.00000 7.00000 20.00000 22.00000 11.00000 27.00000 8.00000 11.00000 14.00000 12.00000 11.00000 12.00000 18.00000 8.00000
7.00000 15.00000 18.00000 22.00000 6.00000 24.00000 14.00000 0.00000 8.00000 5.00000 14.00000 9.00000 16.00000 15.00000 8.00000 28.00000 22.00000 9.00000 7.00000 16.00000 19.00000 14.00000 9.00000 7.00000 16.00000 7.00000 14.00000 10.00000 9.00000 20.00000 9.00000 3.00000 7.00000 11.00000 20.00000 17.00000 10.00000 16.00000 15.00000 15.00000 26.00000 9.00000 9.00000 20.00000 13.00000 26.00000 13.00000 36.00000 7.00000 6.00000 11.00000 17.00000 7.00000 12.00000 14.00000 17.00000 7.00000 6.00000 25.00000 6.00000 16.00000 12.00000 7.00000 13.00000 8.00000 14.00000 23.00000 3.00000 36.00000 13.00000 18.00000 25.00000 10.00000 8.00000 5.00000 10.00000 7.00000
9.00000 17.00000 20.00000 25.00000 6.00000 26.00000 17.00000 8.00000 0.00000 5.00000 17.00000 12.00000 19.00000 16.00000 12.00000 31.00000 25.00000 12.00000 7.00000 19.00000 21.00000 17.00000 12.00000 10.00000 18.00000 10.00000 17.00000 13.00000 10.00000 23.00000 12.00000 7.00000 10.00000 13.00000 23.00000 20.00000 13.00000 18.00000 18.00000 17.00000 28.00000 10.00000 12.00000 23.00000 12.00000 28.00000 12.00000 37.00000 2.00000 5.00000 14.00000 18.00000 10.00000 13.00000 13.00000 20.00000 3.00000 5.00000 27.00000 5.00000 19.00000 12.00000 9.00000 16.00000 10.00000 14.00000 25.00000 5.00000 38.00000 16.00000 21.00000 28.00000 13.00000 11.00000 6.00000 11.00000 9.00000
7.00000 15.00000 18.00000 22.00000 3.00000 24.00000 15.00000 6.00000 5.00000 0.00000 15.00000 10.00000 16.00000 12.00000 9.00000 29.00000 23.00000 10.00000 4.00000 17.00000 19.00000 15.00000 10.00000 8.00000 16.00000 8.00000 14.00000 11.00000 6.00000 21.00000 10.00000 5.00000 8.00000 11.00000 20.00000 18.00000 11.00000 16.00000 15.00000 15.00000 26.00000 6.00000 10.00000 21.00000 10.00000 26.00000 10.00000 36.00000 5.00000 2.00000 12.00000 14.00000 8.00000 9.00000 11.00000 18.00000 5.00000 2.00000 25.00000 5.00000 16.00000 9.00000 7.00000 14.00000 8.00000 11.00000 23.00000 3.00000 36.00000 14.00000 19.00000 25.00000 11.00000 9.00000 2.00000 8.00000 7.00000
12.00000 12.00000 15.00000 19.00000 16.00000 21.00000 13.00000 14.00000 17.00000 15.00000 0.00000 9.00000 18.00000 25.00000 15.00000 26.00000 19.00000 15.00000 16.00000 13.00000 21.00000 11.00000 6.00000 11.00000 17.00000 15.00000 18.00000 12.00000 19.00000 18.00000 16.00000 12.00000 8.00000 5.00000 17.00000 15.00000 14.00000 16.00000 12.00000 12.00000 23.00000 19.00000 15.00000 17.00000 22.00000 23.00000 22.00000 33.00000 16.00000 16.00000 11.00000 26.00000 16.00000 22.00000 24.00000 14.00000 16.00000 16.00000 22.00000 16.00000 13.00000 22.00000 12.00000 17.00000 11.00000 23.00000 20.00000 13.00000 33.00000 17.00000 20.00000 22.00000 16.00000 9.00000 14.00000 20.00000 12.00000
6.00000 9.00000 12.00000 17.00000 11.00000 17.00000 8.00000 9.00000 12.00000 10.00000 9.00000 0.00000 14.00000 20.00000 10.00000 22.00000 17.00000 10.00000 11.00000 10.00000 16.00000 9.00000 4.00000 6.00000 12.00000 10.00000 14.00000 8.00000 14.00000 14.00000 12.00000 7.00000 4.00000 6.00000 15.00000 11.00000 9.00000 12.00000 10.00000 9.00000 20.00000 14.00000 10.00000 15.00000 18.00000 20.00000 17.00000 31.00000 11.00000 11.00000 7.00000 21.00000 11.00000 17.00000 19.00000 12.00000 11.00000 11.00000 19.00000 11.00000 11.00000 17.00000 6.00000 12.00000 7.00000 18.00000 17.00000 8.00000 30.00000 12.00000 16.00000 19.00000 11.00000 3.00000 9.00000 15.00000 6.00000
14.00000 20.00000 10.00000 27.00000 19.00000 15.00000 10.00000 17.00000 20.00000 18.00000 20.00000 17.00000 0.00000 19.00000 14.00000 21.00000 27.00000 14.00000 19.00000 13.00000 3.00000 19.00000 15.00000 14.00000 4.00000 16.00000 10.00000 11.00000 17.00000 10.00000 17.00000 15.00000 16.00000 18.00000 25.00000 10.00000 9.00000 6.00000 20.00000 11.00000 17.00000 21.00000 12.00000 25.00000 23.00000 22.00000 22.00000 35.00000 20.00000 19.00000 11.00000 21.00000 18.00000 19.00000 24.00000 18.00000 19.00000 19.00000 15.00000 19.00000 21.00000 22.00000 14.00000 8.00000 13.00000 20.00000 28.00000 16.00000 30.00000 8.00000 4.00000 17.00000 16.00000 17.00000 18.00000 20.00000 14.00000
15.00000 24.00000 24.00000 31.00000 12.00000 30.00000 22.00000 15.00000 16.00000 14.00000 23.00000 18.00000 19.00000 0.00000 11.00000 35.00000 31.00000 11.00000 10.00000 24.00000 18.00000 23.00000 18.00000 14.00000 19.00000 12.00000 11.00000 17.00000 8.00000 24.00000 10.00000 14.00000 16.00000 20.00000 29.00000 24.00000 17.00000 20.00000 24.00000 23.00000 32.00000 10.00000 14.00000 29.00000 12.00000 34.00000 12.00000 45.00000 15.00000 11.00000 18.00000 4.00000 10.00000 9.00000 13.00000 26.00000 15.00000 14.00000 31.00000 15.00000 25.00000 11.00000 15.00000 13.00000 15.00000 8.00000 32.00000 12.00000 44.00000 13.00000 18.00000 32.00000 9.00000 17.00000 12.00000 8.00000 15.00000
6.00000 15.00000 16.00000 22.00000 11.00000 22.00000 13.00000 9.00000 12.00000 10.00000 14.00000 9.00000 14.00000 12.00000 0.00000 27.00000 22.00000 2.00000 9.00000 14.00000 16.00000 14.00000 10.00000 6.00000 14.00000 3.00000 9.00000 8.00000 8.00000 18.00000 4.00000 6.00000 7.00000 11.00000 20.00000 15.00000 8.00000 13.00000 15.00000 13.00000 24.00000 12.00000 4.00000 20.00000 15.00000 26.00000 15.00000 36.00000 11.00000 10.00000 9.00000 14.00000 5.00000 14.00000 16.00000 16.00000 11.00000 11.00000 23.00000 11.00000 16.00000 15.00000 6.00000 9.00000 5.00000 13.00000 23.00000 8.00000 36.00000 10.00000 16.00000 23.00000 4.00000 8.00000 8.00000 13.00000 6.00000
21.00000 24.00000 12.00000 31.00000 28.00000 8.00000 16.00000 25.00000 29.00000 27.00000 25.00000 22.00000 20.00000 33.00000 24.00000 0.00000 32.00000 24.00000 28.00000 16.00000 22.00000 24.00000 20.00000 22.00000 19.00000 25.00000 23.00000 19.00000 30.00000 12.00000 27.00000 23.00000 21.00000 23.00000 26.00000 14.00000 20.00000 19.00000 24.00000 14.00000 18.00000 31.00000 23.00000 30.00000 34.00000 15.00000 34.00000 23.00000 28.00000 27.00000 18.00000 35.00000 28.00000 33.00000 36.00000 22.00000 28.00000 27.00000 8.00000 28.00000 25.00000 33.00000 21.00000 22.00000 20.00000 34.00000 24.00000 25.00000 17.00000 22.00000 22.00000 9.00000 26.00000 22.00000 26.00000 32.00000 21.00000
20.00000 13.00000 23.00000 4.00000 24.00000 29.00000 21.00000 22.00000 25.00000 23.00000 17.00000 17.00000 26.00000 33.00000 23.00000 34.00000 0.00000 23.00000 24.00000 21.00000 29.00000 10.00000 14.00000 19.00000 25.00000 23.00000 27.00000 20.00000 27.00000 26.00000 25.00000 20.00000 17.00000 17.00000 11.00000 23.00000 22.00000 24.00000 11.00000 20.00000 21.00000 27.00000 23.00000 8.00000 31.00000 19.00000 30.00000 16.00000 24.00000 24.00000 19.00000 34.00000 24.00000 30.00000 32.00000 22.00000 24.00000 24.00000 30.00000 23.00000 13.00000 30.00000 20.00000 25.00000 19.00000 31.00000 15.00000 21.00000 21.00000 25.00000 29.00000 30.00000 24.00000 17.00000 22.00000 28.00000 20.00000
6.00000 15.00000 16.00000 22.00000 11.00000 22.00000 12.00000 8.00000 12.00000 10.00000 14.00000 9.00000 13.00000 11.00000 2.00000 26.00000 22.00000 0.00000 9.00000 14.00000 16.00000 14.00000 9.00000 5.00000 13.00000 3.00000 8.00000 8.00000 8.00000 18.00000 4.00000 6.00000 7.00000 11.00000 20.00000 15.00000 8.00000 13.00000 15.00000 13.00000 24.00000 11.00000 4.00000 20.00000 15.00000 26.00000 15.00000 36.00000 11.00000 10.00000 9.00000 13.00000 5.00000 13.00000 16.00000 16.00000 11.00000 10.00000 23.00000 11.00000 16.00000 14.00000 6.00000 8.00000 5.00000 12.00000 23.00000 8.00000 36.00000 10.00000 16.00000 23.00000 3.00000 8.00000 8.00000 12.00000 6.00000
9.00000 16.00000 20.00000 24.00000 4.00000 25.00000 16.00000 7.00000 8.00000 6.00000 16.00000 11.00000 18.00000 10.00000 9.00000 30.00000 24.00000 9.00000 0.00000 18.00000 20.00000 16.00000 11.00000 9.00000 18.00000 8.00000 12.00000 12.00000 4.00000 22.00000 8.00000 7.00000 9.00000 13.00000 22.00000 19.00000 12.00000 17.00000 17.00000 16.00000 27.00000 4.00000 11.00000 22.00000 8.00000 27.00000 7.00000 38.00000 7.00000 3.00000 13.00000 12.00000 6.00000 7.00000 9.00000 19.00000 7.00000 6.00000 27.00000 7.00000 18.00000 7.00000 9.00000 13.00000 10.00000 9.00000 24.00000 4.00000 37.00000 13.00000 19.00000 27.00000 8.00000 10.00000 4.00000 5.00000 9.00000
11.00000 12.00000 7.00000 20.00000 18.00000 12.00000 6.00000 15.00000 19.00000 17.00000 13.00000 11.00000 12.00000 24.00000 14.00000 17.00000 20.00000 14.00000 18.00000 0.00000 14.00000 12.00000 8.00000 12.00000 11.00000 16.00000 14.00000 9.00000 20.00000 9.00000 17.00000 13.00000 10.00000 11.00000 18.00000 6.00000 10.00000 10.00000 13.00000 3.00000 14.00000 20.00000 14.00000 18.00000 24.00000 19.00000 24.00000 32.00000 18.00000 17.00000 8.00000 26.00000 18.00000 23.00000 26.00000 8.00000 18.00000 17.00000 14.00000 18.00000 14.00000 23.00000 11.00000 12.00000 10.00000 24.00000 20.00000 15.00000 27.00000 12.00000 14.00000 14.00000 17.00000 11.00000 16.00000 22.00000 11.00000
14.00000 20.00000 10.00000 28.00000 20.00000 16.00000 11.00000 18.00000 21.00000 19.00000 21.00000 18.00000 3.00000 17.00000 15.00000 21.00000 28.00000 14.00000 19.00000 13.00000 0.00000 20.00000 15.00000 15.00000 5.00000 16.00000 9.00000 11.00000 17.00000 10.00000 18.00000 15.00000 16.00000 18.00000 26.00000 11.00000 9.00000 6.00000 21.00000 11.00000 18.00000 20.00000 13.00000 26.00000 22.00000 23.00000 22.00000 36.00000 20.00000 20.00000 12.00000 20.00000 18.00000 19.00000 23.00000 18.00000 20.00000 20.00000 15.00000 20.00000 22.00000 21.00000 14.00000 8.00000 13.00000 19.00000 28.00000 17.00000 31.00000 7.00000 3.00000 17.00000 16.00000 17.00000 18.00000 19.00000 14.00000
12.00000 4.00000 15.00000 13.00000 16.00000 21.00000 12.00000 14.00000 17.00000 15.00000 9.00000 9.00000 18.00000 24.00000 14.00000 25.00000 13.00000 15.00000 16.00000 13.00000 20.00000 0.00000 6.00000 11.00000 17.00000 15.00000 18.00000 12.00000 18.00000 17.00000 16.00000 11.00000 8.00000 9.00000 11.00000 14.00000 13.00000 16.00000 4.00000 11.00000 18.00000 19.00000 14.00000 11.00000 22.00000 16.00000 22.00000 26.00000 16.00000 15.00000 11.00000 26.00000 16.00000 22.00000 24.00000 14.00000 16.00000 16.00000 22.00000 14.00000 6.00000 22.00000 12.00000 17.00000 11.00000 23.00000 13.00000 13.00000 26.00000 17.00000 20.00000 22.00000 16.00000 9.00000 14.00000 20.00000 12.00000
8.00000 8.00000 10.00000 15.00000 12.00000 15.00000 8.00000 10.00000 13.00000 11.00000 8.00000 5.00000 13.00000 21.00000 11.00000 20.00000 15.00000 11.00000 12.00000 8.00000 16.00000 7.00000 0.00000 7.00000 12.00000 11.00000 14.00000 8.00000 15.00000 12.00000 13.00000 8.00000 5.00000 5.00000 13.00000 9.00000 9.00000 11.00000 8.00000 6.00000 17.00000 15.00000 11.00000 13.00000 19.00000 18.00000 18.00000 29.00000 12.00000 12.00000 6.00000 22.00000 12.00000 18.00000 20.00000 10.00000 12.00000 12.00000 16.00000 12.00000 9.00000 18.00000 8.00000 12.00000 7.00000 19.00000 16.00000 9.00000 28.00000 12.00000 16.00000 17.00000 12.00000 5.00000 10.00000 16.00000 8.00000
3.00000 11.00000 13.00000 19.00000 8.00000 19.00000 10.00000 5.00000 9.00000 7.00000 11.00000 6.00000 12.00000 16.00000 6.00000 24.00000 19.00000 6.00000 8.00000 12.00000 15.00000 11.00000 6.00000 0.00000 12.00000 6.00000 11.00000 7.00000 10.00000 16.00000 7.00000 3.00000 4.00000 7.00000 17.00000 13.00000 7.00000 12.00000 12.00000 10.00000 21.00000 10.00000 6.00000 17.00000 14.00000 22.00000 14.00000 33.00000 8.00000 7.00000 8.00000 17.00000 8.00000 13.00000 16.00000 14.00000 8.00000 7.00000 20.00000 8.00000 13.00000 13.00000 3.00000 10.00000 4.00000 15.00000 19.00000 5.00000 32.00000 10.00000 15.00000 20.00000 7.00000 5.00000 6.00000 12.00000 3.00000
10.00000 16.00000 8.00000 23.00000 16.00000 13.00000 7.00000 13.00000 17.00000 15.00000 17.00000 14.00000 5.00000 20.00000 12.00000 18.00000 24.00000 12.00000 16.00000 9.00000 7.00000 16.00000 11.00000 10.00000 0.00000 13.00000 10.00000 7.00000 17.00000 7.00000 15.00000 11.00000 12.00000 14.00000 22.00000 7.00000 8.00000 2.00000 17.00000 7.00000 15.00000 18.00000 11.00000 22.00000 22.00000 20.00000 22.00000 33.00000 16.00000 15.00000 8.00000 22.00000 16.00000 21.00000 24.00000 14.00000 16.00000 15.00000 14.00000 16.00000 17.00000 21.00000 10.00000 8.00000 9.00000 21.00000 24.00000 13.00000 28.00000 8.00000 7.00000 15.00000 14.00000 13.00000 14.00000 20.00000 10.00000
7.00000 15.00000 18.00000 23.00000 9.00000 23.00000 14.00000 7.00000 10.00000 8.00000 15.00000 10.00000 15.00000 13.00000 3.00000 28.00000 23.00000 3.00000 7.00000 16.00000 18.00000 15.00000 10.00000 6.00000 15.00000 0.00000 11.00000 10.00000 8.00000 20.00000 3.00000 5.00000 8.00000 11.00000 21.00000 17.00000 10.00000 14.00000 16.00000 15.00000 26.00000 10.00000 6.00000 21.00000 14.00000 26.00000 13.00000 36.00000 10.00000 8.00000 11.00000 14.00000 4.00000 13.00000 15.00000 18.00000 9.00000 9.00000 25.00000 9.00000 16.00000 13.00000 7.00000 10.00000 7.00000 13.00000 23.00000 6.00000 36.00000 12.00000 18.00000 25.00000 5.00000 9.00000 7.00000 11.00000 7.00000
8.00000 18.00000 15.00000 25.00000 14.00000 21.00000 13.00000 12.00000 15.00000 13.00000 18.00000 13.00000 10.00000 12.00000 7.00000 26.00000 26.00000 6.00000 11.00000 15.00000 10.00000 18.00000 13.00000 9.00000 10.00000 9.00000 0.00000 8.00000 9.00000 15.00000 10.00000 10.00000 11.00000 14.00000 23.00000 14.00000 7.00000 10.00000 18.00000 13.00000 23.00000 13.00000 5.00000 23.00000 16.00000 28.00000 16.00000 39.00000 14.00000 12.00000 9.00000 13.00000 10.00000 13.00000 17.00000 17.00000 14.00000 14.00000 22.00000 14.00000 19.00000 16.00000 8.00000 4.00000 8.00000 12.00000 26.00000 11.00000 36.00000 4.00000 9.00000 22.00000 8.00000 11.00000 12.00000 12.00000 8.00000
5.00000 12.00000 9.00000 20.00000 10.00000 15.00000 6.00000 8.00000 12.00000 9.00000 13.00000 9.00000 9.00000 16.00000 7.00000 20.00000 20.00000 6.00000 10.00000 8.00000 11.00000 12.00000 7.00000 5.00000 9.00000 8.00000 8.00000 0.00000 13.00000 12.00000 10.00000 6.00000 7.00000 10.00000 18.00000 9.00000 3.00000 8.00000 13.00000 7.00000 17.00000 13.00000 6.00000 18.00000 17.00000 22.00000 17.00000 34.00000 11.00000 10.00000 2.00000 18.00000 10.00000 16.00000 18.00000 10.00000 11.00000 10.00000 16.00000 10.00000 14.00000 16.00000 5.00000 6.00000 4.00000 17.00000 20.00000 7.00000 30.00000 6.00000 11.00000 16.00000 9.00000 8.00000 9.00000 14.00000 5.00000
10.00000 18.00000 21.00000 26.00000 6.00000 27.00000 18.00000 9.00000 10.00000 7.00000 18.00000 13.00000 18.00000 8.00000 9.00000 32.00000 26.00000 8.00000 4.00000 20.00000 18.00000 18.00000 13.00000 11.00000 18.00000 8.00000 10.00000 14.00000 0.00000 23.00000 6.00000 8.00000 11.00000 14.00000 24.00000 21.00000 14.00000 19.00000 19.00000 18.00000 29.00000 5.00000 12.00000 24.00000 9.00000 29.00000 8.00000 39.00000 9.00000 5.00000 15.00000 10.00000 5.00000 8.00000 9.00000 21.00000 9.00000 8.00000 28.00000 9.00000 19.00000 8.00000 10.00000 11.00000 11.00000 8.00000 26.00000 6.00000 39.00000 11.00000 17.00000 28.00000 6.00000 12.00000 6.00000 6.00000 10.00000
15.00000 18.00000 3.00000 25.00000 21.00000 7.00000 9.00000 19.00000 23.00000 20.00000 18.00000 16.00000 10.00000 26.00000 18.00000 13.00000 25.00000 17.00000 21.00000 9.00000 12.00000 17.00000 13.00000 16.00000 9.00000 19.00000 16.00000 13.00000 23.00000 0.00000 21.00000 17.00000 15.00000 16.00000 22.00000 5.00000 13.00000 9.00000 18.00000 7.00000 11.00000 24.00000 17.00000 23.00000 28.00000 16.00000 28.00000 28.00000 22.00000 21.00000 11.00000 28.00000 21.00000 27.00000 29.00000 15.00000 21.00000 21.00000 8.00000 21.00000 19.00000 27.00000 15.00000 14.00000 14.00000 27.00000 22.00000 18.00000 23.00000 14.00000 13.00000 10.00000 20.00000 16.00000 20.00000 25.00000 15.00000
7.00000 16.00000 18.00000 23.00000 10.00000 24.00000 15.00000 8.00000 12.00000 9.00000 16.00000 10.00000 16.00000 11.00000 4.00000 29.00000 24.00000 4.00000 7.00000 17.00000 19.00000 16.00000 11.00000 7.00000 16.00000 3.00000 11.00000 10.00000 7.00000 21.00000 0.00000 6.00000 9.00000 12.00000 21.00000 17.00000 10.00000 15.00000 16.00000 15.00000 26.00000 10.00000 7.00000 21.00000 13.00000 27.00000 13.00000 37.00000 11.00000 9.00000 11.00000 12.00000 4.00000 12.00000 15.00000 18.00000 11.00000 10.00000 25.00000 10.00000 17.00000 13.00000 7.00000 11.00000 8.00000 11.00000 24.00000 7.00000 37.00000 12.00000 18.00000 25.00000 4.00000 9.00000 8.00000 11.00000 7.00000
5.00000 12.00000 15.00000 20.00000 6.00000 21.00000 12.00000 4.00000 7.00000 5.00000 12.00000 7.00000 14.00000 15.00000 7.00000 26.00000 20.00000 7.00000 6.00000 14.00000 16.00000 12.00000 7.00000 5.00000 14.00000 5.00000 12.00000 8.00000 9.00000 18.00000 7.00000 0.00000 5.00000 8.00000 18.00000 15.00000 8.00000 13.00000 13.00000 12.00000 23.00000 9.00000 7.00000 18.00000 12.00000 23.00000 12.00000 33.00000 6.00000 6.00000 9.00000 16.00000 5.00000 12.00000 14.00000 15.00000 6.00000 6.00000 22.00000 6.00000 13.00000 12.00000 5.00000 11.00000 6.00000 13.00000 20.00000 3.00000 33.00000 11.00000 16.00000 22.00000 8.00000 6.00000 4.00000 10.00000 5.00000
4.00000 9.00000 12.00000 16.00000 9.00000 17.00000 8.00000 7.00000 10.00000 8.00000 8.00000 3.00000 14.00000 18.00000 8.00000 22.00000 16.00000 8.00000 9.00000 10.00000 16.00000 8.00000 3.00000 4.00000 13.00000 8.00000 13.00000 8.00000 12.00000 14.00000 10.00000 5.00000 0.00000 5.00000 14.00000 11.00000 9.00000 12.00000 9.00000 9.00000 20.00000 12.00000 8.00000 14.00000 16.00000 20.00000 15.00000 30.00000 10.00000 9.00000 7.00000 20.00000 9.00000 15.00000 17.00000 11.00000 9.00000 9.00000 19.00000 9.00000 10.00000 15.00000 4.00000 12.00000 5.00000 17.00000 17.00000 6.00000 30.00000 12.00000 16.00000 19.00000 10.00000 2.00000 8.00000 13.00000 4.00000
8.00000 10.00000 13.00000 17.00000 12.00000 18.00000 9.00000 10.00000 13.00000 11.00000 5.00000 6.00000 15.00000 21.00000 11.00000 23.00000 17.00000 11.00000 12.00000 11.00000 17.00000 9.00000 4.00000 7.00000 13.00000 11.00000 15.00000 9.00000 15.00000 15.00000 13.00000 8.00000 4.00000 0.00000 15.00000 12.00000 10.00000 13.00000 10.00000 9.00000 21.00000 15.00000 11.00000 15.00000 18.00000 20.00000 18.00000 31.00000 12.00000 12.00000 8.00000 22.00000 12.00000 18.00000 20.00000 12.00000 12.00000 12.00000 20.00000 12.00000 11.00000 18.00000 8.00000 13.00000 8.00000 19.00000 18.00000 9.00000 30.00000 13.00000 17.00000 20.00000 12.00000 5.00000 10.00000 16.00000 8.00000
17.00000 10.00000 20.00000 10.00000 21.00000 25.00000 18.00000 19.00000 22.00000 20.00000 14.00000 14.00000 23.00000 30.00000 20.00000 26.00000 10.00000 20.00000 21.00000 19.00000 26.00000 8.00000 12.00000 16.00000 22.00000 20.00000 24.00000 18.00000 24.00000 22.00000 22.00000 17.00000 14.00000 15.00000 0.00000 20.00000 19.00000 22.00000 9.00000 17.00000 14.00000 24.00000 20.00000 8.00000 28.00000 12.00000 27.00000 22.00000 22.00000 21.00000 17.00000 32.00000 21.00000 27.00000 29.00000 20.00000 21.00000 21.00000 26.00000 20.00000 11.00000 27.00000 17.00000 22.00000 16.00000 29.00000 8.00000 18.00000 22.00000 22.00000 26.00000 26.00000 22.00000 15.00000 20.00000 25.00000 17.00000
12.00000 14.00000 4.00000 21.00000 19.00000 9.00000 6.00000 16.00000 20.00000 18.00000 14.00000 12.00000 10.00000 24.00000 15.00000 14.00000 21.00000 15.00000 19.00000 6.00000 12.00000 13.00000 9.00000 13.00000 8.00000 16.00000 14.00000 10.00000 21.00000 5.00000 18.00000 14.00000 11.00000 12.00000 19.00000 0.00000 11.00000 8.00000 14.00000 4.00000 11.00000 22.00000 14.00000 19.00000 25.00000 16.00000 25.00000 29.00000 19.00000 18.00000 9.00000 26.00000 19.00000 24.00000 27.00000 11.00000 19.00000 18.00000 11.00000 19.00000 15.00000 24.00000 12.00000 13.00000 11.00000 25.00000 22.00000 16.00000 24.00000 13.00000 12.00000 11.00000 17.00000 12.00000 17.00000 23.00000 12.00000
6.00000 14.00000 9.00000 21.00000 12.00000 15.00000 7.00000 10.00000 13.00000 11.00000 14.00000 10.00000 7.00000 17.00000 8.00000 20.00000 21.00000 8.00000 12.00000 10.00000 10.00000 13.00000 8.00000 7.00000 7.00000 9.00000 7.00000 3.00000 14.00000 12.00000 11.00000 7.00000 8.00000 11.00000 19.00000 9.00000 0.00000 7.00000 14.00000 8.00000 17.00000 15.00000 7.00000 19.00000 18.00000 22.00000 18.00000 35.00000 12.00000 11.00000 4.00000 19.00000 12.00000 18.00000 20.00000 12.00000 12.00000 12.00000 16.00000 12.00000 15.00000 18.00000 6.00000 5.00000 5.00000 17.00000 22.00000 9.00000 30.00000 5.00000 10.00000 17.00000 10.00000 9.00000 10.00000 16.00000 6.00000
10.00000 16.00000 9.00000 23.00000 16.00000 15.00000 7.00000 13.00000 17.00000 15.00000 17.00000 14.00000 4.00000 20.00000 12.00000 19.00000 24.00000 12.00000 16.00000 9.00000 7.00000 16.00000 11.00000 11.00000 4.00000 13.00000 10.00000 7.00000 18.00000 9.00000 15.00000 11.00000 12.00000 14.00000 21.00000 7.00000 7.00000 0.00000 16.00000 7.00000 16.00000 18.00000 10.00000 22.00000 22.00000 21.00000 22.00000 34.00000 16.00000 15.00000 8.00000 22.00000 16.00000 21.00000 24.00000 14.00000 16.00000 15.00000 16.00000 16.00000 17.00000 21.00000 10.00000 9.00000 9.00000 21.00000 24.00000 13.00000 29.00000 9.00000 7.00000 16.00000 14.00000 13.00000 14.00000 20.00000 10.00000
13.00000 5.00000 17.00000 11.00000 17.00000 22.00000 14.00000 15.00000 19.00000 16.00000 10.00000 11.00000 19.00000 26.00000 16.00000 27.00000 11.00000 16.00000 18.00000 15.00000 22.00000 4.00000 8.00000 13.00000 18.00000 16.00000 20.00000 14.00000 20.00000 19.00000 18.00000 13.00000 10.00000 11.00000 9.00000 16.00000 15.00000 18.00000 0.00000 13.00000 19.00000 20.00000 16.00000 9.00000 24.00000 17.00000 24.00000 25.00000 18.00000 17.00000 13.00000 28.00000 17.00000 23.00000 25.00000 16.00000 18.00000 17.00000 23.00000 15.00000 6.00000 23.00000 13.00000 18.00000 12.00000 25.00000 13.00000 14.00000 27.00000 18.00000 22.00000 24.00000 18.00000 11.00000 16.00000 21.00000 13.00000
9.00000 12.00000 5.00000 19.00000 16.00000 10.00000 3.00000 13.00000 17.00000 14.00000 12.00000 10.00000 9.00000 21.00000 12.00000 15.00000 19.00000 12.00000 16.00000 4.00000 12.00000 11.00000 7.00000 10.00000 8.00000 13.00000 11.00000 7.00000 18.00000 7.00000 15.00000 11.00000 9.00000 10.00000 17.00000 4.00000 8.00000 7.00000 12.00000 0.00000 13.00000 18.00000 11.00000 17.00000 22.00000 18.00000 22.00000 30.00000 16.00000 15.00000 5.00000 23.00000 15.00000 21.00000 23.00000 9.00000 16.00000 15.00000 12.00000 16.00000 13.00000 21.00000 9.00000 9.00000 8.00000 22.00000 20.00000 13.00000 25.00000 9.00000 12.00000 12.00000 14.00000 10.00000 14.00000 20.00000 9.00000
19.00000 18.00000 9.00000 20.00000 25.00000 14.00000 13.00000 23.00000 27.00000 24.00000 22.00000 20.00000 17.00000 31.00000 22.00000 17.00000 21.00000 22.00000 26.00000 14.00000 19.00000 16.00000 17.00000 20.00000 16.00000 23.00000 21.00000 17.00000 28.00000 11.00000 25.00000 21.00000 19.00000 20.00000 14.00000 12.00000 18.00000 16.00000 18.00000 12.00000 0.00000 28.00000 21.00000 18.00000 32.00000 8.00000 32.00000 21.00000 26.00000 25.00000 15.00000 33.00000 25.00000 31.00000 33.00000 17.00000 26.00000 25.00000 16.00000 25.00000 19.00000 31.00000 19.00000 19.00000 18.00000 32.00000 14.00000 22.00000 16.00000 19.00000 19.00000 16.00000 24.00000 20.00000 24.00000 30.00000 19.00000
14.00000 22.00000 23.00000 29.00000 10.00000 29.00000 21.00000 13.00000 13.00000 11.00000 22.00000 16.00000 18.00000 8.00000 10.00000 34.00000 30.00000 9.00000 8.00000 23.00000 18.00000 22.00000 17.00000 13.00000 18.00000 10.00000 10.00000 16.00000 5.00000 23.00000 8.00000 12.00000 14.00000 18.00000 27.00000 22.00000 15.00000 19.00000 22.00000 21.00000 31.00000 0.00000 13.00000 27.00000 11.00000 33.00000 11.00000 43.00000 13.00000 8.00000 17.00000 10.00000 7.00000 9.00000 13.00000 24.00000 12.00000 12.00000 30.00000 12.00000 23.00000 10.00000 14.00000 11.00000 14.00000 8.00000 30.00000 10.00000 43.00000 11.00000 17.00000 30.00000 8.00000 15.00000 9.00000 8.00000 14.00000
5.00000 15.00000 14.00000 22.00000 11.00000 20.00000 11.00000 9.00000 12.00000 10.00000 14.00000 9.00000 12.00000 14.00000 5.00000 25.00000 22.00000 4.00000 11.00000 13.00000 14.00000 14.00000 10.00000 6.00000 11.00000 6.00000 7.00000 6.00000 11.00000 17.00000 7.00000 6.00000 7.00000 11.00000 20.00000 13.00000 6.00000 11.00000 15.00000 12.00000 22.00000 14.00000 0.00000 20.00000 17.00000 26.00000 17.00000 36.00000 11.00000 10.00000 7.00000 16.00000 8.00000 15.00000 19.00000 15.00000 11.00000 11.00000 21.00000 11.00000 16.00000 17.00000 5.00000 6.00000 5.00000 14.00000 23.00000 8.00000 35.00000 8.00000 14.00000 21.00000 7.00000 8.00000 9.00000 14.00000 5.00000
18.00000 11.00000 22.00000 7.00000 23.00000 27.00000 19.00000 20.00000 24.00000 21.00000 16.00000 16.00000 25.00000 31.00000 21.00000 32.00000 7.00000 21.00000 23.00000 20.00000 27.00000 9.00000 13.00000 18.00000 23.00000 22.00000 25.00000 19.00000 25.00000 24.00000 23.00000 18.00000 15.00000 16.00000 10.00000 21.00000 20.00000 23.00000 10.00000 18.00000 20.00000 25.00000 21.00000 0.00000 29.00000 18.00000 29.00000 20.00000 23.00000 22.00000 18.00000 33.00000 22.00000 28.00000 30.00000 21.00000 23.00000 22.00000 29.00000 22.00000 12.00000 28.00000 18.00000 23.00000 18.00000 30.00000 14.00000 19.00000 25.00000 23.00000 27.00000 29.00000 23.00000 16.00000 21.00000 27.00000 18.00000
15.00000 23.00000 26.00000 30.00000 11.00000 32.00000 22.00000 13.00000 12.00000 12.00000 22.00000 17.00000 24.00000 12.00000 15.00000 36.00000 30.00000 15.00000 8.00000 24.00000 23.00000 22.00000 17.00000 15.00000 24.00000 14.00000 16.00000 18.00000 9.00000 28.00000 14.00000 13.00000 15.00000 19.00000 28.00000 25.00000 18.00000 24.00000 23.00000 23.00000 34.00000 8.00000 17.00000 28.00000 0.00000 34.00000 2.00000 41.00000 12.00000 9.00000 19.00000 14.00000 12.00000 6.00000 3.00000 25.00000 12.00000 12.00000 33.00000 12.00000 24.00000 3.00000 15.00000 17.00000 16.00000 9.00000 31.00000 11.00000 44.00000 17.00000 23.00000 33.00000 14.00000 16.00000 10.00000 5.00000 15.00000
23.00000 16.00000 14.00000 18.00000 27.00000 16.00000 18.00000 25.00000 28.00000 26.00000 20.00000 20.00000 22.00000 36.00000 26.00000 15.00000 18.00000 26.00000 27.00000 19.00000 24.00000 14.00000 18.00000 22.00000 21.00000 26.00000 26.00000 22.00000 30.00000 16.00000 28.00000 23.00000 20.00000 20.00000 12.00000 16.00000 23.00000 21.00000 15.00000 17.00000 8.00000 30.00000 26.00000 16.00000 34.00000 0.00000 33.00000 16.00000 28.00000 27.00000 20.00000 38.00000 27.00000 33.00000 35.00000 23.00000 27.00000 27.00000 16.00000 26.00000 17.00000 33.00000 23.00000 24.00000 22.00000 35.00000 10.00000 24.00000 11.00000 24.00000 24.00000 16.00000 27.00000 21.00000 26.00000 31.00000 23.00000
14.00000 22.00000 25.00000 30.00000 10.00000 31.00000 22.00000 13.00000 12.00000 11.00000 22.00000 17.00000 24.00000 12.00000 15.00000 36.00000 30.00000 15.00000 8.00000 24.00000 22.00000 22.00000 17.00000 15.00000 23.00000 13.00000 16.00000 18.00000 8.00000 28.00000 13.00000 12.00000 15.00000 18.00000 28.00000 25.00000 18.00000 23.00000 23.00000 22.00000 33.00000 8.00000 17.00000 28.00000 2.00000 33.00000 0.00000 41.00000 12.00000 9.00000 19.00000 13.00000 12.00000 5.00000 3.00000 25.00000 13.00000 12.00000 32.00000 12.00000 23.00000 2.00000 14.00000 17.00000 15.00000 8.00000 30.00000 10.00000 43.00000 17.00000 23.00000 32.00000 13.00000 16.00000 10.00000 5.00000 14.00000
33.00000 26.00000 26.00000 18.00000 37.00000 23.00000 30.00000 35.00000 37.00000 36.00000 30.00000 30.00000 34.00000 46.00000 36.00000 22.00000 16.00000 36.00000 37.00000 31.00000 37.00000 24.00000 28.00000 33.00000 33.00000 36.00000 38.00000 34.00000 40.00000 27.00000 38.00000 33.00000 30.00000 31.00000 22.00000 29.00000 35.00000 34.00000 25.00000 29.00000 21.00000 40.00000 36.00000 22.00000 40.00000 15.00000 41.00000 0.00000 36.00000 37.00000 32.00000 48.00000 37.00000 43.00000 41.00000 36.00000 36.00000 37.00000 23.00000 33.00000 27.00000 41.00000 33.00000 36.00000 32.00000 45.00000 16.00000 34.00000 6.00000 36.00000 37.00000 23.00000 38.00000 31.00000 36.00000 41.00000 33.00000
9.00000 17.00000 20.00000 24.00000 5.00000 25.00000 16.00000 7.00000 2.00000 5.00000 16.00000 11.00000 18.00000 15.00000 11.00000 30.00000 24.00000 11.00000 7.00000 18.00000 20.00000 16.00000 11.00000 9.00000 18.00000 10.00000 16.00000 12.00000 9.00000 22.00000 11.00000 7.00000 9.00000 13.00000 22.00000 19.00000 12.00000 17.00000 17.00000 17.00000 28.00000 9.00000 11.00000 22.00000 12.00000 28.00000 13.00000 36.00000 0.00000 5.00000 13.00000 17.00000 10.00000 12.00000 13.00000 19.00000 3.00000 4.00000 27.00000 4.00000 18.00000 12.00000 9.00000 15.00000 10.00000 14.00000 25.00000 4.00000 38.00000 15.00000 20.00000 27.00000 13.00000 10.00000 5.00000 11.00000 9.00000
6.00000 14.00000 17.00000 21.00000 4.00000 23.00000 14.00000 5.00000 5.00000 3.00000 14.00000 8.00000 15.00000 13.00000 8.00000 28.00000 22.00000 9.00000 4.00000 15.00000 18.00000 14.00000 9.00000 7.00000 15.00000 7.00000 14.00000 9.00000 7.00000 19.00000 9.00000 4.00000 7.00000 10.00000 19.00000 16.00000 9.00000 15.00000 14.00000 14.00000 25.00000 7.00000 8.00000 19.00000 11.00000 25.00000 10.00000 35.00000 5.00000 0.00000 10.00000 15.00000 7.00000 10.00000 12.00000 16.00000 4.00000 4.00000 24.00000 4.00000 15.00000 10.00000 6.00000 13.00000 7.00000 12.00000 22.00000 2.00000 35.00000 13.00000 18.00000 24.00000 10.00000 7.00000 1.00000 8.00000 6.00000
6.00000 12.00000 9.00000 19.00000 12.00000 15.00000 6.00000 10.00000 13.00000 11.00000 12.00000 9.00000 10.00000 18.00000 8.00000 20.00000 19.00000 8.00000 12.00000 8.00000 12.00000 11.00000 6.00000 7.00000 9.00000 10.00000 9.00000 2.00000 15.00000 12.00000 11.00000 8.00000 7.00000 9.00000 17.00000 9.00000 4.00000 9.00000 12.00000 6.00000 17.00000 15.00000 7.00000 17.00000 19.00000 22.00000 18.00000 33.00000 12.00000 12.00000 0.00000 20.00000 12.00000 18.00000 20.00000 10.00000 12.00000 12.00000 16.00000 12.00000 13.00000 18.00000 6.00000 7.00000 5.00000 18.00000 20.00000 9.00000 30.00000 7.00000 12.00000 16.00000 11.00000 8.00000 11.00000 16.00000 6.00000
18.00000 27.00000 26.00000 34.00000 15.00000 32.00000 24.00000 18.00000 18.00000 16.00000 26.00000 21.00000 21.00000 4.00000 14.00000 37.00000 34.00000 13.00000 13.00000 26.00000 20.00000 26.00000 21.00000 17.00000 21.00000 15.00000 13.00000 19.00000 10.00000 26.00000 13.00000 17.00000 19.00000 23.00000 32.00000 26.00000 19.00000 22.00000 27.00000 25.00000 34.00000 11.00000 16.00000 32.00000 13.00000 37.00000 12.00000 48.00000 18.00000 13.00000 20.00000 0.00000 13.00000 10.00000 14.00000 28.00000 17.00000 17.00000 33.00000 17.00000 28.00000 12.00000 18.00000 15.00000 18.00000 9.00000 35.00000 15.00000 47.00000 15.00000 20.00000 34.00000 12.00000 20.00000 14.00000 9.00000 18.00000
7.00000 15.00000 19.00000 23.00000 8.00000 24.00000 15.00000 7.00000 11.00000 8.00000 15.00000 10.00000 17.00000 11.00000 5.00000 29.00000 23.00000 5.00000 5.00000 17.00000 19.00000 15.00000 10.00000 8.00000 16.00000 4.00000 11.00000 11.00000 5.00000 21.00000 4.00000 5.00000 8.00000 11.00000 21.00000 18.00000 11.00000 16.00000 16.00000 15.00000 26.00000 8.00000 8.00000 21.00000 12.00000 26.00000 11.00000 37.00000 10.00000 6.00000 12.00000 12.00000 0.00000 11.00000 13.00000 18.00000 10.00000 9.00000 25.00000 9.00000 17.00000 11.00000 7.00000 12.00000 8.00000 11.00000 23.00000 6.00000 36.00000 13.00000 18.00000 26.00000 5.00000 9.00000 7.00000 9.00000 7.00000
14.00000 22.00000 25.00000 29.00000 10.00000 31.00000 22.00000 13.00000 13.00000 11.00000 22.00000 16.00000 20.00000 8.00000 14.00000 36.00000 30.00000 14.00000 8.00000 23.00000 17.00000 22.00000 17.00000 15.00000 21.00000 13.00000 13.00000 18.00000 8.00000 26.00000 13.00000 12.00000 15.00000 18.00000 27.00000 24.00000 17.00000 22.00000 22.00000 22.00000 33.00000 8.00000 16.00000 27.00000 6.00000 33.00000 5.00000 43.00000 13.00000 9.00000 18.00000 9.00000 11.00000 0.00000 6.00000 24.00000 12.00000 12.00000 32.00000 12.00000 23.00000 5.00000 14.00000 15.00000 15.00000 5.00000 30.00000 10.00000 43.00000 15.00000 19.00000 32.00000 12.00000 15.00000 9.00000 2.00000 14.00000
16.00000 24.00000 27.00000 31.00000 12.00000 33.00000 24.00000 15.00000 13.00000 13.00000 24.00000 18.00000 25.00000 13.00000 16.00000 38.00000 32.00000 16.00000 9.00000 25.00000 23.00000 24.00000 19.00000 17.00000 25.00000 15.00000 17.00000 20.00000 10.00000 30.00000 15.00000 14.00000 17.00000 20.00000 29.00000 27.00000 19.00000 25.00000 24.00000 24.00000 35.00000 9.00000 18.00000 29.00000 2.00000 35.00000 4.00000 41.00000 13.00000 11.00000 21.00000 14.00000 13.00000 6.00000 0.00000 27.00000 14.00000 13.00000 34.00000 13.00000 25.00000 4.00000 16.00000 18.00000 17.00000 9.00000 32.00000 12.00000 45.00000 18.00000 24.00000 34.00000 15.00000 17.00000 11.00000 7.00000 16.00000
13.00000 13.00000 13.00000 21.00000 18.00000 19.00000 12.00000 16.00000 20.00000 17.00000 14.00000 12.00000 17.00000 26.00000 17.00000 24.00000 21.00000 16.00000 19.00000 8.00000 20.00000 13.00000 8.00000 14.00000 16.00000 18.00000 18.00000 12.00000 21.00000 16.00000 19.00000 14.00000 11.00000 12.00000 19.00000 13.00000 13.00000 15.00000 14.00000 10.00000 17.00000 21.00000 16.00000 19.00000 25.00000 23.00000 25.00000 34.00000 19.00000 18.00000 11.00000 28.00000 18.00000 24.00000 26.00000 0.00000 19.00000 18.00000 20.00000 18.00000 14.00000 24.00000 13.00000 16.00000 12.00000 26.00000 21.00000 15.00000 31.00000 16.00000 20.00000 20.00000 19.00000 12.00000 17.00000 23.00000 13.00000
8.00000 16.00000 19.00000 24.00000 6.00000 25.00000 16.00000 7.00000 3.00000 5.00000 16.00000 11.00000 18.00000 15.00000 11.00000 30.00000 24.00000 11.00000 7.00000 18.00000 20.00000 16.00000 11.00000 9.00000 17.00000 9.00000 16.00000 12.00000 9.00000 22.00000 11.00000 6.00000 9.00000 12.00000 22.00000 19.00000 12.00000 17.00000 17.00000 16.00000 27.00000 9.00000 11.00000 22.00000 13.00000 27.00000 13.00000 36.00000 3.00000 6.00000 13.00000 17.00000 9.00000 12.00000 13.00000 19.00000 0.00000 5.00000 26.00000 4.00000 18.00000 12.00000 8.00000 15.00000 9.00000 14.00000 24.00000 4.00000 37.00000 15.00000 20.00000 27.00000 12.00000 10.00000 5.00000 10.00000 8.00000
8.00000 16.00000 19.00000 23.00000 3.00000 25.00000 15.00000 7.00000 5.00000 2.00000 15.00000 10.00000 17.00000 13.00000 10.00000 29.00000 23.00000 10.00000 4.00000 17.00000 20.00000 15.00000 10.00000 9.00000 17.00000 9.00000 15.00000 11.00000 7.00000 21.00000 10.00000 6.00000 8.00000 12.00000 21.00000 18.00000 11.00000 17.00000 16.00000 16.00000 27.00000 7.00000 10.00000 21.00000 11.00000 27.00000 10.00000 37.00000 4.00000 2.00000 12.00000 15.00000 8.00000 10.00000 12.00000 18.00000 5.00000 0.00000 26.00000 5.00000 17.00000 10.00000 8.00000 14.00000 9.00000 12.00000 24.00000 4.00000 37.00000 14.00000 19.00000 26.00000 11.00000 9.00000 3.00000 8.00000 8.00000
20.00000 23.00000 10.00000 30.00000 26.00000 3.00000 14.00000 24.00000 27.00000 25.00000 23.00000 21.00000 14.00000 32.00000 23.00000 9.00000 30.00000 22.00000 26.00000 14.00000 17.00000 22.00000 18.00000 21.00000 15.00000 24.00000 22.00000 17.00000 29.00000 8.00000 25.00000 22.00000 20.00000 21.00000 27.00000 13.00000 18.00000 16.00000 23.00000 12.00000 16.00000 29.00000 22.00000 28.00000 33.00000 17.00000 32.00000 25.00000 27.00000 26.00000 16.00000 34.00000 26.00000 32.00000 34.00000 20.00000 26.00000 26.00000 0.00000 26.00000 24.00000 32.00000 20.00000 20.00000 19.00000 32.00000 26.00000 23.00000 19.00000 20.00000 18.00000 5.00000 25.00000 21.00000 25.00000 30.00000 20.00000
8.00000 14.00000 19.00000 23.00000 6.00000 25.00000 16.00000 7.00000 5.00000 5.00000 16.00000 11.00000 17.00000 15.00000 10.00000 30.00000 23.00000 11.00000 6.00000 18.00000 20.00000 14.00000 11.00000 9.00000 17.00000 9.00000 16.00000 12.00000 9.00000 22.00000 11.00000 6.00000 9.00000 12.00000 21.00000 19.00000 12.00000 17.00000 15.00000 16.00000 27.00000 9.00000 11.00000 21.00000 12.00000 26.00000 12.00000 33.00000 4.00000 6.00000 13.00000 17.00000 9.00000 12.00000 13.00000 19.00000 4.00000 5.00000 26.00000 0.00000 15.00000 12.00000 8.00000 15.00000 9.00000 14.00000 24.00000 4.00000 36.00000 15.00000 20.00000 26.00000 12.00000 10.00000 5.00000 10.00000 8.00000
16.00000 2.00000 20.00000 13.00000 18.00000 25.00000 17.00000 18.00000 17.00000 17.00000 13.00000 14.00000 23.00000 28.00000 19.00000 30.00000 13.00000 19.00000 19.00000 18.00000 25.00000 9.00000 11.00000 16.00000 21.00000 20.00000 23.00000 17.00000 22.00000 22.00000 21.00000 16.00000 13.00000 14.00000 11.00000 19.00000 18.00000 21.00000 7.00000 16.00000 21.00000 22.00000 19.00000 11.00000 25.00000 19.00000 25.00000 27.00000 17.00000 18.00000 16.00000 29.00000 20.00000 25.00000 26.00000 19.00000 16.00000 18.00000 27.00000 13.00000 0.00000 25.00000 16.00000 21.00000 15.00000 26.00000 15.00000 17.00000 29.00000 21.00000 25.00000 27.00000 21.00000 14.00000 17.00000 23.00000 16.00000
14.00000 22.00000 25.00000 29.00000 10.00000 31.00000 22.00000 13.00000 12.00000 11.00000 22.00000 16.00000 23.00000 11.00000 14.00000 36.00000 30.00000 15.00000 8.00000 23.00000 22.00000 22.00000 17.00000 15.00000 23.00000 13.00000 16.00000 17.00000 8.00000 27.00000 13.00000 12.00000 15.00000 18.00000 27.00000 24.00000 17.00000 23.00000 22.00000 22.00000 33.00000 8.00000 16.00000 27.00000 3.00000 33.00000 2.00000 41.00000 12.00000 8.00000 18.00000 13.00000 11.00000 5.00000 4.00000 24.00000 12.00000 12.00000 32.00000 12.00000 23.00000 0.00000 14.00000 17.00000 15.00000 8.00000 30.00000 10.00000 43.00000 17.00000 23.00000 32.00000 13.00000 15.00000 9.00000 5.00000 14.00000
0.00000 12.00000 13.00000 19.00000 8.00000 18.00000 9.00000 6.00000 10.00000 7.00000 12.00000 7.00000 12.00000 15.00000 6.00000 23.00000 20.00000 5.00000 8.00000 11.00000 14.00000 12.00000 7.00000 3.00000 12.00000 7.00000 10.00000 6.00000 11.00000 15.00000 8.00000 4.00000 4.00000 8.00000 17.00000 12.00000 6.00000 11.00000 12.00000 10.00000 21.00000 11.00000 5.00000 17.00000 15.00000 23.00000 15.00000 33.00000 9.00000 8.00000 7.00000 17.00000 8.00000 14.00000 16.00000 13.00000 9.00000 8.00000 20.00000 8.00000 13.00000 14.00000 0.00000 9.00000 3.00000 16.00000 20.00000 5.00000 33.00000 9.00000 14.00000 20.00000 8.00000 5.00000 7.00000 12.00000 0.00000
9.00000 19.00000 14.00000 26.00000 15.00000 20.00000 11.00000 13.00000 16.00000 14.00000 18.00000 13.00000 9.00000 13.00000 8.00000 25.00000 26.00000 8.00000 13.00000 14.00000 9.00000 18.00000 14.00000 10.00000 9.00000 10.00000 3.00000 8.00000 10.00000 14.00000 11.00000 10.00000 11.00000 15.00000 24.00000 12.00000 7.00000 8.00000 19.00000 12.00000 22.00000 14.00000 6.00000 24.00000 17.00000 27.00000 17.00000 40.00000 15.00000 14.00000 9.00000 15.00000 12.00000 14.00000 18.00000 17.00000 15.00000 15.00000 21.00000 15.00000 20.00000 17.00000 9.00000 0.00000 9.00000 13.00000 27.00000 12.00000 35.00000 2.00000 8.00000 21.00000 9.00000 12.00000 13.00000 13.00000 9.00000
2.00000 11.00000 12.00000 19.00000 9.00000 17.00000 8.00000 7.00000 10.00000 8.00000 12.00000 7.00000 12.00000 15.00000 5.00000 22.00000 19.00000 5.00000 9.00000 10.00000 14.00000 11.00000 6.00000 4.00000 11.00000 7.00000 10.00000 5.00000 11.00000 14.00000 8.00000 5.00000 5.00000 9.00000 17.00000 11.00000 6.00000 11.00000 12.00000 9.00000 19.00000 12.00000 5.00000 17.00000 15.00000 22.00000 15.00000 33.00000 9.00000 9.00000 5.00000 16.00000 9.00000 15.00000 17.00000 12.00000 9.00000 9.00000 18.00000 9.00000 13.00000 15.00000 2.00000 9.00000 0.00000 15.00000 19.00000 6.00000 32.00000 9.00000 14.00000 19.00000 7.00000 6.00000 7.00000 13.00000 2.00000
15.00000 23.00000 25.00000 30.00000 11.00000 31.00000 23.00000 14.00000 15.00000 12.00000 23.00000 18.00000 20.00000 7.00000 13.00000 36.00000 31.00000 12.00000 9.00000 25.00000 20.00000 23.00000 18.00000 16.00000 20.00000 13.00000 12.00000 18.00000 7.00000 25.00000 12.00000 13.00000 16.00000 19.00000 28.00000 24.00000 18.00000 21.00000 24.00000 23.00000 33.00000 8.00000 15.00000 29.00000 8.00000 34.00000 8.00000 44.00000 14.00000 10.00000 19.00000 8.00000 11.00000 5.00000 9.00000 26.00000 14.00000 13.00000 32.00000 13.00000 24.00000 7.00000 15.00000 14.00000 16.00000 0.00000 31.00000 11.00000 44.00000 13.00000 19.00000 32.00000 11.00000 17.00000 11.00000 4.00000 15.00000
20.00000 13.00000 20.00000 14.00000 24.00000 25.00000 21.00000 22.00000 25.00000 23.00000 17.00000 17.00000 26.00000 33.00000 23.00000 24.00000 14.00000 23.00000 24.00000 22.00000 29.00000 11.00000 15.00000 19.00000 25.00000 23.00000 27.00000 21.00000 27.00000 22.00000 25.00000 20.00000 17.00000 18.00000 8.00000 23.00000 22.00000 25.00000 12.00000 20.00000 15.00000 27.00000 23.00000 12.00000 31.00000 10.00000 30.00000 16.00000 25.00000 24.00000 20.00000 35.00000 24.00000 30.00000 32.00000 23.00000 24.00000 24.00000 25.00000 23.00000 14.00000 30.00000 20.00000 25.00000 19.00000 32.00000 0.00000 21.00000 18.00000 25.00000 29.00000 25.00000 25.00000 18.00000 23.00000 28.00000 20.00000
5.00000 13.00000 16.00000 21.00000 5.00000 22.00000 13.00000 3.00000 6.00000 3.00000 13.00000 8.00000 15.00000 13.00000 8.00000 27.00000 21.00000 8.00000 5.00000 15.00000 17.00000 13.00000 8.00000 6.00000 14.00000 6.00000 13.00000 9.00000 7.00000 19.00000 8.00000 3.00000 6.00000 9.00000 19.00000 16.00000 9.00000 14.00000 14.00000 13.00000 24.00000 7.00000 8.00000 19.00000 11.00000 24.00000 11.00000 35.00000 5.00000 4.00000 10.00000 15.00000 6.00000 10.00000 13.00000 16.00000 5.00000 4.00000 23.00000 5.00000 15.00000 10.00000 5.00000 12.00000 6.00000 12.00000 21.00000 0.00000 34.00000 12.00000 17.00000 23.00000 9.00000 7.00000 3.00000 9.00000 5.00000
31.00000 26.00000 22.00000 23.00000 37.00000 18.00000 26.00000 35.00000 38.00000 36.00000 30.00000 30.00000 30.00000 43.00000 34.00000 17.00000 22.00000 34.00000 37.00000 26.00000 32.00000 24.00000 28.00000 32.00000 29.00000 35.00000 33.00000 29.00000 40.00000 22.00000 37.00000 33.00000 30.00000 30.00000 22.00000 24.00000 30.00000 29.00000 25.00000 24.00000 16.00000 40.00000 33.00000 26.00000 44.00000 11.00000 43.00000 6.00000 38.00000 37.00000 28.00000 45.00000 37.00000 43.00000 45.00000 31.00000 37.00000 37.00000 18.00000 36.00000 27.00000 43.00000 31.00000 32.00000 30.00000 44.00000 17.00000 34.00000 0.00000 32.00000 32.00000 19.00000 36.00000 31.00000 36.00000 41.00000 31.00000
11.00000 19.00000 14.00000 27.00000 16.00000 20.00000 12.00000 14.00000 18.00000 15.00000 20.00000 15.00000 8.00000 14.00000 10.00000 24.00000 27.00000 10.00000 14.00000 15.00000 8.00000 19.00000 14.00000 11.00000 9.00000 12.00000 4.00000 9.00000 11.00000 14.00000 12.00000 12.00000 13.00000 17.00000 25.00000 13.00000 6.00000 10.00000 20.00000 13.00000 22.00000 15.00000 8.00000 25.00000 18.00000 27.00000 18.00000 40.00000 17.00000 15.00000 10.00000 16.00000 13.00000 15.00000 19.00000 17.00000 17.00000 16.00000 21.00000 16.00000 21.00000 18.00000 11.00000 2.00000 10.00000 14.00000 27.00000 13.00000 34.00000 0.00000 8.00000 21.00000 10.00000 14.00000 15.00000 14.00000 11.00000
14.00000 21.00000 12.00000 28.00000 20.00000 17.00000 11.00000 18.00000 21.00000 19.00000 21.00000 18.00000 4.00000 18.00000 15.00000 22.00000 28.00000 15.00000 19.00000 14.00000 4.00000 20.00000 15.00000 15.00000 5.00000 17.00000 9.00000 11.00000 17.00000 12.00000 18.00000 16.00000 17.00000 18.00000 26.00000 11.00000 9.00000 6.00000 21.00000 12.00000 19.00000 20.00000 13.00000 26.00000 23.00000 24.00000 22.00000 37.00000 20.00000 20.00000 12.00000 21.00000 18.00000 19.00000 23.00000 19.00000 20.00000 20.00000 17.00000 20.00000 22.00000 22.00000 14.00000 8.00000 13.00000 20.00000 29.00000 17.00000 32.00000 7.00000 0.00000 19.00000 16.00000 18.00000 18.00000 19.00000 14.00000
19.00000 22.00000 10.00000 29.00000 26.00000 6.00000 13.00000 23.00000 27.00000 25.00000 23.00000 20.00000 16.00000 31.00000 22.00000 9.00000 30.00000 22.00000 26.00000 14.00000 18.00000 22.00000 17.00000 20.00000 16.00000 23.00000 21.00000 17.00000 28.00000 10.00000 25.00000 21.00000 19.00000 21.00000 26.00000 12.00000 18.00000 17.00000 22.00000 12.00000 16.00000 28.00000 21.00000 27.00000 32.00000 16.00000 32.00000 24.00000 26.00000 25.00000 16.00000 33.00000 26.00000 31.00000 34.00000 20.00000 26.00000 25.00000 4.00000 26.00000 23.00000 31.00000 19.00000 19.00000 18.00000 32.00000 25.00000 23.00000 19.00000 20.00000 19.00000 0.00000 24.00000 20.00000 24.00000 30.00000 19.00000
8.00000 16.00000 18.00000 24.00000 11.00000 24.00000 15.00000 10.00000 13.00000 11.00000 16.00000 11.00000 15.00000 10.00000 4.00000 29.00000 24.00000 3.00000 8.00000 16.00000 17.00000 16.00000 11.00000 7.00000 15.00000 5.00000 9.00000 10.00000 6.00000 20.00000 4.00000 8.00000 9.00000 12.00000 22.00000 17.00000 10.00000 14.00000 17.00000 15.00000 26.00000 10.00000 6.00000 22.00000 13.00000 27.00000 13.00000 38.00000 13.00000 10.00000 11.00000 12.00000 5.00000 12.00000 14.00000 18.00000 12.00000 12.00000 25.00000 12.00000 18.00000 13.00000 8.00000 10.00000 7.00000 10.00000 24.00000 9.00000 37.00000 10.00000 16.00000 25.00000 0.00000 10.00000 10.00000 11.00000 8.00000
5.00000 9.00000 12.00000 17.00000 10.00000 18.00000 9.00000 8.00000 11.00000 9.00000 9.00000 3.00000 14.00000 19.00000 9.00000 23.00000 17.00000 9.00000 10.00000 11.00000 17.00000 9.00000 4.00000 5.00000 13.00000 9.00000 14.00000 9.00000 13.00000 15.00000 11.00000 6.00000 2.00000 5.00000 15.00000 12.00000 10.00000 13.00000 10.00000 9.00000 20.00000 13.00000 9.00000 15.00000 17.00000 20.00000 16.00000 30.00000 10.00000 10.00000 8.00000 20.00000 10.00000 16.00000 18.00000 12.00000 10.00000 10.00000 19.00000 10.00000 11.00000 16.00000 5.00000 13.00000 6.00000 17.00000 17.00000 7.00000 30.00000 13.00000 17.00000 19.00000 10.00000 0.00000 8.00000 14.00000 5.00000
6.00000 14.00000 17.00000 21.00000 3.00000 22.00000 13.00000 4.00000 5.00000 2.00000 13.00000 8.00000 15.00000 12.00000 8.00000 27.00000 21.00000 8.00000 4.00000 15.00000 17.00000 13.00000 8.00000 6.00000 15.00000 7.00000 13.00000 9.00000 6.00000 19.00000 8.00000 4.00000 6.00000 10.00000 19.00000 16.00000 9.00000 14.00000 14.00000 14.00000 25.00000 6.00000 8.00000 19.00000 10.00000 25.00000 10.00000 35.00000 4.00000 3.00000 10.00000 14.00000 7.00000 9.00000 11.00000 16.00000 4.00000 3.00000 24.00000 4.00000 15.00000 9.00000 6.00000 12.00000 7.00000 11.00000 22.00000 1.00000 35.00000 12.00000 17.00000 24.00000 10.00000 7.00000 0.00000 7.00000 6.00000
12.00000 20.00000 23.00000 27.00000 8.00000 29.00000 20.00000 11.00000 12.00000 9.00000 20.00000 15.00000 21.00000 7.00000 12.00000 34.00000 28.00000 13.00000 6.00000 22.00000 19.00000 20.00000 15.00000 13.00000 20.00000 11.00000 13.00000 16.00000 6.00000 26.00000 11.00000 10.00000 13.00000 16.00000 25.00000 23.00000 15.00000 21.00000 20.00000 20.00000 31.00000 6.00000 14.00000 25.00000 5.00000 31.00000 5.00000 41.00000 11.00000 7.00000 17.00000 9.00000 10.00000 2.00000 7.00000 23.00000 10.00000 10.00000 30.00000 10.00000 21.00000 5.00000 12.00000 14.00000 13.00000 4.00000 28.00000 8.00000 41.00000 14.00000 20.00000 30.00000 11.00000 14.00000 7.00000 0.00000 12.00000
0.00000 12.00000 13.00000 19.00000 8.00000 18.00000 9.00000 6.00000 10.00000 7.00000 12.00000 7.00000 12.00000 15.00000 6.00000 23.00000 20.00000 5.00000 8.00000 11.00000 14.00000 12.00000 7.00000 3.00000 12.00000 7.00000 10.00000 6.00000 11.00000 15.00000 8.00000 4.00000 4.00000 8.00000 17.00000 12.00000 6.00000 11.00000 12.00000 10.00000 21.00000 11.00000 5.00000 17.00000 15.00000 23.00000 15.00000 33.00000 9.00000 8.00000 7.00000 17.00000 8.00000 14.00000 16.00000 13.00000 9.00000 8.00000 20.00000 8.00000 13.00000 14.00000 0.00000 9.00000 3.00000 16.00000 20.00000 5.00000 33.00000 9.00000 14.00000 20.00000 8.00000 5.00000 7.00000 12.00000 0.00000
p
0.0 0.0 0.0 0.0 0.0 0.0 
0.0 0.0 0.0 0.0 0.0 0.0 
0.0 0.0 0.0 0.0 0.0 0.0 
0.0 0.0 0.0 0.0 0.0 0.0 
0.0 0.0 0.0 0.0 0.0 0.0 
0.0 0.0 0.0 0.0 0.0 0.0 
0.0 0.0 0.0 0.0 0.0 0.0 
0.0 0.0 0.0 0.0 0.0 0.0 
0.0 0.0 0.0 0.0 0.0 0.0 
0.0 0.0 0.0 0.0 0.0 0.0 
0.0 0.0 0.0 0.0 0.0 0.0 
0.0 0.0 0.0 0.0 0.0 0.0 
0.0 0.0 0.0 0.0 0.0 0.0 
0.0 0.0 0.0 0.0 0.0 0.0 
0.0 0.0 0.0 0.0 0.0 0.0 
0 0 47 0 0 0 
0 0 47 0 0 0 
0 0 47 0 0 0 
0 0 47 0 0 0 
0 0 47 0 0 0 
0 0 47 0 0 0 
0 0 47 0 0 0 
0 0 47 0 0 0 
0 0 47 0 0 0 
0 0 47 0 0 0 
0 0 47 0 0 0 
0 0 47 0 0 0 
0 0 47 0 0 0 
0 0 47 0 0 0 
0 0 47 0 0 0 
0 0 0 0 0 55 
0 0 0 0 0 55 
0 0 0 0 0 55 
0 0 0 0 0 55 
0 0 0 0 0 55 
0 0 0 0 0 55 
0 0 0 0 0 55 
0 0 0 0 0 55 
0 0 0 0 0 55 
0 0 0 0 0 55 
0 0 0 0 0 55 
0 0 0 0 0 55 
0 0 0 0 0 55 
0 0 0 0 0 55 
0 0 0 0 0 55 
0 0 0 20 0 0 
0 0 0 20 0 0 
0 0 0 20 0 0 
0 0 0 20 0 0 
0 0 0 20 0 0 
0 0 0 20 0 0 
0 0 0 20 0 0 
0 0 0 20 0 0 
0 0 0 20 0 0 
0 0 0 20 0 0 
0 0 0 20 0 0 
0 0 0 20 0 0 
0 0 0 20 0 0 
0 0 0 20 0 0 
0 0 0 20 0 0 
0 0 0 26 0 0 
0 0 0 26 0 0 
0 0 0 26 0 0 
0 0 0 26 0 0 
0 0 0 26 0 0 
0 0 0 26 0 0 
0 0 0 26 0 0 
0 0 0 26 0 0 
0 0 0 26 0 0 
0 0 0 26 0 0 
0 0 0 26 0 0 
0 0 0 26 0 0 
0 0 0 26 0 0 
0 0 0 26 0 0 
0 0 0 26 0 0 
0 0 0 0 24 0 
0 0 0 0 24 0 
0 0 0 0 24 0 
0 0 0 0 24 0 
0 0 0 0 24 0 
0 0 0 0 24 0 
0 0 0 0 24 0 
0 0 0 0 24 0 
0 0 0 0 24 0 
0 0 0 0 24 0 
0 0 0 0 24 0 
0 0 0 0 24 0 
0 0 0 0 24 0 
0 0 0 0 24 0 
0 0 0 0 24 0 
0 0 0 32 0 0 
0 0 0 32 0 0 
0 0 0 32 0 0 
0 0 0 32 0 0 
0 0 0 32 0 0 
0 0 0 32 0 0 
0 0 0 32 0 0 
0 0 0 32 0 0 
0 0 0 32 0 0 
0 0 0 32 0 0 
0 0 0 32 0 0 
0 0 0 32 0 0 
0 0 0 32 0 0 
0 0 0 32 0 0 
0 0 0 32 0 0 
0 0 15 17 0 0 
0 0 15 17 0 0 
0 0 15 17 0 0 
0 0 15 17 0 0 
0 0 15 17 0 0 
0 0 15 17 0 0 
0 0 15 17 0 0 
0 0 15 17 0 0 
0 0 15 17 0 0 
0 0 15 17 0 0 
0 0 15 17 0 0 
0 0 15 17 0 0 
0 0 15 17 0 0 
0 0 15 17 0 0 
0 0 15 17 0 0 
0 53 0 0 25 0 
0 53 0 0 25 0 
0 53 0 0 25 0 
0 53 0 0 25 0 
0 53 0 0 25 0 
0 53 0 0 25 0 
0 53 0 0 25 0 
0 53 0 0 25 0 
0 53 0 0 25 0 
0 53 0 0 25 0 
0 53 0 0 25 0 
0 53 0 0 25 0 
0 53 0 0 25 0 
0 53 0 0 25 0 
0 53 0 0 25 0 
0 52 0 0 59 0 
0 52 0 0 59 0 
0 52 0 0 59 0 
0 52 0 0 59 0 
0 52 0 0 59 0 
0 52 0 0 59 0 
0 52 0 0 59 0 
0 52 0 0 59 0 
0 52 0 0 59 0 
0 52 0 0 59 0 
0 52 0 0 59 0 
0 52 0 0 59 0 
0 52 0 0 59 0 
0 52 0 0 59 0 
0 52 0 0 59 0 
0 0 0 0 53 0 
0 0 0 0 53 0 
0 0 0 0 53 0 
0 0 0 0 53 0 
0 0 0 0 53 0 
0 0 0 0 53 0 
0 0 0 0 53 0 
0 0 0 0 53 0 
0 0 0 0 53 0 
0 0 0 0 53 0 
0 0 0 0 53 0 
0 0 0 0 53 0 
0 0 0 0 53 0 
0 0 0 0 53 0 
0 0 0 0 53 0 
0 49 0 0 40 0 
0 49 0 0 40 0 
0 49 0 0 40 0 
0 49 0 0 40 0 
0 49 0 0 40 0 
0 49 0 0 40 0 
0 49 0 0 40 0 
0 49 0 0 40 0 
0 49 0 0 40 0 
0 49 0 0 40 0 
0 49 0 0 40 0 
0 49 0 0 40 0 
0 49 0 0 40 0 
0 49 0 0 40 0 
0 49 0 0 40 0 
45 0 0 0 0 0 
45 0 0 0 0 0 
45 0 0 0 0 0 
45 0 0 0 0 0 
45 0 0 0 0 0 
45 0 0 0 0 0 
45 0 0 0 0 0 
45 0 0 0 0 0 
45 0 0 0 0 0 
45 0 0 0 0 0 
45 0 0 0 0 0 
45 0 0 0 0 0 
45 0 0 0 0 0 
45 0 0 0 0 0 
45 0 0 0 0 0 
0 43 0 0 0 0 
0 43 0 0 0 0 
0 43 0 0 0 0 
0 43 0 0 0 0 
0 43 0 0 0 0 
0 43 0 0 0 0 
0 43 0 0 0 0 
0 43 0 0 0 0 
0 43 0 0 0 0 
0 43 0 0 0 0 
0 43 0 0 0 0 
0 43 0 0 0 0 
0 43 0 0 0 0 
0 43 0 0 0 0 
0 43 0 0 0 0 
56 0 0 0 0 0 
56 0 0 0 0 0 
56 0 0 0 0 0 
56 0 0 0 0 0 
56 0 0 0 0 0 
56 0 0 0 0 0 
56 0 0 0 0 0 
56 0 0 0 0 0 
56 0 0 0 0 0 
56 0 0 0 0 0 
56 0 0 0 0 0 
56 0 0 0 0 0 
56 0 0 0 0 0 
56 0 0 0 0 0 
56 0 0 0 0 0 
0 0 0 0 0 48 
0 0 0 0 0 48 
0 0 0 0 0 48 
0 0 0 0 0 48 
0 0 0 0 0 48 
0 0 0 0 0 48 
0 0 0 0 0 48 
0 0 0 0 0 48 
0 0 0 0 0 48 
0 0 0 0 0 48 
0 0 0 0 0 48 
0 0 0 0 0 48 
0 0 0 0 0 48 
0 0 0 0 0 48 
0 0 0 0 0 48 
21 0 0 0 0 0 
21 0 0 0 0 0 
21 0 0 0 0 0 
21 0 0 0 0 0 
21 0 0 0 0 0 
21 0 0 0 0 0 
21 0 0 0 0 0 
21 0 0 0 0 0 
21 0 0 0 0 0 
21 0 0 0 0 0 
21 0 0 0 0 0 
21 0 0 0 0 0 
21 0 0 0 0 0 
21 0 0 0 0 0 
21 0 0 0 0 0 
0 0 0 16 0 0 
0 0 0 16 0 0 
0 0 0 16 0 0 
0 0 0 16 0 0 
0 0 0 16 0 0 
0 0 0 16 0 0 
0 0 0 16 0 0 
0 0 0 16 0 0 
0 0 0 16 0 0 
0 0 0 16 0 0 
0 0 0 16 0 0 
0 0 0 16 0 0 
0 0 0 16 0 0 
0 0 0 16 0 0 
0 0 0 16 0 0 
25 0 0 0 0 0 
25 0 0 0 0 0 
25 0 0 0 0 0 
25 0 0 0 0 0 
25 0 0 0 0 0 
25 0 0 0 0 0 
25 0 0 0 0 0 
25 0 0 0 0 0 
25 0 0 0 0 0 
25 0 0 0 0 0 
25 0 0 0 0 0 
25 0 0 0 0 0 
25 0 0 0 0 0 
25 0 0 0 0 0 
25 0 0 0 0 0 
18 0 0 48 0 0 
18 0 0 48 0 0 
18 0 0 48 0 0 
18 0 0 48 0 0 
18 0 0 48 0 0 
18 0 0 48 0 0 
18 0 0 48 0 0 
18 0 0 48 0 0 
18 0 0 48 0 0 
18 0 0 48 0 0 
18 0 0 48 0 0 
18 0 0 48 0 0 
18 0 0 48 0 0 
18 0 0 48 0 0 
18 0 0 48 0 0 
37 0 0 0 47 0 
37 0 0 0 47 0 
37 0 0 0 47 0 
37 0 0 0 47 0 
37 0 0 0 47 0 
37 0 0 0 47 0 
37 0 0 0 47 0 
37 0 0 0 47 0 
37 0 0 0 47 0 
37 0 0 0 47 0 
37 0 0 0 47 0 
37 0 0 0 47 0 
37 0 0 0 47 0 
37 0 0 0 47 0 
37 0 0 0 47 0 
0 34 0 0 23 0 
0 34 0 0 23 0 
0 34 0 0 23 0 
0 34 0 0 23 0 
0 34 0 0 23 0 
0 34 0 0 23 0 
0 34 0 0 23 0 
0 34 0 0 23 0 
0 34 0 0 23 0 
0 34 0 0 23 0 
0 34 0 0 23 0 
0 34 0 0 23 0 
0 34 0 0 23 0 
0 34 0 0 23 0 
0 34 0 0 23 0 
0 0 0 34 0 0 
0 0 0 34 0 0 
0 0 0 34 0 0 
0 0 0 34 0 0 
0 0 0 34 0 0 
0 0 0 34 0 0 
0 0 0 34 0 0 
0 0 0 34 0 0 
0 0 0 34 0 0 
0 0 0 34 0 0 
0 0 0 34 0 0 
0 0 0 34 0 0 
0 0 0 34 0 0 
0 0 0 34 0 0 
0 0 0 34 0 0 
0 51 0 0 0 0 
0 51 0 0 0 0 
0 51 0 0 0 0 
0 51 0 0 0 0 
0 51 0 0 0 0 
0 51 0 0 0 0 
0 51 0 0 0 0 
0 51 0 0 0 0 
0 51 0 0 0 0 
0 51 0 0 0 0 
0 51 0 0 0 0 
0 51 0 0 0 0 
0 51 0 0 0 0 
0 51 0 0 0 0 
0 51 0 0 0 0 
0 0 0 0 0 57 
0 0 0 0 0 57 
0 0 0 0 0 57 
0 0 0 0 0 57 
0 0 0 0 0 57 
0 0 0 0 0 57 
0 0 0 0 0 57 
0 0 0 0 0 57 
0 0 0 0 0 57 
0 0 0 0 0 57 
0 0 0 0 0 57 
0 0 0 0 0 57 
0 0 0 0 0 57 
0 0 0 0 0 57 
0 0 0 0 0 57 
0 53 0 0 38 0 
0 53 0 0 38 0 
0 53 0 0 38 0 
0 53 0 0 38 0 
0 53 0 0 38 0 
0 53 0 0 38 0 
0 53 0 0 38 0 
0 53 0 0 38 0 
0 53 0 0 38 0 
0 53 0 0 38 0 
0 53 0 0 38 0 
0 53 0 0 38 0 
0 53 0 0 38 0 
0 53 0 0 38 0 
0 53 0 0 38 0 
0 0 0 50 0 0 
0 0 0 50 0 0 
0 0 0 50 0 0 
0 0 0 50 0 0 
0 0 0 50 0 0 
0 0 0 50 0 0 
0 0 0 50 0 0 
0 0 0 50 0 0 
0 0 0 50 0 0 
0 0 0 50 0 0 
0 0 0 50 0 0 
0 0 0 50 0 0 
0 0 0 50 0 0 
0 0 0 50 0 0 
0 0 0 50 0 0 
0 0 0 0 0 25 
0 0 0 0 0 25 
0 0 0 0 0 25 
0 0 0 0 0 25 
0 0 0 0 0 25 
0 0 0 0 0 25 
0 0 0 0 0 25 
0 0 0 0 0 25 
0 0 0 0 0 25 
0 0 0 0 0 25 
0 0 0 0 0 25 
0 0 0 0 0 25 
0 0 0 0 0 25 
0 0 0 0 0 25 
0 0 0 0 0 25 
0 0 0 41 0 0 
0 0 0 41 0 0 
0 0 0 41 0 0 
0 0 0 41 0 0 
0 0 0 41 0 0 
0 0 0 41 0 0 
0 0 0 41 0 0 
0 0 0 41 0 0 
0 0 0 41 0 0 
0 0 0 41 0 0 
0 0 0 41 0 0 
0 0 0 41 0 0 
0 0 0 41 0 0 
0 0 0 41 0 0 
0 0 0 41 0 0 
0 15 0 43 0 0 
0 15 0 43 0 0 
0 15 0 43 0 0 
0 15 0 43 0 0 
0 15 0 43 0 0 
0 15 0 43 0 0 
0 15 0 43 0 0 
0 15 0 43 0 0 
0 15 0 43 0 0 
0 15 0 43 0 0 
0 15 0 43 0 0 
0 15 0 43 0 0 
0 15 0 43 0 0 
0 15 0 43 0 0 
0 15 0 43 0 0 
0 0 0 0 17 0 
0 0 0 0 17 0 
0 0 0 0 17 0 
0 0 0 0 17 0 
0 0 0 0 17 0 
0 0 0 0 17 0 
0 0 0 0 17 0 
0 0 0 0 17 0 
0 0 0 0 17 0 
0 0 0 0 17 0 
0 0 0 0 17 0 
0 0 0 0 17 0 
0 0 0 0 17 0 
0 0 0 0 17 0 
0 0 0 0 17 0 
0 0 0 0 36 0 
0 0 0 0 36 0 
0 0 0 0 36 0 
0 0 0 0 36 0 
0 0 0 0 36 0 
0 0 0 0 36 0 
0 0 0 0 36 0 
0 0 0 0 36 0 
0 0 0 0 36 0 
0 0 0 0 36 0 
0 0 0 0 36 0 
0 0 0 0 36 0 
0 0 0 0 36 0 
0 0 0 0 36 0 
0 0 0 0 36 0 
0 0 0 51 0 0 
0 0 0 51 0 0 
0 0 0 51 0 0 
0 0 0 51 0 0 
0 0 0 51 0 0 
0 0 0 51 0 0 
0 0 0 51 0 0 
0 0 0 51 0 0 
0 0 0 51 0 0 
0 0 0 51 0 0 
0 0 0 51 0 0 
0 0 0 51 0 0 
0 0 0 51 0 0 
0 0 0 51 0 0 
0 0 0 51 0 0 
0 0 0 0 0 27 
0 0 0 0 0 27 
0 0 0 0 0 27 
0 0 0 0 0 27 
0 0 0 0 0 27 
0 0 0 0 0 27 
0 0 0 0 0 27 
0 0 0 0 0 27 
0 0 0 0 0 27 
0 0 0 0 0 27 
0 0 0 0 0 27 
0 0 0 0 0 27 
0 0 0 0 0 27 
0 0 0 0 0 27 
0 0 0 0 0 27 
0 0 58 0 0 50 
0 0 58 0 0 50 
0 0 58 0 0 50 
0 0 58 0 0 50 
0 0 58 0 0 50 
0 0 58 0 0 50 
0 0 58 0 0 50 
0 0 58 0 0 50 
0 0 58 0 0 50 
0 0 58 0 0 50 
0 0 58 0 0 50 
0 0 58 0 0 50 
0 0 58 0 0 50 
0 0 58 0 0 50 
0 0 58 0 0 50 
0 0 0 0 30 0 
0 0 0 0 30 0 
0 0 0 0 30 0 
0 0 0 0 30 0 
0 0 0 0 30 0 
0 0 0 0 30 0 
0 0 0 0 30 0 
0 0 0 0 30 0 
0 0 0 0 30 0 
0 0 0 0 30 0 
0 0 0 0 30 0 
0 0 0 0 30 0 
0 0 0 0 30 0 
0 0 0 0 30 0 
0 0 0 0 30 0 
0 0 0 0 0 40 
0 0 0 0 0 40 
0 0 0 0 0 40 
0 0 0 0 0 40 
0 0 0 0 0 40 
0 0 0 0 0 40 
0 0 0 0 0 40 
0 0 0 0 0 40 
0 0 0 0 0 40 
0 0 0 0 0 40 
0 0 0 0 0 40 
0 0 0 0 0 40 
0 0 0 0 0 40 
0 0 0 0 0 40 
0 0 0 0 0 40 
0 0 30 0 0 0 
0 0 30 0 0 0 
0 0 30 0 0 0 
0 0 30 0 0 0 
0 0 30 0 0 0 
0 0 30 0 0 0 
0 0 30 0 0 0 
0 0 30 0 0 0 
0 0 30 0 0 0 
0 0 30 0 0 0 
0 0 30 0 0 0 
0 0 30 0 0 0 
0 0 30 0 0 0 
0 0 30 0 0 0 
0 0 30 0 0 0 
0 0 53 0 0 0 
0 0 53 0 0 0 
0 0 53 0 0 0 
0 0 53 0 0 0 
0 0 53 0 0 0 
0 0 53 0 0 0 
0 0 53 0 0 0 
0 0 53 0 0 0 
0 0 53 0 0 0 
0 0 53 0 0 0 
0 0 53 0 0 0 
0 0 53 0 0 0 
0 0 53 0 0 0 
0 0 53 0 0 0 
0 0 53 0 0 0 
0 24 0 38 0 0 
0 24 0 38 0 0 
0 24 0 38 0 0 
0 24 0 38 0 0 
0 24 0 38 0 0 
0 24 0 38 0 0 
0 24 0 38 0 0 
0 24 0 38 0 0 
0 24 0 38 0 0 
0 24 0 38 0 0 
0 24 0 38 0 0 
0 24 0 38 0 0 
0 24 0 38 0 0 
0 24 0 38 0 0 
0 24 0 38 0 0 
0 59 0 37 0 0 
0 59 0 37 0 0 
0 59 0 37 0 0 
0 59 0 37 0 0 
0 59 0 37 0 0 
0 59 0 37 0 0 
0 59 0 37 0 0 
0 59 0 37 0 0 
0 59 0 37 0 0 
0 59 0 37 0 0 
0 59 0 37 0 0 
0 59 0 37 0 0 
0 59 0 37 0 0 
0 59 0 37 0 0 
0 59 0 37 0 0 
21 0 0 0 0 0 
21 0 0 0 0 0 
21 0 0 0 0 0 
21 0 0 0 0 0 
21 0 0 0 0 0 
21 0 0 0 0 0 
21 0 0 0 0 0 
21 0 0 0 0 0 
21 0 0 0 0 0 
21 0 0 0 0 0 
21 0 0 0 0 0 
21 0 0 0 0 0 
21 0 0 0 0 0 
21 0 0 0 0 0 
21 0 0 0 0 0 
0 0 0 0 0 18 
0 0 0 0 0 18 
0 0 0 0 0 18 
0 0 0 0 0 18 
0 0 0 0 0 18 
0 0 0 0 0 18 
0 0 0 0 0 18 
0 0 0 0 0 18 
0 0 0 0 0 18 
0 0 0 0 0 18 
0 0 0 0 0 18 
0 0 0 0 0 18 
0 0 0 0 0 18 
0 0 0 0 0 18 
0 0 0 0 0 18 
0 0 0 43 0 0 
0 0 0 43 0 0 
0 0 0 43 0 0 
0 0 0 43 0 0 
0 0 0 43 0 0 
0 0 0 43 0 0 
0 0 0 43 0 0 
0 0 0 43 0 0 
0 0 0 43 0 0 
0 0 0 43 0 0 
0 0 0 43 0 0 
0 0 0 43 0 0 
0 0 0 43 0 0 
0 0 0 43 0 0 
0 0 0 43 0 0 
0 0 0 53 0 0 
0 0 0 53 0 0 
0 0 0 53 0 0 
0 0 0 53 0 0 
0 0 0 53 0 0 
0 0 0 53 0 0 
0 0 0 53 0 0 
0 0 0 53 0 0 
0 0 0 53 0 0 
0 0 0 53 0 0 
0 0 0 53 0 0 
0 0 0 53 0 0 
0 0 0 53 0 0 
0 0 0 53 0 0 
0 0 0 53 0 0 
0 0 0 0 0 59 
0 0 0 0 0 59 
0 0 0 0 0 59 
0 0 0 0 0 59 
0 0 0 0 0 59 
0 0 0 0 0 59 
0 0 0 0 0 59 
0 0 0 0 0 59 
0 0 0 0 0 59 
0 0 0 0 0 59 
0 0 0 0 0 59 
0 0 0 0 0 59 
0 0 0 0 0 59 
0 0 0 0 0 59 
0 0 0 0 0 59 
0 0 56 40 0 0 
0 0 56 40 0 0 
0 0 56 40 0 0 
0 0 56 40 0 0 
0 0 56 40 0 0 
0 0 56 40 0 0 
0 0 56 40 0 0 
0 0 56 40 0 0 
0 0 56 40 0 0 
0 0 56 40 0 0 
0 0 56 40 0 0 
0 0 56 40 0 0 
0 0 56 40 0 0 
0 0 56 40 0 0 
0 0 56 40 0 0 
0 0 0 26 0 0 
0 0 0 26 0 0 
0 0 0 26 0 0 
0 0 0 26 0 0 
0 0 0 26 0 0 
0 0 0 26 0 0 
0 0 0 26 0 0 
0 0 0 26 0 0 
0 0 0 26 0 0 
0 0 0 26 0 0 
0 0 0 26 0 0 
0 0 0 26 0 0 
0 0 0 26 0 0 
0 0 0 26 0 0 
0 0 0 26 0 0 
0 52 0 0 45 0 
0 52 0 0 45 0 
0 52 0 0 45 0 
0 52 0 0 45 0 
0 52 0 0 45 0 
0 52 0 0 45 0 
0 52 0 0 45 0 
0 52 0 0 45 0 
0 52 0 0 45 0 
0 52 0 0 45 0 
0 52 0 0 45 0 
0 52 0 0 45 0 
0 52 0 0 45 0 
0 52 0 0 45 0 
0 52 0 0 45 0 
0 0 55 0 0 0 
0 0 55 0 0 0 
0 0 55 0 0 0 
0 0 55 0 0 0 
0 0 55 0 0 0 
0 0 55 0 0 0 
0 0 55 0 0 0 
0 0 55 0 0 0 
0 0 55 0 0 0 
0 0 55 0 0 0 
0 0 55 0 0 0 
0 0 55 0 0 0 
0 0 55 0 0 0 
0 0 55 0 0 0 
0 0 55 0 0 0 
0 0 0 0 0 50 
0 0 0 0 0 50 
0 0 0 0 0 50 
0 0 0 0 0 50 
0 0 0 0 0 50 
0 0 0 0 0 50 
0 0 0 0 0 50 
0 0 0 0 0 50 
0 0 0 0 0 50 
0 0 0 0 0 50 
0 0 0 0 0 50 
0 0 0 0 0 50 
0 0 0 0 0 50 
0 0 0 0 0 50 
0 0 0 0 0 50 
0 0 0 0 24 0 
0 0 0 0 24 0 
0 0 0 0 24 0 
0 0 0 0 24 0 
0 0 0 0 24 0 
0 0 0 0 24 0 
0 0 0 0 24 0 
0 0 0 0 24 0 
0 0 0 0 24 0 
0 0 0 0 24 0 
0 0 0 0 24 0 
0 0 0 0 24 0 
0 0 0 0 24 0 
0 0 0 0 24 0 
0 0 0 0 24 0 
0 0 57 0 0 18 
0 0 57 0 0 18 
0 0 57 0 0 18 
0 0 57 0 0 18 
0 0 57 0 0 18 
0 0 57 0 0 18 
0 0 57 0 0 18 
0 0 57 0 0 18 
0 0 57 0 0 18 
0 0 57 0 0 18 
0 0 57 0 0 18 
0 0 57 0 0 18 
0 0 57 0 0 18 
0 0 57 0 0 18 
0 0 57 0 0 18 
39 0 0 0 0 0 
39 0 0 0 0 0 
39 0 0 0 0 0 
39 0 0 0 0 0 
39 0 0 0 0 0 
39 0 0 0 0 0 
39 0 0 0 0 0 
39 0 0 0 0 0 
39 0 0 0 0 0 
39 0 0 0 0 0 
39 0 0 0 0 0 
39 0 0 0 0 0 
39 0 0 0 0 0 
39 0 0 0 0 0 
39 0 0 0 0 0 
0 0 36 0 0 0 
0 0 36 0 0 0 
0 0 36 0 0 0 
0 0 36 0 0 0 
0 0 36 0 0 0 
0 0 36 0 0 0 
0 0 36 0 0 0 
0 0 36 0 0 0 
0 0 36 0 0 0 
0 0 36 0 0 0 
0 0 36 0 0 0 
0 0 36 0 0 0 
0 0 36 0 0 0 
0 0 36 0 0 0 
0 0 36 0 0 0 
44 0 0 0 0 0 
44 0 0 0 0 0 
44 0 0 0 0 0 
44 0 0 0 0 0 
44 0 0 0 0 0 
44 0 0 0 0 0 
44 0 0 0 0 0 
44 0 0 0 0 0 
44 0 0 0 0 0 
44 0 0 0 0 0 
44 0 0 0 0 0 
44 0 0 0 0 0 
44 0 0 0 0 0 
44 0 0 0 0 0 
44 0 0 0 0 0 
0 42 0 0 0 47 
0 42 0 0 0 47 
0 42 0 0 0 47 
0 42 0 0 0 47 
0 42 0 0 0 47 
0 42 0 0 0 47 
0 42 0 0 0 47 
0 42 0 0 0 47 
0 42 0 0 0 47 
0 42 0 0 0 47 
0 42 0 0 0 47 
0 42 0 0 0 47 
0 42 0 0 0 47 
0 42 0 0 0 47 
0 42 0 0 0 47 
0 0 49 27 0 0 
0 0 49 27 0 0 
0 0 49 27 0 0 
0 0 49 27 0 0 
0 0 49 27 0 0 
0 0 49 27 0 0 
0 0 49 27 0 0 
0 0 49 27 0 0 
0 0 49 27 0 0 
0 0 49 27 0 0 
0 0 49 27 0 0 
0 0 49 27 0 0 
0 0 49 27 0 0 
0 0 49 27 0 0 
0 0 49 27 0 0 
0 0 35 0 0 57 
0 0 35 0 0 57 
0 0 35 0 0 57 
0 0 35 0 0 57 
0 0 35 0 0 57 
0 0 35 0 0 57 
0 0 35 0 0 57 
0 0 35 0 0 57 
0 0 35 0 0 57 
0 0 35 0 0 57 
0 0 35 0 0 57 
0 0 35 0 0 57 
0 0 35 0 0 57 
0 0 35 0 0 57 
0 0 35 0 0 57 
0 0 0 0 47 0 
0 0 0 0 47 0 
0 0 0 0 47 0 
0 0 0 0 47 0 
0 0 0 0 47 0 
0 0 0 0 47 0 
0 0 0 0 47 0 
0 0 0 0 47 0 
0 0 0 0 47 0 
0 0 0 0 47 0 
0 0 0 0 47 0 
0 0 0 0 47 0 
0 0 0 0 47 0 
0 0 0 0 47 0 
0 0 0 0 47 0 
0 0 0 0 0 41 
0 0 0 0 0 41 
0 0 0 0 0 41 
0 0 0 0 0 41 
0 0 0 0 0 41 
0 0 0 0 0 41 
0 0 0 0 0 41 
0 0 0 0 0 41 
0 0 0 0 0 41 
0 0 0 0 0 41 
0 0 0 0 0 41 
0 0 0 0 0 41 
0 0 0 0 0 41 
0 0 0 0 0 41 
0 0 0 0 0 41 
42 0 0 0 37 0 
42 0 0 0 37 0 
42 0 0 0 37 0 
42 0 0 0 37 0 
42 0 0 0 37 0 
42 0 0 0 37 0 
42 0 0 0 37 0 
42 0 0 0 37 0 
42 0 0 0 37 0 
42 0 0 0 37 0 
42 0 0 0 37 0 
42 0 0 0 37 0 
42 0 0 0 37 0 
42 0 0 0 37 0 
42 0 0 0 37 0 
0 0 0 57 0 0 
0 0 0 57 0 0 
0 0 0 57 0 0 
0 0 0 57 0 0 
0 0 0 57 0 0 
0 0 0 57 0 0 
0 0 0 57 0 0 
0 0 0 57 0 0 
0 0 0 57 0 0 
0 0 0 57 0 0 
0 0 0 57 0 0 
0 0 0 57 0 0 
0 0 0 57 0 0 
0 0 0 57 0 0 
0 0 0 57 0 0 
34 0 0 0 0 0 
34 0 0 0 0 0 
34 0 0 0 0 0 
34 0 0 0 0 0 
34 0 0 0 0 0 
34 0 0 0 0 0 
34 0 0 0 0 0 
34 0 0 0 0 0 
34 0 0 0 0 0 
34 0 0 0 0 0 
34 0 0 0 0 0 
34 0 0 0 0 0 
34 0 0 0 0 0 
34 0 0 0 0 0 
34 0 0 0 0 0 
0 0 0 0 0 24 
0 0 0 0 0 24 
0 0 0 0 0 24 
0 0 0 0 0 24 
0 0 0 0 0 24 
0 0 0 0 0 24 
0 0 0 0 0 24 
0 0 0 0 0 24 
0 0 0 0 0 24 
0 0 0 0 0 24 
0 0 0 0 0 24 
0 0 0 0 0 24 
0 0 0 0 0 24 
0 0 0 0 0 24 
0 0 0 0 0 24 
0 0 32 0 0 0 
0 0 32 0 0 0 
0 0 32 0 0 0 
0 0 32 0 0 0 
0 0 32 0 0 0 
0 0 32 0 0 0 
0 0 32 0 0 0 
0 0 32 0 0 0 
0 0 32 0 0 0 
0 0 32 0 0 0 
0 0 32 0 0 0 
0 0 32 0 0 0 
0 0 32 0 0 0 
0 0 32 0 0 0 
0 0 32 0 0 0 
0 0 56 0 26 0 
0 0 56 0 26 0 
0 0 56 0 26 0 
0 0 56 0 26 0 
0 0 56 0 26 0 
0 0 56 0 26 0 
0 0 56 0 26 0 
0 0 56 0 26 0 
0 0 56 0 26 0 
0 0 56 0 26 0 
0 0 56 0 26 0 
0 0 56 0 26 0 
0 0 56 0 26 0 
0 0 56 0 26 0 
0 0 56 0 26 0 
0 0 0 48 0 0 
0 0 0 48 0 0 
0 0 0 48 0 0 
0 0 0 48 0 0 
0 0 0 48 0 0 
0 0 0 48 0 0 
0 0 0 48 0 0 
0 0 0 48 0 0 
0 0 0 48 0 0 
0 0 0 48 0 0 
0 0 0 48 0 0 
0 0 0 48 0 0 
0 0 0 48 0 0 
0 0 0 48 0 0 
0 0 0 48 0 0 
0 17 0 0 0 59 
0 17 0 0 0 59 
0 17 0 0 0 59 
0 17 0 0 0 59 
0 17 0 0 0 59 
0 17 0 0 0 59 
0 17 0 0 0 59 
0 17 0 0 0 59 
0 17 0 0 0 59 
0 17 0 0 0 59 
0 17 0 0 0 59 
0 17 0 0 0 59 
0 17 0 0 0 59 
0 17 0 0 0 59 
0 17 0 0 0 59 
0 28 0 0 54 0 
0 28 0 0 54 0 
0 28 0 0 54 0 
0 28 0 0 54 0 
0 28 0 0 54 0 
0 28 0 0 54 0 
0 28 0 0 54 0 
0 28 0 0 54 0 
0 28 0 0 54 0 
0 28 0 0 54 0 
0 28 0 0 54 0 
0 28 0 0 54 0 
0 28 0 0 54 0 
0 28 0 0 54 0 
0 28 0 0 54 0 
0 0 0 0 30 0 
0 0 0 0 30 0 
0 0 0 0 30 0 
0 0 0 0 30 0 
0 0 0 0 30 0 
0 0 0 0 30 0 
0 0 0 0 30 0 
0 0 0 0 30 0 
0 0 0 0 30 0 
0 0 0 0 30 0 
0 0 0 0 30 0 
0 0 0 0 30 0 
0 0 0 0 30 0 
0 0 0 0 30 0 
0 0 0 0 30 0 
0 0 0 60 0 0 
0 0 0 60 0 0 
0 0 0 60 0 0 
0 0 0 60 0 0 
0 0 0 60 0 0 
0 0 0 60 0 0 
0 0 0 60 0 0 
0 0 0 60 0 0 
0 0 0 60 0 0 
0 0 0 60 0 0 
0 0 0 60 0 0 
0 0 0 60 0 0 
0 0 0 60 0 0 
0 0 0 60 0 0 
0 0 0 60 0 0 
0 0 0 30 0 0 
0 0 0 30 0 0 
0 0 0 30 0 0 
0 0 0 30 0 0 
0 0 0 30 0 0 
0 0 0 30 0 0 
0 0 0 30 0 0 
0 0 0 30 0 0 
0 0 0 30 0 0 
0 0 0 30 0 0 
0 0 0 30 0 0 
0 0 0 30 0 0 
0 0 0 30 0 0 
0 0 0 30 0 0 
0 0 0 30 0 0 
0 0 39 39 0 0 
0 0 39 39 0 0 
0 0 39 39 0 0 
0 0 39 39 0 0 
0 0 39 39 0 0 
0 0 39 39 0 0 
0 0 39 39 0 0 
0 0 39 39 0 0 
0 0 39 39 0 0 
0 0 39 39 0 0 
0 0 39 39 0 0 
0 0 39 39 0 0 
0 0 39 39 0 0 
0 0 39 39 0 0 
0 0 39 39 0 0 
0 0 53 57 0 0 
0 0 53 57 0 0 
0 0 53 57 0 0 
0 0 53 57 0 0 
0 0 53 57 0 0 
0 0 53 57 0 0 
0 0 53 57 0 0 
0 0 53 57 0 0 
0 0 53 57 0 0 
0 0 53 57 0 0 
0 0 53 57 0 0 
0 0 53 57 0 0 
0 0 53 57 0 0 
0 0 53 57 0 0 
0 0 53 57 0 0 
0 0 0 37 0 0 
0 0 0 37 0 0 
0 0 0 37 0 0 
0 0 0 37 0 0 
0 0 0 37 0 0 
0 0 0 37 0 0 
0 0 0 37 0 0 
0 0 0 37 0 0 
0 0 0 37 0 0 
0 0 0 37 0 0 
0 0 0 37 0 0 
0 0 0 37 0 0 
0 0 0 37 0 0 
0 0 0 37 0 0 
0 0 0 37 0 0 
0.0 0.0 0.0 0.0 0.0 0.0 
0.0 0.0 0.0 0.0 0.0 0.0 
0.0 0.0 0.0 0.0 0.0 0.0 
0.0 0.0 0.0 0.0 0.0 0.0 
0.0 0.0 0.0 0.0 0.0 0.0 
0.0 0.0 0.0 0.0 0.0 0.0 
0.0 0.0 0.0 0.0 0.0 0.0 
0.0 0.0 0.0 0.0 0.0 0.0 
0.0 0.0 0.0 0.0 0.0 0.0 
0.0 0.0 0.0 0.0 0.0 0.0 
0.0 0.0 0.0 0.0 0.0 0.0 
0.0 0.0 0.0 0.0 0.0 0.0 
0.0 0.0 0.0 0.0 0.0 0.0 
0.0 0.0 0.0 0.0 0.0 0.0 
0.0 0.0 0.0 0.0 0.0 0.0 
mind
0 0 0 0 0 0 0 0 16 10 0 0 0 0 0 0 0 0 0 19 0 0 0 0 0 0 0 0 0 0 0 0 0 0 15 0 0 0 0 0 14 0 0 0 0 0 10 0 23 0 0 0 0 0 0 0 23 0 24 0 0 0 0 0 0 0 0 0 0 21 0 0 0 13 16 0 0
maxd
0 0 0 0 0 0 0 0 25 10 0 0 0 0 0 0 0 0 0 26 0 0 0 0 0 0 0 0 0 0 0 0 0 0 27 0 0 0 0 0 20 0 0 0 0 0 29 0 27 0 0 0 0 0 0 0 29 0 28 0 0 0 0 0 0 0 0 0 0 28 0 0 0 17 21 0 0
e
0 504 493 591 858 823 555 841 540 793 626 704 831 915 941 800 890 668 690 941 760 849 636 820 947 492 828 768 493 720 822 703 522 681 828 717 860 656 943 649 900 694 701 667 586 619 645 776 555 866 531 956 656 502 663 839 497 910 727 898 753 908 643 535 591 586 578 779 570 550 681 839 628 703 690 486 0
l
99999 624 613 711 978 943 675 961 660 913 746 824 951 1035 1061 920 1010 788 810 1061 880 969 756 940 1067 612 948 888 613 840 942 823 642 801 948 837 980 776 1063 769 1020 814 821 787 706 739 765 896 675 986 651 1076 776 622 783 959 617 1030 847 1018 873 1028 763 655 711 706 698 899 690 670 801 959 748 823 810 606 99999
