nbNodes
77
nbVehi
15
nbServi
6
r
1 1 1 1 1 1 
1 0 0 1 0 0 
0 0 1 0 1 0 
0 0 0 0 1 0 
0 1 0 0 1 0 
0 0 0 1 0 0 
0 0 0 0 0 1 
0 0 0 1 0 0 
0 0 1 0 0 0 
1 0 0 0 0 0 
0 0 0 1 0 0 
0 0 0 0 1 0 
1 0 0 0 1 0 
1 0 0 0 0 0 
0 0 1 0 1 0 
0 1 0 0 0 1 
1 0 0 0 0 0 
0 0 1 0 0 0 
0 0 1 0 0 0 
0 0 0 1 0 0 
0 0 0 0 0 1 
0 0 1 0 0 1 
0 0 0 0 1 0 
0 0 1 0 1 0 
0 0 1 1 0 0 
0 0 0 0 0 1 
0 1 0 0 0 0 
0 0 1 0 1 0 
0 0 0 1 0 0 
0 0 1 0 1 0 
1 0 0 0 0 0 
0 0 1 0 1 0 
0 0 1 0 0 1 
0 0 1 0 0 0 
0 1 0 0 0 0 
0 1 0 0 1 0 
0 1 0 1 0 0 
1 0 0 0 0 0 
0 0 1 0 0 1 
0 0 0 0 1 0 
0 0 1 1 0 0 
0 0 0 1 0 0 
0 0 0 0 0 1 
0 0 1 0 0 0 
1 0 0 0 0 0 
1 0 0 0 0 0 
0 0 1 0 0 0 
1 0 0 0 0 0 
0 0 0 0 0 1 
0 0 1 0 0 0 
0 0 1 0 0 0 
0 1 0 0 0 0 
0 0 0 0 1 0 
0 0 0 1 0 0 
1 0 0 0 0 0 
0 0 0 1 0 0 
0 1 0 0 0 0 
0 0 0 1 0 0 
0 0 0 0 1 0 
0 0 0 1 0 0 
0 0 1 0 0 0 
0 1 0 0 0 0 
0 1 0 0 1 0 
0 0 0 0 1 0 
0 0 0 0 1 0 
0 0 1 1 0 0 
1 0 0 0 0 0 
0 0 1 1 0 0 
1 0 0 0 0 0 
1 0 0 0 0 1 
0 0 1 0 0 0 
1 0 0 1 0 0 
0 0 1 0 0 0 
0 0 1 1 0 0 
0 1 0 0 0 0 
1 0 0 0 1 0 
1 1 1 1 1 1 
DS
2 3 5 13 15 16 22 24 25 28 30 32 33 36 37 39 41 63 66 68 70 72 74 76 
a
1 0 1 0 0 0 
0 1 1 0 0 0 
0 1 1 0 0 0 
1 1 1 0 0 0 
1 1 1 0 0 0 
1 0 1 0 0 0 
1 1 1 0 0 0 
0 0 0 1 0 1 
0 0 0 0 1 1 
0 0 0 1 1 0 
0 0 0 1 1 0 
0 0 0 0 1 0 
0 0 0 1 1 0 
0 0 0 1 1 1 
0 0 0 1 1 1 
x
-30.1511 -30.0738 -30.0263 -30.0785 -30.0803 -30.0983 -30.0258 -30.0051 -30.0675 -30.084 -30.0746 -30.0184 -30.0758 -30.1511 -30.0193 -30.0182 -30.0482 -30.0696 -30.0719 -30.0696 -30.0467 -30.0261 -30.0598 -30.0233 -30.123 -30.0869 -30.019 -30.0305 -30.021 -30.0282 -30.0995 -30.0705 -30.0705 -30.0271 -30.0946 -30.0484 -30.0995 -30.0899 -30.0296 -30.0812 -30.0226 -30.0234 -30.0726 -30.0099 -30.0401 -30.0859 -30.0505 -30.0358 -30.0609 -30.036 -30.0505 -30.0504 -30.0215 -30.0769 -30.0269 -30.0248 -30.0786 -30.0376 -30.0625 -30.07 -30.0315 -30.0361 -30.1082 -30.0262 -30.0138 -30.0852 -30.0215 -30.0204 -30.1129 -30.0966 -30.0537 -30.0771 -30.0941 -29.9806 -30.0316 -30.0718 -30.1511
y
-51.1337 -51.1828 -51.1843 -51.1635 -51.1166 -51.1332 -51.1377 -51.1459 -51.1668 -51.2225 -51.164 -51.1385 -51.2428 -51.1337 -51.1259 -51.1852 -51.16 -51.2089 -51.1816 -51.2254 -51.1669 -51.1026 -51.1409 -51.1797 -51.2088 -51.1253 -51.1674 -51.1864 -51.1698 -51.176 -51.2584 -51.1806 -51.206 -51.127 -51.1239 -51.1607 -51.1407 -51.1261 -51.1477 -51.1928 -51.0886 -51.1823 -51.1942 -51.172 -51.1079 -51.2352 -51.1631 -51.1525 -51.1429 -51.1745 -51.1704 -51.2113 -51.2582 -51.1636 -51.2204 -51.1063 -51.1681 -51.151 -51.1981 -51.2229 -51.1112 -51.1554 -51.1077 -51.1096 -51.1412 -51.2239 -51.1071 -51.1594 -51.1123 -51.1282 -51.1524 -51.1687 -51.1783 -51.1923 -51.2073 -51.1718 -51.1337
d
0.00000 32.00000 38.00000 34.00000 24.00000 21.00000 35.00000 40.00000 30.00000 25.00000 33.00000 36.00000 28.00000 0.00000 37.00000 36.00000 29.00000 28.00000 30.00000 30.00000 31.00000 37.00000 29.00000 35.00000 19.00000 22.00000 37.00000 36.00000 37.00000 35.00000 28.00000 30.00000 27.00000 37.00000 20.00000 30.00000 19.00000 21.00000 34.00000 28.00000 41.00000 35.00000 27.00000 39.00000 33.00000 25.00000 29.00000 32.00000 30.00000 34.00000 30.00000 31.00000 56.00000 34.00000 37.00000 37.00000 33.00000 32.00000 30.00000 29.00000 36.00000 33.00000 15.00000 36.00000 37.00000 25.00000 37.00000 36.00000 15.00000 20.00000 29.00000 33.00000 21.00000 43.00000 35.00000 32.00000 0.00000
33.00000 0.00000 14.00000 12.00000 15.00000 17.00000 18.00000 21.00000 8.00000 12.00000 11.00000 19.00000 17.00000 33.00000 21.00000 13.00000 11.00000 8.00000 3.00000 14.00000 11.00000 23.00000 13.00000 12.00000 18.00000 17.00000 14.00000 12.00000 14.00000 12.00000 19.00000 3.00000 8.00000 21.00000 18.00000 11.00000 17.00000 18.00000 15.00000 10.00000 26.00000 12.00000 9.00000 16.00000 19.00000 14.00000 10.00000 13.00000 14.00000 10.00000 10.00000 10.00000 33.00000 11.00000 15.00000 22.00000 9.00000 13.00000 8.00000 13.00000 20.00000 13.00000 22.00000 21.00000 19.00000 12.00000 21.00000 15.00000 21.00000 16.00000 13.00000 8.00000 13.00000 20.00000 13.00000 7.00000 33.00000
35.00000 14.00000 0.00000 16.00000 16.00000 19.00000 11.00000 11.00000 10.00000 15.00000 14.00000 12.00000 18.00000 35.00000 13.00000 4.00000 9.00000 12.00000 12.00000 14.00000 7.00000 18.00000 14.00000 2.00000 22.00000 18.00000 4.00000 3.00000 4.00000 3.00000 23.00000 12.00000 12.00000 14.00000 19.00000 9.00000 19.00000 19.00000 8.00000 15.00000 21.00000 3.00000 13.00000 5.00000 14.00000 18.00000 9.00000 7.00000 15.00000 4.00000 7.00000 9.00000 24.00000 15.00000 11.00000 16.00000 13.00000 8.00000 10.00000 14.00000 16.00000 8.00000 23.00000 16.00000 10.00000 15.00000 15.00000 6.00000 22.00000 18.00000 12.00000 12.00000 17.00000 10.00000 7.00000 11.00000 35.00000
33.00000 12.00000 19.00000 0.00000 14.00000 16.00000 19.00000 23.00000 7.00000 19.00000 4.00000 20.00000 24.00000 33.00000 21.00000 17.00000 12.00000 16.00000 10.00000 20.00000 13.00000 23.00000 13.00000 16.00000 26.00000 16.00000 18.00000 17.00000 18.00000 16.00000 27.00000 10.00000 15.00000 21.00000 17.00000 12.00000 17.00000 17.00000 16.00000 17.00000 26.00000 16.00000 16.00000 20.00000 19.00000 21.00000 12.00000 15.00000 14.00000 15.00000 12.00000 16.00000 38.00000 2.00000 21.00000 22.00000 4.00000 15.00000 15.00000 20.00000 20.00000 15.00000 21.00000 21.00000 21.00000 19.00000 21.00000 18.00000 20.00000 15.00000 13.00000 5.00000 16.00000 24.00000 18.00000 7.00000 33.00000
24.00000 18.00000 21.00000 18.00000 0.00000 9.00000 19.00000 24.00000 14.00000 23.00000 17.00000 20.00000 28.00000 24.00000 20.00000 20.00000 13.00000 20.00000 16.00000 23.00000 15.00000 18.00000 13.00000 19.00000 30.00000 6.00000 21.00000 20.00000 21.00000 19.00000 30.00000 16.00000 19.00000 21.00000 7.00000 13.00000 11.00000 6.00000 18.00000 23.00000 22.00000 19.00000 20.00000 23.00000 14.00000 25.00000 13.00000 16.00000 14.00000 17.00000 14.00000 20.00000 41.00000 18.00000 24.00000 17.00000 18.00000 16.00000 19.00000 24.00000 17.00000 16.00000 12.00000 17.00000 21.00000 23.00000 18.00000 20.00000 11.00000 8.00000 13.00000 17.00000 19.00000 27.00000 21.00000 16.00000 24.00000
21.00000 17.00000 21.00000 17.00000 7.00000 0.00000 18.00000 23.00000 14.00000 22.00000 16.00000 20.00000 28.00000 21.00000 20.00000 19.00000 13.00000 19.00000 16.00000 23.00000 14.00000 23.00000 12.00000 18.00000 23.00000 5.00000 20.00000 19.00000 20.00000 18.00000 30.00000 15.00000 18.00000 20.00000 5.00000 13.00000 4.00000 5.00000 17.00000 19.00000 25.00000 18.00000 20.00000 22.00000 19.00000 25.00000 12.00000 16.00000 13.00000 17.00000 14.00000 19.00000 40.00000 17.00000 24.00000 21.00000 17.00000 16.00000 18.00000 23.00000 20.00000 16.00000 9.00000 20.00000 20.00000 22.00000 20.00000 19.00000 8.00000 3.00000 13.00000 16.00000 13.00000 26.00000 20.00000 15.00000 21.00000
35.00000 19.00000 12.00000 19.00000 16.00000 18.00000 0.00000 8.00000 15.00000 23.00000 18.00000 3.00000 27.00000 35.00000 5.00000 12.00000 9.00000 20.00000 17.00000 22.00000 11.00000 11.00000 11.00000 10.00000 30.00000 18.00000 10.00000 12.00000 12.00000 10.00000 30.00000 17.00000 19.00000 7.00000 19.00000 9.00000 19.00000 19.00000 4.00000 23.00000 14.00000 11.00000 20.00000 11.00000 11.00000 25.00000 11.00000 6.00000 13.00000 11.00000 12.00000 18.00000 32.00000 19.00000 19.00000 9.00000 17.00000 6.00000 18.00000 23.00000 11.00000 6.00000 23.00000 9.00000 5.00000 23.00000 8.00000 8.00000 22.00000 17.00000 10.00000 17.00000 25.00000 18.00000 16.00000 16.00000 35.00000
39.00000 21.00000 10.00000 23.00000 21.00000 23.00000 8.00000 0.00000 18.00000 25.00000 21.00000 7.00000 25.00000 39.00000 8.00000 9.00000 12.00000 20.00000 20.00000 20.00000 13.00000 13.00000 16.00000 9.00000 31.00000 23.00000 7.00000 11.00000 8.00000 11.00000 30.00000 19.00000 20.00000 10.00000 24.00000 12.00000 23.00000 24.00000 7.00000 24.00000 15.00000 9.00000 22.00000 6.00000 14.00000 26.00000 14.00000 8.00000 18.00000 12.00000 14.00000 16.00000 27.00000 23.00000 16.00000 11.00000 20.00000 9.00000 19.00000 21.00000 12.00000 9.00000 28.00000 11.00000 5.00000 25.00000 10.00000 8.00000 27.00000 22.00000 14.00000 20.00000 26.00000 13.00000 13.00000 19.00000 39.00000
28.00000 8.00000 13.00000 7.00000 10.00000 12.00000 14.00000 17.00000 0.00000 14.00000 5.00000 15.00000 19.00000 28.00000 17.00000 11.00000 6.00000 10.00000 6.00000 14.00000 7.00000 19.00000 8.00000 10.00000 20.00000 12.00000 12.00000 11.00000 12.00000 10.00000 21.00000 6.00000 10.00000 16.00000 13.00000 7.00000 12.00000 13.00000 11.00000 13.00000 22.00000 10.00000 11.00000 14.00000 15.00000 16.00000 6.00000 10.00000 9.00000 8.00000 5.00000 10.00000 32.00000 7.00000 15.00000 18.00000 4.00000 10.00000 9.00000 14.00000 16.00000 10.00000 16.00000 16.00000 16.00000 14.00000 16.00000 12.00000 16.00000 11.00000 8.00000 4.00000 15.00000 18.00000 12.00000 3.00000 28.00000
26.00000 12.00000 17.00000 19.00000 20.00000 22.00000 22.00000 25.00000 13.00000 0.00000 17.00000 23.00000 7.00000 26.00000 25.00000 17.00000 15.00000 7.00000 10.00000 7.00000 15.00000 28.00000 19.00000 16.00000 11.00000 22.00000 18.00000 17.00000 18.00000 16.00000 11.00000 10.00000 7.00000 25.00000 23.00000 15.00000 21.00000 23.00000 19.00000 11.00000 30.00000 16.00000 7.00000 20.00000 23.00000 5.00000 14.00000 17.00000 20.00000 15.00000 14.00000 11.00000 36.00000 18.00000 17.00000 26.00000 16.00000 17.00000 10.00000 7.00000 25.00000 18.00000 27.00000 25.00000 23.00000 2.00000 25.00000 19.00000 26.00000 21.00000 17.00000 15.00000 12.00000 24.00000 15.00000 13.00000 26.00000
32.00000 11.00000 17.00000 4.00000 13.00000 15.00000 18.00000 22.00000 6.00000 18.00000 0.00000 19.00000 23.00000 32.00000 20.00000 16.00000 11.00000 15.00000 9.00000 19.00000 12.00000 23.00000 12.00000 15.00000 25.00000 15.00000 17.00000 16.00000 17.00000 15.00000 25.00000 9.00000 14.00000 20.00000 16.00000 11.00000 16.00000 16.00000 16.00000 16.00000 25.00000 15.00000 15.00000 19.00000 18.00000 20.00000 10.00000 14.00000 13.00000 13.00000 10.00000 15.00000 37.00000 3.00000 20.00000 21.00000 5.00000 14.00000 14.00000 19.00000 19.00000 14.00000 20.00000 20.00000 20.00000 18.00000 20.00000 17.00000 19.00000 14.00000 12.00000 4.00000 17.00000 23.00000 17.00000 5.00000 32.00000
36.00000 20.00000 13.00000 20.00000 17.00000 19.00000 3.00000 6.00000 16.00000 24.00000 19.00000 0.00000 27.00000 36.00000 4.00000 12.00000 11.00000 21.00000 18.00000 23.00000 12.00000 10.00000 13.00000 11.00000 31.00000 19.00000 9.00000 13.00000 11.00000 11.00000 32.00000 18.00000 20.00000 6.00000 20.00000 10.00000 20.00000 20.00000 5.00000 24.00000 12.00000 12.00000 22.00000 9.00000 11.00000 26.00000 12.00000 7.00000 14.00000 12.00000 13.00000 19.00000 30.00000 20.00000 19.00000 8.00000 19.00000 7.00000 19.00000 24.00000 9.00000 8.00000 24.00000 8.00000 3.00000 24.00000 7.00000 7.00000 23.00000 18.00000 11.00000 18.00000 26.00000 16.00000 16.00000 17.00000 36.00000
29.00000 17.00000 15.00000 22.00000 23.00000 25.00000 24.00000 25.00000 17.00000 7.00000 21.00000 25.00000 0.00000 29.00000 27.00000 17.00000 18.00000 10.00000 15.00000 6.00000 18.00000 30.00000 22.00000 16.00000 14.00000 25.00000 18.00000 15.00000 18.00000 16.00000 8.00000 15.00000 11.00000 27.00000 26.00000 19.00000 26.00000 26.00000 21.00000 17.00000 32.00000 16.00000 13.00000 19.00000 26.00000 5.00000 17.00000 20.00000 23.00000 17.00000 17.00000 8.00000 31.00000 21.00000 13.00000 28.00000 19.00000 20.00000 12.00000 7.00000 27.00000 20.00000 30.00000 27.00000 24.00000 7.00000 27.00000 20.00000 29.00000 24.00000 20.00000 18.00000 17.00000 19.00000 12.00000 17.00000 29.00000
0.00000 32.00000 38.00000 34.00000 24.00000 21.00000 35.00000 40.00000 30.00000 25.00000 33.00000 36.00000 28.00000 0.00000 37.00000 36.00000 29.00000 28.00000 30.00000 30.00000 31.00000 37.00000 29.00000 35.00000 19.00000 22.00000 37.00000 36.00000 37.00000 35.00000 28.00000 30.00000 27.00000 37.00000 20.00000 30.00000 19.00000 21.00000 34.00000 28.00000 41.00000 35.00000 27.00000 39.00000 33.00000 25.00000 29.00000 32.00000 30.00000 34.00000 30.00000 31.00000 56.00000 34.00000 37.00000 37.00000 33.00000 32.00000 30.00000 29.00000 36.00000 33.00000 15.00000 36.00000 37.00000 25.00000 37.00000 36.00000 15.00000 20.00000 29.00000 33.00000 21.00000 43.00000 35.00000 32.00000 0.00000
37.00000 21.00000 15.00000 21.00000 18.00000 20.00000 6.00000 7.00000 17.00000 26.00000 20.00000 5.00000 29.00000 37.00000 0.00000 14.00000 13.00000 22.00000 19.00000 25.00000 14.00000 7.00000 13.00000 13.00000 32.00000 20.00000 12.00000 15.00000 13.00000 14.00000 33.00000 19.00000 22.00000 4.00000 21.00000 13.00000 21.00000 21.00000 8.00000 25.00000 9.00000 13.00000 23.00000 10.00000 8.00000 28.00000 14.00000 10.00000 15.00000 14.00000 15.00000 21.00000 32.00000 21.00000 21.00000 5.00000 20.00000 10.00000 21.00000 25.00000 7.00000 10.00000 25.00000 5.00000 7.00000 26.00000 4.00000 10.00000 24.00000 19.00000 12.00000 19.00000 27.00000 18.00000 17.00000 18.00000 37.00000
39.00000 17.00000 5.00000 19.00000 20.00000 22.00000 12.00000 10.00000 14.00000 19.00000 18.00000 12.00000 19.00000 39.00000 13.00000 0.00000 12.00000 14.00000 16.00000 15.00000 10.00000 18.00000 16.00000 4.00000 26.00000 22.00000 5.00000 5.00000 5.00000 5.00000 24.00000 15.00000 14.00000 15.00000 23.00000 12.00000 23.00000 23.00000 10.00000 19.00000 20.00000 4.00000 16.00000 5.00000 17.00000 20.00000 13.00000 9.00000 18.00000 8.00000 11.00000 11.00000 23.00000 19.00000 10.00000 16.00000 17.00000 9.00000 13.00000 15.00000 17.00000 9.00000 27.00000 16.00000 9.00000 19.00000 15.00000 7.00000 26.00000 21.00000 14.00000 16.00000 21.00000 9.00000 7.00000 15.00000 39.00000
29.00000 11.00000 11.00000 12.00000 10.00000 13.00000 9.00000 12.00000 7.00000 15.00000 11.00000 10.00000 20.00000 29.00000 13.00000 10.00000 0.00000 12.00000 9.00000 16.00000 4.00000 15.00000 8.00000 9.00000 22.00000 12.00000 11.00000 10.00000 11.00000 9.00000 23.00000 9.00000 11.00000 12.00000 14.00000 1.00000 13.00000 13.00000 6.00000 15.00000 18.00000 9.00000 13.00000 12.00000 11.00000 17.00000 3.00000 5.00000 9.00000 7.00000 4.00000 12.00000 31.00000 12.00000 16.00000 13.00000 10.00000 5.00000 11.00000 16.00000 12.00000 5.00000 17.00000 12.00000 11.00000 15.00000 12.00000 8.00000 17.00000 12.00000 5.00000 9.00000 17.00000 17.00000 12.00000 8.00000 29.00000
28.00000 9.00000 11.00000 16.00000 17.00000 19.00000 19.00000 21.00000 10.00000 7.00000 14.00000 20.00000 10.00000 28.00000 22.00000 13.00000 12.00000 0.00000 7.00000 6.00000 12.00000 25.00000 16.00000 12.00000 14.00000 19.00000 14.00000 12.00000 14.00000 12.00000 14.00000 7.00000 1.00000 22.00000 20.00000 12.00000 17.00000 20.00000 16.00000 7.00000 27.00000 13.00000 4.00000 16.00000 20.00000 8.00000 11.00000 14.00000 17.00000 11.00000 11.00000 4.00000 29.00000 15.00000 11.00000 23.00000 13.00000 14.00000 4.00000 5.00000 21.00000 15.00000 24.00000 22.00000 20.00000 7.00000 22.00000 16.00000 23.00000 18.00000 14.00000 12.00000 8.00000 18.00000 9.00000 10.00000 28.00000
31.00000 3.00000 12.00000 10.00000 13.00000 15.00000 16.00000 19.00000 6.00000 10.00000 9.00000 17.00000 15.00000 31.00000 20.00000 12.00000 9.00000 7.00000 0.00000 12.00000 9.00000 22.00000 12.00000 11.00000 17.00000 15.00000 13.00000 11.00000 13.00000 10.00000 17.00000 1.00000 6.00000 19.00000 16.00000 10.00000 16.00000 16.00000 13.00000 7.00000 25.00000 10.00000 6.00000 14.00000 18.00000 12.00000 9.00000 12.00000 13.00000 9.00000 8.00000 9.00000 32.00000 9.00000 13.00000 20.00000 7.00000 12.00000 6.00000 11.00000 19.00000 12.00000 20.00000 19.00000 18.00000 10.00000 19.00000 14.00000 19.00000 14.00000 11.00000 6.00000 10.00000 18.00000 11.00000 5.00000 31.00000
31.00000 14.00000 12.00000 19.00000 20.00000 22.00000 22.00000 22.00000 14.00000 7.00000 18.00000 23.00000 8.00000 31.00000 25.00000 14.00000 16.00000 6.00000 12.00000 0.00000 16.00000 27.00000 19.00000 13.00000 16.00000 22.00000 15.00000 13.00000 15.00000 14.00000 13.00000 12.00000 7.00000 25.00000 23.00000 16.00000 23.00000 23.00000 19.00000 13.00000 30.00000 14.00000 9.00000 17.00000 23.00000 7.00000 15.00000 17.00000 20.00000 15.00000 15.00000 5.00000 30.00000 18.00000 12.00000 26.00000 16.00000 17.00000 9.00000 1.00000 24.00000 17.00000 27.00000 25.00000 22.00000 6.00000 25.00000 18.00000 26.00000 21.00000 18.00000 15.00000 14.00000 19.00000 10.00000 13.00000 31.00000
31.00000 10.00000 9.00000 12.00000 12.00000 14.00000 10.00000 13.00000 7.00000 15.00000 10.00000 11.00000 20.00000 31.00000 13.00000 8.00000 3.00000 11.00000 9.00000 15.00000 0.00000 15.00000 10.00000 7.00000 21.00000 14.00000 9.00000 8.00000 9.00000 7.00000 22.00000 8.00000 11.00000 13.00000 15.00000 3.00000 15.00000 15.00000 7.00000 14.00000 18.00000 7.00000 12.00000 11.00000 11.00000 17.00000 3.00000 5.00000 11.00000 5.00000 2.00000 12.00000 29.00000 12.00000 14.00000 14.00000 9.00000 5.00000 11.00000 16.00000 12.00000 5.00000 19.00000 13.00000 11.00000 15.00000 13.00000 8.00000 18.00000 13.00000 7.00000 9.00000 16.00000 15.00000 11.00000 8.00000 31.00000
37.00000 24.00000 20.00000 23.00000 20.00000 23.00000 12.00000 12.00000 20.00000 28.00000 23.00000 11.00000 32.00000 37.00000 7.00000 18.00000 15.00000 25.00000 22.00000 28.00000 16.00000 0.00000 16.00000 18.00000 35.00000 23.00000 17.00000 19.00000 18.00000 18.00000 36.00000 22.00000 24.00000 9.00000 24.00000 15.00000 23.00000 23.00000 13.00000 28.00000 6.00000 18.00000 26.00000 15.00000 8.00000 30.00000 17.00000 13.00000 18.00000 16.00000 17.00000 24.00000 37.00000 23.00000 25.00000 4.00000 23.00000 13.00000 24.00000 28.00000 5.00000 13.00000 27.00000 4.00000 13.00000 28.00000 4.00000 17.00000 27.00000 22.00000 15.00000 22.00000 30.00000 23.00000 22.00000 21.00000 37.00000
29.00000 13.00000 15.00000 13.00000 10.00000 12.00000 11.00000 16.00000 9.00000 18.00000 12.00000 13.00000 23.00000 29.00000 14.00000 14.00000 7.00000 14.00000 11.00000 19.00000 9.00000 16.00000 0.00000 13.00000 24.00000 12.00000 15.00000 14.00000 15.00000 13.00000 25.00000 11.00000 14.00000 13.00000 13.00000 7.00000 13.00000 13.00000 10.00000 17.00000 19.00000 13.00000 15.00000 16.00000 12.00000 20.00000 7.00000 9.00000 2.00000 11.00000 8.00000 15.00000 35.00000 13.00000 18.00000 14.00000 12.00000 9.00000 14.00000 19.00000 13.00000 9.00000 17.00000 13.00000 13.00000 18.00000 13.00000 12.00000 16.00000 11.00000 6.00000 12.00000 19.00000 21.00000 15.00000 11.00000 29.00000
38.00000 16.00000 5.00000 19.00000 19.00000 22.00000 11.00000 9.00000 14.00000 19.00000 18.00000 11.00000 20.00000 38.00000 12.00000 4.00000 11.00000 14.00000 14.00000 15.00000 9.00000 17.00000 15.00000 0.00000 25.00000 22.00000 4.00000 5.00000 4.00000 3.00000 24.00000 14.00000 14.00000 14.00000 23.00000 11.00000 22.00000 22.00000 8.00000 18.00000 19.00000 2.00000 15.00000 4.00000 15.00000 21.00000 11.00000 7.00000 17.00000 6.00000 10.00000 11.00000 24.00000 19.00000 11.00000 15.00000 16.00000 8.00000 12.00000 16.00000 17.00000 8.00000 26.00000 15.00000 9.00000 19.00000 14.00000 6.00000 26.00000 21.00000 13.00000 16.00000 20.00000 10.00000 8.00000 15.00000 38.00000
19.00000 17.00000 23.00000 24.00000 25.00000 23.00000 27.00000 30.00000 19.00000 10.00000 23.00000 28.00000 13.00000 19.00000 30.00000 22.00000 20.00000 13.00000 15.00000 15.00000 20.00000 33.00000 24.00000 21.00000 0.00000 26.00000 23.00000 22.00000 23.00000 21.00000 13.00000 15.00000 12.00000 30.00000 25.00000 21.00000 20.00000 25.00000 24.00000 16.00000 35.00000 21.00000 12.00000 25.00000 29.00000 10.00000 19.00000 23.00000 25.00000 20.00000 19.00000 16.00000 41.00000 23.00000 22.00000 31.00000 21.00000 23.00000 15.00000 14.00000 30.00000 23.00000 29.00000 30.00000 29.00000 10.00000 30.00000 25.00000 28.00000 24.00000 22.00000 20.00000 13.00000 29.00000 20.00000 18.00000 19.00000
21.00000 16.00000 20.00000 16.00000 6.00000 5.00000 17.00000 22.00000 13.00000 21.00000 15.00000 19.00000 27.00000 21.00000 20.00000 18.00000 12.00000 18.00000 15.00000 22.00000 13.00000 22.00000 11.00000 17.00000 26.00000 0.00000 19.00000 18.00000 19.00000 17.00000 29.00000 14.00000 18.00000 19.00000 4.00000 12.00000 7.00000 2.00000 16.00000 21.00000 24.00000 17.00000 19.00000 21.00000 18.00000 24.00000 11.00000 15.00000 12.00000 16.00000 13.00000 18.00000 39.00000 16.00000 23.00000 20.00000 16.00000 15.00000 17.00000 22.00000 19.00000 15.00000 10.00000 19.00000 19.00000 21.00000 19.00000 18.00000 9.00000 4.00000 12.00000 15.00000 16.00000 25.00000 19.00000 14.00000 21.00000
36.00000 16.00000 6.00000 18.00000 17.00000 20.00000 8.00000 8.00000 12.00000 20.00000 16.00000 9.00000 21.00000 36.00000 11.00000 5.00000 9.00000 15.00000 14.00000 17.00000 7.00000 16.00000 13.00000 3.00000 27.00000 19.00000 0.00000 6.00000 2.00000 4.00000 26.00000 14.00000 15.00000 12.00000 21.00000 9.00000 20.00000 20.00000 6.00000 19.00000 18.00000 4.00000 16.00000 4.00000 13.00000 22.00000 10.00000 5.00000 15.00000 6.00000 9.00000 13.00000 26.00000 17.00000 12.00000 14.00000 15.00000 6.00000 13.00000 17.00000 14.00000 6.00000 24.00000 14.00000 7.00000 20.00000 13.00000 3.00000 24.00000 19.00000 10.00000 14.00000 21.00000 12.00000 9.00000 13.00000 36.00000
36.00000 14.00000 2.00000 17.00000 17.00000 20.00000 12.00000 12.00000 11.00000 17.00000 15.00000 13.00000 17.00000 36.00000 14.00000 5.00000 11.00000 12.00000 12.00000 13.00000 8.00000 20.00000 15.00000 3.00000 23.00000 20.00000 5.00000 0.00000 5.00000 4.00000 22.00000 12.00000 12.00000 16.00000 21.00000 10.00000 20.00000 20.00000 10.00000 16.00000 22.00000 4.00000 13.00000 7.00000 16.00000 19.00000 10.00000 9.00000 17.00000 6.00000 9.00000 9.00000 26.00000 16.00000 10.00000 18.00000 14.00000 9.00000 10.00000 13.00000 17.00000 9.00000 24.00000 17.00000 11.00000 17.00000 17.00000 7.00000 24.00000 19.00000 13.00000 14.00000 18.00000 12.00000 5.00000 12.00000 36.00000
37.00000 16.00000 5.00000 18.00000 18.00000 20.00000 9.00000 9.00000 13.00000 19.00000 17.00000 10.00000 20.00000 37.00000 12.00000 4.00000 10.00000 14.00000 14.00000 15.00000 8.00000 17.00000 14.00000 2.00000 26.00000 20.00000 2.00000 5.00000 0.00000 3.00000 25.00000 14.00000 14.00000 13.00000 21.00000 10.00000 21.00000 21.00000 6.00000 19.00000 19.00000 3.00000 15.00000 4.00000 14.00000 21.00000 11.00000 6.00000 15.00000 6.00000 10.00000 12.00000 25.00000 18.00000 11.00000 15.00000 16.00000 6.00000 12.00000 16.00000 15.00000 7.00000 25.00000 15.00000 8.00000 19.00000 14.00000 4.00000 24.00000 19.00000 11.00000 15.00000 20.00000 11.00000 8.00000 14.00000 37.00000
36.00000 16.00000 6.00000 17.00000 17.00000 20.00000 9.00000 11.00000 12.00000 19.00000 16.00000 10.00000 20.00000 36.00000 13.00000 6.00000 9.00000 15.00000 14.00000 16.00000 7.00000 17.00000 13.00000 4.00000 25.00000 19.00000 5.00000 6.00000 5.00000 0.00000 25.00000 13.00000 14.00000 12.00000 20.00000 9.00000 20.00000 20.00000 6.00000 18.00000 20.00000 5.00000 16.00000 7.00000 13.00000 21.00000 9.00000 5.00000 15.00000 4.00000 8.00000 12.00000 27.00000 17.00000 13.00000 16.00000 14.00000 6.00000 12.00000 16.00000 14.00000 6.00000 24.00000 15.00000 10.00000 19.00000 15.00000 5.00000 23.00000 19.00000 10.00000 14.00000 20.00000 13.00000 10.00000 13.00000 36.00000
28.00000 18.00000 22.00000 25.00000 26.00000 29.00000 28.00000 32.00000 20.00000 12.00000 24.00000 29.00000 8.00000 28.00000 32.00000 24.00000 22.00000 14.00000 17.00000 13.00000 21.00000 34.00000 25.00000 23.00000 13.00000 28.00000 25.00000 22.00000 25.00000 23.00000 0.00000 17.00000 14.00000 31.00000 30.00000 22.00000 27.00000 29.00000 25.00000 18.00000 37.00000 23.00000 14.00000 26.00000 30.00000 8.00000 21.00000 24.00000 26.00000 21.00000 20.00000 16.00000 38.00000 24.00000 20.00000 33.00000 22.00000 24.00000 17.00000 13.00000 31.00000 24.00000 33.00000 31.00000 30.00000 11.00000 31.00000 26.00000 33.00000 28.00000 23.00000 21.00000 18.00000 26.00000 19.00000 20.00000 28.00000
31.00000 3.00000 12.00000 10.00000 12.00000 15.00000 16.00000 19.00000 6.00000 10.00000 8.00000 17.00000 16.00000 31.00000 19.00000 11.00000 9.00000 7.00000 2.00000 12.00000 9.00000 22.00000 11.00000 10.00000 17.00000 14.00000 12.00000 11.00000 12.00000 10.00000 18.00000 0.00000 6.00000 19.00000 16.00000 10.00000 15.00000 15.00000 13.00000 8.00000 24.00000 10.00000 8.00000 14.00000 18.00000 13.00000 8.00000 12.00000 12.00000 9.00000 8.00000 9.00000 32.00000 9.00000 13.00000 20.00000 6.00000 12.00000 7.00000 12.00000 19.00000 12.00000 19.00000 19.00000 18.00000 10.00000 19.00000 14.00000 19.00000 14.00000 11.00000 5.00000 11.00000 18.00000 11.00000 4.00000 31.00000
28.00000 8.00000 12.00000 15.00000 16.00000 18.00000 18.00000 21.00000 10.00000 7.00000 14.00000 19.00000 11.00000 28.00000 22.00000 14.00000 12.00000 2.00000 7.00000 7.00000 11.00000 24.00000 15.00000 13.00000 13.00000 18.00000 15.00000 13.00000 15.00000 13.00000 14.00000 7.00000 0.00000 21.00000 19.00000 12.00000 17.00000 19.00000 15.00000 7.00000 27.00000 13.00000 3.00000 16.00000 20.00000 9.00000 11.00000 14.00000 16.00000 11.00000 10.00000 5.00000 30.00000 14.00000 12.00000 22.00000 12.00000 14.00000 5.00000 6.00000 21.00000 14.00000 23.00000 21.00000 20.00000 7.00000 21.00000 16.00000 22.00000 17.00000 13.00000 11.00000 8.00000 18.00000 10.00000 10.00000 28.00000
36.00000 20.00000 15.00000 20.00000 17.00000 19.00000 6.00000 10.00000 17.00000 25.00000 19.00000 6.00000 29.00000 36.00000 4.00000 15.00000 12.00000 22.00000 19.00000 25.00000 13.00000 9.00000 13.00000 13.00000 32.00000 19.00000 13.00000 15.00000 14.00000 13.00000 32.00000 18.00000 21.00000 0.00000 20.00000 12.00000 20.00000 20.00000 7.00000 25.00000 11.00000 14.00000 22.00000 13.00000 9.00000 27.00000 13.00000 9.00000 15.00000 13.00000 14.00000 21.00000 34.00000 20.00000 22.00000 7.00000 19.00000 9.00000 21.00000 25.00000 8.00000 9.00000 24.00000 7.00000 9.00000 25.00000 6.00000 11.00000 23.00000 18.00000 11.00000 19.00000 27.00000 21.00000 19.00000 18.00000 36.00000
20.00000 18.00000 21.00000 18.00000 7.00000 5.00000 19.00000 24.00000 14.00000 23.00000 17.00000 20.00000 28.00000 20.00000 21.00000 20.00000 13.00000 20.00000 16.00000 23.00000 15.00000 23.00000 13.00000 19.00000 25.00000 4.00000 21.00000 20.00000 21.00000 19.00000 30.00000 16.00000 19.00000 21.00000 0.00000 13.00000 7.00000 4.00000 18.00000 22.00000 26.00000 19.00000 20.00000 23.00000 19.00000 25.00000 13.00000 16.00000 14.00000 17.00000 14.00000 20.00000 41.00000 18.00000 24.00000 22.00000 17.00000 16.00000 18.00000 24.00000 20.00000 16.00000 8.00000 21.00000 21.00000 23.00000 21.00000 20.00000 7.00000 4.00000 13.00000 17.00000 15.00000 27.00000 21.00000 16.00000 20.00000
29.00000 11.00000 11.00000 12.00000 10.00000 13.00000 9.00000 12.00000 7.00000 15.00000 11.00000 10.00000 20.00000 29.00000 13.00000 10.00000 1.00000 12.00000 9.00000 16.00000 3.00000 15.00000 8.00000 9.00000 22.00000 13.00000 11.00000 10.00000 11.00000 9.00000 23.00000 9.00000 11.00000 12.00000 14.00000 0.00000 13.00000 13.00000 6.00000 15.00000 18.00000 9.00000 13.00000 12.00000 11.00000 18.00000 2.00000 5.00000 9.00000 7.00000 3.00000 12.00000 31.00000 12.00000 16.00000 13.00000 10.00000 5.00000 11.00000 16.00000 12.00000 5.00000 17.00000 12.00000 11.00000 15.00000 12.00000 8.00000 17.00000 12.00000 5.00000 9.00000 17.00000 17.00000 12.00000 8.00000 29.00000
18.00000 18.00000 21.00000 18.00000 8.00000 4.00000 19.00000 24.00000 14.00000 21.00000 17.00000 20.00000 26.00000 18.00000 21.00000 20.00000 13.00000 17.00000 16.00000 23.00000 15.00000 23.00000 13.00000 19.00000 20.00000 6.00000 21.00000 20.00000 21.00000 19.00000 28.00000 16.00000 17.00000 21.00000 7.00000 13.00000 0.00000 6.00000 18.00000 16.00000 26.00000 19.00000 17.00000 23.00000 19.00000 23.00000 13.00000 16.00000 14.00000 17.00000 14.00000 20.00000 41.00000 18.00000 24.00000 22.00000 17.00000 16.00000 18.00000 22.00000 20.00000 16.00000 10.00000 21.00000 21.00000 21.00000 21.00000 20.00000 9.00000 5.00000 13.00000 17.00000 9.00000 27.00000 21.00000 16.00000 18.00000
21.00000 18.00000 21.00000 17.00000 6.00000 5.00000 19.00000 23.00000 14.00000 23.00000 17.00000 20.00000 28.00000 21.00000 21.00000 20.00000 13.00000 19.00000 16.00000 23.00000 15.00000 23.00000 12.00000 19.00000 26.00000 2.00000 21.00000 20.00000 21.00000 19.00000 30.00000 16.00000 19.00000 20.00000 4.00000 13.00000 7.00000 0.00000 17.00000 22.00000 26.00000 19.00000 20.00000 22.00000 19.00000 25.00000 13.00000 16.00000 13.00000 17.00000 14.00000 19.00000 41.00000 18.00000 24.00000 22.00000 17.00000 16.00000 18.00000 23.00000 20.00000 16.00000 9.00000 20.00000 20.00000 23.00000 20.00000 19.00000 8.00000 4.00000 13.00000 17.00000 16.00000 27.00000 21.00000 16.00000 21.00000
33.00000 16.00000 9.00000 17.00000 14.00000 17.00000 4.00000 8.00000 12.00000 20.00000 16.00000 5.00000 24.00000 33.00000 8.00000 9.00000 6.00000 17.00000 14.00000 19.00000 8.00000 13.00000 10.00000 7.00000 27.00000 17.00000 7.00000 9.00000 9.00000 7.00000 27.00000 14.00000 16.00000 7.00000 18.00000 6.00000 17.00000 17.00000 0.00000 20.00000 15.00000 8.00000 17.00000 8.00000 11.00000 22.00000 8.00000 3.00000 12.00000 8.00000 9.00000 15.00000 29.00000 17.00000 16.00000 11.00000 14.00000 3.00000 15.00000 20.00000 12.00000 3.00000 21.00000 11.00000 5.00000 20.00000 10.00000 5.00000 21.00000 16.00000 8.00000 14.00000 22.00000 15.00000 13.00000 13.00000 33.00000
28.00000 10.00000 16.00000 17.00000 18.00000 20.00000 20.00000 23.00000 12.00000 11.00000 16.00000 21.00000 16.00000 28.00000 24.00000 16.00000 13.00000 7.00000 7.00000 13.00000 13.00000 26.00000 17.00000 15.00000 18.00000 20.00000 17.00000 15.00000 17.00000 14.00000 19.00000 8.00000 7.00000 23.00000 21.00000 14.00000 16.00000 21.00000 17.00000 0.00000 29.00000 14.00000 7.00000 18.00000 22.00000 13.00000 13.00000 16.00000 18.00000 13.00000 12.00000 10.00000 35.00000 16.00000 16.00000 24.00000 14.00000 16.00000 9.00000 12.00000 23.00000 16.00000 25.00000 23.00000 22.00000 11.00000 23.00000 18.00000 24.00000 19.00000 15.00000 13.00000 7.00000 22.00000 14.00000 11.00000 28.00000
41.00000 26.00000 22.00000 26.00000 23.00000 25.00000 14.00000 14.00000 22.00000 31.00000 25.00000 13.00000 35.00000 41.00000 9.00000 20.00000 18.00000 28.00000 24.00000 31.00000 19.00000 6.00000 19.00000 20.00000 38.00000 25.00000 19.00000 22.00000 20.00000 21.00000 38.00000 24.00000 27.00000 11.00000 26.00000 18.00000 26.00000 26.00000 15.00000 30.00000 0.00000 20.00000 28.00000 17.00000 11.00000 33.00000 19.00000 16.00000 20.00000 19.00000 20.00000 27.00000 39.00000 26.00000 27.00000 7.00000 25.00000 16.00000 26.00000 31.00000 9.00000 16.00000 30.00000 7.00000 15.00000 31.00000 6.00000 19.00000 29.00000 24.00000 17.00000 25.00000 32.00000 25.00000 24.00000 24.00000 41.00000
39.00000 17.00000 4.00000 19.00000 20.00000 22.00000 12.00000 10.00000 14.00000 19.00000 18.00000 11.00000 19.00000 39.00000 12.00000 2.00000 12.00000 14.00000 15.00000 15.00000 10.00000 18.00000 16.00000 3.00000 26.00000 22.00000 4.00000 5.00000 4.00000 4.00000 24.00000 15.00000 14.00000 15.00000 23.00000 12.00000 23.00000 23.00000 9.00000 19.00000 20.00000 0.00000 16.00000 5.00000 16.00000 20.00000 12.00000 8.00000 17.00000 7.00000 11.00000 11.00000 23.00000 19.00000 10.00000 16.00000 16.00000 8.00000 13.00000 15.00000 17.00000 9.00000 27.00000 16.00000 9.00000 19.00000 15.00000 7.00000 26.00000 21.00000 13.00000 16.00000 20.00000 9.00000 7.00000 15.00000 39.00000
29.00000 5.00000 11.00000 12.00000 13.00000 16.00000 15.00000 18.00000 7.00000 8.00000 11.00000 16.00000 13.00000 29.00000 19.00000 11.00000 9.00000 5.00000 4.00000 10.00000 8.00000 21.00000 12.00000 10.00000 15.00000 15.00000 12.00000 10.00000 12.00000 10.00000 16.00000 4.00000 4.00000 18.00000 17.00000 9.00000 16.00000 16.00000 12.00000 5.00000 24.00000 10.00000 0.00000 13.00000 17.00000 10.00000 8.00000 11.00000 13.00000 8.00000 7.00000 7.00000 32.00000 11.00000 13.00000 20.00000 9.00000 11.00000 5.00000 9.00000 18.00000 11.00000 20.00000 18.00000 17.00000 8.00000 18.00000 13.00000 19.00000 15.00000 10.00000 8.00000 8.00000 18.00000 11.00000 7.00000 29.00000
39.00000 19.00000 8.00000 20.00000 20.00000 22.00000 11.00000 8.00000 15.00000 22.00000 19.00000 10.00000 21.00000 39.00000 11.00000 6.00000 12.00000 17.00000 17.00000 17.00000 10.00000 16.00000 16.00000 6.00000 29.00000 22.00000 5.00000 8.00000 6.00000 8.00000 26.00000 17.00000 17.00000 13.00000 23.00000 12.00000 23.00000 23.00000 9.00000 22.00000 18.00000 6.00000 19.00000 0.00000 16.00000 23.00000 13.00000 8.00000 18.00000 9.00000 12.00000 13.00000 23.00000 20.00000 12.00000 14.00000 18.00000 8.00000 16.00000 18.00000 15.00000 9.00000 27.00000 14.00000 8.00000 22.00000 13.00000 6.00000 26.00000 21.00000 13.00000 17.00000 23.00000 9.00000 10.00000 16.00000 39.00000
32.00000 19.00000 16.00000 19.00000 16.00000 19.00000 10.00000 13.00000 16.00000 24.00000 18.00000 12.00000 28.00000 32.00000 8.00000 15.00000 11.00000 21.00000 18.00000 24.00000 12.00000 8.00000 12.00000 14.00000 31.00000 18.00000 15.00000 15.00000 16.00000 14.00000 32.00000 17.00000 20.00000 9.00000 20.00000 11.00000 19.00000 19.00000 10.00000 24.00000 11.00000 14.00000 21.00000 16.00000 0.00000 26.00000 12.00000 9.00000 14.00000 12.00000 13.00000 20.00000 36.00000 19.00000 21.00000 7.00000 18.00000 9.00000 20.00000 24.00000 5.00000 9.00000 23.00000 6.00000 13.00000 24.00000 7.00000 13.00000 22.00000 18.00000 10.00000 18.00000 26.00000 22.00000 18.00000 17.00000 32.00000
26.00000 14.00000 18.00000 21.00000 22.00000 25.00000 24.00000 28.00000 16.00000 5.00000 20.00000 26.00000 4.00000 26.00000 28.00000 20.00000 18.00000 8.00000 13.00000 7.00000 17.00000 30.00000 21.00000 19.00000 11.00000 25.00000 21.00000 19.00000 21.00000 19.00000 8.00000 13.00000 9.00000 28.00000 26.00000 18.00000 23.00000 25.00000 22.00000 14.00000 33.00000 19.00000 10.00000 23.00000 26.00000 0.00000 17.00000 20.00000 22.00000 17.00000 17.00000 11.00000 35.00000 21.00000 16.00000 29.00000 18.00000 20.00000 12.00000 7.00000 27.00000 20.00000 29.00000 28.00000 26.00000 4.00000 28.00000 22.00000 29.00000 24.00000 20.00000 18.00000 14.00000 23.00000 16.00000 16.00000 26.00000
29.00000 10.00000 11.00000 12.00000 10.00000 13.00000 11.00000 14.00000 6.00000 15.00000 10.00000 12.00000 20.00000 29.00000 14.00000 9.00000 3.00000 11.00000 8.00000 15.00000 3.00000 16.00000 8.00000 8.00000 21.00000 12.00000 10.00000 9.00000 10.00000 8.00000 22.00000 8.00000 11.00000 14.00000 14.00000 2.00000 13.00000 13.00000 8.00000 14.00000 19.00000 8.00000 12.00000 12.00000 12.00000 17.00000 0.00000 6.00000 9.00000 7.00000 3.00000 11.00000 30.00000 11.00000 15.00000 15.00000 9.00000 6.00000 11.00000 16.00000 13.00000 6.00000 17.00000 14.00000 12.00000 15.00000 14.00000 9.00000 17.00000 12.00000 5.00000 8.00000 16.00000 16.00000 12.00000 7.00000 29.00000
32.00000 14.00000 9.00000 15.00000 13.00000 15.00000 5.00000 9.00000 10.00000 18.00000 14.00000 7.00000 22.00000 32.00000 9.00000 9.00000 5.00000 15.00000 12.00000 18.00000 6.00000 13.00000 9.00000 7.00000 25.00000 15.00000 7.00000 8.00000 8.00000 6.00000 26.00000 12.00000 14.00000 8.00000 16.00000 5.00000 16.00000 16.00000 2.00000 18.00000 16.00000 8.00000 16.00000 8.00000 9.00000 20.00000 6.00000 0.00000 11.00000 6.00000 7.00000 14.00000 30.00000 15.00000 15.00000 12.00000 13.00000 1.00000 14.00000 18.00000 10.00000 2.00000 20.00000 11.00000 7.00000 18.00000 11.00000 4.00000 19.00000 14.00000 6.00000 12.00000 20.00000 16.00000 12.00000 11.00000 32.00000
30.00000 14.00000 17.00000 14.00000 11.00000 13.00000 13.00000 18.00000 10.00000 19.00000 13.00000 15.00000 24.00000 30.00000 16.00000 15.00000 9.00000 16.00000 12.00000 19.00000 10.00000 18.00000 2.00000 14.00000 26.00000 13.00000 16.00000 15.00000 16.00000 14.00000 27.00000 12.00000 15.00000 15.00000 14.00000 9.00000 14.00000 14.00000 12.00000 19.00000 20.00000 14.00000 17.00000 18.00000 14.00000 21.00000 8.00000 11.00000 0.00000 13.00000 10.00000 16.00000 36.00000 14.00000 20.00000 16.00000 14.00000 11.00000 15.00000 20.00000 15.00000 11.00000 18.00000 15.00000 15.00000 19.00000 15.00000 14.00000 17.00000 12.00000 8.00000 13.00000 21.00000 22.00000 16.00000 12.00000 30.00000
34.00000 13.00000 6.00000 14.00000 15.00000 17.00000 10.00000 12.00000 9.00000 16.00000 13.00000 12.00000 19.00000 34.00000 14.00000 5.00000 8.00000 12.00000 11.00000 15.00000 5.00000 17.00000 12.00000 4.00000 22.00000 17.00000 6.00000 6.00000 6.00000 4.00000 23.00000 11.00000 12.00000 13.00000 18.00000 7.00000 18.00000 18.00000 7.00000 15.00000 19.00000 4.00000 13.00000 8.00000 13.00000 18.00000 7.00000 6.00000 14.00000 0.00000 6.00000 11.00000 26.00000 14.00000 12.00000 15.00000 12.00000 7.00000 11.00000 15.00000 14.00000 6.00000 22.00000 14.00000 12.00000 16.00000 14.00000 6.00000 21.00000 16.00000 10.00000 11.00000 17.00000 12.00000 9.00000 10.00000 34.00000
30.00000 9.00000 9.00000 10.00000 11.00000 13.00000 11.00000 14.00000 5.00000 13.00000 9.00000 12.00000 18.00000 30.00000 14.00000 7.00000 4.00000 10.00000 7.00000 14.00000 3.00000 16.00000 9.00000 6.00000 20.00000 13.00000 8.00000 7.00000 8.00000 6.00000 21.00000 7.00000 9.00000 14.00000 14.00000 4.00000 14.00000 14.00000 8.00000 13.00000 19.00000 6.00000 10.00000 10.00000 12.00000 15.00000 4.00000 6.00000 10.00000 5.00000 0.00000 10.00000 28.00000 10.00000 13.00000 15.00000 7.00000 6.00000 9.00000 14.00000 13.00000 6.00000 18.00000 14.00000 12.00000 13.00000 14.00000 8.00000 17.00000 12.00000 7.00000 7.00000 15.00000 14.00000 10.00000 6.00000 30.00000
33.00000 11.00000 7.00000 16.00000 17.00000 19.00000 17.00000 17.00000 11.00000 11.00000 14.00000 18.00000 11.00000 33.00000 20.00000 9.00000 11.00000 6.00000 9.00000 7.00000 11.00000 23.00000 15.00000 9.00000 18.00000 19.00000 11.00000 8.00000 11.00000 9.00000 16.00000 9.00000 6.00000 20.00000 20.00000 11.00000 20.00000 20.00000 14.00000 12.00000 25.00000 9.00000 8.00000 12.00000 18.00000 12.00000 10.00000 12.00000 16.00000 10.00000 10.00000 0.00000 25.00000 15.00000 7.00000 21.00000 13.00000 12.00000 6.00000 7.00000 19.00000 13.00000 24.00000 20.00000 17.00000 11.00000 20.00000 13.00000 23.00000 18.00000 13.00000 12.00000 12.00000 14.00000 5.00000 10.00000 33.00000
55.00000 34.00000 24.00000 38.00000 39.00000 41.00000 32.00000 27.00000 33.00000 34.00000 37.00000 31.00000 32.00000 55.00000 31.00000 24.00000 32.00000 29.00000 32.00000 30.00000 30.00000 37.00000 36.00000 25.00000 41.00000 41.00000 25.00000 25.00000 26.00000 26.00000 37.00000 32.00000 29.00000 34.00000 42.00000 32.00000 42.00000 42.00000 29.00000 34.00000 39.00000 25.00000 31.00000 24.00000 37.00000 34.00000 32.00000 29.00000 38.00000 27.00000 30.00000 25.00000 0.00000 38.00000 21.00000 35.00000 35.00000 29.00000 29.00000 30.00000 36.00000 29.00000 46.00000 35.00000 28.00000 34.00000 34.00000 26.00000 45.00000 40.00000 34.00000 35.00000 35.00000 21.00000 24.00000 33.00000 55.00000
33.00000 11.00000 18.00000 2.00000 14.00000 17.00000 19.00000 23.00000 7.00000 18.00000 3.00000 21.00000 23.00000 33.00000 21.00000 17.00000 12.00000 15.00000 9.00000 19.00000 13.00000 24.00000 13.00000 16.00000 25.00000 16.00000 18.00000 17.00000 18.00000 16.00000 26.00000 9.00000 14.00000 21.00000 17.00000 12.00000 17.00000 17.00000 17.00000 16.00000 26.00000 16.00000 15.00000 20.00000 20.00000 20.00000 12.00000 15.00000 14.00000 14.00000 11.00000 15.00000 38.00000 0.00000 20.00000 22.00000 5.00000 15.00000 14.00000 19.00000 21.00000 16.00000 21.00000 21.00000 21.00000 18.00000 21.00000 18.00000 20.00000 16.00000 14.00000 4.00000 16.00000 24.00000 18.00000 6.00000 33.00000
36.00000 15.00000 7.00000 20.00000 20.00000 23.00000 17.00000 15.00000 14.00000 15.00000 18.00000 18.00000 13.00000 36.00000 18.00000 7.00000 15.00000 10.00000 13.00000 11.00000 13.00000 24.00000 18.00000 8.00000 22.00000 22.00000 10.00000 7.00000 10.00000 9.00000 18.00000 13.00000 10.00000 21.00000 24.00000 15.00000 23.00000 23.00000 15.00000 15.00000 26.00000 9.00000 12.00000 11.00000 20.00000 16.00000 14.00000 14.00000 19.00000 10.00000 12.00000 6.00000 22.00000 19.00000 0.00000 22.00000 17.00000 14.00000 10.00000 11.00000 21.00000 14.00000 27.00000 21.00000 15.00000 15.00000 21.00000 12.00000 27.00000 22.00000 17.00000 16.00000 16.00000 9.00000 5.00000 15.00000 36.00000
36.00000 22.00000 17.00000 22.00000 19.00000 21.00000 10.00000 10.00000 18.00000 27.00000 21.00000 9.00000 31.00000 36.00000 5.00000 16.00000 14.00000 23.00000 20.00000 27.00000 15.00000 3.00000 14.00000 16.00000 33.00000 21.00000 15.00000 18.00000 16.00000 17.00000 34.00000 20.00000 23.00000 7.00000 22.00000 14.00000 22.00000 22.00000 11.00000 26.00000 7.00000 16.00000 24.00000 13.00000 7.00000 29.00000 15.00000 12.00000 16.00000 15.00000 16.00000 23.00000 35.00000 22.00000 23.00000 0.00000 21.00000 12.00000 22.00000 27.00000 4.00000 12.00000 26.00000 2.00000 11.00000 27.00000 2.00000 15.00000 25.00000 20.00000 13.00000 20.00000 28.00000 21.00000 20.00000 19.00000 36.00000
32.00000 9.00000 16.00000 4.00000 13.00000 16.00000 18.00000 21.00000 4.00000 16.00000 5.00000 19.00000 21.00000 32.00000 20.00000 15.00000 10.00000 13.00000 7.00000 17.00000 11.00000 23.00000 12.00000 14.00000 23.00000 15.00000 16.00000 15.00000 16.00000 14.00000 23.00000 7.00000 12.00000 20.00000 16.00000 10.00000 16.00000 16.00000 15.00000 14.00000 25.00000 14.00000 13.00000 18.00000 19.00000 18.00000 9.00000 13.00000 13.00000 12.00000 9.00000 13.00000 36.00000 5.00000 18.00000 21.00000 0.00000 13.00000 12.00000 17.00000 20.00000 13.00000 20.00000 20.00000 19.00000 16.00000 20.00000 15.00000 19.00000 15.00000 12.00000 2.00000 13.00000 22.00000 15.00000 3.00000 32.00000
32.00000 14.00000 9.00000 16.00000 13.00000 15.00000 6.00000 9.00000 10.00000 18.00000 14.00000 7.00000 22.00000 32.00000 10.00000 9.00000 5.00000 15.00000 12.00000 18.00000 6.00000 13.00000 9.00000 7.00000 25.00000 15.00000 7.00000 9.00000 8.00000 7.00000 26.00000 12.00000 15.00000 9.00000 16.00000 5.00000 16.00000 16.00000 3.00000 18.00000 16.00000 8.00000 16.00000 9.00000 9.00000 21.00000 6.00000 1.00000 11.00000 6.00000 7.00000 14.00000 30.00000 15.00000 15.00000 12.00000 13.00000 0.00000 14.00000 18.00000 10.00000 2.00000 20.00000 11.00000 7.00000 18.00000 11.00000 5.00000 19.00000 14.00000 6.00000 12.00000 20.00000 16.00000 12.00000 11.00000 32.00000
30.00000 8.00000 11.00000 13.00000 14.00000 16.00000 17.00000 20.00000 8.00000 9.00000 12.00000 18.00000 14.00000 30.00000 21.00000 12.00000 10.00000 4.00000 6.00000 9.00000 10.00000 23.00000 13.00000 11.00000 15.00000 16.00000 13.00000 10.00000 13.00000 10.00000 16.00000 6.00000 4.00000 20.00000 17.00000 11.00000 17.00000 17.00000 14.00000 8.00000 26.00000 11.00000 4.00000 15.00000 19.00000 11.00000 10.00000 13.00000 14.00000 10.00000 9.00000 5.00000 29.00000 12.00000 11.00000 21.00000 10.00000 13.00000 0.00000 9.00000 20.00000 13.00000 21.00000 20.00000 19.00000 9.00000 20.00000 14.00000 20.00000 15.00000 12.00000 9.00000 10.00000 17.00000 8.00000 7.00000 30.00000
30.00000 13.00000 13.00000 19.00000 20.00000 23.00000 22.00000 23.00000 14.00000 7.00000 18.00000 23.00000 8.00000 30.00000 25.00000 14.00000 16.00000 5.00000 12.00000 1.00000 16.00000 28.00000 19.00000 14.00000 16.00000 22.00000 16.00000 13.00000 16.00000 14.00000 13.00000 12.00000 6.00000 25.00000 24.00000 17.00000 22.00000 23.00000 19.00000 12.00000 30.00000 14.00000 9.00000 17.00000 24.00000 6.00000 15.00000 18.00000 20.00000 15.00000 15.00000 6.00000 31.00000 19.00000 12.00000 26.00000 16.00000 18.00000 9.00000 0.00000 25.00000 18.00000 27.00000 25.00000 22.00000 6.00000 25.00000 18.00000 27.00000 22.00000 18.00000 16.00000 13.00000 19.00000 10.00000 14.00000 30.00000
35.00000 21.00000 17.00000 20.00000 17.00000 20.00000 11.00000 12.00000 17.00000 25.00000 20.00000 11.00000 29.00000 35.00000 7.00000 16.00000 12.00000 22.00000 19.00000 25.00000 13.00000 5.00000 13.00000 15.00000 32.00000 19.00000 16.00000 16.00000 17.00000 15.00000 33.00000 18.00000 21.00000 8.00000 21.00000 12.00000 20.00000 20.00000 12.00000 25.00000 9.00000 15.00000 23.00000 15.00000 6.00000 27.00000 14.00000 10.00000 15.00000 13.00000 14.00000 21.00000 36.00000 20.00000 22.00000 4.00000 20.00000 10.00000 21.00000 25.00000 0.00000 10.00000 24.00000 2.00000 12.00000 25.00000 4.00000 14.00000 24.00000 19.00000 11.00000 19.00000 27.00000 22.00000 19.00000 18.00000 35.00000
32.00000 14.00000 9.00000 16.00000 13.00000 16.00000 6.00000 9.00000 10.00000 18.00000 14.00000 7.00000 22.00000 32.00000 10.00000 9.00000 5.00000 15.00000 12.00000 18.00000 6.00000 13.00000 9.00000 7.00000 25.00000 15.00000 8.00000 9.00000 8.00000 7.00000 26.00000 12.00000 14.00000 9.00000 16.00000 5.00000 16.00000 16.00000 3.00000 18.00000 16.00000 8.00000 16.00000 9.00000 9.00000 20.00000 6.00000 2.00000 11.00000 6.00000 7.00000 14.00000 30.00000 15.00000 15.00000 12.00000 13.00000 2.00000 13.00000 18.00000 10.00000 0.00000 20.00000 11.00000 8.00000 18.00000 11.00000 5.00000 19.00000 15.00000 6.00000 12.00000 20.00000 15.00000 11.00000 11.00000 32.00000
15.00000 22.00000 25.00000 22.00000 12.00000 9.00000 23.00000 28.00000 18.00000 27.00000 21.00000 24.00000 32.00000 15.00000 25.00000 24.00000 17.00000 24.00000 20.00000 27.00000 19.00000 27.00000 17.00000 23.00000 29.00000 9.00000 25.00000 24.00000 25.00000 23.00000 34.00000 20.00000 23.00000 25.00000 8.00000 17.00000 11.00000 9.00000 22.00000 26.00000 30.00000 23.00000 24.00000 27.00000 23.00000 29.00000 17.00000 20.00000 18.00000 21.00000 18.00000 24.00000 45.00000 22.00000 28.00000 26.00000 22.00000 20.00000 23.00000 28.00000 24.00000 20.00000 0.00000 25.00000 25.00000 27.00000 25.00000 24.00000 5.00000 8.00000 17.00000 21.00000 19.00000 31.00000 25.00000 20.00000 15.00000
36.00000 21.00000 18.00000 21.00000 18.00000 20.00000 10.00000 11.00000 17.00000 26.00000 20.00000 10.00000 30.00000 36.00000 6.00000 17.00000 13.00000 22.00000 19.00000 26.00000 14.00000 4.00000 13.00000 16.00000 32.00000 20.00000 15.00000 17.00000 16.00000 15.00000 33.00000 19.00000 22.00000 7.00000 21.00000 13.00000 21.00000 21.00000 11.00000 25.00000 7.00000 15.00000 23.00000 13.00000 6.00000 28.00000 14.00000 11.00000 15.00000 14.00000 15.00000 22.00000 35.00000 21.00000 22.00000 2.00000 20.00000 11.00000 21.00000 26.00000 2.00000 11.00000 25.00000 0.00000 11.00000 26.00000 2.00000 14.00000 24.00000 19.00000 12.00000 19.00000 27.00000 21.00000 19.00000 18.00000 36.00000
37.00000 21.00000 12.00000 21.00000 18.00000 20.00000 5.00000 5.00000 17.00000 25.00000 20.00000 4.00000 27.00000 37.00000 6.00000 11.00000 11.00000 22.00000 19.00000 22.00000 13.00000 12.00000 14.00000 11.00000 32.00000 20.00000 9.00000 13.00000 10.00000 11.00000 31.00000 19.00000 21.00000 8.00000 21.00000 11.00000 21.00000 21.00000 6.00000 25.00000 14.00000 11.00000 22.00000 8.00000 12.00000 27.00000 13.00000 8.00000 16.00000 12.00000 14.00000 18.00000 29.00000 21.00000 18.00000 10.00000 19.00000 8.00000 20.00000 23.00000 11.00000 8.00000 25.00000 10.00000 0.00000 25.00000 8.00000 7.00000 24.00000 19.00000 12.00000 19.00000 27.00000 15.00000 15.00000 18.00000 37.00000
26.00000 12.00000 17.00000 19.00000 20.00000 22.00000 22.00000 25.00000 14.00000 2.00000 17.00000 23.00000 6.00000 26.00000 25.00000 17.00000 15.00000 7.00000 10.00000 6.00000 15.00000 28.00000 19.00000 16.00000 11.00000 22.00000 18.00000 17.00000 18.00000 16.00000 11.00000 10.00000 7.00000 25.00000 23.00000 15.00000 21.00000 23.00000 19.00000 11.00000 30.00000 16.00000 7.00000 20.00000 24.00000 4.00000 14.00000 18.00000 20.00000 15.00000 14.00000 11.00000 35.00000 18.00000 17.00000 26.00000 16.00000 18.00000 10.00000 6.00000 25.00000 18.00000 27.00000 25.00000 23.00000 0.00000 25.00000 19.00000 26.00000 21.00000 17.00000 15.00000 12.00000 24.00000 15.00000 13.00000 26.00000
37.00000 22.00000 17.00000 21.00000 19.00000 21.00000 10.00000 10.00000 18.00000 27.00000 21.00000 9.00000 31.00000 37.00000 5.00000 16.00000 13.00000 23.00000 20.00000 26.00000 15.00000 4.00000 14.00000 16.00000 33.00000 21.00000 14.00000 17.00000 15.00000 16.00000 34.00000 20.00000 23.00000 7.00000 22.00000 13.00000 21.00000 22.00000 11.00000 26.00000 6.00000 16.00000 24.00000 13.00000 8.00000 29.00000 15.00000 11.00000 16.00000 15.00000 16.00000 22.00000 34.00000 22.00000 23.00000 2.00000 21.00000 11.00000 22.00000 27.00000 5.00000 12.00000 26.00000 3.00000 11.00000 26.00000 0.00000 15.00000 25.00000 20.00000 13.00000 20.00000 28.00000 20.00000 20.00000 19.00000 37.00000
35.00000 16.00000 8.00000 18.00000 16.00000 19.00000 7.00000 7.00000 12.00000 20.00000 16.00000 7.00000 22.00000 35.00000 10.00000 8.00000 8.00000 16.00000 14.00000 18.00000 7.00000 15.00000 12.00000 6.00000 27.00000 19.00000 3.00000 8.00000 5.00000 5.00000 27.00000 14.00000 16.00000 10.00000 20.00000 8.00000 19.00000 19.00000 4.00000 19.00000 17.00000 7.00000 17.00000 5.00000 13.00000 22.00000 10.00000 4.00000 14.00000 6.00000 9.00000 14.00000 27.00000 17.00000 15.00000 13.00000 15.00000 5.00000 14.00000 18.00000 14.00000 5.00000 23.00000 13.00000 6.00000 20.00000 12.00000 0.00000 23.00000 18.00000 10.00000 14.00000 21.00000 13.00000 12.00000 13.00000 35.00000
15.00000 22.00000 25.00000 21.00000 12.00000 9.00000 23.00000 27.00000 18.00000 27.00000 21.00000 24.00000 32.00000 15.00000 25.00000 24.00000 17.00000 23.00000 20.00000 27.00000 19.00000 27.00000 16.00000 23.00000 29.00000 9.00000 25.00000 24.00000 25.00000 23.00000 34.00000 20.00000 23.00000 24.00000 8.00000 17.00000 11.00000 9.00000 21.00000 26.00000 30.00000 23.00000 24.00000 26.00000 23.00000 29.00000 17.00000 20.00000 17.00000 21.00000 18.00000 23.00000 45.00000 22.00000 28.00000 26.00000 21.00000 20.00000 22.00000 27.00000 24.00000 20.00000 3.00000 25.00000 24.00000 27.00000 25.00000 23.00000 0.00000 8.00000 17.00000 21.00000 19.00000 31.00000 25.00000 20.00000 15.00000
19.00000 17.00000 21.00000 17.00000 7.00000 4.00000 18.00000 23.00000 14.00000 22.00000 16.00000 19.00000 27.00000 19.00000 20.00000 19.00000 12.00000 19.00000 15.00000 23.00000 14.00000 23.00000 12.00000 18.00000 24.00000 5.00000 20.00000 19.00000 20.00000 18.00000 30.00000 15.00000 18.00000 20.00000 3.00000 13.00000 6.00000 5.00000 17.00000 21.00000 25.00000 18.00000 20.00000 22.00000 19.00000 24.00000 12.00000 15.00000 13.00000 17.00000 14.00000 19.00000 40.00000 17.00000 24.00000 21.00000 17.00000 15.00000 18.00000 23.00000 20.00000 16.00000 7.00000 20.00000 20.00000 22.00000 20.00000 19.00000 6.00000 0.00000 12.00000 16.00000 14.00000 26.00000 20.00000 15.00000 19.00000
29.00000 13.00000 13.00000 13.00000 10.00000 12.00000 10.00000 14.00000 9.00000 17.00000 12.00000 11.00000 22.00000 29.00000 13.00000 12.00000 5.00000 14.00000 11.00000 18.00000 7.00000 15.00000 6.00000 11.00000 24.00000 12.00000 12.00000 12.00000 13.00000 11.00000 25.00000 11.00000 13.00000 12.00000 13.00000 6.00000 13.00000 13.00000 8.00000 17.00000 18.00000 11.00000 15.00000 14.00000 11.00000 19.00000 5.00000 6.00000 8.00000 9.00000 7.00000 14.00000 33.00000 13.00000 18.00000 13.00000 12.00000 6.00000 13.00000 18.00000 12.00000 6.00000 17.00000 12.00000 11.00000 17.00000 12.00000 10.00000 16.00000 11.00000 0.00000 11.00000 19.00000 19.00000 14.00000 10.00000 29.00000
32.00000 8.00000 16.00000 5.00000 13.00000 15.00000 17.00000 20.00000 4.00000 15.00000 4.00000 18.00000 20.00000 32.00000 20.00000 14.00000 10.00000 12.00000 6.00000 16.00000 10.00000 22.00000 12.00000 13.00000 22.00000 15.00000 15.00000 14.00000 15.00000 13.00000 22.00000 6.00000 11.00000 19.00000 16.00000 10.00000 15.00000 16.00000 14.00000 13.00000 25.00000 13.00000 12.00000 17.00000 18.00000 17.00000 9.00000 13.00000 13.00000 12.00000 9.00000 12.00000 35.00000 4.00000 17.00000 21.00000 2.00000 13.00000 11.00000 16.00000 19.00000 13.00000 20.00000 20.00000 19.00000 15.00000 20.00000 15.00000 19.00000 14.00000 11.00000 0.00000 14.00000 21.00000 15.00000 3.00000 32.00000
21.00000 12.00000 17.00000 15.00000 17.00000 13.00000 22.00000 26.00000 14.00000 12.00000 17.00000 24.00000 17.00000 21.00000 26.00000 18.00000 16.00000 8.00000 10.00000 14.00000 15.00000 28.00000 19.00000 17.00000 13.00000 15.00000 19.00000 17.00000 19.00000 17.00000 19.00000 11.00000 8.00000 25.00000 15.00000 16.00000 9.00000 15.00000 19.00000 7.00000 31.00000 17.00000 8.00000 21.00000 24.00000 14.00000 15.00000 18.00000 20.00000 15.00000 15.00000 11.00000 36.00000 16.00000 17.00000 27.00000 13.00000 18.00000 10.00000 13.00000 25.00000 18.00000 19.00000 26.00000 24.00000 12.00000 26.00000 20.00000 18.00000 14.00000 18.00000 14.00000 0.00000 24.00000 15.00000 14.00000 21.00000
44.00000 22.00000 11.00000 24.00000 25.00000 27.00000 18.00000 13.00000 19.00000 23.00000 23.00000 17.00000 21.00000 44.00000 18.00000 10.00000 18.00000 18.00000 20.00000 18.00000 16.00000 23.00000 23.00000 11.00000 30.00000 27.00000 12.00000 11.00000 12.00000 12.00000 26.00000 20.00000 18.00000 20.00000 28.00000 18.00000 28.00000 28.00000 15.00000 23.00000 25.00000 11.00000 20.00000 10.00000 23.00000 24.00000 18.00000 15.00000 24.00000 13.00000 16.00000 15.00000 20.00000 24.00000 10.00000 21.00000 22.00000 15.00000 17.00000 19.00000 22.00000 16.00000 32.00000 21.00000 14.00000 23.00000 20.00000 13.00000 31.00000 26.00000 20.00000 21.00000 24.00000 0.00000 11.00000 20.00000 44.00000
36.00000 14.00000 5.00000 18.00000 19.00000 21.00000 15.00000 15.00000 13.00000 15.00000 17.00000 16.00000 15.00000 36.00000 17.00000 7.00000 13.00000 10.00000 12.00000 10.00000 11.00000 23.00000 17.00000 6.00000 22.00000 21.00000 8.00000 5.00000 8.00000 7.00000 19.00000 12.00000 10.00000 19.00000 22.00000 13.00000 21.00000 22.00000 13.00000 15.00000 25.00000 7.00000 12.00000 10.00000 19.00000 16.00000 12.00000 12.00000 18.00000 8.00000 12.00000 6.00000 22.00000 18.00000 6.00000 21.00000 15.00000 12.00000 9.00000 11.00000 20.00000 12.00000 26.00000 20.00000 14.00000 15.00000 20.00000 10.00000 25.00000 20.00000 15.00000 15.00000 16.00000 10.00000 0.00000 13.00000 36.00000
31.00000 7.00000 14.00000 7.00000 12.00000 14.00000 16.00000 19.00000 3.00000 14.00000 5.00000 17.00000 19.00000 31.00000 19.00000 13.00000 9.00000 10.00000 5.00000 14.00000 9.00000 21.00000 10.00000 12.00000 20.00000 14.00000 14.00000 13.00000 14.00000 12.00000 21.00000 5.00000 10.00000 18.00000 15.00000 9.00000 14.00000 15.00000 13.00000 12.00000 24.00000 12.00000 11.00000 16.00000 17.00000 16.00000 8.00000 12.00000 12.00000 11.00000 7.00000 10.00000 34.00000 6.00000 15.00000 20.00000 3.00000 12.00000 9.00000 14.00000 18.00000 12.00000 19.00000 19.00000 18.00000 14.00000 19.00000 14.00000 18.00000 13.00000 10.00000 3.00000 15.00000 20.00000 13.00000 0.00000 31.00000
0.00000 32.00000 38.00000 34.00000 24.00000 21.00000 35.00000 40.00000 30.00000 25.00000 33.00000 36.00000 28.00000 0.00000 37.00000 36.00000 29.00000 28.00000 30.00000 30.00000 31.00000 37.00000 29.00000 35.00000 19.00000 22.00000 37.00000 36.00000 37.00000 35.00000 28.00000 30.00000 27.00000 37.00000 20.00000 30.00000 19.00000 21.00000 34.00000 28.00000 41.00000 35.00000 27.00000 39.00000 33.00000 25.00000 29.00000 32.00000 30.00000 34.00000 30.00000 31.00000 56.00000 34.00000 37.00000 37.00000 33.00000 32.00000 30.00000 29.00000 36.00000 33.00000 15.00000 36.00000 37.00000 25.00000 37.00000 36.00000 15.00000 20.00000 29.00000 33.00000 21.00000 43.00000 35.00000 32.00000 0.00000
p
0.0 0.0 0.0 0.0 0.0 0.0 
0.0 0.0 0.0 0.0 0.0 0.0 
0.0 0.0 0.0 0.0 0.0 0.0 
0.0 0.0 0.0 0.0 0.0 0.0 
0.0 0.0 0.0 0.0 0.0 0.0 
0.0 0.0 0.0 0.0 0.0 0.0 
0.0 0.0 0.0 0.0 0.0 0.0 
0.0 0.0 0.0 0.0 0.0 0.0 
0.0 0.0 0.0 0.0 0.0 0.0 
0.0 0.0 0.0 0.0 0.0 0.0 
0.0 0.0 0.0 0.0 0.0 0.0 
0.0 0.0 0.0 0.0 0.0 0.0 
0.0 0.0 0.0 0.0 0.0 0.0 
0.0 0.0 0.0 0.0 0.0 0.0 
0.0 0.0 0.0 0.0 0.0 0.0 
42 0 0 37 0 0 
42 0 0 37 0 0 
42 0 0 37 0 0 
42 0 0 37 0 0 
42 0 0 37 0 0 
42 0 0 37 0 0 
42 0 0 37 0 0 
42 0 0 37 0 0 
42 0 0 37 0 0 
42 0 0 37 0 0 
42 0 0 37 0 0 
42 0 0 37 0 0 
42 0 0 37 0 0 
42 0 0 37 0 0 
42 0 0 37 0 0 
0 0 28 0 22 0 
0 0 28 0 22 0 
0 0 28 0 22 0 
0 0 28 0 22 0 
0 0 28 0 22 0 
0 0 28 0 22 0 
0 0 28 0 22 0 
0 0 28 0 22 0 
0 0 28 0 22 0 
0 0 28 0 22 0 
0 0 28 0 22 0 
0 0 28 0 22 0 
0 0 28 0 22 0 
0 0 28 0 22 0 
0 0 28 0 22 0 
0 0 0 0 50 0 
0 0 0 0 50 0 
0 0 0 0 50 0 
0 0 0 0 50 0 
0 0 0 0 50 0 
0 0 0 0 50 0 
0 0 0 0 50 0 
0 0 0 0 50 0 
0 0 0 0 50 0 
0 0 0 0 50 0 
0 0 0 0 50 0 
0 0 0 0 50 0 
0 0 0 0 50 0 
0 0 0 0 50 0 
0 0 0 0 50 0 
0 27 0 0 49 0 
0 27 0 0 49 0 
0 27 0 0 49 0 
0 27 0 0 49 0 
0 27 0 0 49 0 
0 27 0 0 49 0 
0 27 0 0 49 0 
0 27 0 0 49 0 
0 27 0 0 49 0 
0 27 0 0 49 0 
0 27 0 0 49 0 
0 27 0 0 49 0 
0 27 0 0 49 0 
0 27 0 0 49 0 
0 27 0 0 49 0 
0 0 0 22 0 0 
0 0 0 22 0 0 
0 0 0 22 0 0 
0 0 0 22 0 0 
0 0 0 22 0 0 
0 0 0 22 0 0 
0 0 0 22 0 0 
0 0 0 22 0 0 
0 0 0 22 0 0 
0 0 0 22 0 0 
0 0 0 22 0 0 
0 0 0 22 0 0 
0 0 0 22 0 0 
0 0 0 22 0 0 
0 0 0 22 0 0 
0 0 0 0 0 18 
0 0 0 0 0 18 
0 0 0 0 0 18 
0 0 0 0 0 18 
0 0 0 0 0 18 
0 0 0 0 0 18 
0 0 0 0 0 18 
0 0 0 0 0 18 
0 0 0 0 0 18 
0 0 0 0 0 18 
0 0 0 0 0 18 
0 0 0 0 0 18 
0 0 0 0 0 18 
0 0 0 0 0 18 
0 0 0 0 0 18 
0 0 0 40 0 0 
0 0 0 40 0 0 
0 0 0 40 0 0 
0 0 0 40 0 0 
0 0 0 40 0 0 
0 0 0 40 0 0 
0 0 0 40 0 0 
0 0 0 40 0 0 
0 0 0 40 0 0 
0 0 0 40 0 0 
0 0 0 40 0 0 
0 0 0 40 0 0 
0 0 0 40 0 0 
0 0 0 40 0 0 
0 0 0 40 0 0 
0 0 50 0 0 0 
0 0 50 0 0 0 
0 0 50 0 0 0 
0 0 50 0 0 0 
0 0 50 0 0 0 
0 0 50 0 0 0 
0 0 50 0 0 0 
0 0 50 0 0 0 
0 0 50 0 0 0 
0 0 50 0 0 0 
0 0 50 0 0 0 
0 0 50 0 0 0 
0 0 50 0 0 0 
0 0 50 0 0 0 
0 0 50 0 0 0 
43 0 0 0 0 0 
43 0 0 0 0 0 
43 0 0 0 0 0 
43 0 0 0 0 0 
43 0 0 0 0 0 
43 0 0 0 0 0 
43 0 0 0 0 0 
43 0 0 0 0 0 
43 0 0 0 0 0 
43 0 0 0 0 0 
43 0 0 0 0 0 
43 0 0 0 0 0 
43 0 0 0 0 0 
43 0 0 0 0 0 
43 0 0 0 0 0 
0 0 0 19 0 0 
0 0 0 19 0 0 
0 0 0 19 0 0 
0 0 0 19 0 0 
0 0 0 19 0 0 
0 0 0 19 0 0 
0 0 0 19 0 0 
0 0 0 19 0 0 
0 0 0 19 0 0 
0 0 0 19 0 0 
0 0 0 19 0 0 
0 0 0 19 0 0 
0 0 0 19 0 0 
0 0 0 19 0 0 
0 0 0 19 0 0 
0 0 0 0 34 0 
0 0 0 0 34 0 
0 0 0 0 34 0 
0 0 0 0 34 0 
0 0 0 0 34 0 
0 0 0 0 34 0 
0 0 0 0 34 0 
0 0 0 0 34 0 
0 0 0 0 34 0 
0 0 0 0 34 0 
0 0 0 0 34 0 
0 0 0 0 34 0 
0 0 0 0 34 0 
0 0 0 0 34 0 
0 0 0 0 34 0 
19 0 0 0 17 0 
19 0 0 0 17 0 
19 0 0 0 17 0 
19 0 0 0 17 0 
19 0 0 0 17 0 
19 0 0 0 17 0 
19 0 0 0 17 0 
19 0 0 0 17 0 
19 0 0 0 17 0 
19 0 0 0 17 0 
19 0 0 0 17 0 
19 0 0 0 17 0 
19 0 0 0 17 0 
19 0 0 0 17 0 
19 0 0 0 17 0 
21 0 0 0 0 0 
21 0 0 0 0 0 
21 0 0 0 0 0 
21 0 0 0 0 0 
21 0 0 0 0 0 
21 0 0 0 0 0 
21 0 0 0 0 0 
21 0 0 0 0 0 
21 0 0 0 0 0 
21 0 0 0 0 0 
21 0 0 0 0 0 
21 0 0 0 0 0 
21 0 0 0 0 0 
21 0 0 0 0 0 
21 0 0 0 0 0 
0 0 58 0 43 0 
0 0 58 0 43 0 
0 0 58 0 43 0 
0 0 58 0 43 0 
0 0 58 0 43 0 
0 0 58 0 43 0 
0 0 58 0 43 0 
0 0 58 0 43 0 
0 0 58 0 43 0 
0 0 58 0 43 0 
0 0 58 0 43 0 
0 0 58 0 43 0 
0 0 58 0 43 0 
0 0 58 0 43 0 
0 0 58 0 43 0 
0 37 0 0 0 33 
0 37 0 0 0 33 
0 37 0 0 0 33 
0 37 0 0 0 33 
0 37 0 0 0 33 
0 37 0 0 0 33 
0 37 0 0 0 33 
0 37 0 0 0 33 
0 37 0 0 0 33 
0 37 0 0 0 33 
0 37 0 0 0 33 
0 37 0 0 0 33 
0 37 0 0 0 33 
0 37 0 0 0 33 
0 37 0 0 0 33 
39 0 0 0 0 0 
39 0 0 0 0 0 
39 0 0 0 0 0 
39 0 0 0 0 0 
39 0 0 0 0 0 
39 0 0 0 0 0 
39 0 0 0 0 0 
39 0 0 0 0 0 
39 0 0 0 0 0 
39 0 0 0 0 0 
39 0 0 0 0 0 
39 0 0 0 0 0 
39 0 0 0 0 0 
39 0 0 0 0 0 
39 0 0 0 0 0 
0 0 40 0 0 0 
0 0 40 0 0 0 
0 0 40 0 0 0 
0 0 40 0 0 0 
0 0 40 0 0 0 
0 0 40 0 0 0 
0 0 40 0 0 0 
0 0 40 0 0 0 
0 0 40 0 0 0 
0 0 40 0 0 0 
0 0 40 0 0 0 
0 0 40 0 0 0 
0 0 40 0 0 0 
0 0 40 0 0 0 
0 0 40 0 0 0 
0 0 45 0 0 0 
0 0 45 0 0 0 
0 0 45 0 0 0 
0 0 45 0 0 0 
0 0 45 0 0 0 
0 0 45 0 0 0 
0 0 45 0 0 0 
0 0 45 0 0 0 
0 0 45 0 0 0 
0 0 45 0 0 0 
0 0 45 0 0 0 
0 0 45 0 0 0 
0 0 45 0 0 0 
0 0 45 0 0 0 
0 0 45 0 0 0 
0 0 0 23 0 0 
0 0 0 23 0 0 
0 0 0 23 0 0 
0 0 0 23 0 0 
0 0 0 23 0 0 
0 0 0 23 0 0 
0 0 0 23 0 0 
0 0 0 23 0 0 
0 0 0 23 0 0 
0 0 0 23 0 0 
0 0 0 23 0 0 
0 0 0 23 0 0 
0 0 0 23 0 0 
0 0 0 23 0 0 
0 0 0 23 0 0 
0 0 0 0 0 55 
0 0 0 0 0 55 
0 0 0 0 0 55 
0 0 0 0 0 55 
0 0 0 0 0 55 
0 0 0 0 0 55 
0 0 0 0 0 55 
0 0 0 0 0 55 
0 0 0 0 0 55 
0 0 0 0 0 55 
0 0 0 0 0 55 
0 0 0 0 0 55 
0 0 0 0 0 55 
0 0 0 0 0 55 
0 0 0 0 0 55 
0 0 60 0 0 56 
0 0 60 0 0 56 
0 0 60 0 0 56 
0 0 60 0 0 56 
0 0 60 0 0 56 
0 0 60 0 0 56 
0 0 60 0 0 56 
0 0 60 0 0 56 
0 0 60 0 0 56 
0 0 60 0 0 56 
0 0 60 0 0 56 
0 0 60 0 0 56 
0 0 60 0 0 56 
0 0 60 0 0 56 
0 0 60 0 0 56 
0 0 0 0 51 0 
0 0 0 0 51 0 
0 0 0 0 51 0 
0 0 0 0 51 0 
0 0 0 0 51 0 
0 0 0 0 51 0 
0 0 0 0 51 0 
0 0 0 0 51 0 
0 0 0 0 51 0 
0 0 0 0 51 0 
0 0 0 0 51 0 
0 0 0 0 51 0 
0 0 0 0 51 0 
0 0 0 0 51 0 
0 0 0 0 51 0 
0 0 24 0 38 0 
0 0 24 0 38 0 
0 0 24 0 38 0 
0 0 24 0 38 0 
0 0 24 0 38 0 
0 0 24 0 38 0 
0 0 24 0 38 0 
0 0 24 0 38 0 
0 0 24 0 38 0 
0 0 24 0 38 0 
0 0 24 0 38 0 
0 0 24 0 38 0 
0 0 24 0 38 0 
0 0 24 0 38 0 
0 0 24 0 38 0 
0 0 42 48 0 0 
0 0 42 48 0 0 
0 0 42 48 0 0 
0 0 42 48 0 0 
0 0 42 48 0 0 
0 0 42 48 0 0 
0 0 42 48 0 0 
0 0 42 48 0 0 
0 0 42 48 0 0 
0 0 42 48 0 0 
0 0 42 48 0 0 
0 0 42 48 0 0 
0 0 42 48 0 0 
0 0 42 48 0 0 
0 0 42 48 0 0 
0 0 0 0 0 20 
0 0 0 0 0 20 
0 0 0 0 0 20 
0 0 0 0 0 20 
0 0 0 0 0 20 
0 0 0 0 0 20 
0 0 0 0 0 20 
0 0 0 0 0 20 
0 0 0 0 0 20 
0 0 0 0 0 20 
0 0 0 0 0 20 
0 0 0 0 0 20 
0 0 0 0 0 20 
0 0 0 0 0 20 
0 0 0 0 0 20 
0 54 0 0 0 0 
0 54 0 0 0 0 
0 54 0 0 0 0 
0 54 0 0 0 0 
0 54 0 0 0 0 
0 54 0 0 0 0 
0 54 0 0 0 0 
0 54 0 0 0 0 
0 54 0 0 0 0 
0 54 0 0 0 0 
0 54 0 0 0 0 
0 54 0 0 0 0 
0 54 0 0 0 0 
0 54 0 0 0 0 
0 54 0 0 0 0 
0 0 55 0 28 0 
0 0 55 0 28 0 
0 0 55 0 28 0 
0 0 55 0 28 0 
0 0 55 0 28 0 
0 0 55 0 28 0 
0 0 55 0 28 0 
0 0 55 0 28 0 
0 0 55 0 28 0 
0 0 55 0 28 0 
0 0 55 0 28 0 
0 0 55 0 28 0 
0 0 55 0 28 0 
0 0 55 0 28 0 
0 0 55 0 28 0 
0 0 0 59 0 0 
0 0 0 59 0 0 
0 0 0 59 0 0 
0 0 0 59 0 0 
0 0 0 59 0 0 
0 0 0 59 0 0 
0 0 0 59 0 0 
0 0 0 59 0 0 
0 0 0 59 0 0 
0 0 0 59 0 0 
0 0 0 59 0 0 
0 0 0 59 0 0 
0 0 0 59 0 0 
0 0 0 59 0 0 
0 0 0 59 0 0 
0 0 20 0 57 0 
0 0 20 0 57 0 
0 0 20 0 57 0 
0 0 20 0 57 0 
0 0 20 0 57 0 
0 0 20 0 57 0 
0 0 20 0 57 0 
0 0 20 0 57 0 
0 0 20 0 57 0 
0 0 20 0 57 0 
0 0 20 0 57 0 
0 0 20 0 57 0 
0 0 20 0 57 0 
0 0 20 0 57 0 
0 0 20 0 57 0 
40 0 0 0 0 0 
40 0 0 0 0 0 
40 0 0 0 0 0 
40 0 0 0 0 0 
40 0 0 0 0 0 
40 0 0 0 0 0 
40 0 0 0 0 0 
40 0 0 0 0 0 
40 0 0 0 0 0 
40 0 0 0 0 0 
40 0 0 0 0 0 
40 0 0 0 0 0 
40 0 0 0 0 0 
40 0 0 0 0 0 
40 0 0 0 0 0 
0 0 42 0 59 0 
0 0 42 0 59 0 
0 0 42 0 59 0 
0 0 42 0 59 0 
0 0 42 0 59 0 
0 0 42 0 59 0 
0 0 42 0 59 0 
0 0 42 0 59 0 
0 0 42 0 59 0 
0 0 42 0 59 0 
0 0 42 0 59 0 
0 0 42 0 59 0 
0 0 42 0 59 0 
0 0 42 0 59 0 
0 0 42 0 59 0 
0 0 31 0 0 37 
0 0 31 0 0 37 
0 0 31 0 0 37 
0 0 31 0 0 37 
0 0 31 0 0 37 
0 0 31 0 0 37 
0 0 31 0 0 37 
0 0 31 0 0 37 
0 0 31 0 0 37 
0 0 31 0 0 37 
0 0 31 0 0 37 
0 0 31 0 0 37 
0 0 31 0 0 37 
0 0 31 0 0 37 
0 0 31 0 0 37 
0 0 45 0 0 0 
0 0 45 0 0 0 
0 0 45 0 0 0 
0 0 45 0 0 0 
0 0 45 0 0 0 
0 0 45 0 0 0 
0 0 45 0 0 0 
0 0 45 0 0 0 
0 0 45 0 0 0 
0 0 45 0 0 0 
0 0 45 0 0 0 
0 0 45 0 0 0 
0 0 45 0 0 0 
0 0 45 0 0 0 
0 0 45 0 0 0 
0 55 0 0 0 0 
0 55 0 0 0 0 
0 55 0 0 0 0 
0 55 0 0 0 0 
0 55 0 0 0 0 
0 55 0 0 0 0 
0 55 0 0 0 0 
0 55 0 0 0 0 
0 55 0 0 0 0 
0 55 0 0 0 0 
0 55 0 0 0 0 
0 55 0 0 0 0 
0 55 0 0 0 0 
0 55 0 0 0 0 
0 55 0 0 0 0 
0 29 0 0 54 0 
0 29 0 0 54 0 
0 29 0 0 54 0 
0 29 0 0 54 0 
0 29 0 0 54 0 
0 29 0 0 54 0 
0 29 0 0 54 0 
0 29 0 0 54 0 
0 29 0 0 54 0 
0 29 0 0 54 0 
0 29 0 0 54 0 
0 29 0 0 54 0 
0 29 0 0 54 0 
0 29 0 0 54 0 
0 29 0 0 54 0 
0 58 0 39 0 0 
0 58 0 39 0 0 
0 58 0 39 0 0 
0 58 0 39 0 0 
0 58 0 39 0 0 
0 58 0 39 0 0 
0 58 0 39 0 0 
0 58 0 39 0 0 
0 58 0 39 0 0 
0 58 0 39 0 0 
0 58 0 39 0 0 
0 58 0 39 0 0 
0 58 0 39 0 0 
0 58 0 39 0 0 
0 58 0 39 0 0 
49 0 0 0 0 0 
49 0 0 0 0 0 
49 0 0 0 0 0 
49 0 0 0 0 0 
49 0 0 0 0 0 
49 0 0 0 0 0 
49 0 0 0 0 0 
49 0 0 0 0 0 
49 0 0 0 0 0 
49 0 0 0 0 0 
49 0 0 0 0 0 
49 0 0 0 0 0 
49 0 0 0 0 0 
49 0 0 0 0 0 
49 0 0 0 0 0 
0 0 19 0 0 52 
0 0 19 0 0 52 
0 0 19 0 0 52 
0 0 19 0 0 52 
0 0 19 0 0 52 
0 0 19 0 0 52 
0 0 19 0 0 52 
0 0 19 0 0 52 
0 0 19 0 0 52 
0 0 19 0 0 52 
0 0 19 0 0 52 
0 0 19 0 0 52 
0 0 19 0 0 52 
0 0 19 0 0 52 
0 0 19 0 0 52 
0 0 0 0 25 0 
0 0 0 0 25 0 
0 0 0 0 25 0 
0 0 0 0 25 0 
0 0 0 0 25 0 
0 0 0 0 25 0 
0 0 0 0 25 0 
0 0 0 0 25 0 
0 0 0 0 25 0 
0 0 0 0 25 0 
0 0 0 0 25 0 
0 0 0 0 25 0 
0 0 0 0 25 0 
0 0 0 0 25 0 
0 0 0 0 25 0 
0 0 24 28 0 0 
0 0 24 28 0 0 
0 0 24 28 0 0 
0 0 24 28 0 0 
0 0 24 28 0 0 
0 0 24 28 0 0 
0 0 24 28 0 0 
0 0 24 28 0 0 
0 0 24 28 0 0 
0 0 24 28 0 0 
0 0 24 28 0 0 
0 0 24 28 0 0 
0 0 24 28 0 0 
0 0 24 28 0 0 
0 0 24 28 0 0 
0 0 0 46 0 0 
0 0 0 46 0 0 
0 0 0 46 0 0 
0 0 0 46 0 0 
0 0 0 46 0 0 
0 0 0 46 0 0 
0 0 0 46 0 0 
0 0 0 46 0 0 
0 0 0 46 0 0 
0 0 0 46 0 0 
0 0 0 46 0 0 
0 0 0 46 0 0 
0 0 0 46 0 0 
0 0 0 46 0 0 
0 0 0 46 0 0 
0 0 0 0 0 50 
0 0 0 0 0 50 
0 0 0 0 0 50 
0 0 0 0 0 50 
0 0 0 0 0 50 
0 0 0 0 0 50 
0 0 0 0 0 50 
0 0 0 0 0 50 
0 0 0 0 0 50 
0 0 0 0 0 50 
0 0 0 0 0 50 
0 0 0 0 0 50 
0 0 0 0 0 50 
0 0 0 0 0 50 
0 0 0 0 0 50 
0 0 39 0 0 0 
0 0 39 0 0 0 
0 0 39 0 0 0 
0 0 39 0 0 0 
0 0 39 0 0 0 
0 0 39 0 0 0 
0 0 39 0 0 0 
0 0 39 0 0 0 
0 0 39 0 0 0 
0 0 39 0 0 0 
0 0 39 0 0 0 
0 0 39 0 0 0 
0 0 39 0 0 0 
0 0 39 0 0 0 
0 0 39 0 0 0 
15 0 0 0 0 0 
15 0 0 0 0 0 
15 0 0 0 0 0 
15 0 0 0 0 0 
15 0 0 0 0 0 
15 0 0 0 0 0 
15 0 0 0 0 0 
15 0 0 0 0 0 
15 0 0 0 0 0 
15 0 0 0 0 0 
15 0 0 0 0 0 
15 0 0 0 0 0 
15 0 0 0 0 0 
15 0 0 0 0 0 
15 0 0 0 0 0 
17 0 0 0 0 0 
17 0 0 0 0 0 
17 0 0 0 0 0 
17 0 0 0 0 0 
17 0 0 0 0 0 
17 0 0 0 0 0 
17 0 0 0 0 0 
17 0 0 0 0 0 
17 0 0 0 0 0 
17 0 0 0 0 0 
17 0 0 0 0 0 
17 0 0 0 0 0 
17 0 0 0 0 0 
17 0 0 0 0 0 
17 0 0 0 0 0 
0 0 53 0 0 0 
0 0 53 0 0 0 
0 0 53 0 0 0 
0 0 53 0 0 0 
0 0 53 0 0 0 
0 0 53 0 0 0 
0 0 53 0 0 0 
0 0 53 0 0 0 
0 0 53 0 0 0 
0 0 53 0 0 0 
0 0 53 0 0 0 
0 0 53 0 0 0 
0 0 53 0 0 0 
0 0 53 0 0 0 
0 0 53 0 0 0 
40 0 0 0 0 0 
40 0 0 0 0 0 
40 0 0 0 0 0 
40 0 0 0 0 0 
40 0 0 0 0 0 
40 0 0 0 0 0 
40 0 0 0 0 0 
40 0 0 0 0 0 
40 0 0 0 0 0 
40 0 0 0 0 0 
40 0 0 0 0 0 
40 0 0 0 0 0 
40 0 0 0 0 0 
40 0 0 0 0 0 
40 0 0 0 0 0 
0 0 0 0 0 49 
0 0 0 0 0 49 
0 0 0 0 0 49 
0 0 0 0 0 49 
0 0 0 0 0 49 
0 0 0 0 0 49 
0 0 0 0 0 49 
0 0 0 0 0 49 
0 0 0 0 0 49 
0 0 0 0 0 49 
0 0 0 0 0 49 
0 0 0 0 0 49 
0 0 0 0 0 49 
0 0 0 0 0 49 
0 0 0 0 0 49 
0 0 15 0 0 0 
0 0 15 0 0 0 
0 0 15 0 0 0 
0 0 15 0 0 0 
0 0 15 0 0 0 
0 0 15 0 0 0 
0 0 15 0 0 0 
0 0 15 0 0 0 
0 0 15 0 0 0 
0 0 15 0 0 0 
0 0 15 0 0 0 
0 0 15 0 0 0 
0 0 15 0 0 0 
0 0 15 0 0 0 
0 0 15 0 0 0 
0 0 18 0 0 0 
0 0 18 0 0 0 
0 0 18 0 0 0 
0 0 18 0 0 0 
0 0 18 0 0 0 
0 0 18 0 0 0 
0 0 18 0 0 0 
0 0 18 0 0 0 
0 0 18 0 0 0 
0 0 18 0 0 0 
0 0 18 0 0 0 
0 0 18 0 0 0 
0 0 18 0 0 0 
0 0 18 0 0 0 
0 0 18 0 0 0 
0 60 0 0 0 0 
0 60 0 0 0 0 
0 60 0 0 0 0 
0 60 0 0 0 0 
0 60 0 0 0 0 
0 60 0 0 0 0 
0 60 0 0 0 0 
0 60 0 0 0 0 
0 60 0 0 0 0 
0 60 0 0 0 0 
0 60 0 0 0 0 
0 60 0 0 0 0 
0 60 0 0 0 0 
0 60 0 0 0 0 
0 60 0 0 0 0 
0 0 0 0 18 0 
0 0 0 0 18 0 
0 0 0 0 18 0 
0 0 0 0 18 0 
0 0 0 0 18 0 
0 0 0 0 18 0 
0 0 0 0 18 0 
0 0 0 0 18 0 
0 0 0 0 18 0 
0 0 0 0 18 0 
0 0 0 0 18 0 
0 0 0 0 18 0 
0 0 0 0 18 0 
0 0 0 0 18 0 
0 0 0 0 18 0 
0 0 0 43 0 0 
0 0 0 43 0 0 
0 0 0 43 0 0 
0 0 0 43 0 0 
0 0 0 43 0 0 
0 0 0 43 0 0 
0 0 0 43 0 0 
0 0 0 43 0 0 
0 0 0 43 0 0 
0 0 0 43 0 0 
0 0 0 43 0 0 
0 0 0 43 0 0 
0 0 0 43 0 0 
0 0 0 43 0 0 
0 0 0 43 0 0 
37 0 0 0 0 0 
37 0 0 0 0 0 
37 0 0 0 0 0 
37 0 0 0 0 0 
37 0 0 0 0 0 
37 0 0 0 0 0 
37 0 0 0 0 0 
37 0 0 0 0 0 
37 0 0 0 0 0 
37 0 0 0 0 0 
37 0 0 0 0 0 
37 0 0 0 0 0 
37 0 0 0 0 0 
37 0 0 0 0 0 
37 0 0 0 0 0 
0 0 0 18 0 0 
0 0 0 18 0 0 
0 0 0 18 0 0 
0 0 0 18 0 0 
0 0 0 18 0 0 
0 0 0 18 0 0 
0 0 0 18 0 0 
0 0 0 18 0 0 
0 0 0 18 0 0 
0 0 0 18 0 0 
0 0 0 18 0 0 
0 0 0 18 0 0 
0 0 0 18 0 0 
0 0 0 18 0 0 
0 0 0 18 0 0 
0 59 0 0 0 0 
0 59 0 0 0 0 
0 59 0 0 0 0 
0 59 0 0 0 0 
0 59 0 0 0 0 
0 59 0 0 0 0 
0 59 0 0 0 0 
0 59 0 0 0 0 
0 59 0 0 0 0 
0 59 0 0 0 0 
0 59 0 0 0 0 
0 59 0 0 0 0 
0 59 0 0 0 0 
0 59 0 0 0 0 
0 59 0 0 0 0 
0 0 0 47 0 0 
0 0 0 47 0 0 
0 0 0 47 0 0 
0 0 0 47 0 0 
0 0 0 47 0 0 
0 0 0 47 0 0 
0 0 0 47 0 0 
0 0 0 47 0 0 
0 0 0 47 0 0 
0 0 0 47 0 0 
0 0 0 47 0 0 
0 0 0 47 0 0 
0 0 0 47 0 0 
0 0 0 47 0 0 
0 0 0 47 0 0 
0 0 0 0 51 0 
0 0 0 0 51 0 
0 0 0 0 51 0 
0 0 0 0 51 0 
0 0 0 0 51 0 
0 0 0 0 51 0 
0 0 0 0 51 0 
0 0 0 0 51 0 
0 0 0 0 51 0 
0 0 0 0 51 0 
0 0 0 0 51 0 
0 0 0 0 51 0 
0 0 0 0 51 0 
0 0 0 0 51 0 
0 0 0 0 51 0 
0 0 0 16 0 0 
0 0 0 16 0 0 
0 0 0 16 0 0 
0 0 0 16 0 0 
0 0 0 16 0 0 
0 0 0 16 0 0 
0 0 0 16 0 0 
0 0 0 16 0 0 
0 0 0 16 0 0 
0 0 0 16 0 0 
0 0 0 16 0 0 
0 0 0 16 0 0 
0 0 0 16 0 0 
0 0 0 16 0 0 
0 0 0 16 0 0 
0 0 17 0 0 0 
0 0 17 0 0 0 
0 0 17 0 0 0 
0 0 17 0 0 0 
0 0 17 0 0 0 
0 0 17 0 0 0 
0 0 17 0 0 0 
0 0 17 0 0 0 
0 0 17 0 0 0 
0 0 17 0 0 0 
0 0 17 0 0 0 
0 0 17 0 0 0 
0 0 17 0 0 0 
0 0 17 0 0 0 
0 0 17 0 0 0 
0 39 0 0 0 0 
0 39 0 0 0 0 
0 39 0 0 0 0 
0 39 0 0 0 0 
0 39 0 0 0 0 
0 39 0 0 0 0 
0 39 0 0 0 0 
0 39 0 0 0 0 
0 39 0 0 0 0 
0 39 0 0 0 0 
0 39 0 0 0 0 
0 39 0 0 0 0 
0 39 0 0 0 0 
0 39 0 0 0 0 
0 39 0 0 0 0 
0 22 0 0 59 0 
0 22 0 0 59 0 
0 22 0 0 59 0 
0 22 0 0 59 0 
0 22 0 0 59 0 
0 22 0 0 59 0 
0 22 0 0 59 0 
0 22 0 0 59 0 
0 22 0 0 59 0 
0 22 0 0 59 0 
0 22 0 0 59 0 
0 22 0 0 59 0 
0 22 0 0 59 0 
0 22 0 0 59 0 
0 22 0 0 59 0 
0 0 0 0 23 0 
0 0 0 0 23 0 
0 0 0 0 23 0 
0 0 0 0 23 0 
0 0 0 0 23 0 
0 0 0 0 23 0 
0 0 0 0 23 0 
0 0 0 0 23 0 
0 0 0 0 23 0 
0 0 0 0 23 0 
0 0 0 0 23 0 
0 0 0 0 23 0 
0 0 0 0 23 0 
0 0 0 0 23 0 
0 0 0 0 23 0 
0 0 0 0 25 0 
0 0 0 0 25 0 
0 0 0 0 25 0 
0 0 0 0 25 0 
0 0 0 0 25 0 
0 0 0 0 25 0 
0 0 0 0 25 0 
0 0 0 0 25 0 
0 0 0 0 25 0 
0 0 0 0 25 0 
0 0 0 0 25 0 
0 0 0 0 25 0 
0 0 0 0 25 0 
0 0 0 0 25 0 
0 0 0 0 25 0 
0 0 43 27 0 0 
0 0 43 27 0 0 
0 0 43 27 0 0 
0 0 43 27 0 0 
0 0 43 27 0 0 
0 0 43 27 0 0 
0 0 43 27 0 0 
0 0 43 27 0 0 
0 0 43 27 0 0 
0 0 43 27 0 0 
0 0 43 27 0 0 
0 0 43 27 0 0 
0 0 43 27 0 0 
0 0 43 27 0 0 
0 0 43 27 0 0 
58 0 0 0 0 0 
58 0 0 0 0 0 
58 0 0 0 0 0 
58 0 0 0 0 0 
58 0 0 0 0 0 
58 0 0 0 0 0 
58 0 0 0 0 0 
58 0 0 0 0 0 
58 0 0 0 0 0 
58 0 0 0 0 0 
58 0 0 0 0 0 
58 0 0 0 0 0 
58 0 0 0 0 0 
58 0 0 0 0 0 
58 0 0 0 0 0 
0 0 38 19 0 0 
0 0 38 19 0 0 
0 0 38 19 0 0 
0 0 38 19 0 0 
0 0 38 19 0 0 
0 0 38 19 0 0 
0 0 38 19 0 0 
0 0 38 19 0 0 
0 0 38 19 0 0 
0 0 38 19 0 0 
0 0 38 19 0 0 
0 0 38 19 0 0 
0 0 38 19 0 0 
0 0 38 19 0 0 
0 0 38 19 0 0 
34 0 0 0 0 0 
34 0 0 0 0 0 
34 0 0 0 0 0 
34 0 0 0 0 0 
34 0 0 0 0 0 
34 0 0 0 0 0 
34 0 0 0 0 0 
34 0 0 0 0 0 
34 0 0 0 0 0 
34 0 0 0 0 0 
34 0 0 0 0 0 
34 0 0 0 0 0 
34 0 0 0 0 0 
34 0 0 0 0 0 
34 0 0 0 0 0 
60 0 0 0 0 20 
60 0 0 0 0 20 
60 0 0 0 0 20 
60 0 0 0 0 20 
60 0 0 0 0 20 
60 0 0 0 0 20 
60 0 0 0 0 20 
60 0 0 0 0 20 
60 0 0 0 0 20 
60 0 0 0 0 20 
60 0 0 0 0 20 
60 0 0 0 0 20 
60 0 0 0 0 20 
60 0 0 0 0 20 
60 0 0 0 0 20 
0 0 24 0 0 0 
0 0 24 0 0 0 
0 0 24 0 0 0 
0 0 24 0 0 0 
0 0 24 0 0 0 
0 0 24 0 0 0 
0 0 24 0 0 0 
0 0 24 0 0 0 
0 0 24 0 0 0 
0 0 24 0 0 0 
0 0 24 0 0 0 
0 0 24 0 0 0 
0 0 24 0 0 0 
0 0 24 0 0 0 
0 0 24 0 0 0 
22 0 0 36 0 0 
22 0 0 36 0 0 
22 0 0 36 0 0 
22 0 0 36 0 0 
22 0 0 36 0 0 
22 0 0 36 0 0 
22 0 0 36 0 0 
22 0 0 36 0 0 
22 0 0 36 0 0 
22 0 0 36 0 0 
22 0 0 36 0 0 
22 0 0 36 0 0 
22 0 0 36 0 0 
22 0 0 36 0 0 
22 0 0 36 0 0 
0 0 30 0 0 0 
0 0 30 0 0 0 
0 0 30 0 0 0 
0 0 30 0 0 0 
0 0 30 0 0 0 
0 0 30 0 0 0 
0 0 30 0 0 0 
0 0 30 0 0 0 
0 0 30 0 0 0 
0 0 30 0 0 0 
0 0 30 0 0 0 
0 0 30 0 0 0 
0 0 30 0 0 0 
0 0 30 0 0 0 
0 0 30 0 0 0 
0 0 38 29 0 0 
0 0 38 29 0 0 
0 0 38 29 0 0 
0 0 38 29 0 0 
0 0 38 29 0 0 
0 0 38 29 0 0 
0 0 38 29 0 0 
0 0 38 29 0 0 
0 0 38 29 0 0 
0 0 38 29 0 0 
0 0 38 29 0 0 
0 0 38 29 0 0 
0 0 38 29 0 0 
0 0 38 29 0 0 
0 0 38 29 0 0 
0 20 0 0 0 0 
0 20 0 0 0 0 
0 20 0 0 0 0 
0 20 0 0 0 0 
0 20 0 0 0 0 
0 20 0 0 0 0 
0 20 0 0 0 0 
0 20 0 0 0 0 
0 20 0 0 0 0 
0 20 0 0 0 0 
0 20 0 0 0 0 
0 20 0 0 0 0 
0 20 0 0 0 0 
0 20 0 0 0 0 
0 20 0 0 0 0 
38 0 0 0 44 0 
38 0 0 0 44 0 
38 0 0 0 44 0 
38 0 0 0 44 0 
38 0 0 0 44 0 
38 0 0 0 44 0 
38 0 0 0 44 0 
38 0 0 0 44 0 
38 0 0 0 44 0 
38 0 0 0 44 0 
38 0 0 0 44 0 
38 0 0 0 44 0 
38 0 0 0 44 0 
38 0 0 0 44 0 
38 0 0 0 44 0 
0.0 0.0 0.0 0.0 0.0 0.0 
0.0 0.0 0.0 0.0 0.0 0.0 
0.0 0.0 0.0 0.0 0.0 0.0 
0.0 0.0 0.0 0.0 0.0 0.0 
0.0 0.0 0.0 0.0 0.0 0.0 
0.0 0.0 0.0 0.0 0.0 0.0 
0.0 0.0 0.0 0.0 0.0 0.0 
0.0 0.0 0.0 0.0 0.0 0.0 
0.0 0.0 0.0 0.0 0.0 0.0 
0.0 0.0 0.0 0.0 0.0 0.0 
0.0 0.0 0.0 0.0 0.0 0.0 
0.0 0.0 0.0 0.0 0.0 0.0 
0.0 0.0 0.0 0.0 0.0 0.0 
0.0 0.0 0.0 0.0 0.0 0.0 
0.0 0.0 0.0 0.0 0.0 0.0 
mind
0 0 0 0 18 0 0 0 0 0 0 0 12 0 0 0 0 0 0 0 0 12 0 0 15 0 0 17 0 0 0 0 0 0 0 0 27 0 0 0 11 0 0 0 0 0 0 0 0 0 0 0 0 0 0 0 0 0 0 0 0 0 16 0 0 0 0 15 0 18 0 13 0 17 0 0 0
maxd
0 0 0 0 22 0 0 0 0 0 0 0 19 0 0 0 0 0 0 0 0 24 0 0 17 0 0 19 0 0 0 0 0 0 0 0 29 0 0 0 23 0 0 0 0 0 0 0 0 0 0 0 0 0 0 0 0 0 0 0 0 0 23 0 0 0 0 17 0 24 0 29 0 26 0 0 0
e
0 851 907 566 779 683 960 938 653 640 926 762 795 490 753 814 835 491 578 796 948 820 753 516 923 824 843 900 832 529 924 615 672 798 892 592 720 516 488 911 545 879 664 807 947 945 937 546 540 601 487 480 814 498 577 552 629 484 808 560 511 669 630 839 767 534 952 960 845 502 618 824 905 783 510 557 0
l
99999 971 1027 686 899 803 1080 1058 773 760 1046 882 915 610 873 934 955 611 698 916 1068 940 873 636 1043 944 963 1020 952 649 1044 735 792 918 1012 712 840 636 608 1031 665 999 784 927 1067 1065 1057 666 660 721 607 600 934 618 697 672 749 604 928 680 631 789 750 959 887 654 1072 1080 965 622 738 944 1025 903 630 677 99999
