nbNodes
77
nbVehi
15
nbServi
6
r
1 1 1 1 1 1 
0 0 1 0 0 0 
0 0 1 0 0 0 
1 0 0 0 0 0 
0 1 0 0 0 0 
1 0 0 0 1 0 
0 0 0 0 0 1 
0 0 0 0 1 0 
1 0 0 0 0 0 
1 0 0 0 0 1 
1 0 0 0 0 1 
0 0 1 1 0 0 
0 1 0 0 0 0 
1 0 0 0 0 0 
1 0 0 0 0 0 
1 0 0 0 1 0 
1 0 0 0 0 0 
1 0 0 0 0 0 
0 0 0 0 1 0 
0 1 0 0 0 0 
0 1 0 0 0 0 
1 0 0 0 1 0 
1 0 0 1 0 0 
0 1 0 1 0 0 
0 1 0 0 0 1 
1 0 0 1 0 0 
0 0 0 0 1 0 
0 0 0 0 1 0 
0 1 0 0 0 0 
0 0 1 1 0 0 
0 0 1 0 1 0 
0 1 0 0 0 1 
1 0 0 0 0 0 
0 1 0 0 0 0 
0 0 1 0 0 1 
0 0 1 0 0 0 
0 1 0 1 0 0 
1 0 0 0 0 0 
1 0 0 0 0 0 
0 0 0 1 0 0 
1 0 0 0 0 0 
1 0 0 0 0 1 
0 0 1 0 0 0 
0 0 0 0 1 0 
0 0 0 0 1 0 
0 0 0 0 0 1 
1 0 0 0 0 1 
0 0 0 0 1 0 
0 1 0 0 0 0 
0 0 0 0 0 1 
1 0 0 0 0 0 
0 0 1 0 0 1 
0 1 0 0 0 1 
1 0 0 0 0 0 
0 1 0 0 0 0 
0 1 0 0 0 0 
0 0 1 0 0 0 
0 0 0 1 0 0 
0 1 0 0 0 0 
0 1 0 0 0 1 
1 0 0 0 0 1 
0 0 0 1 0 0 
0 0 0 1 0 0 
0 0 1 0 0 0 
1 0 0 0 0 0 
0 1 0 1 0 0 
1 0 0 0 0 0 
0 1 0 0 0 0 
1 0 0 0 0 1 
0 0 0 0 1 0 
0 0 0 0 1 0 
0 1 0 0 0 0 
0 0 0 0 0 1 
0 1 0 0 0 0 
0 1 0 0 1 0 
0 0 0 1 0 0 
1 1 1 1 1 1 
DS
6 10 11 12 16 22 23 24 25 26 30 31 32 35 37 42 47 52 53 60 61 66 69 75 
a
1 0 0 0 0 0 
1 0 1 0 0 0 
1 1 0 0 0 0 
0 1 0 0 0 0 
1 1 0 0 0 0 
1 0 1 0 0 0 
1 1 1 0 0 0 
0 0 0 1 0 1 
0 0 0 1 1 1 
0 0 0 1 1 0 
0 0 0 1 1 0 
0 0 0 1 1 1 
0 0 0 0 1 0 
0 0 0 0 1 1 
0 0 0 1 0 1 
x
-30.1267 -30.0831 -30.0898 -30.0174 -30.0418 -30.0572 -30.0428 -30.0784 -30.1022 -30.0411 -30.0231 -30.0166 -30.0691 -30.0825 -30.0183 -30.0574 -30.0101 -30.0726 -30.0846 -30.0754 -30.0693 -30.0348 -30.01 -30.0719 -30.0214 -30.0874 -30.0536 -30.0588 -30.0994 -30.0113 -30.0453 -30.0275 -30.0945 -30.0548 -30.0131 -30.087 -30.209 -30.004 -30.0913 -30.021 -30.0445 -30.021 -30.0675 -30.0494 -30.0285 -30.2087 -30.0096 -30.0453 -30.018 -30.0477 -30.1267 -30.0573 -30.0062 -30.0588 -30.0122 -30.0241 -30.0678 -30.0868 -30.0479 -30.0786 -30.0181 -30.03 -30.027 -30.05 -30.0965 -30.0459 -30.0456 -30.0454 -30.0783 -30.0671 -30.0867 -30.0627 -30.0334 -30.0518 -30.1108 -30.0517 -30.1267
y
-51.1097 -51.2292 -51.2215 -51.1921 -51.1682 -51.1462 -51.1666 -51.2293 -51.1239 -51.2047 -51.186 -51.1329 -51.2231 -51.2132 -51.1526 -51.2256 -51.1122 -51.2212 -51.2353 -51.2269 -51.2025 -51.157 -51.1711 -51.2099 -51.1384 -51.2197 -51.1476 -51.1434 -51.1875 -51.1742 -51.1485 -51.1863 -51.174 -51.1486 -51.1935 -51.2371 -51.1714 -51.1746 -51.1516 -51.1698 -51.1501 -51.1902 -51.1779 -51.1543 -51.2319 -51.1727 -51.2023 -51.1617 -51.1296 -51.1271 -51.1097 -51.145 -51.1822 -51.1435 -51.1695 -51.1182 -51.2292 -51.13 -51.1587 -51.2368 -51.1556 -51.1363 -51.15 -51.148 -51.1279 -51.153 -51.1551 -51.1691 -51.2354 -51.1638 -51.2321 -51.1621 -51.112 -51.1531 -51.1412 -51.1517 -51.1097
d
0.00000 31.00000 29.00000 28.00000 22.00000 17.00000 22.00000 31.00000 8.00000 25.00000 28.00000 28.00000 30.00000 27.00000 26.00000 29.00000 29.00000 30.00000 32.00000 31.00000 25.00000 23.00000 29.00000 28.00000 26.00000 28.00000 18.00000 18.00000 24.00000 30.00000 21.00000 27.00000 24.00000 18.00000 29.00000 32.00000 27.00000 31.00000 17.00000 27.00000 21.00000 28.00000 21.00000 20.00000 32.00000 26.00000 31.00000 21.00000 27.00000 24.00000 0.00000 18.00000 30.00000 18.00000 28.00000 25.00000 31.00000 12.00000 20.00000 34.00000 27.00000 25.00000 24.00000 20.00000 10.00000 22.00000 22.00000 21.00000 34.00000 21.00000 31.00000 20.00000 26.00000 20.00000 15.00000 19.00000 0.00000
31.00000 0.00000 5.00000 18.00000 17.00000 19.00000 17.00000 3.00000 24.00000 13.00000 18.00000 27.00000 6.00000 6.00000 23.00000 9.00000 29.00000 5.00000 3.00000 4.00000 9.00000 21.00000 22.00000 7.00000 25.00000 4.00000 20.00000 20.00000 17.00000 23.00000 19.00000 18.00000 17.00000 20.00000 18.00000 3.00000 32.00000 23.00000 23.00000 20.00000 19.00000 18.00000 13.00000 18.00000 15.00000 30.00000 19.00000 19.00000 27.00000 25.00000 31.00000 20.00000 22.00000 20.00000 21.00000 25.00000 6.00000 23.00000 17.00000 4.00000 23.00000 24.00000 21.00000 20.00000 23.00000 20.00000 20.00000 17.00000 5.00000 16.00000 3.00000 15.00000 26.00000 19.00000 25.00000 19.00000 31.00000
28.00000 5.00000 0.00000 17.00000 14.00000 16.00000 14.00000 4.00000 21.00000 12.00000 17.00000 23.00000 8.00000 3.00000 20.00000 11.00000 26.00000 7.00000 5.00000 6.00000 7.00000 17.00000 19.00000 7.00000 21.00000 1.00000 17.00000 17.00000 14.00000 20.00000 16.00000 16.00000 14.00000 17.00000 17.00000 5.00000 29.00000 21.00000 20.00000 17.00000 16.00000 18.00000 10.00000 15.00000 17.00000 28.00000 18.00000 16.00000 24.00000 21.00000 28.00000 17.00000 20.00000 17.00000 18.00000 22.00000 8.00000 20.00000 14.00000 7.00000 19.00000 21.00000 18.00000 17.00000 20.00000 17.00000 17.00000 13.00000 8.00000 13.00000 4.00000 12.00000 23.00000 16.00000 22.00000 15.00000 28.00000
28.00000 18.00000 17.00000 0.00000 8.00000 14.00000 8.00000 17.00000 21.00000 7.00000 3.00000 12.00000 13.00000 15.00000 9.00000 12.00000 16.00000 15.00000 18.00000 16.00000 13.00000 10.00000 5.00000 14.00000 13.00000 16.00000 13.00000 16.00000 23.00000 6.00000 11.00000 4.00000 23.00000 14.00000 2.00000 19.00000 44.00000 7.00000 25.00000 5.00000 11.00000 2.00000 13.00000 12.00000 9.00000 42.00000 4.00000 10.00000 13.00000 15.00000 28.00000 15.00000 5.00000 16.00000 5.00000 15.00000 15.00000 20.00000 12.00000 18.00000 9.00000 13.00000 10.00000 12.00000 20.00000 11.00000 11.00000 9.00000 19.00000 13.00000 19.00000 12.00000 17.00000 13.00000 25.00000 13.00000 28.00000
22.00000 17.00000 14.00000 8.00000 0.00000 8.00000 1.00000 16.00000 15.00000 9.00000 8.00000 11.00000 16.00000 12.00000 8.00000 15.00000 13.00000 15.00000 17.00000 16.00000 11.00000 5.00000 9.00000 13.00000 9.00000 14.00000 7.00000 9.00000 20.00000 10.00000 5.00000 7.00000 20.00000 7.00000 9.00000 18.00000 41.00000 11.00000 19.00000 7.00000 4.00000 8.00000 8.00000 6.00000 13.00000 40.00000 11.00000 3.00000 11.00000 9.00000 22.00000 8.00000 10.00000 9.00000 8.00000 10.00000 17.00000 14.00000 5.00000 19.00000 8.00000 8.00000 6.00000 5.00000 14.00000 5.00000 5.00000 2.00000 20.00000 7.00000 17.00000 7.00000 10.00000 7.00000 20.00000 7.00000 22.00000
17.00000 18.00000 15.00000 13.00000 8.00000 0.00000 8.00000 18.00000 11.00000 11.00000 14.00000 12.00000 17.00000 13.00000 10.00000 16.00000 13.00000 17.00000 19.00000 18.00000 12.00000 8.00000 14.00000 15.00000 10.00000 15.00000 2.00000 2.00000 21.00000 15.00000 5.00000 13.00000 21.00000 2.00000 15.00000 19.00000 42.00000 16.00000 14.00000 13.00000 5.00000 13.00000 8.00000 4.00000 18.00000 41.00000 17.00000 7.00000 11.00000 9.00000 17.00000 1.00000 15.00000 2.00000 14.00000 9.00000 18.00000 9.00000 5.00000 20.00000 11.00000 9.00000 8.00000 4.00000 10.00000 6.00000 8.00000 7.00000 21.00000 8.00000 18.00000 7.00000 10.00000 4.00000 15.00000 3.00000 17.00000
22.00000 17.00000 14.00000 8.00000 1.00000 8.00000 0.00000 17.00000 15.00000 9.00000 9.00000 11.00000 16.00000 12.00000 8.00000 15.00000 13.00000 15.00000 18.00000 16.00000 11.00000 5.00000 9.00000 14.00000 9.00000 14.00000 7.00000 9.00000 20.00000 10.00000 5.00000 8.00000 20.00000 7.00000 10.00000 18.00000 41.00000 11.00000 19.00000 8.00000 4.00000 8.00000 8.00000 6.00000 14.00000 40.00000 12.00000 3.00000 11.00000 9.00000 22.00000 8.00000 10.00000 9.00000 9.00000 10.00000 17.00000 14.00000 5.00000 19.00000 8.00000 8.00000 6.00000 5.00000 14.00000 5.00000 5.00000 2.00000 20.00000 8.00000 17.00000 7.00000 10.00000 7.00000 20.00000 7.00000 22.00000
31.00000 2.00000 4.00000 16.00000 16.00000 19.00000 17.00000 0.00000 24.00000 11.00000 16.00000 26.00000 5.00000 6.00000 23.00000 7.00000 28.00000 4.00000 3.00000 3.00000 9.00000 20.00000 20.00000 6.00000 24.00000 4.00000 19.00000 20.00000 17.00000 21.00000 19.00000 16.00000 17.00000 19.00000 16.00000 4.00000 32.00000 21.00000 23.00000 19.00000 19.00000 16.00000 12.00000 17.00000 15.00000 31.00000 17.00000 18.00000 27.00000 24.00000 31.00000 19.00000 20.00000 20.00000 20.00000 25.00000 4.00000 23.00000 17.00000 5.00000 22.00000 23.00000 21.00000 20.00000 23.00000 19.00000 20.00000 16.00000 4.00000 16.00000 4.00000 15.00000 25.00000 18.00000 25.00000 18.00000 31.00000
7.00000 25.00000 22.00000 22.00000 16.00000 11.00000 16.00000 25.00000 0.00000 19.00000 22.00000 21.00000 24.00000 20.00000 20.00000 23.00000 22.00000 24.00000 26.00000 25.00000 19.00000 17.00000 22.00000 22.00000 20.00000 22.00000 12.00000 12.00000 18.00000 23.00000 15.00000 21.00000 18.00000 12.00000 23.00000 26.00000 33.00000 25.00000 11.00000 21.00000 15.00000 21.00000 15.00000 14.00000 25.00000 32.00000 25.00000 15.00000 21.00000 18.00000 7.00000 12.00000 23.00000 12.00000 22.00000 19.00000 25.00000 5.00000 13.00000 28.00000 21.00000 19.00000 18.00000 13.00000 4.00000 16.00000 16.00000 15.00000 28.00000 14.00000 25.00000 14.00000 20.00000 13.00000 9.00000 13.00000 7.00000
26.00000 12.00000 11.00000 8.00000 8.00000 13.00000 8.00000 11.00000 19.00000 0.00000 8.00000 18.00000 8.00000 10.00000 14.00000 6.00000 20.00000 9.00000 13.00000 10.00000 7.00000 12.00000 12.00000 8.00000 16.00000 11.00000 13.00000 14.00000 17.00000 13.00000 11.00000 8.00000 17.00000 14.00000 8.00000 13.00000 38.00000 13.00000 22.00000 10.00000 11.00000 8.00000 8.00000 12.00000 9.00000 37.00000 9.00000 10.00000 18.00000 16.00000 26.00000 14.00000 12.00000 14.00000 12.00000 17.00000 9.00000 18.00000 11.00000 13.00000 13.00000 15.00000 12.00000 12.00000 18.00000 11.00000 11.00000 9.00000 13.00000 11.00000 14.00000 10.00000 17.00000 13.00000 24.00000 12.00000 26.00000
26.00000 18.00000 16.00000 4.00000 6.00000 13.00000 7.00000 18.00000 20.00000 8.00000 0.00000 11.00000 14.00000 14.00000 8.00000 13.00000 15.00000 16.00000 19.00000 17.00000 12.00000 9.00000 4.00000 14.00000 11.00000 15.00000 12.00000 14.00000 21.00000 5.00000 10.00000 4.00000 22.00000 13.00000 5.00000 19.00000 43.00000 6.00000 23.00000 4.00000 10.00000 3.00000 12.00000 11.00000 12.00000 41.00000 7.00000 9.00000 12.00000 14.00000 26.00000 13.00000 5.00000 14.00000 4.00000 14.00000 16.00000 18.00000 10.00000 20.00000 8.00000 12.00000 9.00000 11.00000 19.00000 10.00000 10.00000 7.00000 20.00000 12.00000 18.00000 11.00000 16.00000 12.00000 24.00000 12.00000 26.00000
27.00000 28.00000 25.00000 13.00000 13.00000 11.00000 13.00000 27.00000 20.00000 17.00000 13.00000 0.00000 24.00000 23.00000 8.00000 23.00000 8.00000 25.00000 28.00000 26.00000 22.00000 10.00000 9.00000 24.00000 3.00000 24.00000 10.00000 13.00000 31.00000 10.00000 10.00000 14.00000 31.00000 11.00000 14.00000 28.00000 52.00000 11.00000 24.00000 11.00000 10.00000 12.00000 18.00000 12.00000 21.00000 50.00000 15.00000 12.00000 2.00000 10.00000 27.00000 12.00000 11.00000 13.00000 9.00000 6.00000 25.00000 19.00000 12.00000 29.00000 8.00000 5.00000 7.00000 10.00000 19.00000 11.00000 11.00000 14.00000 29.00000 17.00000 28.00000 16.00000 10.00000 12.00000 25.00000 11.00000 27.00000
29.00000 6.00000 8.00000 13.00000 14.00000 17.00000 15.00000 5.00000 23.00000 8.00000 13.00000 23.00000 0.00000 7.00000 19.00000 5.00000 26.00000 2.00000 7.00000 4.00000 8.00000 18.00000 17.00000 5.00000 22.00000 7.00000 18.00000 18.00000 17.00000 18.00000 18.00000 13.00000 17.00000 18.00000 13.00000 7.00000 35.00000 18.00000 22.00000 15.00000 18.00000 13.00000 11.00000 17.00000 13.00000 34.00000 14.00000 17.00000 24.00000 22.00000 29.00000 18.00000 17.00000 18.00000 16.00000 23.00000 4.00000 21.00000 16.00000 8.00000 19.00000 21.00000 19.00000 18.00000 22.00000 18.00000 18.00000 15.00000 7.00000 14.00000 7.00000 13.00000 24.00000 18.00000 25.00000 17.00000 29.00000
26.00000 7.00000 4.00000 15.00000 11.00000 13.00000 12.00000 6.00000 19.00000 10.00000 15.00000 21.00000 7.00000 0.00000 18.00000 10.00000 23.00000 6.00000 8.00000 7.00000 5.00000 15.00000 16.00000 6.00000 19.00000 4.00000 14.00000 14.00000 11.00000 17.00000 14.00000 14.00000 12.00000 14.00000 15.00000 8.00000 31.00000 18.00000 18.00000 15.00000 14.00000 15.00000 7.00000 12.00000 15.00000 30.00000 16.00000 13.00000 21.00000 19.00000 26.00000 14.00000 17.00000 14.00000 16.00000 20.00000 9.00000 18.00000 12.00000 9.00000 17.00000 18.00000 16.00000 14.00000 18.00000 14.00000 15.00000 11.00000 10.00000 10.00000 7.00000 9.00000 20.00000 13.00000 20.00000 13.00000 26.00000
25.00000 23.00000 21.00000 9.00000 8.00000 10.00000 9.00000 23.00000 19.00000 13.00000 10.00000 7.00000 20.00000 19.00000 0.00000 19.00000 11.00000 21.00000 24.00000 22.00000 17.00000 5.00000 5.00000 20.00000 5.00000 20.00000 9.00000 11.00000 26.00000 6.00000 7.00000 9.00000 27.00000 9.00000 10.00000 24.00000 47.00000 7.00000 22.00000 6.00000 6.00000 9.00000 14.00000 8.00000 17.00000 46.00000 11.00000 7.00000 7.00000 11.00000 25.00000 10.00000 7.00000 11.00000 5.00000 10.00000 21.00000 17.00000 8.00000 25.00000 2.00000 6.00000 3.00000 7.00000 18.00000 7.00000 7.00000 9.00000 25.00000 13.00000 23.00000 12.00000 12.00000 9.00000 23.00000 9.00000 25.00000
28.00000 8.00000 10.00000 12.00000 13.00000 16.00000 14.00000 7.00000 22.00000 7.00000 12.00000 22.00000 4.00000 9.00000 18.00000 0.00000 25.00000 6.00000 9.00000 7.00000 7.00000 17.00000 16.00000 6.00000 21.00000 10.00000 17.00000 17.00000 17.00000 17.00000 17.00000 12.00000 17.00000 17.00000 12.00000 9.00000 38.00000 17.00000 23.00000 14.00000 17.00000 12.00000 10.00000 15.00000 10.00000 37.00000 13.00000 16.00000 23.00000 21.00000 28.00000 17.00000 16.00000 17.00000 15.00000 22.00000 4.00000 20.00000 15.00000 8.00000 18.00000 20.00000 18.00000 17.00000 21.00000 17.00000 17.00000 14.00000 8.00000 13.00000 10.00000 12.00000 22.00000 16.00000 25.00000 16.00000 28.00000
29.00000 29.00000 26.00000 15.00000 15.00000 13.00000 15.00000 29.00000 22.00000 19.00000 16.00000 8.00000 26.00000 25.00000 12.00000 25.00000 0.00000 27.00000 30.00000 28.00000 23.00000 13.00000 11.00000 26.00000 10.00000 26.00000 12.00000 14.00000 32.00000 12.00000 12.00000 16.00000 32.00000 13.00000 17.00000 30.00000 53.00000 13.00000 26.00000 14.00000 12.00000 15.00000 20.00000 13.00000 23.00000 52.00000 17.00000 14.00000 7.00000 10.00000 29.00000 14.00000 14.00000 14.00000 11.00000 5.00000 27.00000 21.00000 14.00000 31.00000 13.00000 10.00000 13.00000 12.00000 21.00000 13.00000 13.00000 15.00000 31.00000 19.00000 29.00000 18.00000 9.00000 14.00000 26.00000 13.00000 29.00000
30.00000 4.00000 7.00000 14.00000 15.00000 18.00000 16.00000 4.00000 23.00000 9.00000 14.00000 25.00000 2.00000 6.00000 21.00000 6.00000 27.00000 0.00000 5.00000 3.00000 7.00000 19.00000 18.00000 4.00000 23.00000 6.00000 18.00000 19.00000 16.00000 19.00000 18.00000 14.00000 16.00000 18.00000 14.00000 6.00000 34.00000 19.00000 21.00000 17.00000 18.00000 15.00000 11.00000 16.00000 14.00000 33.00000 15.00000 17.00000 25.00000 23.00000 30.00000 18.00000 18.00000 19.00000 18.00000 24.00000 4.00000 22.00000 16.00000 7.00000 20.00000 22.00000 20.00000 19.00000 22.00000 19.00000 19.00000 15.00000 6.00000 15.00000 6.00000 14.00000 25.00000 17.00000 24.00000 17.00000 30.00000
32.00000 3.00000 5.00000 18.00000 18.00000 20.00000 18.00000 4.00000 25.00000 13.00000 18.00000 28.00000 7.00000 7.00000 24.00000 9.00000 30.00000 6.00000 0.00000 5.00000 10.00000 22.00000 22.00000 8.00000 26.00000 5.00000 21.00000 21.00000 17.00000 23.00000 20.00000 18.00000 18.00000 21.00000 18.00000 2.00000 32.00000 23.00000 24.00000 21.00000 20.00000 18.00000 14.00000 19.00000 13.00000 31.00000 18.00000 20.00000 28.00000 25.00000 32.00000 21.00000 22.00000 21.00000 22.00000 26.00000 7.00000 24.00000 18.00000 3.00000 24.00000 25.00000 22.00000 21.00000 24.00000 21.00000 21.00000 17.00000 4.00000 17.00000 3.00000 16.00000 27.00000 20.00000 26.00000 20.00000 32.00000
31.00000 4.00000 6.00000 15.00000 16.00000 19.00000 17.00000 3.00000 24.00000 10.00000 15.00000 26.00000 4.00000 6.00000 22.00000 7.00000 28.00000 3.00000 5.00000 0.00000 8.00000 20.00000 19.00000 6.00000 24.00000 6.00000 19.00000 19.00000 16.00000 20.00000 19.00000 15.00000 17.00000 19.00000 15.00000 6.00000 34.00000 20.00000 23.00000 18.00000 19.00000 16.00000 12.00000 17.00000 15.00000 33.00000 16.00000 18.00000 26.00000 24.00000 31.00000 19.00000 19.00000 19.00000 19.00000 25.00000 3.00000 23.00000 17.00000 6.00000 21.00000 23.00000 21.00000 19.00000 23.00000 19.00000 20.00000 16.00000 5.00000 15.00000 6.00000 15.00000 25.00000 18.00000 25.00000 18.00000 31.00000
25.00000 9.00000 7.00000 12.00000 10.00000 12.00000 11.00000 9.00000 18.00000 7.00000 12.00000 20.00000 7.00000 5.00000 17.00000 8.00000 22.00000 6.00000 10.00000 8.00000 0.00000 14.00000 15.00000 4.00000 18.00000 6.00000 13.00000 13.00000 12.00000 16.00000 13.00000 12.00000 12.00000 13.00000 12.00000 10.00000 33.00000 17.00000 18.00000 14.00000 13.00000 12.00000 6.00000 11.00000 12.00000 32.00000 13.00000 12.00000 20.00000 18.00000 25.00000 13.00000 16.00000 13.00000 15.00000 19.00000 9.00000 17.00000 11.00000 11.00000 16.00000 17.00000 15.00000 13.00000 17.00000 13.00000 14.00000 10.00000 12.00000 9.00000 9.00000 8.00000 19.00000 12.00000 20.00000 12.00000 25.00000
23.00000 21.00000 18.00000 10.00000 6.00000 8.00000 6.00000 20.00000 16.00000 11.00000 9.00000 9.00000 18.00000 16.00000 6.00000 17.00000 13.00000 19.00000 21.00000 20.00000 14.00000 0.00000 8.00000 17.00000 7.00000 17.00000 7.00000 9.00000 23.00000 9.00000 5.00000 8.00000 24.00000 7.00000 12.00000 21.00000 45.00000 10.00000 20.00000 8.00000 4.00000 10.00000 12.00000 6.00000 16.00000 43.00000 14.00000 5.00000 9.00000 9.00000 23.00000 8.00000 11.00000 9.00000 8.00000 10.00000 19.00000 15.00000 5.00000 23.00000 6.00000 6.00000 4.00000 5.00000 15.00000 5.00000 5.00000 6.00000 23.00000 11.00000 21.00000 10.00000 10.00000 7.00000 21.00000 7.00000 23.00000
29.00000 22.00000 21.00000 7.00000 10.00000 14.00000 10.00000 21.00000 22.00000 11.00000 8.00000 9.00000 17.00000 19.00000 7.00000 16.00000 13.00000 19.00000 23.00000 20.00000 17.00000 8.00000 0.00000 18.00000 10.00000 21.00000 13.00000 15.00000 26.00000 2.00000 11.00000 8.00000 27.00000 13.00000 6.00000 23.00000 48.00000 3.00000 26.00000 6.00000 10.00000 7.00000 16.00000 12.00000 13.00000 47.00000 7.00000 11.00000 10.00000 15.00000 29.00000 14.00000 3.00000 15.00000 3.00000 12.00000 19.00000 21.00000 11.00000 22.00000 6.00000 11.00000 8.00000 11.00000 21.00000 11.00000 11.00000 10.00000 23.00000 15.00000 23.00000 14.00000 16.00000 13.00000 27.00000 13.00000 29.00000
26.00000 8.00000 5.00000 13.00000 12.00000 14.00000 12.00000 8.00000 20.00000 8.00000 13.00000 22.00000 7.00000 4.00000 18.00000 8.00000 24.00000 6.00000 9.00000 8.00000 3.00000 16.00000 17.00000 0.00000 20.00000 5.00000 15.00000 15.00000 12.00000 18.00000 14.00000 13.00000 12.00000 15.00000 13.00000 9.00000 32.00000 18.00000 18.00000 15.00000 14.00000 13.00000 8.00000 13.00000 13.00000 31.00000 14.00000 14.00000 22.00000 20.00000 26.00000 15.00000 17.00000 15.00000 16.00000 20.00000 9.00000 18.00000 12.00000 11.00000 18.00000 19.00000 16.00000 15.00000 18.00000 15.00000 15.00000 12.00000 11.00000 11.00000 8.00000 10.00000 21.00000 14.00000 20.00000 14.00000 26.00000
26.00000 26.00000 23.00000 13.00000 11.00000 10.00000 11.00000 25.00000 19.00000 17.00000 14.00000 3.00000 23.00000 21.00000 6.00000 22.00000 9.00000 24.00000 26.00000 25.00000 20.00000 7.00000 9.00000 22.00000 0.00000 23.00000 9.00000 11.00000 29.00000 10.00000 8.00000 12.00000 29.00000 10.00000 15.00000 26.00000 50.00000 11.00000 23.00000 11.00000 8.00000 13.00000 16.00000 10.00000 21.00000 49.00000 15.00000 10.00000 3.00000 10.00000 26.00000 11.00000 12.00000 11.00000 9.00000 7.00000 24.00000 18.00000 10.00000 28.00000 7.00000 4.00000 5.00000 8.00000 18.00000 9.00000 9.00000 12.00000 28.00000 16.00000 26.00000 15.00000 11.00000 10.00000 23.00000 10.00000 26.00000
28.00000 4.00000 2.00000 17.00000 13.00000 16.00000 14.00000 4.00000 21.00000 12.00000 17.00000 23.00000 7.00000 3.00000 20.00000 10.00000 25.00000 6.00000 5.00000 6.00000 7.00000 17.00000 18.00000 6.00000 21.00000 0.00000 16.00000 17.00000 14.00000 19.00000 16.00000 16.00000 14.00000 16.00000 17.00000 5.00000 29.00000 21.00000 20.00000 17.00000 16.00000 17.00000 9.00000 14.00000 17.00000 28.00000 18.00000 15.00000 24.00000 21.00000 28.00000 16.00000 20.00000 17.00000 18.00000 22.00000 7.00000 20.00000 14.00000 7.00000 19.00000 20.00000 18.00000 17.00000 20.00000 17.00000 17.00000 13.00000 7.00000 13.00000 4.00000 12.00000 23.00000 15.00000 22.00000 15.00000 28.00000
18.00000 19.00000 16.00000 14.00000 8.00000 2.00000 8.00000 18.00000 11.00000 11.00000 14.00000 11.00000 17.00000 14.00000 10.00000 16.00000 12.00000 17.00000 19.00000 18.00000 12.00000 7.00000 13.00000 15.00000 10.00000 15.00000 0.00000 3.00000 21.00000 14.00000 4.00000 13.00000 22.00000 2.00000 15.00000 19.00000 42.00000 15.00000 15.00000 13.00000 5.00000 13.00000 9.00000 3.00000 18.00000 41.00000 17.00000 7.00000 11.00000 8.00000 18.00000 3.00000 16.00000 4.00000 13.00000 9.00000 18.00000 10.00000 6.00000 21.00000 10.00000 9.00000 8.00000 3.00000 10.00000 5.00000 7.00000 7.00000 21.00000 8.00000 18.00000 7.00000 10.00000 3.00000 15.00000 2.00000 18.00000
18.00000 19.00000 16.00000 14.00000 9.00000 2.00000 9.00000 19.00000 12.00000 12.00000 15.00000 13.00000 18.00000 14.00000 12.00000 17.00000 14.00000 18.00000 20.00000 19.00000 13.00000 9.00000 15.00000 16.00000 11.00000 16.00000 3.00000 0.00000 22.00000 16.00000 7.00000 14.00000 22.00000 3.00000 16.00000 20.00000 43.00000 17.00000 15.00000 14.00000 7.00000 14.00000 9.00000 6.00000 19.00000 42.00000 18.00000 8.00000 13.00000 10.00000 18.00000 3.00000 16.00000 1.00000 15.00000 11.00000 19.00000 10.00000 6.00000 21.00000 12.00000 10.00000 10.00000 5.00000 11.00000 8.00000 9.00000 8.00000 22.00000 9.00000 19.00000 8.00000 11.00000 5.00000 16.00000 4.00000 18.00000
23.00000 17.00000 14.00000 22.00000 19.00000 21.00000 19.00000 17.00000 16.00000 17.00000 22.00000 29.00000 17.00000 12.00000 25.00000 17.00000 31.00000 16.00000 16.00000 17.00000 12.00000 22.00000 24.00000 14.00000 26.00000 14.00000 22.00000 22.00000 0.00000 25.00000 21.00000 21.00000 7.00000 22.00000 22.00000 16.00000 30.00000 26.00000 12.00000 22.00000 21.00000 22.00000 15.00000 20.00000 22.00000 29.00000 22.00000 21.00000 29.00000 26.00000 23.00000 22.00000 25.00000 22.00000 23.00000 27.00000 19.00000 16.00000 19.00000 19.00000 24.00000 26.00000 23.00000 22.00000 16.00000 22.00000 22.00000 18.00000 19.00000 18.00000 16.00000 17.00000 28.00000 21.00000 14.00000 20.00000 23.00000
30.00000 21.00000 21.00000 6.00000 10.00000 14.00000 10.00000 20.00000 23.00000 10.00000 7.00000 10.00000 17.00000 19.00000 7.00000 16.00000 14.00000 18.00000 22.00000 19.00000 17.00000 8.00000 3.00000 17.00000 10.00000 20.00000 13.00000 15.00000 26.00000 0.00000 11.00000 8.00000 26.00000 14.00000 6.00000 23.00000 48.00000 3.00000 26.00000 5.00000 11.00000 6.00000 16.00000 12.00000 12.00000 46.00000 6.00000 11.00000 10.00000 15.00000 30.00000 14.00000 3.00000 15.00000 4.00000 12.00000 18.00000 22.00000 12.00000 22.00000 6.00000 11.00000 8.00000 11.00000 22.00000 11.00000 11.00000 11.00000 22.00000 15.00000 23.00000 15.00000 16.00000 13.00000 27.00000 13.00000 30.00000
21.00000 19.00000 16.00000 11.00000 6.00000 5.00000 6.00000 19.00000 14.00000 12.00000 11.00000 10.00000 18.00000 14.00000 7.00000 17.00000 11.00000 18.00000 20.00000 19.00000 13.00000 5.00000 11.00000 16.00000 8.00000 16.00000 4.00000 7.00000 22.00000 12.00000 0.00000 10.00000 22.00000 5.00000 12.00000 20.00000 43.00000 13.00000 18.00000 10.00000 1.00000 11.00000 10.00000 3.00000 16.00000 42.00000 14.00000 5.00000 10.00000 7.00000 21.00000 6.00000 13.00000 7.00000 11.00000 8.00000 19.00000 13.00000 5.00000 22.00000 8.00000 7.00000 5.00000 2.00000 13.00000 3.00000 4.00000 7.00000 22.00000 9.00000 19.00000 8.00000 8.00000 3.00000 19.00000 3.00000 21.00000
26.00000 18.00000 15.00000 4.00000 6.00000 13.00000 7.00000 17.00000 19.00000 7.00000 2.00000 12.00000 14.00000 13.00000 8.00000 13.00000 16.00000 15.00000 19.00000 16.00000 12.00000 8.00000 6.00000 14.00000 12.00000 15.00000 12.00000 14.00000 21.00000 6.00000 10.00000 0.00000 21.00000 12.00000 5.00000 19.00000 42.00000 8.00000 23.00000 4.00000 9.00000 3.00000 11.00000 11.00000 11.00000 41.00000 7.00000 8.00000 13.00000 14.00000 26.00000 13.00000 7.00000 14.00000 5.00000 15.00000 15.00000 18.00000 10.00000 19.00000 8.00000 12.00000 9.00000 10.00000 18.00000 10.00000 10.00000 7.00000 19.00000 11.00000 18.00000 10.00000 15.00000 12.00000 24.00000 11.00000 26.00000
23.00000 18.00000 15.00000 22.00000 19.00000 21.00000 19.00000 17.00000 17.00000 17.00000 22.00000 29.00000 17.00000 13.00000 25.00000 17.00000 31.00000 16.00000 18.00000 17.00000 12.00000 23.00000 24.00000 14.00000 27.00000 14.00000 22.00000 22.00000 7.00000 25.00000 21.00000 22.00000 0.00000 22.00000 22.00000 18.00000 31.00000 26.00000 12.00000 23.00000 21.00000 22.00000 15.00000 20.00000 22.00000 30.00000 23.00000 21.00000 29.00000 27.00000 23.00000 22.00000 25.00000 22.00000 24.00000 27.00000 19.00000 17.00000 19.00000 20.00000 25.00000 26.00000 23.00000 22.00000 16.00000 22.00000 22.00000 19.00000 21.00000 18.00000 18.00000 17.00000 28.00000 21.00000 15.00000 21.00000 23.00000
18.00000 18.00000 16.00000 14.00000 8.00000 2.00000 8.00000 18.00000 11.00000 11.00000 14.00000 12.00000 17.00000 14.00000 11.00000 16.00000 13.00000 17.00000 19.00000 18.00000 12.00000 8.00000 14.00000 15.00000 10.00000 15.00000 2.00000 3.00000 21.00000 15.00000 5.00000 13.00000 22.00000 0.00000 15.00000 19.00000 42.00000 16.00000 15.00000 13.00000 6.00000 14.00000 9.00000 5.00000 18.00000 41.00000 17.00000 7.00000 12.00000 9.00000 18.00000 3.00000 16.00000 3.00000 14.00000 10.00000 18.00000 10.00000 6.00000 21.00000 11.00000 9.00000 8.00000 4.00000 10.00000 7.00000 8.00000 7.00000 21.00000 8.00000 18.00000 7.00000 10.00000 4.00000 15.00000 3.00000 18.00000
29.00000 19.00000 18.00000 2.00000 9.00000 15.00000 10.00000 17.00000 22.00000 8.00000 5.00000 12.00000 14.00000 16.00000 9.00000 13.00000 16.00000 15.00000 19.00000 16.00000 14.00000 11.00000 7.00000 14.00000 12.00000 18.00000 15.00000 17.00000 23.00000 6.00000 12.00000 5.00000 23.00000 15.00000 0.00000 20.00000 45.00000 6.00000 26.00000 7.00000 12.00000 4.00000 14.00000 14.00000 10.00000 44.00000 4.00000 11.00000 12.00000 17.00000 29.00000 16.00000 5.00000 17.00000 6.00000 15.00000 15.00000 21.00000 13.00000 19.00000 9.00000 14.00000 11.00000 13.00000 21.00000 13.00000 13.00000 10.00000 19.00000 14.00000 20.00000 13.00000 18.00000 15.00000 27.00000 14.00000 29.00000
32.00000 3.00000 5.00000 18.00000 18.00000 20.00000 18.00000 5.00000 26.00000 13.00000 18.00000 28.00000 8.00000 7.00000 24.00000 9.00000 30.00000 7.00000 2.00000 6.00000 11.00000 22.00000 22.00000 8.00000 26.00000 5.00000 21.00000 21.00000 17.00000 23.00000 20.00000 18.00000 19.00000 21.00000 19.00000 0.00000 31.00000 23.00000 24.00000 21.00000 21.00000 19.00000 14.00000 19.00000 14.00000 30.00000 18.00000 20.00000 28.00000 26.00000 32.00000 21.00000 22.00000 21.00000 22.00000 27.00000 7.00000 24.00000 19.00000 4.00000 24.00000 25.00000 22.00000 21.00000 25.00000 21.00000 21.00000 18.00000 5.00000 17.00000 2.00000 16.00000 27.00000 20.00000 27.00000 20.00000 32.00000
27.00000 31.00000 29.00000 43.00000 40.00000 42.00000 40.00000 32.00000 33.00000 39.00000 44.00000 50.00000 35.00000 29.00000 46.00000 38.00000 52.00000 34.00000 30.00000 34.00000 33.00000 44.00000 45.00000 34.00000 48.00000 29.00000 43.00000 43.00000 30.00000 46.00000 42.00000 43.00000 31.00000 43.00000 44.00000 29.00000 0.00000 47.00000 33.00000 44.00000 43.00000 44.00000 36.00000 41.00000 42.00000 2.00000 44.00000 42.00000 50.00000 48.00000 27.00000 43.00000 46.00000 43.00000 45.00000 49.00000 35.00000 36.00000 41.00000 33.00000 46.00000 47.00000 45.00000 43.00000 36.00000 43.00000 43.00000 40.00000 33.00000 39.00000 30.00000 38.00000 49.00000 42.00000 30.00000 42.00000 27.00000
30.00000 22.00000 22.00000 7.00000 10.00000 14.00000 10.00000 21.00000 23.00000 11.00000 8.00000 10.00000 18.00000 20.00000 7.00000 17.00000 12.00000 19.00000 23.00000 20.00000 18.00000 9.00000 4.00000 18.00000 10.00000 22.00000 13.00000 16.00000 27.00000 4.00000 11.00000 9.00000 27.00000 14.00000 7.00000 24.00000 49.00000 0.00000 27.00000 7.00000 11.00000 7.00000 16.00000 13.00000 13.00000 48.00000 7.00000 12.00000 10.00000 16.00000 30.00000 15.00000 3.00000 16.00000 4.00000 13.00000 19.00000 22.00000 12.00000 23.00000 7.00000 12.00000 9.00000 12.00000 22.00000 12.00000 11.00000 11.00000 23.00000 16.00000 24.00000 15.00000 17.00000 13.00000 28.00000 13.00000 30.00000
16.00000 23.00000 20.00000 25.00000 19.00000 14.00000 19.00000 23.00000 9.00000 22.00000 25.00000 25.00000 22.00000 18.00000 23.00000 23.00000 26.00000 21.00000 24.00000 23.00000 17.00000 20.00000 26.00000 19.00000 23.00000 20.00000 15.00000 15.00000 12.00000 26.00000 18.00000 24.00000 12.00000 15.00000 26.00000 24.00000 33.00000 28.00000 0.00000 24.00000 18.00000 25.00000 18.00000 17.00000 27.00000 32.00000 28.00000 18.00000 24.00000 21.00000 16.00000 15.00000 27.00000 15.00000 25.00000 22.00000 24.00000 9.00000 16.00000 25.00000 24.00000 22.00000 21.00000 17.00000 8.00000 19.00000 19.00000 18.00000 26.00000 17.00000 23.00000 17.00000 23.00000 16.00000 9.00000 16.00000 16.00000
27.00000 20.00000 18.00000 5.00000 8.00000 12.00000 8.00000 19.00000 21.00000 9.00000 5.00000 10.00000 16.00000 16.00000 6.00000 15.00000 14.00000 17.00000 21.00000 18.00000 14.00000 6.00000 4.00000 16.00000 9.00000 18.00000 11.00000 13.00000 24.00000 4.00000 9.00000 5.00000 24.00000 11.00000 6.00000 22.00000 45.00000 6.00000 24.00000 0.00000 8.00000 4.00000 13.00000 10.00000 13.00000 44.00000 8.00000 9.00000 11.00000 13.00000 27.00000 12.00000 6.00000 13.00000 3.00000 13.00000 17.00000 19.00000 9.00000 21.00000 5.00000 9.00000 6.00000 9.00000 19.00000 9.00000 9.00000 8.00000 21.00000 13.00000 21.00000 12.00000 14.00000 11.00000 25.00000 11.00000 27.00000
21.00000 19.00000 17.00000 11.00000 6.00000 6.00000 6.00000 19.00000 14.00000 12.00000 11.00000 10.00000 18.00000 15.00000 7.00000 17.00000 11.00000 18.00000 20.00000 19.00000 13.00000 4.00000 11.00000 16.00000 8.00000 16.00000 5.00000 7.00000 22.00000 11.00000 1.00000 10.00000 23.00000 5.00000 12.00000 20.00000 43.00000 13.00000 18.00000 10.00000 0.00000 11.00000 10.00000 3.00000 16.00000 42.00000 14.00000 4.00000 10.00000 7.00000 21.00000 6.00000 13.00000 7.00000 11.00000 8.00000 19.00000 13.00000 4.00000 22.00000 8.00000 7.00000 5.00000 3.00000 13.00000 3.00000 3.00000 7.00000 22.00000 9.00000 19.00000 8.00000 8.00000 3.00000 19.00000 3.00000 21.00000
28.00000 17.00000 16.00000 1.00000 8.00000 14.00000 8.00000 16.00000 21.00000 6.00000 3.00000 12.00000 12.00000 14.00000 10.00000 11.00000 17.00000 14.00000 18.00000 15.00000 12.00000 10.00000 6.00000 13.00000 13.00000 16.00000 13.00000 16.00000 21.00000 7.00000 11.00000 4.00000 22.00000 14.00000 3.00000 18.00000 43.00000 7.00000 25.00000 6.00000 11.00000 0.00000 12.00000 12.00000 9.00000 42.00000 5.00000 10.00000 13.00000 16.00000 28.00000 15.00000 5.00000 16.00000 5.00000 15.00000 14.00000 20.00000 12.00000 18.00000 9.00000 13.00000 10.00000 12.00000 20.00000 11.00000 11.00000 9.00000 18.00000 13.00000 18.00000 12.00000 17.00000 13.00000 25.00000 13.00000 28.00000
21.00000 13.00000 10.00000 12.00000 8.00000 8.00000 8.00000 13.00000 14.00000 8.00000 12.00000 18.00000 12.00000 8.00000 14.00000 11.00000 20.00000 12.00000 14.00000 13.00000 7.00000 12.00000 13.00000 10.00000 16.00000 10.00000 9.00000 9.00000 16.00000 14.00000 10.00000 11.00000 16.00000 9.00000 13.00000 14.00000 37.00000 15.00000 17.00000 12.00000 10.00000 12.00000 0.00000 9.00000 13.00000 36.00000 14.00000 10.00000 18.00000 16.00000 21.00000 9.00000 14.00000 9.00000 13.00000 16.00000 13.00000 13.00000 8.00000 16.00000 14.00000 15.00000 12.00000 11.00000 13.00000 11.00000 11.00000 8.00000 16.00000 5.00000 13.00000 4.00000 17.00000 10.00000 18.00000 10.00000 21.00000
20.00000 18.00000 15.00000 13.00000 7.00000 5.00000 6.00000 17.00000 13.00000 11.00000 13.00000 12.00000 17.00000 13.00000 9.00000 16.00000 13.00000 16.00000 18.00000 17.00000 12.00000 6.00000 12.00000 14.00000 9.00000 15.00000 3.00000 6.00000 21.00000 13.00000 3.00000 12.00000 21.00000 4.00000 14.00000 18.00000 42.00000 14.00000 17.00000 12.00000 3.00000 12.00000 8.00000 0.00000 17.00000 41.00000 16.00000 5.00000 11.00000 9.00000 20.00000 5.00000 15.00000 6.00000 12.00000 10.00000 18.00000 12.00000 3.00000 20.00000 9.00000 9.00000 7.00000 3.00000 12.00000 4.00000 5.00000 6.00000 21.00000 8.00000 18.00000 7.00000 10.00000 2.00000 18.00000 2.00000 20.00000
33.00000 15.00000 16.00000 9.00000 14.00000 20.00000 14.00000 14.00000 26.00000 8.00000 11.00000 20.00000 12.00000 15.00000 17.00000 9.00000 22.00000 13.00000 14.00000 14.00000 12.00000 17.00000 14.00000 13.00000 20.00000 16.00000 19.00000 20.00000 22.00000 14.00000 17.00000 10.00000 22.00000 20.00000 9.00000 14.00000 43.00000 11.00000 28.00000 13.00000 17.00000 10.00000 14.00000 18.00000 0.00000 42.00000 8.00000 16.00000 20.00000 22.00000 33.00000 20.00000 11.00000 20.00000 13.00000 23.00000 11.00000 25.00000 18.00000 13.00000 16.00000 20.00000 17.00000 18.00000 25.00000 18.00000 17.00000 15.00000 14.00000 17.00000 15.00000 16.00000 23.00000 19.00000 30.00000 19.00000 33.00000
26.00000 30.00000 28.00000 42.00000 39.00000 41.00000 39.00000 31.00000 32.00000 37.00000 42.00000 48.00000 34.00000 28.00000 45.00000 36.00000 51.00000 33.00000 29.00000 32.00000 32.00000 42.00000 44.00000 32.00000 46.00000 28.00000 41.00000 41.00000 29.00000 45.00000 41.00000 41.00000 30.00000 41.00000 42.00000 28.00000 2.00000 46.00000 32.00000 42.00000 41.00000 43.00000 35.00000 40.00000 41.00000 0.00000 43.00000 41.00000 49.00000 46.00000 26.00000 41.00000 45.00000 42.00000 43.00000 47.00000 34.00000 35.00000 39.00000 31.00000 44.00000 46.00000 43.00000 42.00000 34.00000 42.00000 42.00000 38.00000 32.00000 38.00000 28.00000 37.00000 48.00000 41.00000 29.00000 40.00000 26.00000
31.00000 20.00000 20.00000 5.00000 11.00000 17.00000 12.00000 19.00000 24.00000 9.00000 7.00000 13.00000 16.00000 18.00000 10.00000 15.00000 17.00000 17.00000 21.00000 18.00000 16.00000 12.00000 8.00000 16.00000 13.00000 19.00000 16.00000 19.00000 25.00000 7.00000 14.00000 8.00000 25.00000 17.00000 4.00000 21.00000 47.00000 6.00000 28.00000 8.00000 14.00000 6.00000 16.00000 16.00000 10.00000 45.00000 0.00000 13.00000 13.00000 19.00000 31.00000 18.00000 5.00000 19.00000 8.00000 16.00000 17.00000 23.00000 15.00000 21.00000 10.00000 15.00000 12.00000 15.00000 23.00000 14.00000 14.00000 12.00000 21.00000 16.00000 22.00000 15.00000 20.00000 16.00000 29.00000 16.00000 31.00000
21.00000 18.00000 15.00000 10.00000 3.00000 8.00000 2.00000 18.00000 14.00000 11.00000 10.00000 11.00000 17.00000 14.00000 8.00000 16.00000 13.00000 17.00000 19.00000 18.00000 12.00000 5.00000 11.00000 15.00000 9.00000 15.00000 7.00000 9.00000 21.00000 12.00000 5.00000 9.00000 21.00000 8.00000 11.00000 19.00000 42.00000 13.00000 18.00000 9.00000 4.00000 10.00000 9.00000 5.00000 15.00000 41.00000 13.00000 0.00000 12.00000 9.00000 21.00000 8.00000 12.00000 9.00000 10.00000 10.00000 18.00000 13.00000 3.00000 21.00000 9.00000 8.00000 6.00000 6.00000 13.00000 5.00000 5.00000 3.00000 21.00000 9.00000 18.00000 8.00000 11.00000 6.00000 19.00000 6.00000 21.00000
27.00000 27.00000 24.00000 13.00000 13.00000 11.00000 13.00000 27.00000 20.00000 17.00000 14.00000 2.00000 24.00000 23.00000 8.00000 23.00000 6.00000 25.00000 28.00000 26.00000 21.00000 10.00000 9.00000 24.00000 3.00000 24.00000 10.00000 12.00000 30.00000 10.00000 10.00000 14.00000 30.00000 11.00000 14.00000 28.00000 51.00000 11.00000 24.00000 12.00000 9.00000 13.00000 18.00000 11.00000 21.00000 50.00000 15.00000 12.00000 0.00000 9.00000 27.00000 11.00000 11.00000 12.00000 9.00000 5.00000 25.00000 19.00000 12.00000 29.00000 9.00000 5.00000 8.00000 10.00000 19.00000 11.00000 11.00000 13.00000 29.00000 17.00000 27.00000 16.00000 9.00000 11.00000 24.00000 11.00000 27.00000
24.00000 25.00000 22.00000 15.00000 11.00000 9.00000 11.00000 25.00000 18.00000 16.00000 16.00000 11.00000 23.00000 20.00000 12.00000 22.00000 10.00000 24.00000 26.00000 25.00000 19.00000 9.00000 15.00000 22.00000 10.00000 22.00000 8.00000 10.00000 28.00000 16.00000 8.00000 15.00000 28.00000 8.00000 17.00000 26.00000 49.00000 17.00000 21.00000 15.00000 7.00000 15.00000 15.00000 9.00000 21.00000 48.00000 19.00000 10.00000 10.00000 0.00000 24.00000 9.00000 17.00000 10.00000 15.00000 6.00000 24.00000 16.00000 10.00000 28.00000 12.00000 8.00000 10.00000 7.00000 17.00000 9.00000 9.00000 11.00000 28.00000 15.00000 25.00000 14.00000 7.00000 9.00000 22.00000 9.00000 24.00000
0.00000 31.00000 29.00000 28.00000 22.00000 17.00000 22.00000 31.00000 8.00000 25.00000 28.00000 28.00000 30.00000 27.00000 26.00000 29.00000 29.00000 30.00000 32.00000 31.00000 25.00000 23.00000 29.00000 28.00000 26.00000 28.00000 18.00000 18.00000 24.00000 30.00000 21.00000 27.00000 24.00000 18.00000 29.00000 32.00000 27.00000 31.00000 17.00000 27.00000 21.00000 28.00000 21.00000 20.00000 32.00000 26.00000 31.00000 21.00000 27.00000 24.00000 0.00000 18.00000 30.00000 18.00000 28.00000 25.00000 31.00000 12.00000 20.00000 34.00000 27.00000 25.00000 24.00000 20.00000 10.00000 22.00000 22.00000 21.00000 34.00000 21.00000 31.00000 20.00000 26.00000 20.00000 15.00000 19.00000 0.00000
18.00000 19.00000 16.00000 14.00000 9.00000 1.00000 9.00000 18.00000 11.00000 12.00000 15.00000 12.00000 18.00000 14.00000 11.00000 17.00000 13.00000 17.00000 19.00000 18.00000 13.00000 8.00000 14.00000 15.00000 11.00000 16.00000 3.00000 2.00000 22.00000 15.00000 6.00000 14.00000 22.00000 3.00000 16.00000 20.00000 43.00000 16.00000 15.00000 14.00000 6.00000 14.00000 9.00000 5.00000 18.00000 42.00000 18.00000 7.00000 12.00000 9.00000 18.00000 0.00000 16.00000 2.00000 14.00000 10.00000 19.00000 10.00000 6.00000 21.00000 12.00000 10.00000 9.00000 4.00000 10.00000 7.00000 8.00000 8.00000 22.00000 8.00000 19.00000 8.00000 11.00000 4.00000 16.00000 4.00000 18.00000
31.00000 21.00000 20.00000 6.00000 12.00000 16.00000 12.00000 20.00000 24.00000 10.00000 8.00000 11.00000 16.00000 18.00000 9.00000 15.00000 14.00000 18.00000 22.00000 19.00000 16.00000 10.00000 5.00000 17.00000 12.00000 20.00000 15.00000 17.00000 25.00000 4.00000 13.00000 8.00000 26.00000 15.00000 5.00000 22.00000 47.00000 3.00000 28.00000 7.00000 12.00000 6.00000 16.00000 14.00000 11.00000 46.00000 6.00000 13.00000 12.00000 17.00000 31.00000 16.00000 0.00000 17.00000 6.00000 14.00000 18.00000 23.00000 13.00000 21.00000 8.00000 13.00000 10.00000 13.00000 23.00000 13.00000 13.00000 12.00000 22.00000 17.00000 22.00000 16.00000 18.00000 15.00000 29.00000 15.00000 31.00000
18.00000 19.00000 16.00000 15.00000 9.00000 2.00000 9.00000 19.00000 12.00000 12.00000 15.00000 13.00000 18.00000 14.00000 12.00000 17.00000 14.00000 18.00000 20.00000 19.00000 13.00000 9.00000 15.00000 16.00000 11.00000 16.00000 4.00000 1.00000 22.00000 16.00000 7.00000 14.00000 22.00000 3.00000 16.00000 20.00000 43.00000 17.00000 15.00000 14.00000 7.00000 14.00000 9.00000 6.00000 19.00000 42.00000 18.00000 8.00000 13.00000 10.00000 18.00000 3.00000 16.00000 0.00000 15.00000 11.00000 19.00000 10.00000 6.00000 21.00000 12.00000 10.00000 10.00000 5.00000 11.00000 8.00000 9.00000 8.00000 22.00000 9.00000 19.00000 8.00000 11.00000 5.00000 16.00000 4.00000 18.00000
28.00000 21.00000 20.00000 6.00000 8.00000 12.00000 8.00000 20.00000 21.00000 10.00000 7.00000 8.00000 17.00000 18.00000 5.00000 16.00000 12.00000 18.00000 22.00000 19.00000 17.00000 6.00000 3.00000 17.00000 8.00000 20.00000 11.00000 13.00000 26.00000 4.00000 9.00000 7.00000 26.00000 12.00000 7.00000 23.00000 47.00000 5.00000 25.00000 3.00000 9.00000 6.00000 14.00000 10.00000 14.00000 46.00000 9.00000 9.00000 8.00000 13.00000 28.00000 12.00000 5.00000 13.00000 0.00000 10.00000 18.00000 20.00000 10.00000 22.00000 4.00000 10.00000 6.00000 10.00000 20.00000 9.00000 9.00000 9.00000 22.00000 14.00000 23.00000 13.00000 15.00000 11.00000 25.00000 11.00000 28.00000
25.00000 26.00000 23.00000 15.00000 12.00000 10.00000 12.00000 26.00000 19.00000 17.00000 16.00000 6.00000 24.00000 21.00000 12.00000 23.00000 5.00000 25.00000 27.00000 26.00000 20.00000 10.00000 11.00000 23.00000 8.00000 23.00000 9.00000 11.00000 29.00000 12.00000 9.00000 16.00000 29.00000 10.00000 16.00000 27.00000 50.00000 13.00000 22.00000 14.00000 8.00000 15.00000 16.00000 10.00000 22.00000 49.00000 17.00000 11.00000 5.00000 7.00000 25.00000 10.00000 13.00000 11.00000 11.00000 0.00000 25.00000 18.00000 11.00000 29.00000 12.00000 6.00000 10.00000 8.00000 18.00000 10.00000 10.00000 12.00000 29.00000 16.00000 26.00000 15.00000 6.00000 10.00000 23.00000 10.00000 25.00000
31.00000 6.00000 8.00000 14.00000 16.00000 18.00000 16.00000 4.00000 24.00000 9.00000 14.00000 25.00000 3.00000 8.00000 21.00000 4.00000 28.00000 4.00000 7.00000 3.00000 9.00000 20.00000 18.00000 7.00000 24.00000 7.00000 19.00000 19.00000 18.00000 19.00000 19.00000 14.00000 19.00000 19.00000 15.00000 7.00000 36.00000 19.00000 24.00000 17.00000 19.00000 15.00000 12.00000 18.00000 12.00000 34.00000 15.00000 18.00000 25.00000 24.00000 31.00000 19.00000 19.00000 19.00000 18.00000 24.00000 0.00000 23.00000 18.00000 7.00000 20.00000 23.00000 20.00000 20.00000 23.00000 19.00000 19.00000 17.00000 6.00000 15.00000 7.00000 14.00000 25.00000 19.00000 27.00000 19.00000 31.00000
14.00000 23.00000 20.00000 19.00000 13.00000 8.00000 13.00000 22.00000 8.00000 17.00000 20.00000 19.00000 21.00000 18.00000 17.00000 20.00000 20.00000 21.00000 23.00000 22.00000 16.00000 15.00000 20.00000 19.00000 17.00000 19.00000 9.00000 9.00000 19.00000 21.00000 12.00000 18.00000 19.00000 9.00000 20.00000 23.00000 39.00000 22.00000 9.00000 19.00000 13.00000 19.00000 13.00000 11.00000 23.00000 38.00000 22.00000 12.00000 18.00000 16.00000 14.00000 9.00000 21.00000 9.00000 20.00000 17.00000 22.00000 0.00000 11.00000 25.00000 18.00000 16.00000 15.00000 11.00000 7.00000 13.00000 13.00000 12.00000 26.00000 12.00000 23.00000 11.00000 17.00000 11.00000 12.00000 10.00000 14.00000
20.00000 17.00000 15.00000 12.00000 5.00000 6.00000 5.00000 17.00000 13.00000 10.00000 13.00000 12.00000 16.00000 13.00000 8.00000 15.00000 14.00000 16.00000 18.00000 17.00000 11.00000 6.00000 12.00000 14.00000 9.00000 14.00000 5.00000 8.00000 20.00000 13.00000 5.00000 11.00000 20.00000 6.00000 14.00000 18.00000 41.00000 14.00000 17.00000 11.00000 4.00000 12.00000 8.00000 3.00000 17.00000 40.00000 15.00000 3.00000 12.00000 9.00000 20.00000 7.00000 14.00000 8.00000 12.00000 10.00000 17.00000 12.00000 0.00000 20.00000 9.00000 9.00000 6.00000 5.00000 12.00000 5.00000 4.00000 5.00000 20.00000 7.00000 17.00000 6.00000 11.00000 4.00000 17.00000 4.00000 20.00000
34.00000 4.00000 7.00000 18.00000 19.00000 22.00000 20.00000 5.00000 27.00000 13.00000 18.00000 29.00000 8.00000 9.00000 25.00000 8.00000 31.00000 7.00000 3.00000 6.00000 12.00000 23.00000 22.00000 9.00000 27.00000 7.00000 22.00000 22.00000 19.00000 23.00000 22.00000 18.00000 20.00000 22.00000 18.00000 4.00000 34.00000 23.00000 26.00000 21.00000 22.00000 18.00000 15.00000 20.00000 13.00000 33.00000 18.00000 21.00000 29.00000 27.00000 34.00000 22.00000 22.00000 22.00000 22.00000 28.00000 7.00000 26.00000 20.00000 0.00000 24.00000 26.00000 24.00000 22.00000 26.00000 22.00000 23.00000 19.00000 1.00000 18.00000 5.00000 18.00000 28.00000 21.00000 28.00000 21.00000 34.00000
26.00000 23.00000 20.00000 9.00000 8.00000 10.00000 8.00000 23.00000 19.00000 13.00000 10.00000 7.00000 19.00000 18.00000 1.00000 18.00000 11.00000 21.00000 24.00000 22.00000 17.00000 6.00000 5.00000 19.00000 6.00000 20.00000 9.00000 11.00000 26.00000 6.00000 7.00000 9.00000 26.00000 10.00000 10.00000 24.00000 47.00000 7.00000 23.00000 5.00000 7.00000 9.00000 14.00000 9.00000 17.00000 46.00000 11.00000 8.00000 8.00000 11.00000 26.00000 11.00000 8.00000 12.00000 5.00000 10.00000 21.00000 18.00000 8.00000 25.00000 0.00000 6.00000 3.00000 8.00000 18.00000 7.00000 7.00000 9.00000 25.00000 14.00000 23.00000 13.00000 13.00000 9.00000 24.00000 9.00000 26.00000
24.00000 25.00000 22.00000 14.00000 10.00000 8.00000 10.00000 24.00000 17.00000 16.00000 13.00000 5.00000 22.00000 20.00000 7.00000 21.00000 9.00000 23.00000 25.00000 24.00000 19.00000 7.00000 10.00000 21.00000 4.00000 22.00000 8.00000 10.00000 28.00000 11.00000 7.00000 12.00000 28.00000 8.00000 15.00000 25.00000 49.00000 12.00000 21.00000 11.00000 7.00000 13.00000 15.00000 9.00000 20.00000 48.00000 16.00000 9.00000 5.00000 8.00000 24.00000 9.00000 12.00000 10.00000 10.00000 7.00000 23.00000 16.00000 9.00000 27.00000 7.00000 0.00000 5.00000 7.00000 16.00000 8.00000 8.00000 11.00000 28.00000 14.00000 25.00000 14.00000 9.00000 9.00000 22.00000 8.00000 24.00000
24.00000 22.00000 19.00000 10.00000 7.00000 8.00000 7.00000 22.00000 17.00000 13.00000 10.00000 7.00000 19.00000 17.00000 3.00000 18.00000 12.00000 20.00000 23.00000 21.00000 16.00000 4.00000 6.00000 19.00000 5.00000 19.00000 7.00000 10.00000 25.00000 7.00000 5.00000 8.00000 25.00000 8.00000 12.00000 23.00000 46.00000 9.00000 21.00000 8.00000 5.00000 10.00000 13.00000 7.00000 17.00000 45.00000 12.00000 6.00000 7.00000 10.00000 24.00000 9.00000 9.00000 10.00000 7.00000 10.00000 20.00000 16.00000 6.00000 24.00000 4.00000 5.00000 0.00000 6.00000 16.00000 6.00000 5.00000 8.00000 24.00000 12.00000 22.00000 11.00000 11.00000 8.00000 22.00000 7.00000 24.00000
20.00000 20.00000 17.00000 12.00000 7.00000 4.00000 7.00000 20.00000 13.00000 13.00000 12.00000 10.00000 19.00000 15.00000 8.00000 18.00000 12.00000 19.00000 21.00000 20.00000 14.00000 5.00000 11.00000 17.00000 8.00000 17.00000 3.00000 5.00000 23.00000 12.00000 2.00000 11.00000 23.00000 4.00000 13.00000 21.00000 44.00000 13.00000 17.00000 11.00000 3.00000 11.00000 10.00000 3.00000 17.00000 43.00000 15.00000 6.00000 10.00000 7.00000 20.00000 4.00000 14.00000 5.00000 11.00000 8.00000 20.00000 12.00000 5.00000 22.00000 8.00000 7.00000 6.00000 0.00000 12.00000 4.00000 5.00000 8.00000 23.00000 10.00000 20.00000 9.00000 9.00000 4.00000 17.00000 4.00000 20.00000
9.00000 25.00000 22.00000 21.00000 15.00000 10.00000 15.00000 24.00000 2.00000 18.00000 21.00000 21.00000 23.00000 20.00000 19.00000 22.00000 22.00000 23.00000 25.00000 24.00000 18.00000 16.00000 22.00000 21.00000 19.00000 21.00000 11.00000 11.00000 17.00000 23.00000 14.00000 20.00000 17.00000 11.00000 22.00000 25.00000 35.00000 24.00000 10.00000 20.00000 14.00000 21.00000 14.00000 13.00000 25.00000 34.00000 24.00000 14.00000 20.00000 17.00000 9.00000 11.00000 23.00000 11.00000 21.00000 18.00000 24.00000 5.00000 13.00000 27.00000 20.00000 18.00000 17.00000 13.00000 0.00000 15.00000 15.00000 14.00000 27.00000 14.00000 24.00000 13.00000 19.00000 13.00000 8.00000 12.00000 9.00000
22.00000 20.00000 17.00000 11.00000 6.00000 6.00000 6.00000 19.00000 15.00000 12.00000 12.00000 11.00000 19.00000 15.00000 8.00000 18.00000 13.00000 18.00000 20.00000 19.00000 14.00000 5.00000 11.00000 16.00000 9.00000 17.00000 5.00000 8.00000 23.00000 12.00000 3.00000 11.00000 23.00000 6.00000 13.00000 20.00000 44.00000 13.00000 19.00000 11.00000 3.00000 11.00000 10.00000 4.00000 17.00000 43.00000 14.00000 5.00000 11.00000 8.00000 22.00000 7.00000 13.00000 8.00000 11.00000 9.00000 20.00000 14.00000 5.00000 22.00000 8.00000 8.00000 5.00000 4.00000 14.00000 0.00000 3.00000 7.00000 23.00000 10.00000 20.00000 9.00000 10.00000 4.00000 20.00000 4.00000 22.00000
22.00000 20.00000 17.00000 12.00000 7.00000 8.00000 6.00000 20.00000 15.00000 13.00000 12.00000 11.00000 19.00000 15.00000 8.00000 18.00000 13.00000 19.00000 21.00000 20.00000 14.00000 5.00000 11.00000 17.00000 9.00000 17.00000 7.00000 9.00000 23.00000 12.00000 4.00000 11.00000 23.00000 7.00000 13.00000 21.00000 44.00000 13.00000 19.00000 11.00000 3.00000 11.00000 10.00000 5.00000 17.00000 43.00000 15.00000 5.00000 12.00000 9.00000 22.00000 8.00000 14.00000 9.00000 11.00000 10.00000 20.00000 14.00000 5.00000 22.00000 8.00000 8.00000 6.00000 5.00000 14.00000 3.00000 0.00000 7.00000 23.00000 10.00000 20.00000 9.00000 10.00000 6.00000 20.00000 5.00000 22.00000
21.00000 16.00000 13.00000 8.00000 2.00000 8.00000 2.00000 16.00000 14.00000 9.00000 9.00000 12.00000 15.00000 11.00000 9.00000 14.00000 14.00000 15.00000 17.00000 16.00000 10.00000 6.00000 9.00000 13.00000 10.00000 13.00000 8.00000 9.00000 19.00000 10.00000 6.00000 8.00000 19.00000 8.00000 10.00000 17.00000 40.00000 11.00000 18.00000 8.00000 5.00000 8.00000 7.00000 6.00000 14.00000 39.00000 12.00000 4.00000 12.00000 10.00000 21.00000 9.00000 10.00000 9.00000 9.00000 11.00000 16.00000 13.00000 5.00000 19.00000 8.00000 9.00000 7.00000 6.00000 13.00000 6.00000 6.00000 0.00000 19.00000 7.00000 16.00000 6.00000 11.00000 7.00000 19.00000 7.00000 21.00000
34.00000 5.00000 8.00000 18.00000 20.00000 22.00000 20.00000 4.00000 27.00000 13.00000 18.00000 29.00000 7.00000 9.00000 25.00000 9.00000 32.00000 6.00000 4.00000 5.00000 12.00000 24.00000 22.00000 10.00000 27.00000 7.00000 23.00000 23.00000 20.00000 23.00000 22.00000 18.00000 20.00000 23.00000 19.00000 5.00000 34.00000 23.00000 26.00000 21.00000 22.00000 19.00000 16.00000 21.00000 14.00000 33.00000 19.00000 22.00000 29.00000 27.00000 34.00000 23.00000 23.00000 23.00000 22.00000 28.00000 6.00000 26.00000 20.00000 1.00000 24.00000 27.00000 24.00000 23.00000 26.00000 23.00000 23.00000 19.00000 0.00000 19.00000 6.00000 18.00000 29.00000 22.00000 28.00000 22.00000 34.00000
18.00000 16.00000 14.00000 13.00000 8.00000 6.00000 8.00000 16.00000 11.00000 11.00000 14.00000 16.00000 15.00000 12.00000 14.00000 14.00000 17.00000 15.00000 17.00000 16.00000 10.00000 11.00000 14.00000 13.00000 15.00000 13.00000 7.00000 7.00000 19.00000 15.00000 9.00000 13.00000 19.00000 7.00000 15.00000 17.00000 40.00000 16.00000 15.00000 13.00000 9.00000 13.00000 5.00000 7.00000 17.00000 39.00000 17.00000 8.00000 16.00000 13.00000 18.00000 7.00000 15.00000 7.00000 14.00000 14.00000 16.00000 10.00000 7.00000 19.00000 13.00000 14.00000 12.00000 8.00000 10.00000 9.00000 10.00000 7.00000 19.00000 0.00000 16.00000 2.00000 14.00000 8.00000 16.00000 8.00000 18.00000
32.00000 3.00000 4.00000 19.00000 17.00000 19.00000 18.00000 5.00000 25.00000 14.00000 19.00000 27.00000 7.00000 6.00000 23.00000 10.00000 29.00000 7.00000 3.00000 6.00000 11.00000 21.00000 22.00000 8.00000 25.00000 4.00000 20.00000 20.00000 17.00000 23.00000 19.00000 19.00000 18.00000 20.00000 20.00000 2.00000 31.00000 24.00000 23.00000 21.00000 20.00000 20.00000 13.00000 18.00000 15.00000 30.00000 20.00000 19.00000 27.00000 25.00000 32.00000 20.00000 23.00000 20.00000 22.00000 26.00000 7.00000 24.00000 18.00000 5.00000 23.00000 24.00000 22.00000 20.00000 24.00000 20.00000 20.00000 17.00000 5.00000 16.00000 0.00000 15.00000 26.00000 19.00000 26.00000 19.00000 32.00000
17.00000 16.00000 13.00000 13.00000 7.00000 5.00000 8.00000 15.00000 10.00000 10.00000 13.00000 15.00000 14.00000 11.00000 13.00000 13.00000 16.00000 14.00000 16.00000 15.00000 9.00000 10.00000 13.00000 12.00000 13.00000 12.00000 6.00000 6.00000 19.00000 14.00000 8.00000 12.00000 19.00000 6.00000 14.00000 16.00000 40.00000 16.00000 14.00000 12.00000 8.00000 12.00000 4.00000 7.00000 16.00000 38.00000 16.00000 8.00000 15.00000 12.00000 17.00000 6.00000 15.00000 6.00000 13.00000 13.00000 15.00000 9.00000 6.00000 18.00000 13.00000 12.00000 11.00000 7.00000 9.00000 9.00000 9.00000 7.00000 19.00000 2.00000 16.00000 0.00000 13.00000 7.00000 15.00000 6.00000 17.00000
26.00000 26.00000 24.00000 17.00000 12.00000 10.00000 12.00000 26.00000 19.00000 18.00000 17.00000 9.00000 24.00000 22.00000 13.00000 23.00000 8.00000 25.00000 27.00000 26.00000 20.00000 10.00000 15.00000 23.00000 11.00000 23.00000 9.00000 11.00000 29.00000 15.00000 9.00000 16.00000 30.00000 10.00000 18.00000 27.00000 50.00000 17.00000 23.00000 16.00000 9.00000 17.00000 17.00000 10.00000 22.00000 49.00000 20.00000 11.00000 8.00000 7.00000 26.00000 11.00000 17.00000 11.00000 15.00000 5.00000 26.00000 18.00000 11.00000 29.00000 14.00000 9.00000 11.00000 9.00000 18.00000 10.00000 10.00000 13.00000 29.00000 16.00000 26.00000 15.00000 0.00000 11.00000 23.00000 10.00000 26.00000
19.00000 19.00000 16.00000 13.00000 8.00000 4.00000 8.00000 18.00000 13.00000 12.00000 14.00000 12.00000 18.00000 14.00000 9.00000 17.00000 13.00000 17.00000 20.00000 18.00000 13.00000 7.00000 13.00000 15.00000 10.00000 16.00000 3.00000 5.00000 22.00000 14.00000 3.00000 12.00000 22.00000 3.00000 15.00000 20.00000 43.00000 15.00000 16.00000 13.00000 3.00000 13.00000 9.00000 2.00000 18.00000 42.00000 16.00000 6.00000 12.00000 9.00000 19.00000 4.00000 15.00000 5.00000 13.00000 10.00000 19.00000 11.00000 4.00000 21.00000 10.00000 9.00000 7.00000 4.00000 12.00000 4.00000 6.00000 7.00000 22.00000 9.00000 19.00000 8.00000 10.00000 0.00000 17.00000 1.00000 19.00000
15.00000 25.00000 23.00000 25.00000 20.00000 15.00000 20.00000 25.00000 8.00000 23.00000 26.00000 25.00000 25.00000 21.00000 24.00000 25.00000 26.00000 24.00000 26.00000 25.00000 20.00000 21.00000 26.00000 22.00000 24.00000 22.00000 16.00000 16.00000 14.00000 27.00000 19.00000 25.00000 14.00000 16.00000 27.00000 26.00000 30.00000 28.00000 9.00000 25.00000 19.00000 25.00000 19.00000 18.00000 29.00000 29.00000 29.00000 19.00000 25.00000 22.00000 15.00000 16.00000 27.00000 16.00000 26.00000 23.00000 27.00000 9.00000 17.00000 28.00000 24.00000 23.00000 22.00000 17.00000 9.00000 20.00000 20.00000 19.00000 28.00000 18.00000 25.00000 17.00000 23.00000 17.00000 0.00000 17.00000 15.00000
19.00000 19.00000 16.00000 13.00000 8.00000 3.00000 7.00000 18.00000 12.00000 12.00000 13.00000 12.00000 18.00000 14.00000 9.00000 17.00000 13.00000 17.00000 19.00000 18.00000 13.00000 6.00000 13.00000 15.00000 10.00000 16.00000 2.00000 4.00000 22.00000 13.00000 3.00000 12.00000 22.00000 3.00000 14.00000 19.00000 43.00000 15.00000 16.00000 12.00000 3.00000 13.00000 9.00000 2.00000 18.00000 42.00000 16.00000 6.00000 12.00000 9.00000 19.00000 4.00000 15.00000 4.00000 13.00000 10.00000 19.00000 11.00000 4.00000 21.00000 10.00000 9.00000 7.00000 4.00000 11.00000 4.00000 5.00000 7.00000 22.00000 9.00000 19.00000 8.00000 10.00000 1.00000 16.00000 0.00000 19.00000
0.00000 31.00000 29.00000 28.00000 22.00000 17.00000 22.00000 31.00000 8.00000 25.00000 28.00000 28.00000 30.00000 27.00000 26.00000 29.00000 29.00000 30.00000 32.00000 31.00000 25.00000 23.00000 29.00000 28.00000 26.00000 28.00000 18.00000 18.00000 24.00000 30.00000 21.00000 27.00000 24.00000 18.00000 29.00000 32.00000 27.00000 31.00000 17.00000 27.00000 21.00000 28.00000 21.00000 20.00000 32.00000 26.00000 31.00000 21.00000 27.00000 24.00000 0.00000 18.00000 30.00000 18.00000 28.00000 25.00000 31.00000 12.00000 20.00000 34.00000 27.00000 25.00000 24.00000 20.00000 10.00000 22.00000 22.00000 21.00000 34.00000 21.00000 31.00000 20.00000 26.00000 20.00000 15.00000 19.00000 0.00000
p
0.0 0.0 0.0 0.0 0.0 0.0 
0.0 0.0 0.0 0.0 0.0 0.0 
0.0 0.0 0.0 0.0 0.0 0.0 
0.0 0.0 0.0 0.0 0.0 0.0 
0.0 0.0 0.0 0.0 0.0 0.0 
0.0 0.0 0.0 0.0 0.0 0.0 
0.0 0.0 0.0 0.0 0.0 0.0 
0.0 0.0 0.0 0.0 0.0 0.0 
0.0 0.0 0.0 0.0 0.0 0.0 
0.0 0.0 0.0 0.0 0.0 0.0 
0.0 0.0 0.0 0.0 0.0 0.0 
0.0 0.0 0.0 0.0 0.0 0.0 
0.0 0.0 0.0 0.0 0.0 0.0 
0.0 0.0 0.0 0.0 0.0 0.0 
0.0 0.0 0.0 0.0 0.0 0.0 
0 0 46 0 0 0 
0 0 46 0 0 0 
0 0 46 0 0 0 
0 0 46 0 0 0 
0 0 46 0 0 0 
0 0 46 0 0 0 
0 0 46 0 0 0 
0 0 46 0 0 0 
0 0 46 0 0 0 
0 0 46 0 0 0 
0 0 46 0 0 0 
0 0 46 0 0 0 
0 0 46 0 0 0 
0 0 46 0 0 0 
0 0 46 0 0 0 
0 0 47 0 0 0 
0 0 47 0 0 0 
0 0 47 0 0 0 
0 0 47 0 0 0 
0 0 47 0 0 0 
0 0 47 0 0 0 
0 0 47 0 0 0 
0 0 47 0 0 0 
0 0 47 0 0 0 
0 0 47 0 0 0 
0 0 47 0 0 0 
0 0 47 0 0 0 
0 0 47 0 0 0 
0 0 47 0 0 0 
0 0 47 0 0 0 
21 0 0 0 0 0 
21 0 0 0 0 0 
21 0 0 0 0 0 
21 0 0 0 0 0 
21 0 0 0 0 0 
21 0 0 0 0 0 
21 0 0 0 0 0 
21 0 0 0 0 0 
21 0 0 0 0 0 
21 0 0 0 0 0 
21 0 0 0 0 0 
21 0 0 0 0 0 
21 0 0 0 0 0 
21 0 0 0 0 0 
21 0 0 0 0 0 
0 15 0 0 0 0 
0 15 0 0 0 0 
0 15 0 0 0 0 
0 15 0 0 0 0 
0 15 0 0 0 0 
0 15 0 0 0 0 
0 15 0 0 0 0 
0 15 0 0 0 0 
0 15 0 0 0 0 
0 15 0 0 0 0 
0 15 0 0 0 0 
0 15 0 0 0 0 
0 15 0 0 0 0 
0 15 0 0 0 0 
0 15 0 0 0 0 
28 0 0 0 35 0 
28 0 0 0 35 0 
28 0 0 0 35 0 
28 0 0 0 35 0 
28 0 0 0 35 0 
28 0 0 0 35 0 
28 0 0 0 35 0 
28 0 0 0 35 0 
28 0 0 0 35 0 
28 0 0 0 35 0 
28 0 0 0 35 0 
28 0 0 0 35 0 
28 0 0 0 35 0 
28 0 0 0 35 0 
28 0 0 0 35 0 
0 0 0 0 0 33 
0 0 0 0 0 33 
0 0 0 0 0 33 
0 0 0 0 0 33 
0 0 0 0 0 33 
0 0 0 0 0 33 
0 0 0 0 0 33 
0 0 0 0 0 33 
0 0 0 0 0 33 
0 0 0 0 0 33 
0 0 0 0 0 33 
0 0 0 0 0 33 
0 0 0 0 0 33 
0 0 0 0 0 33 
0 0 0 0 0 33 
0 0 0 0 15 0 
0 0 0 0 15 0 
0 0 0 0 15 0 
0 0 0 0 15 0 
0 0 0 0 15 0 
0 0 0 0 15 0 
0 0 0 0 15 0 
0 0 0 0 15 0 
0 0 0 0 15 0 
0 0 0 0 15 0 
0 0 0 0 15 0 
0 0 0 0 15 0 
0 0 0 0 15 0 
0 0 0 0 15 0 
0 0 0 0 15 0 
17 0 0 0 0 0 
17 0 0 0 0 0 
17 0 0 0 0 0 
17 0 0 0 0 0 
17 0 0 0 0 0 
17 0 0 0 0 0 
17 0 0 0 0 0 
17 0 0 0 0 0 
17 0 0 0 0 0 
17 0 0 0 0 0 
17 0 0 0 0 0 
17 0 0 0 0 0 
17 0 0 0 0 0 
17 0 0 0 0 0 
17 0 0 0 0 0 
19 0 0 0 0 35 
19 0 0 0 0 35 
19 0 0 0 0 35 
19 0 0 0 0 35 
19 0 0 0 0 35 
19 0 0 0 0 35 
19 0 0 0 0 35 
19 0 0 0 0 35 
19 0 0 0 0 35 
19 0 0 0 0 35 
19 0 0 0 0 35 
19 0 0 0 0 35 
19 0 0 0 0 35 
19 0 0 0 0 35 
19 0 0 0 0 35 
26 0 0 0 0 38 
26 0 0 0 0 38 
26 0 0 0 0 38 
26 0 0 0 0 38 
26 0 0 0 0 38 
26 0 0 0 0 38 
26 0 0 0 0 38 
26 0 0 0 0 38 
26 0 0 0 0 38 
26 0 0 0 0 38 
26 0 0 0 0 38 
26 0 0 0 0 38 
26 0 0 0 0 38 
26 0 0 0 0 38 
26 0 0 0 0 38 
0 0 53 34 0 0 
0 0 53 34 0 0 
0 0 53 34 0 0 
0 0 53 34 0 0 
0 0 53 34 0 0 
0 0 53 34 0 0 
0 0 53 34 0 0 
0 0 53 34 0 0 
0 0 53 34 0 0 
0 0 53 34 0 0 
0 0 53 34 0 0 
0 0 53 34 0 0 
0 0 53 34 0 0 
0 0 53 34 0 0 
0 0 53 34 0 0 
0 60 0 0 0 0 
0 60 0 0 0 0 
0 60 0 0 0 0 
0 60 0 0 0 0 
0 60 0 0 0 0 
0 60 0 0 0 0 
0 60 0 0 0 0 
0 60 0 0 0 0 
0 60 0 0 0 0 
0 60 0 0 0 0 
0 60 0 0 0 0 
0 60 0 0 0 0 
0 60 0 0 0 0 
0 60 0 0 0 0 
0 60 0 0 0 0 
43 0 0 0 0 0 
43 0 0 0 0 0 
43 0 0 0 0 0 
43 0 0 0 0 0 
43 0 0 0 0 0 
43 0 0 0 0 0 
43 0 0 0 0 0 
43 0 0 0 0 0 
43 0 0 0 0 0 
43 0 0 0 0 0 
43 0 0 0 0 0 
43 0 0 0 0 0 
43 0 0 0 0 0 
43 0 0 0 0 0 
43 0 0 0 0 0 
42 0 0 0 0 0 
42 0 0 0 0 0 
42 0 0 0 0 0 
42 0 0 0 0 0 
42 0 0 0 0 0 
42 0 0 0 0 0 
42 0 0 0 0 0 
42 0 0 0 0 0 
42 0 0 0 0 0 
42 0 0 0 0 0 
42 0 0 0 0 0 
42 0 0 0 0 0 
42 0 0 0 0 0 
42 0 0 0 0 0 
42 0 0 0 0 0 
15 0 0 0 44 0 
15 0 0 0 44 0 
15 0 0 0 44 0 
15 0 0 0 44 0 
15 0 0 0 44 0 
15 0 0 0 44 0 
15 0 0 0 44 0 
15 0 0 0 44 0 
15 0 0 0 44 0 
15 0 0 0 44 0 
15 0 0 0 44 0 
15 0 0 0 44 0 
15 0 0 0 44 0 
15 0 0 0 44 0 
15 0 0 0 44 0 
48 0 0 0 0 0 
48 0 0 0 0 0 
48 0 0 0 0 0 
48 0 0 0 0 0 
48 0 0 0 0 0 
48 0 0 0 0 0 
48 0 0 0 0 0 
48 0 0 0 0 0 
48 0 0 0 0 0 
48 0 0 0 0 0 
48 0 0 0 0 0 
48 0 0 0 0 0 
48 0 0 0 0 0 
48 0 0 0 0 0 
48 0 0 0 0 0 
52 0 0 0 0 0 
52 0 0 0 0 0 
52 0 0 0 0 0 
52 0 0 0 0 0 
52 0 0 0 0 0 
52 0 0 0 0 0 
52 0 0 0 0 0 
52 0 0 0 0 0 
52 0 0 0 0 0 
52 0 0 0 0 0 
52 0 0 0 0 0 
52 0 0 0 0 0 
52 0 0 0 0 0 
52 0 0 0 0 0 
52 0 0 0 0 0 
0 0 0 0 26 0 
0 0 0 0 26 0 
0 0 0 0 26 0 
0 0 0 0 26 0 
0 0 0 0 26 0 
0 0 0 0 26 0 
0 0 0 0 26 0 
0 0 0 0 26 0 
0 0 0 0 26 0 
0 0 0 0 26 0 
0 0 0 0 26 0 
0 0 0 0 26 0 
0 0 0 0 26 0 
0 0 0 0 26 0 
0 0 0 0 26 0 
0 49 0 0 0 0 
0 49 0 0 0 0 
0 49 0 0 0 0 
0 49 0 0 0 0 
0 49 0 0 0 0 
0 49 0 0 0 0 
0 49 0 0 0 0 
0 49 0 0 0 0 
0 49 0 0 0 0 
0 49 0 0 0 0 
0 49 0 0 0 0 
0 49 0 0 0 0 
0 49 0 0 0 0 
0 49 0 0 0 0 
0 49 0 0 0 0 
0 31 0 0 0 0 
0 31 0 0 0 0 
0 31 0 0 0 0 
0 31 0 0 0 0 
0 31 0 0 0 0 
0 31 0 0 0 0 
0 31 0 0 0 0 
0 31 0 0 0 0 
0 31 0 0 0 0 
0 31 0 0 0 0 
0 31 0 0 0 0 
0 31 0 0 0 0 
0 31 0 0 0 0 
0 31 0 0 0 0 
0 31 0 0 0 0 
27 0 0 0 23 0 
27 0 0 0 23 0 
27 0 0 0 23 0 
27 0 0 0 23 0 
27 0 0 0 23 0 
27 0 0 0 23 0 
27 0 0 0 23 0 
27 0 0 0 23 0 
27 0 0 0 23 0 
27 0 0 0 23 0 
27 0 0 0 23 0 
27 0 0 0 23 0 
27 0 0 0 23 0 
27 0 0 0 23 0 
27 0 0 0 23 0 
24 0 0 34 0 0 
24 0 0 34 0 0 
24 0 0 34 0 0 
24 0 0 34 0 0 
24 0 0 34 0 0 
24 0 0 34 0 0 
24 0 0 34 0 0 
24 0 0 34 0 0 
24 0 0 34 0 0 
24 0 0 34 0 0 
24 0 0 34 0 0 
24 0 0 34 0 0 
24 0 0 34 0 0 
24 0 0 34 0 0 
24 0 0 34 0 0 
0 30 0 15 0 0 
0 30 0 15 0 0 
0 30 0 15 0 0 
0 30 0 15 0 0 
0 30 0 15 0 0 
0 30 0 15 0 0 
0 30 0 15 0 0 
0 30 0 15 0 0 
0 30 0 15 0 0 
0 30 0 15 0 0 
0 30 0 15 0 0 
0 30 0 15 0 0 
0 30 0 15 0 0 
0 30 0 15 0 0 
0 30 0 15 0 0 
0 42 0 0 0 40 
0 42 0 0 0 40 
0 42 0 0 0 40 
0 42 0 0 0 40 
0 42 0 0 0 40 
0 42 0 0 0 40 
0 42 0 0 0 40 
0 42 0 0 0 40 
0 42 0 0 0 40 
0 42 0 0 0 40 
0 42 0 0 0 40 
0 42 0 0 0 40 
0 42 0 0 0 40 
0 42 0 0 0 40 
0 42 0 0 0 40 
19 0 0 32 0 0 
19 0 0 32 0 0 
19 0 0 32 0 0 
19 0 0 32 0 0 
19 0 0 32 0 0 
19 0 0 32 0 0 
19 0 0 32 0 0 
19 0 0 32 0 0 
19 0 0 32 0 0 
19 0 0 32 0 0 
19 0 0 32 0 0 
19 0 0 32 0 0 
19 0 0 32 0 0 
19 0 0 32 0 0 
19 0 0 32 0 0 
0 0 0 0 23 0 
0 0 0 0 23 0 
0 0 0 0 23 0 
0 0 0 0 23 0 
0 0 0 0 23 0 
0 0 0 0 23 0 
0 0 0 0 23 0 
0 0 0 0 23 0 
0 0 0 0 23 0 
0 0 0 0 23 0 
0 0 0 0 23 0 
0 0 0 0 23 0 
0 0 0 0 23 0 
0 0 0 0 23 0 
0 0 0 0 23 0 
0 0 0 0 51 0 
0 0 0 0 51 0 
0 0 0 0 51 0 
0 0 0 0 51 0 
0 0 0 0 51 0 
0 0 0 0 51 0 
0 0 0 0 51 0 
0 0 0 0 51 0 
0 0 0 0 51 0 
0 0 0 0 51 0 
0 0 0 0 51 0 
0 0 0 0 51 0 
0 0 0 0 51 0 
0 0 0 0 51 0 
0 0 0 0 51 0 
0 16 0 0 0 0 
0 16 0 0 0 0 
0 16 0 0 0 0 
0 16 0 0 0 0 
0 16 0 0 0 0 
0 16 0 0 0 0 
0 16 0 0 0 0 
0 16 0 0 0 0 
0 16 0 0 0 0 
0 16 0 0 0 0 
0 16 0 0 0 0 
0 16 0 0 0 0 
0 16 0 0 0 0 
0 16 0 0 0 0 
0 16 0 0 0 0 
0 0 42 52 0 0 
0 0 42 52 0 0 
0 0 42 52 0 0 
0 0 42 52 0 0 
0 0 42 52 0 0 
0 0 42 52 0 0 
0 0 42 52 0 0 
0 0 42 52 0 0 
0 0 42 52 0 0 
0 0 42 52 0 0 
0 0 42 52 0 0 
0 0 42 52 0 0 
0 0 42 52 0 0 
0 0 42 52 0 0 
0 0 42 52 0 0 
0 0 29 0 33 0 
0 0 29 0 33 0 
0 0 29 0 33 0 
0 0 29 0 33 0 
0 0 29 0 33 0 
0 0 29 0 33 0 
0 0 29 0 33 0 
0 0 29 0 33 0 
0 0 29 0 33 0 
0 0 29 0 33 0 
0 0 29 0 33 0 
0 0 29 0 33 0 
0 0 29 0 33 0 
0 0 29 0 33 0 
0 0 29 0 33 0 
0 48 0 0 0 58 
0 48 0 0 0 58 
0 48 0 0 0 58 
0 48 0 0 0 58 
0 48 0 0 0 58 
0 48 0 0 0 58 
0 48 0 0 0 58 
0 48 0 0 0 58 
0 48 0 0 0 58 
0 48 0 0 0 58 
0 48 0 0 0 58 
0 48 0 0 0 58 
0 48 0 0 0 58 
0 48 0 0 0 58 
0 48 0 0 0 58 
27 0 0 0 0 0 
27 0 0 0 0 0 
27 0 0 0 0 0 
27 0 0 0 0 0 
27 0 0 0 0 0 
27 0 0 0 0 0 
27 0 0 0 0 0 
27 0 0 0 0 0 
27 0 0 0 0 0 
27 0 0 0 0 0 
27 0 0 0 0 0 
27 0 0 0 0 0 
27 0 0 0 0 0 
27 0 0 0 0 0 
27 0 0 0 0 0 
0 19 0 0 0 0 
0 19 0 0 0 0 
0 19 0 0 0 0 
0 19 0 0 0 0 
0 19 0 0 0 0 
0 19 0 0 0 0 
0 19 0 0 0 0 
0 19 0 0 0 0 
0 19 0 0 0 0 
0 19 0 0 0 0 
0 19 0 0 0 0 
0 19 0 0 0 0 
0 19 0 0 0 0 
0 19 0 0 0 0 
0 19 0 0 0 0 
0 0 23 0 0 54 
0 0 23 0 0 54 
0 0 23 0 0 54 
0 0 23 0 0 54 
0 0 23 0 0 54 
0 0 23 0 0 54 
0 0 23 0 0 54 
0 0 23 0 0 54 
0 0 23 0 0 54 
0 0 23 0 0 54 
0 0 23 0 0 54 
0 0 23 0 0 54 
0 0 23 0 0 54 
0 0 23 0 0 54 
0 0 23 0 0 54 
0 0 59 0 0 0 
0 0 59 0 0 0 
0 0 59 0 0 0 
0 0 59 0 0 0 
0 0 59 0 0 0 
0 0 59 0 0 0 
0 0 59 0 0 0 
0 0 59 0 0 0 
0 0 59 0 0 0 
0 0 59 0 0 0 
0 0 59 0 0 0 
0 0 59 0 0 0 
0 0 59 0 0 0 
0 0 59 0 0 0 
0 0 59 0 0 0 
0 32 0 24 0 0 
0 32 0 24 0 0 
0 32 0 24 0 0 
0 32 0 24 0 0 
0 32 0 24 0 0 
0 32 0 24 0 0 
0 32 0 24 0 0 
0 32 0 24 0 0 
0 32 0 24 0 0 
0 32 0 24 0 0 
0 32 0 24 0 0 
0 32 0 24 0 0 
0 32 0 24 0 0 
0 32 0 24 0 0 
0 32 0 24 0 0 
48 0 0 0 0 0 
48 0 0 0 0 0 
48 0 0 0 0 0 
48 0 0 0 0 0 
48 0 0 0 0 0 
48 0 0 0 0 0 
48 0 0 0 0 0 
48 0 0 0 0 0 
48 0 0 0 0 0 
48 0 0 0 0 0 
48 0 0 0 0 0 
48 0 0 0 0 0 
48 0 0 0 0 0 
48 0 0 0 0 0 
48 0 0 0 0 0 
43 0 0 0 0 0 
43 0 0 0 0 0 
43 0 0 0 0 0 
43 0 0 0 0 0 
43 0 0 0 0 0 
43 0 0 0 0 0 
43 0 0 0 0 0 
43 0 0 0 0 0 
43 0 0 0 0 0 
43 0 0 0 0 0 
43 0 0 0 0 0 
43 0 0 0 0 0 
43 0 0 0 0 0 
43 0 0 0 0 0 
43 0 0 0 0 0 
0 0 0 52 0 0 
0 0 0 52 0 0 
0 0 0 52 0 0 
0 0 0 52 0 0 
0 0 0 52 0 0 
0 0 0 52 0 0 
0 0 0 52 0 0 
0 0 0 52 0 0 
0 0 0 52 0 0 
0 0 0 52 0 0 
0 0 0 52 0 0 
0 0 0 52 0 0 
0 0 0 52 0 0 
0 0 0 52 0 0 
0 0 0 52 0 0 
53 0 0 0 0 0 
53 0 0 0 0 0 
53 0 0 0 0 0 
53 0 0 0 0 0 
53 0 0 0 0 0 
53 0 0 0 0 0 
53 0 0 0 0 0 
53 0 0 0 0 0 
53 0 0 0 0 0 
53 0 0 0 0 0 
53 0 0 0 0 0 
53 0 0 0 0 0 
53 0 0 0 0 0 
53 0 0 0 0 0 
53 0 0 0 0 0 
55 0 0 0 0 38 
55 0 0 0 0 38 
55 0 0 0 0 38 
55 0 0 0 0 38 
55 0 0 0 0 38 
55 0 0 0 0 38 
55 0 0 0 0 38 
55 0 0 0 0 38 
55 0 0 0 0 38 
55 0 0 0 0 38 
55 0 0 0 0 38 
55 0 0 0 0 38 
55 0 0 0 0 38 
55 0 0 0 0 38 
55 0 0 0 0 38 
0 0 41 0 0 0 
0 0 41 0 0 0 
0 0 41 0 0 0 
0 0 41 0 0 0 
0 0 41 0 0 0 
0 0 41 0 0 0 
0 0 41 0 0 0 
0 0 41 0 0 0 
0 0 41 0 0 0 
0 0 41 0 0 0 
0 0 41 0 0 0 
0 0 41 0 0 0 
0 0 41 0 0 0 
0 0 41 0 0 0 
0 0 41 0 0 0 
0 0 0 0 56 0 
0 0 0 0 56 0 
0 0 0 0 56 0 
0 0 0 0 56 0 
0 0 0 0 56 0 
0 0 0 0 56 0 
0 0 0 0 56 0 
0 0 0 0 56 0 
0 0 0 0 56 0 
0 0 0 0 56 0 
0 0 0 0 56 0 
0 0 0 0 56 0 
0 0 0 0 56 0 
0 0 0 0 56 0 
0 0 0 0 56 0 
0 0 0 0 35 0 
0 0 0 0 35 0 
0 0 0 0 35 0 
0 0 0 0 35 0 
0 0 0 0 35 0 
0 0 0 0 35 0 
0 0 0 0 35 0 
0 0 0 0 35 0 
0 0 0 0 35 0 
0 0 0 0 35 0 
0 0 0 0 35 0 
0 0 0 0 35 0 
0 0 0 0 35 0 
0 0 0 0 35 0 
0 0 0 0 35 0 
0 0 0 0 0 56 
0 0 0 0 0 56 
0 0 0 0 0 56 
0 0 0 0 0 56 
0 0 0 0 0 56 
0 0 0 0 0 56 
0 0 0 0 0 56 
0 0 0 0 0 56 
0 0 0 0 0 56 
0 0 0 0 0 56 
0 0 0 0 0 56 
0 0 0 0 0 56 
0 0 0 0 0 56 
0 0 0 0 0 56 
0 0 0 0 0 56 
25 0 0 0 0 52 
25 0 0 0 0 52 
25 0 0 0 0 52 
25 0 0 0 0 52 
25 0 0 0 0 52 
25 0 0 0 0 52 
25 0 0 0 0 52 
25 0 0 0 0 52 
25 0 0 0 0 52 
25 0 0 0 0 52 
25 0 0 0 0 52 
25 0 0 0 0 52 
25 0 0 0 0 52 
25 0 0 0 0 52 
25 0 0 0 0 52 
0 0 0 0 23 0 
0 0 0 0 23 0 
0 0 0 0 23 0 
0 0 0 0 23 0 
0 0 0 0 23 0 
0 0 0 0 23 0 
0 0 0 0 23 0 
0 0 0 0 23 0 
0 0 0 0 23 0 
0 0 0 0 23 0 
0 0 0 0 23 0 
0 0 0 0 23 0 
0 0 0 0 23 0 
0 0 0 0 23 0 
0 0 0 0 23 0 
0 24 0 0 0 0 
0 24 0 0 0 0 
0 24 0 0 0 0 
0 24 0 0 0 0 
0 24 0 0 0 0 
0 24 0 0 0 0 
0 24 0 0 0 0 
0 24 0 0 0 0 
0 24 0 0 0 0 
0 24 0 0 0 0 
0 24 0 0 0 0 
0 24 0 0 0 0 
0 24 0 0 0 0 
0 24 0 0 0 0 
0 24 0 0 0 0 
0 0 0 0 0 26 
0 0 0 0 0 26 
0 0 0 0 0 26 
0 0 0 0 0 26 
0 0 0 0 0 26 
0 0 0 0 0 26 
0 0 0 0 0 26 
0 0 0 0 0 26 
0 0 0 0 0 26 
0 0 0 0 0 26 
0 0 0 0 0 26 
0 0 0 0 0 26 
0 0 0 0 0 26 
0 0 0 0 0 26 
0 0 0 0 0 26 
18 0 0 0 0 0 
18 0 0 0 0 0 
18 0 0 0 0 0 
18 0 0 0 0 0 
18 0 0 0 0 0 
18 0 0 0 0 0 
18 0 0 0 0 0 
18 0 0 0 0 0 
18 0 0 0 0 0 
18 0 0 0 0 0 
18 0 0 0 0 0 
18 0 0 0 0 0 
18 0 0 0 0 0 
18 0 0 0 0 0 
18 0 0 0 0 0 
0 0 38 0 0 57 
0 0 38 0 0 57 
0 0 38 0 0 57 
0 0 38 0 0 57 
0 0 38 0 0 57 
0 0 38 0 0 57 
0 0 38 0 0 57 
0 0 38 0 0 57 
0 0 38 0 0 57 
0 0 38 0 0 57 
0 0 38 0 0 57 
0 0 38 0 0 57 
0 0 38 0 0 57 
0 0 38 0 0 57 
0 0 38 0 0 57 
0 15 0 0 0 54 
0 15 0 0 0 54 
0 15 0 0 0 54 
0 15 0 0 0 54 
0 15 0 0 0 54 
0 15 0 0 0 54 
0 15 0 0 0 54 
0 15 0 0 0 54 
0 15 0 0 0 54 
0 15 0 0 0 54 
0 15 0 0 0 54 
0 15 0 0 0 54 
0 15 0 0 0 54 
0 15 0 0 0 54 
0 15 0 0 0 54 
40 0 0 0 0 0 
40 0 0 0 0 0 
40 0 0 0 0 0 
40 0 0 0 0 0 
40 0 0 0 0 0 
40 0 0 0 0 0 
40 0 0 0 0 0 
40 0 0 0 0 0 
40 0 0 0 0 0 
40 0 0 0 0 0 
40 0 0 0 0 0 
40 0 0 0 0 0 
40 0 0 0 0 0 
40 0 0 0 0 0 
40 0 0 0 0 0 
0 35 0 0 0 0 
0 35 0 0 0 0 
0 35 0 0 0 0 
0 35 0 0 0 0 
0 35 0 0 0 0 
0 35 0 0 0 0 
0 35 0 0 0 0 
0 35 0 0 0 0 
0 35 0 0 0 0 
0 35 0 0 0 0 
0 35 0 0 0 0 
0 35 0 0 0 0 
0 35 0 0 0 0 
0 35 0 0 0 0 
0 35 0 0 0 0 
0 50 0 0 0 0 
0 50 0 0 0 0 
0 50 0 0 0 0 
0 50 0 0 0 0 
0 50 0 0 0 0 
0 50 0 0 0 0 
0 50 0 0 0 0 
0 50 0 0 0 0 
0 50 0 0 0 0 
0 50 0 0 0 0 
0 50 0 0 0 0 
0 50 0 0 0 0 
0 50 0 0 0 0 
0 50 0 0 0 0 
0 50 0 0 0 0 
0 0 49 0 0 0 
0 0 49 0 0 0 
0 0 49 0 0 0 
0 0 49 0 0 0 
0 0 49 0 0 0 
0 0 49 0 0 0 
0 0 49 0 0 0 
0 0 49 0 0 0 
0 0 49 0 0 0 
0 0 49 0 0 0 
0 0 49 0 0 0 
0 0 49 0 0 0 
0 0 49 0 0 0 
0 0 49 0 0 0 
0 0 49 0 0 0 
0 0 0 37 0 0 
0 0 0 37 0 0 
0 0 0 37 0 0 
0 0 0 37 0 0 
0 0 0 37 0 0 
0 0 0 37 0 0 
0 0 0 37 0 0 
0 0 0 37 0 0 
0 0 0 37 0 0 
0 0 0 37 0 0 
0 0 0 37 0 0 
0 0 0 37 0 0 
0 0 0 37 0 0 
0 0 0 37 0 0 
0 0 0 37 0 0 
0 43 0 0 0 0 
0 43 0 0 0 0 
0 43 0 0 0 0 
0 43 0 0 0 0 
0 43 0 0 0 0 
0 43 0 0 0 0 
0 43 0 0 0 0 
0 43 0 0 0 0 
0 43 0 0 0 0 
0 43 0 0 0 0 
0 43 0 0 0 0 
0 43 0 0 0 0 
0 43 0 0 0 0 
0 43 0 0 0 0 
0 43 0 0 0 0 
0 36 0 0 0 20 
0 36 0 0 0 20 
0 36 0 0 0 20 
0 36 0 0 0 20 
0 36 0 0 0 20 
0 36 0 0 0 20 
0 36 0 0 0 20 
0 36 0 0 0 20 
0 36 0 0 0 20 
0 36 0 0 0 20 
0 36 0 0 0 20 
0 36 0 0 0 20 
0 36 0 0 0 20 
0 36 0 0 0 20 
0 36 0 0 0 20 
19 0 0 0 0 49 
19 0 0 0 0 49 
19 0 0 0 0 49 
19 0 0 0 0 49 
19 0 0 0 0 49 
19 0 0 0 0 49 
19 0 0 0 0 49 
19 0 0 0 0 49 
19 0 0 0 0 49 
19 0 0 0 0 49 
19 0 0 0 0 49 
19 0 0 0 0 49 
19 0 0 0 0 49 
19 0 0 0 0 49 
19 0 0 0 0 49 
0 0 0 40 0 0 
0 0 0 40 0 0 
0 0 0 40 0 0 
0 0 0 40 0 0 
0 0 0 40 0 0 
0 0 0 40 0 0 
0 0 0 40 0 0 
0 0 0 40 0 0 
0 0 0 40 0 0 
0 0 0 40 0 0 
0 0 0 40 0 0 
0 0 0 40 0 0 
0 0 0 40 0 0 
0 0 0 40 0 0 
0 0 0 40 0 0 
0 0 0 15 0 0 
0 0 0 15 0 0 
0 0 0 15 0 0 
0 0 0 15 0 0 
0 0 0 15 0 0 
0 0 0 15 0 0 
0 0 0 15 0 0 
0 0 0 15 0 0 
0 0 0 15 0 0 
0 0 0 15 0 0 
0 0 0 15 0 0 
0 0 0 15 0 0 
0 0 0 15 0 0 
0 0 0 15 0 0 
0 0 0 15 0 0 
0 0 54 0 0 0 
0 0 54 0 0 0 
0 0 54 0 0 0 
0 0 54 0 0 0 
0 0 54 0 0 0 
0 0 54 0 0 0 
0 0 54 0 0 0 
0 0 54 0 0 0 
0 0 54 0 0 0 
0 0 54 0 0 0 
0 0 54 0 0 0 
0 0 54 0 0 0 
0 0 54 0 0 0 
0 0 54 0 0 0 
0 0 54 0 0 0 
50 0 0 0 0 0 
50 0 0 0 0 0 
50 0 0 0 0 0 
50 0 0 0 0 0 
50 0 0 0 0 0 
50 0 0 0 0 0 
50 0 0 0 0 0 
50 0 0 0 0 0 
50 0 0 0 0 0 
50 0 0 0 0 0 
50 0 0 0 0 0 
50 0 0 0 0 0 
50 0 0 0 0 0 
50 0 0 0 0 0 
50 0 0 0 0 0 
0 59 0 24 0 0 
0 59 0 24 0 0 
0 59 0 24 0 0 
0 59 0 24 0 0 
0 59 0 24 0 0 
0 59 0 24 0 0 
0 59 0 24 0 0 
0 59 0 24 0 0 
0 59 0 24 0 0 
0 59 0 24 0 0 
0 59 0 24 0 0 
0 59 0 24 0 0 
0 59 0 24 0 0 
0 59 0 24 0 0 
0 59 0 24 0 0 
18 0 0 0 0 0 
18 0 0 0 0 0 
18 0 0 0 0 0 
18 0 0 0 0 0 
18 0 0 0 0 0 
18 0 0 0 0 0 
18 0 0 0 0 0 
18 0 0 0 0 0 
18 0 0 0 0 0 
18 0 0 0 0 0 
18 0 0 0 0 0 
18 0 0 0 0 0 
18 0 0 0 0 0 
18 0 0 0 0 0 
18 0 0 0 0 0 
0 27 0 0 0 0 
0 27 0 0 0 0 
0 27 0 0 0 0 
0 27 0 0 0 0 
0 27 0 0 0 0 
0 27 0 0 0 0 
0 27 0 0 0 0 
0 27 0 0 0 0 
0 27 0 0 0 0 
0 27 0 0 0 0 
0 27 0 0 0 0 
0 27 0 0 0 0 
0 27 0 0 0 0 
0 27 0 0 0 0 
0 27 0 0 0 0 
30 0 0 0 0 32 
30 0 0 0 0 32 
30 0 0 0 0 32 
30 0 0 0 0 32 
30 0 0 0 0 32 
30 0 0 0 0 32 
30 0 0 0 0 32 
30 0 0 0 0 32 
30 0 0 0 0 32 
30 0 0 0 0 32 
30 0 0 0 0 32 
30 0 0 0 0 32 
30 0 0 0 0 32 
30 0 0 0 0 32 
30 0 0 0 0 32 
0 0 0 0 25 0 
0 0 0 0 25 0 
0 0 0 0 25 0 
0 0 0 0 25 0 
0 0 0 0 25 0 
0 0 0 0 25 0 
0 0 0 0 25 0 
0 0 0 0 25 0 
0 0 0 0 25 0 
0 0 0 0 25 0 
0 0 0 0 25 0 
0 0 0 0 25 0 
0 0 0 0 25 0 
0 0 0 0 25 0 
0 0 0 0 25 0 
0 0 0 0 52 0 
0 0 0 0 52 0 
0 0 0 0 52 0 
0 0 0 0 52 0 
0 0 0 0 52 0 
0 0 0 0 52 0 
0 0 0 0 52 0 
0 0 0 0 52 0 
0 0 0 0 52 0 
0 0 0 0 52 0 
0 0 0 0 52 0 
0 0 0 0 52 0 
0 0 0 0 52 0 
0 0 0 0 52 0 
0 0 0 0 52 0 
0 45 0 0 0 0 
0 45 0 0 0 0 
0 45 0 0 0 0 
0 45 0 0 0 0 
0 45 0 0 0 0 
0 45 0 0 0 0 
0 45 0 0 0 0 
0 45 0 0 0 0 
0 45 0 0 0 0 
0 45 0 0 0 0 
0 45 0 0 0 0 
0 45 0 0 0 0 
0 45 0 0 0 0 
0 45 0 0 0 0 
0 45 0 0 0 0 
0 0 0 0 0 25 
0 0 0 0 0 25 
0 0 0 0 0 25 
0 0 0 0 0 25 
0 0 0 0 0 25 
0 0 0 0 0 25 
0 0 0 0 0 25 
0 0 0 0 0 25 
0 0 0 0 0 25 
0 0 0 0 0 25 
0 0 0 0 0 25 
0 0 0 0 0 25 
0 0 0 0 0 25 
0 0 0 0 0 25 
0 0 0 0 0 25 
0 39 0 0 0 0 
0 39 0 0 0 0 
0 39 0 0 0 0 
0 39 0 0 0 0 
0 39 0 0 0 0 
0 39 0 0 0 0 
0 39 0 0 0 0 
0 39 0 0 0 0 
0 39 0 0 0 0 
0 39 0 0 0 0 
0 39 0 0 0 0 
0 39 0 0 0 0 
0 39 0 0 0 0 
0 39 0 0 0 0 
0 39 0 0 0 0 
0 47 0 0 59 0 
0 47 0 0 59 0 
0 47 0 0 59 0 
0 47 0 0 59 0 
0 47 0 0 59 0 
0 47 0 0 59 0 
0 47 0 0 59 0 
0 47 0 0 59 0 
0 47 0 0 59 0 
0 47 0 0 59 0 
0 47 0 0 59 0 
0 47 0 0 59 0 
0 47 0 0 59 0 
0 47 0 0 59 0 
0 47 0 0 59 0 
0 0 0 25 0 0 
0 0 0 25 0 0 
0 0 0 25 0 0 
0 0 0 25 0 0 
0 0 0 25 0 0 
0 0 0 25 0 0 
0 0 0 25 0 0 
0 0 0 25 0 0 
0 0 0 25 0 0 
0 0 0 25 0 0 
0 0 0 25 0 0 
0 0 0 25 0 0 
0 0 0 25 0 0 
0 0 0 25 0 0 
0 0 0 25 0 0 
0.0 0.0 0.0 0.0 0.0 0.0 
0.0 0.0 0.0 0.0 0.0 0.0 
0.0 0.0 0.0 0.0 0.0 0.0 
0.0 0.0 0.0 0.0 0.0 0.0 
0.0 0.0 0.0 0.0 0.0 0.0 
0.0 0.0 0.0 0.0 0.0 0.0 
0.0 0.0 0.0 0.0 0.0 0.0 
0.0 0.0 0.0 0.0 0.0 0.0 
0.0 0.0 0.0 0.0 0.0 0.0 
0.0 0.0 0.0 0.0 0.0 0.0 
0.0 0.0 0.0 0.0 0.0 0.0 
0.0 0.0 0.0 0.0 0.0 0.0 
0.0 0.0 0.0 0.0 0.0 0.0 
0.0 0.0 0.0 0.0 0.0 0.0 
0.0 0.0 0.0 0.0 0.0 0.0 
mind
0 0 0 0 0 25 0 0 0 0 26 0 0 0 0 27 0 0 0 0 0 0 17 0 22 0 0 0 0 21 13 0 0 0 0 0 14 0 0 0 0 14 0 0 0 0 0 0 0 0 0 0 0 0 0 0 0 0 0 0 20 0 0 0 0 21 0 0 17 0 0 0 0 0 0 0 0
maxd
0 0 0 0 0 30 0 0 0 0 30 0 0 0 0 30 0 0 0 0 0 0 27 0 30 0 0 0 0 26 20 0 0 0 0 0 21 0 0 0 0 21 0 0 0 0 0 0 0 0 0 0 0 0 0 0 0 0 0 0 27 0 0 0 0 28 0 0 23 0 0 0 0 0 0 0 0
e
0 870 572 739 701 702 517 624 872 564 727 483 736 707 748 832 612 577 855 715 801 950 624 761 872 556 647 789 523 607 740 791 709 820 854 718 904 641 937 738 829 752 785 690 664 511 879 926 935 737 893 663 702 561 632 925 607 763 681 503 530 931 555 691 857 842 668 640 505 713 683 619 735 794 688 597 0
l
99999 990 692 859 821 822 637 744 992 684 847 603 856 827 868 952 732 697 975 835 921 1070 744 881 992 676 767 909 643 727 860 911 829 940 974 838 1024 761 1057 858 949 872 905 810 784 631 999 1046 1055 857 1013 783 822 681 752 1045 727 883 801 623 650 1051 675 811 977 962 788 760 625 833 803 739 855 914 808 717 99999
