nbNodes
77
nbVehi
15
nbServi
6
r
1 1 1 1 1 1 
0 1 0 1 0 0 
1 0 0 0 1 0 
0 0 0 0 0 1 
0 0 0 0 0 1 
0 1 0 0 0 0 
1 0 0 0 1 0 
0 0 0 1 0 0 
0 1 0 0 1 0 
0 1 0 0 1 0 
0 1 0 0 0 1 
0 1 0 0 0 0 
0 0 0 0 1 0 
0 0 0 0 1 0 
1 0 0 0 0 1 
0 0 0 0 1 0 
0 1 0 0 0 0 
0 0 0 1 0 0 
0 0 0 1 0 0 
1 0 0 0 0 0 
0 0 0 0 1 0 
0 1 0 0 0 0 
0 0 0 0 0 1 
0 1 0 0 0 0 
0 0 1 0 1 0 
0 0 0 0 1 0 
0 0 1 0 0 1 
0 0 0 0 0 1 
0 0 0 0 1 0 
0 1 0 0 0 0 
0 0 0 0 0 1 
0 0 0 1 0 0 
0 1 0 0 1 0 
0 0 1 1 0 0 
0 0 0 0 0 1 
1 0 0 0 0 0 
0 0 0 0 1 0 
0 0 1 0 1 0 
1 0 0 1 0 0 
0 1 0 0 0 0 
0 1 0 0 0 1 
0 1 0 1 0 0 
0 0 0 0 1 0 
0 0 1 0 0 0 
1 0 0 0 1 0 
0 0 0 0 1 0 
0 0 0 1 0 0 
0 0 0 0 0 1 
0 0 0 1 0 0 
0 1 0 0 0 0 
0 0 0 0 0 1 
0 1 0 1 0 0 
0 0 0 1 0 0 
0 0 1 0 0 0 
1 0 0 0 0 0 
0 0 1 0 0 0 
1 0 0 0 0 0 
1 0 0 0 0 0 
0 0 1 1 0 0 
0 0 0 0 0 1 
0 1 0 0 0 0 
0 0 0 0 0 1 
0 0 0 1 0 0 
0 0 1 0 0 0 
0 0 0 0 1 0 
0 0 1 0 0 1 
0 0 0 1 0 0 
0 0 1 1 0 0 
0 0 0 1 0 0 
0 1 0 0 0 0 
0 0 1 0 0 1 
1 0 0 0 0 1 
0 1 0 0 0 1 
0 0 1 0 0 0 
0 0 1 1 0 0 
0 0 0 0 0 1 
1 1 1 1 1 1 
DS
2 3 7 9 10 11 15 25 27 33 34 38 39 41 42 45 52 59 66 68 71 72 73 75 
a
1 1 1 0 0 0 
0 0 1 0 0 0 
0 1 0 0 0 0 
1 0 0 0 0 0 
1 1 0 0 0 0 
1 1 1 0 0 0 
0 1 1 0 0 0 
0 0 0 0 1 1 
0 0 0 1 1 1 
0 0 0 1 1 1 
0 0 0 1 0 0 
0 0 0 1 1 0 
0 0 0 1 1 1 
0 0 0 1 1 1 
0 0 0 0 1 1 
x
-30.098 -30.0047 -30.0137 -30.1292 -29.9993 -30.0106 -30.0321 -30.0878 -29.9837 -30.0409 -30.0535 -30.0789 -30.037 -29.9811 -30.0062 -30.0471 -29.9944 -30.0175 -30.0276 -30.024 -30.0258 -30.105 -30.0981 -30.0858 -30.0237 -30.065 -30.1481 -29.9951 -29.9969 -30.0329 -30.0127 -30.0545 -29.9798 -30.0604 -30.0325 -30.033 -30.171 -30.0248 -30.075 -30.0543 -30.1157 -30.1031 -29.9832 -30.0521 -30.0358 -30.0214 -30.0349 -30.0359 -30.1021 -30.0888 -30.0219 -30.0235 -29.993 -30.0289 -29.994 -30.1116 -30.224 -30.0316 -30.0122 -30.1374 -30.0358 -30.0062 -30.1543 -29.9726 -29.9971 -30.0036 -30.1572 -30.1384 -30.0368 -29.9839 -29.9884 -30.098 -30.0354 -30.0728 -30.0273 -30.0034 -30.098
y
-51.1539 -51.1948 -51.2038 -51.2065 -51.1357 -51.1988 -51.1169 -51.1874 -51.1945 -51.1217 -51.153 -51.1904 -51.1632 -51.126 -51.173 -51.1985 -51.1467 -51.1347 -51.1803 -51.2023 -51.1483 -51.1334 -51.1348 -51.2325 -51.172 -51.1914 -51.2213 -51.1104 -51.2026 -51.1027 -51.1983 -51.1947 -51.1738 -51.1501 -51.1487 -51.1029 -51.1507 -51.1468 -51.2039 -51.1915 -51.1767 -51.2413 -51.2237 -51.2184 -51.1885 -51.1702 -51.1642 -51.1631 -51.2386 -51.2246 -51.1316 -51.1435 -51.1205 -51.1173 -51.1471 -51.2437 -51.0662 -51.1446 -51.1695 -51.2122 -51.2031 -51.1972 -51.2027 -51.1799 -51.1257 -51.1466 -51.1992 -51.2269 -51.2216 -51.1937 -51.1345 -51.1539 -51.1192 -51.2224 -51.1496 -51.0956 -51.1539
d
0.00000 27.00000 25.00000 19.00000 28.00000 25.00000 23.00000 10.00000 31.00000 21.00000 18.00000 15.00000 21.00000 32.00000 27.00000 20.00000 31.00000 25.00000 22.00000 24.00000 22.00000 6.00000 7.00000 20.00000 24.00000 18.00000 24.00000 29.00000 29.00000 26.00000 25.00000 19.00000 32.00000 14.00000 21.00000 26.00000 22.00000 23.00000 14.00000 20.00000 9.00000 22.00000 32.00000 20.00000 24.00000 24.00000 22.00000 21.00000 21.00000 18.00000 24.00000 22.00000 30.00000 23.00000 32.00000 23.00000 37.00000 20.00000 26.00000 23.00000 21.00000 26.00000 24.00000 33.00000 28.00000 28.00000 22.00000 22.00000 22.00000 30.00000 32.00000 0.00000 21.00000 19.00000 22.00000 30.00000 0.00000
28.00000 0.00000 5.00000 28.00000 10.00000 3.00000 19.00000 19.00000 5.00000 17.00000 17.00000 19.00000 11.00000 15.00000 5.00000 10.00000 12.00000 12.00000 7.00000 7.00000 12.00000 25.00000 23.00000 21.00000 8.00000 14.00000 31.00000 18.00000 4.00000 21.00000 3.00000 12.00000 7.00000 17.00000 11.00000 21.00000 39.00000 12.00000 18.00000 11.00000 27.00000 23.00000 10.00000 12.00000 8.00000 8.00000 11.00000 11.00000 22.00000 20.00000 13.00000 13.00000 14.00000 17.00000 13.00000 25.00000 55.00000 13.00000 7.00000 31.00000 10.00000 2.00000 32.00000 8.00000 12.00000 10.00000 33.00000 28.00000 11.00000 5.00000 13.00000 28.00000 18.00000 16.00000 11.00000 19.00000 28.00000
25.00000 4.00000 0.00000 25.00000 12.00000 2.00000 19.00000 16.00000 6.00000 16.00000 16.00000 16.00000 11.00000 17.00000 8.00000 7.00000 15.00000 14.00000 6.00000 4.00000 13.00000 24.00000 23.00000 17.00000 7.00000 11.00000 27.00000 20.00000 5.00000 22.00000 2.00000 8.00000 9.00000 16.00000 12.00000 22.00000 36.00000 13.00000 14.00000 8.00000 24.00000 20.00000 11.00000 9.00000 8.00000 7.00000 11.00000 11.00000 19.00000 17.00000 15.00000 14.00000 17.00000 18.00000 15.00000 22.00000 51.00000 13.00000 7.00000 27.00000 6.00000 3.00000 29.00000 10.00000 15.00000 12.00000 30.00000 24.00000 8.00000 6.00000 15.00000 25.00000 17.00000 13.00000 12.00000 21.00000 25.00000
19.00000 27.00000 25.00000 0.00000 33.00000 25.00000 31.00000 16.00000 31.00000 28.00000 24.00000 17.00000 24.00000 37.00000 28.00000 20.00000 36.00000 31.00000 23.00000 24.00000 27.00000 22.00000 23.00000 12.00000 24.00000 18.00000 11.00000 36.00000 29.00000 33.00000 25.00000 19.00000 32.00000 23.00000 25.00000 33.00000 17.00000 27.00000 12.00000 20.00000 11.00000 11.00000 32.00000 20.00000 24.00000 24.00000 24.00000 24.00000 10.00000 10.00000 31.00000 28.00000 36.00000 31.00000 36.00000 11.00000 32.00000 26.00000 26.00000 7.00000 22.00000 26.00000 10.00000 33.00000 34.00000 33.00000 11.00000 8.00000 22.00000 30.00000 36.00000 19.00000 29.00000 15.00000 26.00000 37.00000 19.00000
28.00000 11.00000 14.00000 35.00000 0.00000 13.00000 11.00000 26.00000 13.00000 10.00000 16.00000 25.00000 13.00000 6.00000 8.00000 17.00000 4.00000 6.00000 12.00000 14.00000 9.00000 25.00000 23.00000 27.00000 11.00000 20.00000 37.00000 9.00000 12.00000 13.00000 13.00000 19.00000 14.00000 15.00000 10.00000 13.00000 45.00000 8.00000 24.00000 18.00000 33.00000 30.00000 17.00000 19.00000 14.00000 10.00000 12.00000 12.00000 29.00000 26.00000 7.00000 7.00000 5.00000 9.00000 4.00000 31.00000 54.00000 9.00000 7.00000 37.00000 17.00000 12.00000 39.00000 15.00000 3.00000 4.00000 39.00000 34.00000 20.00000 12.00000 5.00000 28.00000 10.00000 23.00000 10.00000 11.00000 28.00000
28.00000 3.00000 5.00000 28.00000 12.00000 0.00000 19.00000 19.00000 6.00000 17.00000 17.00000 19.00000 12.00000 16.00000 7.00000 10.00000 15.00000 13.00000 8.00000 7.00000 12.00000 25.00000 24.00000 20.00000 9.00000 14.00000 30.00000 19.00000 5.00000 21.00000 2.00000 12.00000 9.00000 18.00000 12.00000 21.00000 39.00000 12.00000 17.00000 11.00000 27.00000 23.00000 10.00000 12.00000 9.00000 8.00000 11.00000 11.00000 22.00000 20.00000 14.00000 13.00000 16.00000 17.00000 15.00000 25.00000 54.00000 13.00000 7.00000 30.00000 10.00000 2.00000 32.00000 10.00000 14.00000 12.00000 33.00000 28.00000 11.00000 6.00000 15.00000 28.00000 18.00000 16.00000 11.00000 20.00000 28.00000
23.00000 18.00000 19.00000 33.00000 11.00000 19.00000 0.00000 24.00000 21.00000 5.00000 11.00000 23.00000 11.00000 14.00000 15.00000 17.00000 13.00000 9.00000 14.00000 19.00000 12.00000 20.00000 19.00000 26.00000 15.00000 18.00000 35.00000 10.00000 20.00000 7.00000 19.00000 19.00000 23.00000 11.00000 10.00000 7.00000 41.00000 12.00000 23.00000 18.00000 28.00000 27.00000 25.00000 21.00000 15.00000 15.00000 11.00000 11.00000 27.00000 24.00000 9.00000 11.00000 11.00000 3.00000 13.00000 29.00000 49.00000 10.00000 14.00000 35.00000 17.00000 18.00000 37.00000 23.00000 10.00000 12.00000 37.00000 32.00000 22.00000 21.00000 13.00000 23.00000 3.00000 25.00000 11.00000 11.00000 23.00000
10.00000 18.00000 16.00000 17.00000 24.00000 16.00000 22.00000 0.00000 21.00000 20.00000 16.00000 6.00000 16.00000 28.00000 19.00000 11.00000 27.00000 22.00000 14.00000 15.00000 18.00000 13.00000 14.00000 11.00000 16.00000 9.00000 20.00000 28.00000 20.00000 25.00000 16.00000 10.00000 23.00000 15.00000 17.00000 25.00000 21.00000 18.00000 5.00000 11.00000 8.00000 13.00000 23.00000 11.00000 15.00000 16.00000 16.00000 16.00000 12.00000 9.00000 22.00000 19.00000 28.00000 22.00000 28.00000 14.00000 36.00000 18.00000 18.00000 20.00000 12.00000 17.00000 22.00000 24.00000 25.00000 24.00000 21.00000 17.00000 13.00000 21.00000 28.00000 10.00000 20.00000 10.00000 17.00000 29.00000 10.00000
31.00000 6.00000 7.00000 32.00000 13.00000 7.00000 22.00000 22.00000 0.00000 21.00000 20.00000 22.00000 15.00000 17.00000 8.00000 14.00000 15.00000 16.00000 11.00000 10.00000 15.00000 28.00000 27.00000 23.00000 12.00000 18.00000 34.00000 18.00000 4.00000 25.00000 8.00000 15.00000 9.00000 21.00000 15.00000 25.00000 42.00000 16.00000 21.00000 15.00000 30.00000 26.00000 10.00000 15.00000 12.00000 12.00000 14.00000 15.00000 25.00000 23.00000 17.00000 16.00000 17.00000 20.00000 16.00000 27.00000 58.00000 16.00000 10.00000 34.00000 13.00000 6.00000 35.00000 5.00000 15.00000 13.00000 36.00000 31.00000 13.00000 1.00000 16.00000 31.00000 21.00000 20.00000 15.00000 19.00000 31.00000
21.00000 16.00000 17.00000 30.00000 11.00000 17.00000 5.00000 21.00000 20.00000 0.00000 9.00000 20.00000 8.00000 13.00000 15.00000 15.00000 13.00000 8.00000 11.00000 17.00000 9.00000 18.00000 16.00000 24.00000 13.00000 16.00000 33.00000 10.00000 19.00000 7.00000 17.00000 16.00000 21.00000 8.00000 8.00000 7.00000 39.00000 9.00000 20.00000 16.00000 26.00000 25.00000 24.00000 18.00000 13.00000 13.00000 9.00000 8.00000 24.00000 22.00000 8.00000 9.00000 11.00000 5.00000 13.00000 27.00000 47.00000 7.00000 14.00000 33.00000 14.00000 18.00000 34.00000 22.00000 10.00000 12.00000 35.00000 30.00000 20.00000 19.00000 13.00000 21.00000 3.00000 23.00000 9.00000 11.00000 21.00000
17.00000 16.00000 17.00000 26.00000 15.00000 17.00000 12.00000 17.00000 19.00000 9.00000 0.00000 16.00000 8.00000 19.00000 15.00000 12.00000 18.00000 12.00000 11.00000 17.00000 9.00000 14.00000 13.00000 20.00000 13.00000 12.00000 29.00000 17.00000 19.00000 14.00000 16.00000 12.00000 21.00000 5.00000 8.00000 14.00000 35.00000 9.00000 16.00000 13.00000 23.00000 21.00000 24.00000 15.00000 13.00000 13.00000 9.00000 8.00000 20.00000 18.00000 12.00000 10.00000 18.00000 12.00000 18.00000 23.00000 48.00000 8.00000 14.00000 29.00000 14.00000 17.00000 30.00000 21.00000 16.00000 15.00000 31.00000 26.00000 17.00000 19.00000 18.00000 17.00000 10.00000 19.00000 8.00000 18.00000 17.00000
15.00000 18.00000 17.00000 19.00000 23.00000 17.00000 21.00000 6.00000 21.00000 18.00000 14.00000 0.00000 14.00000 27.00000 18.00000 11.00000 26.00000 21.00000 13.00000 15.00000 17.00000 19.00000 19.00000 12.00000 14.00000 7.00000 21.00000 26.00000 20.00000 23.00000 17.00000 10.00000 22.00000 13.00000 15.00000 23.00000 26.00000 17.00000 6.00000 10.00000 14.00000 14.00000 24.00000 11.00000 14.00000 14.00000 14.00000 14.00000 13.00000 10.00000 21.00000 18.00000 26.00000 21.00000 26.00000 15.00000 41.00000 16.00000 16.00000 21.00000 13.00000 18.00000 23.00000 23.00000 24.00000 23.00000 23.00000 18.00000 13.00000 21.00000 26.00000 15.00000 19.00000 10.00000 16.00000 27.00000 15.00000
21.00000 11.00000 12.00000 25.00000 12.00000 12.00000 11.00000 16.00000 14.00000 9.00000 9.00000 15.00000 0.00000 16.00000 9.00000 9.00000 15.00000 11.00000 6.00000 11.00000 7.00000 18.00000 17.00000 19.00000 7.00000 11.00000 28.00000 17.00000 13.00000 14.00000 11.00000 11.00000 15.00000 9.00000 5.00000 14.00000 36.00000 7.00000 15.00000 11.00000 24.00000 20.00000 18.00000 13.00000 7.00000 7.00000 2.00000 1.00000 19.00000 17.00000 11.00000 8.00000 15.00000 11.00000 15.00000 22.00000 52.00000 6.00000 8.00000 28.00000 9.00000 12.00000 29.00000 16.00000 13.00000 12.00000 30.00000 25.00000 14.00000 14.00000 15.00000 21.00000 9.00000 18.00000 6.00000 18.00000 21.00000
32.00000 15.00000 17.00000 38.00000 6.00000 16.00000 15.00000 29.00000 17.00000 14.00000 20.00000 28.00000 16.00000 0.00000 12.00000 21.00000 8.00000 10.00000 15.00000 17.00000 13.00000 29.00000 27.00000 31.00000 14.00000 24.00000 40.00000 10.00000 16.00000 17.00000 16.00000 22.00000 18.00000 19.00000 14.00000 17.00000 49.00000 12.00000 28.00000 22.00000 37.00000 33.00000 21.00000 22.00000 18.00000 14.00000 15.00000 16.00000 32.00000 30.00000 11.00000 11.00000 7.00000 13.00000 8.00000 35.00000 57.00000 13.00000 11.00000 40.00000 20.00000 15.00000 42.00000 17.00000 5.00000 8.00000 43.00000 38.00000 23.00000 16.00000 4.00000 32.00000 14.00000 27.00000 13.00000 12.00000 32.00000
27.00000 5.00000 8.00000 30.00000 8.00000 6.00000 16.00000 21.00000 8.00000 14.00000 14.00000 21.00000 9.00000 12.00000 0.00000 12.00000 10.00000 10.00000 8.00000 9.00000 9.00000 24.00000 23.00000 22.00000 7.00000 16.00000 33.00000 15.00000 8.00000 18.00000 6.00000 14.00000 10.00000 14.00000 9.00000 18.00000 41.00000 9.00000 20.00000 13.00000 29.00000 25.00000 13.00000 14.00000 10.00000 6.00000 8.00000 8.00000 24.00000 22.00000 10.00000 10.00000 12.00000 14.00000 10.00000 27.00000 56.00000 10.00000 4.00000 33.00000 12.00000 5.00000 34.00000 10.00000 10.00000 7.00000 35.00000 30.00000 13.00000 8.00000 11.00000 27.00000 15.00000 18.00000 8.00000 16.00000 27.00000
20.00000 11.00000 9.00000 20.00000 18.00000 8.00000 17.00000 11.00000 14.00000 15.00000 11.00000 11.00000 10.00000 22.00000 13.00000 0.00000 21.00000 17.00000 8.00000 7.00000 13.00000 18.00000 17.00000 13.00000 9.00000 5.00000 22.00000 23.00000 13.00000 20.00000 8.00000 3.00000 16.00000 10.00000 12.00000 20.00000 31.00000 13.00000 9.00000 2.00000 18.00000 15.00000 16.00000 5.00000 5.00000 9.00000 11.00000 11.00000 14.00000 11.00000 17.00000 14.00000 21.00000 17.00000 21.00000 16.00000 46.00000 13.00000 11.00000 22.00000 5.00000 9.00000 24.00000 17.00000 19.00000 18.00000 24.00000 19.00000 7.00000 13.00000 21.00000 20.00000 15.00000 10.00000 12.00000 24.00000 20.00000
31.00000 10.00000 14.00000 35.00000 8.00000 12.00000 17.00000 26.00000 12.00000 16.00000 18.00000 25.00000 13.00000 12.00000 7.00000 18.00000 0.00000 11.00000 12.00000 14.00000 13.00000 28.00000 27.00000 28.00000 11.00000 21.00000 38.00000 15.00000 11.00000 20.00000 12.00000 19.00000 13.00000 18.00000 13.00000 20.00000 46.00000 12.00000 25.00000 19.00000 34.00000 30.00000 16.00000 19.00000 15.00000 10.00000 12.00000 12.00000 29.00000 27.00000 12.00000 12.00000 12.00000 15.00000 1.00000 32.00000 61.00000 14.00000 8.00000 38.00000 17.00000 11.00000 39.00000 14.00000 10.00000 7.00000 40.00000 35.00000 19.00000 12.00000 11.00000 31.00000 17.00000 24.00000 12.00000 17.00000 31.00000
24.00000 13.00000 15.00000 33.00000 6.00000 14.00000 9.00000 24.00000 16.00000 8.00000 12.00000 24.00000 11.00000 10.00000 10.00000 17.00000 9.00000 0.00000 13.00000 15.00000 6.00000 21.00000 20.00000 27.00000 12.00000 19.00000 36.00000 10.00000 15.00000 11.00000 14.00000 18.00000 17.00000 12.00000 7.00000 11.00000 42.00000 5.00000 23.00000 18.00000 29.00000 28.00000 20.00000 20.00000 14.00000 11.00000 11.00000 11.00000 27.00000 25.00000 2.00000 4.00000 9.00000 7.00000 9.00000 30.00000 53.00000 5.00000 9.00000 36.00000 17.00000 13.00000 37.00000 18.00000 7.00000 7.00000 38.00000 33.00000 21.00000 16.00000 9.00000 24.00000 8.00000 25.00000 6.00000 11.00000 24.00000
24.00000 7.00000 7.00000 25.00000 12.00000 7.00000 16.00000 16.00000 10.00000 13.00000 13.00000 15.00000 7.00000 16.00000 7.00000 6.00000 15.00000 12.00000 0.00000 7.00000 9.00000 21.00000 20.00000 18.00000 3.00000 10.00000 27.00000 18.00000 9.00000 18.00000 7.00000 7.00000 11.00000 13.00000 7.00000 18.00000 36.00000 9.00000 14.00000 7.00000 24.00000 20.00000 14.00000 10.00000 3.00000 3.00000 6.00000 7.00000 19.00000 16.00000 13.00000 10.00000 15.00000 16.00000 15.00000 21.00000 51.00000 9.00000 5.00000 27.00000 6.00000 8.00000 29.00000 12.00000 13.00000 12.00000 29.00000 24.00000 11.00000 9.00000 15.00000 24.00000 14.00000 15.00000 8.00000 19.00000 24.00000
23.00000 6.00000 4.00000 24.00000 14.00000 4.00000 19.00000 14.00000 9.00000 16.00000 16.00000 15.00000 11.00000 18.00000 9.00000 6.00000 17.00000 15.00000 6.00000 0.00000 13.00000 23.00000 21.00000 16.00000 7.00000 10.00000 26.00000 21.00000 8.00000 21.00000 4.00000 7.00000 11.00000 15.00000 12.00000 22.00000 34.00000 13.00000 13.00000 7.00000 22.00000 18.00000 13.00000 7.00000 7.00000 7.00000 10.00000 11.00000 18.00000 15.00000 16.00000 14.00000 18.00000 19.00000 17.00000 20.00000 50.00000 13.00000 8.00000 26.00000 5.00000 5.00000 28.00000 12.00000 16.00000 14.00000 28.00000 23.00000 8.00000 9.00000 17.00000 23.00000 17.00000 12.00000 12.00000 22.00000 23.00000
22.00000 11.00000 14.00000 29.00000 8.00000 12.00000 12.00000 20.00000 15.00000 9.00000 9.00000 19.00000 6.00000 12.00000 8.00000 12.00000 11.00000 6.00000 8.00000 13.00000 0.00000 19.00000 18.00000 22.00000 8.00000 14.00000 31.00000 15.00000 14.00000 14.00000 12.00000 14.00000 16.00000 9.00000 3.00000 15.00000 40.00000 2.00000 19.00000 13.00000 27.00000 24.00000 19.00000 16.00000 9.00000 8.00000 6.00000 6.00000 23.00000 20.00000 6.00000 3.00000 12.00000 11.00000 12.00000 25.00000 53.00000 3.00000 7.00000 31.00000 12.00000 12.00000 33.00000 17.00000 9.00000 8.00000 33.00000 28.00000 18.00000 14.00000 11.00000 22.00000 10.00000 21.00000 2.00000 15.00000 22.00000
6.00000 24.00000 25.00000 22.00000 25.00000 25.00000 20.00000 13.00000 27.00000 18.00000 14.00000 19.00000 18.00000 29.00000 24.00000 18.00000 28.00000 22.00000 19.00000 24.00000 19.00000 0.00000 6.00000 24.00000 21.00000 18.00000 28.00000 26.00000 27.00000 23.00000 24.00000 18.00000 28.00000 11.00000 18.00000 23.00000 24.00000 19.00000 18.00000 18.00000 11.00000 26.00000 31.00000 21.00000 21.00000 21.00000 19.00000 18.00000 25.00000 22.00000 20.00000 19.00000 27.00000 20.00000 29.00000 26.00000 38.00000 17.00000 23.00000 26.00000 21.00000 25.00000 26.00000 29.00000 25.00000 25.00000 24.00000 25.00000 23.00000 27.00000 29.00000 6.00000 18.00000 23.00000 18.00000 27.00000 6.00000
7.00000 23.00000 24.00000 23.00000 24.00000 24.00000 19.00000 14.00000 26.00000 16.00000 13.00000 19.00000 17.00000 28.00000 23.00000 17.00000 27.00000 20.00000 18.00000 22.00000 18.00000 6.00000 0.00000 24.00000 19.00000 16.00000 28.00000 24.00000 25.00000 22.00000 23.00000 16.00000 27.00000 10.00000 16.00000 22.00000 25.00000 18.00000 19.00000 17.00000 12.00000 25.00000 30.00000 20.00000 19.00000 19.00000 18.00000 17.00000 25.00000 22.00000 19.00000 18.00000 26.00000 19.00000 27.00000 27.00000 39.00000 16.00000 21.00000 26.00000 19.00000 24.00000 27.00000 28.00000 24.00000 24.00000 25.00000 26.00000 22.00000 26.00000 27.00000 7.00000 17.00000 23.00000 17.00000 25.00000 7.00000
21.00000 21.00000 18.00000 13.00000 28.00000 19.00000 26.00000 12.00000 23.00000 24.00000 20.00000 12.00000 20.00000 32.00000 23.00000 14.00000 31.00000 26.00000 18.00000 18.00000 22.00000 25.00000 24.00000 0.00000 20.00000 13.00000 15.00000 32.00000 21.00000 29.00000 19.00000 14.00000 26.00000 19.00000 21.00000 29.00000 24.00000 22.00000 8.00000 15.00000 17.00000 7.00000 24.00000 11.00000 18.00000 20.00000 20.00000 20.00000 7.00000 3.00000 26.00000 23.00000 32.00000 26.00000 32.00000 9.00000 39.00000 22.00000 22.00000 15.00000 15.00000 20.00000 17.00000 26.00000 29.00000 28.00000 17.00000 12.00000 13.00000 23.00000 31.00000 21.00000 24.00000 6.00000 21.00000 33.00000 21.00000
24.00000 8.00000 8.00000 28.00000 11.00000 8.00000 14.00000 18.00000 12.00000 12.00000 11.00000 18.00000 5.00000 15.00000 6.00000 9.00000 14.00000 11.00000 4.00000 8.00000 7.00000 21.00000 20.00000 21.00000 0.00000 12.00000 30.00000 17.00000 11.00000 17.00000 8.00000 10.00000 13.00000 12.00000 6.00000 17.00000 38.00000 8.00000 17.00000 10.00000 26.00000 22.00000 16.00000 12.00000 6.00000 2.00000 5.00000 5.00000 22.00000 19.00000 12.00000 9.00000 14.00000 14.00000 14.00000 24.00000 54.00000 7.00000 4.00000 30.00000 9.00000 9.00000 32.00000 14.00000 12.00000 11.00000 32.00000 27.00000 14.00000 11.00000 14.00000 24.00000 12.00000 17.00000 7.00000 18.00000 24.00000
17.00000 15.00000 13.00000 17.00000 20.00000 12.00000 18.00000 8.00000 18.00000 16.00000 12.00000 7.00000 12.00000 24.00000 15.00000 6.00000 23.00000 18.00000 10.00000 11.00000 14.00000 16.00000 15.00000 11.00000 12.00000 0.00000 20.00000 24.00000 16.00000 21.00000 12.00000 4.00000 19.00000 9.00000 13.00000 21.00000 28.00000 14.00000 7.00000 5.00000 16.00000 12.00000 20.00000 7.00000 9.00000 12.00000 12.00000 12.00000 11.00000 9.00000 18.00000 15.00000 24.00000 18.00000 24.00000 14.00000 44.00000 14.00000 14.00000 19.00000 8.00000 14.00000 21.00000 20.00000 22.00000 20.00000 22.00000 17.00000 10.00000 17.00000 24.00000 17.00000 16.00000 9.00000 13.00000 25.00000 17.00000
25.00000 31.00000 29.00000 9.00000 36.00000 29.00000 34.00000 20.00000 34.00000 32.00000 28.00000 21.00000 28.00000 40.00000 31.00000 23.00000 39.00000 34.00000 26.00000 28.00000 30.00000 28.00000 28.00000 15.00000 28.00000 21.00000 0.00000 40.00000 32.00000 37.00000 29.00000 23.00000 36.00000 27.00000 29.00000 37.00000 15.00000 31.00000 16.00000 23.00000 17.00000 13.00000 36.00000 24.00000 27.00000 28.00000 28.00000 28.00000 12.00000 14.00000 34.00000 32.00000 40.00000 34.00000 40.00000 13.00000 31.00000 30.00000 30.00000 5.00000 25.00000 30.00000 6.00000 36.00000 38.00000 36.00000 7.00000 5.00000 26.00000 34.00000 40.00000 25.00000 32.00000 19.00000 30.00000 41.00000 25.00000
29.00000 18.00000 20.00000 38.00000 9.00000 19.00000 12.00000 29.00000 20.00000 10.00000 17.00000 29.00000 16.00000 10.00000 15.00000 23.00000 11.00000 11.00000 18.00000 20.00000 16.00000 26.00000 24.00000 32.00000 17.00000 24.00000 41.00000 0.00000 19.00000 14.00000 19.00000 24.00000 19.00000 16.00000 16.00000 14.00000 47.00000 15.00000 28.00000 24.00000 34.00000 33.00000 23.00000 25.00000 21.00000 17.00000 17.00000 16.00000 32.00000 30.00000 11.00000 14.00000 7.00000 9.00000 11.00000 35.00000 52.00000 15.00000 14.00000 41.00000 22.00000 18.00000 42.00000 17.00000 7.00000 11.00000 43.00000 38.00000 25.00000 19.00000 9.00000 29.00000 11.00000 30.00000 16.00000 6.00000 29.00000
29.00000 5.00000 6.00000 29.00000 12.00000 6.00000 21.00000 20.00000 5.00000 20.00000 20.00000 20.00000 14.00000 17.00000 7.00000 12.00000 14.00000 15.00000 10.00000 8.00000 14.00000 28.00000 26.00000 21.00000 11.00000 16.00000 32.00000 18.00000 0.00000 24.00000 6.00000 13.00000 9.00000 20.00000 14.00000 24.00000 40.00000 15.00000 19.00000 13.00000 28.00000 24.00000 8.00000 13.00000 11.00000 11.00000 13.00000 14.00000 23.00000 21.00000 16.00000 15.00000 16.00000 19.00000 15.00000 25.00000 56.00000 15.00000 9.00000 32.00000 11.00000 4.00000 33.00000 8.00000 14.00000 12.00000 34.00000 29.00000 11.00000 4.00000 15.00000 29.00000 20.00000 18.00000 14.00000 20.00000 29.00000
26.00000 21.00000 22.00000 36.00000 14.00000 22.00000 7.00000 27.00000 24.00000 7.00000 14.00000 26.00000 14.00000 17.00000 18.00000 20.00000 16.00000 11.00000 17.00000 22.00000 14.00000 23.00000 22.00000 29.00000 18.00000 21.00000 38.00000 13.00000 23.00000 0.00000 22.00000 22.00000 25.00000 13.00000 13.00000 1.00000 41.00000 15.00000 25.00000 21.00000 31.00000 30.00000 28.00000 24.00000 18.00000 18.00000 14.00000 14.00000 30.00000 27.00000 12.00000 14.00000 14.00000 7.00000 16.00000 32.00000 48.00000 13.00000 17.00000 38.00000 20.00000 21.00000 40.00000 26.00000 13.00000 15.00000 40.00000 35.00000 25.00000 24.00000 16.00000 26.00000 7.00000 28.00000 14.00000 11.00000 26.00000
26.00000 3.00000 4.00000 27.00000 12.00000 1.00000 19.00000 17.00000 7.00000 17.00000 17.00000 18.00000 12.00000 16.00000 7.00000 9.00000 15.00000 13.00000 7.00000 5.00000 12.00000 25.00000 23.00000 19.00000 7.00000 13.00000 29.00000 19.00000 5.00000 21.00000 0.00000 10.00000 9.00000 17.00000 12.00000 22.00000 37.00000 13.00000 16.00000 10.00000 25.00000 22.00000 11.00000 10.00000 8.00000 7.00000 11.00000 12.00000 21.00000 18.00000 14.00000 13.00000 16.00000 17.00000 15.00000 23.00000 53.00000 13.00000 8.00000 29.00000 8.00000 2.00000 31.00000 10.00000 14.00000 12.00000 31.00000 26.00000 10.00000 6.00000 15.00000 26.00000 18.00000 15.00000 12.00000 20.00000 26.00000
19.00000 13.00000 11.00000 19.00000 19.00000 11.00000 17.00000 10.00000 16.00000 14.00000 10.00000 9.00000 10.00000 23.00000 14.00000 4.00000 22.00000 17.00000 9.00000 9.00000 13.00000 17.00000 16.00000 13.00000 10.00000 4.00000 22.00000 22.00000 15.00000 19.00000 10.00000 0.00000 18.00000 9.00000 11.00000 19.00000 30.00000 13.00000 9.00000 1.00000 18.00000 14.00000 18.00000 6.00000 7.00000 10.00000 10.00000 10.00000 13.00000 11.00000 17.00000 14.00000 22.00000 17.00000 22.00000 16.00000 46.00000 12.00000 12.00000 22.00000 6.00000 12.00000 23.00000 19.00000 20.00000 19.00000 24.00000 19.00000 8.00000 15.00000 22.00000 19.00000 15.00000 10.00000 12.00000 23.00000 19.00000
34.00000 8.00000 11.00000 35.00000 15.00000 10.00000 22.00000 25.00000 10.00000 20.00000 23.00000 25.00000 17.00000 14.00000 10.00000 17.00000 17.00000 18.00000 13.00000 13.00000 18.00000 31.00000 29.00000 27.00000 14.00000 20.00000 37.00000 14.00000 8.00000 24.00000 10.00000 18.00000 0.00000 23.00000 17.00000 24.00000 45.00000 18.00000 24.00000 18.00000 33.00000 29.00000 14.00000 18.00000 14.00000 14.00000 17.00000 17.00000 29.00000 26.00000 19.00000 19.00000 14.00000 19.00000 17.00000 30.00000 61.00000 18.00000 13.00000 37.00000 16.00000 9.00000 39.00000 7.00000 13.00000 15.00000 39.00000 34.00000 17.00000 9.00000 14.00000 34.00000 21.00000 23.00000 17.00000 16.00000 34.00000
14.00000 15.00000 15.00000 23.00000 16.00000 15.00000 12.00000 14.00000 18.00000 9.00000 6.00000 14.00000 8.00000 20.00000 15.00000 9.00000 19.00000 13.00000 10.00000 14.00000 10.00000 11.00000 10.00000 17.00000 11.00000 9.00000 26.00000 17.00000 17.00000 15.00000 15.00000 9.00000 19.00000 0.00000 8.00000 15.00000 32.00000 10.00000 13.00000 10.00000 20.00000 18.00000 22.00000 13.00000 11.00000 11.00000 9.00000 9.00000 17.00000 15.00000 12.00000 11.00000 19.00000 12.00000 19.00000 20.00000 45.00000 9.00000 13.00000 26.00000 11.00000 16.00000 27.00000 20.00000 17.00000 16.00000 28.00000 23.00000 14.00000 17.00000 19.00000 14.00000 10.00000 16.00000 9.00000 18.00000 14.00000
21.00000 12.00000 13.00000 28.00000 9.00000 13.00000 10.00000 19.00000 15.00000 8.00000 8.00000 18.00000 5.00000 13.00000 9.00000 11.00000 12.00000 6.00000 7.00000 13.00000 3.00000 18.00000 16.00000 21.00000 7.00000 13.00000 30.00000 15.00000 14.00000 13.00000 12.00000 13.00000 16.00000 8.00000 0.00000 13.00000 38.00000 3.00000 17.00000 12.00000 26.00000 22.00000 19.00000 15.00000 8.00000 7.00000 5.00000 5.00000 22.00000 19.00000 7.00000 4.00000 12.00000 10.00000 12.00000 24.00000 51.00000 3.00000 8.00000 30.00000 11.00000 12.00000 32.00000 17.00000 10.00000 9.00000 32.00000 27.00000 17.00000 15.00000 12.00000 21.00000 8.00000 20.00000 2.00000 16.00000 21.00000
26.00000 21.00000 22.00000 36.00000 14.00000 22.00000 7.00000 27.00000 24.00000 7.00000 14.00000 26.00000 14.00000 17.00000 18.00000 20.00000 16.00000 12.00000 17.00000 22.00000 15.00000 23.00000 22.00000 29.00000 18.00000 21.00000 38.00000 13.00000 23.00000 1.00000 22.00000 22.00000 26.00000 13.00000 13.00000 0.00000 41.00000 15.00000 25.00000 21.00000 31.00000 30.00000 28.00000 24.00000 18.00000 18.00000 14.00000 14.00000 30.00000 27.00000 12.00000 14.00000 14.00000 7.00000 16.00000 32.00000 48.00000 13.00000 17.00000 38.00000 20.00000 21.00000 40.00000 26.00000 13.00000 15.00000 40.00000 35.00000 25.00000 24.00000 16.00000 26.00000 8.00000 28.00000 14.00000 11.00000 26.00000
22.00000 38.00000 36.00000 17.00000 44.00000 36.00000 41.00000 21.00000 41.00000 38.00000 35.00000 26.00000 35.00000 47.00000 38.00000 31.00000 47.00000 41.00000 34.00000 35.00000 37.00000 24.00000 24.00000 23.00000 35.00000 28.00000 15.00000 46.00000 40.00000 41.00000 36.00000 30.00000 43.00000 32.00000 36.00000 41.00000 0.00000 38.00000 23.00000 31.00000 13.00000 22.00000 43.00000 31.00000 34.00000 35.00000 35.00000 35.00000 21.00000 21.00000 41.00000 39.00000 47.00000 41.00000 47.00000 22.00000 16.00000 37.00000 37.00000 15.00000 32.00000 37.00000 12.00000 44.00000 45.00000 43.00000 10.00000 16.00000 33.00000 41.00000 47.00000 22.00000 39.00000 26.00000 37.00000 44.00000 22.00000
22.00000 12.00000 14.00000 30.00000 7.00000 13.00000 12.00000 21.00000 15.00000 9.00000 10.00000 20.00000 7.00000 11.00000 8.00000 13.00000 10.00000 5.00000 9.00000 14.00000 1.00000 19.00000 18.00000 23.00000 9.00000 15.00000 32.00000 14.00000 14.00000 14.00000 12.00000 14.00000 16.00000 9.00000 3.00000 14.00000 40.00000 0.00000 19.00000 14.00000 27.00000 24.00000 19.00000 17.00000 10.00000 8.00000 7.00000 7.00000 24.00000 21.00000 6.00000 2.00000 11.00000 11.00000 11.00000 26.00000 53.00000 3.00000 7.00000 32.00000 13.00000 12.00000 34.00000 17.00000 8.00000 8.00000 34.00000 29.00000 18.00000 15.00000 11.00000 22.00000 10.00000 22.00000 3.00000 14.00000 22.00000
14.00000 15.00000 13.00000 16.00000 21.00000 13.00000 19.00000 5.00000 19.00000 16.00000 12.00000 5.00000 12.00000 25.00000 16.00000 8.00000 24.00000 19.00000 11.00000 12.00000 15.00000 18.00000 17.00000 9.00000 12.00000 6.00000 18.00000 24.00000 17.00000 21.00000 13.00000 7.00000 20.00000 11.00000 13.00000 21.00000 25.00000 15.00000 0.00000 8.00000 13.00000 11.00000 20.00000 8.00000 12.00000 12.00000 12.00000 12.00000 10.00000 7.00000 19.00000 16.00000 24.00000 19.00000 24.00000 12.00000 40.00000 14.00000 14.00000 18.00000 10.00000 14.00000 20.00000 21.00000 22.00000 21.00000 20.00000 15.00000 10.00000 18.00000 24.00000 14.00000 17.00000 7.00000 14.00000 25.00000 14.00000
19.00000 12.00000 10.00000 19.00000 18.00000 10.00000 16.00000 10.00000 16.00000 13.00000 10.00000 9.00000 9.00000 22.00000 13.00000 4.00000 21.00000 16.00000 8.00000 9.00000 12.00000 16.00000 15.00000 12.00000 9.00000 4.00000 21.00000 21.00000 14.00000 18.00000 10.00000 2.00000 17.00000 8.00000 10.00000 19.00000 30.00000 12.00000 9.00000 0.00000 18.00000 14.00000 18.00000 7.00000 7.00000 9.00000 9.00000 9.00000 13.00000 10.00000 16.00000 13.00000 21.00000 16.00000 21.00000 15.00000 45.00000 11.00000 11.00000 21.00000 6.00000 11.00000 23.00000 18.00000 19.00000 18.00000 23.00000 18.00000 9.00000 15.00000 21.00000 19.00000 14.00000 11.00000 11.00000 22.00000 19.00000
9.00000 26.00000 24.00000 11.00000 32.00000 24.00000 29.00000 8.00000 29.00000 26.00000 23.00000 14.00000 23.00000 36.00000 27.00000 19.00000 35.00000 30.00000 22.00000 23.00000 26.00000 11.00000 12.00000 16.00000 24.00000 17.00000 17.00000 34.00000 28.00000 31.00000 24.00000 18.00000 31.00000 19.00000 25.00000 31.00000 13.00000 26.00000 13.00000 19.00000 0.00000 15.00000 31.00000 19.00000 23.00000 24.00000 23.00000 24.00000 14.00000 14.00000 29.00000 27.00000 35.00000 29.00000 35.00000 16.00000 29.00000 26.00000 26.00000 15.00000 20.00000 25.00000 15.00000 32.00000 33.00000 32.00000 13.00000 14.00000 21.00000 29.00000 35.00000 9.00000 27.00000 18.00000 25.00000 35.00000 9.00000
22.00000 24.00000 21.00000 11.00000 29.00000 22.00000 27.00000 13.00000 26.00000 25.00000 21.00000 14.00000 21.00000 33.00000 24.00000 16.00000 32.00000 27.00000 19.00000 21.00000 23.00000 26.00000 26.00000 7.00000 21.00000 14.00000 12.00000 33.00000 24.00000 30.00000 22.00000 16.00000 28.00000 20.00000 22.00000 30.00000 22.00000 24.00000 9.00000 16.00000 15.00000 0.00000 27.00000 14.00000 20.00000 21.00000 21.00000 21.00000 3.00000 7.00000 27.00000 25.00000 33.00000 27.00000 33.00000 3.00000 37.00000 23.00000 23.00000 12.00000 18.00000 23.00000 14.00000 29.00000 31.00000 29.00000 14.00000 9.00000 16.00000 25.00000 33.00000 22.00000 25.00000 11.00000 23.00000 34.00000 22.00000
32.00000 9.00000 11.00000 32.00000 16.00000 11.00000 26.00000 23.00000 10.00000 24.00000 24.00000 23.00000 19.00000 21.00000 12.00000 16.00000 19.00000 20.00000 14.00000 14.00000 19.00000 32.00000 31.00000 24.00000 16.00000 20.00000 34.00000 22.00000 9.00000 28.00000 11.00000 17.00000 13.00000 24.00000 19.00000 28.00000 43.00000 19.00000 21.00000 17.00000 30.00000 26.00000 0.00000 15.00000 16.00000 15.00000 18.00000 18.00000 26.00000 24.00000 21.00000 20.00000 21.00000 24.00000 19.00000 27.00000 58.00000 20.00000 14.00000 34.00000 16.00000 10.00000 36.00000 14.00000 18.00000 16.00000 36.00000 31.00000 14.00000 10.00000 19.00000 32.00000 25.00000 21.00000 18.00000 24.00000 32.00000
19.00000 14.00000 12.00000 20.00000 22.00000 12.00000 22.00000 10.00000 17.00000 20.00000 17.00000 11.00000 16.00000 25.00000 16.00000 7.00000 24.00000 22.00000 12.00000 10.00000 18.00000 22.00000 21.00000 10.00000 13.00000 9.00000 22.00000 28.00000 15.00000 25.00000 12.00000 8.00000 19.00000 15.00000 17.00000 25.00000 30.00000 18.00000 9.00000 8.00000 18.00000 14.00000 18.00000 0.00000 11.00000 13.00000 16.00000 16.00000 13.00000 11.00000 22.00000 19.00000 25.00000 22.00000 25.00000 16.00000 46.00000 18.00000 15.00000 22.00000 8.00000 13.00000 24.00000 20.00000 23.00000 22.00000 24.00000 19.00000 7.00000 17.00000 25.00000 19.00000 20.00000 6.00000 17.00000 29.00000 19.00000
23.00000 10.00000 8.00000 24.00000 15.00000 8.00000 15.00000 15.00000 13.00000 12.00000 12.00000 14.00000 8.00000 18.00000 9.00000 5.00000 18.00000 14.00000 5.00000 7.00000 10.00000 20.00000 19.00000 18.00000 6.00000 9.00000 27.00000 20.00000 12.00000 17.00000 8.00000 7.00000 14.00000 12.00000 9.00000 18.00000 35.00000 10.00000 14.00000 6.00000 23.00000 19.00000 17.00000 9.00000 0.00000 6.00000 7.00000 8.00000 18.00000 16.00000 14.00000 11.00000 18.00000 15.00000 18.00000 21.00000 51.00000 10.00000 8.00000 27.00000 5.00000 9.00000 28.00000 15.00000 16.00000 15.00000 29.00000 24.00000 10.00000 12.00000 18.00000 23.00000 13.00000 14.00000 9.00000 21.00000 23.00000
25.00000 8.00000 7.00000 27.00000 10.00000 7.00000 15.00000 18.00000 11.00000 12.00000 12.00000 18.00000 6.00000 14.00000 5.00000 8.00000 13.00000 10.00000 3.00000 7.00000 7.00000 22.00000 20.00000 21.00000 2.00000 12.00000 30.00000 16.00000 10.00000 17.00000 7.00000 10.00000 12.00000 12.00000 6.00000 17.00000 38.00000 7.00000 17.00000 10.00000 26.00000 22.00000 15.00000 12.00000 6.00000 0.00000 6.00000 6.00000 21.00000 19.00000 11.00000 8.00000 13.00000 14.00000 13.00000 24.00000 54.00000 8.00000 3.00000 30.00000 8.00000 8.00000 31.00000 13.00000 11.00000 10.00000 32.00000 27.00000 13.00000 10.00000 13.00000 25.00000 13.00000 17.00000 6.00000 17.00000 25.00000
22.00000 11.00000 12.00000 25.00000 12.00000 12.00000 12.00000 16.00000 14.00000 9.00000 9.00000 16.00000 2.00000 15.00000 9.00000 10.00000 14.00000 10.00000 6.00000 12.00000 6.00000 19.00000 17.00000 19.00000 6.00000 11.00000 28.00000 17.00000 14.00000 14.00000 11.00000 11.00000 16.00000 9.00000 5.00000 14.00000 36.00000 7.00000 15.00000 11.00000 24.00000 20.00000 19.00000 13.00000 8.00000 6.00000 0.00000 1.00000 19.00000 17.00000 11.00000 8.00000 15.00000 12.00000 15.00000 22.00000 52.00000 6.00000 8.00000 28.00000 9.00000 12.00000 29.00000 16.00000 13.00000 11.00000 30.00000 25.00000 15.00000 14.00000 15.00000 22.00000 10.00000 18.00000 6.00000 18.00000 22.00000
22.00000 11.00000 12.00000 25.00000 12.00000 12.00000 11.00000 16.00000 14.00000 9.00000 9.00000 16.00000 2.00000 16.00000 9.00000 9.00000 15.00000 11.00000 6.00000 12.00000 6.00000 19.00000 17.00000 19.00000 6.00000 11.00000 28.00000 17.00000 13.00000 14.00000 11.00000 11.00000 15.00000 9.00000 5.00000 14.00000 36.00000 7.00000 15.00000 11.00000 24.00000 20.00000 18.00000 13.00000 7.00000 6.00000 2.00000 0.00000 19.00000 17.00000 11.00000 8.00000 15.00000 11.00000 15.00000 22.00000 52.00000 6.00000 8.00000 28.00000 9.00000 12.00000 29.00000 16.00000 13.00000 12.00000 30.00000 25.00000 14.00000 14.00000 15.00000 22.00000 9.00000 18.00000 6.00000 18.00000 22.00000
22.00000 24.00000 21.00000 11.00000 29.00000 22.00000 27.00000 13.00000 26.00000 25.00000 21.00000 13.00000 21.00000 33.00000 24.00000 16.00000 32.00000 27.00000 19.00000 21.00000 23.00000 26.00000 25.00000 7.00000 21.00000 14.00000 12.00000 33.00000 23.00000 30.00000 22.00000 16.00000 28.00000 20.00000 22.00000 30.00000 22.00000 23.00000 9.00000 16.00000 15.00000 1.00000 27.00000 14.00000 20.00000 21.00000 21.00000 21.00000 0.00000 7.00000 27.00000 24.00000 33.00000 27.00000 33.00000 4.00000 37.00000 23.00000 23.00000 12.00000 18.00000 23.00000 14.00000 29.00000 30.00000 29.00000 14.00000 9.00000 16.00000 25.00000 33.00000 22.00000 25.00000 11.00000 22.00000 34.00000 22.00000
19.00000 20.00000 18.00000 11.00000 26.00000 18.00000 24.00000 9.00000 24.00000 21.00000 17.00000 10.00000 17.00000 30.00000 21.00000 13.00000 29.00000 24.00000 16.00000 17.00000 20.00000 22.00000 22.00000 3.00000 17.00000 11.00000 14.00000 29.00000 22.00000 26.00000 18.00000 12.00000 25.00000 16.00000 18.00000 26.00000 22.00000 20.00000 5.00000 13.00000 15.00000 6.00000 25.00000 13.00000 17.00000 17.00000 17.00000 17.00000 5.00000 0.00000 24.00000 21.00000 29.00000 24.00000 29.00000 8.00000 38.00000 19.00000 19.00000 14.00000 15.00000 19.00000 15.00000 26.00000 27.00000 26.00000 16.00000 11.00000 15.00000 23.00000 29.00000 19.00000 22.00000 7.00000 19.00000 30.00000 19.00000
23.00000 14.00000 16.00000 32.00000 7.00000 15.00000 9.00000 23.00000 17.00000 8.00000 11.00000 22.00000 10.00000 11.00000 11.00000 17.00000 10.00000 2.00000 13.00000 16.00000 6.00000 20.00000 18.00000 26.00000 13.00000 18.00000 35.00000 10.00000 16.00000 11.00000 15.00000 18.00000 18.00000 10.00000 7.00000 11.00000 41.00000 6.00000 22.00000 18.00000 28.00000 27.00000 21.00000 20.00000 14.00000 12.00000 11.00000 10.00000 26.00000 24.00000 0.00000 5.00000 10.00000 7.00000 10.00000 29.00000 53.00000 5.00000 10.00000 35.00000 16.00000 14.00000 36.00000 19.00000 8.00000 8.00000 37.00000 32.00000 22.00000 17.00000 10.00000 23.00000 9.00000 25.00000 7.00000 11.00000 23.00000
22.00000 12.00000 15.00000 31.00000 8.00000 13.00000 12.00000 22.00000 16.00000 9.00000 10.00000 21.00000 8.00000 11.00000 9.00000 14.00000 10.00000 4.00000 10.00000 14.00000 3.00000 19.00000 17.00000 24.00000 10.00000 16.00000 33.00000 13.00000 15.00000 14.00000 13.00000 16.00000 17.00000 9.00000 4.00000 14.00000 40.00000 2.00000 20.00000 15.00000 27.00000 25.00000 20.00000 18.00000 11.00000 9.00000 8.00000 8.00000 25.00000 22.00000 5.00000 0.00000 11.00000 10.00000 11.00000 27.00000 53.00000 3.00000 8.00000 33.00000 14.00000 13.00000 35.00000 18.00000 9.00000 8.00000 35.00000 30.00000 19.00000 15.00000 11.00000 22.00000 10.00000 23.00000 4.00000 13.00000 22.00000
30.00000 14.00000 17.00000 38.00000 6.00000 16.00000 13.00000 29.00000 16.00000 12.00000 18.00000 28.00000 16.00000 7.00000 12.00000 20.00000 8.00000 9.00000 15.00000 17.00000 13.00000 27.00000 26.00000 31.00000 14.00000 23.00000 40.00000 7.00000 15.00000 15.00000 16.00000 22.00000 18.00000 17.00000 14.00000 15.00000 48.00000 12.00000 28.00000 22.00000 35.00000 33.00000 20.00000 22.00000 18.00000 13.00000 15.00000 16.00000 32.00000 30.00000 9.00000 11.00000 0.00000 11.00000 8.00000 34.00000 54.00000 13.00000 11.00000 40.00000 20.00000 15.00000 42.00000 17.00000 3.00000 8.00000 42.00000 37.00000 23.00000 16.00000 6.00000 30.00000 12.00000 27.00000 13.00000 9.00000 30.00000
24.00000 17.00000 19.00000 33.00000 10.00000 18.00000 3.00000 24.00000 21.00000 5.00000 12.00000 23.00000 11.00000 13.00000 14.00000 18.00000 12.00000 8.00000 14.00000 19.00000 11.00000 21.00000 19.00000 27.00000 16.00000 19.00000 35.00000 9.00000 20.00000 7.00000 18.00000 19.00000 22.00000 11.00000 11.00000 7.00000 41.00000 11.00000 23.00000 19.00000 29.00000 28.00000 24.00000 21.00000 16.00000 16.00000 12.00000 11.00000 27.00000 25.00000 8.00000 11.00000 10.00000 0.00000 12.00000 30.00000 49.00000 10.00000 13.00000 35.00000 17.00000 17.00000 37.00000 22.00000 9.00000 11.00000 38.00000 33.00000 23.00000 20.00000 12.00000 24.00000 4.00000 25.00000 11.00000 10.00000 24.00000
31.00000 10.00000 14.00000 35.00000 8.00000 12.00000 17.00000 26.00000 12.00000 16.00000 18.00000 25.00000 13.00000 12.00000 7.00000 18.00000 2.00000 11.00000 12.00000 14.00000 13.00000 28.00000 27.00000 28.00000 11.00000 21.00000 38.00000 15.00000 11.00000 20.00000 12.00000 19.00000 13.00000 18.00000 13.00000 20.00000 46.00000 12.00000 25.00000 19.00000 34.00000 30.00000 16.00000 19.00000 15.00000 10.00000 12.00000 12.00000 29.00000 27.00000 12.00000 12.00000 12.00000 15.00000 0.00000 32.00000 61.00000 14.00000 8.00000 38.00000 17.00000 11.00000 39.00000 14.00000 10.00000 7.00000 40.00000 35.00000 19.00000 12.00000 11.00000 31.00000 17.00000 24.00000 12.00000 17.00000 31.00000
23.00000 25.00000 22.00000 11.00000 31.00000 23.00000 28.00000 14.00000 27.00000 26.00000 22.00000 15.00000 22.00000 34.00000 25.00000 18.00000 33.00000 28.00000 20.00000 22.00000 24.00000 26.00000 27.00000 9.00000 22.00000 15.00000 12.00000 34.00000 25.00000 31.00000 23.00000 17.00000 29.00000 21.00000 23.00000 31.00000 22.00000 25.00000 10.00000 18.00000 16.00000 3.00000 28.00000 15.00000 21.00000 22.00000 22.00000 22.00000 4.00000 8.00000 29.00000 26.00000 34.00000 28.00000 34.00000 0.00000 38.00000 24.00000 24.00000 12.00000 19.00000 24.00000 14.00000 30.00000 32.00000 30.00000 14.00000 9.00000 17.00000 26.00000 34.00000 23.00000 26.00000 13.00000 24.00000 35.00000 23.00000
37.00000 54.00000 52.00000 32.00000 56.00000 52.00000 50.00000 36.00000 57.00000 48.00000 48.00000 41.00000 50.00000 59.00000 54.00000 46.00000 58.00000 55.00000 49.00000 50.00000 52.00000 39.00000 39.00000 38.00000 50.00000 44.00000 30.00000 53.00000 55.00000 49.00000 51.00000 45.00000 58.00000 44.00000 51.00000 49.00000 16.00000 53.00000 39.00000 46.00000 28.00000 37.00000 59.00000 46.00000 50.00000 50.00000 50.00000 50.00000 36.00000 36.00000 54.00000 52.00000 56.00000 50.00000 58.00000 38.00000 0.00000 51.00000 52.00000 31.00000 48.00000 53.00000 27.00000 59.00000 55.00000 58.00000 25.00000 31.00000 48.00000 56.00000 58.00000 37.00000 48.00000 42.00000 52.00000 49.00000 37.00000
20.00000 13.00000 14.00000 29.00000 9.00000 14.00000 10.00000 20.00000 16.00000 7.00000 8.00000 19.00000 6.00000 13.00000 10.00000 12.00000 12.00000 5.00000 8.00000 14.00000 3.00000 17.00000 16.00000 22.00000 8.00000 14.00000 31.00000 14.00000 16.00000 12.00000 14.00000 14.00000 18.00000 7.00000 2.00000 13.00000 38.00000 3.00000 19.00000 14.00000 25.00000 24.00000 21.00000 16.00000 10.00000 8.00000 7.00000 6.00000 23.00000 20.00000 6.00000 3.00000 12.00000 10.00000 12.00000 25.00000 51.00000 0.00000 9.00000 31.00000 12.00000 13.00000 33.00000 19.00000 10.00000 10.00000 33.00000 28.00000 18.00000 16.00000 12.00000 20.00000 8.00000 21.00000 3.00000 15.00000 20.00000
25.00000 7.00000 9.00000 29.00000 7.00000 8.00000 14.00000 20.00000 11.00000 12.00000 12.00000 19.00000 7.00000 11.00000 4.00000 11.00000 10.00000 8.00000 6.00000 8.00000 7.00000 22.00000 21.00000 22.00000 5.00000 15.00000 31.00000 14.00000 10.00000 16.00000 8.00000 13.00000 12.00000 12.00000 7.00000 16.00000 40.00000 7.00000 19.00000 12.00000 28.00000 24.00000 15.00000 13.00000 8.00000 4.00000 6.00000 6.00000 23.00000 21.00000 8.00000 8.00000 10.00000 12.00000 10.00000 26.00000 56.00000 8.00000 0.00000 31.00000 11.00000 8.00000 33.00000 13.00000 8.00000 7.00000 34.00000 29.00000 14.00000 11.00000 10.00000 25.00000 13.00000 18.00000 6.00000 14.00000 25.00000
23.00000 31.00000 29.00000 8.00000 36.00000 29.00000 34.00000 20.00000 34.00000 31.00000 28.00000 20.00000 27.00000 40.00000 31.00000 23.00000 39.00000 34.00000 26.00000 27.00000 30.00000 26.00000 27.00000 14.00000 28.00000 21.00000 5.00000 39.00000 32.00000 37.00000 29.00000 22.00000 35.00000 26.00000 28.00000 37.00000 16.00000 30.00000 16.00000 23.00000 15.00000 12.00000 36.00000 23.00000 27.00000 27.00000 27.00000 27.00000 12.00000 13.00000 34.00000 31.00000 39.00000 34.00000 39.00000 12.00000 31.00000 29.00000 29.00000 0.00000 25.00000 30.00000 7.00000 36.00000 37.00000 36.00000 7.00000 6.00000 25.00000 33.00000 39.00000 23.00000 32.00000 19.00000 29.00000 40.00000 23.00000
22.00000 9.00000 7.00000 23.00000 17.00000 7.00000 17.00000 13.00000 12.00000 15.00000 14.00000 14.00000 11.00000 20.00000 11.00000 5.00000 19.00000 17.00000 7.00000 6.00000 13.00000 22.00000 20.00000 15.00000 8.00000 9.00000 25.00000 23.00000 11.00000 20.00000 7.00000 6.00000 14.00000 14.00000 12.00000 20.00000 34.00000 14.00000 12.00000 6.00000 21.00000 18.00000 14.00000 6.00000 5.00000 8.00000 11.00000 11.00000 17.00000 14.00000 17.00000 15.00000 20.00000 17.00000 20.00000 19.00000 49.00000 13.00000 10.00000 25.00000 0.00000 8.00000 27.00000 15.00000 18.00000 17.00000 27.00000 22.00000 8.00000 12.00000 20.00000 22.00000 15.00000 11.00000 13.00000 24.00000 22.00000
28.00000 2.00000 5.00000 29.00000 11.00000 3.00000 19.00000 19.00000 5.00000 17.00000 17.00000 19.00000 12.00000 16.00000 6.00000 11.00000 13.00000 13.00000 8.00000 7.00000 12.00000 25.00000 24.00000 21.00000 8.00000 15.00000 31.00000 18.00000 4.00000 21.00000 3.00000 12.00000 8.00000 17.00000 12.00000 21.00000 39.00000 12.00000 18.00000 12.00000 27.00000 23.00000 9.00000 12.00000 9.00000 8.00000 11.00000 11.00000 23.00000 20.00000 14.00000 13.00000 15.00000 17.00000 14.00000 25.00000 55.00000 13.00000 7.00000 31.00000 10.00000 0.00000 33.00000 9.00000 13.00000 11.00000 33.00000 28.00000 11.00000 5.00000 14.00000 28.00000 18.00000 17.00000 11.00000 20.00000 28.00000
23.00000 33.00000 31.00000 11.00000 38.00000 31.00000 36.00000 22.00000 36.00000 34.00000 30.00000 22.00000 30.00000 42.00000 33.00000 25.00000 41.00000 36.00000 28.00000 30.00000 32.00000 25.00000 26.00000 17.00000 30.00000 23.00000 6.00000 42.00000 34.00000 39.00000 31.00000 25.00000 37.00000 29.00000 31.00000 39.00000 11.00000 32.00000 18.00000 25.00000 14.00000 15.00000 38.00000 25.00000 29.00000 30.00000 30.00000 30.00000 14.00000 16.00000 36.00000 33.00000 42.00000 36.00000 42.00000 14.00000 26.00000 32.00000 32.00000 7.00000 27.00000 32.00000 0.00000 38.00000 39.00000 38.00000 2.00000 8.00000 28.00000 36.00000 41.00000 23.00000 34.00000 21.00000 31.00000 43.00000 23.00000
34.00000 8.00000 11.00000 34.00000 15.00000 10.00000 22.00000 25.00000 5.00000 20.00000 23.00000 25.00000 17.00000 14.00000 10.00000 17.00000 17.00000 18.00000 13.00000 13.00000 17.00000 31.00000 29.00000 26.00000 14.00000 20.00000 37.00000 14.00000 7.00000 24.00000 10.00000 18.00000 7.00000 23.00000 17.00000 24.00000 45.00000 18.00000 24.00000 18.00000 33.00000 29.00000 13.00000 18.00000 14.00000 14.00000 16.00000 17.00000 28.00000 26.00000 19.00000 18.00000 14.00000 19.00000 17.00000 30.00000 61.00000 18.00000 12.00000 37.00000 16.00000 9.00000 38.00000 0.00000 14.00000 15.00000 39.00000 34.00000 16.00000 5.00000 14.00000 34.00000 21.00000 23.00000 17.00000 16.00000 34.00000
28.00000 12.00000 15.00000 36.00000 4.00000 14.00000 11.00000 27.00000 15.00000 10.00000 16.00000 26.00000 14.00000 6.00000 10.00000 19.00000 6.00000 7.00000 13.00000 15.00000 11.00000 25.00000 24.00000 29.00000 12.00000 22.00000 39.00000 7.00000 14.00000 13.00000 14.00000 20.00000 16.00000 15.00000 12.00000 13.00000 46.00000 10.00000 26.00000 20.00000 33.00000 31.00000 19.00000 20.00000 16.00000 12.00000 13.00000 14.00000 30.00000 28.00000 7.00000 9.00000 3.00000 9.00000 6.00000 33.00000 54.00000 11.00000 9.00000 39.00000 18.00000 13.00000 40.00000 16.00000 0.00000 6.00000 41.00000 36.00000 21.00000 14.00000 5.00000 28.00000 10.00000 25.00000 12.00000 9.00000 28.00000
28.00000 10.00000 13.00000 33.00000 4.00000 11.00000 13.00000 24.00000 13.00000 12.00000 15.00000 24.00000 11.00000 9.00000 7.00000 16.00000 6.00000 7.00000 11.00000 12.00000 7.00000 25.00000 23.00000 26.00000 9.00000 19.00000 36.00000 12.00000 12.00000 15.00000 11.00000 17.00000 14.00000 15.00000 9.00000 15.00000 44.00000 6.00000 23.00000 17.00000 32.00000 28.00000 17.00000 17.00000 13.00000 9.00000 11.00000 11.00000 27.00000 25.00000 8.00000 7.00000 8.00000 11.00000 6.00000 30.00000 56.00000 9.00000 6.00000 36.00000 15.00000 11.00000 37.00000 15.00000 6.00000 0.00000 38.00000 33.00000 18.00000 12.00000 7.00000 28.00000 12.00000 22.00000 7.00000 14.00000 28.00000
22.00000 33.00000 31.00000 11.00000 38.00000 31.00000 36.00000 21.00000 36.00000 34.00000 30.00000 22.00000 29.00000 42.00000 33.00000 25.00000 41.00000 36.00000 28.00000 29.00000 32.00000 24.00000 25.00000 17.00000 30.00000 23.00000 6.00000 42.00000 34.00000 39.00000 31.00000 25.00000 37.00000 29.00000 31.00000 39.00000 10.00000 32.00000 18.00000 25.00000 13.00000 14.00000 38.00000 25.00000 29.00000 30.00000 29.00000 30.00000 14.00000 16.00000 36.00000 33.00000 42.00000 36.00000 41.00000 14.00000 25.00000 32.00000 32.00000 7.00000 27.00000 32.00000 4.00000 38.00000 39.00000 38.00000 0.00000 8.00000 27.00000 36.00000 41.00000 22.00000 34.00000 21.00000 31.00000 43.00000 22.00000
22.00000 28.00000 26.00000 8.00000 34.00000 26.00000 31.00000 17.00000 31.00000 29.00000 25.00000 18.00000 25.00000 37.00000 28.00000 21.00000 37.00000 31.00000 24.00000 25.00000 27.00000 25.00000 26.00000 12.00000 25.00000 18.00000 5.00000 37.00000 30.00000 34.00000 26.00000 20.00000 33.00000 24.00000 26.00000 34.00000 16.00000 28.00000 13.00000 21.00000 14.00000 10.00000 33.00000 21.00000 24.00000 25.00000 25.00000 25.00000 9.00000 11.00000 32.00000 29.00000 37.00000 31.00000 37.00000 10.00000 31.00000 27.00000 27.00000 5.00000 22.00000 27.00000 7.00000 34.00000 35.00000 33.00000 8.00000 0.00000 23.00000 31.00000 37.00000 22.00000 29.00000 16.00000 27.00000 38.00000 22.00000
22.00000 11.00000 8.00000 22.00000 18.00000 9.00000 20.00000 13.00000 12.00000 18.00000 17.00000 13.00000 14.00000 23.00000 13.00000 7.00000 21.00000 20.00000 10.00000 7.00000 16.00000 23.00000 22.00000 14.00000 11.00000 10.00000 24.00000 23.00000 10.00000 23.00000 9.00000 9.00000 15.00000 16.00000 15.00000 23.00000 33.00000 17.00000 11.00000 8.00000 20.00000 16.00000 14.00000 5.00000 10.00000 11.00000 14.00000 14.00000 16.00000 14.00000 21.00000 18.00000 22.00000 20.00000 21.00000 17.00000 48.00000 16.00000 13.00000 24.00000 8.00000 10.00000 26.00000 16.00000 20.00000 18.00000 26.00000 21.00000 0.00000 12.00000 21.00000 22.00000 18.00000 11.00000 16.00000 25.00000 22.00000
31.00000 5.00000 7.00000 31.00000 12.00000 7.00000 22.00000 22.00000 1.00000 20.00000 20.00000 22.00000 15.00000 17.00000 8.00000 13.00000 15.00000 16.00000 10.00000 10.00000 15.00000 28.00000 27.00000 23.00000 12.00000 17.00000 33.00000 17.00000 4.00000 24.00000 7.00000 14.00000 8.00000 20.00000 15.00000 24.00000 42.00000 15.00000 20.00000 14.00000 29.00000 25.00000 10.00000 14.00000 12.00000 11.00000 14.00000 14.00000 25.00000 23.00000 17.00000 16.00000 17.00000 20.00000 15.00000 27.00000 57.00000 16.00000 10.00000 33.00000 13.00000 6.00000 35.00000 5.00000 14.00000 12.00000 36.00000 30.00000 13.00000 0.00000 15.00000 31.00000 21.00000 19.00000 14.00000 19.00000 31.00000
31.00000 13.00000 17.00000 37.00000 5.00000 15.00000 14.00000 28.00000 15.00000 13.00000 19.00000 28.00000 15.00000 4.00000 11.00000 20.00000 7.00000 9.00000 15.00000 16.00000 12.00000 28.00000 27.00000 30.00000 13.00000 23.00000 40.00000 9.00000 14.00000 16.00000 15.00000 21.00000 17.00000 18.00000 13.00000 17.00000 48.00000 11.00000 27.00000 21.00000 36.00000 32.00000 19.00000 21.00000 17.00000 13.00000 15.00000 15.00000 31.00000 29.00000 10.00000 10.00000 6.00000 12.00000 7.00000 34.00000 57.00000 12.00000 10.00000 40.00000 19.00000 15.00000 41.00000 16.00000 4.00000 7.00000 42.00000 37.00000 22.00000 15.00000 0.00000 31.00000 14.00000 26.00000 13.00000 11.00000 31.00000
0.00000 27.00000 25.00000 19.00000 28.00000 25.00000 23.00000 10.00000 31.00000 21.00000 18.00000 15.00000 21.00000 32.00000 27.00000 20.00000 31.00000 25.00000 22.00000 24.00000 22.00000 6.00000 7.00000 20.00000 24.00000 18.00000 24.00000 29.00000 29.00000 26.00000 25.00000 19.00000 32.00000 14.00000 21.00000 26.00000 22.00000 23.00000 14.00000 20.00000 9.00000 22.00000 32.00000 20.00000 24.00000 24.00000 22.00000 21.00000 21.00000 18.00000 24.00000 22.00000 30.00000 23.00000 32.00000 23.00000 37.00000 20.00000 26.00000 23.00000 21.00000 26.00000 24.00000 33.00000 28.00000 28.00000 22.00000 22.00000 22.00000 30.00000 32.00000 0.00000 21.00000 19.00000 22.00000 30.00000 0.00000
21.00000 17.00000 18.00000 31.00000 10.00000 18.00000 3.00000 22.00000 20.00000 3.00000 9.00000 21.00000 9.00000 13.00000 14.00000 15.00000 12.00000 8.00000 12.00000 18.00000 10.00000 18.00000 17.00000 24.00000 14.00000 16.00000 33.00000 10.00000 19.00000 7.00000 17.00000 17.00000 21.00000 9.00000 8.00000 7.00000 39.00000 10.00000 21.00000 17.00000 27.00000 26.00000 24.00000 19.00000 13.00000 13.00000 10.00000 9.00000 25.00000 22.00000 8.00000 10.00000 11.00000 4.00000 13.00000 27.00000 47.00000 8.00000 13.00000 33.00000 15.00000 18.00000 35.00000 22.00000 9.00000 12.00000 35.00000 30.00000 20.00000 20.00000 12.00000 21.00000 0.00000 23.00000 9.00000 11.00000 21.00000
19.00000 16.00000 14.00000 17.00000 24.00000 14.00000 25.00000 10.00000 20.00000 22.00000 18.00000 10.00000 18.00000 28.00000 19.00000 9.00000 27.00000 25.00000 15.00000 13.00000 21.00000 23.00000 23.00000 5.00000 16.00000 10.00000 19.00000 30.00000 18.00000 27.00000 14.00000 11.00000 22.00000 17.00000 19.00000 27.00000 27.00000 21.00000 7.00000 11.00000 18.00000 11.00000 21.00000 8.00000 13.00000 16.00000 18.00000 18.00000 11.00000 7.00000 25.00000 22.00000 27.00000 25.00000 27.00000 13.00000 43.00000 20.00000 18.00000 19.00000 11.00000 15.00000 21.00000 23.00000 25.00000 24.00000 21.00000 16.00000 11.00000 19.00000 27.00000 19.00000 23.00000 0.00000 20.00000 31.00000 19.00000
22.00000 11.00000 13.00000 29.00000 8.00000 12.00000 12.00000 20.00000 15.00000 9.00000 9.00000 19.00000 6.00000 12.00000 8.00000 12.00000 11.00000 5.00000 8.00000 13.00000 1.00000 19.00000 17.00000 22.00000 8.00000 14.00000 31.00000 15.00000 14.00000 14.00000 12.00000 13.00000 16.00000 9.00000 2.00000 14.00000 40.00000 2.00000 18.00000 13.00000 27.00000 23.00000 19.00000 16.00000 9.00000 7.00000 6.00000 6.00000 23.00000 20.00000 6.00000 3.00000 11.00000 11.00000 11.00000 25.00000 52.00000 3.00000 7.00000 31.00000 12.00000 11.00000 33.00000 17.00000 9.00000 8.00000 33.00000 28.00000 17.00000 14.00000 11.00000 22.00000 10.00000 21.00000 0.00000 15.00000 22.00000
30.00000 19.00000 22.00000 39.00000 12.00000 20.00000 12.00000 30.00000 22.00000 11.00000 18.00000 29.00000 17.00000 12.00000 16.00000 24.00000 13.00000 12.00000 20.00000 21.00000 16.00000 27.00000 25.00000 33.00000 19.00000 25.00000 41.00000 6.00000 21.00000 11.00000 20.00000 25.00000 20.00000 17.00000 16.00000 12.00000 45.00000 16.00000 29.00000 25.00000 35.00000 34.00000 25.00000 26.00000 22.00000 18.00000 18.00000 17.00000 33.00000 31.00000 12.00000 15.00000 9.00000 10.00000 14.00000 36.00000 48.00000 15.00000 15.00000 41.00000 23.00000 20.00000 43.00000 19.00000 9.00000 14.00000 44.00000 39.00000 27.00000 22.00000 12.00000 30.00000 12.00000 31.00000 17.00000 0.00000 30.00000
0.00000 27.00000 25.00000 19.00000 28.00000 25.00000 23.00000 10.00000 31.00000 21.00000 18.00000 15.00000 21.00000 32.00000 27.00000 20.00000 31.00000 25.00000 22.00000 24.00000 22.00000 6.00000 7.00000 20.00000 24.00000 18.00000 24.00000 29.00000 29.00000 26.00000 25.00000 19.00000 32.00000 14.00000 21.00000 26.00000 22.00000 23.00000 14.00000 20.00000 9.00000 22.00000 32.00000 20.00000 24.00000 24.00000 22.00000 21.00000 21.00000 18.00000 24.00000 22.00000 30.00000 23.00000 32.00000 23.00000 37.00000 20.00000 26.00000 23.00000 21.00000 26.00000 24.00000 33.00000 28.00000 28.00000 22.00000 22.00000 22.00000 30.00000 32.00000 0.00000 21.00000 19.00000 22.00000 30.00000 0.00000
p
0.0 0.0 0.0 0.0 0.0 0.0 
0.0 0.0 0.0 0.0 0.0 0.0 
0.0 0.0 0.0 0.0 0.0 0.0 
0.0 0.0 0.0 0.0 0.0 0.0 
0.0 0.0 0.0 0.0 0.0 0.0 
0.0 0.0 0.0 0.0 0.0 0.0 
0.0 0.0 0.0 0.0 0.0 0.0 
0.0 0.0 0.0 0.0 0.0 0.0 
0.0 0.0 0.0 0.0 0.0 0.0 
0.0 0.0 0.0 0.0 0.0 0.0 
0.0 0.0 0.0 0.0 0.0 0.0 
0.0 0.0 0.0 0.0 0.0 0.0 
0.0 0.0 0.0 0.0 0.0 0.0 
0.0 0.0 0.0 0.0 0.0 0.0 
0.0 0.0 0.0 0.0 0.0 0.0 
0 20 0 32 0 0 
0 20 0 32 0 0 
0 20 0 32 0 0 
0 20 0 32 0 0 
0 20 0 32 0 0 
0 20 0 32 0 0 
0 20 0 32 0 0 
0 20 0 32 0 0 
0 20 0 32 0 0 
0 20 0 32 0 0 
0 20 0 32 0 0 
0 20 0 32 0 0 
0 20 0 32 0 0 
0 20 0 32 0 0 
0 20 0 32 0 0 
18 0 0 0 42 0 
18 0 0 0 42 0 
18 0 0 0 42 0 
18 0 0 0 42 0 
18 0 0 0 42 0 
18 0 0 0 42 0 
18 0 0 0 42 0 
18 0 0 0 42 0 
18 0 0 0 42 0 
18 0 0 0 42 0 
18 0 0 0 42 0 
18 0 0 0 42 0 
18 0 0 0 42 0 
18 0 0 0 42 0 
18 0 0 0 42 0 
0 0 0 0 0 19 
0 0 0 0 0 19 
0 0 0 0 0 19 
0 0 0 0 0 19 
0 0 0 0 0 19 
0 0 0 0 0 19 
0 0 0 0 0 19 
0 0 0 0 0 19 
0 0 0 0 0 19 
0 0 0 0 0 19 
0 0 0 0 0 19 
0 0 0 0 0 19 
0 0 0 0 0 19 
0 0 0 0 0 19 
0 0 0 0 0 19 
0 0 0 0 0 37 
0 0 0 0 0 37 
0 0 0 0 0 37 
0 0 0 0 0 37 
0 0 0 0 0 37 
0 0 0 0 0 37 
0 0 0 0 0 37 
0 0 0 0 0 37 
0 0 0 0 0 37 
0 0 0 0 0 37 
0 0 0 0 0 37 
0 0 0 0 0 37 
0 0 0 0 0 37 
0 0 0 0 0 37 
0 0 0 0 0 37 
0 16 0 0 0 0 
0 16 0 0 0 0 
0 16 0 0 0 0 
0 16 0 0 0 0 
0 16 0 0 0 0 
0 16 0 0 0 0 
0 16 0 0 0 0 
0 16 0 0 0 0 
0 16 0 0 0 0 
0 16 0 0 0 0 
0 16 0 0 0 0 
0 16 0 0 0 0 
0 16 0 0 0 0 
0 16 0 0 0 0 
0 16 0 0 0 0 
43 0 0 0 15 0 
43 0 0 0 15 0 
43 0 0 0 15 0 
43 0 0 0 15 0 
43 0 0 0 15 0 
43 0 0 0 15 0 
43 0 0 0 15 0 
43 0 0 0 15 0 
43 0 0 0 15 0 
43 0 0 0 15 0 
43 0 0 0 15 0 
43 0 0 0 15 0 
43 0 0 0 15 0 
43 0 0 0 15 0 
43 0 0 0 15 0 
0 0 0 38 0 0 
0 0 0 38 0 0 
0 0 0 38 0 0 
0 0 0 38 0 0 
0 0 0 38 0 0 
0 0 0 38 0 0 
0 0 0 38 0 0 
0 0 0 38 0 0 
0 0 0 38 0 0 
0 0 0 38 0 0 
0 0 0 38 0 0 
0 0 0 38 0 0 
0 0 0 38 0 0 
0 0 0 38 0 0 
0 0 0 38 0 0 
0 59 0 0 22 0 
0 59 0 0 22 0 
0 59 0 0 22 0 
0 59 0 0 22 0 
0 59 0 0 22 0 
0 59 0 0 22 0 
0 59 0 0 22 0 
0 59 0 0 22 0 
0 59 0 0 22 0 
0 59 0 0 22 0 
0 59 0 0 22 0 
0 59 0 0 22 0 
0 59 0 0 22 0 
0 59 0 0 22 0 
0 59 0 0 22 0 
0 44 0 0 25 0 
0 44 0 0 25 0 
0 44 0 0 25 0 
0 44 0 0 25 0 
0 44 0 0 25 0 
0 44 0 0 25 0 
0 44 0 0 25 0 
0 44 0 0 25 0 
0 44 0 0 25 0 
0 44 0 0 25 0 
0 44 0 0 25 0 
0 44 0 0 25 0 
0 44 0 0 25 0 
0 44 0 0 25 0 
0 44 0 0 25 0 
0 33 0 0 0 60 
0 33 0 0 0 60 
0 33 0 0 0 60 
0 33 0 0 0 60 
0 33 0 0 0 60 
0 33 0 0 0 60 
0 33 0 0 0 60 
0 33 0 0 0 60 
0 33 0 0 0 60 
0 33 0 0 0 60 
0 33 0 0 0 60 
0 33 0 0 0 60 
0 33 0 0 0 60 
0 33 0 0 0 60 
0 33 0 0 0 60 
0 33 0 0 0 0 
0 33 0 0 0 0 
0 33 0 0 0 0 
0 33 0 0 0 0 
0 33 0 0 0 0 
0 33 0 0 0 0 
0 33 0 0 0 0 
0 33 0 0 0 0 
0 33 0 0 0 0 
0 33 0 0 0 0 
0 33 0 0 0 0 
0 33 0 0 0 0 
0 33 0 0 0 0 
0 33 0 0 0 0 
0 33 0 0 0 0 
0 0 0 0 42 0 
0 0 0 0 42 0 
0 0 0 0 42 0 
0 0 0 0 42 0 
0 0 0 0 42 0 
0 0 0 0 42 0 
0 0 0 0 42 0 
0 0 0 0 42 0 
0 0 0 0 42 0 
0 0 0 0 42 0 
0 0 0 0 42 0 
0 0 0 0 42 0 
0 0 0 0 42 0 
0 0 0 0 42 0 
0 0 0 0 42 0 
0 0 0 0 33 0 
0 0 0 0 33 0 
0 0 0 0 33 0 
0 0 0 0 33 0 
0 0 0 0 33 0 
0 0 0 0 33 0 
0 0 0 0 33 0 
0 0 0 0 33 0 
0 0 0 0 33 0 
0 0 0 0 33 0 
0 0 0 0 33 0 
0 0 0 0 33 0 
0 0 0 0 33 0 
0 0 0 0 33 0 
0 0 0 0 33 0 
18 0 0 0 0 59 
18 0 0 0 0 59 
18 0 0 0 0 59 
18 0 0 0 0 59 
18 0 0 0 0 59 
18 0 0 0 0 59 
18 0 0 0 0 59 
18 0 0 0 0 59 
18 0 0 0 0 59 
18 0 0 0 0 59 
18 0 0 0 0 59 
18 0 0 0 0 59 
18 0 0 0 0 59 
18 0 0 0 0 59 
18 0 0 0 0 59 
0 0 0 0 38 0 
0 0 0 0 38 0 
0 0 0 0 38 0 
0 0 0 0 38 0 
0 0 0 0 38 0 
0 0 0 0 38 0 
0 0 0 0 38 0 
0 0 0 0 38 0 
0 0 0 0 38 0 
0 0 0 0 38 0 
0 0 0 0 38 0 
0 0 0 0 38 0 
0 0 0 0 38 0 
0 0 0 0 38 0 
0 0 0 0 38 0 
0 41 0 0 0 0 
0 41 0 0 0 0 
0 41 0 0 0 0 
0 41 0 0 0 0 
0 41 0 0 0 0 
0 41 0 0 0 0 
0 41 0 0 0 0 
0 41 0 0 0 0 
0 41 0 0 0 0 
0 41 0 0 0 0 
0 41 0 0 0 0 
0 41 0 0 0 0 
0 41 0 0 0 0 
0 41 0 0 0 0 
0 41 0 0 0 0 
0 0 0 49 0 0 
0 0 0 49 0 0 
0 0 0 49 0 0 
0 0 0 49 0 0 
0 0 0 49 0 0 
0 0 0 49 0 0 
0 0 0 49 0 0 
0 0 0 49 0 0 
0 0 0 49 0 0 
0 0 0 49 0 0 
0 0 0 49 0 0 
0 0 0 49 0 0 
0 0 0 49 0 0 
0 0 0 49 0 0 
0 0 0 49 0 0 
0 0 0 42 0 0 
0 0 0 42 0 0 
0 0 0 42 0 0 
0 0 0 42 0 0 
0 0 0 42 0 0 
0 0 0 42 0 0 
0 0 0 42 0 0 
0 0 0 42 0 0 
0 0 0 42 0 0 
0 0 0 42 0 0 
0 0 0 42 0 0 
0 0 0 42 0 0 
0 0 0 42 0 0 
0 0 0 42 0 0 
0 0 0 42 0 0 
31 0 0 0 0 0 
31 0 0 0 0 0 
31 0 0 0 0 0 
31 0 0 0 0 0 
31 0 0 0 0 0 
31 0 0 0 0 0 
31 0 0 0 0 0 
31 0 0 0 0 0 
31 0 0 0 0 0 
31 0 0 0 0 0 
31 0 0 0 0 0 
31 0 0 0 0 0 
31 0 0 0 0 0 
31 0 0 0 0 0 
31 0 0 0 0 0 
0 0 0 0 19 0 
0 0 0 0 19 0 
0 0 0 0 19 0 
0 0 0 0 19 0 
0 0 0 0 19 0 
0 0 0 0 19 0 
0 0 0 0 19 0 
0 0 0 0 19 0 
0 0 0 0 19 0 
0 0 0 0 19 0 
0 0 0 0 19 0 
0 0 0 0 19 0 
0 0 0 0 19 0 
0 0 0 0 19 0 
0 0 0 0 19 0 
0 34 0 0 0 0 
0 34 0 0 0 0 
0 34 0 0 0 0 
0 34 0 0 0 0 
0 34 0 0 0 0 
0 34 0 0 0 0 
0 34 0 0 0 0 
0 34 0 0 0 0 
0 34 0 0 0 0 
0 34 0 0 0 0 
0 34 0 0 0 0 
0 34 0 0 0 0 
0 34 0 0 0 0 
0 34 0 0 0 0 
0 34 0 0 0 0 
0 0 0 0 0 41 
0 0 0 0 0 41 
0 0 0 0 0 41 
0 0 0 0 0 41 
0 0 0 0 0 41 
0 0 0 0 0 41 
0 0 0 0 0 41 
0 0 0 0 0 41 
0 0 0 0 0 41 
0 0 0 0 0 41 
0 0 0 0 0 41 
0 0 0 0 0 41 
0 0 0 0 0 41 
0 0 0 0 0 41 
0 0 0 0 0 41 
0 44 0 0 0 0 
0 44 0 0 0 0 
0 44 0 0 0 0 
0 44 0 0 0 0 
0 44 0 0 0 0 
0 44 0 0 0 0 
0 44 0 0 0 0 
0 44 0 0 0 0 
0 44 0 0 0 0 
0 44 0 0 0 0 
0 44 0 0 0 0 
0 44 0 0 0 0 
0 44 0 0 0 0 
0 44 0 0 0 0 
0 44 0 0 0 0 
0 0 29 0 15 0 
0 0 29 0 15 0 
0 0 29 0 15 0 
0 0 29 0 15 0 
0 0 29 0 15 0 
0 0 29 0 15 0 
0 0 29 0 15 0 
0 0 29 0 15 0 
0 0 29 0 15 0 
0 0 29 0 15 0 
0 0 29 0 15 0 
0 0 29 0 15 0 
0 0 29 0 15 0 
0 0 29 0 15 0 
0 0 29 0 15 0 
0 0 0 0 34 0 
0 0 0 0 34 0 
0 0 0 0 34 0 
0 0 0 0 34 0 
0 0 0 0 34 0 
0 0 0 0 34 0 
0 0 0 0 34 0 
0 0 0 0 34 0 
0 0 0 0 34 0 
0 0 0 0 34 0 
0 0 0 0 34 0 
0 0 0 0 34 0 
0 0 0 0 34 0 
0 0 0 0 34 0 
0 0 0 0 34 0 
0 0 50 0 0 45 
0 0 50 0 0 45 
0 0 50 0 0 45 
0 0 50 0 0 45 
0 0 50 0 0 45 
0 0 50 0 0 45 
0 0 50 0 0 45 
0 0 50 0 0 45 
0 0 50 0 0 45 
0 0 50 0 0 45 
0 0 50 0 0 45 
0 0 50 0 0 45 
0 0 50 0 0 45 
0 0 50 0 0 45 
0 0 50 0 0 45 
0 0 0 0 0 45 
0 0 0 0 0 45 
0 0 0 0 0 45 
0 0 0 0 0 45 
0 0 0 0 0 45 
0 0 0 0 0 45 
0 0 0 0 0 45 
0 0 0 0 0 45 
0 0 0 0 0 45 
0 0 0 0 0 45 
0 0 0 0 0 45 
0 0 0 0 0 45 
0 0 0 0 0 45 
0 0 0 0 0 45 
0 0 0 0 0 45 
0 0 0 0 38 0 
0 0 0 0 38 0 
0 0 0 0 38 0 
0 0 0 0 38 0 
0 0 0 0 38 0 
0 0 0 0 38 0 
0 0 0 0 38 0 
0 0 0 0 38 0 
0 0 0 0 38 0 
0 0 0 0 38 0 
0 0 0 0 38 0 
0 0 0 0 38 0 
0 0 0 0 38 0 
0 0 0 0 38 0 
0 0 0 0 38 0 
0 34 0 0 0 0 
0 34 0 0 0 0 
0 34 0 0 0 0 
0 34 0 0 0 0 
0 34 0 0 0 0 
0 34 0 0 0 0 
0 34 0 0 0 0 
0 34 0 0 0 0 
0 34 0 0 0 0 
0 34 0 0 0 0 
0 34 0 0 0 0 
0 34 0 0 0 0 
0 34 0 0 0 0 
0 34 0 0 0 0 
0 34 0 0 0 0 
0 0 0 0 0 54 
0 0 0 0 0 54 
0 0 0 0 0 54 
0 0 0 0 0 54 
0 0 0 0 0 54 
0 0 0 0 0 54 
0 0 0 0 0 54 
0 0 0 0 0 54 
0 0 0 0 0 54 
0 0 0 0 0 54 
0 0 0 0 0 54 
0 0 0 0 0 54 
0 0 0 0 0 54 
0 0 0 0 0 54 
0 0 0 0 0 54 
0 0 0 19 0 0 
0 0 0 19 0 0 
0 0 0 19 0 0 
0 0 0 19 0 0 
0 0 0 19 0 0 
0 0 0 19 0 0 
0 0 0 19 0 0 
0 0 0 19 0 0 
0 0 0 19 0 0 
0 0 0 19 0 0 
0 0 0 19 0 0 
0 0 0 19 0 0 
0 0 0 19 0 0 
0 0 0 19 0 0 
0 0 0 19 0 0 
0 35 0 0 49 0 
0 35 0 0 49 0 
0 35 0 0 49 0 
0 35 0 0 49 0 
0 35 0 0 49 0 
0 35 0 0 49 0 
0 35 0 0 49 0 
0 35 0 0 49 0 
0 35 0 0 49 0 
0 35 0 0 49 0 
0 35 0 0 49 0 
0 35 0 0 49 0 
0 35 0 0 49 0 
0 35 0 0 49 0 
0 35 0 0 49 0 
0 0 44 40 0 0 
0 0 44 40 0 0 
0 0 44 40 0 0 
0 0 44 40 0 0 
0 0 44 40 0 0 
0 0 44 40 0 0 
0 0 44 40 0 0 
0 0 44 40 0 0 
0 0 44 40 0 0 
0 0 44 40 0 0 
0 0 44 40 0 0 
0 0 44 40 0 0 
0 0 44 40 0 0 
0 0 44 40 0 0 
0 0 44 40 0 0 
0 0 0 0 0 15 
0 0 0 0 0 15 
0 0 0 0 0 15 
0 0 0 0 0 15 
0 0 0 0 0 15 
0 0 0 0 0 15 
0 0 0 0 0 15 
0 0 0 0 0 15 
0 0 0 0 0 15 
0 0 0 0 0 15 
0 0 0 0 0 15 
0 0 0 0 0 15 
0 0 0 0 0 15 
0 0 0 0 0 15 
0 0 0 0 0 15 
48 0 0 0 0 0 
48 0 0 0 0 0 
48 0 0 0 0 0 
48 0 0 0 0 0 
48 0 0 0 0 0 
48 0 0 0 0 0 
48 0 0 0 0 0 
48 0 0 0 0 0 
48 0 0 0 0 0 
48 0 0 0 0 0 
48 0 0 0 0 0 
48 0 0 0 0 0 
48 0 0 0 0 0 
48 0 0 0 0 0 
48 0 0 0 0 0 
0 0 0 0 47 0 
0 0 0 0 47 0 
0 0 0 0 47 0 
0 0 0 0 47 0 
0 0 0 0 47 0 
0 0 0 0 47 0 
0 0 0 0 47 0 
0 0 0 0 47 0 
0 0 0 0 47 0 
0 0 0 0 47 0 
0 0 0 0 47 0 
0 0 0 0 47 0 
0 0 0 0 47 0 
0 0 0 0 47 0 
0 0 0 0 47 0 
0 0 21 0 27 0 
0 0 21 0 27 0 
0 0 21 0 27 0 
0 0 21 0 27 0 
0 0 21 0 27 0 
0 0 21 0 27 0 
0 0 21 0 27 0 
0 0 21 0 27 0 
0 0 21 0 27 0 
0 0 21 0 27 0 
0 0 21 0 27 0 
0 0 21 0 27 0 
0 0 21 0 27 0 
0 0 21 0 27 0 
0 0 21 0 27 0 
47 0 0 38 0 0 
47 0 0 38 0 0 
47 0 0 38 0 0 
47 0 0 38 0 0 
47 0 0 38 0 0 
47 0 0 38 0 0 
47 0 0 38 0 0 
47 0 0 38 0 0 
47 0 0 38 0 0 
47 0 0 38 0 0 
47 0 0 38 0 0 
47 0 0 38 0 0 
47 0 0 38 0 0 
47 0 0 38 0 0 
47 0 0 38 0 0 
0 22 0 0 0 0 
0 22 0 0 0 0 
0 22 0 0 0 0 
0 22 0 0 0 0 
0 22 0 0 0 0 
0 22 0 0 0 0 
0 22 0 0 0 0 
0 22 0 0 0 0 
0 22 0 0 0 0 
0 22 0 0 0 0 
0 22 0 0 0 0 
0 22 0 0 0 0 
0 22 0 0 0 0 
0 22 0 0 0 0 
0 22 0 0 0 0 
0 52 0 0 0 37 
0 52 0 0 0 37 
0 52 0 0 0 37 
0 52 0 0 0 37 
0 52 0 0 0 37 
0 52 0 0 0 37 
0 52 0 0 0 37 
0 52 0 0 0 37 
0 52 0 0 0 37 
0 52 0 0 0 37 
0 52 0 0 0 37 
0 52 0 0 0 37 
0 52 0 0 0 37 
0 52 0 0 0 37 
0 52 0 0 0 37 
0 18 0 47 0 0 
0 18 0 47 0 0 
0 18 0 47 0 0 
0 18 0 47 0 0 
0 18 0 47 0 0 
0 18 0 47 0 0 
0 18 0 47 0 0 
0 18 0 47 0 0 
0 18 0 47 0 0 
0 18 0 47 0 0 
0 18 0 47 0 0 
0 18 0 47 0 0 
0 18 0 47 0 0 
0 18 0 47 0 0 
0 18 0 47 0 0 
0 0 0 0 16 0 
0 0 0 0 16 0 
0 0 0 0 16 0 
0 0 0 0 16 0 
0 0 0 0 16 0 
0 0 0 0 16 0 
0 0 0 0 16 0 
0 0 0 0 16 0 
0 0 0 0 16 0 
0 0 0 0 16 0 
0 0 0 0 16 0 
0 0 0 0 16 0 
0 0 0 0 16 0 
0 0 0 0 16 0 
0 0 0 0 16 0 
0 0 36 0 0 0 
0 0 36 0 0 0 
0 0 36 0 0 0 
0 0 36 0 0 0 
0 0 36 0 0 0 
0 0 36 0 0 0 
0 0 36 0 0 0 
0 0 36 0 0 0 
0 0 36 0 0 0 
0 0 36 0 0 0 
0 0 36 0 0 0 
0 0 36 0 0 0 
0 0 36 0 0 0 
0 0 36 0 0 0 
0 0 36 0 0 0 
23 0 0 0 44 0 
23 0 0 0 44 0 
23 0 0 0 44 0 
23 0 0 0 44 0 
23 0 0 0 44 0 
23 0 0 0 44 0 
23 0 0 0 44 0 
23 0 0 0 44 0 
23 0 0 0 44 0 
23 0 0 0 44 0 
23 0 0 0 44 0 
23 0 0 0 44 0 
23 0 0 0 44 0 
23 0 0 0 44 0 
23 0 0 0 44 0 
0 0 0 0 27 0 
0 0 0 0 27 0 
0 0 0 0 27 0 
0 0 0 0 27 0 
0 0 0 0 27 0 
0 0 0 0 27 0 
0 0 0 0 27 0 
0 0 0 0 27 0 
0 0 0 0 27 0 
0 0 0 0 27 0 
0 0 0 0 27 0 
0 0 0 0 27 0 
0 0 0 0 27 0 
0 0 0 0 27 0 
0 0 0 0 27 0 
0 0 0 45 0 0 
0 0 0 45 0 0 
0 0 0 45 0 0 
0 0 0 45 0 0 
0 0 0 45 0 0 
0 0 0 45 0 0 
0 0 0 45 0 0 
0 0 0 45 0 0 
0 0 0 45 0 0 
0 0 0 45 0 0 
0 0 0 45 0 0 
0 0 0 45 0 0 
0 0 0 45 0 0 
0 0 0 45 0 0 
0 0 0 45 0 0 
0 0 0 0 0 57 
0 0 0 0 0 57 
0 0 0 0 0 57 
0 0 0 0 0 57 
0 0 0 0 0 57 
0 0 0 0 0 57 
0 0 0 0 0 57 
0 0 0 0 0 57 
0 0 0 0 0 57 
0 0 0 0 0 57 
0 0 0 0 0 57 
0 0 0 0 0 57 
0 0 0 0 0 57 
0 0 0 0 0 57 
0 0 0 0 0 57 
0 0 0 44 0 0 
0 0 0 44 0 0 
0 0 0 44 0 0 
0 0 0 44 0 0 
0 0 0 44 0 0 
0 0 0 44 0 0 
0 0 0 44 0 0 
0 0 0 44 0 0 
0 0 0 44 0 0 
0 0 0 44 0 0 
0 0 0 44 0 0 
0 0 0 44 0 0 
0 0 0 44 0 0 
0 0 0 44 0 0 
0 0 0 44 0 0 
0 32 0 0 0 0 
0 32 0 0 0 0 
0 32 0 0 0 0 
0 32 0 0 0 0 
0 32 0 0 0 0 
0 32 0 0 0 0 
0 32 0 0 0 0 
0 32 0 0 0 0 
0 32 0 0 0 0 
0 32 0 0 0 0 
0 32 0 0 0 0 
0 32 0 0 0 0 
0 32 0 0 0 0 
0 32 0 0 0 0 
0 32 0 0 0 0 
0 0 0 0 0 60 
0 0 0 0 0 60 
0 0 0 0 0 60 
0 0 0 0 0 60 
0 0 0 0 0 60 
0 0 0 0 0 60 
0 0 0 0 0 60 
0 0 0 0 0 60 
0 0 0 0 0 60 
0 0 0 0 0 60 
0 0 0 0 0 60 
0 0 0 0 0 60 
0 0 0 0 0 60 
0 0 0 0 0 60 
0 0 0 0 0 60 
0 57 0 20 0 0 
0 57 0 20 0 0 
0 57 0 20 0 0 
0 57 0 20 0 0 
0 57 0 20 0 0 
0 57 0 20 0 0 
0 57 0 20 0 0 
0 57 0 20 0 0 
0 57 0 20 0 0 
0 57 0 20 0 0 
0 57 0 20 0 0 
0 57 0 20 0 0 
0 57 0 20 0 0 
0 57 0 20 0 0 
0 57 0 20 0 0 
0 0 0 15 0 0 
0 0 0 15 0 0 
0 0 0 15 0 0 
0 0 0 15 0 0 
0 0 0 15 0 0 
0 0 0 15 0 0 
0 0 0 15 0 0 
0 0 0 15 0 0 
0 0 0 15 0 0 
0 0 0 15 0 0 
0 0 0 15 0 0 
0 0 0 15 0 0 
0 0 0 15 0 0 
0 0 0 15 0 0 
0 0 0 15 0 0 
0 0 42 0 0 0 
0 0 42 0 0 0 
0 0 42 0 0 0 
0 0 42 0 0 0 
0 0 42 0 0 0 
0 0 42 0 0 0 
0 0 42 0 0 0 
0 0 42 0 0 0 
0 0 42 0 0 0 
0 0 42 0 0 0 
0 0 42 0 0 0 
0 0 42 0 0 0 
0 0 42 0 0 0 
0 0 42 0 0 0 
0 0 42 0 0 0 
36 0 0 0 0 0 
36 0 0 0 0 0 
36 0 0 0 0 0 
36 0 0 0 0 0 
36 0 0 0 0 0 
36 0 0 0 0 0 
36 0 0 0 0 0 
36 0 0 0 0 0 
36 0 0 0 0 0 
36 0 0 0 0 0 
36 0 0 0 0 0 
36 0 0 0 0 0 
36 0 0 0 0 0 
36 0 0 0 0 0 
36 0 0 0 0 0 
0 0 24 0 0 0 
0 0 24 0 0 0 
0 0 24 0 0 0 
0 0 24 0 0 0 
0 0 24 0 0 0 
0 0 24 0 0 0 
0 0 24 0 0 0 
0 0 24 0 0 0 
0 0 24 0 0 0 
0 0 24 0 0 0 
0 0 24 0 0 0 
0 0 24 0 0 0 
0 0 24 0 0 0 
0 0 24 0 0 0 
0 0 24 0 0 0 
56 0 0 0 0 0 
56 0 0 0 0 0 
56 0 0 0 0 0 
56 0 0 0 0 0 
56 0 0 0 0 0 
56 0 0 0 0 0 
56 0 0 0 0 0 
56 0 0 0 0 0 
56 0 0 0 0 0 
56 0 0 0 0 0 
56 0 0 0 0 0 
56 0 0 0 0 0 
56 0 0 0 0 0 
56 0 0 0 0 0 
56 0 0 0 0 0 
25 0 0 0 0 0 
25 0 0 0 0 0 
25 0 0 0 0 0 
25 0 0 0 0 0 
25 0 0 0 0 0 
25 0 0 0 0 0 
25 0 0 0 0 0 
25 0 0 0 0 0 
25 0 0 0 0 0 
25 0 0 0 0 0 
25 0 0 0 0 0 
25 0 0 0 0 0 
25 0 0 0 0 0 
25 0 0 0 0 0 
25 0 0 0 0 0 
0 0 28 20 0 0 
0 0 28 20 0 0 
0 0 28 20 0 0 
0 0 28 20 0 0 
0 0 28 20 0 0 
0 0 28 20 0 0 
0 0 28 20 0 0 
0 0 28 20 0 0 
0 0 28 20 0 0 
0 0 28 20 0 0 
0 0 28 20 0 0 
0 0 28 20 0 0 
0 0 28 20 0 0 
0 0 28 20 0 0 
0 0 28 20 0 0 
0 0 0 0 0 50 
0 0 0 0 0 50 
0 0 0 0 0 50 
0 0 0 0 0 50 
0 0 0 0 0 50 
0 0 0 0 0 50 
0 0 0 0 0 50 
0 0 0 0 0 50 
0 0 0 0 0 50 
0 0 0 0 0 50 
0 0 0 0 0 50 
0 0 0 0 0 50 
0 0 0 0 0 50 
0 0 0 0 0 50 
0 0 0 0 0 50 
0 40 0 0 0 0 
0 40 0 0 0 0 
0 40 0 0 0 0 
0 40 0 0 0 0 
0 40 0 0 0 0 
0 40 0 0 0 0 
0 40 0 0 0 0 
0 40 0 0 0 0 
0 40 0 0 0 0 
0 40 0 0 0 0 
0 40 0 0 0 0 
0 40 0 0 0 0 
0 40 0 0 0 0 
0 40 0 0 0 0 
0 40 0 0 0 0 
0 0 0 0 0 17 
0 0 0 0 0 17 
0 0 0 0 0 17 
0 0 0 0 0 17 
0 0 0 0 0 17 
0 0 0 0 0 17 
0 0 0 0 0 17 
0 0 0 0 0 17 
0 0 0 0 0 17 
0 0 0 0 0 17 
0 0 0 0 0 17 
0 0 0 0 0 17 
0 0 0 0 0 17 
0 0 0 0 0 17 
0 0 0 0 0 17 
0 0 0 19 0 0 
0 0 0 19 0 0 
0 0 0 19 0 0 
0 0 0 19 0 0 
0 0 0 19 0 0 
0 0 0 19 0 0 
0 0 0 19 0 0 
0 0 0 19 0 0 
0 0 0 19 0 0 
0 0 0 19 0 0 
0 0 0 19 0 0 
0 0 0 19 0 0 
0 0 0 19 0 0 
0 0 0 19 0 0 
0 0 0 19 0 0 
0 0 44 0 0 0 
0 0 44 0 0 0 
0 0 44 0 0 0 
0 0 44 0 0 0 
0 0 44 0 0 0 
0 0 44 0 0 0 
0 0 44 0 0 0 
0 0 44 0 0 0 
0 0 44 0 0 0 
0 0 44 0 0 0 
0 0 44 0 0 0 
0 0 44 0 0 0 
0 0 44 0 0 0 
0 0 44 0 0 0 
0 0 44 0 0 0 
0 0 0 0 35 0 
0 0 0 0 35 0 
0 0 0 0 35 0 
0 0 0 0 35 0 
0 0 0 0 35 0 
0 0 0 0 35 0 
0 0 0 0 35 0 
0 0 0 0 35 0 
0 0 0 0 35 0 
0 0 0 0 35 0 
0 0 0 0 35 0 
0 0 0 0 35 0 
0 0 0 0 35 0 
0 0 0 0 35 0 
0 0 0 0 35 0 
0 0 33 0 0 50 
0 0 33 0 0 50 
0 0 33 0 0 50 
0 0 33 0 0 50 
0 0 33 0 0 50 
0 0 33 0 0 50 
0 0 33 0 0 50 
0 0 33 0 0 50 
0 0 33 0 0 50 
0 0 33 0 0 50 
0 0 33 0 0 50 
0 0 33 0 0 50 
0 0 33 0 0 50 
0 0 33 0 0 50 
0 0 33 0 0 50 
0 0 0 20 0 0 
0 0 0 20 0 0 
0 0 0 20 0 0 
0 0 0 20 0 0 
0 0 0 20 0 0 
0 0 0 20 0 0 
0 0 0 20 0 0 
0 0 0 20 0 0 
0 0 0 20 0 0 
0 0 0 20 0 0 
0 0 0 20 0 0 
0 0 0 20 0 0 
0 0 0 20 0 0 
0 0 0 20 0 0 
0 0 0 20 0 0 
0 0 15 24 0 0 
0 0 15 24 0 0 
0 0 15 24 0 0 
0 0 15 24 0 0 
0 0 15 24 0 0 
0 0 15 24 0 0 
0 0 15 24 0 0 
0 0 15 24 0 0 
0 0 15 24 0 0 
0 0 15 24 0 0 
0 0 15 24 0 0 
0 0 15 24 0 0 
0 0 15 24 0 0 
0 0 15 24 0 0 
0 0 15 24 0 0 
0 0 0 21 0 0 
0 0 0 21 0 0 
0 0 0 21 0 0 
0 0 0 21 0 0 
0 0 0 21 0 0 
0 0 0 21 0 0 
0 0 0 21 0 0 
0 0 0 21 0 0 
0 0 0 21 0 0 
0 0 0 21 0 0 
0 0 0 21 0 0 
0 0 0 21 0 0 
0 0 0 21 0 0 
0 0 0 21 0 0 
0 0 0 21 0 0 
0 30 0 0 0 0 
0 30 0 0 0 0 
0 30 0 0 0 0 
0 30 0 0 0 0 
0 30 0 0 0 0 
0 30 0 0 0 0 
0 30 0 0 0 0 
0 30 0 0 0 0 
0 30 0 0 0 0 
0 30 0 0 0 0 
0 30 0 0 0 0 
0 30 0 0 0 0 
0 30 0 0 0 0 
0 30 0 0 0 0 
0 30 0 0 0 0 
0 0 51 0 0 26 
0 0 51 0 0 26 
0 0 51 0 0 26 
0 0 51 0 0 26 
0 0 51 0 0 26 
0 0 51 0 0 26 
0 0 51 0 0 26 
0 0 51 0 0 26 
0 0 51 0 0 26 
0 0 51 0 0 26 
0 0 51 0 0 26 
0 0 51 0 0 26 
0 0 51 0 0 26 
0 0 51 0 0 26 
0 0 51 0 0 26 
34 0 0 0 0 22 
34 0 0 0 0 22 
34 0 0 0 0 22 
34 0 0 0 0 22 
34 0 0 0 0 22 
34 0 0 0 0 22 
34 0 0 0 0 22 
34 0 0 0 0 22 
34 0 0 0 0 22 
34 0 0 0 0 22 
34 0 0 0 0 22 
34 0 0 0 0 22 
34 0 0 0 0 22 
34 0 0 0 0 22 
34 0 0 0 0 22 
0 32 0 0 0 31 
0 32 0 0 0 31 
0 32 0 0 0 31 
0 32 0 0 0 31 
0 32 0 0 0 31 
0 32 0 0 0 31 
0 32 0 0 0 31 
0 32 0 0 0 31 
0 32 0 0 0 31 
0 32 0 0 0 31 
0 32 0 0 0 31 
0 32 0 0 0 31 
0 32 0 0 0 31 
0 32 0 0 0 31 
0 32 0 0 0 31 
0 0 45 0 0 0 
0 0 45 0 0 0 
0 0 45 0 0 0 
0 0 45 0 0 0 
0 0 45 0 0 0 
0 0 45 0 0 0 
0 0 45 0 0 0 
0 0 45 0 0 0 
0 0 45 0 0 0 
0 0 45 0 0 0 
0 0 45 0 0 0 
0 0 45 0 0 0 
0 0 45 0 0 0 
0 0 45 0 0 0 
0 0 45 0 0 0 
0 0 55 23 0 0 
0 0 55 23 0 0 
0 0 55 23 0 0 
0 0 55 23 0 0 
0 0 55 23 0 0 
0 0 55 23 0 0 
0 0 55 23 0 0 
0 0 55 23 0 0 
0 0 55 23 0 0 
0 0 55 23 0 0 
0 0 55 23 0 0 
0 0 55 23 0 0 
0 0 55 23 0 0 
0 0 55 23 0 0 
0 0 55 23 0 0 
0 0 0 0 0 47 
0 0 0 0 0 47 
0 0 0 0 0 47 
0 0 0 0 0 47 
0 0 0 0 0 47 
0 0 0 0 0 47 
0 0 0 0 0 47 
0 0 0 0 0 47 
0 0 0 0 0 47 
0 0 0 0 0 47 
0 0 0 0 0 47 
0 0 0 0 0 47 
0 0 0 0 0 47 
0 0 0 0 0 47 
0 0 0 0 0 47 
0.0 0.0 0.0 0.0 0.0 0.0 
0.0 0.0 0.0 0.0 0.0 0.0 
0.0 0.0 0.0 0.0 0.0 0.0 
0.0 0.0 0.0 0.0 0.0 0.0 
0.0 0.0 0.0 0.0 0.0 0.0 
0.0 0.0 0.0 0.0 0.0 0.0 
0.0 0.0 0.0 0.0 0.0 0.0 
0.0 0.0 0.0 0.0 0.0 0.0 
0.0 0.0 0.0 0.0 0.0 0.0 
0.0 0.0 0.0 0.0 0.0 0.0 
0.0 0.0 0.0 0.0 0.0 0.0 
0.0 0.0 0.0 0.0 0.0 0.0 
0.0 0.0 0.0 0.0 0.0 0.0 
0.0 0.0 0.0 0.0 0.0 0.0 
0.0 0.0 0.0 0.0 0.0 0.0 
mind
0 0 0 0 0 0 12 0 24 22 0 0 0 0 12 0 0 0 0 0 0 0 0 0 0 0 11 0 0 0 0 0 0 0 0 0 0 14 10 0 0 13 0 0 18 0 0 0 0 0 0 0 0 0 0 0 0 0 15 0 0 0 0 0 0 0 0 0 0 0 14 0 12 0 0 0 0
maxd
0 0 0 0 0 0 24 0 25 27 0 0 0 0 24 0 0 0 0 0 0 0 0 0 0 0 24 0 0 0 0 0 0 0 0 0 0 28 27 0 0 20 0 0 26 0 0 0 0 0 0 0 0 0 0 0 0 0 27 0 0 0 0 0 0 0 0 0 0 0 28 0 25 0 0 0 0
e
0 674 731 568 622 651 502 666 576 670 607 515 577 681 768 495 893 571 597 661 673 885 603 773 802 723 881 832 535 515 507 879 675 693 730 640 655 737 703 707 667 901 548 912 822 832 781 522 529 489 960 697 788 848 811 753 667 915 746 687 662 803 608 959 729 758 486 844 668 894 578 562 752 660 617 931 0
l
99999 794 851 688 742 771 622 786 696 790 727 635 697 801 888 615 1013 691 717 781 793 1005 723 893 922 843 1001 952 655 635 627 999 795 813 850 760 775 857 823 827 787 1021 668 1032 942 952 901 642 649 609 1080 817 908 968 931 873 787 1035 866 807 782 923 728 1079 849 878 606 964 788 1014 698 682 872 780 737 1051 99999
