nbNodes
27
nbVehi
5
nbServi
6
r
1 1 1 1 1 1 
0 1 0 0 0 1 
0 0 1 0 0 0 
0 1 0 1 0 0 
0 0 1 0 0 0 
0 1 0 0 0 1 
0 0 1 1 0 0 
0 1 0 0 0 0 
0 0 0 1 0 0 
0 0 0 0 0 1 
0 1 0 0 0 1 
0 1 0 0 0 0 
1 0 0 0 0 1 
0 0 0 0 1 0 
1 0 0 0 0 1 
0 0 0 0 0 1 
0 0 0 0 1 0 
0 0 0 0 1 0 
0 0 0 0 0 1 
0 0 0 0 0 1 
0 0 0 1 0 0 
0 1 0 0 0 0 
0 1 0 0 0 0 
0 0 0 1 0 0 
0 1 0 0 0 0 
1 0 0 1 0 0 
1 1 1 1 1 1 
DS
2 4 6 7 11 13 15 26 
a
1 0 0 0 0 0 
0 1 1 0 0 0 
0 0 0 0 1 0 
0 0 0 1 0 1 
0 0 0 1 0 1 
x
-30.1298 -30.0719 -30.0833 -30.1058 -30.046 -30.1124 -30.0132 -30.1212 -30.071 -30.0975 -30.1006 -30.0867 -30.1165 -30.1037 -30.0923 -30.0999 -30.0228 -30.0976 -30.1405 -30.0233 -30.0331 -30.1094 -30.1373 -30.0715 -30.1298 -30.0994 -30.1298
y
-51.1977 -51.2206 -51.2282 -51.224 -51.0975 -51.2481 -51.2081 -51.2516 -51.2346 -51.2271 -51.231 -51.2186 -51.2197 -51.212 -51.2246 -51.2539 -51.2085 -51.2272 -51.1978 -51.2064 -51.1049 -51.2183 -51.2109 -51.2216 -51.1977 -51.2427 -51.1977
d
0.00000 17.00000 14.00000 9.00000 33.00000 13.00000 27.00000 14.00000 19.00000 10.00000 10.00000 12.00000 8.00000 11.00000 11.00000 16.00000 26.00000 10.00000 4.00000 26.00000 34.00000 8.00000 6.00000 17.00000 0.00000 13.00000 0.00000
18.00000 0.00000 5.00000 11.00000 25.00000 13.00000 15.00000 14.00000 5.00000 9.00000 11.00000 6.00000 14.00000 13.00000 8.00000 12.00000 13.00000 9.00000 21.00000 13.00000 26.00000 12.00000 18.00000 1.00000 18.00000 9.00000 18.00000
15.00000 5.00000 0.00000 7.00000 26.00000 10.00000 19.00000 11.00000 6.00000 6.00000 8.00000 4.00000 11.00000 10.00000 4.00000 9.00000 18.00000 6.00000 17.00000 17.00000 27.00000 9.00000 15.00000 5.00000 15.00000 7.00000 15.00000
9.00000 9.00000 6.00000 0.00000 25.00000 7.00000 20.00000 9.00000 11.00000 3.00000 3.00000 5.00000 5.00000 4.00000 4.00000 8.00000 19.00000 3.00000 11.00000 19.00000 27.00000 2.00000 11.00000 10.00000 9.00000 6.00000 9.00000
35.00000 25.00000 27.00000 28.00000 0.00000 30.00000 21.00000 33.00000 28.00000 26.00000 28.00000 24.00000 31.00000 30.00000 25.00000 32.00000 21.00000 26.00000 38.00000 20.00000 5.00000 29.00000 35.00000 26.00000 35.00000 28.00000 35.00000
15.00000 14.00000 11.00000 7.00000 30.00000 0.00000 24.00000 4.00000 15.00000 7.00000 5.00000 10.00000 9.00000 10.00000 9.00000 5.00000 22.00000 7.00000 15.00000 23.00000 31.00000 8.00000 12.00000 14.00000 15.00000 6.00000 15.00000
28.00000 15.00000 18.00000 21.00000 21.00000 23.00000 0.00000 23.00000 16.00000 20.00000 21.00000 17.00000 24.00000 24.00000 18.00000 21.00000 4.00000 20.00000 31.00000 5.00000 22.00000 22.00000 29.00000 15.00000 28.00000 20.00000 28.00000
14.00000 14.00000 11.00000 9.00000 31.00000 4.00000 24.00000 0.00000 15.00000 8.00000 7.00000 11.00000 10.00000 11.00000 10.00000 5.00000 22.00000 8.00000 13.00000 23.00000 33.00000 10.00000 10.00000 14.00000 14.00000 6.00000 14.00000
20.00000 5.00000 6.00000 12.00000 28.00000 15.00000 17.00000 15.00000 0.00000 11.00000 13.00000 8.00000 15.00000 15.00000 9.00000 13.00000 16.00000 11.00000 22.00000 16.00000 29.00000 13.00000 20.00000 5.00000 20.00000 11.00000 20.00000
10.00000 8.00000 5.00000 3.00000 24.00000 6.00000 19.00000 9.00000 10.00000 0.00000 3.00000 4.00000 7.00000 6.00000 3.00000 8.00000 17.00000 1.00000 13.00000 17.00000 25.00000 4.00000 12.00000 8.00000 10.00000 5.00000 10.00000
11.00000 9.00000 6.00000 4.00000 25.00000 5.00000 20.00000 8.00000 11.00000 2.00000 0.00000 5.00000 6.00000 7.00000 4.00000 7.00000 18.00000 2.00000 13.00000 18.00000 26.00000 5.00000 10.00000 10.00000 11.00000 3.00000 11.00000
13.00000 6.00000 4.00000 6.00000 24.00000 9.00000 18.00000 11.00000 8.00000 5.00000 6.00000 0.00000 9.00000 9.00000 3.00000 10.00000 17.00000 5.00000 16.00000 17.00000 25.00000 7.00000 14.00000 6.00000 13.00000 6.00000 13.00000
8.00000 13.00000 10.00000 5.00000 29.00000 8.00000 24.00000 10.00000 15.00000 6.00000 5.00000 9.00000 0.00000 7.00000 8.00000 11.00000 23.00000 6.00000 11.00000 23.00000 31.00000 5.00000 9.00000 14.00000 8.00000 8.00000 8.00000
11.00000 12.00000 9.00000 4.00000 28.00000 9.00000 23.00000 12.00000 14.00000 5.00000 6.00000 8.00000 7.00000 0.00000 7.00000 11.00000 21.00000 5.00000 13.00000 21.00000 29.00000 4.00000 13.00000 12.00000 11.00000 8.00000 11.00000
12.00000 7.00000 4.00000 4.00000 24.00000 7.00000 18.00000 10.00000 9.00000 3.00000 5.00000 3.00000 8.00000 7.00000 0.00000 9.00000 17.00000 3.00000 14.00000 17.00000 25.00000 5.00000 12.00000 8.00000 12.00000 5.00000 12.00000
16.00000 12.00000 9.00000 9.00000 30.00000 6.00000 22.00000 5.00000 13.00000 7.00000 7.00000 10.00000 11.00000 11.00000 9.00000 0.00000 21.00000 7.00000 17.00000 21.00000 31.00000 10.00000 14.00000 13.00000 16.00000 4.00000 16.00000
26.00000 12.00000 16.00000 18.00000 20.00000 21.00000 4.00000 21.00000 14.00000 17.00000 19.00000 15.00000 22.00000 21.00000 16.00000 19.00000 0.00000 17.00000 28.00000 2.00000 21.00000 20.00000 26.00000 12.00000 26.00000 18.00000 26.00000
10.00000 8.00000 5.00000 3.00000 24.00000 6.00000 19.00000 9.00000 10.00000 1.00000 3.00000 4.00000 7.00000 6.00000 3.00000 8.00000 17.00000 0.00000 13.00000 17.00000 25.00000 4.00000 12.00000 8.00000 10.00000 5.00000 10.00000
4.00000 19.00000 16.00000 11.00000 35.00000 15.00000 30.00000 13.00000 21.00000 13.00000 12.00000 15.00000 11.00000 13.00000 14.00000 16.00000 29.00000 13.00000 0.00000 29.00000 37.00000 11.00000 7.00000 20.00000 4.00000 15.00000 4.00000
26.00000 13.00000 17.00000 19.00000 21.00000 22.00000 5.00000 22.00000 15.00000 18.00000 19.00000 15.00000 22.00000 22.00000 16.00000 20.00000 3.00000 18.00000 29.00000 0.00000 22.00000 20.00000 27.00000 13.00000 26.00000 19.00000 26.00000
36.00000 26.00000 28.00000 29.00000 5.00000 32.00000 22.00000 34.00000 29.00000 28.00000 29.00000 25.00000 32.00000 31.00000 26.00000 33.00000 22.00000 28.00000 39.00000 21.00000 0.00000 30.00000 37.00000 27.00000 36.00000 29.00000 36.00000
8.00000 10.00000 7.00000 2.00000 27.00000 8.00000 21.00000 10.00000 12.00000 4.00000 4.00000 6.00000 5.00000 4.00000 5.00000 9.00000 20.00000 4.00000 11.00000 20.00000 28.00000 0.00000 11.00000 11.00000 8.00000 7.00000 8.00000
6.00000 18.00000 15.00000 11.00000 34.00000 13.00000 29.00000 10.00000 20.00000 11.00000 10.00000 14.00000 8.00000 13.00000 13.00000 14.00000 28.00000 11.00000 7.00000 27.00000 35.00000 10.00000 0.00000 19.00000 6.00000 12.00000 6.00000
18.00000 1.00000 5.00000 11.00000 25.00000 14.00000 15.00000 14.00000 5.00000 10.00000 11.00000 7.00000 14.00000 14.00000 8.00000 12.00000 13.00000 10.00000 21.00000 13.00000 26.00000 12.00000 19.00000 0.00000 18.00000 10.00000 18.00000
0.00000 17.00000 14.00000 9.00000 33.00000 13.00000 27.00000 14.00000 19.00000 10.00000 10.00000 12.00000 8.00000 11.00000 11.00000 16.00000 26.00000 10.00000 4.00000 26.00000 34.00000 8.00000 6.00000 17.00000 0.00000 13.00000 0.00000
13.00000 9.00000 7.00000 6.00000 27.00000 5.00000 21.00000 7.00000 11.00000 4.00000 4.00000 7.00000 8.00000 8.00000 6.00000 5.00000 19.00000 4.00000 15.00000 19.00000 28.00000 7.00000 12.00000 10.00000 13.00000 0.00000 13.00000
0.00000 17.00000 14.00000 9.00000 33.00000 13.00000 27.00000 14.00000 19.00000 10.00000 10.00000 12.00000 8.00000 11.00000 11.00000 16.00000 26.00000 10.00000 4.00000 26.00000 34.00000 8.00000 6.00000 17.00000 0.00000 13.00000 0.00000
p
0.0 0.0 0.0 0.0 0.0 0.0 
0.0 0.0 0.0 0.0 0.0 0.0 
0.0 0.0 0.0 0.0 0.0 0.0 
0.0 0.0 0.0 0.0 0.0 0.0 
0.0 0.0 0.0 0.0 0.0 0.0 
0 48 0 0 0 41 
0 48 0 0 0 41 
0 48 0 0 0 41 
0 48 0 0 0 41 
0 48 0 0 0 41 
0 0 33 0 0 0 
0 0 33 0 0 0 
0 0 33 0 0 0 
0 0 33 0 0 0 
0 0 33 0 0 0 
0 44 0 15 0 0 
0 44 0 15 0 0 
0 44 0 15 0 0 
0 44 0 15 0 0 
0 44 0 15 0 0 
0 0 36 0 0 0 
0 0 36 0 0 0 
0 0 36 0 0 0 
0 0 36 0 0 0 
0 0 36 0 0 0 
0 43 0 0 0 29 
0 43 0 0 0 29 
0 43 0 0 0 29 
0 43 0 0 0 29 
0 43 0 0 0 29 
0 0 19 55 0 0 
0 0 19 55 0 0 
0 0 19 55 0 0 
0 0 19 55 0 0 
0 0 19 55 0 0 
0 15 0 0 0 0 
0 15 0 0 0 0 
0 15 0 0 0 0 
0 15 0 0 0 0 
0 15 0 0 0 0 
0 0 0 53 0 0 
0 0 0 53 0 0 
0 0 0 53 0 0 
0 0 0 53 0 0 
0 0 0 53 0 0 
0 0 0 0 0 31 
0 0 0 0 0 31 
0 0 0 0 0 31 
0 0 0 0 0 31 
0 0 0 0 0 31 
0 52 0 0 0 20 
0 52 0 0 0 20 
0 52 0 0 0 20 
0 52 0 0 0 20 
0 52 0 0 0 20 
0 59 0 0 0 0 
0 59 0 0 0 0 
0 59 0 0 0 0 
0 59 0 0 0 0 
0 59 0 0 0 0 
44 0 0 0 0 38 
44 0 0 0 0 38 
44 0 0 0 0 38 
44 0 0 0 0 38 
44 0 0 0 0 38 
0 0 0 0 42 0 
0 0 0 0 42 0 
0 0 0 0 42 0 
0 0 0 0 42 0 
0 0 0 0 42 0 
56 0 0 0 0 21 
56 0 0 0 0 21 
56 0 0 0 0 21 
56 0 0 0 0 21 
56 0 0 0 0 21 
0 0 0 0 0 51 
0 0 0 0 0 51 
0 0 0 0 0 51 
0 0 0 0 0 51 
0 0 0 0 0 51 
0 0 0 0 47 0 
0 0 0 0 47 0 
0 0 0 0 47 0 
0 0 0 0 47 0 
0 0 0 0 47 0 
0 0 0 0 30 0 
0 0 0 0 30 0 
0 0 0 0 30 0 
0 0 0 0 30 0 
0 0 0 0 30 0 
0 0 0 0 0 27 
0 0 0 0 0 27 
0 0 0 0 0 27 
0 0 0 0 0 27 
0 0 0 0 0 27 
0 0 0 0 0 39 
0 0 0 0 0 39 
0 0 0 0 0 39 
0 0 0 0 0 39 
0 0 0 0 0 39 
0 0 0 57 0 0 
0 0 0 57 0 0 
0 0 0 57 0 0 
0 0 0 57 0 0 
0 0 0 57 0 0 
0 59 0 0 0 0 
0 59 0 0 0 0 
0 59 0 0 0 0 
0 59 0 0 0 0 
0 59 0 0 0 0 
0 15 0 0 0 0 
0 15 0 0 0 0 
0 15 0 0 0 0 
0 15 0 0 0 0 
0 15 0 0 0 0 
0 0 0 23 0 0 
0 0 0 23 0 0 
0 0 0 23 0 0 
0 0 0 23 0 0 
0 0 0 23 0 0 
0 59 0 0 0 0 
0 59 0 0 0 0 
0 59 0 0 0 0 
0 59 0 0 0 0 
0 59 0 0 0 0 
25 0 0 34 0 0 
25 0 0 34 0 0 
25 0 0 34 0 0 
25 0 0 34 0 0 
25 0 0 34 0 0 
0.0 0.0 0.0 0.0 0.0 0.0 
0.0 0.0 0.0 0.0 0.0 0.0 
0.0 0.0 0.0 0.0 0.0 0.0 
0.0 0.0 0.0 0.0 0.0 0.0 
0.0 0.0 0.0 0.0 0.0 0.0 
mind
0 0 0 10 0 13 0 0 0 0 15 0 26 0 0 0 0 0 0 0 0 0 0 0 0 0 0
maxd
0 0 0 22 0 19 0 0 0 0 19 0 29 0 0 0 0 0 0 0 0 0 0 0 0 0 0
e
0 728 701 628 758 822 631 943 502 665 736 923 654 755 698 627 500 901 505 814 727 846 608 617 756 769 0
l
99999 848 821 748 878 942 751 1063 622 785 856 1043 774 875 818 747 620 1021 625 934 847 966 728 737 876 889 99999
