nbNodes
27
nbVehi
5
nbServi
6
r
1 1 1 1 1 1 
0 0 0 1 0 0 
0 0 1 0 0 1 
0 0 0 1 0 0 
1 0 0 0 0 1 
0 1 0 0 0 0 
0 0 1 0 0 0 
1 0 0 0 0 1 
0 0 0 1 0 0 
0 0 0 1 0 0 
1 0 0 0 0 0 
0 0 0 1 0 0 
0 0 1 0 0 1 
0 0 1 0 0 0 
0 1 0 1 0 0 
0 0 1 0 0 0 
0 1 0 1 0 0 
1 0 0 1 0 0 
0 0 0 1 0 0 
0 0 0 1 0 0 
0 1 0 0 0 0 
0 0 0 0 1 0 
0 0 1 0 0 0 
0 0 0 1 0 0 
1 0 0 0 1 0 
0 1 0 0 0 0 
1 1 1 1 1 1 
DS
3 5 8 13 15 17 18 25 
a
1 0 1 0 0 0 
1 1 1 0 0 0 
0 0 0 1 1 1 
0 0 0 1 0 0 
0 0 0 1 1 1 
x
-30.0394 -30.0513 -30.1316 -30.0752 -30.0647 -30.006 -29.9988 -30.0297 -30.0057 -30.0926 -30.0806 -30.004 -30 -30.0882 -30.0676 -30.0057 -30.048 -30.008 -30.0394 -30.1405 -30.0629 -30.0248 -30.1293 -30.1822 -30.0438 -29.9833 -30.0394
y
-51.2051 -51.2149 -51.203 -51.1638 -51.1972 -51.1059 -51.1993 -51.1907 -51.1957 -51.1752 -51.1919 -51.2014 -51.1485 -51.1295 -51.2349 -51.1563 -51.1658 -51.2043 -51.2051 -51.1747 -51.1664 -51.148 -51.2267 -51.1805 -51.1842 -51.1968 -51.2051
d
0.00000 6.00000 24.00000 15.00000 8.00000 21.00000 11.00000 8.00000 9.00000 16.00000 13.00000 10.00000 17.00000 19.00000 11.00000 15.00000 9.00000 9.00000 0.00000 25.00000 10.00000 13.00000 20.00000 34.00000 4.00000 14.00000 0.00000
6.00000 0.00000 22.00000 15.00000 7.00000 26.00000 14.00000 10.00000 12.00000 14.00000 11.00000 12.00000 19.00000 19.00000 9.00000 18.00000 13.00000 12.00000 6.00000 23.00000 10.00000 17.00000 18.00000 32.00000 8.00000 15.00000 6.00000
23.00000 22.00000 0.00000 27.00000 20.00000 38.00000 31.00000 27.00000 29.00000 17.00000 20.00000 30.00000 34.00000 26.00000 19.00000 32.00000 24.00000 29.00000 23.00000 10.00000 21.00000 29.00000 9.00000 17.00000 24.00000 33.00000 23.00000
16.00000 16.00000 29.00000 0.00000 14.00000 23.00000 20.00000 17.00000 20.00000 17.00000 16.00000 21.00000 22.00000 14.00000 22.00000 20.00000 11.00000 21.00000 16.00000 28.00000 7.00000 17.00000 25.00000 39.00000 15.00000 23.00000 16.00000
8.00000 8.00000 19.00000 12.00000 0.00000 25.00000 16.00000 11.00000 14.00000 12.00000 8.00000 14.00000 21.00000 16.00000 13.00000 19.00000 11.00000 14.00000 8.00000 21.00000 7.00000 16.00000 15.00000 29.00000 9.00000 18.00000 8.00000
22.00000 25.00000 39.00000 23.00000 24.00000 0.00000 18.00000 19.00000 17.00000 32.00000 28.00000 18.00000 11.00000 23.00000 31.00000 12.00000 17.00000 19.00000 22.00000 38.00000 19.00000 14.00000 35.00000 49.00000 18.00000 21.00000 22.00000
10.00000 13.00000 31.00000 21.00000 16.00000 18.00000 0.00000 9.00000 4.00000 23.00000 20.00000 2.00000 9.00000 25.00000 17.00000 9.00000 14.00000 4.00000 10.00000 32.00000 16.00000 14.00000 27.00000 41.00000 11.00000 5.00000 10.00000
5.00000 9.00000 27.00000 16.00000 11.00000 20.00000 10.00000 0.00000 8.00000 19.00000 16.00000 8.00000 12.00000 20.00000 15.00000 11.00000 9.00000 8.00000 5.00000 28.00000 11.00000 11.00000 23.00000 37.00000 6.00000 12.00000 5.00000
8.00000 12.00000 30.00000 19.00000 14.00000 18.00000 3.00000 7.00000 0.00000 22.00000 19.00000 2.00000 9.00000 23.00000 17.00000 9.00000 12.00000 3.00000 8.00000 31.00000 14.00000 12.00000 26.00000 40.00000 9.00000 6.00000 8.00000
15.00000 16.00000 17.00000 17.00000 12.00000 31.00000 24.00000 20.00000 22.00000 0.00000 10.00000 22.00000 28.00000 16.00000 20.00000 26.00000 17.00000 22.00000 15.00000 13.00000 15.00000 23.00000 17.00000 24.00000 17.00000 26.00000 15.00000
12.00000 13.00000 22.00000 15.00000 8.00000 26.00000 19.00000 15.00000 19.00000 10.00000 0.00000 19.00000 23.00000 19.00000 17.00000 21.00000 12.00000 18.00000 12.00000 19.00000 10.00000 18.00000 18.00000 30.00000 12.00000 22.00000 12.00000
9.00000 12.00000 30.00000 21.00000 14.00000 18.00000 3.00000 9.00000 3.00000 23.00000 19.00000 0.00000 9.00000 24.00000 17.00000 9.00000 14.00000 2.00000 9.00000 32.00000 15.00000 13.00000 26.00000 40.00000 11.00000 5.00000 9.00000
16.00000 19.00000 37.00000 23.00000 21.00000 11.00000 9.00000 12.00000 10.00000 29.00000 25.00000 10.00000 0.00000 24.00000 25.00000 4.00000 14.00000 11.00000 16.00000 38.00000 17.00000 8.00000 33.00000 47.00000 15.00000 12.00000 16.00000
18.00000 19.00000 29.00000 15.00000 17.00000 23.00000 23.00000 19.00000 22.00000 19.00000 20.00000 23.00000 23.00000 0.00000 25.00000 20.00000 13.00000 24.00000 18.00000 23.00000 11.00000 17.00000 28.00000 34.00000 17.00000 25.00000 18.00000
10.00000 8.00000 22.00000 20.00000 11.00000 30.00000 17.00000 15.00000 17.00000 18.00000 15.00000 17.00000 24.00000 24.00000 0.00000 23.00000 18.00000 16.00000 10.00000 24.00000 15.00000 22.00000 18.00000 33.00000 13.00000 19.00000 10.00000
13.00000 16.00000 34.00000 21.00000 18.00000 13.00000 9.00000 10.00000 8.00000 27.00000 22.00000 9.00000 4.00000 22.00000 22.00000 0.00000 12.00000 11.00000 13.00000 36.00000 15.00000 7.00000 30.00000 44.00000 13.00000 11.00000 13.00000
11.00000 14.00000 26.00000 12.00000 11.00000 16.00000 13.00000 10.00000 12.00000 19.00000 14.00000 13.00000 13.00000 14.00000 19.00000 11.00000 0.00000 14.00000 11.00000 28.00000 6.00000 8.00000 22.00000 36.00000 7.00000 16.00000 11.00000
9.00000 12.00000 30.00000 21.00000 14.00000 20.00000 4.00000 9.00000 3.00000 23.00000 19.00000 2.00000 10.00000 24.00000 17.00000 10.00000 14.00000 0.00000 9.00000 32.00000 15.00000 13.00000 26.00000 40.00000 11.00000 6.00000 9.00000
0.00000 6.00000 24.00000 15.00000 8.00000 21.00000 11.00000 8.00000 9.00000 16.00000 13.00000 10.00000 17.00000 19.00000 11.00000 15.00000 9.00000 9.00000 0.00000 25.00000 10.00000 13.00000 20.00000 34.00000 4.00000 14.00000 0.00000
24.00000 24.00000 10.00000 28.00000 21.00000 39.00000 32.00000 29.00000 31.00000 13.00000 19.00000 31.00000 36.00000 20.00000 21.00000 34.00000 25.00000 30.00000 24.00000 0.00000 23.00000 31.00000 12.00000 12.00000 25.00000 35.00000 24.00000
10.00000 11.00000 24.00000 6.00000 9.00000 19.00000 15.00000 12.00000 15.00000 16.00000 12.00000 15.00000 17.00000 10.00000 17.00000 15.00000 6.00000 16.00000 10.00000 25.00000 0.00000 12.00000 20.00000 34.00000 9.00000 18.00000 10.00000
14.00000 17.00000 32.00000 17.00000 16.00000 14.00000 12.00000 10.00000 11.00000 25.00000 20.00000 12.00000 8.00000 18.00000 23.00000 5.00000 9.00000 13.00000 14.00000 33.00000 12.00000 0.00000 28.00000 42.00000 10.00000 15.00000 14.00000
20.00000 19.00000 9.00000 24.00000 17.00000 35.00000 28.00000 24.00000 26.00000 17.00000 17.00000 27.00000 31.00000 27.00000 15.00000 29.00000 21.00000 26.00000 20.00000 12.00000 18.00000 26.00000 0.00000 17.00000 21.00000 30.00000 20.00000
34.00000 33.00000 17.00000 38.00000 30.00000 49.00000 42.00000 38.00000 40.00000 24.00000 30.00000 41.00000 45.00000 31.00000 29.00000 43.00000 35.00000 40.00000 34.00000 12.00000 32.00000 40.00000 16.00000 0.00000 34.00000 44.00000 34.00000
7.00000 10.00000 24.00000 13.00000 7.00000 18.00000 12.00000 7.00000 11.00000 17.00000 12.00000 12.00000 15.00000 16.00000 16.00000 12.00000 6.00000 13.00000 7.00000 26.00000 7.00000 9.00000 20.00000 34.00000 0.00000 15.00000 7.00000
13.00000 16.00000 33.00000 23.00000 18.00000 20.00000 4.00000 12.00000 6.00000 26.00000 23.00000 5.00000 12.00000 27.00000 19.00000 12.00000 17.00000 7.00000 13.00000 35.00000 18.00000 16.00000 29.00000 43.00000 14.00000 0.00000 13.00000
0.00000 6.00000 24.00000 15.00000 8.00000 21.00000 11.00000 8.00000 9.00000 16.00000 13.00000 10.00000 17.00000 19.00000 11.00000 15.00000 9.00000 9.00000 0.00000 25.00000 10.00000 13.00000 20.00000 34.00000 4.00000 14.00000 0.00000
p
0.0 0.0 0.0 0.0 0.0 0.0 
0.0 0.0 0.0 0.0 0.0 0.0 
0.0 0.0 0.0 0.0 0.0 0.0 
0.0 0.0 0.0 0.0 0.0 0.0 
0.0 0.0 0.0 0.0 0.0 0.0 
0 0 0 16 0 0 
0 0 0 16 0 0 
0 0 0 16 0 0 
0 0 0 16 0 0 
0 0 0 16 0 0 
0 0 16 0 0 38 
0 0 16 0 0 38 
0 0 16 0 0 38 
0 0 16 0 0 38 
0 0 16 0 0 38 
0 0 0 15 0 0 
0 0 0 15 0 0 
0 0 0 15 0 0 
0 0 0 15 0 0 
0 0 0 15 0 0 
29 0 0 0 0 48 
29 0 0 0 0 48 
29 0 0 0 0 48 
29 0 0 0 0 48 
29 0 0 0 0 48 
0 37 0 0 0 0 
0 37 0 0 0 0 
0 37 0 0 0 0 
0 37 0 0 0 0 
0 37 0 0 0 0 
0 0 43 0 0 0 
0 0 43 0 0 0 
0 0 43 0 0 0 
0 0 43 0 0 0 
0 0 43 0 0 0 
20 0 0 0 0 52 
20 0 0 0 0 52 
20 0 0 0 0 52 
20 0 0 0 0 52 
20 0 0 0 0 52 
0 0 0 26 0 0 
0 0 0 26 0 0 
0 0 0 26 0 0 
0 0 0 26 0 0 
0 0 0 26 0 0 
0 0 0 58 0 0 
0 0 0 58 0 0 
0 0 0 58 0 0 
0 0 0 58 0 0 
0 0 0 58 0 0 
47 0 0 0 0 0 
47 0 0 0 0 0 
47 0 0 0 0 0 
47 0 0 0 0 0 
47 0 0 0 0 0 
0 0 0 49 0 0 
0 0 0 49 0 0 
0 0 0 49 0 0 
0 0 0 49 0 0 
0 0 0 49 0 0 
0 0 38 0 0 60 
0 0 38 0 0 60 
0 0 38 0 0 60 
0 0 38 0 0 60 
0 0 38 0 0 60 
0 0 45 0 0 0 
0 0 45 0 0 0 
0 0 45 0 0 0 
0 0 45 0 0 0 
0 0 45 0 0 0 
0 24 0 41 0 0 
0 24 0 41 0 0 
0 24 0 41 0 0 
0 24 0 41 0 0 
0 24 0 41 0 0 
0 0 30 0 0 0 
0 0 30 0 0 0 
0 0 30 0 0 0 
0 0 30 0 0 0 
0 0 30 0 0 0 
0 50 0 39 0 0 
0 50 0 39 0 0 
0 50 0 39 0 0 
0 50 0 39 0 0 
0 50 0 39 0 0 
29 0 0 28 0 0 
29 0 0 28 0 0 
29 0 0 28 0 0 
29 0 0 28 0 0 
29 0 0 28 0 0 
0 0 0 36 0 0 
0 0 0 36 0 0 
0 0 0 36 0 0 
0 0 0 36 0 0 
0 0 0 36 0 0 
0 0 0 27 0 0 
0 0 0 27 0 0 
0 0 0 27 0 0 
0 0 0 27 0 0 
0 0 0 27 0 0 
0 49 0 0 0 0 
0 49 0 0 0 0 
0 49 0 0 0 0 
0 49 0 0 0 0 
0 49 0 0 0 0 
0 0 0 0 60 0 
0 0 0 0 60 0 
0 0 0 0 60 0 
0 0 0 0 60 0 
0 0 0 0 60 0 
0 0 18 0 0 0 
0 0 18 0 0 0 
0 0 18 0 0 0 
0 0 18 0 0 0 
0 0 18 0 0 0 
0 0 0 23 0 0 
0 0 0 23 0 0 
0 0 0 23 0 0 
0 0 0 23 0 0 
0 0 0 23 0 0 
41 0 0 0 38 0 
41 0 0 0 38 0 
41 0 0 0 38 0 
41 0 0 0 38 0 
41 0 0 0 38 0 
0 31 0 0 0 0 
0 31 0 0 0 0 
0 31 0 0 0 0 
0 31 0 0 0 0 
0 31 0 0 0 0 
0.0 0.0 0.0 0.0 0.0 0.0 
0.0 0.0 0.0 0.0 0.0 0.0 
0.0 0.0 0.0 0.0 0.0 0.0 
0.0 0.0 0.0 0.0 0.0 0.0 
0.0 0.0 0.0 0.0 0.0 0.0 
mind
0 0 0 0 0 0 0 24 0 0 0 0 11 0 0 0 0 19 0 0 0 0 0 0 14 0 0
maxd
0 0 0 0 0 0 0 28 0 0 0 0 11 0 0 0 0 25 0 0 0 0 0 0 16 0 0
e
0 949 493 727 932 518 610 629 766 697 515 824 720 754 584 835 584 558 932 720 548 585 856 605 791 927 0
l
99999 1069 613 847 1052 638 730 749 886 817 635 944 840 874 704 955 704 678 1052 840 668 705 976 725 911 1047 99999
