nbNodes
27
nbVehi
5
nbServi
6
r
1 1 1 1 1 1 
0 0 1 0 0 0 
1 0 0 1 0 0 
0 0 1 0 0 0 
0 1 0 0 0 0 
1 0 0 0 0 0 
0 0 0 0 1 0 
0 0 1 0 0 1 
0 1 0 0 0 0 
1 0 0 0 0 0 
0 1 0 0 1 0 
1 0 0 0 0 1 
1 0 0 0 1 0 
0 1 0 0 0 0 
1 0 0 0 0 0 
0 0 0 0 1 0 
0 0 0 0 1 0 
0 0 1 0 0 1 
0 0 1 1 0 0 
0 1 0 0 0 0 
1 0 0 0 0 0 
0 1 0 0 0 0 
0 1 0 0 0 0 
0 1 0 0 0 0 
0 0 0 1 0 0 
0 0 1 0 1 0 
1 1 1 1 1 1 
DS
3 8 11 12 13 18 19 26 
a
1 1 1 0 0 0 
1 1 1 0 0 0 
0 0 0 0 0 1 
0 0 0 1 1 1 
0 0 0 1 1 1 
x
-30.0592 -30.0642 -30.0672 -30.0194 -30.0104 -30.1093 -30.0121 -30.0473 -30.1179 -30.032 -30.046 -30.0011 -30.0484 -30.0272 -30.0182 -30.0592 -30.1031 -30.0553 -30.0156 -30.0293 -30.0177 -30.0272 -30.0534 -30.1143 -30.0325 -30.0541 -30.0592
y
-51.1524 -51.1538 -51.1657 -51.1409 -51.0952 -51.201 -51.1134 -51.1596 -51.1941 -51.1106 -51.1318 -51.1036 -51.1609 -51.1508 -51.1019 -51.1524 -51.1384 -51.1486 -51.1428 -51.1278 -51.1011 -51.1282 -51.1536 -51.2102 -51.1146 -51.1482 -51.1524
d
0.00000 2.00000 6.00000 12.00000 17.00000 22.00000 15.00000 6.00000 24.00000 13.00000 8.00000 17.00000 6.00000 10.00000 16.00000 0.00000 12.00000 4.00000 13.00000 12.00000 16.00000 12.00000 6.00000 20.00000 12.00000 5.00000 0.00000
2.00000 0.00000 5.00000 12.00000 17.00000 21.00000 16.00000 6.00000 23.00000 14.00000 8.00000 17.00000 6.00000 10.00000 16.00000 2.00000 12.00000 4.00000 13.00000 13.00000 16.00000 13.00000 6.00000 19.00000 12.00000 5.00000 2.00000
5.00000 4.00000 0.00000 15.00000 20.00000 21.00000 18.00000 7.00000 23.00000 17.00000 11.00000 20.00000 7.00000 12.00000 19.00000 5.00000 14.00000 7.00000 16.00000 15.00000 19.00000 16.00000 9.00000 19.00000 15.00000 8.00000 5.00000
13.00000 12.00000 16.00000 0.00000 10.00000 31.00000 10.00000 10.00000 33.00000 11.00000 9.00000 11.00000 11.00000 5.00000 9.00000 13.00000 22.00000 10.00000 3.00000 7.00000 9.00000 6.00000 12.00000 29.00000 11.00000 10.00000 13.00000
18.00000 16.00000 21.00000 12.00000 0.00000 36.00000 5.00000 16.00000 38.00000 10.00000 12.00000 4.00000 16.00000 15.00000 6.00000 18.00000 26.00000 15.00000 11.00000 11.00000 6.00000 9.00000 16.00000 34.00000 10.00000 14.00000 18.00000
19.00000 21.00000 19.00000 28.00000 34.00000 0.00000 32.00000 21.00000 6.00000 31.00000 26.00000 34.00000 21.00000 24.00000 33.00000 19.00000 16.00000 23.00000 28.00000 29.00000 33.00000 30.00000 23.00000 3.00000 29.00000 23.00000 19.00000
15.00000 14.00000 19.00000 10.00000 6.00000 34.00000 0.00000 13.00000 36.00000 8.00000 10.00000 5.00000 14.00000 13.00000 5.00000 15.00000 24.00000 13.00000 9.00000 9.00000 5.00000 7.00000 14.00000 32.00000 9.00000 12.00000 15.00000
4.00000 5.00000 7.00000 9.00000 16.00000 22.00000 14.00000 0.00000 24.00000 12.00000 7.00000 15.00000 1.00000 6.00000 14.00000 4.00000 15.00000 6.00000 10.00000 11.00000 14.00000 11.00000 5.00000 20.00000 10.00000 6.00000 4.00000
21.00000 22.00000 21.00000 29.00000 36.00000 6.00000 34.00000 22.00000 0.00000 32.00000 27.00000 36.00000 22.00000 26.00000 35.00000 21.00000 15.00000 25.00000 30.00000 31.00000 35.00000 31.00000 24.00000 5.00000 31.00000 25.00000 21.00000
14.00000 13.00000 17.00000 12.00000 9.00000 33.00000 8.00000 12.00000 34.00000 0.00000 9.00000 11.00000 13.00000 12.00000 7.00000 14.00000 23.00000 11.00000 13.00000 9.00000 8.00000 8.00000 12.00000 31.00000 4.00000 11.00000 14.00000
9.00000 8.00000 12.00000 9.00000 12.00000 28.00000 10.00000 8.00000 29.00000 8.00000 0.00000 12.00000 8.00000 8.00000 11.00000 9.00000 18.00000 6.00000 10.00000 7.00000 11.00000 7.00000 7.00000 25.00000 7.00000 6.00000 9.00000
18.00000 16.00000 21.00000 12.00000 3.00000 36.00000 5.00000 16.00000 38.00000 11.00000 12.00000 0.00000 16.00000 15.00000 8.00000 18.00000 26.00000 15.00000 12.00000 11.00000 8.00000 9.00000 16.00000 34.00000 11.00000 14.00000 18.00000
4.00000 5.00000 7.00000 9.00000 16.00000 22.00000 14.00000 1.00000 24.00000 12.00000 7.00000 16.00000 0.00000 6.00000 15.00000 4.00000 15.00000 7.00000 10.00000 11.00000 15.00000 11.00000 6.00000 20.00000 11.00000 7.00000 4.00000
8.00000 9.00000 11.00000 4.00000 13.00000 27.00000 13.00000 5.00000 28.00000 12.00000 7.00000 14.00000 6.00000 0.00000 12.00000 8.00000 19.00000 8.00000 4.00000 7.00000 12.00000 7.00000 8.00000 24.00000 11.00000 7.00000 8.00000
17.00000 16.00000 21.00000 12.00000 4.00000 36.00000 6.00000 15.00000 38.00000 8.00000 12.00000 6.00000 16.00000 15.00000 0.00000 17.00000 26.00000 15.00000 13.00000 11.00000 1.00000 9.00000 16.00000 34.00000 9.00000 14.00000 17.00000
0.00000 2.00000 6.00000 12.00000 17.00000 22.00000 15.00000 6.00000 24.00000 13.00000 8.00000 17.00000 6.00000 10.00000 16.00000 0.00000 12.00000 4.00000 13.00000 12.00000 16.00000 12.00000 6.00000 20.00000 12.00000 5.00000 0.00000
13.00000 12.00000 16.00000 21.00000 27.00000 16.00000 25.00000 15.00000 15.00000 23.00000 17.00000 26.00000 15.00000 19.00000 25.00000 13.00000 0.00000 13.00000 23.00000 22.00000 25.00000 22.00000 15.00000 18.00000 21.00000 14.00000 13.00000
4.00000 3.00000 7.00000 10.00000 15.00000 23.00000 13.00000 5.00000 25.00000 11.00000 6.00000 15.00000 6.00000 8.00000 14.00000 4.00000 13.00000 0.00000 11.00000 10.00000 14.00000 10.00000 4.00000 21.00000 10.00000 2.00000 4.00000
12.00000 12.00000 16.00000 2.00000 11.00000 31.00000 10.00000 9.00000 32.00000 12.00000 10.00000 11.00000 10.00000 5.00000 9.00000 12.00000 22.00000 10.00000 0.00000 8.00000 10.00000 7.00000 11.00000 28.00000 12.00000 10.00000 12.00000
12.00000 11.00000 16.00000 7.00000 11.00000 31.00000 9.00000 10.00000 33.00000 10.00000 7.00000 10.00000 11.00000 7.00000 9.00000 12.00000 21.00000 9.00000 9.00000 0.00000 10.00000 3.00000 11.00000 29.00000 9.00000 9.00000 12.00000
18.00000 16.00000 21.00000 12.00000 4.00000 36.00000 6.00000 16.00000 38.00000 8.00000 12.00000 6.00000 16.00000 15.00000 1.00000 18.00000 26.00000 15.00000 13.00000 11.00000 0.00000 9.00000 16.00000 34.00000 9.00000 14.00000 18.00000
13.00000 11.00000 16.00000 6.00000 9.00000 31.00000 8.00000 11.00000 33.00000 8.00000 7.00000 9.00000 11.00000 7.00000 8.00000 13.00000 21.00000 10.00000 8.00000 3.00000 8.00000 0.00000 11.00000 29.00000 8.00000 9.00000 13.00000
6.00000 6.00000 10.00000 11.00000 17.00000 25.00000 15.00000 5.00000 26.00000 13.00000 8.00000 16.00000 6.00000 8.00000 15.00000 6.00000 15.00000 4.00000 12.00000 12.00000 16.00000 12.00000 0.00000 23.00000 12.00000 3.00000 6.00000
17.00000 18.00000 17.00000 25.00000 32.00000 3.00000 30.00000 19.00000 5.00000 28.00000 23.00000 32.00000 19.00000 22.00000 31.00000 17.00000 18.00000 21.00000 26.00000 27.00000 31.00000 27.00000 21.00000 0.00000 27.00000 21.00000 17.00000
13.00000 11.00000 16.00000 11.00000 9.00000 31.00000 8.00000 11.00000 33.00000 4.00000 7.00000 10.00000 11.00000 11.00000 8.00000 13.00000 21.00000 10.00000 12.00000 8.00000 8.00000 7.00000 11.00000 29.00000 0.00000 9.00000 13.00000
5.00000 4.00000 8.00000 10.00000 15.00000 24.00000 13.00000 6.00000 25.00000 11.00000 6.00000 15.00000 6.00000 8.00000 14.00000 5.00000 14.00000 2.00000 11.00000 10.00000 14.00000 10.00000 3.00000 21.00000 10.00000 0.00000 5.00000
0.00000 2.00000 6.00000 12.00000 17.00000 22.00000 15.00000 6.00000 24.00000 13.00000 8.00000 17.00000 6.00000 10.00000 16.00000 0.00000 12.00000 4.00000 13.00000 12.00000 16.00000 12.00000 6.00000 20.00000 12.00000 5.00000 0.00000
p
0.0 0.0 0.0 0.0 0.0 0.0 
0.0 0.0 0.0 0.0 0.0 0.0 
0.0 0.0 0.0 0.0 0.0 0.0 
0.0 0.0 0.0 0.0 0.0 0.0 
0.0 0.0 0.0 0.0 0.0 0.0 
0 0 27 0 0 0 
0 0 27 0 0 0 
0 0 27 0 0 0 
0 0 27 0 0 0 
0 0 27 0 0 0 
19 0 0 49 0 0 
19 0 0 49 0 0 
19 0 0 49 0 0 
19 0 0 49 0 0 
19 0 0 49 0 0 
0 0 19 0 0 0 
0 0 19 0 0 0 
0 0 19 0 0 0 
0 0 19 0 0 0 
0 0 19 0 0 0 
0 15 0 0 0 0 
0 15 0 0 0 0 
0 15 0 0 0 0 
0 15 0 0 0 0 
0 15 0 0 0 0 
31 0 0 0 0 0 
31 0 0 0 0 0 
31 0 0 0 0 0 
31 0 0 0 0 0 
31 0 0 0 0 0 
0 0 0 0 47 0 
0 0 0 0 47 0 
0 0 0 0 47 0 
0 0 0 0 47 0 
0 0 0 0 47 0 
0 0 53 0 0 33 
0 0 53 0 0 33 
0 0 53 0 0 33 
0 0 53 0 0 33 
0 0 53 0 0 33 
0 49 0 0 0 0 
0 49 0 0 0 0 
0 49 0 0 0 0 
0 49 0 0 0 0 
0 49 0 0 0 0 
33 0 0 0 0 0 
33 0 0 0 0 0 
33 0 0 0 0 0 
33 0 0 0 0 0 
33 0 0 0 0 0 
0 59 0 0 19 0 
0 59 0 0 19 0 
0 59 0 0 19 0 
0 59 0 0 19 0 
0 59 0 0 19 0 
38 0 0 0 0 42 
38 0 0 0 0 42 
38 0 0 0 0 42 
38 0 0 0 0 42 
38 0 0 0 0 42 
23 0 0 0 57 0 
23 0 0 0 57 0 
23 0 0 0 57 0 
23 0 0 0 57 0 
23 0 0 0 57 0 
0 15 0 0 0 0 
0 15 0 0 0 0 
0 15 0 0 0 0 
0 15 0 0 0 0 
0 15 0 0 0 0 
30 0 0 0 0 0 
30 0 0 0 0 0 
30 0 0 0 0 0 
30 0 0 0 0 0 
30 0 0 0 0 0 
0 0 0 0 45 0 
0 0 0 0 45 0 
0 0 0 0 45 0 
0 0 0 0 45 0 
0 0 0 0 45 0 
0 0 0 0 40 0 
0 0 0 0 40 0 
0 0 0 0 40 0 
0 0 0 0 40 0 
0 0 0 0 40 0 
0 0 49 0 0 41 
0 0 49 0 0 41 
0 0 49 0 0 41 
0 0 49 0 0 41 
0 0 49 0 0 41 
0 0 57 53 0 0 
0 0 57 53 0 0 
0 0 57 53 0 0 
0 0 57 53 0 0 
0 0 57 53 0 0 
0 47 0 0 0 0 
0 47 0 0 0 0 
0 47 0 0 0 0 
0 47 0 0 0 0 
0 47 0 0 0 0 
60 0 0 0 0 0 
60 0 0 0 0 0 
60 0 0 0 0 0 
60 0 0 0 0 0 
60 0 0 0 0 0 
0 27 0 0 0 0 
0 27 0 0 0 0 
0 27 0 0 0 0 
0 27 0 0 0 0 
0 27 0 0 0 0 
0 18 0 0 0 0 
0 18 0 0 0 0 
0 18 0 0 0 0 
0 18 0 0 0 0 
0 18 0 0 0 0 
0 24 0 0 0 0 
0 24 0 0 0 0 
0 24 0 0 0 0 
0 24 0 0 0 0 
0 24 0 0 0 0 
0 0 0 33 0 0 
0 0 0 33 0 0 
0 0 0 33 0 0 
0 0 0 33 0 0 
0 0 0 33 0 0 
0 0 16 0 59 0 
0 0 16 0 59 0 
0 0 16 0 59 0 
0 0 16 0 59 0 
0 0 16 0 59 0 
0.0 0.0 0.0 0.0 0.0 0.0 
0.0 0.0 0.0 0.0 0.0 0.0 
0.0 0.0 0.0 0.0 0.0 0.0 
0.0 0.0 0.0 0.0 0.0 0.0 
0.0 0.0 0.0 0.0 0.0 0.0 
mind
0 0 24 0 0 0 0 0 0 0 18 0 0 0 0 0 0 11 10 0 0 0 0 0 0 0 0
maxd
0 0 28 0 0 0 0 0 0 0 24 0 0 0 0 0 0 29 18 0 0 0 0 0 0 0 0
e
0 621 959 800 870 610 595 496 755 673 899 666 508 931 868 599 896 633 620 904 629 569 586 883 630 561 0
l
99999 741 1079 920 990 730 715 616 875 793 1019 786 628 1051 988 719 1016 753 740 1024 749 689 706 1003 750 681 99999
