nbNodes
27
nbVehi
5
nbServi
6
r
1 1 1 1 1 1 
0 0 0 0 1 0 
0 0 0 0 1 0 
0 1 0 0 1 0 
0 0 0 0 0 1 
0 1 0 0 0 0 
0 0 0 0 1 0 
0 1 0 0 0 0 
0 0 0 1 0 0 
0 0 1 0 1 0 
0 1 0 1 0 0 
0 0 0 0 0 1 
1 0 0 0 1 0 
0 0 0 0 0 1 
0 0 0 0 0 1 
0 0 0 0 0 1 
1 0 0 0 1 0 
1 0 0 0 0 1 
0 1 0 0 0 0 
1 0 0 0 0 0 
1 0 0 0 0 1 
0 1 0 1 0 0 
0 1 0 0 0 0 
0 0 0 0 0 1 
0 0 0 1 0 0 
0 0 0 0 0 1 
1 1 1 1 1 1 
DS
4 10 11 13 17 18 21 22 
a
1 1 1 0 0 0 
0 1 0 0 0 0 
0 0 0 1 1 1 
0 0 0 1 1 1 
0 0 0 1 1 0 
x
-30.0806 -30.0264 -29.9909 -30.0806 -30.1659 -30.0272 -30.0094 -29.9892 -30.1617 -29.991 -30.0113 -29.9822 -30.0981 -30.0308 -30.1593 -29.9895 -30.0121 -30.0045 -30.0262 -30.0285 -29.9935 -30.0432 -30.0334 -30.0266 -30.1782 -30.0091 -30.0806
y
-51.1652 -51.1037 -51.155 -51.1652 -51.2282 -51.1035 -51.1744 -51.1362 -51.1719 -51.1388 -51.1411 -51.1292 -51.1262 -51.1111 -51.1427 -51.1006 -51.1324 -51.1918 -51.1271 -51.1174 -51.1121 -51.192 -51.1486 -51.1368 -51.1761 -51.1162 -51.1652
d
0.00000 25.00000 27.00000 0.00000 36.00000 24.00000 20.00000 26.00000 32.00000 26.00000 22.00000 27.00000 17.00000 21.00000 33.00000 28.00000 23.00000 20.00000 22.00000 21.00000 25.00000 15.00000 16.00000 20.00000 34.00000 23.00000 0.00000
25.00000 0.00000 26.00000 25.00000 47.00000 1.00000 15.00000 13.00000 45.00000 12.00000 12.00000 14.00000 22.00000 4.00000 40.00000 11.00000 10.00000 18.00000 9.00000 7.00000 9.00000 20.00000 13.00000 12.00000 47.00000 7.00000 25.00000
27.00000 26.00000 0.00000 27.00000 46.00000 27.00000 13.00000 19.00000 46.00000 18.00000 18.00000 19.00000 30.00000 26.00000 49.00000 19.00000 19.00000 9.00000 24.00000 24.00000 18.00000 18.00000 19.00000 22.00000 47.00000 21.00000 27.00000
0.00000 25.00000 27.00000 0.00000 36.00000 24.00000 20.00000 26.00000 32.00000 26.00000 22.00000 27.00000 17.00000 21.00000 33.00000 28.00000 23.00000 20.00000 22.00000 21.00000 25.00000 15.00000 16.00000 20.00000 34.00000 23.00000 0.00000
36.00000 46.00000 46.00000 36.00000 0.00000 45.00000 39.00000 47.00000 20.00000 46.00000 42.00000 48.00000 38.00000 42.00000 24.00000 49.00000 44.00000 39.00000 43.00000 43.00000 46.00000 33.00000 37.00000 40.00000 18.00000 44.00000 36.00000
24.00000 1.00000 26.00000 24.00000 46.00000 0.00000 16.00000 13.00000 44.00000 13.00000 12.00000 14.00000 21.00000 3.00000 40.00000 12.00000 10.00000 19.00000 9.00000 6.00000 10.00000 19.00000 13.00000 12.00000 46.00000 7.00000 24.00000
20.00000 16.00000 12.00000 20.00000 40.00000 16.00000 0.00000 10.00000 40.00000 9.00000 7.00000 12.00000 22.00000 15.00000 42.00000 15.00000 8.00000 4.00000 13.00000 14.00000 13.00000 12.00000 8.00000 11.00000 40.00000 13.00000 20.00000
26.00000 14.00000 18.00000 26.00000 47.00000 14.00000 11.00000 0.00000 47.00000 3.00000 7.00000 4.00000 25.00000 13.00000 46.00000 10.00000 7.00000 12.00000 11.00000 12.00000 8.00000 19.00000 12.00000 11.00000 47.00000 9.00000 26.00000
32.00000 45.00000 45.00000 32.00000 19.00000 44.00000 38.00000 46.00000 0.00000 45.00000 41.00000 47.00000 27.00000 41.00000 7.00000 48.00000 42.00000 37.00000 42.00000 41.00000 45.00000 32.00000 35.00000 39.00000 7.00000 43.00000 32.00000
25.00000 13.00000 17.00000 25.00000 46.00000 13.00000 10.00000 3.00000 46.00000 0.00000 6.00000 6.00000 24.00000 12.00000 45.00000 10.00000 6.00000 11.00000 10.00000 11.00000 8.00000 18.00000 11.00000 9.00000 46.00000 8.00000 25.00000
21.00000 10.00000 18.00000 21.00000 43.00000 10.00000 7.00000 7.00000 43.00000 6.00000 0.00000 8.00000 20.00000 9.00000 41.00000 11.00000 3.00000 10.00000 8.00000 8.00000 9.00000 15.00000 7.00000 6.00000 43.00000 7.00000 21.00000
27.00000 15.00000 20.00000 27.00000 48.00000 15.00000 12.00000 4.00000 48.00000 6.00000 9.00000 0.00000 27.00000 14.00000 47.00000 9.00000 9.00000 14.00000 12.00000 13.00000 8.00000 20.00000 13.00000 12.00000 48.00000 9.00000 27.00000
20.00000 24.00000 31.00000 20.00000 37.00000 23.00000 23.00000 28.00000 26.00000 27.00000 21.00000 28.00000 0.00000 20.00000 21.00000 27.00000 23.00000 23.00000 21.00000 20.00000 24.00000 19.00000 17.00000 19.00000 28.00000 22.00000 20.00000
21.00000 4.00000 25.00000 21.00000 43.00000 3.00000 15.00000 12.00000 41.00000 12.00000 11.00000 13.00000 18.00000 0.00000 38.00000 11.00000 9.00000 18.00000 7.00000 4.00000 9.00000 17.00000 10.00000 11.00000 43.00000 6.00000 21.00000
33.00000 40.00000 46.00000 33.00000 23.00000 40.00000 39.00000 47.00000 7.00000 46.00000 40.00000 47.00000 22.00000 38.00000 0.00000 44.00000 42.00000 39.00000 40.00000 39.00000 43.00000 34.00000 36.00000 38.00000 10.00000 41.00000 33.00000
28.00000 11.00000 21.00000 28.00000 50.00000 11.00000 15.00000 9.00000 48.00000 10.00000 12.00000 9.00000 25.00000 12.00000 45.00000 0.00000 11.00000 17.00000 12.00000 11.00000 4.00000 23.00000 16.00000 15.00000 50.00000 7.00000 28.00000
23.00000 9.00000 19.00000 23.00000 45.00000 9.00000 9.00000 7.00000 43.00000 7.00000 3.00000 8.00000 20.00000 8.00000 41.00000 11.00000 0.00000 12.00000 6.00000 7.00000 8.00000 17.00000 8.00000 5.00000 45.00000 6.00000 23.00000
19.00000 19.00000 9.00000 19.00000 38.00000 19.00000 6.00000 12.00000 37.00000 11.00000 10.00000 14.00000 22.00000 18.00000 40.00000 17.00000 11.00000 0.00000 16.00000 17.00000 15.00000 10.00000 11.00000 14.00000 38.00000 14.00000 19.00000
21.00000 8.00000 24.00000 21.00000 43.00000 9.00000 14.00000 11.00000 42.00000 11.00000 8.00000 12.00000 19.00000 7.00000 40.00000 11.00000 6.00000 17.00000 0.00000 6.00000 9.00000 17.00000 7.00000 7.00000 43.00000 6.00000 21.00000
21.00000 7.00000 24.00000 21.00000 43.00000 6.00000 14.00000 11.00000 42.00000 11.00000 10.00000 12.00000 19.00000 4.00000 40.00000 11.00000 8.00000 17.00000 6.00000 0.00000 8.00000 17.00000 10.00000 10.00000 43.00000 6.00000 21.00000
25.00000 10.00000 21.00000 25.00000 47.00000 10.00000 13.00000 7.00000 45.00000 8.00000 10.00000 7.00000 22.00000 9.00000 43.00000 4.00000 9.00000 15.00000 9.00000 8.00000 0.00000 21.00000 14.00000 12.00000 47.00000 4.00000 25.00000
15.00000 18.00000 18.00000 15.00000 32.00000 17.00000 11.00000 19.00000 32.00000 18.00000 14.00000 20.00000 17.00000 14.00000 34.00000 21.00000 16.00000 11.00000 16.00000 15.00000 19.00000 0.00000 9.00000 13.00000 32.00000 16.00000 15.00000
16.00000 13.00000 19.00000 16.00000 38.00000 13.00000 9.00000 12.00000 37.00000 11.00000 6.00000 13.00000 15.00000 10.00000 36.00000 16.00000 8.00000 11.00000 7.00000 11.00000 13.00000 11.00000 0.00000 4.00000 38.00000 11.00000 16.00000
19.00000 11.00000 22.00000 19.00000 41.00000 11.00000 11.00000 10.00000 40.00000 9.00000 5.00000 11.00000 17.00000 10.00000 38.00000 14.00000 5.00000 14.00000 6.00000 9.00000 11.00000 14.00000 4.00000 0.00000 41.00000 9.00000 19.00000
34.00000 46.00000 46.00000 34.00000 16.00000 45.00000 39.00000 47.00000 7.00000 46.00000 42.00000 48.00000 29.00000 42.00000 10.00000 49.00000 44.00000 39.00000 43.00000 43.00000 46.00000 33.00000 37.00000 40.00000 0.00000 44.00000 34.00000
22.00000 8.00000 21.00000 22.00000 44.00000 8.00000 12.00000 8.00000 43.00000 8.00000 8.00000 9.00000 20.00000 7.00000 41.00000 7.00000 6.00000 15.00000 6.00000 6.00000 4.00000 18.00000 11.00000 10.00000 45.00000 0.00000 22.00000
0.00000 25.00000 27.00000 0.00000 36.00000 24.00000 20.00000 26.00000 32.00000 26.00000 22.00000 27.00000 17.00000 21.00000 33.00000 28.00000 23.00000 20.00000 22.00000 21.00000 25.00000 15.00000 16.00000 20.00000 34.00000 23.00000 0.00000
p
0.0 0.0 0.0 0.0 0.0 0.0 
0.0 0.0 0.0 0.0 0.0 0.0 
0.0 0.0 0.0 0.0 0.0 0.0 
0.0 0.0 0.0 0.0 0.0 0.0 
0.0 0.0 0.0 0.0 0.0 0.0 
0 0 0 0 19 0 
0 0 0 0 19 0 
0 0 0 0 19 0 
0 0 0 0 19 0 
0 0 0 0 19 0 
0 0 0 0 33 0 
0 0 0 0 33 0 
0 0 0 0 33 0 
0 0 0 0 33 0 
0 0 0 0 33 0 
0 21 0 0 29 0 
0 21 0 0 29 0 
0 21 0 0 29 0 
0 21 0 0 29 0 
0 21 0 0 29 0 
0 0 0 0 0 49 
0 0 0 0 0 49 
0 0 0 0 0 49 
0 0 0 0 0 49 
0 0 0 0 0 49 
0 28 0 0 0 0 
0 28 0 0 0 0 
0 28 0 0 0 0 
0 28 0 0 0 0 
0 28 0 0 0 0 
0 0 0 0 49 0 
0 0 0 0 49 0 
0 0 0 0 49 0 
0 0 0 0 49 0 
0 0 0 0 49 0 
0 52 0 0 0 0 
0 52 0 0 0 0 
0 52 0 0 0 0 
0 52 0 0 0 0 
0 52 0 0 0 0 
0 0 0 47 0 0 
0 0 0 47 0 0 
0 0 0 47 0 0 
0 0 0 47 0 0 
0 0 0 47 0 0 
0 0 33 0 36 0 
0 0 33 0 36 0 
0 0 33 0 36 0 
0 0 33 0 36 0 
0 0 33 0 36 0 
0 28 0 32 0 0 
0 28 0 32 0 0 
0 28 0 32 0 0 
0 28 0 32 0 0 
0 28 0 32 0 0 
0 0 0 0 0 19 
0 0 0 0 0 19 
0 0 0 0 0 19 
0 0 0 0 0 19 
0 0 0 0 0 19 
59 0 0 0 44 0 
59 0 0 0 44 0 
59 0 0 0 44 0 
59 0 0 0 44 0 
59 0 0 0 44 0 
0 0 0 0 0 60 
0 0 0 0 0 60 
0 0 0 0 0 60 
0 0 0 0 0 60 
0 0 0 0 0 60 
0 0 0 0 0 35 
0 0 0 0 0 35 
0 0 0 0 0 35 
0 0 0 0 0 35 
0 0 0 0 0 35 
0 0 0 0 0 37 
0 0 0 0 0 37 
0 0 0 0 0 37 
0 0 0 0 0 37 
0 0 0 0 0 37 
49 0 0 0 19 0 
49 0 0 0 19 0 
49 0 0 0 19 0 
49 0 0 0 19 0 
49 0 0 0 19 0 
48 0 0 0 0 20 
48 0 0 0 0 20 
48 0 0 0 0 20 
48 0 0 0 0 20 
48 0 0 0 0 20 
0 54 0 0 0 0 
0 54 0 0 0 0 
0 54 0 0 0 0 
0 54 0 0 0 0 
0 54 0 0 0 0 
17 0 0 0 0 0 
17 0 0 0 0 0 
17 0 0 0 0 0 
17 0 0 0 0 0 
17 0 0 0 0 0 
17 0 0 0 0 17 
17 0 0 0 0 17 
17 0 0 0 0 17 
17 0 0 0 0 17 
17 0 0 0 0 17 
0 20 0 21 0 0 
0 20 0 21 0 0 
0 20 0 21 0 0 
0 20 0 21 0 0 
0 20 0 21 0 0 
0 44 0 0 0 0 
0 44 0 0 0 0 
0 44 0 0 0 0 
0 44 0 0 0 0 
0 44 0 0 0 0 
0 0 0 0 0 51 
0 0 0 0 0 51 
0 0 0 0 0 51 
0 0 0 0 0 51 
0 0 0 0 0 51 
0 0 0 37 0 0 
0 0 0 37 0 0 
0 0 0 37 0 0 
0 0 0 37 0 0 
0 0 0 37 0 0 
0 0 0 0 0 56 
0 0 0 0 0 56 
0 0 0 0 0 56 
0 0 0 0 0 56 
0 0 0 0 0 56 
0.0 0.0 0.0 0.0 0.0 0.0 
0.0 0.0 0.0 0.0 0.0 0.0 
0.0 0.0 0.0 0.0 0.0 0.0 
0.0 0.0 0.0 0.0 0.0 0.0 
0.0 0.0 0.0 0.0 0.0 0.0 
mind
0 0 0 17 0 0 0 0 0 0 14 0 0 0 0 0 0 0 0 0 12 23 0 0 0 0 0
maxd
0 0 0 22 0 0 0 0 0 0 28 0 0 0 0 0 0 0 0 0 14 26 0 0 0 0 0
e
0 659 816 524 681 785 578 745 951 502 694 634 701 527 488 692 809 586 583 764 698 603 947 780 940 723 0
l
99999 779 936 644 801 905 698 865 1071 622 814 754 821 647 608 812 929 706 703 884 818 723 1067 900 1060 843 99999
