nbNodes
27
nbVehi
5
nbServi
6
r
1 1 1 1 1 1 
0 0 0 1 0 0 
0 0 0 0 1 0 
0 0 0 1 0 0 
0 0 0 0 1 0 
0 0 1 0 0 0 
1 0 0 0 0 0 
0 1 0 1 0 0 
0 0 1 0 1 0 
0 0 0 0 1 0 
0 0 0 0 0 1 
0 0 0 1 0 0 
0 0 1 1 0 0 
0 0 1 0 0 0 
0 0 0 0 1 0 
1 0 0 0 1 0 
0 1 0 1 0 0 
0 0 1 0 0 0 
0 0 1 0 0 0 
0 1 0 0 0 1 
0 1 0 0 0 0 
0 1 0 0 0 0 
0 0 0 0 0 1 
0 1 0 1 0 0 
0 0 1 0 1 0 
0 0 0 1 0 0 
1 1 1 1 1 1 
DS
8 9 13 16 17 20 24 25 
a
0 1 0 0 0 0 
1 0 1 0 0 0 
0 0 0 1 1 1 
0 0 0 1 0 0 
0 0 0 0 1 1 
x
-30.0827 -30.0663 -30.0421 -30.0238 -30.1105 -30.0497 -30.0827 -30.0932 -30.0809 -30.0322 -30.0653 -30.0575 -30.1597 -30.0564 -30.0824 -30.0782 -30.011 -30.0459 -30.1008 -30.0166 -30.0218 -30.0961 -30.0594 -30.0802 -30.0747 -30.0942 -30.0827
y
-51.1765 -51.1926 -51.2216 -51.1877 -51.2232 -51.1838 -51.1765 -51.1774 -51.1966 -51.2127 -51.1967 -51.1454 -51.2213 -51.1901 -51.1153 -51.1958 -51.2003 -51.2143 -51.1426 -51.1286 -51.1722 -51.2388 -51.1542 -51.2283 -51.1304 -51.1314 -51.1765
d
0.00000 14.00000 20.00000 22.00000 24.00000 16.00000 0.00000 14.00000 17.00000 20.00000 15.00000 18.00000 33.00000 15.00000 21.00000 16.00000 24.00000 17.00000 22.00000 28.00000 20.00000 23.00000 15.00000 21.00000 20.00000 21.00000 0.00000
14.00000 0.00000 9.00000 12.00000 13.00000 7.00000 14.00000 11.00000 6.00000 10.00000 2.00000 11.00000 21.00000 5.00000 14.00000 6.00000 14.00000 7.00000 17.00000 20.00000 12.00000 11.00000 9.00000 10.00000 13.00000 14.00000 14.00000
19.00000 9.00000 0.00000 9.00000 16.00000 10.00000 19.00000 14.00000 10.00000 5.00000 8.00000 16.00000 25.00000 8.00000 19.00000 9.00000 10.00000 3.00000 22.00000 20.00000 10.00000 14.00000 13.00000 11.00000 18.00000 19.00000 19.00000
21.00000 11.00000 11.00000 0.00000 21.00000 8.00000 21.00000 19.00000 15.00000 8.00000 11.00000 14.00000 29.00000 8.00000 18.00000 14.00000 7.00000 9.00000 21.00000 12.00000 3.00000 19.00000 11.00000 17.00000 17.00000 18.00000 21.00000
23.00000 13.00000 17.00000 21.00000 0.00000 16.00000 23.00000 14.00000 11.00000 18.00000 13.00000 21.00000 12.00000 16.00000 23.00000 11.00000 22.00000 15.00000 20.00000 29.00000 20.00000 6.00000 17.00000 9.00000 23.00000 24.00000 23.00000
17.00000 6.00000 11.00000 11.00000 16.00000 0.00000 17.00000 15.00000 10.00000 10.00000 7.00000 12.00000 25.00000 4.00000 15.00000 10.00000 13.00000 9.00000 18.00000 19.00000 10.00000 15.00000 8.00000 13.00000 15.00000 15.00000 17.00000
0.00000 14.00000 20.00000 22.00000 24.00000 16.00000 0.00000 14.00000 17.00000 20.00000 15.00000 18.00000 33.00000 15.00000 21.00000 16.00000 24.00000 17.00000 22.00000 28.00000 20.00000 23.00000 15.00000 21.00000 20.00000 21.00000 0.00000
14.00000 11.00000 15.00000 19.00000 14.00000 14.00000 14.00000 0.00000 6.00000 16.00000 11.00000 19.00000 22.00000 14.00000 19.00000 7.00000 20.00000 13.00000 10.00000 27.00000 18.00000 15.00000 16.00000 14.00000 18.00000 14.00000 14.00000
16.00000 6.00000 11.00000 14.00000 13.00000 10.00000 16.00000 6.00000 0.00000 12.00000 6.00000 14.00000 21.00000 10.00000 17.00000 2.00000 16.00000 9.00000 14.00000 22.00000 14.00000 11.00000 11.00000 10.00000 17.00000 17.00000 16.00000
21.00000 11.00000 6.00000 6.00000 19.00000 10.00000 21.00000 17.00000 13.00000 0.00000 10.00000 16.00000 28.00000 8.00000 20.00000 12.00000 7.00000 5.00000 23.00000 17.00000 7.00000 17.00000 13.00000 14.00000 19.00000 20.00000 21.00000
15.00000 2.00000 9.00000 12.00000 12.00000 8.00000 15.00000 11.00000 6.00000 10.00000 0.00000 12.00000 21.00000 5.00000 15.00000 6.00000 14.00000 7.00000 18.00000 21.00000 13.00000 11.00000 9.00000 10.00000 14.00000 15.00000 15.00000
18.00000 11.00000 15.00000 15.00000 21.00000 10.00000 18.00000 19.00000 15.00000 14.00000 12.00000 0.00000 29.00000 10.00000 10.00000 14.00000 18.00000 13.00000 13.00000 13.00000 13.00000 19.00000 5.00000 18.00000 9.00000 10.00000 18.00000
32.00000 23.00000 27.00000 30.00000 12.00000 25.00000 32.00000 22.00000 21.00000 28.00000 23.00000 30.00000 0.00000 25.00000 33.00000 20.00000 32.00000 25.00000 28.00000 38.00000 29.00000 15.00000 27.00000 18.00000 32.00000 31.00000 32.00000
14.00000 3.00000 8.00000 9.00000 15.00000 5.00000 14.00000 13.00000 8.00000 8.00000 3.00000 10.00000 23.00000 0.00000 14.00000 8.00000 11.00000 6.00000 17.00000 18.00000 9.00000 13.00000 7.00000 12.00000 13.00000 14.00000 14.00000
25.00000 18.00000 23.00000 23.00000 28.00000 18.00000 25.00000 20.00000 22.00000 22.00000 19.00000 13.00000 37.00000 18.00000 0.00000 21.00000 26.00000 20.00000 12.00000 22.00000 21.00000 27.00000 11.00000 25.00000 8.00000 8.00000 25.00000
16.00000 6.00000 10.00000 14.00000 13.00000 9.00000 16.00000 7.00000 2.00000 11.00000 6.00000 14.00000 21.00000 9.00000 17.00000 0.00000 15.00000 8.00000 15.00000 22.00000 13.00000 11.00000 10.00000 10.00000 16.00000 17.00000 16.00000
24.00000 14.00000 11.00000 6.00000 23.00000 12.00000 24.00000 21.00000 16.00000 9.00000 14.00000 18.00000 32.00000 11.00000 22.00000 16.00000 0.00000 10.00000 25.00000 14.00000 7.00000 22.00000 15.00000 18.00000 21.00000 22.00000 24.00000
17.00000 7.00000 3.00000 9.00000 14.00000 10.00000 17.00000 12.00000 8.00000 5.00000 6.00000 14.00000 23.00000 6.00000 17.00000 7.00000 11.00000 0.00000 20.00000 21.00000 11.00000 13.00000 12.00000 9.00000 16.00000 17.00000 17.00000
22.00000 18.00000 22.00000 23.00000 20.00000 18.00000 22.00000 10.00000 14.00000 22.00000 19.00000 12.00000 28.00000 18.00000 9.00000 15.00000 26.00000 20.00000 0.00000 22.00000 20.00000 23.00000 11.00000 22.00000 9.00000 5.00000 22.00000
27.00000 20.00000 21.00000 13.00000 30.00000 18.00000 27.00000 28.00000 24.00000 19.00000 21.00000 12.00000 39.00000 18.00000 19.00000 23.00000 15.00000 20.00000 22.00000 0.00000 12.00000 29.00000 14.00000 27.00000 18.00000 19.00000 27.00000
22.00000 12.00000 13.00000 5.00000 23.00000 10.00000 22.00000 21.00000 16.00000 9.00000 12.00000 12.00000 31.00000 9.00000 19.00000 16.00000 8.00000 11.00000 22.00000 11.00000 0.00000 21.00000 12.00000 19.00000 18.00000 19.00000 22.00000
22.00000 13.00000 14.00000 20.00000 6.00000 15.00000 22.00000 15.00000 11.00000 17.00000 13.00000 20.00000 15.00000 15.00000 23.00000 11.00000 21.00000 14.00000 23.00000 28.00000 19.00000 0.00000 17.00000 8.00000 22.00000 23.00000 22.00000
16.00000 9.00000 14.00000 14.00000 19.00000 9.00000 16.00000 17.00000 13.00000 13.00000 10.00000 5.00000 28.00000 9.00000 9.00000 13.00000 17.00000 11.00000 11.00000 15.00000 11.00000 18.00000 0.00000 16.00000 8.00000 9.00000 16.00000
21.00000 11.00000 12.00000 16.00000 10.00000 14.00000 21.00000 14.00000 10.00000 14.00000 10.00000 19.00000 18.00000 14.00000 22.00000 9.00000 18.00000 11.00000 22.00000 27.00000 18.00000 7.00000 15.00000 0.00000 21.00000 22.00000 21.00000
20.00000 14.00000 18.00000 18.00000 24.00000 14.00000 20.00000 18.00000 17.00000 18.00000 15.00000 8.00000 32.00000 13.00000 6.00000 17.00000 22.00000 16.00000 9.00000 18.00000 16.00000 22.00000 7.00000 21.00000 0.00000 6.00000 20.00000
22.00000 15.00000 20.00000 20.00000 23.00000 15.00000 22.00000 14.00000 17.00000 19.00000 16.00000 10.00000 31.00000 15.00000 7.00000 18.00000 23.00000 18.00000 5.00000 20.00000 18.00000 24.00000 9.00000 22.00000 6.00000 0.00000 22.00000
0.00000 14.00000 20.00000 22.00000 24.00000 16.00000 0.00000 14.00000 17.00000 20.00000 15.00000 18.00000 33.00000 15.00000 21.00000 16.00000 24.00000 17.00000 22.00000 28.00000 20.00000 23.00000 15.00000 21.00000 20.00000 21.00000 0.00000
p
0.0 0.0 0.0 0.0 0.0 0.0 
0.0 0.0 0.0 0.0 0.0 0.0 
0.0 0.0 0.0 0.0 0.0 0.0 
0.0 0.0 0.0 0.0 0.0 0.0 
0.0 0.0 0.0 0.0 0.0 0.0 
0 0 0 47 0 0 
0 0 0 47 0 0 
0 0 0 47 0 0 
0 0 0 47 0 0 
0 0 0 47 0 0 
0 0 0 0 33 0 
0 0 0 0 33 0 
0 0 0 0 33 0 
0 0 0 0 33 0 
0 0 0 0 33 0 
0 0 0 28 0 0 
0 0 0 28 0 0 
0 0 0 28 0 0 
0 0 0 28 0 0 
0 0 0 28 0 0 
0 0 0 0 49 0 
0 0 0 0 49 0 
0 0 0 0 49 0 
0 0 0 0 49 0 
0 0 0 0 49 0 
0 0 15 0 0 0 
0 0 15 0 0 0 
0 0 15 0 0 0 
0 0 15 0 0 0 
0 0 15 0 0 0 
28 0 0 0 0 0 
28 0 0 0 0 0 
28 0 0 0 0 0 
28 0 0 0 0 0 
28 0 0 0 0 0 
0 60 0 58 0 0 
0 60 0 58 0 0 
0 60 0 58 0 0 
0 60 0 58 0 0 
0 60 0 58 0 0 
0 0 22 0 39 0 
0 0 22 0 39 0 
0 0 22 0 39 0 
0 0 22 0 39 0 
0 0 22 0 39 0 
0 0 0 0 37 0 
0 0 0 0 37 0 
0 0 0 0 37 0 
0 0 0 0 37 0 
0 0 0 0 37 0 
0 0 0 0 0 42 
0 0 0 0 0 42 
0 0 0 0 0 42 
0 0 0 0 0 42 
0 0 0 0 0 42 
0 0 0 52 0 0 
0 0 0 52 0 0 
0 0 0 52 0 0 
0 0 0 52 0 0 
0 0 0 52 0 0 
0 0 31 22 0 0 
0 0 31 22 0 0 
0 0 31 22 0 0 
0 0 31 22 0 0 
0 0 31 22 0 0 
0 0 26 0 0 0 
0 0 26 0 0 0 
0 0 26 0 0 0 
0 0 26 0 0 0 
0 0 26 0 0 0 
0 0 0 0 41 0 
0 0 0 0 41 0 
0 0 0 0 41 0 
0 0 0 0 41 0 
0 0 0 0 41 0 
36 0 0 0 27 0 
36 0 0 0 27 0 
36 0 0 0 27 0 
36 0 0 0 27 0 
36 0 0 0 27 0 
0 29 0 43 0 0 
0 29 0 43 0 0 
0 29 0 43 0 0 
0 29 0 43 0 0 
0 29 0 43 0 0 
0 0 58 0 0 0 
0 0 58 0 0 0 
0 0 58 0 0 0 
0 0 58 0 0 0 
0 0 58 0 0 0 
0 0 52 0 0 0 
0 0 52 0 0 0 
0 0 52 0 0 0 
0 0 52 0 0 0 
0 0 52 0 0 0 
0 43 0 0 0 32 
0 43 0 0 0 32 
0 43 0 0 0 32 
0 43 0 0 0 32 
0 43 0 0 0 32 
0 29 0 0 0 0 
0 29 0 0 0 0 
0 29 0 0 0 0 
0 29 0 0 0 0 
0 29 0 0 0 0 
0 39 0 0 0 0 
0 39 0 0 0 0 
0 39 0 0 0 0 
0 39 0 0 0 0 
0 39 0 0 0 0 
0 0 0 0 0 33 
0 0 0 0 0 33 
0 0 0 0 0 33 
0 0 0 0 0 33 
0 0 0 0 0 33 
0 29 0 18 0 0 
0 29 0 18 0 0 
0 29 0 18 0 0 
0 29 0 18 0 0 
0 29 0 18 0 0 
0 0 35 0 38 0 
0 0 35 0 38 0 
0 0 35 0 38 0 
0 0 35 0 38 0 
0 0 35 0 38 0 
0 0 0 60 0 0 
0 0 0 60 0 0 
0 0 0 60 0 0 
0 0 0 60 0 0 
0 0 0 60 0 0 
0.0 0.0 0.0 0.0 0.0 0.0 
0.0 0.0 0.0 0.0 0.0 0.0 
0.0 0.0 0.0 0.0 0.0 0.0 
0.0 0.0 0.0 0.0 0.0 0.0 
0.0 0.0 0.0 0.0 0.0 0.0 
mind
0 0 0 0 0 0 0 0 17 0 0 0 13 0 0 0 0 0 0 16 0 0 0 15 0 0 0
maxd
0 0 0 0 0 0 0 0 22 0 0 0 21 0 0 0 0 0 0 22 0 0 0 22 0 0 0
e
0 854 699 837 562 676 793 532 864 635 546 482 860 795 498 586 953 554 737 694 938 528 559 761 906 557 0
l
99999 974 819 957 682 796 913 652 984 755 666 602 980 915 618 706 1073 674 857 814 1058 648 679 881 1026 677 99999
