nbNodes
27
nbVehi
5
nbServi
6
r
1 1 1 1 1 1 
0 0 1 0 0 0 
0 1 0 0 1 0 
0 0 0 0 0 1 
0 0 0 1 0 0 
0 1 0 0 1 0 
0 0 0 0 0 1 
0 0 0 0 0 1 
1 0 0 0 0 0 
0 0 0 0 0 1 
0 1 0 0 0 1 
0 1 0 0 0 0 
0 0 0 0 1 0 
0 0 0 0 0 1 
0 0 0 0 0 1 
1 0 0 0 0 1 
0 0 1 0 0 1 
0 1 0 0 0 1 
0 0 0 1 0 0 
1 0 0 0 0 1 
1 0 0 0 0 0 
0 0 0 0 1 0 
0 0 0 0 0 1 
0 1 0 0 0 0 
0 1 0 0 0 0 
0 1 0 1 0 0 
1 1 1 1 1 1 
DS
3 6 11 16 17 18 20 26 
a
1 1 1 0 0 0 
1 1 1 0 0 0 
0 0 0 0 0 1 
0 0 0 1 1 1 
0 0 0 1 1 1 
x
-30.011 -30.0376 -30.0642 -30.1472 -30.0293 -30.0796 -30.1069 -30.0141 -30.014 -30.048 -30.011 -30.0246 -30.0612 -30.0545 -30.0136 -30.0553 -30.1109 -30.1093 -30.0276 -30.0398 -30.0298 -30.0551 -30.0556 -30.0295 -30.0261 -30.0591 -30.011
y
-51.1325 -51.2102 -51.1538 -51.1297 -51.1278 -51.2186 -51.224 -51.2031 -51.2026 -51.1619 -51.1325 -51.1011 -51.144 -51.1903 -51.1897 -51.1486 -51.1059 -51.201 -51.1956 -51.1215 -51.1938 -51.1484 -51.1495 -51.128 -51.1857 -51.1399 -51.1325
d
0.00000 18.00000 14.00000 37.00000 7.00000 25.00000 29.00000 14.00000 14.00000 13.00000 0.00000 8.00000 16.00000 18.00000 12.00000 12.00000 25.00000 33.00000 14.00000 7.00000 14.00000 12.00000 12.00000 7.00000 12.00000 14.00000 0.00000
16.00000 0.00000 12.00000 35.00000 17.00000 11.00000 16.00000 6.00000 7.00000 11.00000 16.00000 20.00000 16.00000 6.00000 8.00000 14.00000 24.00000 20.00000 5.00000 14.00000 6.00000 14.00000 14.00000 17.00000 6.00000 15.00000 16.00000
15.00000 12.00000 0.00000 25.00000 13.00000 14.00000 17.00000 16.00000 16.00000 6.00000 15.00000 16.00000 6.00000 8.00000 14.00000 4.00000 14.00000 21.00000 14.00000 9.00000 14.00000 4.00000 5.00000 12.00000 14.00000 6.00000 15.00000
37.00000 35.00000 25.00000 0.00000 35.00000 28.00000 22.00000 39.00000 39.00000 29.00000 37.00000 36.00000 28.00000 31.00000 37.00000 27.00000 14.00000 20.00000 37.00000 32.00000 37.00000 26.00000 27.00000 35.00000 36.00000 28.00000 37.00000
8.00000 19.00000 11.00000 34.00000 0.00000 23.00000 27.00000 19.00000 18.00000 11.00000 8.00000 9.00000 14.00000 16.00000 17.00000 9.00000 23.00000 31.00000 16.00000 8.00000 15.00000 9.00000 10.00000 1.00000 15.00000 12.00000 8.00000
24.00000 12.00000 15.00000 29.00000 23.00000 0.00000 8.00000 17.00000 16.00000 15.00000 24.00000 27.00000 19.00000 12.00000 17.00000 17.00000 26.00000 13.00000 14.00000 20.00000 15.00000 17.00000 18.00000 23.00000 15.00000 18.00000 24.00000
26.00000 15.00000 17.00000 22.00000 25.00000 8.00000 0.00000 20.00000 19.00000 17.00000 26.00000 29.00000 21.00000 14.00000 21.00000 19.00000 28.00000 6.00000 17.00000 22.00000 19.00000 19.00000 20.00000 25.00000 19.00000 20.00000 26.00000
12.00000 8.00000 15.00000 38.00000 18.00000 15.00000 19.00000 0.00000 2.00000 13.00000 12.00000 20.00000 19.00000 9.00000 4.00000 16.00000 27.00000 24.00000 4.00000 16.00000 5.00000 16.00000 16.00000 17.00000 6.00000 18.00000 12.00000
12.00000 10.00000 17.00000 40.00000 18.00000 17.00000 22.00000 5.00000 0.00000 15.00000 12.00000 20.00000 21.00000 12.00000 5.00000 18.00000 29.00000 26.00000 6.00000 18.00000 7.00000 18.00000 18.00000 18.00000 7.00000 20.00000 12.00000
12.00000 13.00000 6.00000 29.00000 12.00000 15.00000 19.00000 13.00000 13.00000 0.00000 12.00000 15.00000 9.00000 7.00000 11.00000 7.00000 17.00000 23.00000 11.00000 8.00000 11.00000 7.00000 8.00000 11.00000 10.00000 9.00000 12.00000
0.00000 18.00000 14.00000 37.00000 7.00000 25.00000 29.00000 14.00000 14.00000 13.00000 0.00000 8.00000 16.00000 18.00000 12.00000 12.00000 25.00000 33.00000 14.00000 7.00000 14.00000 12.00000 12.00000 7.00000 12.00000 14.00000 0.00000
10.00000 22.00000 15.00000 36.00000 9.00000 27.00000 31.00000 21.00000 20.00000 15.00000 10.00000 0.00000 17.00000 19.00000 18.00000 13.00000 27.00000 35.00000 20.00000 8.00000 20.00000 13.00000 14.00000 9.00000 19.00000 16.00000 10.00000
16.00000 16.00000 5.00000 28.00000 14.00000 18.00000 21.00000 19.00000 18.00000 8.00000 16.00000 17.00000 0.00000 10.00000 17.00000 6.00000 17.00000 26.00000 16.00000 11.00000 16.00000 5.00000 6.00000 14.00000 16.00000 4.00000 16.00000
17.00000 6.00000 9.00000 32.00000 16.00000 11.00000 14.00000 9.00000 9.00000 8.00000 17.00000 19.00000 12.00000 0.00000 10.00000 11.00000 20.00000 18.00000 7.00000 13.00000 8.00000 10.00000 11.00000 16.00000 8.00000 12.00000 17.00000
11.00000 11.00000 14.00000 37.00000 17.00000 17.00000 21.00000 5.00000 5.00000 12.00000 11.00000 18.00000 18.00000 10.00000 0.00000 15.00000 26.00000 25.00000 6.00000 15.00000 6.00000 15.00000 15.00000 17.00000 5.00000 17.00000 11.00000
12.00000 13.00000 3.00000 26.00000 10.00000 15.00000 19.00000 16.00000 16.00000 6.00000 12.00000 13.00000 5.00000 8.00000 14.00000 0.00000 15.00000 23.00000 14.00000 7.00000 14.00000 1.00000 1.00000 10.00000 13.00000 4.00000 12.00000
26.00000 24.00000 13.00000 14.00000 23.00000 26.00000 29.00000 28.00000 27.00000 17.00000 26.00000 26.00000 17.00000 19.00000 26.00000 15.00000 0.00000 25.00000 25.00000 20.00000 25.00000 15.00000 16.00000 23.00000 25.00000 16.00000 26.00000
30.00000 19.00000 21.00000 20.00000 29.00000 12.00000 6.00000 24.00000 23.00000 21.00000 30.00000 33.00000 25.00000 18.00000 25.00000 23.00000 24.00000 0.00000 21.00000 26.00000 23.00000 23.00000 24.00000 29.00000 23.00000 24.00000 30.00000
12.00000 8.00000 13.00000 36.00000 15.00000 15.00000 19.00000 5.00000 5.00000 10.00000 12.00000 19.00000 16.00000 9.00000 5.00000 13.00000 24.00000 24.00000 0.00000 13.00000 2.00000 13.00000 14.00000 15.00000 2.00000 16.00000 12.00000
9.00000 16.00000 9.00000 32.00000 8.00000 21.00000 25.00000 17.00000 16.00000 9.00000 9.00000 8.00000 11.00000 13.00000 15.00000 7.00000 20.00000 29.00000 15.00000 0.00000 14.00000 7.00000 8.00000 8.00000 14.00000 9.00000 9.00000
12.00000 7.00000 13.00000 36.00000 16.00000 14.00000 19.00000 6.00000 5.00000 11.00000 12.00000 20.00000 17.00000 8.00000 5.00000 14.00000 25.00000 23.00000 2.00000 14.00000 0.00000 14.00000 14.00000 15.00000 3.00000 16.00000 12.00000
13.00000 14.00000 3.00000 26.00000 10.00000 15.00000 19.00000 17.00000 16.00000 6.00000 13.00000 13.00000 6.00000 8.00000 14.00000 1.00000 15.00000 23.00000 14.00000 7.00000 14.00000 0.00000 2.00000 10.00000 14.00000 4.00000 13.00000
13.00000 14.00000 4.00000 27.00000 11.00000 16.00000 19.00000 17.00000 16.00000 6.00000 13.00000 14.00000 6.00000 8.00000 15.00000 2.00000 15.00000 24.00000 14.00000 8.00000 14.00000 2.00000 0.00000 11.00000 14.00000 4.00000 13.00000
8.00000 19.00000 11.00000 34.00000 1.00000 23.00000 27.00000 19.00000 18.00000 11.00000 8.00000 9.00000 14.00000 16.00000 16.00000 9.00000 23.00000 31.00000 16.00000 8.00000 15.00000 9.00000 10.00000 0.00000 14.00000 12.00000 8.00000
10.00000 9.00000 12.00000 35.00000 15.00000 16.00000 19.00000 6.00000 5.00000 10.00000 10.00000 17.00000 16.00000 8.00000 4.00000 13.00000 24.00000 23.00000 5.00000 13.00000 5.00000 13.00000 13.00000 15.00000 0.00000 15.00000 10.00000
15.00000 15.00000 5.00000 28.00000 12.00000 17.00000 21.00000 18.00000 17.00000 8.00000 15.00000 15.00000 4.00000 10.00000 16.00000 4.00000 17.00000 25.00000 16.00000 9.00000 16.00000 4.00000 4.00000 12.00000 15.00000 0.00000 15.00000
0.00000 18.00000 14.00000 37.00000 7.00000 25.00000 29.00000 14.00000 14.00000 13.00000 0.00000 8.00000 16.00000 18.00000 12.00000 12.00000 25.00000 33.00000 14.00000 7.00000 14.00000 12.00000 12.00000 7.00000 12.00000 14.00000 0.00000
p
0.0 0.0 0.0 0.0 0.0 0.0 
0.0 0.0 0.0 0.0 0.0 0.0 
0.0 0.0 0.0 0.0 0.0 0.0 
0.0 0.0 0.0 0.0 0.0 0.0 
0.0 0.0 0.0 0.0 0.0 0.0 
0 0 60 0 0 0 
0 0 60 0 0 0 
0 0 60 0 0 0 
0 0 60 0 0 0 
0 0 60 0 0 0 
0 48 0 0 15 0 
0 48 0 0 15 0 
0 48 0 0 15 0 
0 48 0 0 15 0 
0 48 0 0 15 0 
0 0 0 0 0 31 
0 0 0 0 0 31 
0 0 0 0 0 31 
0 0 0 0 0 31 
0 0 0 0 0 31 
0 0 0 60 0 0 
0 0 0 60 0 0 
0 0 0 60 0 0 
0 0 0 60 0 0 
0 0 0 60 0 0 
0 46 0 0 57 0 
0 46 0 0 57 0 
0 46 0 0 57 0 
0 46 0 0 57 0 
0 46 0 0 57 0 
0 0 0 0 0 35 
0 0 0 0 0 35 
0 0 0 0 0 35 
0 0 0 0 0 35 
0 0 0 0 0 35 
0 0 0 0 0 25 
0 0 0 0 0 25 
0 0 0 0 0 25 
0 0 0 0 0 25 
0 0 0 0 0 25 
42 0 0 0 0 0 
42 0 0 0 0 0 
42 0 0 0 0 0 
42 0 0 0 0 0 
42 0 0 0 0 0 
0 0 0 0 0 28 
0 0 0 0 0 28 
0 0 0 0 0 28 
0 0 0 0 0 28 
0 0 0 0 0 28 
0 47 0 0 0 48 
0 47 0 0 0 48 
0 47 0 0 0 48 
0 47 0 0 0 48 
0 47 0 0 0 48 
0 46 0 0 0 0 
0 46 0 0 0 0 
0 46 0 0 0 0 
0 46 0 0 0 0 
0 46 0 0 0 0 
0 0 0 0 33 0 
0 0 0 0 33 0 
0 0 0 0 33 0 
0 0 0 0 33 0 
0 0 0 0 33 0 
0 0 0 0 0 47 
0 0 0 0 0 47 
0 0 0 0 0 47 
0 0 0 0 0 47 
0 0 0 0 0 47 
0 0 0 0 0 28 
0 0 0 0 0 28 
0 0 0 0 0 28 
0 0 0 0 0 28 
0 0 0 0 0 28 
28 0 0 0 0 45 
28 0 0 0 0 45 
28 0 0 0 0 45 
28 0 0 0 0 45 
28 0 0 0 0 45 
0 0 46 0 0 27 
0 0 46 0 0 27 
0 0 46 0 0 27 
0 0 46 0 0 27 
0 0 46 0 0 27 
0 16 0 0 0 45 
0 16 0 0 0 45 
0 16 0 0 0 45 
0 16 0 0 0 45 
0 16 0 0 0 45 
0 0 0 33 0 0 
0 0 0 33 0 0 
0 0 0 33 0 0 
0 0 0 33 0 0 
0 0 0 33 0 0 
19 0 0 0 0 32 
19 0 0 0 0 32 
19 0 0 0 0 32 
19 0 0 0 0 32 
19 0 0 0 0 32 
58 0 0 0 0 0 
58 0 0 0 0 0 
58 0 0 0 0 0 
58 0 0 0 0 0 
58 0 0 0 0 0 
0 0 0 0 26 0 
0 0 0 0 26 0 
0 0 0 0 26 0 
0 0 0 0 26 0 
0 0 0 0 26 0 
0 0 0 0 0 29 
0 0 0 0 0 29 
0 0 0 0 0 29 
0 0 0 0 0 29 
0 0 0 0 0 29 
0 55 0 0 0 0 
0 55 0 0 0 0 
0 55 0 0 0 0 
0 55 0 0 0 0 
0 55 0 0 0 0 
0 23 0 0 0 0 
0 23 0 0 0 0 
0 23 0 0 0 0 
0 23 0 0 0 0 
0 23 0 0 0 0 
0 53 0 15 0 0 
0 53 0 15 0 0 
0 53 0 15 0 0 
0 53 0 15 0 0 
0 53 0 15 0 0 
0.0 0.0 0.0 0.0 0.0 0.0 
0.0 0.0 0.0 0.0 0.0 0.0 
0.0 0.0 0.0 0.0 0.0 0.0 
0.0 0.0 0.0 0.0 0.0 0.0 
0.0 0.0 0.0 0.0 0.0 0.0 
mind
0 0 18 0 0 0 0 0 0 0 11 0 0 0 0 0 0 21 0 0 0 0 0 0 0 13 0
maxd
0 0 26 0 0 0 0 0 0 0 30 0 0 0 0 0 0 26 0 0 0 0 0 0 0 14 0
e
0 635 943 708 949 482 652 546 518 505 824 804 588 641 517 524 731 696 668 767 905 514 710 484 641 641 0
l
99999 755 1063 828 1069 602 772 666 638 625 944 924 708 761 637 644 851 816 788 887 1025 634 830 604 761 761 99999
