nbNodes
27
nbVehi
5
nbServi
6
r
1 1 1 1 1 1 
0 0 0 0 1 0 
0 0 0 0 1 0 
1 0 0 0 0 1 
1 0 0 0 0 0 
1 0 0 0 0 0 
1 0 0 0 0 0 
0 0 0 0 0 1 
0 0 0 0 0 1 
0 0 0 1 0 0 
0 0 0 1 0 0 
0 0 0 0 1 0 
0 0 1 0 0 1 
0 0 0 0 0 1 
0 1 0 0 0 0 
1 0 0 0 0 1 
0 0 0 0 1 0 
0 1 0 1 0 0 
1 0 0 1 0 0 
1 0 0 0 0 0 
1 0 0 1 0 0 
1 0 0 0 0 1 
0 0 0 0 0 1 
1 0 0 1 0 0 
1 0 0 0 0 0 
0 0 0 0 1 0 
1 1 1 1 1 1 
DS
4 13 16 18 19 21 22 24 
a
1 0 1 0 0 0 
1 1 0 0 0 0 
0 0 0 1 1 0 
0 0 0 1 1 0 
0 0 0 0 1 1 
x
-30 -30.014 -30.0064 -30.0214 -29.9983 -29.9949 -30.045 -30.0166 -30 -30.0179 -30.0009 -30.0074 -30.0247 -30.0577 -30.1251 -30.0038 -29.9967 -30.0925 -30.0702 -29.9884 -30.0024 -29.9966 -30.0125 -30 -30.1301 -30.0703 -30
y
-51.1578 -51.1134 -51.1979 -51.1384 -51.2022 -51.1452 -51.2171 -51.1329 -51.1506 -51.1222 -51.1452 -51.183 -51.0887 -51.1524 -51.2116 -51.2052 -51.1891 -51.1319 -51.2072 -51.2017 -51.1619 -51.1467 -51.1252 -51.1578 -51.2159 -51.1995 -51.1578
d
0.00000 11.00000 9.00000 9.00000 8.00000 8.00000 16.00000 8.00000 2.00000 10.00000 3.00000 7.00000 16.00000 17.00000 30.00000 10.00000 7.00000 23.00000 19.00000 9.00000 2.00000 6.00000 7.00000 0.00000 31.00000 20.00000 0.00000
11.00000 0.00000 15.00000 10.00000 16.00000 11.00000 22.00000 8.00000 10.00000 4.00000 9.00000 13.00000 9.00000 14.00000 33.00000 17.00000 15.00000 19.00000 23.00000 18.00000 12.00000 9.00000 6.00000 11.00000 33.00000 22.00000 11.00000
8.00000 16.00000 0.00000 12.00000 4.00000 15.00000 11.00000 12.00000 9.00000 14.00000 10.00000 5.00000 20.00000 18.00000 26.00000 3.00000 4.00000 21.00000 14.00000 4.00000 7.00000 13.00000 11.00000 8.00000 26.00000 15.00000 8.00000
10.00000 10.00000 14.00000 0.00000 15.00000 11.00000 19.00000 3.00000 9.00000 6.00000 7.00000 12.00000 12.00000 12.00000 30.00000 15.00000 14.00000 17.00000 20.00000 16.00000 10.00000 9.00000 5.00000 10.00000 30.00000 19.00000 10.00000
8.00000 17.00000 4.00000 14.00000 0.00000 14.00000 11.00000 14.00000 9.00000 16.00000 10.00000 5.00000 22.00000 20.00000 26.00000 3.00000 4.00000 23.00000 15.00000 4.00000 7.00000 12.00000 13.00000 8.00000 27.00000 16.00000 8.00000
6.00000 16.00000 12.00000 13.00000 11.00000 0.00000 20.00000 12.00000 7.00000 14.00000 8.00000 10.00000 21.00000 21.00000 34.00000 13.00000 10.00000 26.00000 23.00000 12.00000 7.00000 3.00000 12.00000 6.00000 35.00000 24.00000 6.00000
16.00000 23.00000 10.00000 18.00000 10.00000 23.00000 0.00000 20.00000 17.00000 20.00000 18.00000 13.00000 25.00000 16.00000 18.00000 10.00000 13.00000 18.00000 6.00000 12.00000 15.00000 21.00000 19.00000 16.00000 18.00000 7.00000 16.00000
9.00000 8.00000 13.00000 3.00000 15.00000 10.00000 20.00000 0.00000 8.00000 5.00000 7.00000 11.00000 11.00000 13.00000 32.00000 15.00000 13.00000 18.00000 22.00000 16.00000 10.00000 8.00000 3.00000 9.00000 32.00000 21.00000 9.00000
3.00000 10.00000 10.00000 8.00000 9.00000 7.00000 18.00000 7.00000 0.00000 9.00000 2.00000 7.00000 15.00000 17.00000 32.00000 10.00000 8.00000 23.00000 21.00000 10.00000 4.00000 5.00000 7.00000 3.00000 32.00000 21.00000 3.00000
11.00000 6.00000 15.00000 7.00000 16.00000 11.00000 21.00000 5.00000 10.00000 0.00000 9.00000 13.00000 8.00000 12.00000 31.00000 17.00000 15.00000 17.00000 21.00000 18.00000 12.00000 9.00000 4.00000 11.00000 31.00000 20.00000 11.00000
4.00000 10.00000 11.00000 7.00000 10.00000 6.00000 18.00000 7.00000 2.00000 8.00000 0.00000 9.00000 15.00000 17.00000 32.00000 12.00000 9.00000 22.00000 21.00000 12.00000 5.00000 4.00000 6.00000 4.00000 33.00000 22.00000 4.00000
6.00000 15.00000 4.00000 12.00000 5.00000 12.00000 12.00000 11.00000 7.00000 13.00000 8.00000 0.00000 20.00000 17.00000 27.00000 5.00000 4.00000 22.00000 16.00000 6.00000 5.00000 10.00000 11.00000 6.00000 27.00000 16.00000 6.00000
17.00000 9.00000 21.00000 13.00000 22.00000 17.00000 27.00000 11.00000 15.00000 8.00000 14.00000 19.00000 0.00000 18.00000 37.00000 22.00000 21.00000 23.00000 27.00000 23.00000 17.00000 15.00000 11.00000 17.00000 37.00000 26.00000 17.00000
16.00000 16.00000 17.00000 12.00000 18.00000 21.00000 14.00000 14.00000 16.00000 13.00000 17.00000 16.00000 18.00000 0.00000 23.00000 19.00000 16.00000 10.00000 13.00000 19.00000 16.00000 19.00000 15.00000 16.00000 23.00000 12.00000 16.00000
28.00000 33.00000 25.00000 27.00000 26.00000 35.00000 18.00000 29.00000 30.00000 29.00000 31.00000 25.00000 35.00000 23.00000 0.00000 26.00000 26.00000 23.00000 13.00000 27.00000 28.00000 33.00000 31.00000 28.00000 3.00000 13.00000 28.00000
9.00000 18.00000 3.00000 14.00000 3.00000 15.00000 12.00000 14.00000 10.00000 16.00000 11.00000 6.00000 22.00000 20.00000 27.00000 0.00000 6.00000 23.00000 15.00000 4.00000 8.00000 14.00000 14.00000 9.00000 27.00000 16.00000 9.00000
7.00000 17.00000 4.00000 14.00000 3.00000 14.00000 13.00000 13.00000 8.00000 15.00000 9.00000 4.00000 22.00000 19.00000 28.00000 5.00000 0.00000 23.00000 16.00000 4.00000 6.00000 12.00000 13.00000 7.00000 28.00000 17.00000 7.00000
22.00000 22.00000 23.00000 18.00000 23.00000 27.00000 19.00000 19.00000 22.00000 18.00000 23.00000 21.00000 24.00000 11.00000 24.00000 24.00000 22.00000 0.00000 18.00000 24.00000 22.00000 25.00000 21.00000 22.00000 26.00000 17.00000 22.00000
20.00000 24.00000 14.00000 19.00000 15.00000 26.00000 7.00000 21.00000 21.00000 21.00000 22.00000 17.00000 26.00000 15.00000 13.00000 16.00000 16.00000 17.00000 0.00000 17.00000 19.00000 25.00000 23.00000 20.00000 13.00000 3.00000 20.00000
9.00000 19.00000 5.00000 16.00000 4.00000 16.00000 12.00000 16.00000 10.00000 17.00000 11.00000 7.00000 24.00000 21.00000 27.00000 4.00000 4.00000 25.00000 16.00000 0.00000 9.00000 14.00000 15.00000 9.00000 27.00000 17.00000 9.00000
2.00000 12.00000 8.00000 9.00000 7.00000 9.00000 16.00000 9.00000 3.00000 10.00000 4.00000 5.00000 17.00000 16.00000 30.00000 9.00000 6.00000 22.00000 19.00000 8.00000 0.00000 7.00000 8.00000 2.00000 30.00000 19.00000 2.00000
4.00000 14.00000 10.00000 11.00000 9.00000 3.00000 18.00000 10.00000 5.00000 12.00000 6.00000 8.00000 19.00000 19.00000 32.00000 11.00000 8.00000 24.00000 21.00000 10.00000 5.00000 0.00000 10.00000 4.00000 33.00000 21.00000 4.00000
9.00000 6.00000 13.00000 6.00000 14.00000 9.00000 20.00000 4.00000 8.00000 3.00000 7.00000 11.00000 10.00000 14.00000 33.00000 15.00000 13.00000 19.00000 23.00000 16.00000 10.00000 7.00000 0.00000 9.00000 33.00000 22.00000 9.00000
0.00000 11.00000 9.00000 9.00000 8.00000 8.00000 16.00000 8.00000 2.00000 10.00000 3.00000 7.00000 16.00000 17.00000 30.00000 10.00000 7.00000 23.00000 19.00000 9.00000 2.00000 6.00000 7.00000 0.00000 31.00000 20.00000 0.00000
30.00000 34.00000 26.00000 29.00000 27.00000 36.00000 19.00000 31.00000 31.00000 31.00000 32.00000 27.00000 36.00000 25.00000 3.00000 27.00000 27.00000 25.00000 14.00000 29.00000 29.00000 34.00000 32.00000 30.00000 0.00000 15.00000 30.00000
19.00000 23.00000 15.00000 18.00000 16.00000 25.00000 8.00000 20.00000 20.00000 20.00000 21.00000 16.00000 25.00000 14.00000 13.00000 16.00000 16.00000 16.00000 3.00000 17.00000 18.00000 23.00000 21.00000 19.00000 14.00000 0.00000 19.00000
0.00000 11.00000 9.00000 9.00000 8.00000 8.00000 16.00000 8.00000 2.00000 10.00000 3.00000 7.00000 16.00000 17.00000 30.00000 10.00000 7.00000 23.00000 19.00000 9.00000 2.00000 6.00000 7.00000 0.00000 31.00000 20.00000 0.00000
p
0.0 0.0 0.0 0.0 0.0 0.0 
0.0 0.0 0.0 0.0 0.0 0.0 
0.0 0.0 0.0 0.0 0.0 0.0 
0.0 0.0 0.0 0.0 0.0 0.0 
0.0 0.0 0.0 0.0 0.0 0.0 
0 0 0 0 45 0 
0 0 0 0 45 0 
0 0 0 0 45 0 
0 0 0 0 45 0 
0 0 0 0 45 0 
0 0 0 0 53 0 
0 0 0 0 53 0 
0 0 0 0 53 0 
0 0 0 0 53 0 
0 0 0 0 53 0 
17 0 0 0 0 37 
17 0 0 0 0 37 
17 0 0 0 0 37 
17 0 0 0 0 37 
17 0 0 0 0 37 
52 0 0 0 0 0 
52 0 0 0 0 0 
52 0 0 0 0 0 
52 0 0 0 0 0 
52 0 0 0 0 0 
28 0 0 0 0 0 
28 0 0 0 0 0 
28 0 0 0 0 0 
28 0 0 0 0 0 
28 0 0 0 0 0 
16 0 0 0 0 0 
16 0 0 0 0 0 
16 0 0 0 0 0 
16 0 0 0 0 0 
16 0 0 0 0 0 
0 0 0 0 0 24 
0 0 0 0 0 24 
0 0 0 0 0 24 
0 0 0 0 0 24 
0 0 0 0 0 24 
0 0 0 0 0 47 
0 0 0 0 0 47 
0 0 0 0 0 47 
0 0 0 0 0 47 
0 0 0 0 0 47 
0 0 0 16 0 0 
0 0 0 16 0 0 
0 0 0 16 0 0 
0 0 0 16 0 0 
0 0 0 16 0 0 
0 0 0 46 0 0 
0 0 0 46 0 0 
0 0 0 46 0 0 
0 0 0 46 0 0 
0 0 0 46 0 0 
0 0 0 0 25 0 
0 0 0 0 25 0 
0 0 0 0 25 0 
0 0 0 0 25 0 
0 0 0 0 25 0 
0 0 23 0 0 37 
0 0 23 0 0 37 
0 0 23 0 0 37 
0 0 23 0 0 37 
0 0 23 0 0 37 
0 0 0 0 0 41 
0 0 0 0 0 41 
0 0 0 0 0 41 
0 0 0 0 0 41 
0 0 0 0 0 41 
0 54 0 0 0 0 
0 54 0 0 0 0 
0 54 0 0 0 0 
0 54 0 0 0 0 
0 54 0 0 0 0 
41 0 0 0 0 41 
41 0 0 0 0 41 
41 0 0 0 0 41 
41 0 0 0 0 41 
41 0 0 0 0 41 
0 0 0 0 15 0 
0 0 0 0 15 0 
0 0 0 0 15 0 
0 0 0 0 15 0 
0 0 0 0 15 0 
0 25 0 37 0 0 
0 25 0 37 0 0 
0 25 0 37 0 0 
0 25 0 37 0 0 
0 25 0 37 0 0 
47 0 0 44 0 0 
47 0 0 44 0 0 
47 0 0 44 0 0 
47 0 0 44 0 0 
47 0 0 44 0 0 
16 0 0 0 0 0 
16 0 0 0 0 0 
16 0 0 0 0 0 
16 0 0 0 0 0 
16 0 0 0 0 0 
52 0 0 38 0 0 
52 0 0 38 0 0 
52 0 0 38 0 0 
52 0 0 38 0 0 
52 0 0 38 0 0 
31 0 0 0 0 41 
31 0 0 0 0 41 
31 0 0 0 0 41 
31 0 0 0 0 41 
31 0 0 0 0 41 
0 0 0 0 0 44 
0 0 0 0 0 44 
0 0 0 0 0 44 
0 0 0 0 0 44 
0 0 0 0 0 44 
38 0 0 56 0 0 
38 0 0 56 0 0 
38 0 0 56 0 0 
38 0 0 56 0 0 
38 0 0 56 0 0 
42 0 0 0 0 0 
42 0 0 0 0 0 
42 0 0 0 0 0 
42 0 0 0 0 0 
42 0 0 0 0 0 
0 0 0 0 28 0 
0 0 0 0 28 0 
0 0 0 0 28 0 
0 0 0 0 28 0 
0 0 0 0 28 0 
0.0 0.0 0.0 0.0 0.0 0.0 
0.0 0.0 0.0 0.0 0.0 0.0 
0.0 0.0 0.0 0.0 0.0 0.0 
0.0 0.0 0.0 0.0 0.0 0.0 
0.0 0.0 0.0 0.0 0.0 0.0 
mind
0 0 0 0 0 0 0 0 0 0 0 0 16 0 0 0 0 15 26 0 0 18 0 0 0 0 0
maxd
0 0 0 0 0 0 0 0 0 0 0 0 25 0 0 0 0 23 30 0 0 30 0 0 0 0 0
e
0 846 544 603 737 819 562 480 532 730 904 515 809 744 614 939 822 770 623 671 782 926 933 958 790 935 0
l
99999 966 664 723 857 939 682 600 652 850 1024 635 929 864 734 1059 942 890 743 791 902 1046 1053 1078 910 1055 99999
