nbNodes
27
nbVehi
5
nbServi
6
r
1 1 1 1 1 1 
0 1 0 0 0 1 
0 0 1 0 1 0 
1 0 0 0 0 0 
0 0 0 0 1 0 
0 1 0 0 0 0 
0 0 0 0 1 0 
0 0 1 0 1 0 
0 0 0 0 0 1 
0 0 0 0 0 1 
0 0 0 0 1 0 
0 0 0 0 1 0 
0 0 1 0 0 1 
1 0 0 0 0 0 
0 0 1 0 0 1 
0 0 0 0 1 0 
1 0 0 0 0 0 
0 0 0 0 0 1 
0 1 0 1 0 0 
0 1 0 0 0 0 
0 1 0 1 0 0 
1 0 0 0 0 0 
0 1 0 0 0 1 
1 0 0 0 0 0 
0 0 0 0 0 1 
0 0 1 0 0 0 
1 1 1 1 1 1 
DS
2 3 8 13 15 19 21 23 
a
1 1 1 0 0 0 
1 1 0 0 0 0 
0 0 0 0 1 1 
0 0 0 0 0 1 
0 0 0 1 0 0 
x
-30.089 -30.0875 -30.0486 -30.0341 -30.0605 -30.1835 -30.1643 -30.1128 -30.0606 -30.0174 -30.1654 -29.9942 -30.0909 -30.1662 -30.0572 -30.1803 -30.089 -30.0759 -30.1633 -30.065 -30.0881 -30.1152 -30.0115 -30.0501 -30.107 -30.0679 -30.089
y
-51.1758 -51.2047 -51.1589 -51.1312 -51.1568 -51.1814 -51.1518 -51.2566 -51.1855 -51.0958 -51.1383 -51.1553 -51.1723 -51.1872 -51.1823 -51.181 -51.1758 -51.1942 -51.141 -51.1654 -51.1295 -51.2476 -51.205 -51.1911 -51.2524 -51.1704 -51.1758
d
0.00000 12.00000 18.00000 25.00000 18.00000 26.00000 20.00000 20.00000 15.00000 30.00000 24.00000 28.00000 4.00000 21.00000 14.00000 25.00000 0.00000 10.00000 22.00000 16.00000 17.00000 21.00000 22.00000 17.00000 20.00000 16.00000 0.00000
12.00000 0.00000 14.00000 20.00000 13.00000 29.00000 26.00000 13.00000 11.00000 26.00000 30.00000 23.00000 12.00000 24.00000 9.00000 28.00000 12.00000 7.00000 28.00000 12.00000 20.00000 14.00000 18.00000 12.00000 13.00000 12.00000 12.00000
19.00000 15.00000 0.00000 9.00000 4.00000 36.00000 33.00000 21.00000 7.00000 14.00000 34.00000 12.00000 18.00000 32.00000 6.00000 35.00000 19.00000 11.00000 34.00000 6.00000 12.00000 22.00000 15.00000 8.00000 20.00000 7.00000 19.00000
26.00000 21.00000 8.00000 0.00000 10.00000 43.00000 37.00000 27.00000 13.00000 10.00000 38.00000 12.00000 25.00000 38.00000 12.00000 42.00000 26.00000 18.00000 37.00000 12.00000 15.00000 28.00000 17.00000 14.00000 27.00000 13.00000 26.00000
19.00000 15.00000 5.00000 11.00000 0.00000 36.00000 32.00000 20.00000 8.00000 17.00000 33.00000 16.00000 18.00000 31.00000 7.00000 35.00000 19.00000 11.00000 32.00000 5.00000 10.00000 21.00000 17.00000 9.00000 20.00000 6.00000 19.00000
26.00000 27.00000 36.00000 42.00000 35.00000 0.00000 9.00000 23.00000 33.00000 48.00000 13.00000 45.00000 26.00000 8.00000 31.00000 2.00000 26.00000 29.00000 11.00000 33.00000 32.00000 23.00000 40.00000 34.00000 23.00000 33.00000 26.00000
20.00000 24.00000 32.00000 38.00000 32.00000 10.00000 0.00000 22.00000 29.00000 43.00000 4.00000 42.00000 21.00000 9.00000 28.00000 9.00000 20.00000 24.00000 2.00000 30.00000 26.00000 22.00000 37.00000 31.00000 22.00000 30.00000 20.00000
21.00000 13.00000 21.00000 28.00000 21.00000 23.00000 22.00000 0.00000 18.00000 33.00000 26.00000 31.00000 21.00000 19.00000 17.00000 22.00000 21.00000 14.00000 24.00000 19.00000 28.00000 4.00000 24.00000 20.00000 3.00000 19.00000 21.00000
14.00000 9.00000 7.00000 13.00000 7.00000 30.00000 27.00000 15.00000 0.00000 19.00000 31.00000 16.00000 14.00000 26.00000 2.00000 29.00000 14.00000 5.00000 29.00000 6.00000 14.00000 16.00000 13.00000 5.00000 14.00000 6.00000 14.00000
32.00000 28.00000 14.00000 10.00000 16.00000 49.00000 42.00000 33.00000 19.00000 0.00000 43.00000 13.00000 31.00000 44.00000 18.00000 48.00000 32.00000 24.00000 42.00000 18.00000 22.00000 34.00000 20.00000 20.00000 33.00000 19.00000 32.00000
24.00000 27.00000 34.00000 38.00000 32.00000 13.00000 5.00000 25.00000 33.00000 43.00000 0.00000 45.00000 24.00000 12.00000 31.00000 12.00000 24.00000 28.00000 2.00000 33.00000 27.00000 26.00000 40.00000 34.00000 26.00000 33.00000 24.00000
29.00000 25.00000 14.00000 13.00000 17.00000 46.00000 43.00000 29.00000 16.00000 14.00000 47.00000 0.00000 29.00000 41.00000 16.00000 45.00000 29.00000 21.00000 45.00000 17.00000 24.00000 31.00000 10.00000 16.00000 29.00000 17.00000 29.00000
4.00000 12.00000 19.00000 25.00000 16.00000 26.00000 20.00000 21.00000 16.00000 31.00000 24.00000 28.00000 0.00000 22.00000 14.00000 25.00000 4.00000 10.00000 22.00000 14.00000 18.00000 21.00000 23.00000 17.00000 20.00000 13.00000 4.00000
21.00000 22.00000 31.00000 37.00000 30.00000 8.00000 8.00000 18.00000 28.00000 43.00000 12.00000 40.00000 22.00000 0.00000 26.00000 7.00000 21.00000 24.00000 10.00000 29.00000 28.00000 18.00000 35.00000 29.00000 18.00000 29.00000 21.00000
15.00000 11.00000 7.00000 12.00000 7.00000 32.00000 29.00000 16.00000 2.00000 18.00000 32.00000 15.00000 15.00000 27.00000 0.00000 31.00000 15.00000 7.00000 31.00000 6.00000 15.00000 17.00000 12.00000 4.00000 16.00000 7.00000 15.00000
25.00000 26.00000 35.00000 41.00000 34.00000 2.00000 8.00000 22.00000 32.00000 47.00000 12.00000 44.00000 25.00000 8.00000 30.00000 0.00000 25.00000 28.00000 10.00000 32.00000 31.00000 22.00000 39.00000 33.00000 22.00000 33.00000 25.00000
0.00000 12.00000 18.00000 25.00000 18.00000 26.00000 20.00000 20.00000 15.00000 30.00000 24.00000 28.00000 4.00000 21.00000 14.00000 25.00000 0.00000 10.00000 22.00000 16.00000 17.00000 21.00000 22.00000 17.00000 20.00000 16.00000 0.00000
10.00000 7.00000 10.00000 16.00000 9.00000 30.00000 24.00000 14.00000 7.00000 22.00000 27.00000 19.00000 10.00000 25.00000 5.00000 29.00000 10.00000 0.00000 26.00000 8.00000 16.00000 15.00000 15.00000 8.00000 13.00000 8.00000 10.00000
22.00000 25.00000 33.00000 38.00000 32.00000 11.00000 3.00000 23.00000 31.00000 43.00000 2.00000 43.00000 22.00000 10.00000 29.00000 10.00000 22.00000 26.00000 0.00000 31.00000 26.00000 24.00000 38.00000 32.00000 24.00000 31.00000 22.00000
18.00000 13.00000 6.00000 13.00000 3.00000 35.00000 32.00000 19.00000 7.00000 18.00000 33.00000 17.00000 14.00000 30.00000 6.00000 34.00000 18.00000 10.00000 32.00000 0.00000 11.00000 20.00000 16.00000 8.00000 18.00000 3.00000 18.00000
20.00000 21.00000 11.00000 16.00000 9.00000 35.00000 29.00000 27.00000 14.00000 21.00000 30.00000 22.00000 20.00000 31.00000 13.00000 34.00000 20.00000 17.00000 29.00000 11.00000 0.00000 27.00000 23.00000 15.00000 26.00000 13.00000 20.00000
21.00000 13.00000 21.00000 28.00000 21.00000 23.00000 22.00000 3.00000 18.00000 33.00000 25.00000 31.00000 21.00000 18.00000 17.00000 22.00000 21.00000 14.00000 24.00000 19.00000 28.00000 0.00000 25.00000 20.00000 4.00000 19.00000 21.00000
22.00000 18.00000 15.00000 18.00000 16.00000 39.00000 36.00000 22.00000 11.00000 20.00000 40.00000 11.00000 22.00000 34.00000 11.00000 38.00000 22.00000 15.00000 38.00000 15.00000 23.00000 24.00000 0.00000 10.00000 21.00000 16.00000 22.00000
17.00000 12.00000 9.00000 14.00000 9.00000 34.00000 31.00000 18.00000 4.00000 19.00000 34.00000 17.00000 17.00000 29.00000 4.00000 33.00000 17.00000 9.00000 33.00000 8.00000 16.00000 19.00000 10.00000 0.00000 18.00000 9.00000 17.00000
19.00000 11.00000 20.00000 27.00000 19.00000 24.00000 22.00000 2.00000 17.00000 32.00000 26.00000 29.00000 20.00000 19.00000 15.00000 22.00000 19.00000 13.00000 24.00000 18.00000 27.00000 4.00000 22.00000 19.00000 0.00000 18.00000 19.00000
16.00000 13.00000 7.00000 14.00000 5.00000 35.00000 32.00000 19.00000 7.00000 19.00000 35.00000 18.00000 13.00000 30.00000 6.00000 34.00000 16.00000 9.00000 34.00000 2.00000 12.00000 20.00000 16.00000 9.00000 19.00000 0.00000 16.00000
0.00000 12.00000 18.00000 25.00000 18.00000 26.00000 20.00000 20.00000 15.00000 30.00000 24.00000 28.00000 4.00000 21.00000 14.00000 25.00000 0.00000 10.00000 22.00000 16.00000 17.00000 21.00000 22.00000 17.00000 20.00000 16.00000 0.00000
p
0.0 0.0 0.0 0.0 0.0 0.0 
0.0 0.0 0.0 0.0 0.0 0.0 
0.0 0.0 0.0 0.0 0.0 0.0 
0.0 0.0 0.0 0.0 0.0 0.0 
0.0 0.0 0.0 0.0 0.0 0.0 
0 59 0 0 0 53 
0 59 0 0 0 53 
0 59 0 0 0 53 
0 59 0 0 0 53 
0 59 0 0 0 53 
0 0 29 0 33 0 
0 0 29 0 33 0 
0 0 29 0 33 0 
0 0 29 0 33 0 
0 0 29 0 33 0 
39 0 0 0 0 0 
39 0 0 0 0 0 
39 0 0 0 0 0 
39 0 0 0 0 0 
39 0 0 0 0 0 
0 0 0 0 28 0 
0 0 0 0 28 0 
0 0 0 0 28 0 
0 0 0 0 28 0 
0 0 0 0 28 0 
0 47 0 0 0 0 
0 47 0 0 0 0 
0 47 0 0 0 0 
0 47 0 0 0 0 
0 47 0 0 0 0 
0 0 0 0 34 0 
0 0 0 0 34 0 
0 0 0 0 34 0 
0 0 0 0 34 0 
0 0 0 0 34 0 
0 0 42 0 36 0 
0 0 42 0 36 0 
0 0 42 0 36 0 
0 0 42 0 36 0 
0 0 42 0 36 0 
0 0 0 0 0 27 
0 0 0 0 0 27 
0 0 0 0 0 27 
0 0 0 0 0 27 
0 0 0 0 0 27 
0 0 0 0 0 39 
0 0 0 0 0 39 
0 0 0 0 0 39 
0 0 0 0 0 39 
0 0 0 0 0 39 
0 0 0 0 51 0 
0 0 0 0 51 0 
0 0 0 0 51 0 
0 0 0 0 51 0 
0 0 0 0 51 0 
0 0 0 0 18 0 
0 0 0 0 18 0 
0 0 0 0 18 0 
0 0 0 0 18 0 
0 0 0 0 18 0 
0 0 42 0 0 37 
0 0 42 0 0 37 
0 0 42 0 0 37 
0 0 42 0 0 37 
0 0 42 0 0 37 
46 0 0 0 0 0 
46 0 0 0 0 0 
46 0 0 0 0 0 
46 0 0 0 0 0 
46 0 0 0 0 0 
0 0 27 0 0 24 
0 0 27 0 0 24 
0 0 27 0 0 24 
0 0 27 0 0 24 
0 0 27 0 0 24 
0 0 0 0 57 0 
0 0 0 0 57 0 
0 0 0 0 57 0 
0 0 0 0 57 0 
0 0 0 0 57 0 
59 0 0 0 0 0 
59 0 0 0 0 0 
59 0 0 0 0 0 
59 0 0 0 0 0 
59 0 0 0 0 0 
0 0 0 0 0 25 
0 0 0 0 0 25 
0 0 0 0 0 25 
0 0 0 0 0 25 
0 0 0 0 0 25 
0 57 0 36 0 0 
0 57 0 36 0 0 
0 57 0 36 0 0 
0 57 0 36 0 0 
0 57 0 36 0 0 
0 58 0 0 0 0 
0 58 0 0 0 0 
0 58 0 0 0 0 
0 58 0 0 0 0 
0 58 0 0 0 0 
0 20 0 59 0 0 
0 20 0 59 0 0 
0 20 0 59 0 0 
0 20 0 59 0 0 
0 20 0 59 0 0 
36 0 0 0 0 0 
36 0 0 0 0 0 
36 0 0 0 0 0 
36 0 0 0 0 0 
36 0 0 0 0 0 
0 17 0 0 0 44 
0 17 0 0 0 44 
0 17 0 0 0 44 
0 17 0 0 0 44 
0 17 0 0 0 44 
30 0 0 0 0 0 
30 0 0 0 0 0 
30 0 0 0 0 0 
30 0 0 0 0 0 
30 0 0 0 0 0 
0 0 0 0 0 42 
0 0 0 0 0 42 
0 0 0 0 0 42 
0 0 0 0 0 42 
0 0 0 0 0 42 
0 0 45 0 0 0 
0 0 45 0 0 0 
0 0 45 0 0 0 
0 0 45 0 0 0 
0 0 45 0 0 0 
0.0 0.0 0.0 0.0 0.0 0.0 
0.0 0.0 0.0 0.0 0.0 0.0 
0.0 0.0 0.0 0.0 0.0 0.0 
0.0 0.0 0.0 0.0 0.0 0.0 
0.0 0.0 0.0 0.0 0.0 0.0 
mind
0 0 10 0 0 0 0 10 0 0 0 0 0 0 0 0 0 0 14 0 0 0 21 0 0 0 0
maxd
0 0 15 0 0 0 0 27 0 0 0 0 0 0 0 0 0 0 30 0 0 0 29 0 0 0 0
e
0 567 561 711 638 942 866 550 537 658 817 700 760 940 742 938 834 936 754 796 481 484 885 851 672 590 0
l
99999 687 681 831 758 1062 986 670 657 778 937 820 880 1060 862 1058 954 1056 874 916 601 604 1005 971 792 710 99999
