nbNodes
27
nbVehi
5
nbServi
6
r
1 1 1 1 1 1 
1 0 0 0 0 0 
0 1 0 0 0 0 
0 0 1 1 0 0 
0 0 0 1 0 0 
1 0 0 0 0 0 
1 0 0 0 0 0 
1 0 0 0 0 0 
1 0 0 0 0 0 
0 1 0 0 0 0 
1 0 0 0 1 0 
1 0 0 1 0 0 
0 1 0 0 1 0 
0 0 1 0 1 0 
0 0 1 0 1 0 
0 1 0 0 0 0 
0 0 0 1 0 0 
0 0 0 0 1 0 
0 0 0 0 1 0 
0 0 1 0 0 0 
0 0 0 0 1 0 
0 0 0 1 0 0 
1 0 0 0 0 1 
0 0 0 1 0 0 
0 0 0 1 0 0 
0 0 1 1 0 0 
1 1 1 1 1 1 
DS
4 11 12 13 14 15 23 26 
a
0 0 1 0 0 0 
1 1 0 0 0 0 
0 0 0 0 1 0 
0 0 0 0 0 1 
0 0 0 1 1 0 
x
-30.0802 -30.1043 -30.0926 -30.0991 -30.0121 -30.0183 -30.0223 -30.1108 -30.0934 -30.027 -30.0077 -30.1676 -30.023 -30.0072 -30.0034 -30.0959 -29.9914 -30.0695 -30.0802 -30.0126 -30.1619 -30.1739 -30.1552 -30.0864 -30.0671 -30.1615 -30.0802
y
-51.1599 -51.1382 -51.1309 -51.1414 -51.1326 -51.2116 -51.1719 -51.1029 -51.1304 -51.1433 -51.1205 -51.1436 -51.1721 -51.1784 -51.1504 -51.1376 -51.1269 -51.1707 -51.1599 -51.1411 -51.1427 -51.1453 -51.146 -51.1159 -51.1745 -51.1303 -51.1599
d
0.00000 19.00000 15.00000 17.00000 23.00000 23.00000 18.00000 23.00000 15.00000 18.00000 22.00000 32.00000 18.00000 21.00000 22.00000 17.00000 25.00000 8.00000 0.00000 21.00000 34.00000 35.00000 33.00000 16.00000 10.00000 35.00000 0.00000
20.00000 0.00000 5.00000 3.00000 24.00000 27.00000 22.00000 10.00000 5.00000 19.00000 23.00000 23.00000 22.00000 25.00000 25.00000 5.00000 28.00000 17.00000 20.00000 23.00000 22.00000 26.00000 21.00000 8.00000 17.00000 23.00000 20.00000
16.00000 5.00000 0.00000 4.00000 20.00000 23.00000 18.00000 9.00000 1.00000 15.00000 19.00000 25.00000 18.00000 21.00000 21.00000 3.00000 24.00000 13.00000 16.00000 19.00000 24.00000 29.00000 23.00000 6.00000 13.00000 25.00000 16.00000
18.00000 3.00000 4.00000 0.00000 22.00000 25.00000 20.00000 12.00000 4.00000 17.00000 21.00000 23.00000 20.00000 23.00000 23.00000 3.00000 26.00000 15.00000 18.00000 21.00000 23.00000 25.00000 22.00000 9.00000 15.00000 24.00000 18.00000
22.00000 23.00000 19.00000 22.00000 0.00000 15.00000 11.00000 27.00000 19.00000 6.00000 6.00000 44.00000 11.00000 9.00000 6.00000 21.00000 6.00000 18.00000 22.00000 3.00000 42.00000 46.00000 42.00000 21.00000 19.00000 43.00000 22.00000
22.00000 27.00000 22.00000 25.00000 15.00000 0.00000 9.00000 30.00000 22.00000 15.00000 17.00000 38.00000 9.00000 8.00000 13.00000 24.00000 17.00000 16.00000 22.00000 14.00000 39.00000 40.00000 39.00000 24.00000 15.00000 40.00000 22.00000
19.00000 23.00000 19.00000 21.00000 10.00000 9.00000 0.00000 27.00000 19.00000 8.00000 13.00000 39.00000 1.00000 5.00000 9.00000 21.00000 12.00000 13.00000 19.00000 9.00000 40.00000 41.00000 40.00000 21.00000 13.00000 42.00000 19.00000
23.00000 11.00000 9.00000 12.00000 28.00000 31.00000 25.00000 0.00000 9.00000 23.00000 27.00000 22.00000 25.00000 28.00000 28.00000 11.00000 32.00000 20.00000 23.00000 26.00000 21.00000 26.00000 20.00000 12.00000 20.00000 22.00000 23.00000
16.00000 5.00000 1.00000 4.00000 20.00000 23.00000 18.00000 9.00000 0.00000 15.00000 19.00000 25.00000 18.00000 21.00000 21.00000 3.00000 24.00000 13.00000 16.00000 18.00000 24.00000 29.00000 23.00000 6.00000 13.00000 25.00000 16.00000
18.00000 19.00000 15.00000 17.00000 6.00000 16.00000 9.00000 23.00000 15.00000 0.00000 10.00000 39.00000 9.00000 10.00000 8.00000 17.00000 9.00000 13.00000 18.00000 4.00000 38.00000 42.00000 37.00000 16.00000 13.00000 39.00000 18.00000
22.00000 24.00000 19.00000 22.00000 6.00000 17.00000 13.00000 27.00000 19.00000 10.00000 0.00000 44.00000 14.00000 12.00000 8.00000 21.00000 6.00000 19.00000 22.00000 8.00000 43.00000 46.00000 42.00000 21.00000 19.00000 43.00000 22.00000
32.00000 23.00000 26.00000 23.00000 44.00000 38.00000 36.00000 22.00000 25.00000 39.00000 44.00000 0.00000 36.00000 39.00000 43.00000 25.00000 46.00000 31.00000 32.00000 42.00000 4.00000 5.00000 5.00000 29.00000 30.00000 5.00000 32.00000
19.00000 23.00000 19.00000 21.00000 10.00000 9.00000 1.00000 27.00000 19.00000 8.00000 13.00000 39.00000 0.00000 5.00000 9.00000 21.00000 12.00000 13.00000 19.00000 9.00000 40.00000 41.00000 40.00000 21.00000 13.00000 42.00000 19.00000
22.00000 26.00000 21.00000 24.00000 9.00000 8.00000 5.00000 30.00000 22.00000 10.00000 11.00000 41.00000 5.00000 0.00000 7.00000 24.00000 10.00000 16.00000 22.00000 8.00000 42.00000 43.00000 42.00000 23.00000 16.00000 44.00000 22.00000
24.00000 26.00000 21.00000 24.00000 6.00000 13.00000 9.00000 29.00000 22.00000 7.00000 8.00000 45.00000 9.00000 7.00000 0.00000 24.00000 7.00000 18.00000 24.00000 5.00000 45.00000 47.00000 44.00000 23.00000 18.00000 46.00000 24.00000
18.00000 5.00000 3.00000 3.00000 22.00000 25.00000 20.00000 11.00000 3.00000 17.00000 21.00000 25.00000 20.00000 23.00000 23.00000 0.00000 26.00000 15.00000 18.00000 20.00000 25.00000 27.00000 24.00000 9.00000 15.00000 26.00000 18.00000
26.00000 27.00000 23.00000 25.00000 6.00000 16.00000 11.00000 31.00000 23.00000 9.00000 6.00000 47.00000 12.00000 10.00000 7.00000 25.00000 0.00000 20.00000 26.00000 6.00000 46.00000 50.00000 45.00000 25.00000 20.00000 47.00000 26.00000
8.00000 16.00000 11.00000 14.00000 19.00000 17.00000 12.00000 19.00000 11.00000 14.00000 18.00000 33.00000 13.00000 15.00000 18.00000 13.00000 21.00000 0.00000 8.00000 17.00000 35.00000 36.00000 34.00000 13.00000 2.00000 35.00000 8.00000
0.00000 19.00000 15.00000 17.00000 23.00000 23.00000 18.00000 23.00000 15.00000 18.00000 22.00000 32.00000 18.00000 21.00000 22.00000 17.00000 25.00000 8.00000 0.00000 21.00000 34.00000 35.00000 33.00000 16.00000 10.00000 35.00000 0.00000
21.00000 23.00000 18.00000 21.00000 3.00000 14.00000 10.00000 26.00000 19.00000 4.00000 7.00000 43.00000 10.00000 8.00000 5.00000 21.00000 6.00000 16.00000 21.00000 0.00000 42.00000 46.00000 41.00000 20.00000 17.00000 43.00000 21.00000
33.00000 22.00000 24.00000 23.00000 43.00000 39.00000 37.00000 21.00000 24.00000 38.00000 42.00000 4.00000 37.00000 40.00000 44.00000 25.00000 47.00000 32.00000 33.00000 41.00000 0.00000 8.00000 4.00000 27.00000 31.00000 4.00000 33.00000
35.00000 25.00000 28.00000 25.00000 46.00000 40.00000 38.00000 25.00000 28.00000 41.00000 46.00000 5.00000 38.00000 41.00000 45.00000 27.00000 48.00000 34.00000 35.00000 44.00000 8.00000 0.00000 9.00000 32.00000 32.00000 10.00000 35.00000
33.00000 21.00000 23.00000 22.00000 42.00000 39.00000 37.00000 20.00000 23.00000 37.00000 41.00000 5.00000 37.00000 39.00000 43.00000 24.00000 46.00000 32.00000 33.00000 41.00000 4.00000 8.00000 0.00000 26.00000 31.00000 6.00000 33.00000
19.00000 8.00000 6.00000 9.00000 24.00000 26.00000 21.00000 12.00000 6.00000 19.00000 22.00000 29.00000 21.00000 24.00000 24.00000 8.00000 27.00000 16.00000 19.00000 22.00000 27.00000 32.00000 26.00000 0.00000 16.00000 28.00000 19.00000
11.00000 16.00000 12.00000 14.00000 19.00000 15.00000 11.00000 20.00000 12.00000 14.00000 19.00000 32.00000 11.00000 14.00000 18.00000 14.00000 22.00000 3.00000 11.00000 18.00000 33.00000 34.00000 33.00000 14.00000 0.00000 34.00000 11.00000
35.00000 22.00000 24.00000 23.00000 43.00000 41.00000 38.00000 21.00000 24.00000 38.00000 42.00000 5.00000 39.00000 41.00000 44.00000 25.00000 47.00000 34.00000 35.00000 42.00000 4.00000 10.00000 6.00000 28.00000 33.00000 0.00000 35.00000
0.00000 19.00000 15.00000 17.00000 23.00000 23.00000 18.00000 23.00000 15.00000 18.00000 22.00000 32.00000 18.00000 21.00000 22.00000 17.00000 25.00000 8.00000 0.00000 21.00000 34.00000 35.00000 33.00000 16.00000 10.00000 35.00000 0.00000
p
0.0 0.0 0.0 0.0 0.0 0.0 
0.0 0.0 0.0 0.0 0.0 0.0 
0.0 0.0 0.0 0.0 0.0 0.0 
0.0 0.0 0.0 0.0 0.0 0.0 
0.0 0.0 0.0 0.0 0.0 0.0 
34 0 0 0 0 0 
34 0 0 0 0 0 
34 0 0 0 0 0 
34 0 0 0 0 0 
34 0 0 0 0 0 
0 18 0 0 0 0 
0 18 0 0 0 0 
0 18 0 0 0 0 
0 18 0 0 0 0 
0 18 0 0 0 0 
0 0 21 35 0 0 
0 0 21 35 0 0 
0 0 21 35 0 0 
0 0 21 35 0 0 
0 0 21 35 0 0 
0 0 0 54 0 0 
0 0 0 54 0 0 
0 0 0 54 0 0 
0 0 0 54 0 0 
0 0 0 54 0 0 
22 0 0 0 0 0 
22 0 0 0 0 0 
22 0 0 0 0 0 
22 0 0 0 0 0 
22 0 0 0 0 0 
50 0 0 0 0 0 
50 0 0 0 0 0 
50 0 0 0 0 0 
50 0 0 0 0 0 
50 0 0 0 0 0 
59 0 0 0 0 0 
59 0 0 0 0 0 
59 0 0 0 0 0 
59 0 0 0 0 0 
59 0 0 0 0 0 
54 0 0 0 0 0 
54 0 0 0 0 0 
54 0 0 0 0 0 
54 0 0 0 0 0 
54 0 0 0 0 0 
0 58 0 0 0 0 
0 58 0 0 0 0 
0 58 0 0 0 0 
0 58 0 0 0 0 
0 58 0 0 0 0 
48 0 0 0 15 0 
48 0 0 0 15 0 
48 0 0 0 15 0 
48 0 0 0 15 0 
48 0 0 0 15 0 
52 0 0 22 0 0 
52 0 0 22 0 0 
52 0 0 22 0 0 
52 0 0 22 0 0 
52 0 0 22 0 0 
0 47 0 0 45 0 
0 47 0 0 45 0 
0 47 0 0 45 0 
0 47 0 0 45 0 
0 47 0 0 45 0 
0 0 33 0 36 0 
0 0 33 0 36 0 
0 0 33 0 36 0 
0 0 33 0 36 0 
0 0 33 0 36 0 
0 0 16 0 58 0 
0 0 16 0 58 0 
0 0 16 0 58 0 
0 0 16 0 58 0 
0 0 16 0 58 0 
0 54 0 0 0 0 
0 54 0 0 0 0 
0 54 0 0 0 0 
0 54 0 0 0 0 
0 54 0 0 0 0 
0 0 0 21 0 0 
0 0 0 21 0 0 
0 0 0 21 0 0 
0 0 0 21 0 0 
0 0 0 21 0 0 
0 0 0 0 41 0 
0 0 0 0 41 0 
0 0 0 0 41 0 
0 0 0 0 41 0 
0 0 0 0 41 0 
0 0 0 0 54 0 
0 0 0 0 54 0 
0 0 0 0 54 0 
0 0 0 0 54 0 
0 0 0 0 54 0 
0 0 19 0 0 0 
0 0 19 0 0 0 
0 0 19 0 0 0 
0 0 19 0 0 0 
0 0 19 0 0 0 
0 0 0 0 26 0 
0 0 0 0 26 0 
0 0 0 0 26 0 
0 0 0 0 26 0 
0 0 0 0 26 0 
0 0 0 17 0 0 
0 0 0 17 0 0 
0 0 0 17 0 0 
0 0 0 17 0 0 
0 0 0 17 0 0 
19 0 0 0 0 54 
19 0 0 0 0 54 
19 0 0 0 0 54 
19 0 0 0 0 54 
19 0 0 0 0 54 
0 0 0 27 0 0 
0 0 0 27 0 0 
0 0 0 27 0 0 
0 0 0 27 0 0 
0 0 0 27 0 0 
0 0 0 51 0 0 
0 0 0 51 0 0 
0 0 0 51 0 0 
0 0 0 51 0 0 
0 0 0 51 0 0 
0 0 38 41 0 0 
0 0 38 41 0 0 
0 0 38 41 0 0 
0 0 38 41 0 0 
0 0 38 41 0 0 
0.0 0.0 0.0 0.0 0.0 0.0 
0.0 0.0 0.0 0.0 0.0 0.0 
0.0 0.0 0.0 0.0 0.0 0.0 
0.0 0.0 0.0 0.0 0.0 0.0 
0.0 0.0 0.0 0.0 0.0 0.0 
mind
0 0 0 17 0 0 0 0 0 0 0 0 0 12 16 0 0 0 0 0 0 0 11 0 0 0 0
maxd
0 0 0 30 0 0 0 0 0 0 0 0 0 17 27 0 0 0 0 0 0 0 29 0 0 0 0
e
0 749 888 558 610 556 502 838 639 916 904 758 766 706 687 573 841 825 879 840 585 559 948 766 632 767 0
l
99999 869 1008 678 730 676 622 958 759 1036 1024 878 886 826 807 693 961 945 999 960 705 679 1068 886 752 887 99999
