nbNodes
27
nbVehi
5
nbServi
6
r
1 1 1 1 1 1 
0 0 1 0 0 0 
0 0 1 0 0 0 
1 0 0 0 1 0 
0 0 0 0 0 1 
0 0 1 0 0 0 
0 0 0 0 1 0 
1 0 0 0 0 0 
0 0 1 1 0 0 
0 0 1 0 1 0 
0 0 1 0 0 0 
0 0 1 0 0 0 
0 0 1 0 0 0 
0 0 0 0 0 1 
0 0 0 0 1 0 
0 1 0 0 0 0 
0 0 0 1 0 0 
0 0 1 1 0 0 
1 0 0 0 0 0 
0 0 1 0 0 0 
1 0 0 1 0 0 
1 0 0 1 0 0 
0 0 1 0 0 0 
0 1 0 1 0 0 
0 1 0 0 0 0 
0 0 1 1 0 0 
1 1 1 1 1 1 
DS
4 9 10 18 21 22 24 26 
a
0 0 1 0 0 0 
1 1 1 0 0 0 
0 0 0 0 1 0 
0 0 0 0 0 1 
0 0 0 1 0 0 
x
-30.0725 -30.1321 -30.1604 -30.1024 -30.0108 -30.1554 -30.0731 -30.055 -30.0867 -30.0676 -30.0462 -30.1072 -30.0241 -30.1048 -29.9864 -30.1136 -30.1551 -30.1038 -29.9846 -30.1138 -30.0725 -30.0415 -30.1563 -30.0906 -30.0797 -30.1146 -30.0725
y
-51.1755 -51.2036 -51.1388 -51.2375 -51.1163 -51.1347 -51.2055 -51.1446 -51.1269 -51.1787 -51.2068 -51.1391 -51.1094 -51.114 -51.0957 -51.2551 -51.1369 -51.1405 -51.1361 -51.1546 -51.1755 -51.1947 -51.1392 -51.1222 -51.1665 -51.2268 -51.1755
d
0.00000 24.00000 34.00000 15.00000 21.00000 34.00000 8.00000 11.00000 15.00000 3.00000 10.00000 19.00000 21.00000 18.00000 27.00000 18.00000 34.00000 18.00000 26.00000 24.00000 0.00000 10.00000 33.00000 15.00000 6.00000 16.00000 0.00000
21.00000 0.00000 19.00000 13.00000 36.00000 20.00000 17.00000 27.00000 28.00000 21.00000 22.00000 23.00000 35.00000 28.00000 42.00000 16.00000 20.00000 22.00000 40.00000 21.00000 21.00000 24.00000 19.00000 28.00000 27.00000 10.00000 21.00000
31.00000 20.00000 0.00000 23.00000 41.00000 3.00000 27.00000 31.00000 26.00000 31.00000 32.00000 19.00000 40.00000 20.00000 44.00000 25.00000 3.00000 20.00000 48.00000 19.00000 31.00000 35.00000 2.00000 24.00000 33.00000 21.00000 31.00000
15.00000 13.00000 24.00000 0.00000 29.00000 24.00000 10.00000 21.00000 25.00000 14.00000 16.00000 25.00000 29.00000 28.00000 35.00000 5.00000 24.00000 24.00000 33.00000 23.00000 15.00000 18.00000 23.00000 25.00000 20.00000 5.00000 15.00000
20.00000 38.00000 41.00000 29.00000 0.00000 39.00000 22.00000 12.00000 21.00000 19.00000 20.00000 24.00000 6.00000 23.00000 8.00000 32.00000 40.00000 23.00000 10.00000 29.00000 20.00000 19.00000 40.00000 20.00000 22.00000 30.00000 20.00000
32.00000 20.00000 3.00000 23.00000 39.00000 0.00000 27.00000 29.00000 24.00000 31.00000 33.00000 17.00000 37.00000 18.00000 42.00000 26.00000 2.00000 18.00000 46.00000 17.00000 32.00000 35.00000 2.00000 22.00000 34.00000 22.00000 32.00000
8.00000 17.00000 28.00000 9.00000 22.00000 28.00000 0.00000 14.00000 18.00000 7.00000 7.00000 18.00000 22.00000 21.00000 28.00000 12.00000 28.00000 17.00000 26.00000 20.00000 8.00000 9.00000 27.00000 18.00000 13.00000 10.00000 8.00000
10.00000 28.00000 31.00000 19.00000 12.00000 29.00000 12.00000 0.00000 11.00000 9.00000 12.00000 14.00000 12.00000 13.00000 18.00000 22.00000 30.00000 13.00000 19.00000 19.00000 10.00000 11.00000 30.00000 10.00000 12.00000 20.00000 10.00000
15.00000 29.00000 26.00000 24.00000 20.00000 24.00000 17.00000 9.00000 0.00000 13.00000 17.00000 10.00000 19.00000 8.00000 26.00000 27.00000 25.00000 9.00000 27.00000 15.00000 15.00000 16.00000 25.00000 3.00000 17.00000 25.00000 15.00000
2.00000 22.00000 32.00000 13.00000 19.00000 32.00000 7.00000 9.00000 13.00000 0.00000 7.00000 17.00000 19.00000 16.00000 25.00000 16.00000 32.00000 16.00000 23.00000 22.00000 2.00000 8.00000 32.00000 13.00000 7.00000 14.00000 2.00000
9.00000 23.00000 33.00000 15.00000 20.00000 34.00000 8.00000 13.00000 18.00000 7.00000 0.00000 22.00000 20.00000 21.00000 25.00000 16.00000 33.00000 21.00000 22.00000 26.00000 9.00000 4.00000 33.00000 18.00000 13.00000 16.00000 9.00000
19.00000 23.00000 19.00000 24.00000 24.00000 17.00000 19.00000 14.00000 9.00000 18.00000 22.00000 0.00000 24.00000 8.00000 30.00000 27.00000 18.00000 2.00000 31.00000 9.00000 19.00000 21.00000 18.00000 8.00000 21.00000 23.00000 19.00000
20.00000 37.00000 39.00000 29.00000 6.00000 37.00000 22.00000 12.00000 20.00000 19.00000 21.00000 24.00000 0.00000 23.00000 11.00000 32.00000 38.00000 23.00000 13.00000 29.00000 20.00000 19.00000 38.00000 20.00000 22.00000 30.00000 20.00000
18.00000 29.00000 20.00000 27.00000 23.00000 18.00000 21.00000 13.00000 8.00000 17.00000 21.00000 9.00000 23.00000 0.00000 29.00000 30.00000 19.00000 9.00000 30.00000 16.00000 18.00000 20.00000 19.00000 6.00000 20.00000 29.00000 18.00000
26.00000 44.00000 44.00000 35.00000 8.00000 42.00000 29.00000 18.00000 27.00000 25.00000 24.00000 30.00000 11.00000 29.00000 0.00000 38.00000 43.00000 29.00000 11.00000 35.00000 26.00000 24.00000 43.00000 26.00000 28.00000 36.00000 26.00000
18.00000 17.00000 25.00000 6.00000 32.00000 26.00000 13.00000 24.00000 28.00000 17.00000 17.00000 28.00000 32.00000 31.00000 38.00000 0.00000 26.00000 27.00000 36.00000 26.00000 18.00000 20.00000 25.00000 28.00000 23.00000 8.00000 18.00000
32.00000 20.00000 3.00000 24.00000 40.00000 2.00000 27.00000 29.00000 24.00000 31.00000 33.00000 18.00000 38.00000 19.00000 42.00000 26.00000 0.00000 19.00000 47.00000 18.00000 32.00000 35.00000 2.00000 22.00000 34.00000 22.00000 32.00000
18.00000 22.00000 20.00000 23.00000 23.00000 18.00000 18.00000 13.00000 8.00000 17.00000 21.00000 2.00000 23.00000 8.00000 29.00000 26.00000 19.00000 0.00000 30.00000 8.00000 18.00000 20.00000 19.00000 7.00000 20.00000 22.00000 18.00000
25.00000 41.00000 48.00000 33.00000 10.00000 45.00000 26.00000 19.00000 27.00000 24.00000 21.00000 31.00000 13.00000 30.00000 11.00000 35.00000 46.00000 30.00000 0.00000 35.00000 25.00000 21.00000 46.00000 27.00000 27.00000 34.00000 25.00000
24.00000 20.00000 19.00000 22.00000 29.00000 17.00000 21.00000 19.00000 14.00000 23.00000 25.00000 9.00000 29.00000 15.00000 35.00000 25.00000 18.00000 8.00000 36.00000 0.00000 24.00000 26.00000 18.00000 14.00000 26.00000 21.00000 24.00000
0.00000 24.00000 34.00000 15.00000 21.00000 34.00000 8.00000 11.00000 15.00000 3.00000 10.00000 19.00000 21.00000 18.00000 27.00000 18.00000 34.00000 18.00000 26.00000 24.00000 0.00000 10.00000 33.00000 15.00000 6.00000 16.00000 0.00000
10.00000 26.00000 36.00000 17.00000 17.00000 36.00000 10.00000 12.00000 18.00000 9.00000 6.00000 22.00000 16.00000 21.00000 23.00000 20.00000 36.00000 21.00000 20.00000 27.00000 10.00000 0.00000 35.00000 18.00000 14.00000 18.00000 10.00000
31.00000 19.00000 2.00000 22.00000 40.00000 2.00000 26.00000 29.00000 25.00000 30.00000 32.00000 18.00000 38.00000 19.00000 42.00000 24.00000 2.00000 19.00000 47.00000 18.00000 31.00000 34.00000 0.00000 22.00000 33.00000 21.00000 31.00000
16.00000 27.00000 24.00000 25.00000 21.00000 22.00000 19.00000 11.00000 4.00000 15.00000 19.00000 8.00000 21.00000 6.00000 27.00000 28.00000 22.00000 7.00000 28.00000 14.00000 16.00000 18.00000 22.00000 0.00000 18.00000 26.00000 16.00000
6.00000 28.00000 33.00000 20.00000 22.00000 34.00000 13.00000 12.00000 16.00000 7.00000 14.00000 20.00000 22.00000 19.00000 28.00000 23.00000 33.00000 19.00000 27.00000 25.00000 6.00000 14.00000 33.00000 16.00000 0.00000 21.00000 6.00000
16.00000 10.00000 21.00000 6.00000 30.00000 21.00000 12.00000 22.00000 27.00000 15.00000 17.00000 23.00000 30.00000 29.00000 37.00000 9.00000 21.00000 22.00000 35.00000 21.00000 16.00000 19.00000 20.00000 26.00000 22.00000 0.00000 16.00000
0.00000 24.00000 34.00000 15.00000 21.00000 34.00000 8.00000 11.00000 15.00000 3.00000 10.00000 19.00000 21.00000 18.00000 27.00000 18.00000 34.00000 18.00000 26.00000 24.00000 0.00000 10.00000 33.00000 15.00000 6.00000 16.00000 0.00000
p
0.0 0.0 0.0 0.0 0.0 0.0 
0.0 0.0 0.0 0.0 0.0 0.0 
0.0 0.0 0.0 0.0 0.0 0.0 
0.0 0.0 0.0 0.0 0.0 0.0 
0.0 0.0 0.0 0.0 0.0 0.0 
0 0 36 0 0 0 
0 0 36 0 0 0 
0 0 36 0 0 0 
0 0 36 0 0 0 
0 0 36 0 0 0 
0 0 46 0 0 0 
0 0 46 0 0 0 
0 0 46 0 0 0 
0 0 46 0 0 0 
0 0 46 0 0 0 
48 0 0 0 53 0 
48 0 0 0 53 0 
48 0 0 0 53 0 
48 0 0 0 53 0 
48 0 0 0 53 0 
0 0 0 0 0 18 
0 0 0 0 0 18 
0 0 0 0 0 18 
0 0 0 0 0 18 
0 0 0 0 0 18 
0 0 25 0 0 0 
0 0 25 0 0 0 
0 0 25 0 0 0 
0 0 25 0 0 0 
0 0 25 0 0 0 
0 0 0 0 57 0 
0 0 0 0 57 0 
0 0 0 0 57 0 
0 0 0 0 57 0 
0 0 0 0 57 0 
26 0 0 0 0 0 
26 0 0 0 0 0 
26 0 0 0 0 0 
26 0 0 0 0 0 
26 0 0 0 0 0 
0 0 41 42 0 0 
0 0 41 42 0 0 
0 0 41 42 0 0 
0 0 41 42 0 0 
0 0 41 42 0 0 
0 0 27 0 17 0 
0 0 27 0 17 0 
0 0 27 0 17 0 
0 0 27 0 17 0 
0 0 27 0 17 0 
0 0 53 0 0 0 
0 0 53 0 0 0 
0 0 53 0 0 0 
0 0 53 0 0 0 
0 0 53 0 0 0 
0 0 54 0 0 0 
0 0 54 0 0 0 
0 0 54 0 0 0 
0 0 54 0 0 0 
0 0 54 0 0 0 
0 0 48 0 0 0 
0 0 48 0 0 0 
0 0 48 0 0 0 
0 0 48 0 0 0 
0 0 48 0 0 0 
0 0 0 0 0 30 
0 0 0 0 0 30 
0 0 0 0 0 30 
0 0 0 0 0 30 
0 0 0 0 0 30 
0 0 0 0 24 0 
0 0 0 0 24 0 
0 0 0 0 24 0 
0 0 0 0 24 0 
0 0 0 0 24 0 
0 47 0 0 0 0 
0 47 0 0 0 0 
0 47 0 0 0 0 
0 47 0 0 0 0 
0 47 0 0 0 0 
0 0 0 28 0 0 
0 0 0 28 0 0 
0 0 0 28 0 0 
0 0 0 28 0 0 
0 0 0 28 0 0 
0 0 28 24 0 0 
0 0 28 24 0 0 
0 0 28 24 0 0 
0 0 28 24 0 0 
0 0 28 24 0 0 
23 0 0 0 0 0 
23 0 0 0 0 0 
23 0 0 0 0 0 
23 0 0 0 0 0 
23 0 0 0 0 0 
0 0 31 0 0 0 
0 0 31 0 0 0 
0 0 31 0 0 0 
0 0 31 0 0 0 
0 0 31 0 0 0 
17 0 0 35 0 0 
17 0 0 35 0 0 
17 0 0 35 0 0 
17 0 0 35 0 0 
17 0 0 35 0 0 
36 0 0 21 0 0 
36 0 0 21 0 0 
36 0 0 21 0 0 
36 0 0 21 0 0 
36 0 0 21 0 0 
0 0 23 0 0 0 
0 0 23 0 0 0 
0 0 23 0 0 0 
0 0 23 0 0 0 
0 0 23 0 0 0 
0 27 0 26 0 0 
0 27 0 26 0 0 
0 27 0 26 0 0 
0 27 0 26 0 0 
0 27 0 26 0 0 
0 48 0 0 0 0 
0 48 0 0 0 0 
0 48 0 0 0 0 
0 48 0 0 0 0 
0 48 0 0 0 0 
0 0 41 29 0 0 
0 0 41 29 0 0 
0 0 41 29 0 0 
0 0 41 29 0 0 
0 0 41 29 0 0 
0.0 0.0 0.0 0.0 0.0 0.0 
0.0 0.0 0.0 0.0 0.0 0.0 
0.0 0.0 0.0 0.0 0.0 0.0 
0.0 0.0 0.0 0.0 0.0 0.0 
0.0 0.0 0.0 0.0 0.0 0.0 
mind
0 0 0 0 0 0 0 0 12 20 0 0 0 0 0 0 0 0 0 0 0 25 0 14 0 0 0
maxd
0 0 0 0 0 0 0 0 30 21 0 0 0 0 0 0 0 0 0 0 0 28 0 16 0 0 0
e
0 559 759 740 750 937 785 582 904 651 878 906 868 541 767 891 875 657 503 731 919 530 647 603 837 914 0
l
99999 679 879 860 870 1057 905 702 1024 771 998 1026 988 661 887 1011 995 777 623 851 1039 650 767 723 957 1034 99999
