nbNodes
27
nbVehi
5
nbServi
6
r
1 1 1 1 1 1 
0 0 1 0 0 0 
0 0 0 0 1 0 
0 0 0 0 0 1 
0 1 0 0 0 0 
1 0 0 0 0 1 
0 0 0 0 0 1 
0 0 1 0 0 1 
1 0 0 1 0 0 
0 0 1 0 0 1 
0 0 0 0 0 1 
0 0 0 0 0 1 
0 1 0 0 0 0 
0 0 0 0 0 1 
0 0 0 1 0 0 
1 0 0 0 1 0 
1 0 0 1 0 0 
0 0 0 0 0 1 
0 1 0 1 0 0 
0 0 1 0 0 0 
0 0 0 1 0 0 
0 0 0 1 0 0 
0 0 1 1 0 0 
0 0 0 0 1 0 
0 0 1 0 0 0 
0 0 0 1 0 0 
1 1 1 1 1 1 
DS
6 8 9 10 16 17 19 23 
a
1 1 1 0 0 0 
0 1 1 0 0 0 
0 0 0 1 0 0 
0 0 0 1 0 1 
0 0 0 1 1 1 
x
-30.0358 -30.0779 -30.0005 -30.0755 -30.0715 -30.0396 -29.9889 -30.0449 -30.019 -30.0684 -29.9992 -30.0764 -30.0436 -30.0046 -29.9905 -29.9874 -30.035 -30.0283 -30.0683 -29.9915 -30.0293 -30.0358 -30.0441 -30.0118 -30.0796 -30.0297 -30.0358
y
-51.1559 -51.2002 -51.1093 -51.2226 -51.1623 -51.1534 -51.1095 -51.1526 -51.1776 -51.2022 -51.1917 -51.2236 -51.1985 -51.0885 -51.1075 -51.1581 -51.1688 -51.1452 -51.1906 -51.1046 -51.1946 -51.1559 -51.1504 -51.0942 -51.2129 -51.1397 -51.1559
d
0.00000 15.00000 14.00000 19.00000 12.00000 2.00000 15.00000 3.00000 9.00000 14.00000 12.00000 19.00000 11.00000 18.00000 15.00000 17.00000 5.00000 4.00000 12.00000 15.00000 10.00000 0.00000 3.00000 14.00000 16.00000 5.00000 0.00000
13.00000 0.00000 23.00000 7.00000 11.00000 12.00000 25.00000 13.00000 13.00000 3.00000 17.00000 7.00000 9.00000 27.00000 24.00000 22.00000 11.00000 15.00000 6.00000 25.00000 12.00000 13.00000 13.00000 23.00000 5.00000 16.00000 13.00000
14.00000 25.00000 0.00000 29.00000 20.00000 13.00000 5.00000 13.00000 15.00000 24.00000 17.00000 29.00000 21.00000 6.00000 4.00000 22.00000 16.00000 13.00000 22.00000 4.00000 19.00000 14.00000 12.00000 5.00000 26.00000 12.00000 14.00000
18.00000 8.00000 29.00000 0.00000 16.00000 18.00000 29.00000 18.00000 17.00000 7.00000 19.00000 1.00000 12.00000 33.00000 29.00000 24.00000 17.00000 21.00000 11.00000 30.00000 14.00000 18.00000 18.00000 29.00000 5.00000 21.00000 18.00000
12.00000 13.00000 20.00000 17.00000 0.00000 11.00000 22.00000 11.00000 14.00000 12.00000 18.00000 17.00000 12.00000 25.00000 21.00000 23.00000 11.00000 14.00000 10.00000 22.00000 15.00000 12.00000 11.00000 21.00000 14.00000 15.00000 12.00000
2.00000 14.00000 13.00000 19.00000 12.00000 0.00000 14.00000 2.00000 9.00000 14.00000 12.00000 19.00000 10.00000 17.00000 14.00000 17.00000 5.00000 4.00000 11.00000 15.00000 10.00000 2.00000 3.00000 13.00000 16.00000 5.00000 2.00000
14.00000 26.00000 4.00000 28.00000 21.00000 14.00000 0.00000 14.00000 14.00000 25.00000 15.00000 29.00000 22.00000 7.00000 1.00000 19.00000 16.00000 14.00000 23.00000 2.00000 18.00000 14.00000 13.00000 6.00000 27.00000 12.00000 14.00000
3.00000 14.00000 13.00000 18.00000 11.00000 2.00000 15.00000 0.00000 9.00000 13.00000 13.00000 18.00000 11.00000 17.00000 14.00000 18.00000 6.00000 5.00000 11.00000 15.00000 10.00000 3.00000 2.00000 13.00000 15.00000 6.00000 3.00000
8.00000 15.00000 15.00000 16.00000 15.00000 8.00000 14.00000 9.00000 0.00000 14.00000 6.00000 16.00000 9.00000 18.00000 14.00000 12.00000 6.00000 9.00000 12.00000 14.00000 5.00000 8.00000 9.00000 14.00000 16.00000 10.00000 8.00000
13.00000 3.00000 24.00000 6.00000 11.00000 13.00000 25.00000 13.00000 13.00000 0.00000 16.00000 7.00000 7.00000 28.00000 24.00000 21.00000 12.00000 16.00000 4.00000 25.00000 10.00000 13.00000 13.00000 24.00000 5.00000 16.00000 13.00000
12.00000 17.00000 16.00000 18.00000 18.00000 12.00000 13.00000 14.00000 7.00000 16.00000 0.00000 18.00000 12.00000 20.00000 14.00000 7.00000 11.00000 13.00000 14.00000 15.00000 9.00000 12.00000 14.00000 17.00000 19.00000 14.00000 12.00000
18.00000 7.00000 28.00000 2.00000 16.00000 17.00000 29.00000 18.00000 17.00000 7.00000 19.00000 0.00000 12.00000 32.00000 29.00000 24.00000 16.00000 20.00000 10.00000 30.00000 14.00000 18.00000 18.00000 28.00000 5.00000 21.00000 18.00000
10.00000 9.00000 20.00000 12.00000 12.00000 9.00000 21.00000 10.00000 9.00000 8.00000 12.00000 12.00000 0.00000 24.00000 21.00000 17.00000 8.00000 12.00000 7.00000 22.00000 5.00000 10.00000 10.00000 20.00000 11.00000 13.00000 10.00000
18.00000 29.00000 6.00000 33.00000 25.00000 17.00000 8.00000 17.00000 19.00000 29.00000 21.00000 33.00000 26.00000 0.00000 7.00000 25.00000 21.00000 17.00000 26.00000 7.00000 23.00000 18.00000 17.00000 5.00000 30.00000 16.00000 18.00000
15.00000 26.00000 5.00000 29.00000 22.00000 14.00000 1.00000 14.00000 14.00000 26.00000 15.00000 29.00000 22.00000 8.00000 0.00000 18.00000 17.00000 14.00000 23.00000 3.00000 18.00000 15.00000 14.00000 7.00000 27.00000 13.00000 15.00000
19.00000 24.00000 19.00000 25.00000 25.00000 19.00000 16.00000 20.00000 14.00000 23.00000 9.00000 25.00000 19.00000 23.00000 17.00000 0.00000 18.00000 20.00000 21.00000 17.00000 16.00000 19.00000 21.00000 21.00000 26.00000 21.00000 19.00000
5.00000 12.00000 16.00000 16.00000 10.00000 5.00000 18.00000 5.00000 7.00000 12.00000 11.00000 17.00000 9.00000 20.00000 17.00000 16.00000 0.00000 8.00000 9.00000 18.00000 8.00000 5.00000 5.00000 16.00000 13.00000 9.00000 5.00000
5.00000 17.00000 13.00000 22.00000 15.00000 4.00000 13.00000 6.00000 10.00000 17.00000 13.00000 22.00000 13.00000 16.00000 13.00000 18.00000 7.00000 0.00000 14.00000 14.00000 11.00000 5.00000 6.00000 12.00000 19.00000 3.00000 5.00000
13.00000 4.00000 23.00000 9.00000 9.00000 12.00000 24.00000 12.00000 12.00000 4.00000 16.00000 9.00000 7.00000 27.00000 23.00000 21.00000 11.00000 15.00000 0.00000 24.00000 10.00000 13.00000 12.00000 23.00000 6.00000 15.00000 13.00000
15.00000 27.00000 4.00000 29.00000 22.00000 14.00000 3.00000 15.00000 15.00000 26.00000 15.00000 29.00000 23.00000 7.00000 2.00000 19.00000 17.00000 15.00000 24.00000 0.00000 19.00000 15.00000 14.00000 6.00000 28.00000 13.00000 15.00000
10.00000 12.00000 19.00000 13.00000 14.00000 10.00000 18.00000 10.00000 5.00000 11.00000 8.00000 13.00000 6.00000 22.00000 18.00000 13.00000 8.00000 11.00000 11.00000 18.00000 0.00000 10.00000 10.00000 18.00000 14.00000 12.00000 10.00000
0.00000 15.00000 14.00000 19.00000 12.00000 2.00000 15.00000 3.00000 9.00000 14.00000 12.00000 19.00000 11.00000 18.00000 15.00000 17.00000 5.00000 4.00000 12.00000 15.00000 10.00000 0.00000 3.00000 14.00000 16.00000 5.00000 0.00000
3.00000 14.00000 13.00000 18.00000 11.00000 3.00000 14.00000 2.00000 10.00000 14.00000 13.00000 19.00000 11.00000 17.00000 13.00000 18.00000 6.00000 6.00000 11.00000 14.00000 11.00000 3.00000 0.00000 13.00000 15.00000 6.00000 3.00000
15.00000 26.00000 5.00000 30.00000 22.00000 14.00000 8.00000 15.00000 16.00000 26.00000 19.00000 31.00000 23.00000 5.00000 7.00000 24.00000 18.00000 14.00000 23.00000 7.00000 20.00000 15.00000 14.00000 0.00000 28.00000 13.00000 15.00000
15.00000 4.00000 25.00000 6.00000 13.00000 14.00000 27.00000 14.00000 15.00000 5.00000 18.00000 6.00000 11.00000 29.00000 26.00000 23.00000 13.00000 17.00000 7.00000 27.00000 14.00000 15.00000 14.00000 25.00000 0.00000 18.00000 15.00000
5.00000 18.00000 11.00000 23.00000 15.00000 5.00000 13.00000 7.00000 11.00000 18.00000 14.00000 23.00000 14.00000 16.00000 12.00000 19.00000 8.00000 2.00000 15.00000 13.00000 12.00000 5.00000 6.00000 12.00000 20.00000 0.00000 5.00000
0.00000 15.00000 14.00000 19.00000 12.00000 2.00000 15.00000 3.00000 9.00000 14.00000 12.00000 19.00000 11.00000 18.00000 15.00000 17.00000 5.00000 4.00000 12.00000 15.00000 10.00000 0.00000 3.00000 14.00000 16.00000 5.00000 0.00000
p
0.0 0.0 0.0 0.0 0.0 0.0 
0.0 0.0 0.0 0.0 0.0 0.0 
0.0 0.0 0.0 0.0 0.0 0.0 
0.0 0.0 0.0 0.0 0.0 0.0 
0.0 0.0 0.0 0.0 0.0 0.0 
0 0 53 0 0 0 
0 0 53 0 0 0 
0 0 53 0 0 0 
0 0 53 0 0 0 
0 0 53 0 0 0 
0 0 0 0 59 0 
0 0 0 0 59 0 
0 0 0 0 59 0 
0 0 0 0 59 0 
0 0 0 0 59 0 
0 0 0 0 0 58 
0 0 0 0 0 58 
0 0 0 0 0 58 
0 0 0 0 0 58 
0 0 0 0 0 58 
0 34 0 0 0 0 
0 34 0 0 0 0 
0 34 0 0 0 0 
0 34 0 0 0 0 
0 34 0 0 0 0 
42 0 0 0 0 27 
42 0 0 0 0 27 
42 0 0 0 0 27 
42 0 0 0 0 27 
42 0 0 0 0 27 
0 0 0 0 0 38 
0 0 0 0 0 38 
0 0 0 0 0 38 
0 0 0 0 0 38 
0 0 0 0 0 38 
0 0 34 0 0 57 
0 0 34 0 0 57 
0 0 34 0 0 57 
0 0 34 0 0 57 
0 0 34 0 0 57 
26 0 0 60 0 0 
26 0 0 60 0 0 
26 0 0 60 0 0 
26 0 0 60 0 0 
26 0 0 60 0 0 
0 0 42 0 0 43 
0 0 42 0 0 43 
0 0 42 0 0 43 
0 0 42 0 0 43 
0 0 42 0 0 43 
0 0 0 0 0 47 
0 0 0 0 0 47 
0 0 0 0 0 47 
0 0 0 0 0 47 
0 0 0 0 0 47 
0 0 0 0 0 43 
0 0 0 0 0 43 
0 0 0 0 0 43 
0 0 0 0 0 43 
0 0 0 0 0 43 
0 40 0 0 0 0 
0 40 0 0 0 0 
0 40 0 0 0 0 
0 40 0 0 0 0 
0 40 0 0 0 0 
0 0 0 0 0 39 
0 0 0 0 0 39 
0 0 0 0 0 39 
0 0 0 0 0 39 
0 0 0 0 0 39 
0 0 0 16 0 0 
0 0 0 16 0 0 
0 0 0 16 0 0 
0 0 0 16 0 0 
0 0 0 16 0 0 
38 0 0 0 22 0 
38 0 0 0 22 0 
38 0 0 0 22 0 
38 0 0 0 22 0 
38 0 0 0 22 0 
25 0 0 34 0 0 
25 0 0 34 0 0 
25 0 0 34 0 0 
25 0 0 34 0 0 
25 0 0 34 0 0 
0 0 0 0 0 44 
0 0 0 0 0 44 
0 0 0 0 0 44 
0 0 0 0 0 44 
0 0 0 0 0 44 
0 32 0 56 0 0 
0 32 0 56 0 0 
0 32 0 56 0 0 
0 32 0 56 0 0 
0 32 0 56 0 0 
0 0 52 0 0 0 
0 0 52 0 0 0 
0 0 52 0 0 0 
0 0 52 0 0 0 
0 0 52 0 0 0 
0 0 0 41 0 0 
0 0 0 41 0 0 
0 0 0 41 0 0 
0 0 0 41 0 0 
0 0 0 41 0 0 
0 0 0 24 0 0 
0 0 0 24 0 0 
0 0 0 24 0 0 
0 0 0 24 0 0 
0 0 0 24 0 0 
0 0 32 49 0 0 
0 0 32 49 0 0 
0 0 32 49 0 0 
0 0 32 49 0 0 
0 0 32 49 0 0 
0 0 0 0 15 0 
0 0 0 0 15 0 
0 0 0 0 15 0 
0 0 0 0 15 0 
0 0 0 0 15 0 
0 0 48 0 0 0 
0 0 48 0 0 0 
0 0 48 0 0 0 
0 0 48 0 0 0 
0 0 48 0 0 0 
0 0 0 35 0 0 
0 0 0 35 0 0 
0 0 0 35 0 0 
0 0 0 35 0 0 
0 0 0 35 0 0 
0.0 0.0 0.0 0.0 0.0 0.0 
0.0 0.0 0.0 0.0 0.0 0.0 
0.0 0.0 0.0 0.0 0.0 0.0 
0.0 0.0 0.0 0.0 0.0 0.0 
0.0 0.0 0.0 0.0 0.0 0.0 
mind
0 0 0 0 0 0 0 17 13 12 0 0 0 0 0 13 0 0 0 0 0 0 0 0 0 0 0
maxd
0 0 0 0 0 0 0 23 21 24 0 0 0 0 0 17 0 0 0 0 0 0 0 0 0 0 0
e
0 784 711 637 530 860 630 755 510 759 687 903 767 488 835 876 501 575 878 717 643 663 624 753 874 840 0
l
99999 904 831 757 650 980 750 875 630 879 807 1023 887 608 955 996 621 695 998 837 763 783 744 873 994 960 99999
