nbNodes
27
nbVehi
5
nbServi
6
r
1 1 1 1 1 1 
0 1 0 0 0 0 
0 0 0 1 0 0 
0 0 0 0 1 0 
0 0 0 0 0 1 
0 0 0 1 0 0 
0 0 0 0 0 1 
0 0 0 1 0 0 
1 0 0 0 1 0 
0 0 0 0 0 1 
0 1 0 0 0 1 
0 0 0 0 1 0 
0 0 0 1 0 0 
1 0 0 1 0 0 
1 0 0 0 0 0 
1 0 0 0 1 0 
0 0 1 0 0 0 
0 0 1 0 1 0 
1 0 0 1 0 0 
0 1 0 0 1 0 
0 0 0 0 0 1 
0 0 1 0 0 0 
0 0 0 0 0 1 
1 0 0 0 1 0 
0 0 1 0 0 0 
0 0 0 0 1 0 
1 1 1 1 1 1 
DS
9 11 14 16 18 19 20 24 
a
1 0 0 0 0 0 
0 1 1 0 0 0 
0 0 0 1 1 0 
0 0 0 1 1 1 
0 0 0 1 1 1 
x
-30.0916 -30.009 -30.0286 -30.0387 -30.0916 -30.0481 -30.0101 -30.0307 -30.0242 -30.1099 -30.0359 -30.0065 -30.1523 -30.1499 -30.085 -30.0227 -30.0283 -30.1436 -30.0095 -30.1597 -30.1194 -30.0207 -30.1483 -30.1749 -30.1123 -30.1521 -30.0916
y
-51.176 -51.1546 -51.1697 -51.1916 -51.176 -51.2217 -51.0943 -51.1392 -51.1326 -51.2367 -51.1631 -51.1496 -51.1666 -51.1325 -51.2036 -51.128 -51.1549 -51.1021 -51.155 -51.1378 -51.2545 -51.1915 -51.1316 -51.1921 -51.1544 -51.2033 -51.176
d
0.00000 24.00000 19.00000 17.00000 0.00000 15.00000 31.00000 23.00000 26.00000 17.00000 20.00000 26.00000 17.00000 22.00000 8.00000 27.00000 22.00000 27.00000 24.00000 22.00000 21.00000 20.00000 23.00000 27.00000 13.00000 21.00000 0.00000
26.00000 0.00000 8.00000 12.00000 26.00000 15.00000 12.00000 9.00000 8.00000 27.00000 9.00000 2.00000 40.00000 38.00000 22.00000 10.00000 7.00000 33.00000 1.00000 42.00000 29.00000 9.00000 38.00000 46.00000 29.00000 35.00000 26.00000
22.00000 7.00000 0.00000 7.00000 22.00000 12.00000 17.00000 7.00000 10.00000 22.00000 4.00000 9.00000 35.00000 35.00000 17.00000 12.00000 4.00000 30.00000 7.00000 38.00000 25.00000 8.00000 34.00000 42.00000 25.00000 30.00000 22.00000
19.00000 11.00000 5.00000 0.00000 19.00000 9.00000 20.00000 11.00000 14.00000 19.00000 8.00000 13.00000 32.00000 35.00000 14.00000 16.00000 8.00000 30.00000 11.00000 37.00000 22.00000 7.00000 34.00000 39.00000 25.00000 27.00000 19.00000
0.00000 24.00000 19.00000 17.00000 0.00000 15.00000 31.00000 23.00000 26.00000 17.00000 20.00000 26.00000 17.00000 22.00000 8.00000 27.00000 22.00000 27.00000 24.00000 22.00000 21.00000 20.00000 23.00000 27.00000 13.00000 21.00000 0.00000
15.00000 17.00000 12.00000 8.00000 15.00000 0.00000 26.00000 18.00000 21.00000 15.00000 14.00000 19.00000 29.00000 33.00000 11.00000 22.00000 16.00000 32.00000 17.00000 34.00000 15.00000 10.00000 34.00000 35.00000 24.00000 24.00000 15.00000
33.00000 11.00000 18.00000 20.00000 33.00000 25.00000 0.00000 13.00000 11.00000 34.00000 16.00000 12.00000 44.00000 37.00000 29.00000 9.00000 16.00000 31.00000 12.00000 41.00000 37.00000 18.00000 36.00000 52.00000 31.00000 41.00000 33.00000
26.00000 8.00000 8.00000 12.00000 26.00000 18.00000 12.00000 0.00000 4.00000 26.00000 8.00000 9.00000 37.00000 33.00000 21.00000 5.00000 5.00000 28.00000 8.00000 37.00000 30.00000 14.00000 33.00000 46.00000 24.00000 34.00000 26.00000
27.00000 8.00000 11.00000 14.00000 27.00000 20.00000 10.00000 4.00000 0.00000 28.00000 10.00000 8.00000 38.00000 34.00000 23.00000 4.00000 7.00000 30.00000 9.00000 38.00000 31.00000 15.00000 34.00000 47.00000 25.00000 36.00000 27.00000
17.00000 26.00000 21.00000 19.00000 17.00000 16.00000 33.00000 25.00000 28.00000 0.00000 21.00000 28.00000 18.00000 23.00000 10.00000 29.00000 24.00000 30.00000 26.00000 24.00000 5.00000 22.00000 24.00000 24.00000 21.00000 12.00000 17.00000
20.00000 8.00000 4.00000 7.00000 20.00000 13.00000 16.00000 7.00000 11.00000 21.00000 0.00000 10.00000 34.00000 33.00000 16.00000 12.00000 5.00000 29.00000 8.00000 37.00000 24.00000 10.00000 33.00000 40.00000 24.00000 29.00000 20.00000
28.00000 3.00000 9.00000 13.00000 28.00000 16.00000 11.00000 8.00000 8.00000 28.00000 10.00000 0.00000 41.00000 39.00000 23.00000 9.00000 8.00000 34.00000 3.00000 42.00000 30.00000 10.00000 38.00000 48.00000 29.00000 36.00000 28.00000
18.00000 38.00000 32.00000 31.00000 18.00000 28.00000 44.00000 36.00000 39.00000 18.00000 33.00000 39.00000 0.00000 10.00000 21.00000 40.00000 35.00000 16.00000 38.00000 8.00000 18.00000 34.00000 10.00000 14.00000 17.00000 8.00000 18.00000
22.00000 36.00000 35.00000 35.00000 22.00000 33.00000 35.00000 33.00000 35.00000 24.00000 33.00000 38.00000 9.00000 0.00000 26.00000 36.00000 34.00000 7.00000 37.00000 4.00000 25.00000 38.00000 1.00000 16.00000 18.00000 15.00000 22.00000
8.00000 20.00000 15.00000 13.00000 8.00000 11.00000 27.00000 19.00000 22.00000 11.00000 15.00000 22.00000 22.00000 27.00000 0.00000 23.00000 18.00000 31.00000 20.00000 27.00000 14.00000 16.00000 27.00000 30.00000 17.00000 18.00000 8.00000
29.00000 9.00000 12.00000 16.00000 29.00000 22.00000 9.00000 6.00000 4.00000 29.00000 12.00000 10.00000 40.00000 36.00000 25.00000 0.00000 9.00000 31.00000 10.00000 40.00000 33.00000 16.00000 36.00000 49.00000 27.00000 37.00000 29.00000
23.00000 5.00000 5.00000 9.00000 23.00000 14.00000 15.00000 4.00000 8.00000 24.00000 5.00000 7.00000 37.00000 33.00000 19.00000 9.00000 0.00000 29.00000 6.00000 37.00000 27.00000 10.00000 33.00000 43.00000 24.00000 32.00000 23.00000
27.00000 32.00000 30.00000 30.00000 27.00000 31.00000 30.00000 28.00000 30.00000 31.00000 28.00000 33.00000 16.00000 8.00000 32.00000 32.00000 29.00000 0.00000 32.00000 11.00000 32.00000 33.00000 7.00000 23.00000 20.00000 22.00000 27.00000
27.00000 1.00000 9.00000 12.00000 27.00000 15.00000 13.00000 9.00000 9.00000 27.00000 9.00000 3.00000 40.00000 38.00000 22.00000 10.00000 7.00000 34.00000 0.00000 42.00000 29.00000 9.00000 38.00000 47.00000 29.00000 35.00000 27.00000
22.00000 40.00000 37.00000 36.00000 22.00000 33.00000 39.00000 37.00000 39.00000 24.00000 37.00000 42.00000 8.00000 4.00000 26.00000 40.00000 38.00000 11.00000 41.00000 0.00000 24.00000 39.00000 5.00000 15.00000 21.00000 14.00000 22.00000
20.00000 29.00000 23.00000 21.00000 20.00000 15.00000 36.00000 27.00000 31.00000 5.00000 24.00000 31.00000 18.00000 25.00000 13.00000 32.00000 26.00000 32.00000 29.00000 24.00000 0.00000 24.00000 26.00000 24.00000 25.00000 12.00000 20.00000
19.00000 10.00000 7.00000 6.00000 19.00000 8.00000 19.00000 13.00000 15.00000 20.00000 10.00000 11.00000 33.00000 38.00000 15.00000 16.00000 10.00000 33.00000 9.00000 38.00000 22.00000 0.00000 37.00000 40.00000 28.00000 28.00000 19.00000
23.00000 36.00000 34.00000 34.00000 23.00000 34.00000 35.00000 33.00000 35.00000 24.00000 32.00000 37.00000 10.00000 1.00000 26.00000 36.00000 33.00000 7.00000 37.00000 5.00000 25.00000 37.00000 0.00000 17.00000 17.00000 15.00000 23.00000
27.00000 45.00000 39.00000 38.00000 27.00000 36.00000 51.00000 43.00000 47.00000 24.00000 40.00000 47.00000 13.00000 16.00000 29.00000 48.00000 42.00000 23.00000 45.00000 15.00000 23.00000 41.00000 17.00000 0.00000 26.00000 14.00000 27.00000
13.00000 27.00000 25.00000 25.00000 13.00000 24.00000 31.00000 24.00000 26.00000 21.00000 23.00000 28.00000 17.00000 18.00000 17.00000 27.00000 24.00000 20.00000 28.00000 21.00000 25.00000 28.00000 17.00000 26.00000 0.00000 21.00000 13.00000
21.00000 34.00000 28.00000 27.00000 21.00000 25.00000 40.00000 32.00000 35.00000 12.00000 29.00000 35.00000 8.00000 15.00000 17.00000 37.00000 31.00000 22.00000 34.00000 14.00000 12.00000 30.00000 15.00000 13.00000 21.00000 0.00000 21.00000
0.00000 24.00000 19.00000 17.00000 0.00000 15.00000 31.00000 23.00000 26.00000 17.00000 20.00000 26.00000 17.00000 22.00000 8.00000 27.00000 22.00000 27.00000 24.00000 22.00000 21.00000 20.00000 23.00000 27.00000 13.00000 21.00000 0.00000
p
0.0 0.0 0.0 0.0 0.0 0.0 
0.0 0.0 0.0 0.0 0.0 0.0 
0.0 0.0 0.0 0.0 0.0 0.0 
0.0 0.0 0.0 0.0 0.0 0.0 
0.0 0.0 0.0 0.0 0.0 0.0 
0 42 0 0 0 0 
0 42 0 0 0 0 
0 42 0 0 0 0 
0 42 0 0 0 0 
0 42 0 0 0 0 
0 0 0 15 0 0 
0 0 0 15 0 0 
0 0 0 15 0 0 
0 0 0 15 0 0 
0 0 0 15 0 0 
0 0 0 0 36 0 
0 0 0 0 36 0 
0 0 0 0 36 0 
0 0 0 0 36 0 
0 0 0 0 36 0 
0 0 0 0 0 33 
0 0 0 0 0 33 
0 0 0 0 0 33 
0 0 0 0 0 33 
0 0 0 0 0 33 
0 0 0 38 0 0 
0 0 0 38 0 0 
0 0 0 38 0 0 
0 0 0 38 0 0 
0 0 0 38 0 0 
0 0 0 0 0 38 
0 0 0 0 0 38 
0 0 0 0 0 38 
0 0 0 0 0 38 
0 0 0 0 0 38 
0 0 0 51 0 0 
0 0 0 51 0 0 
0 0 0 51 0 0 
0 0 0 51 0 0 
0 0 0 51 0 0 
41 0 0 0 15 0 
41 0 0 0 15 0 
41 0 0 0 15 0 
41 0 0 0 15 0 
41 0 0 0 15 0 
0 0 0 0 0 58 
0 0 0 0 0 58 
0 0 0 0 0 58 
0 0 0 0 0 58 
0 0 0 0 0 58 
0 20 0 0 0 19 
0 20 0 0 0 19 
0 20 0 0 0 19 
0 20 0 0 0 19 
0 20 0 0 0 19 
0 0 0 0 34 0 
0 0 0 0 34 0 
0 0 0 0 34 0 
0 0 0 0 34 0 
0 0 0 0 34 0 
0 0 0 17 0 0 
0 0 0 17 0 0 
0 0 0 17 0 0 
0 0 0 17 0 0 
0 0 0 17 0 0 
57 0 0 36 0 0 
57 0 0 36 0 0 
57 0 0 36 0 0 
57 0 0 36 0 0 
57 0 0 36 0 0 
53 0 0 0 0 0 
53 0 0 0 0 0 
53 0 0 0 0 0 
53 0 0 0 0 0 
53 0 0 0 0 0 
17 0 0 0 16 0 
17 0 0 0 16 0 
17 0 0 0 16 0 
17 0 0 0 16 0 
17 0 0 0 16 0 
0 0 56 0 0 0 
0 0 56 0 0 0 
0 0 56 0 0 0 
0 0 56 0 0 0 
0 0 56 0 0 0 
0 0 57 0 30 0 
0 0 57 0 30 0 
0 0 57 0 30 0 
0 0 57 0 30 0 
0 0 57 0 30 0 
60 0 0 24 0 0 
60 0 0 24 0 0 
60 0 0 24 0 0 
60 0 0 24 0 0 
60 0 0 24 0 0 
0 49 0 0 42 0 
0 49 0 0 42 0 
0 49 0 0 42 0 
0 49 0 0 42 0 
0 49 0 0 42 0 
0 0 0 0 0 22 
0 0 0 0 0 22 
0 0 0 0 0 22 
0 0 0 0 0 22 
0 0 0 0 0 22 
0 0 51 0 0 0 
0 0 51 0 0 0 
0 0 51 0 0 0 
0 0 51 0 0 0 
0 0 51 0 0 0 
0 0 0 0 0 18 
0 0 0 0 0 18 
0 0 0 0 0 18 
0 0 0 0 0 18 
0 0 0 0 0 18 
46 0 0 0 23 0 
46 0 0 0 23 0 
46 0 0 0 23 0 
46 0 0 0 23 0 
46 0 0 0 23 0 
0 0 49 0 0 0 
0 0 49 0 0 0 
0 0 49 0 0 0 
0 0 49 0 0 0 
0 0 49 0 0 0 
0 0 0 0 15 0 
0 0 0 0 15 0 
0 0 0 0 15 0 
0 0 0 0 15 0 
0 0 0 0 15 0 
0.0 0.0 0.0 0.0 0.0 0.0 
0.0 0.0 0.0 0.0 0.0 0.0 
0.0 0.0 0.0 0.0 0.0 0.0 
0.0 0.0 0.0 0.0 0.0 0.0 
0.0 0.0 0.0 0.0 0.0 0.0 
mind
0 0 0 0 0 0 0 0 29 0 0 0 0 20 0 13 0 0 0 0 0 0 0 12 0 0 0
maxd
0 0 0 0 0 0 0 0 30 0 0 0 0 30 0 19 0 0 0 0 0 0 0 22 0 0 0
e
0 677 841 717 854 733 741 654 751 827 593 758 580 736 766 682 914 514 907 767 628 872 752 793 783 527 0
l
99999 797 961 837 974 853 861 774 871 947 713 878 700 856 886 802 1034 634 1027 887 748 992 872 913 903 647 99999
