nbNodes
27
nbVehi
5
nbServi
6
r
1 1 1 1 1 1 
0 0 0 1 0 0 
0 0 0 0 1 0 
1 0 0 1 0 0 
1 0 0 0 0 0 
0 0 0 1 0 0 
0 0 1 0 1 0 
0 0 0 0 1 0 
1 0 0 0 0 0 
0 0 0 1 0 0 
1 0 0 0 0 0 
1 0 0 0 0 0 
1 0 0 1 0 0 
0 0 0 0 0 1 
1 0 0 0 0 0 
0 0 0 1 0 0 
0 0 0 1 0 0 
1 0 0 0 0 1 
1 0 0 0 1 0 
1 0 0 0 1 0 
0 0 0 0 1 0 
1 0 0 0 0 0 
1 0 0 0 1 0 
0 0 0 0 1 0 
1 0 0 0 0 1 
0 0 0 1 0 0 
1 1 1 1 1 1 
DS
4 7 13 18 19 20 23 25 
a
1 1 0 0 0 0 
1 0 1 0 0 0 
0 0 0 1 1 0 
0 0 0 1 1 0 
0 0 0 0 1 1 
x
-30.1038 -30.1038 -30.0225 -29.9937 -30.032 -30.1676 -30.0761 -30.0829 -29.9942 -30.175 -29.9953 -30.0753 -30.0642 -29.9932 -30.0323 -30.0261 -29.9868 -30.0428 -30.0042 -30.1567 -30.0475 -30.0242 -30.1568 -30.0202 -30.0462 -30.0407 -30.1038
y
-51.2175 -51.2175 -51.1189 -51.1327 -51.2118 -51.2252 -51.1771 -51.2344 -51.1069 -51.1915 -51.2005 -51.2079 -51.191 -51.1122 -51.2272 -51.1034 -51.1353 -51.1656 -51.1494 -51.1439 -51.1911 -51.0884 -51.1364 -51.1544 -51.0931 -51.1606 -51.2175
d
0.00000 0.00000 25.00000 30.00000 18.00000 19.00000 15.00000 8.00000 31.00000 25.00000 24.00000 8.00000 13.00000 30.00000 19.00000 30.00000 31.00000 17.00000 27.00000 20.00000 16.00000 32.00000 21.00000 22.00000 27.00000 18.00000 0.00000
0.00000 0.00000 25.00000 30.00000 18.00000 19.00000 15.00000 8.00000 31.00000 25.00000 24.00000 8.00000 13.00000 30.00000 19.00000 30.00000 31.00000 17.00000 27.00000 20.00000 16.00000 32.00000 21.00000 22.00000 27.00000 18.00000 0.00000
28.00000 28.00000 0.00000 8.00000 18.00000 41.00000 21.00000 27.00000 7.00000 47.00000 17.00000 20.00000 18.00000 6.00000 22.00000 5.00000 10.00000 11.00000 9.00000 38.00000 16.00000 8.00000 37.00000 12.00000 9.00000 10.00000 28.00000
32.00000 32.00000 10.00000 0.00000 17.00000 45.00000 26.00000 29.00000 7.00000 51.00000 13.00000 24.00000 22.00000 7.00000 20.00000 13.00000 3.00000 15.00000 7.00000 45.00000 19.00000 16.00000 45.00000 11.00000 16.00000 16.00000 32.00000
18.00000 18.00000 18.00000 18.00000 0.00000 32.00000 15.00000 14.00000 20.00000 38.00000 8.00000 11.00000 10.00000 20.00000 5.00000 22.00000 19.00000 10.00000 15.00000 35.00000 7.00000 25.00000 36.00000 11.00000 20.00000 10.00000 18.00000
19.00000 19.00000 40.00000 44.00000 32.00000 0.00000 30.00000 22.00000 46.00000 14.00000 38.00000 22.00000 27.00000 45.00000 33.00000 44.00000 46.00000 32.00000 41.00000 21.00000 31.00000 47.00000 23.00000 37.00000 42.00000 32.00000 19.00000
16.00000 16.00000 21.00000 25.00000 15.00000 30.00000 0.00000 15.00000 27.00000 36.00000 21.00000 9.00000 8.00000 26.00000 17.00000 25.00000 27.00000 13.00000 23.00000 32.00000 12.00000 28.00000 33.00000 18.00000 23.00000 13.00000 16.00000
9.00000 9.00000 26.00000 30.00000 15.00000 22.00000 16.00000 0.00000 31.00000 29.00000 20.00000 9.00000 14.00000 31.00000 13.00000 31.00000 31.00000 18.00000 27.00000 25.00000 16.00000 34.00000 27.00000 23.00000 29.00000 19.00000 9.00000
34.00000 34.00000 8.00000 7.00000 21.00000 47.00000 27.00000 33.00000 0.00000 54.00000 18.00000 27.00000 24.00000 3.00000 22.00000 10.00000 9.00000 18.00000 11.00000 43.00000 22.00000 11.00000 42.00000 15.00000 15.00000 17.00000 34.00000
25.00000 25.00000 46.00000 50.00000 38.00000 14.00000 36.00000 28.00000 52.00000 0.00000 45.00000 28.00000 33.00000 51.00000 39.00000 50.00000 52.00000 38.00000 48.00000 13.00000 37.00000 53.00000 15.00000 43.00000 47.00000 38.00000 25.00000
25.00000 25.00000 18.00000 14.00000 10.00000 38.00000 22.00000 21.00000 16.00000 44.00000 0.00000 17.00000 16.00000 16.00000 10.00000 22.00000 15.00000 14.00000 12.00000 41.00000 14.00000 25.00000 42.00000 13.00000 24.00000 15.00000 25.00000
9.00000 9.00000 20.00000 25.00000 10.00000 23.00000 10.00000 9.00000 26.00000 29.00000 17.00000 0.00000 7.00000 25.00000 12.00000 24.00000 26.00000 12.00000 22.00000 26.00000 11.00000 27.00000 28.00000 17.00000 22.00000 12.00000 9.00000
13.00000 13.00000 17.00000 22.00000 9.00000 26.00000 8.00000 12.00000 23.00000 32.00000 16.00000 5.00000 0.00000 22.00000 11.00000 21.00000 23.00000 9.00000 19.00000 29.00000 6.00000 24.00000 31.00000 14.00000 19.00000 9.00000 13.00000
32.00000 32.00000 6.00000 5.00000 19.00000 45.00000 25.00000 31.00000 3.00000 52.00000 16.00000 25.00000 22.00000 0.00000 22.00000 10.00000 8.00000 16.00000 10.00000 43.00000 20.00000 13.00000 42.00000 14.00000 13.00000 15.00000 32.00000
17.00000 17.00000 20.00000 19.00000 4.00000 30.00000 15.00000 13.00000 21.00000 37.00000 10.00000 10.00000 9.00000 21.00000 0.00000 24.00000 21.00000 12.00000 17.00000 33.00000 9.00000 27.00000 35.00000 13.00000 22.00000 12.00000 17.00000
32.00000 32.00000 5.00000 12.00000 22.00000 45.00000 25.00000 31.00000 10.00000 51.00000 21.00000 24.00000 22.00000 9.00000 26.00000 0.00000 14.00000 15.00000 12.00000 40.00000 20.00000 7.00000 39.00000 15.00000 9.00000 14.00000 32.00000
33.00000 33.00000 11.00000 3.00000 18.00000 46.00000 28.00000 31.00000 8.00000 53.00000 14.00000 26.00000 23.00000 8.00000 22.00000 14.00000 0.00000 17.00000 8.00000 46.00000 21.00000 17.00000 45.00000 13.00000 17.00000 17.00000 33.00000
19.00000 19.00000 11.00000 15.00000 10.00000 32.00000 12.00000 18.00000 17.00000 38.00000 13.00000 11.00000 9.00000 15.00000 14.00000 15.00000 17.00000 0.00000 12.00000 34.00000 8.00000 18.00000 34.00000 8.00000 13.00000 3.00000 19.00000
28.00000 28.00000 9.00000 6.00000 13.00000 41.00000 23.00000 26.00000 11.00000 48.00000 11.00000 21.00000 18.00000 10.00000 17.00000 12.00000 8.00000 12.00000 0.00000 42.00000 16.00000 15.00000 42.00000 7.00000 16.00000 11.00000 28.00000
20.00000 20.00000 38.00000 45.00000 34.00000 21.00000 31.00000 24.00000 42.00000 13.00000 40.00000 24.00000 29.00000 42.00000 35.00000 40.00000 47.00000 33.00000 42.00000 0.00000 32.00000 43.00000 3.00000 38.00000 34.00000 34.00000 20.00000
17.00000 17.00000 15.00000 19.00000 7.00000 30.00000 12.00000 16.00000 21.00000 37.00000 14.00000 10.00000 6.00000 19.00000 10.00000 19.00000 21.00000 7.00000 16.00000 33.00000 0.00000 22.00000 35.00000 12.00000 17.00000 7.00000 17.00000
35.00000 35.00000 8.00000 15.00000 25.00000 48.00000 28.00000 34.00000 12.00000 54.00000 24.00000 27.00000 25.00000 12.00000 28.00000 7.00000 17.00000 18.00000 15.00000 43.00000 23.00000 0.00000 43.00000 18.00000 12.00000 17.00000 35.00000
22.00000 22.00000 37.00000 44.00000 36.00000 23.00000 34.00000 26.00000 42.00000 15.00000 42.00000 26.00000 31.00000 42.00000 37.00000 39.00000 46.00000 34.00000 41.00000 3.00000 35.00000 43.00000 0.00000 38.00000 33.00000 34.00000 22.00000
24.00000 24.00000 10.00000 9.00000 13.00000 37.00000 18.00000 23.00000 12.00000 44.00000 13.00000 17.00000 14.00000 12.00000 17.00000 14.00000 11.00000 7.00000 6.00000 38.00000 12.00000 17.00000 38.00000 0.00000 14.00000 7.00000 24.00000
30.00000 30.00000 8.00000 15.00000 20.00000 43.00000 23.00000 29.00000 14.00000 47.00000 23.00000 22.00000 20.00000 13.00000 24.00000 9.00000 17.00000 13.00000 16.00000 34.00000 18.00000 12.00000 34.00000 15.00000 0.00000 12.00000 30.00000
21.00000 21.00000 9.00000 13.00000 12.00000 34.00000 14.00000 20.00000 15.00000 41.00000 15.00000 14.00000 11.00000 13.00000 16.00000 13.00000 15.00000 5.00000 10.00000 35.00000 10.00000 16.00000 34.00000 7.00000 11.00000 0.00000 21.00000
0.00000 0.00000 25.00000 30.00000 18.00000 19.00000 15.00000 8.00000 31.00000 25.00000 24.00000 8.00000 13.00000 30.00000 19.00000 30.00000 31.00000 17.00000 27.00000 20.00000 16.00000 32.00000 21.00000 22.00000 27.00000 18.00000 0.00000
p
0.0 0.0 0.0 0.0 0.0 0.0 
0.0 0.0 0.0 0.0 0.0 0.0 
0.0 0.0 0.0 0.0 0.0 0.0 
0.0 0.0 0.0 0.0 0.0 0.0 
0.0 0.0 0.0 0.0 0.0 0.0 
0 0 0 19 0 0 
0 0 0 19 0 0 
0 0 0 19 0 0 
0 0 0 19 0 0 
0 0 0 19 0 0 
0 0 0 0 22 0 
0 0 0 0 22 0 
0 0 0 0 22 0 
0 0 0 0 22 0 
0 0 0 0 22 0 
32 0 0 52 0 0 
32 0 0 52 0 0 
32 0 0 52 0 0 
32 0 0 52 0 0 
32 0 0 52 0 0 
33 0 0 0 0 0 
33 0 0 0 0 0 
33 0 0 0 0 0 
33 0 0 0 0 0 
33 0 0 0 0 0 
0 0 0 58 0 0 
0 0 0 58 0 0 
0 0 0 58 0 0 
0 0 0 58 0 0 
0 0 0 58 0 0 
0 0 56 0 46 0 
0 0 56 0 46 0 
0 0 56 0 46 0 
0 0 56 0 46 0 
0 0 56 0 46 0 
0 0 0 0 17 0 
0 0 0 0 17 0 
0 0 0 0 17 0 
0 0 0 0 17 0 
0 0 0 0 17 0 
40 0 0 0 0 0 
40 0 0 0 0 0 
40 0 0 0 0 0 
40 0 0 0 0 0 
40 0 0 0 0 0 
0 0 0 54 0 0 
0 0 0 54 0 0 
0 0 0 54 0 0 
0 0 0 54 0 0 
0 0 0 54 0 0 
41 0 0 0 0 0 
41 0 0 0 0 0 
41 0 0 0 0 0 
41 0 0 0 0 0 
41 0 0 0 0 0 
40 0 0 0 0 0 
40 0 0 0 0 0 
40 0 0 0 0 0 
40 0 0 0 0 0 
40 0 0 0 0 0 
49 0 0 16 0 0 
49 0 0 16 0 0 
49 0 0 16 0 0 
49 0 0 16 0 0 
49 0 0 16 0 0 
0 0 0 0 0 47 
0 0 0 0 0 47 
0 0 0 0 0 47 
0 0 0 0 0 47 
0 0 0 0 0 47 
17 0 0 0 0 0 
17 0 0 0 0 0 
17 0 0 0 0 0 
17 0 0 0 0 0 
17 0 0 0 0 0 
0 0 0 32 0 0 
0 0 0 32 0 0 
0 0 0 32 0 0 
0 0 0 32 0 0 
0 0 0 32 0 0 
0 0 0 33 0 0 
0 0 0 33 0 0 
0 0 0 33 0 0 
0 0 0 33 0 0 
0 0 0 33 0 0 
40 0 0 0 0 32 
40 0 0 0 0 32 
40 0 0 0 0 32 
40 0 0 0 0 32 
40 0 0 0 0 32 
49 0 0 0 33 0 
49 0 0 0 33 0 
49 0 0 0 33 0 
49 0 0 0 33 0 
49 0 0 0 33 0 
30 0 0 0 51 0 
30 0 0 0 51 0 
30 0 0 0 51 0 
30 0 0 0 51 0 
30 0 0 0 51 0 
0 0 0 0 25 0 
0 0 0 0 25 0 
0 0 0 0 25 0 
0 0 0 0 25 0 
0 0 0 0 25 0 
58 0 0 0 0 0 
58 0 0 0 0 0 
58 0 0 0 0 0 
58 0 0 0 0 0 
58 0 0 0 0 0 
52 0 0 0 28 0 
52 0 0 0 28 0 
52 0 0 0 28 0 
52 0 0 0 28 0 
52 0 0 0 28 0 
0 0 0 0 31 0 
0 0 0 0 31 0 
0 0 0 0 31 0 
0 0 0 0 31 0 
0 0 0 0 31 0 
29 0 0 0 0 56 
29 0 0 0 0 56 
29 0 0 0 0 56 
29 0 0 0 0 56 
29 0 0 0 0 56 
0 0 0 34 0 0 
0 0 0 34 0 0 
0 0 0 34 0 0 
0 0 0 34 0 0 
0 0 0 34 0 0 
0.0 0.0 0.0 0.0 0.0 0.0 
0.0 0.0 0.0 0.0 0.0 0.0 
0.0 0.0 0.0 0.0 0.0 0.0 
0.0 0.0 0.0 0.0 0.0 0.0 
0.0 0.0 0.0 0.0 0.0 0.0 
mind
0 0 0 0 0 0 0 0 0 0 0 0 25 0 0 0 0 0 15 0 0 0 13 0 10 0 0
maxd
0 0 0 0 0 0 0 0 0 0 0 0 29 0 0 0 0 0 28 0 0 0 15 0 20 0 0
e
0 514 887 820 926 872 760 829 899 721 550 787 927 679 660 482 553 650 708 656 578 860 882 681 529 506 0
l
99999 634 1007 940 1046 992 880 949 1019 841 670 907 1047 799 780 602 673 770 828 776 698 980 1002 801 649 626 99999
