nbNodes
27
nbVehi
5
nbServi
6
r
1 1 1 1 1 1 
0 0 0 0 0 1 
1 0 0 1 0 0 
0 1 0 0 0 1 
0 0 0 0 0 1 
0 0 0 0 1 0 
0 0 0 0 0 1 
0 0 1 1 0 0 
0 0 0 1 0 0 
0 0 0 0 1 0 
0 0 1 1 0 0 
0 0 1 0 0 0 
0 0 1 0 0 1 
0 0 0 1 0 0 
0 0 1 0 0 0 
0 0 0 0 1 0 
0 0 0 0 0 1 
0 0 0 0 0 1 
0 1 0 0 0 1 
0 1 0 0 0 0 
0 0 1 0 0 1 
0 1 0 0 0 1 
0 0 0 1 0 0 
0 0 0 0 0 1 
0 0 1 0 0 0 
0 0 0 0 1 0 
1 1 1 1 1 1 
DS
3 4 8 11 13 19 21 22 
a
0 0 1 0 0 0 
1 1 0 0 0 0 
0 0 0 0 0 1 
0 0 0 1 1 1 
0 0 0 1 1 1 
x
-30.0943 -30.0357 -30.2016 -30.1323 -30.0767 -30.0616 -30.056 -30.0458 -30.0513 -30.1409 -30.0262 -30.0225 -30.0074 -30.0401 -30.0029 -30.015 -30.0213 -30.048 -30.091 -29.9867 -30.0678 -30.0296 -30.0471 -30.0943 -30.0755 -30.1316 -30.0943
y
-51.1696 -51.1076 -51.1333 -51.2026 -51.2278 -51.1575 -51.1492 -51.1806 -51.215 -51.2008 -51.1271 -51.1808 -51.1568 -51.1027 -51.16 -51.136 -51.1342 -51.1619 -51.1806 -51.1152 -51.1431 -51.1867 -51.18 -51.1696 -51.1708 -51.2062 -51.1696
d
0.00000 30.00000 30.00000 20.00000 18.00000 20.00000 21.00000 19.00000 19.00000 24.00000 30.00000 22.00000 29.00000 29.00000 29.00000 30.00000 29.00000 21.00000 7.00000 35.00000 18.00000 23.00000 18.00000 0.00000 17.00000 23.00000 0.00000
30.00000 0.00000 47.00000 36.00000 27.00000 14.00000 11.00000 16.00000 23.00000 39.00000 9.00000 16.00000 14.00000 4.00000 15.00000 11.00000 11.00000 13.00000 27.00000 12.00000 15.00000 17.00000 15.00000 30.00000 19.00000 38.00000 30.00000
30.00000 47.00000 0.00000 24.00000 32.00000 39.00000 41.00000 38.00000 38.00000 21.00000 49.00000 41.00000 48.00000 46.00000 48.00000 49.00000 48.00000 40.00000 27.00000 54.00000 37.00000 42.00000 37.00000 30.00000 39.00000 26.00000 30.00000
21.00000 34.00000 24.00000 0.00000 17.00000 24.00000 27.00000 23.00000 23.00000 7.00000 34.00000 26.00000 33.00000 34.00000 33.00000 34.00000 33.00000 25.00000 17.00000 39.00000 27.00000 27.00000 22.00000 21.00000 23.00000 3.00000 21.00000
18.00000 26.00000 33.00000 18.00000 0.00000 16.00000 19.00000 15.00000 9.00000 20.00000 26.00000 16.00000 23.00000 26.00000 23.00000 25.00000 25.00000 17.00000 13.00000 29.00000 18.00000 15.00000 14.00000 18.00000 15.00000 20.00000 18.00000
20.00000 14.00000 40.00000 25.00000 15.00000 0.00000 6.00000 9.00000 12.00000 27.00000 14.00000 11.00000 14.00000 14.00000 16.00000 15.00000 14.00000 6.00000 15.00000 20.00000 6.00000 12.00000 8.00000 20.00000 8.00000 27.00000 20.00000
20.00000 11.00000 40.00000 27.00000 18.00000 5.00000 0.00000 9.00000 15.00000 30.00000 11.00000 12.00000 13.00000 11.00000 14.00000 12.00000 11.00000 6.00000 18.00000 17.00000 6.00000 13.00000 9.00000 20.00000 10.00000 29.00000 20.00000
19.00000 14.00000 39.00000 23.00000 13.00000 7.00000 10.00000 0.00000 10.00000 25.00000 15.00000 7.00000 13.00000 14.00000 14.00000 14.00000 13.00000 6.00000 13.00000 19.00000 10.00000 6.00000 1.00000 19.00000 9.00000 25.00000 19.00000
18.00000 22.00000 37.00000 22.00000 8.00000 12.00000 16.00000 10.00000 0.00000 24.00000 22.00000 11.00000 18.00000 21.00000 18.00000 20.00000 21.00000 14.00000 12.00000 24.00000 15.00000 10.00000 10.00000 18.00000 12.00000 24.00000 18.00000
24.00000 37.00000 21.00000 7.00000 19.00000 27.00000 30.00000 25.00000 26.00000 0.00000 37.00000 29.00000 36.00000 37.00000 36.00000 37.00000 36.00000 28.00000 20.00000 42.00000 29.00000 30.00000 25.00000 24.00000 26.00000 9.00000 24.00000
29.00000 9.00000 49.00000 36.00000 26.00000 13.00000 11.00000 15.00000 22.00000 38.00000 0.00000 14.00000 11.00000 10.00000 13.00000 6.00000 5.00000 12.00000 26.00000 11.00000 14.00000 15.00000 15.00000 29.00000 19.00000 38.00000 29.00000
25.00000 17.00000 45.00000 29.00000 18.00000 13.00000 13.00000 8.00000 13.00000 32.00000 14.00000 0.00000 8.00000 16.00000 8.00000 10.00000 12.00000 11.00000 20.00000 14.00000 17.00000 5.00000 8.00000 25.00000 15.00000 31.00000 25.00000
29.00000 13.00000 49.00000 33.00000 21.00000 14.00000 13.00000 12.00000 16.00000 36.00000 10.00000 7.00000 0.00000 15.00000 3.00000 6.00000 8.00000 11.00000 24.00000 10.00000 17.00000 8.00000 12.00000 29.00000 18.00000 36.00000 29.00000
29.00000 4.00000 45.00000 36.00000 26.00000 14.00000 11.00000 15.00000 22.00000 38.00000 10.00000 15.00000 15.00000 0.00000 17.00000 13.00000 12.00000 12.00000 26.00000 14.00000 14.00000 17.00000 15.00000 29.00000 19.00000 38.00000 29.00000
31.00000 16.00000 50.00000 35.00000 22.00000 16.00000 15.00000 13.00000 17.00000 37.00000 13.00000 8.00000 3.00000 17.00000 0.00000 8.00000 10.00000 13.00000 25.00000 10.00000 19.00000 10.00000 13.00000 31.00000 18.00000 37.00000 31.00000
30.00000 10.00000 50.00000 36.00000 26.00000 14.00000 12.00000 15.00000 21.00000 38.00000 6.00000 12.00000 7.00000 12.00000 9.00000 0.00000 3.00000 12.00000 27.00000 9.00000 15.00000 13.00000 15.00000 30.00000 19.00000 38.00000 30.00000
29.00000 10.00000 49.00000 35.00000 26.00000 13.00000 11.00000 15.00000 21.00000 38.00000 4.00000 13.00000 8.00000 12.00000 10.00000 3.00000 0.00000 11.00000 26.00000 10.00000 14.00000 13.00000 14.00000 29.00000 18.00000 38.00000 29.00000
22.00000 12.00000 42.00000 26.00000 17.00000 5.00000 7.00000 7.00000 14.00000 29.00000 12.00000 8.00000 11.00000 12.00000 12.00000 12.00000 11.00000 0.00000 17.00000 17.00000 8.00000 10.00000 6.00000 22.00000 9.00000 28.00000 22.00000
7.00000 25.00000 27.00000 17.00000 13.00000 14.00000 18.00000 13.00000 14.00000 20.00000 25.00000 17.00000 23.00000 25.00000 24.00000 24.00000 24.00000 16.00000 0.00000 30.00000 17.00000 17.00000 13.00000 7.00000 14.00000 19.00000 7.00000
35.00000 13.00000 54.00000 41.00000 28.00000 19.00000 16.00000 20.00000 23.00000 43.00000 11.00000 14.00000 9.00000 14.00000 10.00000 9.00000 11.00000 18.00000 31.00000 0.00000 20.00000 16.00000 20.00000 35.00000 24.00000 43.00000 35.00000
20.00000 14.00000 40.00000 27.00000 18.00000 5.00000 5.00000 10.00000 14.00000 29.00000 14.00000 13.00000 15.00000 14.00000 17.00000 15.00000 14.00000 7.00000 18.00000 19.00000 0.00000 14.00000 10.00000 20.00000 10.00000 29.00000 20.00000
23.00000 16.00000 43.00000 27.00000 16.00000 11.00000 13.00000 5.00000 10.00000 30.00000 16.00000 4.00000 11.00000 16.00000 11.00000 12.00000 14.00000 9.00000 17.00000 16.00000 14.00000 0.00000 6.00000 23.00000 13.00000 29.00000 23.00000
19.00000 14.00000 38.00000 22.00000 13.00000 7.00000 10.00000 1.00000 10.00000 25.00000 14.00000 6.00000 13.00000 14.00000 13.00000 14.00000 13.00000 6.00000 13.00000 19.00000 10.00000 6.00000 0.00000 19.00000 9.00000 25.00000 19.00000
0.00000 30.00000 30.00000 20.00000 18.00000 20.00000 21.00000 19.00000 19.00000 24.00000 30.00000 22.00000 29.00000 29.00000 29.00000 30.00000 29.00000 21.00000 7.00000 35.00000 18.00000 23.00000 18.00000 0.00000 17.00000 23.00000 0.00000
17.00000 19.00000 39.00000 25.00000 15.00000 7.00000 11.00000 10.00000 13.00000 27.00000 19.00000 13.00000 18.00000 19.00000 19.00000 19.00000 19.00000 10.00000 15.00000 25.00000 10.00000 14.00000 10.00000 17.00000 0.00000 27.00000 17.00000
23.00000 36.00000 26.00000 3.00000 19.00000 26.00000 30.00000 25.00000 25.00000 9.00000 36.00000 28.00000 35.00000 36.00000 35.00000 36.00000 35.00000 27.00000 19.00000 41.00000 29.00000 29.00000 24.00000 23.00000 26.00000 0.00000 23.00000
0.00000 30.00000 30.00000 20.00000 18.00000 20.00000 21.00000 19.00000 19.00000 24.00000 30.00000 22.00000 29.00000 29.00000 29.00000 30.00000 29.00000 21.00000 7.00000 35.00000 18.00000 23.00000 18.00000 0.00000 17.00000 23.00000 0.00000
p
0.0 0.0 0.0 0.0 0.0 0.0 
0.0 0.0 0.0 0.0 0.0 0.0 
0.0 0.0 0.0 0.0 0.0 0.0 
0.0 0.0 0.0 0.0 0.0 0.0 
0.0 0.0 0.0 0.0 0.0 0.0 
0 0 0 0 0 16 
0 0 0 0 0 16 
0 0 0 0 0 16 
0 0 0 0 0 16 
0 0 0 0 0 16 
18 0 0 35 0 0 
18 0 0 35 0 0 
18 0 0 35 0 0 
18 0 0 35 0 0 
18 0 0 35 0 0 
0 54 0 0 0 39 
0 54 0 0 0 39 
0 54 0 0 0 39 
0 54 0 0 0 39 
0 54 0 0 0 39 
0 0 0 0 0 20 
0 0 0 0 0 20 
0 0 0 0 0 20 
0 0 0 0 0 20 
0 0 0 0 0 20 
0 0 0 0 27 0 
0 0 0 0 27 0 
0 0 0 0 27 0 
0 0 0 0 27 0 
0 0 0 0 27 0 
0 0 0 0 0 26 
0 0 0 0 0 26 
0 0 0 0 0 26 
0 0 0 0 0 26 
0 0 0 0 0 26 
0 0 20 19 0 0 
0 0 20 19 0 0 
0 0 20 19 0 0 
0 0 20 19 0 0 
0 0 20 19 0 0 
0 0 0 60 0 0 
0 0 0 60 0 0 
0 0 0 60 0 0 
0 0 0 60 0 0 
0 0 0 60 0 0 
0 0 0 0 60 0 
0 0 0 0 60 0 
0 0 0 0 60 0 
0 0 0 0 60 0 
0 0 0 0 60 0 
0 0 40 46 0 0 
0 0 40 46 0 0 
0 0 40 46 0 0 
0 0 40 46 0 0 
0 0 40 46 0 0 
0 0 33 0 0 0 
0 0 33 0 0 0 
0 0 33 0 0 0 
0 0 33 0 0 0 
0 0 33 0 0 0 
0 0 57 0 0 31 
0 0 57 0 0 31 
0 0 57 0 0 31 
0 0 57 0 0 31 
0 0 57 0 0 31 
0 0 0 15 0 0 
0 0 0 15 0 0 
0 0 0 15 0 0 
0 0 0 15 0 0 
0 0 0 15 0 0 
0 0 44 0 0 0 
0 0 44 0 0 0 
0 0 44 0 0 0 
0 0 44 0 0 0 
0 0 44 0 0 0 
0 0 0 0 58 0 
0 0 0 0 58 0 
0 0 0 0 58 0 
0 0 0 0 58 0 
0 0 0 0 58 0 
0 0 0 0 0 51 
0 0 0 0 0 51 
0 0 0 0 0 51 
0 0 0 0 0 51 
0 0 0 0 0 51 
0 0 0 0 0 18 
0 0 0 0 0 18 
0 0 0 0 0 18 
0 0 0 0 0 18 
0 0 0 0 0 18 
0 34 0 0 0 46 
0 34 0 0 0 46 
0 34 0 0 0 46 
0 34 0 0 0 46 
0 34 0 0 0 46 
0 21 0 0 0 0 
0 21 0 0 0 0 
0 21 0 0 0 0 
0 21 0 0 0 0 
0 21 0 0 0 0 
0 0 42 0 0 48 
0 0 42 0 0 48 
0 0 42 0 0 48 
0 0 42 0 0 48 
0 0 42 0 0 48 
0 27 0 0 0 51 
0 27 0 0 0 51 
0 27 0 0 0 51 
0 27 0 0 0 51 
0 27 0 0 0 51 
0 0 0 26 0 0 
0 0 0 26 0 0 
0 0 0 26 0 0 
0 0 0 26 0 0 
0 0 0 26 0 0 
0 0 0 0 0 57 
0 0 0 0 0 57 
0 0 0 0 0 57 
0 0 0 0 0 57 
0 0 0 0 0 57 
0 0 36 0 0 0 
0 0 36 0 0 0 
0 0 36 0 0 0 
0 0 36 0 0 0 
0 0 36 0 0 0 
0 0 0 0 24 0 
0 0 0 0 24 0 
0 0 0 0 24 0 
0 0 0 0 24 0 
0 0 0 0 24 0 
0.0 0.0 0.0 0.0 0.0 0.0 
0.0 0.0 0.0 0.0 0.0 0.0 
0.0 0.0 0.0 0.0 0.0 0.0 
0.0 0.0 0.0 0.0 0.0 0.0 
0.0 0.0 0.0 0.0 0.0 0.0 
mind
0 0 19 12 0 0 0 10 0 0 0 0 0 0 0 0 0 0 13 0 0 0 0 0 0 0 0
maxd
0 0 22 25 0 0 0 18 0 0 0 0 0 0 0 0 0 0 15 0 0 0 0 0 0 0 0
e
0 766 529 825 676 502 527 618 957 737 542 632 835 829 903 495 861 814 703 894 619 670 877 613 890 874 0
l
99999 886 649 945 796 622 647 738 1077 857 662 752 955 949 1023 615 981 934 823 1014 739 790 997 733 1010 994 99999
