nbNodes
27
nbVehi
5
nbServi
6
r
1 1 1 1 1 1 
0 0 0 0 0 1 
0 1 0 0 1 0 
0 0 0 0 1 0 
0 0 1 0 0 1 
0 0 0 1 0 0 
0 1 0 0 1 0 
0 1 0 0 1 0 
1 0 0 0 0 0 
0 0 0 1 0 0 
0 0 1 0 0 0 
0 0 0 1 0 0 
0 0 1 0 0 0 
1 0 0 0 0 0 
0 0 0 0 0 1 
0 0 0 0 1 0 
0 0 0 1 0 0 
0 0 0 0 0 1 
0 1 0 0 1 0 
1 0 0 0 0 1 
0 0 0 0 0 1 
0 1 0 0 0 1 
1 0 0 0 0 0 
0 0 1 0 0 1 
0 0 0 0 0 1 
1 0 0 0 0 0 
1 1 1 1 1 1 
DS
3 5 7 8 19 20 22 24 
a
0 0 1 0 0 0 
1 1 1 0 0 0 
0 0 0 1 1 1 
0 0 0 1 1 1 
0 0 0 1 1 0 
x
-30.02 -30.0184 -30.02 -30.0467 -30.0255 -30.0017 -30.0172 -30.0179 -29.9929 -30.0448 -30.0211 -30.0173 -29.9986 -30.0013 -30.0129 -30.045 -30.0063 -30.0101 -30.0236 -30.017 -30.0087 -30.0084 -30.0009 -30.0157 -30.0323 -30.018 -30.02
y
-51.1501 -51.1268 -51.1501 -51.1274 -51.1012 -51.1541 -51.1071 -51.1343 -51.1551 -51.2087 -51.1676 -51.1232 -51.1454 -51.0914 -51.1495 -51.2077 -51.1316 -51.1844 -51.1339 -51.1262 -51.1376 -51.0945 -51.0971 -51.2005 -51.2073 -51.1203 -51.1501
d
0.00000 8.00000 0.00000 10.00000 13.00000 6.00000 10.00000 6.00000 18.00000 14.00000 6.00000 9.00000 7.00000 15.00000 3.00000 15.00000 7.00000 10.00000 6.00000 8.00000 6.00000 13.00000 15.00000 12.00000 13.00000 9.00000 0.00000
8.00000 0.00000 8.00000 8.00000 7.00000 9.00000 5.00000 3.00000 21.00000 18.00000 12.00000 3.00000 8.00000 11.00000 8.00000 19.00000 4.00000 14.00000 4.00000 1.00000 4.00000 9.00000 10.00000 15.00000 17.00000 3.00000 8.00000
0.00000 8.00000 0.00000 10.00000 13.00000 6.00000 10.00000 6.00000 18.00000 14.00000 6.00000 9.00000 7.00000 15.00000 3.00000 15.00000 7.00000 10.00000 6.00000 8.00000 6.00000 13.00000 15.00000 12.00000 13.00000 9.00000 0.00000
10.00000 8.00000 10.00000 0.00000 10.00000 14.00000 9.00000 10.00000 24.00000 16.00000 13.00000 7.00000 14.00000 14.00000 12.00000 17.00000 10.00000 15.00000 9.00000 8.00000 10.00000 12.00000 13.00000 16.00000 16.00000 6.00000 10.00000
14.00000 7.00000 14.00000 10.00000 0.00000 14.00000 4.00000 9.00000 26.00000 22.00000 16.00000 6.00000 13.00000 9.00000 13.00000 23.00000 9.00000 19.00000 10.00000 7.00000 9.00000 6.00000 8.00000 20.00000 22.00000 5.00000 14.00000
7.00000 9.00000 7.00000 15.00000 14.00000 0.00000 11.00000 8.00000 15.00000 14.00000 8.00000 9.00000 3.00000 15.00000 5.00000 15.00000 6.00000 10.00000 10.00000 9.00000 6.00000 14.00000 14.00000 11.00000 13.00000 9.00000 7.00000
12.00000 5.00000 12.00000 8.00000 4.00000 11.00000 0.00000 7.00000 23.00000 20.00000 14.00000 4.00000 10.00000 6.00000 10.00000 21.00000 6.00000 16.00000 9.00000 6.00000 6.00000 4.00000 6.00000 17.00000 19.00000 3.00000 12.00000
6.00000 2.00000 6.00000 9.00000 8.00000 8.00000 7.00000 0.00000 20.00000 18.00000 11.00000 5.00000 7.00000 12.00000 6.00000 18.00000 4.00000 13.00000 3.00000 3.00000 4.00000 10.00000 11.00000 14.00000 16.00000 5.00000 6.00000
19.00000 21.00000 19.00000 25.00000 26.00000 15.00000 23.00000 20.00000 0.00000 18.00000 16.00000 22.00000 16.00000 22.00000 17.00000 18.00000 19.00000 13.00000 22.00000 21.00000 19.00000 21.00000 21.00000 13.00000 16.00000 21.00000 19.00000
15.00000 19.00000 15.00000 16.00000 22.00000 17.00000 21.00000 18.00000 18.00000 0.00000 10.00000 19.00000 17.00000 26.00000 15.00000 1.00000 18.00000 10.00000 19.00000 19.00000 18.00000 24.00000 25.00000 7.00000 5.00000 19.00000 15.00000
6.00000 11.00000 6.00000 12.00000 16.00000 8.00000 13.00000 10.00000 15.00000 10.00000 0.00000 11.00000 10.00000 18.00000 6.00000 11.00000 10.00000 6.00000 11.00000 11.00000 9.00000 16.00000 17.00000 7.00000 9.00000 11.00000 6.00000
11.00000 3.00000 11.00000 7.00000 6.00000 10.00000 4.00000 5.00000 22.00000 19.00000 13.00000 0.00000 9.00000 9.00000 9.00000 20.00000 5.00000 15.00000 7.00000 3.00000 5.00000 7.00000 8.00000 16.00000 18.00000 1.00000 11.00000
8.00000 7.00000 8.00000 13.00000 12.00000 5.00000 9.00000 6.00000 17.00000 17.00000 10.00000 7.00000 0.00000 13.00000 6.00000 17.00000 4.00000 12.00000 8.00000 7.00000 4.00000 12.00000 12.00000 13.00000 15.00000 7.00000 8.00000
17.00000 11.00000 17.00000 14.00000 9.00000 16.00000 7.00000 13.00000 25.00000 25.00000 18.00000 9.00000 14.00000 0.00000 15.00000 26.00000 11.00000 20.00000 14.00000 11.00000 11.00000 3.00000 2.00000 21.00000 23.00000 9.00000 17.00000
3.00000 6.00000 3.00000 12.00000 11.00000 6.00000 8.00000 5.00000 18.00000 16.00000 7.00000 7.00000 5.00000 14.00000 0.00000 16.00000 5.00000 11.00000 7.00000 6.00000 5.00000 11.00000 13.00000 12.00000 14.00000 7.00000 3.00000
15.00000 18.00000 15.00000 16.00000 21.00000 16.00000 20.00000 18.00000 17.00000 1.00000 9.00000 19.00000 16.00000 26.00000 14.00000 0.00000 17.00000 10.00000 18.00000 18.00000 17.00000 23.00000 24.00000 6.00000 4.00000 18.00000 15.00000
8.00000 4.00000 8.00000 10.00000 9.00000 7.00000 6.00000 4.00000 18.00000 16.00000 10.00000 5.00000 5.00000 11.00000 6.00000 17.00000 0.00000 12.00000 5.00000 4.00000 2.00000 9.00000 10.00000 13.00000 15.00000 5.00000 8.00000
9.00000 11.00000 9.00000 15.00000 16.00000 8.00000 13.00000 10.00000 10.00000 10.00000 6.00000 12.00000 8.00000 19.00000 7.00000 11.00000 10.00000 0.00000 12.00000 11.00000 10.00000 16.00000 18.00000 5.00000 8.00000 12.00000 9.00000
6.00000 4.00000 6.00000 9.00000 10.00000 10.00000 8.00000 2.00000 22.00000 19.00000 11.00000 6.00000 9.00000 14.00000 7.00000 20.00000 5.00000 15.00000 0.00000 4.00000 5.00000 11.00000 12.00000 16.00000 18.00000 6.00000 6.00000
8.00000 1.00000 8.00000 8.00000 7.00000 9.00000 5.00000 3.00000 21.00000 18.00000 12.00000 3.00000 8.00000 11.00000 8.00000 19.00000 4.00000 14.00000 4.00000 0.00000 4.00000 8.00000 10.00000 15.00000 17.00000 3.00000 8.00000
7.00000 5.00000 7.00000 11.00000 10.00000 6.00000 7.00000 4.00000 18.00000 15.00000 9.00000 5.00000 5.00000 12.00000 5.00000 16.00000 2.00000 11.00000 5.00000 5.00000 0.00000 10.00000 11.00000 12.00000 14.00000 5.00000 7.00000
15.00000 9.00000 15.00000 12.00000 7.00000 14.00000 6.00000 11.00000 25.00000 23.00000 16.00000 7.00000 12.00000 3.00000 13.00000 24.00000 9.00000 18.00000 12.00000 9.00000 9.00000 0.00000 3.00000 20.00000 21.00000 7.00000 15.00000
16.00000 10.00000 16.00000 13.00000 7.00000 15.00000 6.00000 12.00000 24.00000 24.00000 17.00000 8.00000 12.00000 2.00000 14.00000 25.00000 10.00000 20.00000 13.00000 10.00000 10.00000 3.00000 0.00000 21.00000 23.00000 8.00000 16.00000
12.00000 15.00000 12.00000 18.00000 20.00000 11.00000 17.00000 14.00000 12.00000 8.00000 9.00000 15.00000 12.00000 22.00000 11.00000 8.00000 14.00000 5.00000 16.00000 15.00000 13.00000 20.00000 21.00000 0.00000 6.00000 15.00000 12.00000
13.00000 17.00000 13.00000 17.00000 22.00000 15.00000 19.00000 16.00000 16.00000 5.00000 8.00000 18.00000 15.00000 24.00000 13.00000 5.00000 16.00000 8.00000 18.00000 17.00000 16.00000 22.00000 23.00000 5.00000 0.00000 18.00000 13.00000
10.00000 3.00000 10.00000 6.00000 6.00000 10.00000 4.00000 5.00000 22.00000 18.00000 13.00000 1.00000 9.00000 9.00000 9.00000 19.00000 5.00000 15.00000 7.00000 4.00000 5.00000 7.00000 8.00000 16.00000 18.00000 0.00000 10.00000
0.00000 8.00000 0.00000 10.00000 13.00000 6.00000 10.00000 6.00000 18.00000 14.00000 6.00000 9.00000 7.00000 15.00000 3.00000 15.00000 7.00000 10.00000 6.00000 8.00000 6.00000 13.00000 15.00000 12.00000 13.00000 9.00000 0.00000
p
0.0 0.0 0.0 0.0 0.0 0.0 
0.0 0.0 0.0 0.0 0.0 0.0 
0.0 0.0 0.0 0.0 0.0 0.0 
0.0 0.0 0.0 0.0 0.0 0.0 
0.0 0.0 0.0 0.0 0.0 0.0 
0 0 0 0 0 22 
0 0 0 0 0 22 
0 0 0 0 0 22 
0 0 0 0 0 22 
0 0 0 0 0 22 
0 40 0 0 46 0 
0 40 0 0 46 0 
0 40 0 0 46 0 
0 40 0 0 46 0 
0 40 0 0 46 0 
0 0 0 0 44 0 
0 0 0 0 44 0 
0 0 0 0 44 0 
0 0 0 0 44 0 
0 0 0 0 44 0 
0 0 35 0 0 52 
0 0 35 0 0 52 
0 0 35 0 0 52 
0 0 35 0 0 52 
0 0 35 0 0 52 
0 0 0 26 0 0 
0 0 0 26 0 0 
0 0 0 26 0 0 
0 0 0 26 0 0 
0 0 0 26 0 0 
0 17 0 0 17 0 
0 17 0 0 17 0 
0 17 0 0 17 0 
0 17 0 0 17 0 
0 17 0 0 17 0 
0 47 0 0 24 0 
0 47 0 0 24 0 
0 47 0 0 24 0 
0 47 0 0 24 0 
0 47 0 0 24 0 
38 0 0 0 0 0 
38 0 0 0 0 0 
38 0 0 0 0 0 
38 0 0 0 0 0 
38 0 0 0 0 0 
0 0 0 15 0 0 
0 0 0 15 0 0 
0 0 0 15 0 0 
0 0 0 15 0 0 
0 0 0 15 0 0 
0 0 55 0 0 0 
0 0 55 0 0 0 
0 0 55 0 0 0 
0 0 55 0 0 0 
0 0 55 0 0 0 
0 0 0 59 0 0 
0 0 0 59 0 0 
0 0 0 59 0 0 
0 0 0 59 0 0 
0 0 0 59 0 0 
0 0 28 0 0 0 
0 0 28 0 0 0 
0 0 28 0 0 0 
0 0 28 0 0 0 
0 0 28 0 0 0 
20 0 0 0 0 0 
20 0 0 0 0 0 
20 0 0 0 0 0 
20 0 0 0 0 0 
20 0 0 0 0 0 
0 0 0 0 0 30 
0 0 0 0 0 30 
0 0 0 0 0 30 
0 0 0 0 0 30 
0 0 0 0 0 30 
0 0 0 0 34 0 
0 0 0 0 34 0 
0 0 0 0 34 0 
0 0 0 0 34 0 
0 0 0 0 34 0 
0 0 0 34 0 0 
0 0 0 34 0 0 
0 0 0 34 0 0 
0 0 0 34 0 0 
0 0 0 34 0 0 
0 0 0 0 0 39 
0 0 0 0 0 39 
0 0 0 0 0 39 
0 0 0 0 0 39 
0 0 0 0 0 39 
0 22 0 0 20 0 
0 22 0 0 20 0 
0 22 0 0 20 0 
0 22 0 0 20 0 
0 22 0 0 20 0 
49 0 0 0 0 52 
49 0 0 0 0 52 
49 0 0 0 0 52 
49 0 0 0 0 52 
49 0 0 0 0 52 
0 0 0 0 0 16 
0 0 0 0 0 16 
0 0 0 0 0 16 
0 0 0 0 0 16 
0 0 0 0 0 16 
0 19 0 0 0 18 
0 19 0 0 0 18 
0 19 0 0 0 18 
0 19 0 0 0 18 
0 19 0 0 0 18 
60 0 0 0 0 0 
60 0 0 0 0 0 
60 0 0 0 0 0 
60 0 0 0 0 0 
60 0 0 0 0 0 
0 0 46 0 0 25 
0 0 46 0 0 25 
0 0 46 0 0 25 
0 0 46 0 0 25 
0 0 46 0 0 25 
0 0 0 0 0 54 
0 0 0 0 0 54 
0 0 0 0 0 54 
0 0 0 0 0 54 
0 0 0 0 0 54 
38 0 0 0 0 0 
38 0 0 0 0 0 
38 0 0 0 0 0 
38 0 0 0 0 0 
38 0 0 0 0 0 
0.0 0.0 0.0 0.0 0.0 0.0 
0.0 0.0 0.0 0.0 0.0 0.0 
0.0 0.0 0.0 0.0 0.0 0.0 
0.0 0.0 0.0 0.0 0.0 0.0 
0.0 0.0 0.0 0.0 0.0 0.0 
mind
0 0 0 0 19 0 0 17 0 0 0 0 0 0 0 0 0 0 0 18 0 0 0 12 0 0 0
maxd
0 0 0 0 27 0 0 23 0 0 0 0 0 0 0 0 0 0 0 24 0 0 0 20 0 0 0
e
0 563 481 721 631 710 713 869 481 769 748 674 674 547 887 899 939 789 765 814 868 634 614 892 797 507 0
l
99999 683 601 841 751 830 833 989 601 889 868 794 794 667 1007 1019 1059 909 885 934 988 754 734 1012 917 627 99999
