nbNodes
27
nbVehi
5
nbServi
6
r
1 1 1 1 1 1 
0 1 0 0 0 1 
0 1 0 0 0 1 
0 1 0 0 0 0 
0 0 0 1 0 0 
1 0 0 0 1 0 
0 0 1 0 0 0 
0 0 0 1 0 0 
0 0 0 1 0 0 
0 0 0 0 0 1 
0 0 0 0 0 1 
1 0 0 0 0 1 
1 0 0 0 0 1 
0 0 1 0 0 0 
0 0 0 0 1 0 
0 0 0 0 0 1 
0 0 0 0 0 1 
0 1 0 0 1 0 
0 1 0 1 0 0 
0 1 0 0 0 0 
1 0 0 0 0 0 
0 0 1 0 0 1 
0 0 1 0 0 0 
0 1 0 0 0 0 
0 0 0 1 0 0 
1 0 0 0 0 0 
1 1 1 1 1 1 
DS
2 3 6 12 13 18 19 22 
a
1 0 1 0 0 0 
1 1 1 0 0 0 
0 0 0 0 1 0 
0 0 0 1 0 1 
0 0 0 1 0 0 
x
-30.1293 -30.1111 -30.0231 -30.1569 -30.0586 -30.0272 -30.1487 -30.1191 -30.1544 -30.1507 -30.0716 -30.0621 -30.1538 -30.0362 -30.1105 -30.1579 -30.0225 -30.1293 -30.0218 -30.1536 -30.1554 -30.2421 -30.0254 -30.1623 -30.1568 -30.0592 -30.1293
y
-51.1405 -51.104 -51.1842 -51.1361 -51.1578 -51.1894 -51.1084 -51.1079 -51.1351 -51.1372 -51.1525 -51.1453 -51.1421 -51.182 -51.1028 -51.1375 -51.204 -51.1405 -51.1884 -51.1386 -51.1349 -51.0814 -51.1818 -51.1416 -51.1373 -51.144 -51.1405
d
0.00000 15.00000 32.00000 10.00000 22.00000 32.00000 11.00000 12.00000 9.00000 9.00000 21.00000 22.00000 11.00000 28.00000 15.00000 10.00000 33.00000 0.00000 31.00000 9.00000 9.00000 30.00000 29.00000 12.00000 10.00000 22.00000 0.00000
15.00000 0.00000 26.00000 18.00000 16.00000 26.00000 14.00000 4.00000 17.00000 16.00000 15.00000 17.00000 19.00000 23.00000 1.00000 18.00000 28.00000 15.00000 25.00000 17.00000 17.00000 34.00000 23.00000 20.00000 18.00000 16.00000 15.00000
30.00000 24.00000 0.00000 37.00000 10.00000 4.00000 35.00000 24.00000 37.00000 36.00000 13.00000 14.00000 37.00000 3.00000 25.00000 37.00000 6.00000 30.00000 2.00000 37.00000 37.00000 51.00000 2.00000 36.00000 37.00000 14.00000 30.00000
10.00000 17.00000 39.00000 0.00000 30.00000 37.00000 10.00000 15.00000 2.00000 3.00000 29.00000 30.00000 4.00000 36.00000 18.00000 1.00000 38.00000 10.00000 39.00000 3.00000 1.00000 23.00000 36.00000 3.00000 1.00000 30.00000 10.00000
22.00000 16.00000 13.00000 30.00000 0.00000 13.00000 27.00000 16.00000 29.00000 29.00000 5.00000 6.00000 31.00000 9.00000 17.00000 30.00000 15.00000 22.00000 12.00000 29.00000 29.00000 46.00000 10.00000 32.00000 30.00000 6.00000 22.00000
30.00000 25.00000 2.00000 38.00000 10.00000 0.00000 35.00000 24.00000 37.00000 37.00000 13.00000 14.00000 37.00000 3.00000 25.00000 38.00000 5.00000 30.00000 3.00000 37.00000 37.00000 51.00000 3.00000 37.00000 37.00000 14.00000 30.00000
10.00000 14.00000 37.00000 11.00000 27.00000 37.00000 0.00000 12.00000 10.00000 9.00000 26.00000 27.00000 12.00000 33.00000 15.00000 11.00000 38.00000 10.00000 36.00000 10.00000 10.00000 31.00000 33.00000 13.00000 11.00000 27.00000 10.00000
13.00000 3.00000 26.00000 16.00000 16.00000 26.00000 13.00000 0.00000 15.00000 14.00000 15.00000 16.00000 17.00000 22.00000 4.00000 16.00000 27.00000 13.00000 25.00000 15.00000 15.00000 32.00000 22.00000 18.00000 16.00000 16.00000 13.00000
9.00000 16.00000 39.00000 2.00000 29.00000 37.00000 10.00000 14.00000 0.00000 2.00000 28.00000 29.00000 4.00000 35.00000 17.00000 2.00000 38.00000 9.00000 38.00000 2.00000 1.00000 23.00000 36.00000 4.00000 2.00000 29.00000 9.00000
9.00000 16.00000 38.00000 3.00000 29.00000 36.00000 9.00000 14.00000 2.00000 0.00000 28.00000 29.00000 4.00000 35.00000 17.00000 4.00000 37.00000 9.00000 38.00000 2.00000 2.00000 23.00000 35.00000 5.00000 3.00000 29.00000 9.00000
21.00000 15.00000 16.00000 29.00000 6.00000 16.00000 26.00000 15.00000 28.00000 28.00000 0.00000 6.00000 30.00000 12.00000 16.00000 29.00000 17.00000 21.00000 15.00000 28.00000 28.00000 45.00000 12.00000 31.00000 29.00000 6.00000 21.00000
23.00000 17.00000 15.00000 31.00000 6.00000 16.00000 27.00000 17.00000 30.00000 29.00000 5.00000 0.00000 32.00000 12.00000 18.00000 31.00000 17.00000 23.00000 15.00000 30.00000 30.00000 47.00000 12.00000 33.00000 31.00000 5.00000 23.00000
11.00000 19.00000 39.00000 3.00000 31.00000 37.00000 12.00000 16.00000 4.00000 4.00000 30.00000 31.00000 0.00000 36.00000 19.00000 3.00000 37.00000 11.00000 38.00000 3.00000 4.00000 22.00000 36.00000 4.00000 3.00000 31.00000 11.00000
28.00000 22.00000 6.00000 36.00000 8.00000 5.00000 33.00000 22.00000 35.00000 35.00000 11.00000 12.00000 37.00000 0.00000 23.00000 36.00000 9.00000 28.00000 6.00000 35.00000 35.00000 51.00000 4.00000 36.00000 36.00000 12.00000 28.00000
15.00000 1.00000 27.00000 18.00000 17.00000 27.00000 15.00000 5.00000 18.00000 17.00000 16.00000 17.00000 20.00000 23.00000 0.00000 19.00000 29.00000 15.00000 26.00000 18.00000 18.00000 35.00000 24.00000 21.00000 19.00000 17.00000 15.00000
11.00000 18.00000 39.00000 1.00000 30.00000 37.00000 11.00000 16.00000 2.00000 4.00000 30.00000 31.00000 3.00000 37.00000 19.00000 0.00000 38.00000 11.00000 39.00000 3.00000 2.00000 22.00000 36.00000 2.00000 1.00000 31.00000 11.00000
33.00000 27.00000 6.00000 38.00000 13.00000 5.00000 38.00000 27.00000 38.00000 37.00000 16.00000 17.00000 37.00000 8.00000 28.00000 37.00000 0.00000 33.00000 6.00000 37.00000 38.00000 51.00000 7.00000 36.00000 37.00000 17.00000 33.00000
0.00000 15.00000 32.00000 10.00000 22.00000 32.00000 11.00000 12.00000 9.00000 9.00000 21.00000 22.00000 11.00000 28.00000 15.00000 10.00000 33.00000 0.00000 31.00000 9.00000 9.00000 30.00000 29.00000 12.00000 10.00000 22.00000 0.00000
31.00000 26.00000 2.00000 39.00000 11.00000 4.00000 36.00000 26.00000 38.00000 38.00000 14.00000 15.00000 38.00000 5.00000 26.00000 39.00000 5.00000 31.00000 0.00000 38.00000 38.00000 52.00000 4.00000 38.00000 39.00000 15.00000 31.00000
10.00000 17.00000 38.00000 2.00000 29.00000 36.00000 10.00000 15.00000 2.00000 2.00000 29.00000 30.00000 3.00000 36.00000 18.00000 2.00000 37.00000 10.00000 38.00000 0.00000 2.00000 22.00000 35.00000 4.00000 2.00000 30.00000 10.00000
9.00000 17.00000 39.00000 1.00000 29.00000 37.00000 10.00000 14.00000 1.00000 3.00000 28.00000 30.00000 4.00000 35.00000 17.00000 2.00000 38.00000 9.00000 38.00000 2.00000 0.00000 23.00000 36.00000 4.00000 2.00000 29.00000 9.00000
30.00000 33.00000 52.00000 22.00000 46.00000 50.00000 30.00000 31.00000 22.00000 23.00000 45.00000 46.00000 22.00000 50.00000 34.00000 22.00000 51.00000 30.00000 52.00000 22.00000 23.00000 0.00000 49.00000 20.00000 22.00000 46.00000 30.00000
32.00000 26.00000 5.00000 39.00000 12.00000 5.00000 37.00000 26.00000 39.00000 38.00000 15.00000 16.00000 39.00000 5.00000 27.00000 39.00000 8.00000 32.00000 4.00000 39.00000 39.00000 53.00000 0.00000 38.00000 39.00000 14.00000 32.00000
12.00000 19.00000 38.00000 3.00000 32.00000 36.00000 12.00000 17.00000 4.00000 5.00000 31.00000 32.00000 4.00000 35.00000 20.00000 2.00000 36.00000 12.00000 37.00000 4.00000 4.00000 20.00000 35.00000 0.00000 3.00000 32.00000 12.00000
10.00000 17.00000 39.00000 1.00000 30.00000 37.00000 10.00000 15.00000 2.00000 3.00000 29.00000 30.00000 3.00000 36.00000 18.00000 1.00000 38.00000 10.00000 38.00000 2.00000 2.00000 22.00000 36.00000 3.00000 0.00000 30.00000 10.00000
22.00000 17.00000 15.00000 30.00000 6.00000 15.00000 27.00000 17.00000 30.00000 29.00000 5.00000 5.00000 32.00000 11.00000 18.00000 31.00000 16.00000 22.00000 14.00000 30.00000 30.00000 47.00000 12.00000 33.00000 31.00000 0.00000 22.00000
0.00000 15.00000 32.00000 10.00000 22.00000 32.00000 11.00000 12.00000 9.00000 9.00000 21.00000 22.00000 11.00000 28.00000 15.00000 10.00000 33.00000 0.00000 31.00000 9.00000 9.00000 30.00000 29.00000 12.00000 10.00000 22.00000 0.00000
p
0.0 0.0 0.0 0.0 0.0 0.0 
0.0 0.0 0.0 0.0 0.0 0.0 
0.0 0.0 0.0 0.0 0.0 0.0 
0.0 0.0 0.0 0.0 0.0 0.0 
0.0 0.0 0.0 0.0 0.0 0.0 
0 59 0 0 0 45 
0 59 0 0 0 45 
0 59 0 0 0 45 
0 59 0 0 0 45 
0 59 0 0 0 45 
0 50 0 0 0 30 
0 50 0 0 0 30 
0 50 0 0 0 30 
0 50 0 0 0 30 
0 50 0 0 0 30 
0 34 0 0 0 0 
0 34 0 0 0 0 
0 34 0 0 0 0 
0 34 0 0 0 0 
0 34 0 0 0 0 
0 0 0 50 0 0 
0 0 0 50 0 0 
0 0 0 50 0 0 
0 0 0 50 0 0 
0 0 0 50 0 0 
44 0 0 0 26 0 
44 0 0 0 26 0 
44 0 0 0 26 0 
44 0 0 0 26 0 
44 0 0 0 26 0 
0 0 21 0 0 0 
0 0 21 0 0 0 
0 0 21 0 0 0 
0 0 21 0 0 0 
0 0 21 0 0 0 
0 0 0 15 0 0 
0 0 0 15 0 0 
0 0 0 15 0 0 
0 0 0 15 0 0 
0 0 0 15 0 0 
0 0 0 52 0 0 
0 0 0 52 0 0 
0 0 0 52 0 0 
0 0 0 52 0 0 
0 0 0 52 0 0 
0 0 0 0 0 46 
0 0 0 0 0 46 
0 0 0 0 0 46 
0 0 0 0 0 46 
0 0 0 0 0 46 
0 0 0 0 0 40 
0 0 0 0 0 40 
0 0 0 0 0 40 
0 0 0 0 0 40 
0 0 0 0 0 40 
19 0 0 0 0 23 
19 0 0 0 0 23 
19 0 0 0 0 23 
19 0 0 0 0 23 
19 0 0 0 0 23 
16 0 0 0 0 35 
16 0 0 0 0 35 
16 0 0 0 0 35 
16 0 0 0 0 35 
16 0 0 0 0 35 
0 0 22 0 0 0 
0 0 22 0 0 0 
0 0 22 0 0 0 
0 0 22 0 0 0 
0 0 22 0 0 0 
0 0 0 0 58 0 
0 0 0 0 58 0 
0 0 0 0 58 0 
0 0 0 0 58 0 
0 0 0 0 58 0 
0 0 0 0 0 53 
0 0 0 0 0 53 
0 0 0 0 0 53 
0 0 0 0 0 53 
0 0 0 0 0 53 
0 0 0 0 0 35 
0 0 0 0 0 35 
0 0 0 0 0 35 
0 0 0 0 0 35 
0 0 0 0 0 35 
0 32 0 0 54 0 
0 32 0 0 54 0 
0 32 0 0 54 0 
0 32 0 0 54 0 
0 32 0 0 54 0 
0 51 0 41 0 0 
0 51 0 41 0 0 
0 51 0 41 0 0 
0 51 0 41 0 0 
0 51 0 41 0 0 
0 20 0 0 0 0 
0 20 0 0 0 0 
0 20 0 0 0 0 
0 20 0 0 0 0 
0 20 0 0 0 0 
59 0 0 0 0 0 
59 0 0 0 0 0 
59 0 0 0 0 0 
59 0 0 0 0 0 
59 0 0 0 0 0 
0 0 59 0 0 34 
0 0 59 0 0 34 
0 0 59 0 0 34 
0 0 59 0 0 34 
0 0 59 0 0 34 
0 0 43 0 0 0 
0 0 43 0 0 0 
0 0 43 0 0 0 
0 0 43 0 0 0 
0 0 43 0 0 0 
0 27 0 0 0 0 
0 27 0 0 0 0 
0 27 0 0 0 0 
0 27 0 0 0 0 
0 27 0 0 0 0 
0 0 0 54 0 0 
0 0 0 54 0 0 
0 0 0 54 0 0 
0 0 0 54 0 0 
0 0 0 54 0 0 
52 0 0 0 0 0 
52 0 0 0 0 0 
52 0 0 0 0 0 
52 0 0 0 0 0 
52 0 0 0 0 0 
0.0 0.0 0.0 0.0 0.0 0.0 
0.0 0.0 0.0 0.0 0.0 0.0 
0.0 0.0 0.0 0.0 0.0 0.0 
0.0 0.0 0.0 0.0 0.0 0.0 
0.0 0.0 0.0 0.0 0.0 0.0 
mind
0 23 15 0 0 0 0 0 0 0 0 0 0 0 0 0 0 0 13 0 0 18 0 0 0 0 0
maxd
0 26 29 0 0 0 0 0 0 0 0 0 0 0 0 0 0 0 20 0 0 24 0 0 0 0 0
e
0 799 692 804 729 928 647 657 915 878 777 887 514 709 588 863 745 861 749 732 806 789 547 669 735 653 0
l
99999 919 812 924 849 1048 767 777 1035 998 897 1007 634 829 708 983 865 981 869 852 926 909 667 789 855 773 99999
