nbNodes
27
nbVehi
5
nbServi
6
r
1 1 1 1 1 1 
0 0 0 0 1 0 
0 0 0 0 0 1 
0 0 1 1 0 0 
0 0 1 0 0 1 
0 0 0 0 0 1 
0 1 0 1 0 0 
0 0 0 0 0 1 
1 0 0 0 0 0 
0 0 0 0 0 1 
1 0 0 0 1 0 
0 0 0 1 0 0 
0 0 0 0 1 0 
0 0 0 1 0 0 
0 0 0 0 1 0 
0 0 1 0 0 0 
0 0 0 1 0 0 
0 1 0 0 0 0 
0 1 0 1 0 0 
0 0 0 0 0 1 
0 0 1 0 0 0 
0 0 0 0 1 0 
0 0 1 1 0 0 
0 0 0 0 1 0 
1 0 0 0 1 0 
0 0 1 1 0 0 
1 1 1 1 1 1 
DS
4 5 7 11 19 23 25 26 
a
1 0 0 0 0 0 
1 1 1 0 0 0 
0 0 0 1 1 1 
0 0 0 1 0 1 
0 0 0 1 0 1 
x
-30.0365 -30.1836 -30.0071 -29.9995 -30.0084 -30.0237 -30.1835 -30.1677 -30.0221 -29.9999 -30.0118 -30.0097 -30.0166 -30.0078 -29.9891 -30.0365 -30.0135 -30.0293 -30.032 -30.0097 -30.0349 -30.1613 -30.0139 -30.0142 -29.9969 -30.0163 -30.0365
y
-51.184 -51.1818 -51.2039 -51.1059 -51.1184 -51.1806 -51.1809 -51.226 -51.1964 -51.1058 -51.1348 -51.1789 -51.1911 -51.1161 -51.2012 -51.184 -51.1155 -51.1932 -51.1103 -51.1393 -51.2 -51.1811 -51.1977 -51.1465 -51.1038 -51.192 -51.184
d
0.00000 37.00000 10.00000 18.00000 15.00000 5.00000 36.00000 35.00000 7.00000 18.00000 13.00000 8.00000 6.00000 15.00000 12.00000 0.00000 17.00000 6.00000 15.00000 14.00000 5.00000 32.00000 8.00000 12.00000 20.00000 6.00000 0.00000
37.00000 0.00000 41.00000 50.00000 46.00000 37.00000 1.00000 19.00000 38.00000 49.00000 46.00000 40.00000 39.00000 47.00000 43.00000 37.00000 48.00000 38.00000 46.00000 46.00000 36.00000 9.00000 39.00000 44.00000 51.00000 39.00000 37.00000
9.00000 41.00000 0.00000 19.00000 16.00000 8.00000 41.00000 39.00000 7.00000 18.00000 12.00000 5.00000 6.00000 17.00000 5.00000 9.00000 17.00000 8.00000 20.00000 12.00000 9.00000 36.00000 4.00000 11.00000 18.00000 5.00000 9.00000
19.00000 51.00000 20.00000 0.00000 4.00000 17.00000 51.00000 49.00000 19.00000 1.00000 10.00000 16.00000 18.00000 5.00000 20.00000 19.00000 6.00000 20.00000 11.00000 9.00000 22.00000 45.00000 19.00000 13.00000 2.00000 18.00000 19.00000
15.00000 47.00000 16.00000 5.00000 0.00000 13.00000 47.00000 45.00000 15.00000 4.00000 6.00000 13.00000 15.00000 2.00000 17.00000 15.00000 3.00000 16.00000 8.00000 5.00000 18.00000 42.00000 15.00000 9.00000 6.00000 15.00000 15.00000
6.00000 40.00000 9.00000 17.00000 14.00000 0.00000 40.00000 38.00000 6.00000 17.00000 10.00000 4.00000 5.00000 15.00000 10.00000 6.00000 15.00000 7.00000 17.00000 10.00000 8.00000 35.00000 6.00000 8.00000 17.00000 5.00000 6.00000
37.00000 1.00000 41.00000 50.00000 46.00000 37.00000 0.00000 18.00000 38.00000 49.00000 46.00000 40.00000 39.00000 47.00000 43.00000 37.00000 48.00000 38.00000 46.00000 46.00000 36.00000 8.00000 39.00000 44.00000 51.00000 39.00000 37.00000
36.00000 19.00000 40.00000 49.00000 45.00000 36.00000 18.00000 0.00000 37.00000 48.00000 45.00000 39.00000 38.00000 46.00000 42.00000 36.00000 47.00000 37.00000 45.00000 45.00000 35.00000 20.00000 38.00000 43.00000 50.00000 38.00000 36.00000
7.00000 37.00000 6.00000 20.00000 17.00000 5.00000 37.00000 36.00000 0.00000 20.00000 12.00000 6.00000 3.00000 17.00000 9.00000 7.00000 18.00000 3.00000 20.00000 13.00000 5.00000 33.00000 3.00000 11.00000 20.00000 3.00000 7.00000
19.00000 50.00000 19.00000 1.00000 4.00000 17.00000 50.00000 48.00000 19.00000 0.00000 9.00000 16.00000 18.00000 4.00000 20.00000 19.00000 6.00000 19.00000 11.00000 8.00000 22.00000 45.00000 18.00000 12.00000 2.00000 18.00000 19.00000
14.00000 48.00000 13.00000 10.00000 6.00000 10.00000 47.00000 46.00000 12.00000 9.00000 0.00000 10.00000 11.00000 7.00000 15.00000 14.00000 7.00000 13.00000 10.00000 2.00000 16.00000 43.00000 12.00000 5.00000 11.00000 11.00000 14.00000
9.00000 42.00000 6.00000 15.00000 12.00000 5.00000 42.00000 41.00000 7.00000 15.00000 8.00000 0.00000 6.00000 13.00000 8.00000 9.00000 13.00000 8.00000 16.00000 8.00000 11.00000 38.00000 6.00000 7.00000 15.00000 6.00000 9.00000
6.00000 39.00000 5.00000 18.00000 15.00000 4.00000 39.00000 37.00000 4.00000 18.00000 11.00000 5.00000 0.00000 16.00000 8.00000 6.00000 17.00000 5.00000 19.00000 11.00000 8.00000 35.00000 3.00000 10.00000 18.00000 1.00000 6.00000
16.00000 48.00000 17.00000 5.00000 2.00000 14.00000 48.00000 46.00000 16.00000 4.00000 7.00000 13.00000 15.00000 0.00000 17.00000 16.00000 3.00000 17.00000 9.00000 6.00000 19.00000 43.00000 16.00000 10.00000 6.00000 15.00000 16.00000
11.00000 43.00000 5.00000 16.00000 17.00000 10.00000 43.00000 41.00000 10.00000 16.00000 14.00000 7.00000 8.00000 17.00000 0.00000 11.00000 18.00000 11.00000 22.00000 13.00000 12.00000 38.00000 7.00000 13.00000 16.00000 8.00000 11.00000
0.00000 37.00000 10.00000 18.00000 15.00000 5.00000 36.00000 35.00000 7.00000 18.00000 13.00000 8.00000 6.00000 15.00000 12.00000 0.00000 17.00000 6.00000 15.00000 14.00000 5.00000 32.00000 8.00000 12.00000 20.00000 6.00000 0.00000
16.00000 48.00000 16.00000 6.00000 3.00000 14.00000 47.00000 46.00000 16.00000 6.00000 7.00000 13.00000 15.00000 3.00000 18.00000 16.00000 0.00000 17.00000 8.00000 5.00000 19.00000 42.00000 16.00000 10.00000 8.00000 15.00000 16.00000
5.00000 37.00000 7.00000 20.00000 17.00000 4.00000 37.00000 36.00000 3.00000 20.00000 13.00000 7.00000 5.00000 18.00000 11.00000 5.00000 18.00000 0.00000 19.00000 13.00000 5.00000 33.00000 6.00000 11.00000 20.00000 5.00000 5.00000
16.00000 47.00000 21.00000 11.00000 8.00000 16.00000 47.00000 45.00000 20.00000 11.00000 11.00000 18.00000 19.00000 8.00000 23.00000 16.00000 8.00000 20.00000 0.00000 10.00000 18.00000 42.00000 20.00000 14.00000 13.00000 19.00000 16.00000
13.00000 46.00000 12.00000 10.00000 8.00000 9.00000 46.00000 45.00000 11.00000 10.00000 4.00000 8.00000 10.00000 8.00000 13.00000 13.00000 9.00000 12.00000 13.00000 0.00000 15.00000 42.00000 11.00000 5.00000 10.00000 10.00000 13.00000
5.00000 37.00000 8.00000 22.00000 19.00000 6.00000 37.00000 35.00000 5.00000 22.00000 14.00000 9.00000 6.00000 19.00000 11.00000 5.00000 20.00000 4.00000 19.00000 15.00000 0.00000 32.00000 6.00000 13.00000 22.00000 6.00000 5.00000
32.00000 9.00000 36.00000 45.00000 41.00000 32.00000 9.00000 19.00000 33.00000 45.00000 41.00000 35.00000 35.00000 42.00000 38.00000 32.00000 43.00000 33.00000 41.00000 41.00000 31.00000 0.00000 34.00000 39.00000 46.00000 34.00000 32.00000
8.00000 40.00000 3.00000 19.00000 16.00000 7.00000 40.00000 38.00000 5.00000 19.00000 11.00000 5.00000 3.00000 16.00000 7.00000 8.00000 17.00000 6.00000 20.00000 12.00000 8.00000 35.00000 0.00000 10.00000 19.00000 3.00000 8.00000
13.00000 45.00000 13.00000 11.00000 8.00000 10.00000 45.00000 43.00000 12.00000 11.00000 4.00000 9.00000 11.00000 9.00000 14.00000 13.00000 9.00000 13.00000 12.00000 4.00000 15.00000 40.00000 12.00000 0.00000 11.00000 11.00000 13.00000
20.00000 52.00000 20.00000 2.00000 6.00000 17.00000 52.00000 50.00000 19.00000 2.00000 11.00000 17.00000 19.00000 6.00000 20.00000 20.00000 8.00000 20.00000 12.00000 10.00000 23.00000 47.00000 19.00000 14.00000 0.00000 19.00000 20.00000
6.00000 39.00000 5.00000 18.00000 15.00000 4.00000 39.00000 37.00000 4.00000 18.00000 11.00000 5.00000 1.00000 16.00000 8.00000 6.00000 17.00000 5.00000 19.00000 11.00000 8.00000 35.00000 3.00000 10.00000 18.00000 0.00000 6.00000
0.00000 37.00000 10.00000 18.00000 15.00000 5.00000 36.00000 35.00000 7.00000 18.00000 13.00000 8.00000 6.00000 15.00000 12.00000 0.00000 17.00000 6.00000 15.00000 14.00000 5.00000 32.00000 8.00000 12.00000 20.00000 6.00000 0.00000
p
0.0 0.0 0.0 0.0 0.0 0.0 
0.0 0.0 0.0 0.0 0.0 0.0 
0.0 0.0 0.0 0.0 0.0 0.0 
0.0 0.0 0.0 0.0 0.0 0.0 
0.0 0.0 0.0 0.0 0.0 0.0 
0 0 0 0 60 0 
0 0 0 0 60 0 
0 0 0 0 60 0 
0 0 0 0 60 0 
0 0 0 0 60 0 
0 0 0 0 0 25 
0 0 0 0 0 25 
0 0 0 0 0 25 
0 0 0 0 0 25 
0 0 0 0 0 25 
0 0 55 22 0 0 
0 0 55 22 0 0 
0 0 55 22 0 0 
0 0 55 22 0 0 
0 0 55 22 0 0 
0 0 59 0 0 49 
0 0 59 0 0 49 
0 0 59 0 0 49 
0 0 59 0 0 49 
0 0 59 0 0 49 
0 0 0 0 0 50 
0 0 0 0 0 50 
0 0 0 0 0 50 
0 0 0 0 0 50 
0 0 0 0 0 50 
0 34 0 48 0 0 
0 34 0 48 0 0 
0 34 0 48 0 0 
0 34 0 48 0 0 
0 34 0 48 0 0 
0 0 0 0 0 29 
0 0 0 0 0 29 
0 0 0 0 0 29 
0 0 0 0 0 29 
0 0 0 0 0 29 
23 0 0 0 0 0 
23 0 0 0 0 0 
23 0 0 0 0 0 
23 0 0 0 0 0 
23 0 0 0 0 0 
0 0 0 0 0 21 
0 0 0 0 0 21 
0 0 0 0 0 21 
0 0 0 0 0 21 
0 0 0 0 0 21 
23 0 0 0 58 0 
23 0 0 0 58 0 
23 0 0 0 58 0 
23 0 0 0 58 0 
23 0 0 0 58 0 
0 0 0 50 0 0 
0 0 0 50 0 0 
0 0 0 50 0 0 
0 0 0 50 0 0 
0 0 0 50 0 0 
0 0 0 0 44 0 
0 0 0 0 44 0 
0 0 0 0 44 0 
0 0 0 0 44 0 
0 0 0 0 44 0 
0 0 0 28 0 0 
0 0 0 28 0 0 
0 0 0 28 0 0 
0 0 0 28 0 0 
0 0 0 28 0 0 
0 0 0 0 17 0 
0 0 0 0 17 0 
0 0 0 0 17 0 
0 0 0 0 17 0 
0 0 0 0 17 0 
0 0 23 0 0 0 
0 0 23 0 0 0 
0 0 23 0 0 0 
0 0 23 0 0 0 
0 0 23 0 0 0 
0 0 0 48 0 0 
0 0 0 48 0 0 
0 0 0 48 0 0 
0 0 0 48 0 0 
0 0 0 48 0 0 
0 24 0 0 0 0 
0 24 0 0 0 0 
0 24 0 0 0 0 
0 24 0 0 0 0 
0 24 0 0 0 0 
0 35 0 55 0 0 
0 35 0 55 0 0 
0 35 0 55 0 0 
0 35 0 55 0 0 
0 35 0 55 0 0 
0 0 0 0 0 28 
0 0 0 0 0 28 
0 0 0 0 0 28 
0 0 0 0 0 28 
0 0 0 0 0 28 
0 0 51 0 0 0 
0 0 51 0 0 0 
0 0 51 0 0 0 
0 0 51 0 0 0 
0 0 51 0 0 0 
0 0 0 0 36 0 
0 0 0 0 36 0 
0 0 0 0 36 0 
0 0 0 0 36 0 
0 0 0 0 36 0 
0 0 48 39 0 0 
0 0 48 39 0 0 
0 0 48 39 0 0 
0 0 48 39 0 0 
0 0 48 39 0 0 
0 0 0 0 44 0 
0 0 0 0 44 0 
0 0 0 0 44 0 
0 0 0 0 44 0 
0 0 0 0 44 0 
47 0 0 0 45 0 
47 0 0 0 45 0 
47 0 0 0 45 0 
47 0 0 0 45 0 
47 0 0 0 45 0 
0 0 49 50 0 0 
0 0 49 50 0 0 
0 0 49 50 0 0 
0 0 49 50 0 0 
0 0 49 50 0 0 
0.0 0.0 0.0 0.0 0.0 0.0 
0.0 0.0 0.0 0.0 0.0 0.0 
0.0 0.0 0.0 0.0 0.0 0.0 
0.0 0.0 0.0 0.0 0.0 0.0 
0.0 0.0 0.0 0.0 0.0 0.0 
mind
0 0 0 13 10 0 0 0 0 0 11 0 0 0 0 0 0 0 16 0 0 0 0 0 0 0 0
maxd
0 0 0 21 25 0 0 0 0 0 15 0 0 0 0 0 0 0 23 0 0 0 0 0 0 0 0
e
0 900 757 898 529 762 743 812 935 677 915 848 613 902 809 629 754 899 851 597 841 767 766 955 565 622 0
l
99999 1020 877 1018 649 882 863 932 1055 797 1035 968 733 1022 929 749 874 1019 971 717 961 887 886 1075 685 742 99999
