nbNodes
27
nbVehi
5
nbServi
6
r
1 1 1 1 1 1 
1 0 0 0 0 0 
0 0 0 0 1 0 
0 1 0 0 0 0 
1 0 0 0 1 0 
1 0 0 0 0 0 
0 0 0 0 0 1 
0 0 1 0 0 0 
1 0 0 0 0 0 
0 1 0 0 1 0 
1 0 0 0 0 0 
1 0 0 0 0 0 
0 0 0 0 1 0 
0 1 0 1 0 0 
1 0 0 1 0 0 
0 1 0 0 0 0 
0 0 1 0 0 0 
0 1 0 1 0 0 
0 0 1 0 0 1 
0 0 0 1 0 0 
0 0 0 0 0 1 
0 0 0 1 0 0 
0 0 0 1 0 0 
1 0 0 1 0 0 
1 0 0 1 0 0 
0 0 1 0 0 0 
1 1 1 1 1 1 
DS
5 10 14 15 18 19 24 25 
a
1 1 1 0 0 0 
0 1 1 0 0 0 
0 0 0 1 0 0 
0 0 0 1 0 1 
0 0 0 1 1 1 
x
-30.0382 -30.0233 -30.0441 -30.0615 -30.0852 -29.9933 -30.0199 -30.0657 -30.0225 -30.0125 -30.0358 -30.0779 -30.08 -29.9915 -30.0175 -30.0118 -30.0015 -30.0035 -30.0496 -30.065 -30.0247 -30.0002 -29.9933 -30.0214 -30.035 -30.0382 -30.0382
y
-51.1653 -51.1244 -51.1504 -51.163 -51.192 -51.1021 -51.1396 -51.2165 -51.2195 -51.1204 -51.2361 -51.2002 -51.1658 -51.1046 -51.1011 -51.0942 -51.0994 -51.1149 -51.1505 -51.2176 -51.1858 -51.1262 -51.107 -51.171 -51.1688 -51.1653 -51.1653
d
0.00000 11.00000 4.00000 8.00000 15.00000 17.00000 9.00000 15.00000 13.00000 12.00000 14.00000 13.00000 13.00000 16.00000 15.00000 15.00000 17.00000 14.00000 6.00000 15.00000 8.00000 14.00000 16.00000 7.00000 4.00000 0.00000 0.00000
10.00000 0.00000 8.00000 13.00000 23.00000 9.00000 6.00000 23.00000 21.00000 4.00000 23.00000 21.00000 20.00000 8.00000 6.00000 7.00000 8.00000 6.00000 10.00000 23.00000 16.00000 6.00000 8.00000 14.00000 12.00000 10.00000 10.00000
4.00000 9.00000 0.00000 7.00000 17.00000 15.00000 8.00000 16.00000 15.00000 10.00000 17.00000 14.00000 13.00000 14.00000 13.00000 13.00000 15.00000 12.00000 2.00000 17.00000 11.00000 13.00000 14.00000 9.00000 6.00000 4.00000 4.00000
9.00000 14.00000 7.00000 0.00000 13.00000 21.00000 13.00000 12.00000 15.00000 15.00000 15.00000 10.00000 9.00000 20.00000 18.00000 19.00000 20.00000 18.00000 6.00000 13.00000 12.00000 18.00000 20.00000 11.00000 8.00000 9.00000 9.00000
15.00000 22.00000 16.00000 11.00000 0.00000 29.00000 20.00000 8.00000 15.00000 23.00000 15.00000 3.00000 15.00000 28.00000 26.00000 26.00000 28.00000 26.00000 14.00000 8.00000 15.00000 25.00000 28.00000 15.00000 14.00000 15.00000 15.00000
17.00000 9.00000 15.00000 19.00000 30.00000 0.00000 13.00000 27.00000 21.00000 7.00000 23.00000 28.00000 27.00000 2.00000 10.00000 5.00000 4.00000 7.00000 17.00000 27.00000 18.00000 7.00000 3.00000 16.00000 18.00000 17.00000 17.00000
9.00000 5.00000 8.00000 13.00000 23.00000 13.00000 0.00000 22.00000 20.00000 8.00000 21.00000 20.00000 20.00000 12.00000 10.00000 10.00000 12.00000 10.00000 9.00000 22.00000 13.00000 8.00000 12.00000 10.00000 9.00000 9.00000 9.00000
16.00000 23.00000 16.00000 12.00000 8.00000 28.00000 21.00000 0.00000 12.00000 24.00000 10.00000 5.00000 16.00000 27.00000 27.00000 27.00000 29.00000 26.00000 15.00000 1.00000 12.00000 23.00000 27.00000 13.00000 15.00000 16.00000 16.00000
16.00000 19.00000 18.00000 19.00000 20.00000 18.00000 17.00000 17.00000 0.00000 18.00000 11.00000 18.00000 24.00000 17.00000 21.00000 21.00000 20.00000 20.00000 19.00000 16.00000 11.00000 15.00000 17.00000 12.00000 15.00000 16.00000 16.00000
11.00000 3.00000 9.00000 14.00000 24.00000 7.00000 8.00000 24.00000 21.00000 0.00000 23.00000 22.00000 21.00000 6.00000 5.00000 5.00000 6.00000 4.00000 11.00000 23.00000 14.00000 5.00000 6.00000 12.00000 13.00000 11.00000 11.00000
15.00000 22.00000 16.00000 14.00000 14.00000 23.00000 21.00000 9.00000 6.00000 23.00000 0.00000 11.00000 19.00000 22.00000 26.00000 26.00000 25.00000 25.00000 17.00000 9.00000 11.00000 21.00000 22.00000 12.00000 14.00000 15.00000 15.00000
12.00000 19.00000 13.00000 8.00000 3.00000 26.00000 18.00000 5.00000 13.00000 20.00000 12.00000 0.00000 13.00000 25.00000 23.00000 23.00000 25.00000 23.00000 12.00000 5.00000 13.00000 22.00000 25.00000 13.00000 11.00000 12.00000 12.00000
15.00000 21.00000 14.00000 8.00000 16.00000 27.00000 20.00000 16.00000 20.00000 22.00000 19.00000 14.00000 0.00000 26.00000 24.00000 25.00000 27.00000 24.00000 13.00000 16.00000 18.00000 24.00000 26.00000 16.00000 13.00000 15.00000 15.00000
16.00000 8.00000 14.00000 18.00000 29.00000 2.00000 12.00000 26.00000 20.00000 6.00000 22.00000 27.00000 26.00000 0.00000 10.00000 6.00000 5.00000 6.00000 16.00000 26.00000 17.00000 6.00000 2.00000 15.00000 17.00000 16.00000 16.00000
15.00000 7.00000 13.00000 18.00000 28.00000 8.00000 12.00000 28.00000 26.00000 7.00000 28.00000 26.00000 25.00000 9.00000 0.00000 3.00000 6.00000 10.00000 15.00000 28.00000 19.00000 10.00000 8.00000 18.00000 17.00000 15.00000 15.00000
16.00000 8.00000 14.00000 18.00000 29.00000 6.00000 12.00000 28.00000 25.00000 6.00000 27.00000 26.00000 26.00000 7.00000 7.00000 0.00000 5.00000 8.00000 15.00000 27.00000 18.00000 9.00000 6.00000 16.00000 18.00000 16.00000 16.00000
17.00000 9.00000 14.00000 19.00000 30.00000 4.00000 13.00000 29.00000 23.00000 6.00000 26.00000 27.00000 26.00000 5.00000 8.00000 4.00000 0.00000 6.00000 16.00000 29.00000 20.00000 9.00000 4.00000 18.00000 18.00000 17.00000 17.00000
15.00000 7.00000 13.00000 17.00000 28.00000 7.00000 11.00000 27.00000 23.00000 5.00000 26.00000 25.00000 25.00000 6.00000 9.00000 7.00000 6.00000 0.00000 15.00000 27.00000 18.00000 8.00000 6.00000 16.00000 17.00000 15.00000 15.00000
6.00000 9.00000 2.00000 6.00000 16.00000 16.00000 9.00000 15.00000 17.00000 11.00000 18.00000 13.00000 12.00000 15.00000 13.00000 14.00000 16.00000 13.00000 0.00000 16.00000 12.00000 14.00000 15.00000 10.00000 8.00000 6.00000 6.00000
16.00000 23.00000 16.00000 12.00000 8.00000 28.00000 21.00000 1.00000 11.00000 24.00000 10.00000 5.00000 16.00000 27.00000 26.00000 27.00000 29.00000 26.00000 16.00000 0.00000 11.00000 23.00000 27.00000 13.00000 15.00000 16.00000 16.00000
8.00000 14.00000 9.00000 10.00000 15.00000 17.00000 11.00000 12.00000 10.00000 14.00000 11.00000 13.00000 15.00000 16.00000 16.00000 16.00000 19.00000 16.00000 11.00000 12.00000 0.00000 12.00000 16.00000 4.00000 7.00000 8.00000 8.00000
13.00000 7.00000 13.00000 17.00000 26.00000 7.00000 8.00000 22.00000 18.00000 5.00000 20.00000 24.00000 24.00000 6.00000 8.00000 9.00000 9.00000 6.00000 14.00000 22.00000 13.00000 0.00000 6.00000 11.00000 13.00000 13.00000 13.00000
16.00000 8.00000 14.00000 19.00000 29.00000 3.00000 12.00000 27.00000 20.00000 6.00000 22.00000 27.00000 26.00000 2.00000 10.00000 6.00000 5.00000 7.00000 16.00000 26.00000 17.00000 6.00000 0.00000 15.00000 17.00000 16.00000 16.00000
6.00000 13.00000 8.00000 12.00000 18.00000 16.00000 10.00000 15.00000 12.00000 13.00000 14.00000 15.00000 17.00000 15.00000 15.00000 15.00000 18.00000 15.00000 10.00000 14.00000 5.00000 11.00000 15.00000 0.00000 6.00000 6.00000 6.00000
3.00000 12.00000 5.00000 7.00000 15.00000 19.00000 10.00000 14.00000 13.00000 13.00000 14.00000 12.00000 12.00000 18.00000 16.00000 16.00000 18.00000 15.00000 7.00000 15.00000 8.00000 14.00000 17.00000 7.00000 0.00000 3.00000 3.00000
0.00000 11.00000 4.00000 8.00000 15.00000 17.00000 9.00000 15.00000 13.00000 12.00000 14.00000 13.00000 13.00000 16.00000 15.00000 15.00000 17.00000 14.00000 6.00000 15.00000 8.00000 14.00000 16.00000 7.00000 4.00000 0.00000 0.00000
0.00000 11.00000 4.00000 8.00000 15.00000 17.00000 9.00000 15.00000 13.00000 12.00000 14.00000 13.00000 13.00000 16.00000 15.00000 15.00000 17.00000 14.00000 6.00000 15.00000 8.00000 14.00000 16.00000 7.00000 4.00000 0.00000 0.00000
p
0.0 0.0 0.0 0.0 0.0 0.0 
0.0 0.0 0.0 0.0 0.0 0.0 
0.0 0.0 0.0 0.0 0.0 0.0 
0.0 0.0 0.0 0.0 0.0 0.0 
0.0 0.0 0.0 0.0 0.0 0.0 
15 0 0 0 0 0 
15 0 0 0 0 0 
15 0 0 0 0 0 
15 0 0 0 0 0 
15 0 0 0 0 0 
0 0 0 0 23 0 
0 0 0 0 23 0 
0 0 0 0 23 0 
0 0 0 0 23 0 
0 0 0 0 23 0 
0 22 0 0 0 0 
0 22 0 0 0 0 
0 22 0 0 0 0 
0 22 0 0 0 0 
0 22 0 0 0 0 
49 0 0 0 23 0 
49 0 0 0 23 0 
49 0 0 0 23 0 
49 0 0 0 23 0 
49 0 0 0 23 0 
50 0 0 0 0 0 
50 0 0 0 0 0 
50 0 0 0 0 0 
50 0 0 0 0 0 
50 0 0 0 0 0 
0 0 0 0 0 30 
0 0 0 0 0 30 
0 0 0 0 0 30 
0 0 0 0 0 30 
0 0 0 0 0 30 
0 0 54 0 0 0 
0 0 54 0 0 0 
0 0 54 0 0 0 
0 0 54 0 0 0 
0 0 54 0 0 0 
57 0 0 0 0 0 
57 0 0 0 0 0 
57 0 0 0 0 0 
57 0 0 0 0 0 
57 0 0 0 0 0 
0 26 0 0 42 0 
0 26 0 0 42 0 
0 26 0 0 42 0 
0 26 0 0 42 0 
0 26 0 0 42 0 
15 0 0 0 0 0 
15 0 0 0 0 0 
15 0 0 0 0 0 
15 0 0 0 0 0 
15 0 0 0 0 0 
47 0 0 0 0 0 
47 0 0 0 0 0 
47 0 0 0 0 0 
47 0 0 0 0 0 
47 0 0 0 0 0 
0 0 0 0 48 0 
0 0 0 0 48 0 
0 0 0 0 48 0 
0 0 0 0 48 0 
0 0 0 0 48 0 
0 35 0 44 0 0 
0 35 0 44 0 0 
0 35 0 44 0 0 
0 35 0 44 0 0 
0 35 0 44 0 0 
52 0 0 46 0 0 
52 0 0 46 0 0 
52 0 0 46 0 0 
52 0 0 46 0 0 
52 0 0 46 0 0 
0 50 0 0 0 0 
0 50 0 0 0 0 
0 50 0 0 0 0 
0 50 0 0 0 0 
0 50 0 0 0 0 
0 0 19 0 0 0 
0 0 19 0 0 0 
0 0 19 0 0 0 
0 0 19 0 0 0 
0 0 19 0 0 0 
0 15 0 53 0 0 
0 15 0 53 0 0 
0 15 0 53 0 0 
0 15 0 53 0 0 
0 15 0 53 0 0 
0 0 21 0 0 52 
0 0 21 0 0 52 
0 0 21 0 0 52 
0 0 21 0 0 52 
0 0 21 0 0 52 
0 0 0 38 0 0 
0 0 0 38 0 0 
0 0 0 38 0 0 
0 0 0 38 0 0 
0 0 0 38 0 0 
0 0 0 0 0 38 
0 0 0 0 0 38 
0 0 0 0 0 38 
0 0 0 0 0 38 
0 0 0 0 0 38 
0 0 0 48 0 0 
0 0 0 48 0 0 
0 0 0 48 0 0 
0 0 0 48 0 0 
0 0 0 48 0 0 
0 0 0 41 0 0 
0 0 0 41 0 0 
0 0 0 41 0 0 
0 0 0 41 0 0 
0 0 0 41 0 0 
54 0 0 50 0 0 
54 0 0 50 0 0 
54 0 0 50 0 0 
54 0 0 50 0 0 
54 0 0 50 0 0 
51 0 0 32 0 0 
51 0 0 32 0 0 
51 0 0 32 0 0 
51 0 0 32 0 0 
51 0 0 32 0 0 
0 0 56 0 0 0 
0 0 56 0 0 0 
0 0 56 0 0 0 
0 0 56 0 0 0 
0 0 56 0 0 0 
0.0 0.0 0.0 0.0 0.0 0.0 
0.0 0.0 0.0 0.0 0.0 0.0 
0.0 0.0 0.0 0.0 0.0 0.0 
0.0 0.0 0.0 0.0 0.0 0.0 
0.0 0.0 0.0 0.0 0.0 0.0 
mind
0 0 0 0 13 0 0 0 0 12 0 0 0 19 0 0 0 0 0 0 0 0 0 0 14 0 0
maxd
0 0 0 0 16 0 0 0 0 22 0 0 0 22 0 0 0 0 0 0 0 0 0 0 22 0 0
e
0 706 508 896 552 810 656 896 659 804 842 630 676 813 487 515 519 589 787 753 730 644 617 562 699 783 0
l
99999 826 628 1016 672 930 776 1016 779 924 962 750 796 933 607 635 639 709 907 873 850 764 737 682 819 903 99999
