nbNodes
27
nbVehi
5
nbServi
6
r
1 1 1 1 1 1 
0 0 0 0 0 1 
0 0 0 0 0 1 
0 0 1 0 0 0 
0 1 0 0 0 1 
0 0 0 0 0 1 
1 0 0 0 0 0 
0 0 0 0 0 1 
0 0 0 0 0 1 
0 1 0 0 1 0 
0 1 0 1 0 0 
1 0 0 1 0 0 
0 0 0 0 1 0 
0 0 1 0 0 0 
0 0 0 0 0 1 
0 0 1 0 0 1 
0 0 1 0 0 0 
0 1 0 0 0 0 
1 0 0 0 0 0 
0 1 0 0 0 1 
1 0 0 0 0 0 
0 1 0 1 0 0 
0 0 0 1 0 0 
1 0 0 0 0 0 
1 0 0 0 0 0 
0 1 0 0 0 1 
1 1 1 1 1 1 
DS
5 10 11 12 16 20 22 26 
a
1 1 1 0 0 0 
1 1 1 0 0 0 
0 0 0 1 1 1 
0 0 0 1 1 1 
0 0 0 1 1 0 
x
-30.13 -30.1584 -30.0521 -30.0313 -30.1017 -30.0165 -30.075 -29.9795 -30.0741 -29.997 -30.0396 -29.9996 -30.1033 -30.0315 -30.13 -30.072 -30.0698 -30.076 -30.0998 -30.0122 -29.9867 -30.036 -30.0083 -30.0707 -30.014 -29.993 -30.13
y
-51.2056 -51.1331 -51.1501 -51.1038 -51.2522 -51.1009 -51.2039 -51.1997 -51.23 -51.1284 -51.1315 -51.1065 -51.2499 -51.2038 -51.2056 -51.206 -51.187 -51.2273 -51.2419 -51.1949 -51.1159 -51.1064 -51.1141 -51.2324 -51.1134 -51.1216 -51.2056
d
0.00000 21.00000 28.00000 36.00000 16.00000 37.00000 15.00000 32.00000 17.00000 36.00000 29.00000 38.00000 15.00000 24.00000 0.00000 16.00000 17.00000 17.00000 14.00000 28.00000 38.00000 34.00000 35.00000 19.00000 37.00000 38.00000 0.00000
21.00000 0.00000 32.00000 39.00000 27.00000 42.00000 26.00000 44.00000 29.00000 43.00000 34.00000 41.00000 26.00000 36.00000 21.00000 27.00000 29.00000 28.00000 26.00000 40.00000 44.00000 36.00000 40.00000 30.00000 41.00000 44.00000 21.00000
29.00000 32.00000 0.00000 14.00000 24.00000 15.00000 16.00000 21.00000 20.00000 17.00000 8.00000 16.00000 23.00000 15.00000 29.00000 14.00000 11.00000 20.00000 22.00000 18.00000 18.00000 13.00000 14.00000 22.00000 15.00000 17.00000 29.00000
38.00000 39.00000 14.00000 0.00000 34.00000 8.00000 26.00000 24.00000 30.00000 12.00000 9.00000 11.00000 33.00000 21.00000 38.00000 24.00000 20.00000 29.00000 31.00000 21.00000 13.00000 5.00000 9.00000 30.00000 8.00000 13.00000 38.00000
16.00000 28.00000 24.00000 32.00000 0.00000 33.00000 11.00000 24.00000 11.00000 33.00000 25.00000 34.00000 2.00000 18.00000 16.00000 12.00000 13.00000 10.00000 3.00000 22.00000 33.00000 30.00000 31.00000 12.00000 33.00000 34.00000 16.00000
39.00000 40.00000 16.00000 8.00000 35.00000 0.00000 27.00000 23.00000 31.00000 11.00000 10.00000 6.00000 34.00000 22.00000 39.00000 25.00000 22.00000 31.00000 33.00000 20.00000 11.00000 8.00000 8.00000 32.00000 6.00000 12.00000 39.00000
18.00000 28.00000 14.00000 22.00000 14.00000 22.00000 0.00000 18.00000 9.00000 22.00000 15.00000 24.00000 13.00000 10.00000 18.00000 3.00000 3.00000 9.00000 11.00000 14.00000 24.00000 20.00000 21.00000 11.00000 23.00000 23.00000 18.00000
33.00000 45.00000 22.00000 25.00000 24.00000 21.00000 20.00000 0.00000 20.00000 16.00000 21.00000 16.00000 24.00000 12.00000 33.00000 18.00000 20.00000 21.00000 24.00000 8.00000 14.00000 25.00000 19.00000 20.00000 21.00000 17.00000 33.00000
18.00000 30.00000 21.00000 29.00000 11.00000 30.00000 8.00000 20.00000 0.00000 27.00000 22.00000 31.00000 11.00000 12.00000 18.00000 7.00000 11.00000 2.00000 9.00000 16.00000 29.00000 27.00000 28.00000 3.00000 30.00000 28.00000 18.00000
38.00000 43.00000 16.00000 12.00000 31.00000 9.00000 26.00000 15.00000 26.00000 0.00000 11.00000 7.00000 31.00000 16.00000 38.00000 23.00000 22.00000 26.00000 31.00000 14.00000 4.00000 13.00000 6.00000 26.00000 8.00000 3.00000 38.00000
31.00000 34.00000 7.00000 10.00000 27.00000 10.00000 19.00000 19.00000 23.00000 12.00000 0.00000 11.00000 26.00000 14.00000 31.00000 17.00000 13.00000 22.00000 24.00000 15.00000 13.00000 8.00000 9.00000 23.00000 11.00000 13.00000 31.00000
39.00000 41.00000 16.00000 11.00000 35.00000 8.00000 27.00000 20.00000 31.00000 8.00000 10.00000 0.00000 34.00000 21.00000 39.00000 25.00000 22.00000 31.00000 33.00000 18.00000 6.00000 11.00000 4.00000 31.00000 5.00000 6.00000 39.00000
15.00000 27.00000 24.00000 31.00000 2.00000 32.00000 10.00000 24.00000 10.00000 32.00000 25.00000 33.00000 0.00000 17.00000 15.00000 11.00000 13.00000 10.00000 3.00000 22.00000 33.00000 30.00000 31.00000 12.00000 32.00000 33.00000 15.00000
24.00000 36.00000 16.00000 21.00000 17.00000 19.00000 11.00000 11.00000 11.00000 16.00000 15.00000 21.00000 17.00000 0.00000 24.00000 9.00000 10.00000 12.00000 17.00000 6.00000 18.00000 20.00000 19.00000 12.00000 19.00000 17.00000 24.00000
0.00000 21.00000 28.00000 36.00000 16.00000 37.00000 15.00000 32.00000 17.00000 36.00000 29.00000 38.00000 15.00000 24.00000 0.00000 16.00000 17.00000 17.00000 14.00000 28.00000 38.00000 34.00000 35.00000 19.00000 37.00000 38.00000 0.00000
17.00000 29.00000 15.00000 23.00000 12.00000 24.00000 4.00000 17.00000 8.00000 24.00000 17.00000 25.00000 11.00000 9.00000 17.00000 0.00000 5.00000 8.00000 10.00000 13.00000 26.00000 22.00000 23.00000 9.00000 24.00000 25.00000 17.00000
18.00000 30.00000 12.00000 20.00000 14.00000 20.00000 6.00000 17.00000 10.00000 20.00000 13.00000 21.00000 13.00000 10.00000 18.00000 4.00000 0.00000 10.00000 12.00000 14.00000 22.00000 18.00000 19.00000 12.00000 21.00000 21.00000 18.00000
18.00000 30.00000 21.00000 29.00000 10.00000 29.00000 7.00000 21.00000 2.00000 27.00000 22.00000 30.00000 10.00000 13.00000 18.00000 7.00000 10.00000 0.00000 9.00000 17.00000 29.00000 27.00000 28.00000 3.00000 30.00000 29.00000 18.00000
13.00000 25.00000 21.00000 29.00000 5.00000 30.00000 8.00000 24.00000 10.00000 30.00000 23.00000 31.00000 4.00000 17.00000 13.00000 9.00000 11.00000 9.00000 0.00000 22.00000 32.00000 28.00000 29.00000 11.00000 30.00000 31.00000 13.00000
28.00000 40.00000 18.00000 22.00000 21.00000 18.00000 16.00000 8.00000 16.00000 15.00000 17.00000 20.00000 21.00000 6.00000 28.00000 13.00000 14.00000 16.00000 21.00000 0.00000 17.00000 22.00000 18.00000 16.00000 18.00000 16.00000 28.00000
40.00000 44.00000 17.00000 14.00000 33.00000 10.00000 28.00000 16.00000 28.00000 5.00000 12.00000 5.00000 33.00000 18.00000 40.00000 26.00000 23.00000 29.00000 33.00000 16.00000 0.00000 14.00000 7.00000 28.00000 8.00000 4.00000 40.00000
36.00000 36.00000 13.00000 5.00000 32.00000 8.00000 24.00000 24.00000 28.00000 12.00000 7.00000 11.00000 31.00000 19.00000 36.00000 22.00000 19.00000 28.00000 30.00000 21.00000 13.00000 0.00000 10.00000 29.00000 8.00000 13.00000 36.00000
37.00000 40.00000 13.00000 10.00000 33.00000 6.00000 25.00000 19.00000 28.00000 6.00000 8.00000 4.00000 32.00000 18.00000 37.00000 23.00000 20.00000 28.00000 31.00000 16.00000 7.00000 10.00000 0.00000 29.00000 4.00000 7.00000 37.00000
20.00000 32.00000 23.00000 30.00000 11.00000 30.00000 9.00000 20.00000 3.00000 28.00000 23.00000 31.00000 11.00000 13.00000 20.00000 9.00000 12.00000 4.00000 11.00000 17.00000 29.00000 28.00000 29.00000 0.00000 31.00000 29.00000 20.00000
37.00000 40.00000 13.00000 8.00000 33.00000 5.00000 25.00000 19.00000 28.00000 7.00000 8.00000 5.00000 32.00000 18.00000 37.00000 23.00000 20.00000 28.00000 31.00000 16.00000 8.00000 9.00000 4.00000 28.00000 0.00000 8.00000 37.00000
39.00000 44.00000 17.00000 14.00000 32.00000 10.00000 27.00000 16.00000 27.00000 3.00000 12.00000 6.00000 32.00000 17.00000 39.00000 25.00000 23.00000 28.00000 32.00000 15.00000 4.00000 14.00000 7.00000 27.00000 9.00000 0.00000 39.00000
0.00000 21.00000 28.00000 36.00000 16.00000 37.00000 15.00000 32.00000 17.00000 36.00000 29.00000 38.00000 15.00000 24.00000 0.00000 16.00000 17.00000 17.00000 14.00000 28.00000 38.00000 34.00000 35.00000 19.00000 37.00000 38.00000 0.00000
p
0.0 0.0 0.0 0.0 0.0 0.0 
0.0 0.0 0.0 0.0 0.0 0.0 
0.0 0.0 0.0 0.0 0.0 0.0 
0.0 0.0 0.0 0.0 0.0 0.0 
0.0 0.0 0.0 0.0 0.0 0.0 
0 0 0 0 0 49 
0 0 0 0 0 49 
0 0 0 0 0 49 
0 0 0 0 0 49 
0 0 0 0 0 49 
0 0 0 0 0 56 
0 0 0 0 0 56 
0 0 0 0 0 56 
0 0 0 0 0 56 
0 0 0 0 0 56 
0 0 16 0 0 0 
0 0 16 0 0 0 
0 0 16 0 0 0 
0 0 16 0 0 0 
0 0 16 0 0 0 
0 50 0 0 0 55 
0 50 0 0 0 55 
0 50 0 0 0 55 
0 50 0 0 0 55 
0 50 0 0 0 55 
0 0 0 0 0 23 
0 0 0 0 0 23 
0 0 0 0 0 23 
0 0 0 0 0 23 
0 0 0 0 0 23 
22 0 0 0 0 0 
22 0 0 0 0 0 
22 0 0 0 0 0 
22 0 0 0 0 0 
22 0 0 0 0 0 
0 0 0 0 0 43 
0 0 0 0 0 43 
0 0 0 0 0 43 
0 0 0 0 0 43 
0 0 0 0 0 43 
0 0 0 0 0 53 
0 0 0 0 0 53 
0 0 0 0 0 53 
0 0 0 0 0 53 
0 0 0 0 0 53 
0 49 0 0 33 0 
0 49 0 0 33 0 
0 49 0 0 33 0 
0 49 0 0 33 0 
0 49 0 0 33 0 
0 21 0 42 0 0 
0 21 0 42 0 0 
0 21 0 42 0 0 
0 21 0 42 0 0 
0 21 0 42 0 0 
23 0 0 49 0 0 
23 0 0 49 0 0 
23 0 0 49 0 0 
23 0 0 49 0 0 
23 0 0 49 0 0 
0 0 0 0 29 0 
0 0 0 0 29 0 
0 0 0 0 29 0 
0 0 0 0 29 0 
0 0 0 0 29 0 
0 0 45 0 0 0 
0 0 45 0 0 0 
0 0 45 0 0 0 
0 0 45 0 0 0 
0 0 45 0 0 0 
0 0 0 0 0 58 
0 0 0 0 0 58 
0 0 0 0 0 58 
0 0 0 0 0 58 
0 0 0 0 0 58 
0 0 59 0 0 18 
0 0 59 0 0 18 
0 0 59 0 0 18 
0 0 59 0 0 18 
0 0 59 0 0 18 
0 0 60 0 0 0 
0 0 60 0 0 0 
0 0 60 0 0 0 
0 0 60 0 0 0 
0 0 60 0 0 0 
0 48 0 0 0 0 
0 48 0 0 0 0 
0 48 0 0 0 0 
0 48 0 0 0 0 
0 48 0 0 0 0 
15 0 0 0 0 0 
15 0 0 0 0 0 
15 0 0 0 0 0 
15 0 0 0 0 0 
15 0 0 0 0 0 
0 44 0 0 0 15 
0 44 0 0 0 15 
0 44 0 0 0 15 
0 44 0 0 0 15 
0 44 0 0 0 15 
49 0 0 0 0 0 
49 0 0 0 0 0 
49 0 0 0 0 0 
49 0 0 0 0 0 
49 0 0 0 0 0 
0 25 0 38 0 0 
0 25 0 38 0 0 
0 25 0 38 0 0 
0 25 0 38 0 0 
0 25 0 38 0 0 
0 0 0 45 0 0 
0 0 0 45 0 0 
0 0 0 45 0 0 
0 0 0 45 0 0 
0 0 0 45 0 0 
48 0 0 0 0 0 
48 0 0 0 0 0 
48 0 0 0 0 0 
48 0 0 0 0 0 
48 0 0 0 0 0 
37 0 0 0 0 0 
37 0 0 0 0 0 
37 0 0 0 0 0 
37 0 0 0 0 0 
37 0 0 0 0 0 
0 54 0 0 0 29 
0 54 0 0 0 29 
0 54 0 0 0 29 
0 54 0 0 0 29 
0 54 0 0 0 29 
0.0 0.0 0.0 0.0 0.0 0.0 
0.0 0.0 0.0 0.0 0.0 0.0 
0.0 0.0 0.0 0.0 0.0 0.0 
0.0 0.0 0.0 0.0 0.0 0.0 
0.0 0.0 0.0 0.0 0.0 0.0 
mind
0 0 0 0 19 0 0 0 0 27 0 28 0 0 0 0 0 0 0 0 0 0 0 0 0 20 0
maxd
0 0 0 0 24 0 0 0 0 29 0 29 0 0 0 0 0 0 0 0 0 0 0 0 0 29 0
e
0 733 580 484 564 819 893 846 552 503 560 750 771 533 779 920 552 681 748 560 642 706 654 504 862 695 0
l
99999 853 700 604 684 939 1013 966 672 623 680 870 891 653 899 1040 672 801 868 680 762 826 774 624 982 815 99999
