nbNodes
27
nbVehi
5
nbServi
6
r
1 1 1 1 1 1 
1 0 0 0 0 0 
0 0 1 1 0 0 
1 0 0 1 0 0 
0 0 0 0 1 0 
1 0 0 0 0 1 
0 0 0 1 0 0 
0 0 0 1 0 0 
1 0 0 0 1 0 
1 0 0 0 0 0 
0 0 1 0 0 0 
0 0 0 1 0 0 
0 1 0 1 0 0 
0 0 0 0 1 0 
0 0 0 0 0 1 
1 0 0 1 0 0 
0 0 0 1 0 0 
0 0 1 0 0 0 
0 0 0 1 0 0 
0 0 0 1 0 0 
0 0 0 0 1 0 
0 0 0 1 0 0 
0 0 0 1 0 0 
0 0 1 0 0 0 
0 1 0 0 0 1 
0 0 1 1 0 0 
1 1 1 1 1 1 
DS
3 4 6 9 13 16 25 26 
a
1 0 1 0 0 0 
0 1 0 0 0 0 
0 0 0 1 0 1 
0 0 0 1 1 1 
0 0 0 1 1 0 
x
-30.1129 -30.0323 -30.0551 -30.0601 -30.1129 -30.0197 -30.0424 -30.0462 -30.2283 -30.0265 -30.0235 -30.0484 -30.0455 -30.0602 -30.0374 -30.0042 -30.0359 -30.0203 -30.1187 -30.0338 -29.9993 -30.1103 -30.0263 -30.2245 -30.0556 -30.0112 -30.1129
y
-51.1391 -51.112 -51.1674 -51.1812 -51.1391 -51.2099 -51.0981 -51.2068 -51.0569 -51.1102 -51.202 -51.1711 -51.2081 -51.1852 -51.1038 -51.0879 -51.1205 -51.1994 -51.1036 -51.1126 -51.1944 -51.1072 -51.2189 -51.0821 -51.1994 -51.201 -51.1391
d
0.00000 24.00000 17.00000 19.00000 0.00000 28.00000 26.00000 23.00000 38.00000 25.00000 27.00000 19.00000 24.00000 20.00000 25.00000 32.00000 21.00000 27.00000 14.00000 23.00000 29.00000 12.00000 28.00000 34.00000 22.00000 29.00000 0.00000
24.00000 0.00000 13.00000 17.00000 24.00000 20.00000 9.00000 19.00000 49.00000 3.00000 19.00000 13.00000 19.00000 16.00000 6.00000 12.00000 4.00000 19.00000 25.00000 2.00000 20.00000 23.00000 20.00000 46.00000 20.00000 20.00000 24.00000
18.00000 13.00000 0.00000 6.00000 18.00000 13.00000 17.00000 9.00000 50.00000 14.00000 12.00000 3.00000 9.00000 5.00000 14.00000 22.00000 11.00000 11.00000 19.00000 13.00000 13.00000 17.00000 13.00000 45.00000 9.00000 13.00000 18.00000
19.00000 16.00000 4.00000 0.00000 19.00000 13.00000 20.00000 9.00000 50.00000 17.00000 12.00000 6.00000 9.00000 5.00000 17.00000 24.00000 14.00000 12.00000 21.00000 15.00000 16.00000 19.00000 13.00000 45.00000 8.00000 14.00000 19.00000
0.00000 24.00000 17.00000 19.00000 0.00000 28.00000 26.00000 23.00000 38.00000 25.00000 27.00000 19.00000 24.00000 20.00000 25.00000 32.00000 21.00000 27.00000 14.00000 23.00000 29.00000 12.00000 28.00000 34.00000 22.00000 29.00000 0.00000
28.00000 20.00000 13.00000 12.00000 28.00000 0.00000 24.00000 8.00000 54.00000 19.00000 3.00000 12.00000 8.00000 11.00000 21.00000 24.00000 18.00000 3.00000 30.00000 19.00000 5.00000 28.00000 4.00000 49.00000 10.00000 3.00000 28.00000
27.00000 9.00000 17.00000 21.00000 27.00000 24.00000 0.00000 23.00000 49.00000 10.00000 23.00000 17.00000 23.00000 20.00000 7.00000 18.00000 9.00000 23.00000 28.00000 8.00000 24.00000 26.00000 24.00000 46.00000 24.00000 24.00000 27.00000
23.00000 18.00000 8.00000 7.00000 23.00000 7.00000 22.00000 0.00000 49.00000 19.00000 7.00000 9.00000 2.00000 6.00000 19.00000 27.00000 16.00000 6.00000 25.00000 18.00000 11.00000 23.00000 7.00000 44.00000 3.00000 8.00000 23.00000
38.00000 51.00000 47.00000 47.00000 38.00000 53.00000 51.00000 47.00000 0.00000 52.00000 52.00000 48.00000 47.00000 47.00000 49.00000 53.00000 50.00000 52.00000 33.00000 50.00000 57.00000 34.00000 52.00000 5.00000 47.00000 54.00000 38.00000
25.00000 3.00000 14.00000 18.00000 25.00000 20.00000 10.00000 20.00000 50.00000 0.00000 19.00000 14.00000 20.00000 17.00000 5.00000 10.00000 5.00000 19.00000 26.00000 3.00000 19.00000 24.00000 21.00000 47.00000 21.00000 19.00000 25.00000
26.00000 19.00000 11.00000 10.00000 26.00000 4.00000 23.00000 5.00000 52.00000 19.00000 0.00000 11.00000 5.00000 8.00000 20.00000 24.00000 16.00000 2.00000 27.00000 18.00000 7.00000 26.00000 5.00000 47.00000 8.00000 4.00000 26.00000
19.00000 13.00000 3.00000 7.00000 19.00000 12.00000 16.00000 10.00000 51.00000 14.00000 11.00000 0.00000 9.00000 5.00000 13.00000 21.00000 10.00000 10.00000 20.00000 12.00000 12.00000 18.00000 12.00000 46.00000 9.00000 12.00000 19.00000
23.00000 18.00000 8.00000 7.00000 23.00000 7.00000 22.00000 1.00000 49.00000 19.00000 6.00000 9.00000 0.00000 5.00000 19.00000 26.00000 16.00000 6.00000 24.00000 17.00000 11.00000 23.00000 7.00000 44.00000 4.00000 8.00000 23.00000
20.00000 16.00000 4.00000 4.00000 20.00000 12.00000 20.00000 6.00000 46.00000 17.00000 11.00000 5.00000 6.00000 0.00000 16.00000 24.00000 13.00000 10.00000 21.00000 15.00000 14.00000 19.00000 11.00000 41.00000 5.00000 12.00000 20.00000
25.00000 6.00000 14.00000 18.00000 25.00000 21.00000 7.00000 20.00000 48.00000 5.00000 20.00000 14.00000 20.00000 17.00000 0.00000 13.00000 6.00000 20.00000 26.00000 5.00000 21.00000 24.00000 21.00000 45.00000 21.00000 21.00000 25.00000
32.00000 12.00000 21.00000 25.00000 32.00000 24.00000 18.00000 26.00000 52.00000 10.00000 23.00000 21.00000 26.00000 24.00000 13.00000 0.00000 13.00000 22.00000 33.00000 13.00000 22.00000 31.00000 25.00000 49.00000 28.00000 23.00000 32.00000
22.00000 4.00000 11.00000 15.00000 22.00000 18.00000 9.00000 17.00000 49.00000 5.00000 17.00000 11.00000 17.00000 14.00000 6.00000 12.00000 0.00000 16.00000 23.00000 3.00000 18.00000 21.00000 18.00000 46.00000 17.00000 18.00000 22.00000
27.00000 18.00000 12.00000 11.00000 27.00000 5.00000 22.00000 7.00000 53.00000 18.00000 2.00000 10.00000 7.00000 10.00000 19.00000 22.00000 16.00000 0.00000 28.00000 18.00000 7.00000 27.00000 6.00000 48.00000 9.00000 4.00000 27.00000
15.00000 25.00000 18.00000 21.00000 15.00000 29.00000 27.00000 25.00000 33.00000 26.00000 29.00000 20.00000 25.00000 21.00000 26.00000 33.00000 23.00000 28.00000 0.00000 24.00000 30.00000 4.00000 29.00000 28.00000 24.00000 30.00000 15.00000
23.00000 2.00000 12.00000 17.00000 23.00000 20.00000 9.00000 19.00000 49.00000 3.00000 19.00000 13.00000 19.00000 16.00000 5.00000 13.00000 3.00000 18.00000 24.00000 0.00000 20.00000 23.00000 20.00000 46.00000 19.00000 19.00000 23.00000
30.00000 21.00000 15.00000 16.00000 30.00000 7.00000 26.00000 11.00000 58.00000 19.00000 7.00000 14.00000 11.00000 14.00000 22.00000 21.00000 19.00000 7.00000 31.00000 21.00000 0.00000 30.00000 7.00000 53.00000 13.00000 5.00000 30.00000
13.00000 23.00000 16.00000 19.00000 13.00000 27.00000 26.00000 23.00000 35.00000 24.00000 27.00000 18.00000 23.00000 19.00000 24.00000 31.00000 21.00000 26.00000 4.00000 23.00000 28.00000 0.00000 27.00000 30.00000 22.00000 28.00000 13.00000
28.00000 21.00000 12.00000 12.00000 28.00000 3.00000 25.00000 7.00000 52.00000 22.00000 5.00000 12.00000 7.00000 10.00000 21.00000 23.00000 18.00000 5.00000 29.00000 20.00000 7.00000 27.00000 0.00000 47.00000 9.00000 5.00000 28.00000
33.00000 48.00000 43.00000 42.00000 33.00000 48.00000 47.00000 43.00000 5.00000 49.00000 48.00000 44.00000 43.00000 42.00000 46.00000 50.00000 47.00000 47.00000 28.00000 47.00000 52.00000 30.00000 48.00000 0.00000 42.00000 49.00000 33.00000
21.00000 19.00000 8.00000 7.00000 21.00000 12.00000 23.00000 6.00000 47.00000 20.00000 11.00000 8.00000 6.00000 5.00000 20.00000 27.00000 17.00000 11.00000 22.00000 18.00000 16.00000 20.00000 12.00000 43.00000 0.00000 13.00000 21.00000
28.00000 20.00000 13.00000 14.00000 28.00000 6.00000 24.00000 9.00000 56.00000 18.00000 5.00000 12.00000 9.00000 12.00000 21.00000 22.00000 17.00000 4.00000 30.00000 19.00000 5.00000 28.00000 7.00000 51.00000 11.00000 0.00000 28.00000
0.00000 24.00000 17.00000 19.00000 0.00000 28.00000 26.00000 23.00000 38.00000 25.00000 27.00000 19.00000 24.00000 20.00000 25.00000 32.00000 21.00000 27.00000 14.00000 23.00000 29.00000 12.00000 28.00000 34.00000 22.00000 29.00000 0.00000
p
0.0 0.0 0.0 0.0 0.0 0.0 
0.0 0.0 0.0 0.0 0.0 0.0 
0.0 0.0 0.0 0.0 0.0 0.0 
0.0 0.0 0.0 0.0 0.0 0.0 
0.0 0.0 0.0 0.0 0.0 0.0 
46 0 0 0 0 0 
46 0 0 0 0 0 
46 0 0 0 0 0 
46 0 0 0 0 0 
46 0 0 0 0 0 
0 0 57 26 0 0 
0 0 57 26 0 0 
0 0 57 26 0 0 
0 0 57 26 0 0 
0 0 57 26 0 0 
16 0 0 22 0 0 
16 0 0 22 0 0 
16 0 0 22 0 0 
16 0 0 22 0 0 
16 0 0 22 0 0 
0 0 0 0 46 0 
0 0 0 0 46 0 
0 0 0 0 46 0 
0 0 0 0 46 0 
0 0 0 0 46 0 
27 0 0 0 0 34 
27 0 0 0 0 34 
27 0 0 0 0 34 
27 0 0 0 0 34 
27 0 0 0 0 34 
0 0 0 33 0 0 
0 0 0 33 0 0 
0 0 0 33 0 0 
0 0 0 33 0 0 
0 0 0 33 0 0 
0 0 0 17 0 0 
0 0 0 17 0 0 
0 0 0 17 0 0 
0 0 0 17 0 0 
0 0 0 17 0 0 
40 0 0 0 47 0 
40 0 0 0 47 0 
40 0 0 0 47 0 
40 0 0 0 47 0 
40 0 0 0 47 0 
26 0 0 0 0 0 
26 0 0 0 0 0 
26 0 0 0 0 0 
26 0 0 0 0 0 
26 0 0 0 0 0 
0 0 55 0 0 0 
0 0 55 0 0 0 
0 0 55 0 0 0 
0 0 55 0 0 0 
0 0 55 0 0 0 
0 0 0 16 0 0 
0 0 0 16 0 0 
0 0 0 16 0 0 
0 0 0 16 0 0 
0 0 0 16 0 0 
0 54 0 49 0 0 
0 54 0 49 0 0 
0 54 0 49 0 0 
0 54 0 49 0 0 
0 54 0 49 0 0 
0 0 0 0 54 0 
0 0 0 0 54 0 
0 0 0 0 54 0 
0 0 0 0 54 0 
0 0 0 0 54 0 
0 0 0 0 0 24 
0 0 0 0 0 24 
0 0 0 0 0 24 
0 0 0 0 0 24 
0 0 0 0 0 24 
19 0 0 16 0 0 
19 0 0 16 0 0 
19 0 0 16 0 0 
19 0 0 16 0 0 
19 0 0 16 0 0 
0 0 0 28 0 0 
0 0 0 28 0 0 
0 0 0 28 0 0 
0 0 0 28 0 0 
0 0 0 28 0 0 
0 0 30 0 0 0 
0 0 30 0 0 0 
0 0 30 0 0 0 
0 0 30 0 0 0 
0 0 30 0 0 0 
0 0 0 59 0 0 
0 0 0 59 0 0 
0 0 0 59 0 0 
0 0 0 59 0 0 
0 0 0 59 0 0 
0 0 0 46 0 0 
0 0 0 46 0 0 
0 0 0 46 0 0 
0 0 0 46 0 0 
0 0 0 46 0 0 
0 0 0 0 56 0 
0 0 0 0 56 0 
0 0 0 0 56 0 
0 0 0 0 56 0 
0 0 0 0 56 0 
0 0 0 45 0 0 
0 0 0 45 0 0 
0 0 0 45 0 0 
0 0 0 45 0 0 
0 0 0 45 0 0 
0 0 0 51 0 0 
0 0 0 51 0 0 
0 0 0 51 0 0 
0 0 0 51 0 0 
0 0 0 51 0 0 
0 0 51 0 0 0 
0 0 51 0 0 0 
0 0 51 0 0 0 
0 0 51 0 0 0 
0 0 51 0 0 0 
0 35 0 0 0 44 
0 35 0 0 0 44 
0 35 0 0 0 44 
0 35 0 0 0 44 
0 35 0 0 0 44 
0 0 60 18 0 0 
0 0 60 18 0 0 
0 0 60 18 0 0 
0 0 60 18 0 0 
0 0 60 18 0 0 
0.0 0.0 0.0 0.0 0.0 0.0 
0.0 0.0 0.0 0.0 0.0 0.0 
0.0 0.0 0.0 0.0 0.0 0.0 
0.0 0.0 0.0 0.0 0.0 0.0 
0.0 0.0 0.0 0.0 0.0 0.0 
mind
0 0 0 29 0 15 0 0 20 0 0 0 0 0 0 11 0 0 0 0 0 0 0 0 0 0 0
maxd
0 0 0 30 0 22 0 0 25 0 0 0 0 0 0 23 0 0 0 0 0 0 0 0 0 0 0
e
0 546 933 539 716 573 751 778 771 547 498 661 826 776 887 896 863 759 832 503 642 700 774 694 632 599 0
l
99999 666 1053 659 836 693 871 898 891 667 618 781 946 896 1007 1016 983 879 952 623 762 820 894 814 752 719 99999
