nbNodes
27
nbVehi
5
nbServi
6
r
1 1 1 1 1 1 
0 0 1 0 0 1 
0 1 0 1 0 0 
0 0 0 1 0 0 
0 1 0 0 0 1 
0 0 0 0 0 1 
0 0 0 0 1 0 
0 0 1 0 0 0 
0 0 1 0 0 0 
0 0 0 0 0 1 
0 1 0 0 0 0 
0 0 0 1 0 0 
0 1 0 0 0 0 
0 1 0 0 0 0 
0 0 0 0 1 0 
0 0 1 0 1 0 
0 1 0 0 0 0 
0 0 1 0 0 1 
0 0 1 0 1 0 
0 0 1 0 0 1 
1 0 0 0 0 0 
0 1 0 0 0 1 
0 0 0 0 1 0 
0 0 1 0 0 0 
0 0 1 0 0 0 
0 0 1 0 0 0 
1 1 1 1 1 1 
DS
2 3 5 16 18 19 20 22 
a
0 1 1 0 0 0 
1 1 1 0 0 0 
0 0 0 0 1 1 
0 0 0 1 0 1 
0 0 0 0 0 1 
x
-30.0674 -30.157 -30.0021 -30.1189 -30.0472 -30.0479 -30.1556 -30.0674 -30.017 -29.9921 -30.0688 -30.1142 -30.0599 -30.0742 -30.1009 -30.0234 -30.0803 -30.121 -29.9865 -30.0245 -29.9967 -30.0266 -30.0367 -30.0504 -30.0052 -30.1614 -30.0674
y
-51.1566 -51.149 -51.1026 -51.0967 -51.1292 -51.1297 -51.1339 -51.1566 -51.1567 -51.105 -51.1437 -51.1552 -51.141 -51.1641 -51.2029 -51.1047 -51.1261 -51.1086 -51.1308 -51.1433 -51.0981 -51.2098 -51.1233 -51.1467 -51.1478 -51.1592 -51.1566
d
0.00000 32.00000 18.00000 17.00000 11.00000 11.00000 29.00000 0.00000 14.00000 19.00000 4.00000 18.00000 6.00000 6.00000 19.00000 16.00000 7.00000 15.00000 21.00000 12.00000 20.00000 15.00000 11.00000 7.00000 17.00000 30.00000 0.00000
34.00000 0.00000 44.00000 20.00000 39.00000 39.00000 7.00000 34.00000 42.00000 47.00000 30.00000 22.00000 35.00000 38.00000 32.00000 44.00000 29.00000 19.00000 49.00000 40.00000 45.00000 37.00000 39.00000 35.00000 45.00000 6.00000 34.00000
19.00000 44.00000 0.00000 31.00000 12.00000 13.00000 40.00000 19.00000 15.00000 4.00000 18.00000 32.00000 17.00000 23.00000 34.00000 7.00000 21.00000 28.00000 10.00000 13.00000 3.00000 21.00000 9.00000 13.00000 12.00000 43.00000 19.00000
19.00000 20.00000 31.00000 0.00000 23.00000 24.00000 16.00000 19.00000 27.00000 32.00000 15.00000 21.00000 19.00000 23.00000 34.00000 29.00000 14.00000 4.00000 34.00000 25.00000 33.00000 29.00000 24.00000 19.00000 30.00000 19.00000 19.00000
12.00000 39.00000 11.00000 24.00000 0.00000 2.00000 36.00000 12.00000 12.00000 12.00000 11.00000 25.00000 10.00000 17.00000 27.00000 10.00000 14.00000 22.00000 15.00000 9.00000 13.00000 17.00000 5.00000 7.00000 14.00000 37.00000 12.00000
12.00000 40.00000 13.00000 24.00000 2.00000 0.00000 36.00000 12.00000 13.00000 14.00000 11.00000 25.00000 10.00000 17.00000 27.00000 11.00000 14.00000 22.00000 16.00000 10.00000 15.00000 18.00000 6.00000 8.00000 15.00000 37.00000 12.00000
30.00000 7.00000 40.00000 15.00000 35.00000 35.00000 0.00000 30.00000 39.00000 43.00000 26.00000 18.00000 31.00000 35.00000 32.00000 39.00000 25.00000 15.00000 45.00000 36.00000 41.00000 38.00000 35.00000 31.00000 41.00000 6.00000 30.00000
0.00000 32.00000 18.00000 17.00000 11.00000 11.00000 29.00000 0.00000 14.00000 19.00000 4.00000 18.00000 6.00000 6.00000 19.00000 16.00000 7.00000 15.00000 21.00000 12.00000 20.00000 15.00000 11.00000 7.00000 17.00000 30.00000 0.00000
14.00000 43.00000 14.00000 28.00000 12.00000 13.00000 39.00000 14.00000 0.00000 13.00000 15.00000 29.00000 14.00000 19.00000 27.00000 13.00000 18.00000 25.00000 10.00000 6.00000 15.00000 12.00000 12.00000 10.00000 6.00000 40.00000 14.00000
20.00000 47.00000 4.00000 32.00000 13.00000 14.00000 43.00000 20.00000 13.00000 0.00000 19.00000 33.00000 18.00000 24.00000 35.00000 11.00000 22.00000 29.00000 8.00000 13.00000 3.00000 19.00000 10.00000 14.00000 11.00000 44.00000 20.00000
5.00000 32.00000 17.00000 17.00000 10.00000 10.00000 29.00000 5.00000 13.00000 18.00000 0.00000 18.00000 5.00000 10.00000 20.00000 15.00000 7.00000 15.00000 20.00000 11.00000 19.00000 15.00000 10.00000 6.00000 16.00000 30.00000 5.00000
20.00000 22.00000 32.00000 20.00000 25.00000 25.00000 18.00000 20.00000 29.00000 33.00000 16.00000 0.00000 21.00000 25.00000 26.00000 30.00000 16.00000 18.00000 35.00000 26.00000 34.00000 29.00000 25.00000 21.00000 31.00000 19.00000 20.00000
8.00000 35.00000 17.00000 20.00000 9.00000 10.00000 31.00000 8.00000 13.00000 18.00000 7.00000 21.00000 0.00000 12.00000 22.00000 15.00000 10.00000 17.00000 20.00000 10.00000 19.00000 16.00000 10.00000 5.00000 16.00000 32.00000 8.00000
6.00000 37.00000 23.00000 22.00000 16.00000 16.00000 34.00000 6.00000 18.00000 24.00000 9.00000 23.00000 12.00000 0.00000 22.00000 21.00000 12.00000 20.00000 25.00000 17.00000 25.00000 18.00000 16.00000 12.00000 21.00000 32.00000 6.00000
18.00000 34.00000 32.00000 33.00000 24.00000 26.00000 35.00000 18.00000 25.00000 33.00000 20.00000 26.00000 22.00000 20.00000 0.00000 30.00000 23.00000 30.00000 32.00000 24.00000 34.00000 20.00000 25.00000 22.00000 28.00000 29.00000 18.00000
17.00000 43.00000 8.00000 29.00000 10.00000 12.00000 39.00000 17.00000 14.00000 10.00000 16.00000 30.00000 15.00000 22.00000 32.00000 0.00000 19.00000 27.00000 12.00000 11.00000 9.00000 20.00000 7.00000 12.00000 12.00000 42.00000 17.00000
10.00000 29.00000 22.00000 14.00000 15.00000 15.00000 25.00000 10.00000 18.00000 23.00000 6.00000 17.00000 10.00000 15.00000 25.00000 20.00000 0.00000 11.00000 25.00000 16.00000 24.00000 20.00000 15.00000 11.00000 21.00000 28.00000 10.00000
18.00000 18.00000 30.00000 5.00000 23.00000 23.00000 15.00000 18.00000 26.00000 31.00000 14.00000 20.00000 18.00000 23.00000 33.00000 28.00000 13.00000 0.00000 33.00000 24.00000 32.00000 28.00000 23.00000 19.00000 29.00000 18.00000 18.00000
22.00000 49.00000 9.00000 34.00000 15.00000 16.00000 45.00000 22.00000 11.00000 8.00000 21.00000 35.00000 20.00000 25.00000 33.00000 13.00000 24.00000 31.00000 0.00000 10.00000 10.00000 17.00000 12.00000 16.00000 8.00000 46.00000 22.00000
12.00000 40.00000 12.00000 24.00000 9.00000 10.00000 36.00000 12.00000 6.00000 12.00000 11.00000 26.00000 10.00000 17.00000 26.00000 11.00000 15.00000 22.00000 10.00000 0.00000 14.00000 15.00000 8.00000 7.00000 7.00000 37.00000 12.00000
21.00000 45.00000 3.00000 33.00000 14.00000 15.00000 41.00000 21.00000 16.00000 3.00000 20.00000 34.00000 19.00000 25.00000 36.00000 9.00000 23.00000 30.00000 10.00000 15.00000 0.00000 22.00000 11.00000 15.00000 13.00000 45.00000 21.00000
16.00000 38.00000 21.00000 30.00000 18.00000 19.00000 39.00000 16.00000 13.00000 19.00000 17.00000 30.00000 18.00000 18.00000 21.00000 22.00000 20.00000 27.00000 19.00000 16.00000 22.00000 0.00000 18.00000 16.00000 15.00000 33.00000 16.00000
11.00000 39.00000 9.00000 23.00000 4.00000 6.00000 35.00000 11.00000 11.00000 9.00000 10.00000 24.00000 9.00000 16.00000 26.00000 7.00000 13.00000 21.00000 12.00000 8.00000 11.00000 16.00000 0.00000 6.00000 11.00000 36.00000 11.00000
8.00000 35.00000 14.00000 19.00000 7.00000 8.00000 31.00000 8.00000 10.00000 15.00000 6.00000 21.00000 6.00000 12.00000 22.00000 12.00000 10.00000 17.00000 16.00000 7.00000 16.00000 15.00000 7.00000 0.00000 12.00000 32.00000 8.00000
17.00000 45.00000 12.00000 30.00000 14.00000 15.00000 42.00000 17.00000 6.00000 11.00000 17.00000 31.00000 16.00000 21.00000 29.00000 12.00000 20.00000 28.00000 8.00000 6.00000 13.00000 13.00000 11.00000 13.00000 0.00000 42.00000 17.00000
30.00000 6.00000 43.00000 19.00000 36.00000 36.00000 7.00000 30.00000 37.00000 44.00000 27.00000 18.00000 32.00000 32.00000 26.00000 41.00000 27.00000 18.00000 44.00000 36.00000 44.00000 32.00000 36.00000 32.00000 40.00000 0.00000 30.00000
0.00000 32.00000 18.00000 17.00000 11.00000 11.00000 29.00000 0.00000 14.00000 19.00000 4.00000 18.00000 6.00000 6.00000 19.00000 16.00000 7.00000 15.00000 21.00000 12.00000 20.00000 15.00000 11.00000 7.00000 17.00000 30.00000 0.00000
p
0.0 0.0 0.0 0.0 0.0 0.0 
0.0 0.0 0.0 0.0 0.0 0.0 
0.0 0.0 0.0 0.0 0.0 0.0 
0.0 0.0 0.0 0.0 0.0 0.0 
0.0 0.0 0.0 0.0 0.0 0.0 
0 0 23 0 0 58 
0 0 23 0 0 58 
0 0 23 0 0 58 
0 0 23 0 0 58 
0 0 23 0 0 58 
0 45 0 38 0 0 
0 45 0 38 0 0 
0 45 0 38 0 0 
0 45 0 38 0 0 
0 45 0 38 0 0 
0 0 0 29 0 0 
0 0 0 29 0 0 
0 0 0 29 0 0 
0 0 0 29 0 0 
0 0 0 29 0 0 
0 53 0 0 0 19 
0 53 0 0 0 19 
0 53 0 0 0 19 
0 53 0 0 0 19 
0 53 0 0 0 19 
0 0 0 0 0 30 
0 0 0 0 0 30 
0 0 0 0 0 30 
0 0 0 0 0 30 
0 0 0 0 0 30 
0 0 0 0 24 0 
0 0 0 0 24 0 
0 0 0 0 24 0 
0 0 0 0 24 0 
0 0 0 0 24 0 
0 0 27 0 0 0 
0 0 27 0 0 0 
0 0 27 0 0 0 
0 0 27 0 0 0 
0 0 27 0 0 0 
0 0 23 0 0 0 
0 0 23 0 0 0 
0 0 23 0 0 0 
0 0 23 0 0 0 
0 0 23 0 0 0 
0 0 0 0 0 58 
0 0 0 0 0 58 
0 0 0 0 0 58 
0 0 0 0 0 58 
0 0 0 0 0 58 
0 37 0 0 0 0 
0 37 0 0 0 0 
0 37 0 0 0 0 
0 37 0 0 0 0 
0 37 0 0 0 0 
0 0 0 41 0 0 
0 0 0 41 0 0 
0 0 0 41 0 0 
0 0 0 41 0 0 
0 0 0 41 0 0 
0 28 0 0 0 0 
0 28 0 0 0 0 
0 28 0 0 0 0 
0 28 0 0 0 0 
0 28 0 0 0 0 
0 31 0 0 0 0 
0 31 0 0 0 0 
0 31 0 0 0 0 
0 31 0 0 0 0 
0 31 0 0 0 0 
0 0 0 0 41 0 
0 0 0 0 41 0 
0 0 0 0 41 0 
0 0 0 0 41 0 
0 0 0 0 41 0 
0 0 43 0 55 0 
0 0 43 0 55 0 
0 0 43 0 55 0 
0 0 43 0 55 0 
0 0 43 0 55 0 
0 46 0 0 0 0 
0 46 0 0 0 0 
0 46 0 0 0 0 
0 46 0 0 0 0 
0 46 0 0 0 0 
0 0 16 0 0 25 
0 0 16 0 0 25 
0 0 16 0 0 25 
0 0 16 0 0 25 
0 0 16 0 0 25 
0 0 38 0 44 0 
0 0 38 0 44 0 
0 0 38 0 44 0 
0 0 38 0 44 0 
0 0 38 0 44 0 
0 0 26 0 0 42 
0 0 26 0 0 42 
0 0 26 0 0 42 
0 0 26 0 0 42 
0 0 26 0 0 42 
41 0 0 0 0 0 
41 0 0 0 0 0 
41 0 0 0 0 0 
41 0 0 0 0 0 
41 0 0 0 0 0 
0 51 0 0 0 23 
0 51 0 0 0 23 
0 51 0 0 0 23 
0 51 0 0 0 23 
0 51 0 0 0 23 
0 0 0 0 31 0 
0 0 0 0 31 0 
0 0 0 0 31 0 
0 0 0 0 31 0 
0 0 0 0 31 0 
0 0 33 0 0 0 
0 0 33 0 0 0 
0 0 33 0 0 0 
0 0 33 0 0 0 
0 0 33 0 0 0 
0 0 56 0 0 0 
0 0 56 0 0 0 
0 0 56 0 0 0 
0 0 56 0 0 0 
0 0 56 0 0 0 
0 0 20 0 0 0 
0 0 20 0 0 0 
0 0 20 0 0 0 
0 0 20 0 0 0 
0 0 20 0 0 0 
0.0 0.0 0.0 0.0 0.0 0.0 
0.0 0.0 0.0 0.0 0.0 0.0 
0.0 0.0 0.0 0.0 0.0 0.0 
0.0 0.0 0.0 0.0 0.0 0.0 
0.0 0.0 0.0 0.0 0.0 0.0 
mind
0 0 0 0 0 0 0 0 0 0 0 0 0 0 0 17 0 15 25 0 0 16 0 0 0 0 0
maxd
0 0 0 0 0 0 0 0 0 0 0 0 0 0 0 27 0 28 27 0 0 23 0 0 0 0 0
e
0 607 817 767 875 519 935 722 545 903 684 727 683 956 721 636 621 531 708 893 901 588 739 717 537 882 0
l
99999 727 937 887 995 639 1055 842 665 1023 804 847 803 1076 841 756 741 651 828 1013 1021 708 859 837 657 1002 99999
