nbNodes
27
nbVehi
5
nbServi
6
r
1 1 1 1 1 1 
0 1 0 0 0 0 
0 0 0 1 0 0 
0 0 0 1 0 0 
0 1 0 0 0 1 
0 0 0 0 0 1 
1 0 0 0 0 0 
0 0 0 0 0 1 
1 0 0 0 0 1 
0 1 0 0 0 0 
0 0 0 0 1 0 
0 0 0 0 0 1 
0 0 0 1 0 0 
0 0 0 1 0 0 
0 1 0 0 0 0 
0 1 0 0 0 1 
0 1 0 0 0 0 
0 0 0 0 0 1 
0 1 0 0 1 0 
1 0 0 0 0 0 
0 1 0 0 0 1 
0 0 1 0 1 0 
0 1 0 0 0 0 
1 0 0 0 0 1 
1 0 0 0 0 1 
0 0 0 0 0 1 
1 1 1 1 1 1 
DS
5 9 16 19 21 22 24 25 
a
0 1 0 0 0 0 
1 1 1 0 0 0 
0 0 0 1 1 1 
0 0 0 1 0 1 
0 0 0 0 1 1 
x
-30.1221 -30.031 -30.0129 -30.1605 -30.0668 -30.0698 -30.1221 -30.0909 -30.0499 -30.0212 -29.9848 -30.0643 -30.1258 -30.0418 -29.9778 -30.0243 -30.1692 -30.0373 -30.1053 -29.9822 -30.0293 -30.0102 -30.0668 -29.9999 -30.0078 -30.1124 -30.1221
y
-51.1048 -51.1397 -51.12 -51.1778 -51.1887 -51.2225 -51.1048 -51.2081 -51.1798 -51.1291 -51.136 -51.1659 -51.2197 -51.1534 -51.1976 -51.204 -51.1819 -51.1415 -51.1426 -51.1958 -51.1499 -51.1424 -51.1833 -51.1585 -51.1364 -51.156 -51.1048
d
0.00000 24.00000 27.00000 23.00000 22.00000 30.00000 0.00000 29.00000 23.00000 28.00000 35.00000 19.00000 31.00000 21.00000 35.00000 29.00000 25.00000 22.00000 14.00000 33.00000 24.00000 28.00000 20.00000 30.00000 30.00000 18.00000 0.00000
24.00000 0.00000 9.00000 40.00000 15.00000 22.00000 24.00000 22.00000 12.00000 7.00000 13.00000 13.00000 28.00000 6.00000 19.00000 16.00000 39.00000 4.00000 19.00000 18.00000 3.00000 7.00000 14.00000 10.00000 8.00000 23.00000 24.00000
27.00000 9.00000 0.00000 43.00000 19.00000 25.00000 27.00000 26.00000 16.00000 6.00000 10.00000 16.00000 32.00000 11.00000 20.00000 17.00000 43.00000 9.00000 23.00000 18.00000 11.00000 8.00000 18.00000 11.00000 6.00000 26.00000 27.00000
23.00000 38.00000 42.00000 0.00000 27.00000 26.00000 23.00000 23.00000 30.00000 43.00000 47.00000 30.00000 13.00000 33.00000 42.00000 34.00000 6.00000 37.00000 23.00000 41.00000 36.00000 40.00000 27.00000 40.00000 42.00000 19.00000 23.00000
22.00000 15.00000 20.00000 26.00000 0.00000 10.00000 22.00000 9.00000 7.00000 21.00000 24.00000 6.00000 15.00000 11.00000 20.00000 12.00000 26.00000 15.00000 17.00000 19.00000 13.00000 18.00000 3.00000 18.00000 20.00000 20.00000 22.00000
29.00000 21.00000 25.00000 26.00000 10.00000 0.00000 29.00000 9.00000 14.00000 25.00000 27.00000 13.00000 15.00000 16.00000 20.00000 12.00000 26.00000 20.00000 22.00000 19.00000 19.00000 20.00000 10.00000 20.00000 22.00000 23.00000 29.00000
0.00000 24.00000 27.00000 23.00000 22.00000 30.00000 0.00000 29.00000 23.00000 28.00000 35.00000 19.00000 31.00000 21.00000 35.00000 29.00000 25.00000 22.00000 14.00000 33.00000 24.00000 28.00000 20.00000 30.00000 30.00000 18.00000 0.00000
29.00000 21.00000 25.00000 24.00000 10.00000 9.00000 29.00000 0.00000 13.00000 26.00000 30.00000 12.00000 13.00000 16.00000 25.00000 17.00000 24.00000 20.00000 21.00000 24.00000 19.00000 23.00000 10.00000 23.00000 25.00000 22.00000 29.00000
22.00000 13.00000 18.00000 28.00000 4.00000 12.00000 22.00000 11.00000 0.00000 19.00000 22.00000 7.00000 17.00000 9.00000 18.00000 10.00000 28.00000 13.00000 18.00000 17.00000 11.00000 16.00000 5.00000 16.00000 18.00000 21.00000 22.00000
28.00000 7.00000 6.00000 44.00000 19.00000 25.00000 28.00000 27.00000 17.00000 0.00000 11.00000 17.00000 33.00000 11.00000 20.00000 17.00000 44.00000 10.00000 23.00000 19.00000 8.00000 7.00000 18.00000 11.00000 6.00000 27.00000 28.00000
34.00000 13.00000 11.00000 48.00000 23.00000 26.00000 34.00000 31.00000 20.00000 11.00000 0.00000 23.00000 37.00000 16.00000 18.00000 18.00000 48.00000 14.00000 30.00000 16.00000 13.00000 9.00000 24.00000 9.00000 8.00000 33.00000 34.00000
18.00000 12.00000 16.00000 31.00000 6.00000 14.00000 18.00000 13.00000 7.00000 17.00000 22.00000 0.00000 19.00000 8.00000 19.00000 14.00000 30.00000 11.00000 13.00000 18.00000 11.00000 15.00000 5.00000 17.00000 17.00000 17.00000 18.00000
31.00000 26.00000 31.00000 14.00000 15.00000 14.00000 31.00000 11.00000 18.00000 31.00000 35.00000 18.00000 0.00000 21.00000 30.00000 23.00000 14.00000 25.00000 21.00000 29.00000 24.00000 28.00000 15.00000 29.00000 30.00000 17.00000 31.00000
21.00000 6.00000 10.00000 35.00000 10.00000 18.00000 21.00000 18.00000 8.00000 11.00000 15.00000 8.00000 24.00000 0.00000 17.00000 13.00000 35.00000 4.00000 16.00000 16.00000 4.00000 8.00000 9.00000 11.00000 11.00000 20.00000 21.00000
36.00000 19.00000 20.00000 41.00000 19.00000 20.00000 36.00000 24.00000 16.00000 20.00000 18.00000 20.00000 30.00000 18.00000 0.00000 12.00000 41.00000 20.00000 31.00000 3.00000 17.00000 15.00000 20.00000 12.00000 16.00000 35.00000 36.00000
29.00000 15.00000 19.00000 34.00000 10.00000 11.00000 29.00000 16.00000 10.00000 17.00000 19.00000 13.00000 22.00000 12.00000 12.00000 0.00000 33.00000 16.00000 24.00000 10.00000 13.00000 12.00000 11.00000 12.00000 14.00000 27.00000 29.00000
25.00000 37.00000 42.00000 6.00000 27.00000 26.00000 25.00000 23.00000 29.00000 43.00000 47.00000 29.00000 12.00000 33.00000 42.00000 34.00000 0.00000 37.00000 23.00000 41.00000 36.00000 40.00000 26.00000 40.00000 42.00000 19.00000 25.00000
21.00000 4.00000 10.00000 37.00000 13.00000 20.00000 21.00000 20.00000 10.00000 9.00000 15.00000 10.00000 26.00000 5.00000 19.00000 15.00000 37.00000 0.00000 16.00000 18.00000 5.00000 8.00000 11.00000 11.00000 10.00000 20.00000 21.00000
14.00000 20.00000 23.00000 23.00000 18.00000 22.00000 14.00000 21.00000 18.00000 24.00000 30.00000 15.00000 21.00000 17.00000 30.00000 25.00000 23.00000 17.00000 0.00000 29.00000 19.00000 23.00000 16.00000 26.00000 25.00000 6.00000 14.00000
34.00000 18.00000 19.00000 41.00000 17.00000 19.00000 34.00000 23.00000 14.00000 18.00000 17.00000 18.00000 29.00000 16.00000 3.00000 10.00000 40.00000 19.00000 30.00000 0.00000 15.00000 13.00000 18.00000 10.00000 15.00000 33.00000 34.00000
24.00000 3.00000 11.00000 37.00000 13.00000 19.00000 24.00000 20.00000 9.00000 8.00000 12.00000 11.00000 26.00000 3.00000 17.00000 13.00000 37.00000 4.00000 19.00000 15.00000 0.00000 5.00000 12.00000 7.00000 7.00000 23.00000 24.00000
28.00000 7.00000 7.00000 43.00000 19.00000 22.00000 28.00000 26.00000 16.00000 5.00000 9.00000 17.00000 32.00000 9.00000 17.00000 14.00000 43.00000 8.00000 23.00000 15.00000 7.00000 0.00000 18.00000 8.00000 4.00000 27.00000 28.00000
21.00000 13.00000 18.00000 27.00000 2.00000 10.00000 21.00000 9.00000 5.00000 19.00000 22.00000 5.00000 15.00000 9.00000 19.00000 12.00000 26.00000 13.00000 16.00000 17.00000 11.00000 16.00000 0.00000 16.00000 18.00000 20.00000 21.00000
31.00000 11.00000 10.00000 42.00000 17.00000 20.00000 31.00000 24.00000 14.00000 10.00000 8.00000 16.00000 30.00000 11.00000 12.00000 12.00000 41.00000 12.00000 27.00000 11.00000 9.00000 6.00000 17.00000 0.00000 6.00000 30.00000 31.00000
29.00000 7.00000 7.00000 43.00000 19.00000 22.00000 29.00000 26.00000 15.00000 5.00000 7.00000 18.00000 32.00000 10.00000 16.00000 13.00000 43.00000 9.00000 24.00000 15.00000 8.00000 4.00000 19.00000 7.00000 0.00000 28.00000 29.00000
17.00000 23.00000 26.00000 19.00000 21.00000 23.00000 17.00000 22.00000 22.00000 27.00000 34.00000 18.00000 18.00000 20.00000 34.00000 28.00000 20.00000 21.00000 6.00000 32.00000 23.00000 27.00000 20.00000 29.00000 29.00000 0.00000 17.00000
0.00000 24.00000 27.00000 23.00000 22.00000 30.00000 0.00000 29.00000 23.00000 28.00000 35.00000 19.00000 31.00000 21.00000 35.00000 29.00000 25.00000 22.00000 14.00000 33.00000 24.00000 28.00000 20.00000 30.00000 30.00000 18.00000 0.00000
p
0.0 0.0 0.0 0.0 0.0 0.0 
0.0 0.0 0.0 0.0 0.0 0.0 
0.0 0.0 0.0 0.0 0.0 0.0 
0.0 0.0 0.0 0.0 0.0 0.0 
0.0 0.0 0.0 0.0 0.0 0.0 
0 16 0 0 0 0 
0 16 0 0 0 0 
0 16 0 0 0 0 
0 16 0 0 0 0 
0 16 0 0 0 0 
0 0 0 60 0 0 
0 0 0 60 0 0 
0 0 0 60 0 0 
0 0 0 60 0 0 
0 0 0 60 0 0 
0 0 0 51 0 0 
0 0 0 51 0 0 
0 0 0 51 0 0 
0 0 0 51 0 0 
0 0 0 51 0 0 
0 41 0 0 0 41 
0 41 0 0 0 41 
0 41 0 0 0 41 
0 41 0 0 0 41 
0 41 0 0 0 41 
0 0 0 0 0 58 
0 0 0 0 0 58 
0 0 0 0 0 58 
0 0 0 0 0 58 
0 0 0 0 0 58 
53 0 0 0 0 0 
53 0 0 0 0 0 
53 0 0 0 0 0 
53 0 0 0 0 0 
53 0 0 0 0 0 
0 0 0 0 0 22 
0 0 0 0 0 22 
0 0 0 0 0 22 
0 0 0 0 0 22 
0 0 0 0 0 22 
46 0 0 0 0 19 
46 0 0 0 0 19 
46 0 0 0 0 19 
46 0 0 0 0 19 
46 0 0 0 0 19 
0 46 0 0 0 0 
0 46 0 0 0 0 
0 46 0 0 0 0 
0 46 0 0 0 0 
0 46 0 0 0 0 
0 0 0 0 27 0 
0 0 0 0 27 0 
0 0 0 0 27 0 
0 0 0 0 27 0 
0 0 0 0 27 0 
0 0 0 0 0 47 
0 0 0 0 0 47 
0 0 0 0 0 47 
0 0 0 0 0 47 
0 0 0 0 0 47 
0 0 0 15 0 0 
0 0 0 15 0 0 
0 0 0 15 0 0 
0 0 0 15 0 0 
0 0 0 15 0 0 
0 0 0 56 0 0 
0 0 0 56 0 0 
0 0 0 56 0 0 
0 0 0 56 0 0 
0 0 0 56 0 0 
0 30 0 0 0 0 
0 30 0 0 0 0 
0 30 0 0 0 0 
0 30 0 0 0 0 
0 30 0 0 0 0 
0 25 0 0 0 60 
0 25 0 0 0 60 
0 25 0 0 0 60 
0 25 0 0 0 60 
0 25 0 0 0 60 
0 20 0 0 0 0 
0 20 0 0 0 0 
0 20 0 0 0 0 
0 20 0 0 0 0 
0 20 0 0 0 0 
0 0 0 0 0 46 
0 0 0 0 0 46 
0 0 0 0 0 46 
0 0 0 0 0 46 
0 0 0 0 0 46 
0 53 0 0 18 0 
0 53 0 0 18 0 
0 53 0 0 18 0 
0 53 0 0 18 0 
0 53 0 0 18 0 
17 0 0 0 0 0 
17 0 0 0 0 0 
17 0 0 0 0 0 
17 0 0 0 0 0 
17 0 0 0 0 0 
0 35 0 0 0 56 
0 35 0 0 0 56 
0 35 0 0 0 56 
0 35 0 0 0 56 
0 35 0 0 0 56 
0 0 41 0 55 0 
0 0 41 0 55 0 
0 0 41 0 55 0 
0 0 41 0 55 0 
0 0 41 0 55 0 
0 26 0 0 0 0 
0 26 0 0 0 0 
0 26 0 0 0 0 
0 26 0 0 0 0 
0 26 0 0 0 0 
35 0 0 0 0 27 
35 0 0 0 0 27 
35 0 0 0 0 27 
35 0 0 0 0 27 
35 0 0 0 0 27 
28 0 0 0 0 34 
28 0 0 0 0 34 
28 0 0 0 0 34 
28 0 0 0 0 34 
28 0 0 0 0 34 
0 0 0 0 0 15 
0 0 0 0 0 15 
0 0 0 0 0 15 
0 0 0 0 0 15 
0 0 0 0 0 15 
0.0 0.0 0.0 0.0 0.0 0.0 
0.0 0.0 0.0 0.0 0.0 0.0 
0.0 0.0 0.0 0.0 0.0 0.0 
0.0 0.0 0.0 0.0 0.0 0.0 
0.0 0.0 0.0 0.0 0.0 0.0 
mind
0 0 0 0 0 0 0 0 28 0 0 0 0 0 0 27 0 0 16 0 10 0 0 0 0 0 0
maxd
0 0 0 0 0 0 0 0 30 0 0 0 0 0 0 27 0 0 18 0 13 0 0 0 0 0 0
e
0 655 535 685 832 714 877 870 622 892 664 520 762 641 753 591 532 764 582 903 676 622 562 916 909 784 0
l
99999 775 655 805 952 834 997 990 742 1012 784 640 882 761 873 711 652 884 702 1023 796 742 682 1036 1029 904 99999
