nbNodes
27
nbVehi
5
nbServi
6
r
1 1 1 1 1 1 
0 1 0 0 0 0 
0 0 0 1 0 0 
0 1 0 0 0 1 
1 0 0 0 0 0 
0 0 0 0 0 1 
0 0 0 0 1 0 
0 1 0 0 0 1 
1 0 0 0 1 0 
0 0 0 0 1 0 
1 0 0 0 0 1 
0 1 0 0 0 0 
0 0 1 0 0 0 
0 0 1 0 0 1 
0 1 0 1 0 0 
0 0 0 1 0 0 
0 1 0 0 1 0 
0 0 0 0 0 1 
0 0 0 0 1 0 
0 0 0 0 1 0 
0 0 0 1 0 0 
0 1 0 0 0 0 
0 1 0 0 0 1 
0 0 0 0 1 0 
0 0 0 0 0 1 
0 0 1 0 0 0 
1 1 1 1 1 1 
DS
4 8 9 11 14 15 17 23 
a
1 1 0 0 0 0 
0 1 1 0 0 0 
0 0 0 1 1 0 
0 0 0 1 1 1 
0 0 0 1 0 1 
x
-30.0762 -30.0376 -30.1586 -30.0739 -30.0981 -30.151 -30.0518 -30.0769 -29.9991 -30.0601 -30.0719 -30.0625 -30.0179 -30.0504 -30.074 -30.0276 -30.0747 -30.0168 -30.0806 -30.0837 -30.0484 -30.0086 -30.0313 -30.0762 -30.0426 -30.0489 -30.0762
y
-51.1794 -51.1094 -51.1716 -51.2208 -51.2591 -51.1733 -51.1525 -51.209 -51.1008 -51.1435 -51.2206 -51.1888 -51.1343 -51.1493 -51.1781 -51.2211 -51.1763 -51.123 -51.2112 -51.228 -51.1609 -51.2039 -51.1421 -51.1794 -51.1523 -51.1489 -51.1794
d
0.00000 22.00000 30.00000 13.00000 20.00000 30.00000 14.00000 10.00000 28.00000 15.00000 13.00000 9.00000 22.00000 15.00000 3.00000 17.00000 4.00000 23.00000 10.00000 14.00000 13.00000 20.00000 18.00000 0.00000 15.00000 15.00000 0.00000
22.00000 0.00000 41.00000 25.00000 32.00000 42.00000 11.00000 22.00000 12.00000 12.00000 25.00000 19.00000 11.00000 11.00000 19.00000 21.00000 20.00000 8.00000 22.00000 26.00000 12.00000 21.00000 10.00000 22.00000 9.00000 10.00000 22.00000
29.00000 41.00000 0.00000 24.00000 21.00000 3.00000 33.00000 24.00000 47.00000 34.00000 25.00000 28.00000 40.00000 34.00000 29.00000 34.00000 29.00000 41.00000 22.00000 22.00000 32.00000 37.00000 37.00000 29.00000 33.00000 33.00000 29.00000
13.00000 25.00000 25.00000 0.00000 13.00000 26.00000 17.00000 5.00000 30.00000 19.00000 1.00000 10.00000 24.00000 18.00000 13.00000 14.00000 13.00000 25.00000 5.00000 5.00000 16.00000 16.00000 20.00000 13.00000 17.00000 17.00000 13.00000
19.00000 31.00000 22.00000 12.00000 0.00000 22.00000 23.00000 14.00000 37.00000 25.00000 13.00000 18.00000 30.00000 24.00000 19.00000 20.00000 19.00000 31.00000 12.00000 10.00000 22.00000 24.00000 27.00000 19.00000 23.00000 23.00000 19.00000
30.00000 41.00000 3.00000 25.00000 22.00000 0.00000 33.00000 24.00000 47.00000 34.00000 25.00000 28.00000 41.00000 35.00000 29.00000 34.00000 30.00000 42.00000 22.00000 22.00000 32.00000 37.00000 37.00000 30.00000 33.00000 34.00000 30.00000
14.00000 11.00000 34.00000 17.00000 24.00000 34.00000 0.00000 14.00000 16.00000 5.00000 17.00000 11.00000 11.00000 3.00000 11.00000 17.00000 12.00000 11.00000 14.00000 18.00000 5.00000 17.00000 7.00000 14.00000 4.00000 3.00000 14.00000
11.00000 22.00000 22.00000 5.00000 13.00000 23.00000 15.00000 0.00000 28.00000 17.00000 5.00000 9.00000 22.00000 16.00000 10.00000 14.00000 11.00000 23.00000 2.00000 7.00000 14.00000 16.00000 18.00000 11.00000 15.00000 15.00000 11.00000
28.00000 12.00000 47.00000 31.00000 38.00000 48.00000 17.00000 28.00000 0.00000 18.00000 31.00000 25.00000 11.00000 16.00000 25.00000 23.00000 26.00000 8.00000 28.00000 32.00000 17.00000 21.00000 15.00000 28.00000 14.00000 16.00000 28.00000
15.00000 12.00000 34.00000 18.00000 25.00000 34.00000 5.00000 15.00000 18.00000 0.00000 17.00000 11.00000 14.00000 5.00000 12.00000 18.00000 13.00000 13.00000 15.00000 19.00000 7.00000 19.00000 9.00000 15.00000 8.00000 7.00000 15.00000
13.00000 24.00000 25.00000 2.00000 12.00000 26.00000 17.00000 5.00000 30.00000 19.00000 0.00000 10.00000 24.00000 18.00000 12.00000 13.00000 13.00000 25.00000 5.00000 5.00000 16.00000 16.00000 20.00000 13.00000 17.00000 17.00000 13.00000
8.00000 18.00000 26.00000 10.00000 17.00000 27.00000 10.00000 7.00000 24.00000 10.00000 9.00000 0.00000 18.00000 11.00000 5.00000 11.00000 6.00000 19.00000 7.00000 11.00000 9.00000 13.00000 14.00000 8.00000 10.00000 10.00000 8.00000
22.00000 10.00000 42.00000 25.00000 32.00000 42.00000 11.00000 23.00000 11.00000 13.00000 25.00000 19.00000 0.00000 11.00000 20.00000 19.00000 21.00000 5.00000 22.00000 27.00000 11.00000 15.00000 6.00000 22.00000 9.00000 10.00000 22.00000
15.00000 11.00000 34.00000 18.00000 25.00000 35.00000 2.00000 15.00000 17.00000 5.00000 18.00000 12.00000 12.00000 0.00000 12.00000 18.00000 13.00000 12.00000 15.00000 19.00000 6.00000 18.00000 8.00000 15.00000 5.00000 4.00000 15.00000
3.00000 20.00000 29.00000 12.00000 20.00000 30.00000 12.00000 10.00000 25.00000 12.00000 12.00000 7.00000 20.00000 13.00000 0.00000 15.00000 2.00000 20.00000 9.00000 14.00000 11.00000 18.00000 16.00000 3.00000 12.00000 12.00000 3.00000
17.00000 20.00000 32.00000 12.00000 17.00000 32.00000 16.00000 12.00000 22.00000 17.00000 11.00000 10.00000 18.00000 17.00000 14.00000 0.00000 15.00000 19.00000 12.00000 15.00000 14.00000 8.00000 15.00000 17.00000 13.00000 15.00000 17.00000
4.00000 20.00000 30.00000 13.00000 20.00000 31.00000 12.00000 11.00000 26.00000 13.00000 13.00000 8.00000 20.00000 13.00000 2.00000 16.00000 0.00000 21.00000 10.00000 14.00000 12.00000 18.00000 17.00000 4.00000 13.00000 13.00000 4.00000
23.00000 8.00000 41.00000 26.00000 33.00000 42.00000 11.00000 23.00000 8.00000 13.00000 25.00000 19.00000 5.00000 11.00000 20.00000 21.00000 21.00000 0.00000 23.00000 27.00000 12.00000 17.00000 10.00000 23.00000 9.00000 11.00000 23.00000
9.00000 21.00000 21.00000 5.00000 12.00000 22.00000 13.00000 4.00000 26.00000 15.00000 5.00000 8.00000 20.00000 14.00000 9.00000 14.00000 9.00000 21.00000 0.00000 6.00000 12.00000 16.00000 16.00000 9.00000 13.00000 13.00000 9.00000
14.00000 26.00000 22.00000 4.00000 10.00000 22.00000 18.00000 7.00000 32.00000 20.00000 5.00000 13.00000 26.00000 20.00000 14.00000 17.00000 15.00000 27.00000 6.00000 0.00000 17.00000 20.00000 22.00000 14.00000 18.00000 18.00000 14.00000
13.00000 11.00000 33.00000 16.00000 23.00000 33.00000 5.00000 13.00000 17.00000 8.00000 16.00000 10.00000 11.00000 6.00000 10.00000 16.00000 11.00000 12.00000 13.00000 17.00000 0.00000 15.00000 7.00000 13.00000 3.00000 5.00000 13.00000
19.00000 21.00000 36.00000 16.00000 22.00000 36.00000 17.00000 16.00000 20.00000 20.00000 15.00000 13.00000 14.00000 18.00000 17.00000 7.00000 18.00000 15.00000 16.00000 19.00000 15.00000 0.00000 14.00000 19.00000 14.00000 16.00000 19.00000
19.00000 10.00000 38.00000 22.00000 29.00000 39.00000 8.00000 19.00000 14.00000 10.00000 22.00000 15.00000 5.00000 8.00000 16.00000 18.00000 17.00000 9.00000 19.00000 23.00000 8.00000 16.00000 0.00000 19.00000 5.00000 6.00000 19.00000
0.00000 22.00000 30.00000 13.00000 20.00000 30.00000 14.00000 10.00000 28.00000 15.00000 13.00000 9.00000 22.00000 15.00000 3.00000 17.00000 4.00000 23.00000 10.00000 14.00000 13.00000 20.00000 18.00000 0.00000 15.00000 15.00000 0.00000
15.00000 9.00000 34.00000 18.00000 25.00000 35.00000 4.00000 15.00000 14.00000 7.00000 17.00000 11.00000 8.00000 5.00000 12.00000 14.00000 13.00000 9.00000 15.00000 19.00000 4.00000 14.00000 5.00000 15.00000 0.00000 3.00000 15.00000
14.00000 9.00000 34.00000 17.00000 24.00000 35.00000 3.00000 15.00000 15.00000 7.00000 17.00000 11.00000 10.00000 4.00000 12.00000 16.00000 13.00000 10.00000 14.00000 19.00000 5.00000 16.00000 6.00000 14.00000 3.00000 0.00000 14.00000
0.00000 22.00000 30.00000 13.00000 20.00000 30.00000 14.00000 10.00000 28.00000 15.00000 13.00000 9.00000 22.00000 15.00000 3.00000 17.00000 4.00000 23.00000 10.00000 14.00000 13.00000 20.00000 18.00000 0.00000 15.00000 15.00000 0.00000
p
0.0 0.0 0.0 0.0 0.0 0.0 
0.0 0.0 0.0 0.0 0.0 0.0 
0.0 0.0 0.0 0.0 0.0 0.0 
0.0 0.0 0.0 0.0 0.0 0.0 
0.0 0.0 0.0 0.0 0.0 0.0 
0 49 0 0 0 0 
0 49 0 0 0 0 
0 49 0 0 0 0 
0 49 0 0 0 0 
0 49 0 0 0 0 
0 0 0 37 0 0 
0 0 0 37 0 0 
0 0 0 37 0 0 
0 0 0 37 0 0 
0 0 0 37 0 0 
0 43 0 0 0 43 
0 43 0 0 0 43 
0 43 0 0 0 43 
0 43 0 0 0 43 
0 43 0 0 0 43 
58 0 0 0 0 0 
58 0 0 0 0 0 
58 0 0 0 0 0 
58 0 0 0 0 0 
58 0 0 0 0 0 
0 0 0 0 0 42 
0 0 0 0 0 42 
0 0 0 0 0 42 
0 0 0 0 0 42 
0 0 0 0 0 42 
0 0 0 0 25 0 
0 0 0 0 25 0 
0 0 0 0 25 0 
0 0 0 0 25 0 
0 0 0 0 25 0 
0 42 0 0 0 16 
0 42 0 0 0 16 
0 42 0 0 0 16 
0 42 0 0 0 16 
0 42 0 0 0 16 
43 0 0 0 17 0 
43 0 0 0 17 0 
43 0 0 0 17 0 
43 0 0 0 17 0 
43 0 0 0 17 0 
0 0 0 0 35 0 
0 0 0 0 35 0 
0 0 0 0 35 0 
0 0 0 0 35 0 
0 0 0 0 35 0 
41 0 0 0 0 18 
41 0 0 0 0 18 
41 0 0 0 0 18 
41 0 0 0 0 18 
41 0 0 0 0 18 
0 26 0 0 0 0 
0 26 0 0 0 0 
0 26 0 0 0 0 
0 26 0 0 0 0 
0 26 0 0 0 0 
0 0 58 0 0 0 
0 0 58 0 0 0 
0 0 58 0 0 0 
0 0 58 0 0 0 
0 0 58 0 0 0 
0 0 50 0 0 56 
0 0 50 0 0 56 
0 0 50 0 0 56 
0 0 50 0 0 56 
0 0 50 0 0 56 
0 18 0 39 0 0 
0 18 0 39 0 0 
0 18 0 39 0 0 
0 18 0 39 0 0 
0 18 0 39 0 0 
0 0 0 31 0 0 
0 0 0 31 0 0 
0 0 0 31 0 0 
0 0 0 31 0 0 
0 0 0 31 0 0 
0 45 0 0 55 0 
0 45 0 0 55 0 
0 45 0 0 55 0 
0 45 0 0 55 0 
0 45 0 0 55 0 
0 0 0 0 0 27 
0 0 0 0 0 27 
0 0 0 0 0 27 
0 0 0 0 0 27 
0 0 0 0 0 27 
0 0 0 0 22 0 
0 0 0 0 22 0 
0 0 0 0 22 0 
0 0 0 0 22 0 
0 0 0 0 22 0 
0 0 0 0 28 0 
0 0 0 0 28 0 
0 0 0 0 28 0 
0 0 0 0 28 0 
0 0 0 0 28 0 
0 0 0 20 0 0 
0 0 0 20 0 0 
0 0 0 20 0 0 
0 0 0 20 0 0 
0 0 0 20 0 0 
0 44 0 0 0 0 
0 44 0 0 0 0 
0 44 0 0 0 0 
0 44 0 0 0 0 
0 44 0 0 0 0 
0 30 0 0 0 23 
0 30 0 0 0 23 
0 30 0 0 0 23 
0 30 0 0 0 23 
0 30 0 0 0 23 
0 0 0 0 25 0 
0 0 0 0 25 0 
0 0 0 0 25 0 
0 0 0 0 25 0 
0 0 0 0 25 0 
0 0 0 0 0 60 
0 0 0 0 0 60 
0 0 0 0 0 60 
0 0 0 0 0 60 
0 0 0 0 0 60 
0 0 52 0 0 0 
0 0 52 0 0 0 
0 0 52 0 0 0 
0 0 52 0 0 0 
0 0 52 0 0 0 
0.0 0.0 0.0 0.0 0.0 0.0 
0.0 0.0 0.0 0.0 0.0 0.0 
0.0 0.0 0.0 0.0 0.0 0.0 
0.0 0.0 0.0 0.0 0.0 0.0 
0.0 0.0 0.0 0.0 0.0 0.0 
mind
0 0 0 10 0 0 0 0 0 0 0 0 0 0 22 0 14 0 0 0 0 0 13 0 0 0 0
maxd
0 0 0 14 0 0 0 0 0 0 0 0 0 0 25 0 15 0 0 0 0 0 30 0 0 0 0
e
0 539 750 914 501 528 487 746 741 893 677 902 568 601 689 808 780 921 535 622 886 809 509 774 836 599 0
l
99999 659 870 1034 621 648 607 866 861 1013 797 1022 688 721 809 928 900 1041 655 742 1006 929 629 894 956 719 99999
