nbNodes
27
nbVehi
5
nbServi
6
r
1 1 1 1 1 1 
0 0 1 0 0 0 
0 1 0 0 0 0 
1 0 0 0 0 0 
0 0 0 0 1 0 
0 0 0 0 1 0 
0 1 0 0 0 0 
0 1 0 0 0 0 
1 0 0 0 0 0 
0 0 0 0 0 1 
1 0 0 0 1 0 
0 0 0 1 0 0 
0 1 0 0 0 0 
1 0 0 0 0 0 
1 0 0 0 0 1 
1 0 0 0 0 1 
0 0 1 1 0 0 
0 0 1 0 0 0 
0 0 1 1 0 0 
0 1 0 0 1 0 
0 0 0 0 1 0 
1 0 0 0 0 0 
0 0 1 0 0 0 
0 1 0 0 1 0 
1 0 0 0 1 0 
0 1 0 0 0 0 
1 1 1 1 1 1 
DS
11 15 16 17 19 20 24 25 
a
1 1 0 0 0 0 
1 1 1 0 0 0 
0 0 0 1 1 1 
0 0 0 0 1 0 
0 0 0 1 1 1 
x
-30.0017 -30.1638 -30.0065 -30.0056 -30.0719 -30.1205 -30.0681 -30.0586 -30.1543 -30.1167 -30.0707 -30.0236 -29.9837 -29.9887 -30.0933 -30.0737 -30.15 -30.1214 -30.0097 -30.1462 -30.0017 -30.1567 -30.0678 -30.0096 -30.0019 -29.9989 -30.0017
y
-51.097 -51.1408 -51.1515 -51.1673 -51.2226 -51.2537 -51.2309 -51.2159 -51.1358 -51.231 -51.2226 -51.1883 -51.2012 -51.1887 -51.2266 -51.2303 -51.1361 -51.2594 -51.149 -51.1478 -51.097 -51.1356 -51.2109 -51.1937 -51.1564 -51.1459 -51.097
d
0.00000 43.00000 13.00000 15.00000 31.00000 38.00000 31.00000 27.00000 40.00000 36.00000 30.00000 19.00000 22.00000 20.00000 32.00000 32.00000 39.00000 39.00000 13.00000 41.00000 0.00000 40.00000 28.00000 19.00000 14.00000 12.00000 0.00000
42.00000 0.00000 42.00000 40.00000 28.00000 22.00000 28.00000 29.00000 4.00000 21.00000 28.00000 37.00000 41.00000 41.00000 22.00000 28.00000 6.00000 23.00000 44.00000 7.00000 42.00000 3.00000 26.00000 38.00000 43.00000 44.00000 42.00000
13.00000 44.00000 0.00000 5.00000 21.00000 30.00000 21.00000 17.00000 41.00000 29.00000 20.00000 8.00000 12.00000 11.00000 25.00000 22.00000 40.00000 31.00000 2.00000 42.00000 13.00000 42.00000 19.00000 9.00000 4.00000 4.00000 13.00000
15.00000 43.00000 6.00000 0.00000 19.00000 29.00000 19.00000 15.00000 40.00000 27.00000 19.00000 7.00000 10.00000 9.00000 23.00000 20.00000 39.00000 30.00000 7.00000 41.00000 15.00000 41.00000 18.00000 6.00000 4.00000 5.00000 15.00000
31.00000 29.00000 22.00000 20.00000 0.00000 14.00000 4.00000 5.00000 31.00000 14.00000 1.00000 14.00000 18.00000 19.00000 10.00000 4.00000 30.00000 15.00000 23.00000 28.00000 31.00000 31.00000 6.00000 16.00000 22.00000 23.00000 31.00000
37.00000 22.00000 30.00000 29.00000 15.00000 0.00000 14.00000 16.00000 24.00000 8.00000 15.00000 24.00000 26.00000 28.00000 10.00000 14.00000 25.00000 3.00000 32.00000 23.00000 37.00000 24.00000 15.00000 25.00000 31.00000 32.00000 37.00000
31.00000 29.00000 23.00000 20.00000 4.00000 13.00000 0.00000 5.00000 31.00000 14.00000 4.00000 14.00000 18.00000 19.00000 10.00000 3.00000 30.00000 14.00000 24.00000 27.00000 31.00000 31.00000 8.00000 16.00000 23.00000 23.00000 31.00000
26.00000 31.00000 18.00000 16.00000 7.00000 17.00000 7.00000 0.00000 32.00000 15.00000 6.00000 10.00000 14.00000 15.00000 11.00000 7.00000 31.00000 18.00000 19.00000 29.00000 26.00000 32.00000 4.00000 11.00000 18.00000 19.00000 26.00000
39.00000 4.00000 40.00000 41.00000 30.00000 24.00000 30.00000 31.00000 0.00000 23.00000 30.00000 39.00000 43.00000 43.00000 23.00000 29.00000 3.00000 25.00000 41.00000 6.00000 39.00000 2.00000 28.00000 40.00000 40.00000 42.00000 39.00000
35.00000 21.00000 29.00000 27.00000 15.00000 8.00000 14.00000 16.00000 22.00000 0.00000 15.00000 23.00000 28.00000 28.00000 8.00000 14.00000 22.00000 9.00000 30.00000 19.00000 35.00000 22.00000 13.00000 25.00000 30.00000 30.00000 35.00000
30.00000 29.00000 22.00000 19.00000 1.00000 15.00000 4.00000 4.00000 31.00000 14.00000 0.00000 13.00000 18.00000 19.00000 10.00000 4.00000 30.00000 16.00000 23.00000 28.00000 30.00000 31.00000 6.00000 15.00000 22.00000 22.00000 30.00000
19.00000 37.00000 10.00000 8.00000 14.00000 23.00000 14.00000 10.00000 38.00000 22.00000 13.00000 0.00000 10.00000 8.00000 18.00000 14.00000 37.00000 24.00000 11.00000 35.00000 19.00000 39.00000 12.00000 5.00000 10.00000 11.00000 19.00000
18.00000 42.00000 13.00000 10.00000 19.00000 26.00000 18.00000 15.00000 44.00000 27.00000 18.00000 10.00000 0.00000 4.00000 23.00000 20.00000 43.00000 27.00000 14.00000 40.00000 18.00000 44.00000 17.00000 7.00000 11.00000 12.00000 18.00000
18.00000 43.00000 11.00000 7.00000 19.00000 27.00000 18.00000 16.00000 44.00000 27.00000 19.00000 8.00000 4.00000 0.00000 24.00000 20.00000 43.00000 28.00000 12.00000 41.00000 18.00000 44.00000 18.00000 5.00000 9.00000 10.00000 18.00000
32.00000 24.00000 26.00000 24.00000 10.00000 11.00000 9.00000 13.00000 25.00000 9.00000 10.00000 21.00000 24.00000 25.00000 0.00000 9.00000 24.00000 12.00000 27.00000 22.00000 32.00000 25.00000 10.00000 22.00000 27.00000 28.00000 32.00000
32.00000 29.00000 23.00000 21.00000 3.00000 14.00000 3.00000 6.00000 30.00000 13.00000 3.00000 15.00000 19.00000 20.00000 9.00000 0.00000 30.00000 15.00000 24.00000 27.00000 32.00000 30.00000 8.00000 16.00000 23.00000 24.00000 32.00000
38.00000 6.00000 39.00000 40.00000 29.00000 24.00000 29.00000 30.00000 3.00000 22.00000 29.00000 38.00000 42.00000 42.00000 22.00000 28.00000 0.00000 26.00000 40.00000 4.00000 38.00000 3.00000 27.00000 39.00000 39.00000 42.00000 38.00000
38.00000 24.00000 31.00000 30.00000 16.00000 3.00000 15.00000 17.00000 26.00000 9.00000 16.00000 25.00000 27.00000 29.00000 11.00000 15.00000 27.00000 0.00000 33.00000 25.00000 38.00000 26.00000 16.00000 26.00000 32.00000 33.00000 38.00000
12.00000 43.00000 2.00000 5.00000 20.00000 30.00000 20.00000 16.00000 40.00000 28.00000 20.00000 8.00000 12.00000 10.00000 24.00000 21.00000 39.00000 31.00000 0.00000 41.00000 12.00000 40.00000 19.00000 8.00000 4.00000 4.00000 12.00000
41.00000 7.00000 40.00000 39.00000 26.00000 23.00000 26.00000 27.00000 6.00000 19.00000 26.00000 35.00000 39.00000 39.00000 20.00000 26.00000 4.00000 25.00000 42.00000 0.00000 41.00000 5.00000 25.00000 37.00000 41.00000 42.00000 41.00000
0.00000 43.00000 13.00000 15.00000 31.00000 38.00000 31.00000 27.00000 40.00000 36.00000 30.00000 19.00000 22.00000 20.00000 32.00000 32.00000 39.00000 39.00000 13.00000 41.00000 0.00000 40.00000 28.00000 19.00000 14.00000 12.00000 0.00000
40.00000 3.00000 40.00000 42.00000 30.00000 24.00000 30.00000 31.00000 2.00000 23.00000 30.00000 39.00000 43.00000 43.00000 24.00000 30.00000 3.00000 25.00000 41.00000 6.00000 40.00000 0.00000 28.00000 40.00000 41.00000 43.00000 40.00000
28.00000 28.00000 20.00000 18.00000 6.00000 16.00000 8.00000 3.00000 30.00000 13.00000 6.00000 12.00000 17.00000 17.00000 9.00000 8.00000 29.00000 17.00000 21.00000 26.00000 28.00000 30.00000 0.00000 14.00000 20.00000 21.00000 28.00000
19.00000 39.00000 10.00000 8.00000 15.00000 24.00000 15.00000 11.00000 40.00000 23.00000 14.00000 6.00000 6.00000 6.00000 19.00000 16.00000 39.00000 25.00000 11.00000 37.00000 19.00000 40.00000 14.00000 0.00000 9.00000 10.00000 19.00000
14.00000 45.00000 4.00000 4.00000 21.00000 31.00000 21.00000 17.00000 42.00000 29.00000 20.00000 9.00000 10.00000 9.00000 25.00000 22.00000 41.00000 31.00000 6.00000 43.00000 14.00000 42.00000 20.00000 9.00000 0.00000 3.00000 14.00000
12.00000 45.00000 5.00000 8.00000 24.00000 33.00000 24.00000 20.00000 42.00000 32.00000 23.00000 11.00000 14.00000 12.00000 28.00000 25.00000 41.00000 34.00000 5.00000 43.00000 12.00000 42.00000 22.00000 12.00000 6.00000 0.00000 12.00000
0.00000 43.00000 13.00000 15.00000 31.00000 38.00000 31.00000 27.00000 40.00000 36.00000 30.00000 19.00000 22.00000 20.00000 32.00000 32.00000 39.00000 39.00000 13.00000 41.00000 0.00000 40.00000 28.00000 19.00000 14.00000 12.00000 0.00000
p
0.0 0.0 0.0 0.0 0.0 0.0 
0.0 0.0 0.0 0.0 0.0 0.0 
0.0 0.0 0.0 0.0 0.0 0.0 
0.0 0.0 0.0 0.0 0.0 0.0 
0.0 0.0 0.0 0.0 0.0 0.0 
0 0 45 0 0 0 
0 0 45 0 0 0 
0 0 45 0 0 0 
0 0 45 0 0 0 
0 0 45 0 0 0 
0 38 0 0 0 0 
0 38 0 0 0 0 
0 38 0 0 0 0 
0 38 0 0 0 0 
0 38 0 0 0 0 
45 0 0 0 0 0 
45 0 0 0 0 0 
45 0 0 0 0 0 
45 0 0 0 0 0 
45 0 0 0 0 0 
0 0 0 0 52 0 
0 0 0 0 52 0 
0 0 0 0 52 0 
0 0 0 0 52 0 
0 0 0 0 52 0 
0 0 0 0 40 0 
0 0 0 0 40 0 
0 0 0 0 40 0 
0 0 0 0 40 0 
0 0 0 0 40 0 
0 37 0 0 0 0 
0 37 0 0 0 0 
0 37 0 0 0 0 
0 37 0 0 0 0 
0 37 0 0 0 0 
0 43 0 0 0 0 
0 43 0 0 0 0 
0 43 0 0 0 0 
0 43 0 0 0 0 
0 43 0 0 0 0 
54 0 0 0 0 0 
54 0 0 0 0 0 
54 0 0 0 0 0 
54 0 0 0 0 0 
54 0 0 0 0 0 
0 0 0 0 0 58 
0 0 0 0 0 58 
0 0 0 0 0 58 
0 0 0 0 0 58 
0 0 0 0 0 58 
25 0 0 0 27 0 
25 0 0 0 27 0 
25 0 0 0 27 0 
25 0 0 0 27 0 
25 0 0 0 27 0 
0 0 0 59 0 0 
0 0 0 59 0 0 
0 0 0 59 0 0 
0 0 0 59 0 0 
0 0 0 59 0 0 
0 43 0 0 0 0 
0 43 0 0 0 0 
0 43 0 0 0 0 
0 43 0 0 0 0 
0 43 0 0 0 0 
45 0 0 0 0 0 
45 0 0 0 0 0 
45 0 0 0 0 0 
45 0 0 0 0 0 
45 0 0 0 0 0 
56 0 0 0 0 15 
56 0 0 0 0 15 
56 0 0 0 0 15 
56 0 0 0 0 15 
56 0 0 0 0 15 
18 0 0 0 0 45 
18 0 0 0 0 45 
18 0 0 0 0 45 
18 0 0 0 0 45 
18 0 0 0 0 45 
0 0 55 26 0 0 
0 0 55 26 0 0 
0 0 55 26 0 0 
0 0 55 26 0 0 
0 0 55 26 0 0 
0 0 50 0 0 0 
0 0 50 0 0 0 
0 0 50 0 0 0 
0 0 50 0 0 0 
0 0 50 0 0 0 
0 0 27 17 0 0 
0 0 27 17 0 0 
0 0 27 17 0 0 
0 0 27 17 0 0 
0 0 27 17 0 0 
0 51 0 0 33 0 
0 51 0 0 33 0 
0 51 0 0 33 0 
0 51 0 0 33 0 
0 51 0 0 33 0 
0 0 0 0 26 0 
0 0 0 0 26 0 
0 0 0 0 26 0 
0 0 0 0 26 0 
0 0 0 0 26 0 
55 0 0 0 0 0 
55 0 0 0 0 0 
55 0 0 0 0 0 
55 0 0 0 0 0 
55 0 0 0 0 0 
0 0 55 0 0 0 
0 0 55 0 0 0 
0 0 55 0 0 0 
0 0 55 0 0 0 
0 0 55 0 0 0 
0 37 0 0 59 0 
0 37 0 0 59 0 
0 37 0 0 59 0 
0 37 0 0 59 0 
0 37 0 0 59 0 
40 0 0 0 59 0 
40 0 0 0 59 0 
40 0 0 0 59 0 
40 0 0 0 59 0 
40 0 0 0 59 0 
0 49 0 0 0 0 
0 49 0 0 0 0 
0 49 0 0 0 0 
0 49 0 0 0 0 
0 49 0 0 0 0 
0.0 0.0 0.0 0.0 0.0 0.0 
0.0 0.0 0.0 0.0 0.0 0.0 
0.0 0.0 0.0 0.0 0.0 0.0 
0.0 0.0 0.0 0.0 0.0 0.0 
0.0 0.0 0.0 0.0 0.0 0.0 
mind
0 0 0 0 0 0 0 0 0 0 12 0 0 0 23 15 16 0 0 0 0 0 0 0 0 0 0
maxd
0 0 0 0 0 0 0 0 0 0 26 0 0 0 25 25 27 0 0 0 0 0 0 0 0 0 0
e
0 549 701 623 600 631 684 933 525 525 605 585 515 543 937 492 556 815 608 810 937 640 913 755 627 531 0
l
99999 669 821 743 720 751 804 1053 645 645 725 705 635 663 1057 612 676 935 728 930 1057 760 1033 875 747 651 99999
