nbNodes
27
nbVehi
5
nbServi
6
r
1 1 1 1 1 1 
0 1 0 0 0 0 
0 1 0 1 0 0 
1 0 0 0 0 1 
0 0 1 0 0 1 
0 0 0 0 0 1 
0 0 1 0 0 0 
1 0 0 0 1 0 
0 1 0 0 1 0 
0 1 0 0 0 0 
0 0 0 1 0 0 
0 0 0 0 0 1 
0 0 1 0 0 0 
0 0 0 0 0 1 
0 1 0 0 1 0 
0 0 0 0 0 1 
0 1 0 1 0 0 
0 0 0 0 1 0 
0 0 1 0 0 0 
0 0 1 0 1 0 
0 0 1 0 0 0 
0 0 0 1 0 0 
0 0 0 0 0 1 
0 0 0 0 0 1 
0 1 0 0 0 0 
0 0 1 0 0 0 
1 1 1 1 1 1 
DS
3 4 5 8 9 15 17 20 
a
0 1 0 0 0 0 
1 1 1 0 0 0 
0 0 0 1 1 1 
0 0 0 1 0 1 
0 0 0 0 1 1 
x
-30.0817 -30.1884 -30.0798 -29.9836 -30.1129 -30.1678 -29.9822 -30.0519 -30.0058 -30.0418 -30.0428 -30.0078 -29.9977 -30.0701 -30.0685 -30.0715 -30.1475 -30.0817 -30.1605 -30.031 -30.0661 -30.1881 -30.0668 -30.0452 -30.0909 -29.9953 -30.0817
y
-51.1622 -51.1929 -51.2165 -51.137 -51.2336 -51.1522 -51.1958 -51.1524 -51.0974 -51.1534 -51.1491 -51.1364 -51.0919 -51.1461 -51.1984 -51.2216 -51.1496 -51.1622 -51.1778 -51.1397 -51.2326 -51.164 -51.1833 -51.1358 -51.2081 -51.1247 -51.1622
d
0.00000 37.00000 20.00000 29.00000 26.00000 29.00000 26.00000 14.00000 26.00000 15.00000 15.00000 24.00000 28.00000 11.00000 17.00000 22.00000 29.00000 0.00000 30.00000 19.00000 23.00000 35.00000 12.00000 16.00000 21.00000 26.00000 0.00000
37.00000 0.00000 25.00000 49.00000 19.00000 12.00000 43.00000 35.00000 48.00000 35.00000 36.00000 44.00000 50.00000 35.00000 28.00000 27.00000 17.00000 37.00000 13.00000 39.00000 29.00000 12.00000 28.00000 38.00000 25.00000 46.00000 37.00000
19.00000 25.00000 0.00000 30.00000 11.00000 25.00000 22.00000 16.00000 28.00000 15.00000 16.00000 24.00000 30.00000 15.00000 8.00000 5.00000 25.00000 19.00000 24.00000 20.00000 9.00000 30.00000 9.00000 18.00000 6.00000 27.00000 19.00000
30.00000 50.00000 29.00000 0.00000 36.00000 49.00000 17.00000 19.00000 12.00000 16.00000 17.00000 8.00000 13.00000 22.00000 26.00000 28.00000 48.00000 30.00000 49.00000 13.00000 28.00000 55.00000 24.00000 16.00000 31.00000 6.00000 30.00000
25.00000 19.00000 11.00000 35.00000 0.00000 20.00000 29.00000 21.00000 34.00000 21.00000 22.00000 30.00000 36.00000 21.00000 14.00000 13.00000 20.00000 25.00000 18.00000 25.00000 15.00000 25.00000 14.00000 24.00000 11.00000 32.00000 25.00000
29.00000 11.00000 23.00000 47.00000 20.00000 0.00000 41.00000 33.00000 43.00000 33.00000 34.00000 42.00000 44.00000 32.00000 26.00000 26.00000 7.00000 29.00000 7.00000 38.00000 28.00000 7.00000 27.00000 36.00000 23.00000 45.00000 29.00000
26.00000 42.00000 22.00000 18.00000 28.00000 41.00000 0.00000 20.00000 19.00000 16.00000 17.00000 15.00000 20.00000 21.00000 19.00000 20.00000 41.00000 26.00000 41.00000 18.00000 19.00000 47.00000 18.00000 19.00000 23.00000 16.00000 26.00000
14.00000 36.00000 16.00000 19.00000 22.00000 34.00000 19.00000 0.00000 16.00000 5.00000 3.00000 13.00000 18.00000 6.00000 12.00000 17.00000 33.00000 14.00000 34.00000 8.00000 19.00000 39.00000 9.00000 6.00000 17.00000 16.00000 14.00000
26.00000 49.00000 29.00000 13.00000 35.00000 43.00000 22.00000 16.00000 0.00000 15.00000 14.00000 9.00000 3.00000 18.00000 25.00000 30.00000 41.00000 26.00000 47.00000 13.00000 30.00000 48.00000 22.00000 12.00000 30.00000 8.00000 26.00000
16.00000 36.00000 16.00000 16.00000 22.00000 36.00000 16.00000 4.00000 14.00000 0.00000 2.00000 11.00000 16.00000 8.00000 13.00000 18.00000 34.00000 16.00000 35.00000 6.00000 19.00000 41.00000 9.00000 3.00000 18.00000 13.00000 16.00000
16.00000 36.00000 17.00000 16.00000 22.00000 35.00000 16.00000 3.00000 14.00000 2.00000 0.00000 11.00000 16.00000 8.00000 13.00000 18.00000 34.00000 16.00000 35.00000 6.00000 19.00000 41.00000 9.00000 3.00000 18.00000 13.00000 16.00000
24.00000 45.00000 24.00000 8.00000 31.00000 44.00000 15.00000 13.00000 10.00000 10.00000 11.00000 0.00000 12.00000 16.00000 21.00000 22.00000 42.00000 24.00000 43.00000 7.00000 23.00000 49.00000 19.00000 10.00000 26.00000 5.00000 24.00000
28.00000 51.00000 31.00000 13.00000 37.00000 44.00000 22.00000 18.00000 3.00000 17.00000 16.00000 12.00000 0.00000 21.00000 28.00000 32.00000 42.00000 28.00000 49.00000 15.00000 32.00000 50.00000 24.00000 14.00000 32.00000 8.00000 28.00000
11.00000 36.00000 17.00000 24.00000 22.00000 30.00000 22.00000 8.00000 20.00000 10.00000 9.00000 18.00000 22.00000 0.00000 13.00000 18.00000 29.00000 11.00000 31.00000 12.00000 19.00000 36.00000 9.00000 9.00000 18.00000 20.00000 11.00000
15.00000 26.00000 6.00000 26.00000 12.00000 26.00000 19.00000 12.00000 25.00000 12.00000 13.00000 21.00000 27.00000 11.00000 0.00000 8.00000 26.00000 15.00000 25.00000 16.00000 10.00000 32.00000 5.00000 15.00000 8.00000 23.00000 15.00000
21.00000 27.00000 5.00000 28.00000 13.00000 27.00000 20.00000 18.00000 30.00000 17.00000 18.00000 23.00000 32.00000 17.00000 8.00000 0.00000 27.00000 21.00000 26.00000 21.00000 5.00000 33.00000 11.00000 20.00000 9.00000 26.00000 21.00000
29.00000 17.00000 23.00000 47.00000 20.00000 7.00000 41.00000 33.00000 41.00000 33.00000 34.00000 42.00000 42.00000 31.00000 26.00000 25.00000 0.00000 29.00000 10.00000 37.00000 27.00000 12.00000 26.00000 35.00000 23.00000 44.00000 29.00000
0.00000 37.00000 20.00000 29.00000 26.00000 29.00000 26.00000 14.00000 26.00000 15.00000 15.00000 24.00000 28.00000 11.00000 17.00000 22.00000 29.00000 0.00000 30.00000 19.00000 23.00000 35.00000 12.00000 16.00000 21.00000 26.00000 0.00000
30.00000 13.00000 23.00000 47.00000 18.00000 7.00000 41.00000 33.00000 46.00000 33.00000 34.00000 42.00000 48.00000 33.00000 26.00000 26.00000 10.00000 30.00000 0.00000 38.00000 28.00000 12.00000 27.00000 36.00000 23.00000 45.00000 30.00000
19.00000 41.00000 21.00000 14.00000 27.00000 39.00000 18.00000 8.00000 13.00000 6.00000 6.00000 8.00000 15.00000 11.00000 17.00000 22.00000 37.00000 19.00000 40.00000 0.00000 23.00000 44.00000 14.00000 5.00000 22.00000 11.00000 19.00000
22.00000 29.00000 9.00000 29.00000 14.00000 29.00000 18.00000 19.00000 30.00000 18.00000 19.00000 24.00000 32.00000 18.00000 10.00000 5.00000 28.00000 22.00000 28.00000 22.00000 0.00000 34.00000 12.00000 21.00000 13.00000 26.00000 22.00000
35.00000 12.00000 29.00000 53.00000 25.00000 7.00000 47.00000 39.00000 48.00000 39.00000 40.00000 48.00000 50.00000 37.00000 32.00000 31.00000 13.00000 35.00000 12.00000 43.00000 33.00000 0.00000 32.00000 41.00000 29.00000 50.00000 35.00000
12.00000 28.00000 8.00000 23.00000 14.00000 28.00000 17.00000 9.00000 22.00000 9.00000 10.00000 18.00000 24.00000 8.00000 5.00000 10.00000 28.00000 12.00000 27.00000 13.00000 12.00000 33.00000 0.00000 12.00000 9.00000 20.00000 12.00000
16.00000 39.00000 19.00000 16.00000 25.00000 36.00000 18.00000 6.00000 12.00000 5.00000 4.00000 11.00000 14.00000 8.00000 16.00000 21.00000 35.00000 16.00000 37.00000 5.00000 21.00000 42.00000 12.00000 0.00000 20.00000 12.00000 16.00000
20.00000 25.00000 6.00000 30.00000 11.00000 25.00000 24.00000 16.00000 29.00000 16.00000 17.00000 25.00000 31.00000 16.00000 9.00000 9.00000 25.00000 20.00000 24.00000 21.00000 12.00000 30.00000 10.00000 19.00000 0.00000 27.00000 20.00000
26.00000 47.00000 27.00000 6.00000 33.00000 46.00000 15.00000 16.00000 7.00000 14.00000 14.00000 6.00000 9.00000 18.00000 23.00000 25.00000 45.00000 26.00000 46.00000 11.00000 25.00000 52.00000 21.00000 12.00000 28.00000 0.00000 26.00000
0.00000 37.00000 20.00000 29.00000 26.00000 29.00000 26.00000 14.00000 26.00000 15.00000 15.00000 24.00000 28.00000 11.00000 17.00000 22.00000 29.00000 0.00000 30.00000 19.00000 23.00000 35.00000 12.00000 16.00000 21.00000 26.00000 0.00000
p
0.0 0.0 0.0 0.0 0.0 0.0 
0.0 0.0 0.0 0.0 0.0 0.0 
0.0 0.0 0.0 0.0 0.0 0.0 
0.0 0.0 0.0 0.0 0.0 0.0 
0.0 0.0 0.0 0.0 0.0 0.0 
0 47 0 0 0 0 
0 47 0 0 0 0 
0 47 0 0 0 0 
0 47 0 0 0 0 
0 47 0 0 0 0 
0 21 0 38 0 0 
0 21 0 38 0 0 
0 21 0 38 0 0 
0 21 0 38 0 0 
0 21 0 38 0 0 
43 0 0 0 0 20 
43 0 0 0 0 20 
43 0 0 0 0 20 
43 0 0 0 0 20 
43 0 0 0 0 20 
0 0 43 0 0 22 
0 0 43 0 0 22 
0 0 43 0 0 22 
0 0 43 0 0 22 
0 0 43 0 0 22 
0 0 0 0 0 60 
0 0 0 0 0 60 
0 0 0 0 0 60 
0 0 0 0 0 60 
0 0 0 0 0 60 
0 0 15 0 0 0 
0 0 15 0 0 0 
0 0 15 0 0 0 
0 0 15 0 0 0 
0 0 15 0 0 0 
50 0 0 0 51 0 
50 0 0 0 51 0 
50 0 0 0 51 0 
50 0 0 0 51 0 
50 0 0 0 51 0 
0 45 0 0 56 0 
0 45 0 0 56 0 
0 45 0 0 56 0 
0 45 0 0 56 0 
0 45 0 0 56 0 
0 59 0 0 0 0 
0 59 0 0 0 0 
0 59 0 0 0 0 
0 59 0 0 0 0 
0 59 0 0 0 0 
0 0 0 48 0 0 
0 0 0 48 0 0 
0 0 0 48 0 0 
0 0 0 48 0 0 
0 0 0 48 0 0 
0 0 0 0 0 45 
0 0 0 0 0 45 
0 0 0 0 0 45 
0 0 0 0 0 45 
0 0 0 0 0 45 
0 0 38 0 0 0 
0 0 38 0 0 0 
0 0 38 0 0 0 
0 0 38 0 0 0 
0 0 38 0 0 0 
0 0 0 0 0 59 
0 0 0 0 0 59 
0 0 0 0 0 59 
0 0 0 0 0 59 
0 0 0 0 0 59 
0 17 0 0 53 0 
0 17 0 0 53 0 
0 17 0 0 53 0 
0 17 0 0 53 0 
0 17 0 0 53 0 
0 0 0 0 0 33 
0 0 0 0 0 33 
0 0 0 0 0 33 
0 0 0 0 0 33 
0 0 0 0 0 33 
0 41 0 60 0 0 
0 41 0 60 0 0 
0 41 0 60 0 0 
0 41 0 60 0 0 
0 41 0 60 0 0 
0 0 0 0 32 0 
0 0 0 0 32 0 
0 0 0 0 32 0 
0 0 0 0 32 0 
0 0 0 0 32 0 
0 0 49 0 0 0 
0 0 49 0 0 0 
0 0 49 0 0 0 
0 0 49 0 0 0 
0 0 49 0 0 0 
0 0 20 0 47 0 
0 0 20 0 47 0 
0 0 20 0 47 0 
0 0 20 0 47 0 
0 0 20 0 47 0 
0 0 48 0 0 0 
0 0 48 0 0 0 
0 0 48 0 0 0 
0 0 48 0 0 0 
0 0 48 0 0 0 
0 0 0 53 0 0 
0 0 0 53 0 0 
0 0 0 53 0 0 
0 0 0 53 0 0 
0 0 0 53 0 0 
0 0 0 0 0 28 
0 0 0 0 0 28 
0 0 0 0 0 28 
0 0 0 0 0 28 
0 0 0 0 0 28 
0 0 0 0 0 32 
0 0 0 0 0 32 
0 0 0 0 0 32 
0 0 0 0 0 32 
0 0 0 0 0 32 
0 42 0 0 0 0 
0 42 0 0 0 0 
0 42 0 0 0 0 
0 42 0 0 0 0 
0 42 0 0 0 0 
0 0 41 0 0 0 
0 0 41 0 0 0 
0 0 41 0 0 0 
0 0 41 0 0 0 
0 0 41 0 0 0 
0.0 0.0 0.0 0.0 0.0 0.0 
0.0 0.0 0.0 0.0 0.0 0.0 
0.0 0.0 0.0 0.0 0.0 0.0 
0.0 0.0 0.0 0.0 0.0 0.0 
0.0 0.0 0.0 0.0 0.0 0.0 
mind
0 0 16 15 0 0 0 0 0 0 0 0 0 0 13 0 0 0 0 15 0 0 0 0 0 0 0
maxd
0 0 24 28 0 0 0 0 0 0 0 0 0 0 30 0 0 0 0 26 0 0 0 0 0 0 0
e
0 787 541 684 796 802 546 556 538 665 797 806 648 501 614 560 921 661 811 941 910 919 957 778 490 764 0
l
99999 907 661 804 916 922 666 676 658 785 917 926 768 621 734 680 1041 781 931 1061 1030 1039 1077 898 610 884 99999
