nbNodes
12
nbVehi
3
nbServi
6
r
1 1 1 1 1 1 
0 0 0 1 0 0 
0 0 1 0 0 0 
0 0 0 0 1 0 
0 0 1 0 1 0 
0 0 1 0 1 0 
0 0 0 0 1 0 
1 0 0 0 1 0 
0 0 1 0 0 0 
0 0 0 1 0 0 
0 0 1 0 0 1 
1 1 1 1 1 1 
DS
5 6 8 11 
a
1 1 1 0 0 0 
0 0 0 1 1 0 
0 0 0 1 1 1 
x
-30.0654 -30.1459 -29.9851 -30.0798 -30.0654 -30.1447 -30.0398 -30.029 -29.9896 -29.9854 -30.0354 -30.0654
y
-51.2001 -51.2075 -51.1985 -51.2 -51.2001 -51.2079 -51.222 -51.1787 -51.1952 -51.1949 -51.1797 -51.2001
d
0.00000 18.00000 17.00000 5.00000 0.00000 18.00000 8.00000 10.00000 16.00000 18.00000 11.00000 0.00000
19.00000 0.00000 33.00000 16.00000 19.00000 1.00000 24.00000 25.00000 32.00000 34.00000 26.00000 19.00000
16.00000 32.00000 0.00000 19.00000 16.00000 32.00000 12.00000 11.00000 2.00000 2.00000 12.00000 16.00000
5.00000 17.00000 19.00000 0.00000 5.00000 17.00000 10.00000 12.00000 18.00000 20.00000 12.00000 5.00000
0.00000 18.00000 17.00000 5.00000 0.00000 18.00000 8.00000 10.00000 16.00000 18.00000 11.00000 0.00000
19.00000 1.00000 33.00000 17.00000 19.00000 0.00000 25.00000 25.00000 32.00000 34.00000 26.00000 19.00000
8.00000 23.00000 13.00000 10.00000 8.00000 23.00000 0.00000 10.00000 12.00000 14.00000 11.00000 8.00000
14.00000 29.00000 13.00000 16.00000 14.00000 29.00000 14.00000 0.00000 12.00000 14.00000 7.00000 14.00000
16.00000 32.00000 2.00000 18.00000 16.00000 32.00000 11.00000 10.00000 0.00000 2.00000 11.00000 16.00000
18.00000 33.00000 2.00000 20.00000 18.00000 33.00000 13.00000 12.00000 2.00000 0.00000 12.00000 18.00000
10.00000 25.00000 12.00000 12.00000 10.00000 25.00000 12.00000 4.00000 11.00000 13.00000 0.00000 10.00000
0.00000 18.00000 17.00000 5.00000 0.00000 18.00000 8.00000 10.00000 16.00000 18.00000 11.00000 0.00000
p
0.0 0.0 0.0 0.0 0.0 0.0 
0.0 0.0 0.0 0.0 0.0 0.0 
0.0 0.0 0.0 0.0 0.0 0.0 
0 0 0 39 0 0 
0 0 0 39 0 0 
0 0 0 39 0 0 
0 0 28 0 0 0 
0 0 28 0 0 0 
0 0 28 0 0 0 
0 0 0 0 45 0 
0 0 0 0 45 0 
0 0 0 0 45 0 
0 0 40 0 27 0 
0 0 40 0 27 0 
0 0 40 0 27 0 
0 0 31 0 44 0 
0 0 31 0 44 0 
0 0 31 0 44 0 
0 0 0 0 18 0 
0 0 0 0 18 0 
0 0 0 0 18 0 
59 0 0 0 44 0 
59 0 0 0 44 0 
59 0 0 0 44 0 
0 0 30 0 0 0 
0 0 30 0 0 0 
0 0 30 0 0 0 
0 0 0 46 0 0 
0 0 0 46 0 0 
0 0 0 46 0 0 
0 0 48 0 0 18 
0 0 48 0 0 18 
0 0 48 0 0 18 
0.0 0.0 0.0 0.0 0.0 0.0 
0.0 0.0 0.0 0.0 0.0 0.0 
0.0 0.0 0.0 0.0 0.0 0.0 
mind
0 0 0 0 22 0 0 0 0 0 16 0
maxd
0 0 0 0 22 0 0 0 0 0 24 0
e
0 553 692 586 552 522 960 586 920 575 828 0
l
99999 673 812 706 672 642 1080 706 1040 695 948 99999
