nbNodes
12
nbVehi
3
nbServi
6
r
1 1 1 1 1 1 
0 0 0 0 1 0 
0 1 0 1 0 0 
1 0 0 0 1 0 
0 0 0 0 1 0 
0 0 1 0 0 0 
0 0 1 0 1 0 
0 0 0 0 0 1 
0 0 0 0 1 0 
0 0 0 0 1 0 
0 1 0 0 0 1 
1 1 1 1 1 1 
DS
3 4 7 11 
a
1 1 1 0 0 0 
0 0 0 1 1 1 
0 0 0 1 1 1 
x
-30.0861 -30.1093 -30.1527 -30.0244 -30.0861 -30.1676 -30.0214 -30.1447 -30.0485 -30.1231 -30.0278 -30.0861
y
-51.1708 -51.2122 -51.1372 -51.11 -51.1708 -51.2253 -51.1384 -51.1775 -51.1665 -51.2209 -51.1299 -51.1708
d
0.00000 18.00000 26.00000 27.00000 0.00000 31.00000 25.00000 21.00000 16.00000 20.00000 25.00000 0.00000
18.00000 0.00000 20.00000 29.00000 18.00000 17.00000 26.00000 12.00000 18.00000 6.00000 27.00000 18.00000
26.00000 19.00000 0.00000 38.00000 26.00000 23.00000 37.00000 13.00000 31.00000 19.00000 36.00000 26.00000
27.00000 31.00000 37.00000 0.00000 27.00000 43.00000 9.00000 40.00000 15.00000 32.00000 7.00000 27.00000
0.00000 18.00000 26.00000 27.00000 0.00000 31.00000 25.00000 21.00000 16.00000 20.00000 25.00000 0.00000
31.00000 17.00000 23.00000 42.00000 31.00000 0.00000 39.00000 18.00000 31.00000 12.00000 40.00000 31.00000
24.00000 28.00000 37.00000 8.00000 24.00000 40.00000 0.00000 38.00000 12.00000 30.00000 5.00000 24.00000
21.00000 12.00000 14.00000 38.00000 21.00000 18.00000 35.00000 0.00000 27.00000 11.00000 36.00000 21.00000
15.00000 19.00000 31.00000 13.00000 15.00000 31.00000 10.00000 29.00000 0.00000 20.00000 11.00000 15.00000
19.00000 5.00000 20.00000 30.00000 19.00000 13.00000 27.00000 12.00000 19.00000 0.00000 28.00000 19.00000
24.00000 28.00000 36.00000 6.00000 24.00000 40.00000 5.00000 37.00000 13.00000 30.00000 0.00000 24.00000
0.00000 18.00000 26.00000 27.00000 0.00000 31.00000 25.00000 21.00000 16.00000 20.00000 25.00000 0.00000
p
0.0 0.0 0.0 0.0 0.0 0.0 
0.0 0.0 0.0 0.0 0.0 0.0 
0.0 0.0 0.0 0.0 0.0 0.0 
0 0 0 0 22 0 
0 0 0 0 22 0 
0 0 0 0 22 0 
0 33 0 53 0 0 
0 33 0 53 0 0 
0 33 0 53 0 0 
15 0 0 0 22 0 
15 0 0 0 22 0 
15 0 0 0 22 0 
0 0 0 0 40 0 
0 0 0 0 40 0 
0 0 0 0 40 0 
0 0 19 0 0 0 
0 0 19 0 0 0 
0 0 19 0 0 0 
0 0 51 0 60 0 
0 0 51 0 60 0 
0 0 51 0 60 0 
0 0 0 0 0 32 
0 0 0 0 0 32 
0 0 0 0 0 32 
0 0 0 0 41 0 
0 0 0 0 41 0 
0 0 0 0 41 0 
0 0 0 0 19 0 
0 0 0 0 19 0 
0 0 0 0 19 0 
0 43 0 0 0 48 
0 43 0 0 0 48 
0 43 0 0 0 48 
0.0 0.0 0.0 0.0 0.0 0.0 
0.0 0.0 0.0 0.0 0.0 0.0 
0.0 0.0 0.0 0.0 0.0 0.0 
mind
0 0 0 0 0 0 11 0 0 0 24 0
maxd
0 0 0 0 0 0 25 0 0 0 26 0
e
0 663 548 546 599 731 938 831 633 687 756 0
l
99999 783 668 666 719 851 1058 951 753 807 876 99999
