nbNodes
12
nbVehi
3
nbServi
6
r
1 1 1 1 1 1 
1 0 0 0 0 0 
0 0 1 0 0 0 
1 0 0 0 0 1 
1 0 0 1 0 0 
0 0 0 1 0 0 
0 0 1 0 0 0 
0 1 0 0 0 1 
0 0 1 0 0 1 
1 0 0 0 0 0 
0 1 0 0 0 0 
1 1 1 1 1 1 
DS
4 5 8 9 
a
1 1 1 0 0 0 
0 0 0 1 0 1 
0 0 0 0 1 1 
x
-29.9935 -29.9935 -30.027 -30.0672 -30.0229 -30.0704 -30.0481 -30.0103 -30.1481 -30.0677 -30.1443 -29.9935
y
-51.135 -51.135 -51.2219 -51.156 -51.2011 -51.2214 -51.1625 -51.1027 -51.1082 -51.1693 -51.1277 -51.135
d
0.00000 0.00000 18.00000 20.00000 15.00000 24.00000 17.00000 11.00000 41.00000 20.00000 40.00000 0.00000
0.00000 0.00000 18.00000 20.00000 15.00000 24.00000 17.00000 11.00000 41.00000 20.00000 40.00000 0.00000
17.00000 17.00000 0.00000 16.00000 6.00000 12.00000 15.00000 23.00000 39.00000 15.00000 38.00000 17.00000
20.00000 20.00000 15.00000 0.00000 16.00000 16.00000 7.00000 18.00000 26.00000 6.00000 25.00000 20.00000
15.00000 15.00000 6.00000 15.00000 0.00000 12.00000 13.00000 21.00000 38.00000 14.00000 37.00000 15.00000
25.00000 25.00000 12.00000 15.00000 13.00000 0.00000 17.00000 29.00000 37.00000 14.00000 32.00000 25.00000
15.00000 15.00000 14.00000 7.00000 13.00000 17.00000 0.00000 17.00000 29.00000 7.00000 28.00000 15.00000
10.00000 10.00000 23.00000 19.00000 20.00000 29.00000 17.00000 0.00000 37.00000 21.00000 37.00000 10.00000
41.00000 41.00000 38.00000 27.00000 38.00000 36.00000 29.00000 37.00000 0.00000 30.00000 7.00000 41.00000
20.00000 20.00000 14.00000 5.00000 15.00000 15.00000 8.00000 21.00000 28.00000 0.00000 27.00000 20.00000
40.00000 40.00000 37.00000 26.00000 37.00000 31.00000 28.00000 36.00000 6.00000 29.00000 0.00000 40.00000
0.00000 0.00000 18.00000 20.00000 15.00000 24.00000 17.00000 11.00000 41.00000 20.00000 40.00000 0.00000
p
0.0 0.0 0.0 0.0 0.0 0.0 
0.0 0.0 0.0 0.0 0.0 0.0 
0.0 0.0 0.0 0.0 0.0 0.0 
50 0 0 0 0 0 
50 0 0 0 0 0 
50 0 0 0 0 0 
0 0 51 0 0 0 
0 0 51 0 0 0 
0 0 51 0 0 0 
32 0 0 0 0 56 
32 0 0 0 0 56 
32 0 0 0 0 56 
48 0 0 50 0 0 
48 0 0 50 0 0 
48 0 0 50 0 0 
0 0 0 40 0 0 
0 0 0 40 0 0 
0 0 0 40 0 0 
0 0 59 0 0 0 
0 0 59 0 0 0 
0 0 59 0 0 0 
0 54 0 0 0 42 
0 54 0 0 0 42 
0 54 0 0 0 42 
0 0 51 0 0 30 
0 0 51 0 0 30 
0 0 51 0 0 30 
37 0 0 0 0 0 
37 0 0 0 0 0 
37 0 0 0 0 0 
0 57 0 0 0 0 
0 57 0 0 0 0 
0 57 0 0 0 0 
0.0 0.0 0.0 0.0 0.0 0.0 
0.0 0.0 0.0 0.0 0.0 0.0 
0.0 0.0 0.0 0.0 0.0 0.0 
mind
0 0 0 0 0 0 0 16 11 0 0 0
maxd
0 0 0 0 0 0 0 24 30 0 0 0
e
0 580 622 656 493 874 928 805 869 493 915 0
l
99999 700 742 776 613 994 1048 925 989 613 1035 99999
