nbNodes
12
nbVehi
3
nbServi
6
r
1 1 1 1 1 1 
0 0 0 0 1 0 
0 1 0 0 0 1 
0 0 0 1 0 0 
1 0 0 0 0 1 
0 0 0 1 0 0 
0 0 0 1 0 0 
0 0 0 0 1 0 
0 0 1 1 0 0 
0 1 0 0 0 1 
0 0 1 0 0 0 
1 1 1 1 1 1 
DS
3 5 9 10 
a
1 1 1 0 0 0 
0 0 0 1 0 1 
0 0 0 0 1 0 
x
-30.0717 -29.9806 -30.1116 -30.0717 -30.0685 -30.0477 -30.1631 -29.9833 -30.1542 -30.0523 -30.0699 -30.0717
y
-51.1707 -51.1365 -51.1198 -51.1707 -51.1984 -51.13 -51.1373 -51.1204 -51.1682 -51.2214 -51.2068 -51.1707
d
0.00000 25.00000 17.00000 0.00000 10.00000 15.00000 34.00000 29.00000 30.00000 12.00000 11.00000 0.00000
25.00000 0.00000 31.00000 25.00000 27.00000 18.00000 49.00000 9.00000 48.00000 24.00000 27.00000 25.00000
19.00000 33.00000 0.00000 19.00000 22.00000 20.00000 22.00000 37.00000 26.00000 25.00000 23.00000 19.00000
0.00000 25.00000 17.00000 0.00000 10.00000 15.00000 34.00000 29.00000 30.00000 12.00000 11.00000 0.00000
8.00000 27.00000 20.00000 8.00000 0.00000 17.00000 29.00000 31.00000 25.00000 9.00000 4.00000 8.00000
15.00000 17.00000 20.00000 15.00000 18.00000 0.00000 38.00000 21.00000 37.00000 20.00000 19.00000 15.00000
33.00000 50.00000 23.00000 33.00000 29.00000 37.00000 0.00000 54.00000 7.00000 33.00000 28.00000 33.00000
29.00000 9.00000 36.00000 29.00000 30.00000 22.00000 54.00000 0.00000 52.00000 28.00000 30.00000 29.00000
29.00000 47.00000 28.00000 29.00000 25.00000 36.00000 7.00000 51.00000 0.00000 29.00000 24.00000 29.00000
12.00000 26.00000 24.00000 12.00000 8.00000 20.00000 33.00000 30.00000 29.00000 0.00000 6.00000 12.00000
10.00000 28.00000 22.00000 10.00000 4.00000 19.00000 28.00000 32.00000 24.00000 8.00000 0.00000 10.00000
0.00000 25.00000 17.00000 0.00000 10.00000 15.00000 34.00000 29.00000 30.00000 12.00000 11.00000 0.00000
p
0.0 0.0 0.0 0.0 0.0 0.0 
0.0 0.0 0.0 0.0 0.0 0.0 
0.0 0.0 0.0 0.0 0.0 0.0 
0 0 0 0 50 0 
0 0 0 0 50 0 
0 0 0 0 50 0 
0 50 0 0 0 40 
0 50 0 0 0 40 
0 50 0 0 0 40 
0 0 0 26 0 0 
0 0 0 26 0 0 
0 0 0 26 0 0 
54 0 0 0 0 45 
54 0 0 0 0 45 
54 0 0 0 0 45 
0 0 0 42 0 0 
0 0 0 42 0 0 
0 0 0 42 0 0 
0 0 0 46 0 0 
0 0 0 46 0 0 
0 0 0 46 0 0 
0 0 0 0 36 0 
0 0 0 0 36 0 
0 0 0 0 36 0 
0 0 48 50 0 0 
0 0 48 50 0 0 
0 0 48 50 0 0 
0 58 0 0 0 45 
0 58 0 0 0 45 
0 58 0 0 0 45 
0 0 15 0 0 0 
0 0 15 0 0 0 
0 0 15 0 0 0 
0.0 0.0 0.0 0.0 0.0 0.0 
0.0 0.0 0.0 0.0 0.0 0.0 
0.0 0.0 0.0 0.0 0.0 0.0 
mind
0 0 0 0 0 0 0 0 22 11 0 0
maxd
0 0 0 0 0 0 0 0 23 16 0 0
e
0 830 486 696 568 507 572 485 520 480 544 0
l
99999 950 606 816 688 627 692 605 640 600 664 99999
