nbNodes
12
nbVehi
3
nbServi
6
r
1 1 1 1 1 1 
0 1 0 0 1 0 
0 0 1 0 0 1 
0 0 1 0 0 0 
0 0 0 0 0 1 
0 0 0 0 0 1 
0 0 0 0 0 1 
0 0 1 0 0 1 
0 0 1 0 0 0 
0 0 0 0 1 0 
0 0 1 1 0 0 
1 1 1 1 1 1 
DS
2 3 8 11 
a
1 1 1 0 0 0 
0 0 0 1 0 0 
0 0 0 0 1 1 
x
-30.0573 -30.1345 -30.0306 -30.0573 -29.9862 -30.0337 -30.0004 -30.1646 -30.0089 -30.0972 -30.0346 -30.0573
y
-51.179 -51.2004 -51.203 -51.179 -51.1974 -51.1468 -51.1324 -51.2016 -51.2078 -51.1347 -51.1666 -51.179
d
0.00000 23.00000 10.00000 0.00000 16.00000 11.00000 17.00000 27.00000 14.00000 16.00000 8.00000 0.00000
22.00000 0.00000 27.00000 22.00000 34.00000 29.00000 36.00000 12.00000 31.00000 24.00000 27.00000 22.00000
8.00000 26.00000 0.00000 8.00000 11.00000 12.00000 15.00000 29.00000 8.00000 20.00000 10.00000 8.00000
0.00000 23.00000 10.00000 0.00000 16.00000 11.00000 17.00000 27.00000 14.00000 16.00000 8.00000 0.00000
17.00000 34.00000 10.00000 17.00000 0.00000 15.00000 13.00000 38.00000 6.00000 27.00000 14.00000 17.00000
11.00000 31.00000 12.00000 11.00000 16.00000 0.00000 9.00000 35.00000 15.00000 15.00000 6.00000 11.00000
19.00000 39.00000 15.00000 19.00000 14.00000 11.00000 0.00000 42.00000 15.00000 23.00000 12.00000 19.00000
26.00000 12.00000 31.00000 26.00000 38.00000 34.00000 40.00000 0.00000 35.00000 27.00000 31.00000 26.00000
14.00000 31.00000 6.00000 14.00000 7.00000 14.00000 13.00000 34.00000 0.00000 25.00000 12.00000 14.00000
14.00000 24.00000 21.00000 14.00000 26.00000 15.00000 23.00000 27.00000 25.00000 0.00000 17.00000 14.00000
8.00000 28.00000 11.00000 8.00000 13.00000 5.00000 11.00000 32.00000 13.00000 17.00000 0.00000 8.00000
0.00000 23.00000 10.00000 0.00000 16.00000 11.00000 17.00000 27.00000 14.00000 16.00000 8.00000 0.00000
p
0.0 0.0 0.0 0.0 0.0 0.0 
0.0 0.0 0.0 0.0 0.0 0.0 
0.0 0.0 0.0 0.0 0.0 0.0 
0 29 0 0 58 0 
0 29 0 0 58 0 
0 29 0 0 58 0 
0 0 54 0 0 31 
0 0 54 0 0 31 
0 0 54 0 0 31 
0 0 26 0 0 0 
0 0 26 0 0 0 
0 0 26 0 0 0 
0 0 0 0 0 24 
0 0 0 0 0 24 
0 0 0 0 0 24 
0 0 0 0 0 53 
0 0 0 0 0 53 
0 0 0 0 0 53 
0 0 0 0 0 23 
0 0 0 0 0 23 
0 0 0 0 0 23 
0 0 46 0 0 35 
0 0 46 0 0 35 
0 0 46 0 0 35 
0 0 29 0 0 0 
0 0 29 0 0 0 
0 0 29 0 0 0 
0 0 0 0 44 0 
0 0 0 0 44 0 
0 0 0 0 44 0 
0 0 60 36 0 0 
0 0 60 36 0 0 
0 0 60 36 0 0 
0.0 0.0 0.0 0.0 0.0 0.0 
0.0 0.0 0.0 0.0 0.0 0.0 
0.0 0.0 0.0 0.0 0.0 0.0 
mind
0 0 12 0 0 0 0 0 0 0 13 0
maxd
0 0 15 0 0 0 0 0 0 0 17 0
e
0 728 809 800 812 764 684 780 652 552 543 0
l
99999 848 929 920 932 884 804 900 772 672 663 99999
