nbNodes
12
nbVehi
3
nbServi
6
r
1 1 1 1 1 1 
1 0 0 0 0 0 
0 0 0 0 0 1 
0 1 0 0 0 1 
0 0 0 1 0 0 
0 1 0 0 0 1 
0 1 0 0 1 0 
1 0 0 1 0 0 
0 1 0 0 0 0 
0 1 0 0 0 0 
0 0 0 1 0 0 
1 1 1 1 1 1 
DS
4 6 7 8 
a
1 1 1 0 0 0 
0 0 0 1 1 0 
0 0 0 1 0 1 
x
-30.0058 -30.0262 -30.0206 -30.156 -30.1109 -30.0226 -30.0914 -30.086 -30.179 -30.0862 -30.0058 -30.0058
y
-51.1727 -51.1006 -51.103 -51.1509 -51.1585 -51.1112 -51.2326 -51.235 -51.139 -51.238 -51.1727 -51.1727
d
0.00000 16.00000 15.00000 42.00000 29.00000 13.00000 24.00000 23.00000 45.00000 23.00000 0.00000 0.00000
15.00000 0.00000 3.00000 41.00000 29.00000 4.00000 29.00000 30.00000 47.00000 31.00000 15.00000 15.00000
13.00000 3.00000 0.00000 42.00000 27.00000 2.00000 28.00000 28.00000 46.00000 29.00000 13.00000 13.00000
40.00000 41.00000 42.00000 0.00000 19.00000 41.00000 23.00000 24.00000 9.00000 25.00000 40.00000 40.00000
29.00000 29.00000 28.00000 18.00000 0.00000 26.00000 18.00000 20.00000 21.00000 20.00000 29.00000 29.00000
13.00000 4.00000 3.00000 41.00000 26.00000 0.00000 27.00000 28.00000 46.00000 29.00000 13.00000 13.00000
22.00000 29.00000 28.00000 22.00000 18.00000 26.00000 0.00000 3.00000 25.00000 3.00000 22.00000 22.00000
23.00000 30.00000 29.00000 25.00000 21.00000 27.00000 5.00000 0.00000 27.00000 2.00000 23.00000 23.00000
42.00000 47.00000 47.00000 9.00000 20.00000 46.00000 25.00000 26.00000 0.00000 27.00000 42.00000 42.00000
23.00000 31.00000 30.00000 25.00000 21.00000 29.00000 5.00000 2.00000 28.00000 0.00000 23.00000 23.00000
0.00000 16.00000 15.00000 42.00000 29.00000 13.00000 24.00000 23.00000 45.00000 23.00000 0.00000 0.00000
0.00000 16.00000 15.00000 42.00000 29.00000 13.00000 24.00000 23.00000 45.00000 23.00000 0.00000 0.00000
p
0.0 0.0 0.0 0.0 0.0 0.0 
0.0 0.0 0.0 0.0 0.0 0.0 
0.0 0.0 0.0 0.0 0.0 0.0 
44 0 0 0 0 0 
44 0 0 0 0 0 
44 0 0 0 0 0 
0 0 0 0 0 60 
0 0 0 0 0 60 
0 0 0 0 0 60 
0 56 0 0 0 29 
0 56 0 0 0 29 
0 56 0 0 0 29 
0 0 0 23 0 0 
0 0 0 23 0 0 
0 0 0 23 0 0 
0 20 0 0 0 30 
0 20 0 0 0 30 
0 20 0 0 0 30 
0 44 0 0 44 0 
0 44 0 0 44 0 
0 44 0 0 44 0 
49 0 0 59 0 0 
49 0 0 59 0 0 
49 0 0 59 0 0 
0 36 0 0 0 0 
0 36 0 0 0 0 
0 36 0 0 0 0 
0 36 0 0 0 0 
0 36 0 0 0 0 
0 36 0 0 0 0 
0 0 0 22 0 0 
0 0 0 22 0 0 
0 0 0 22 0 0 
0.0 0.0 0.0 0.0 0.0 0.0 
0.0 0.0 0.0 0.0 0.0 0.0 
0.0 0.0 0.0 0.0 0.0 0.0 
mind
0 0 0 10 0 0 0 16 0 0 0 0
maxd
0 0 0 30 0 0 0 24 0 0 0 0
e
0 580 835 776 683 698 674 580 884 809 736 0
l
99999 700 955 896 803 818 794 700 1004 929 856 99999
