nbNodes
12
nbVehi
3
nbServi
6
r
1 1 1 1 1 1 
0 0 1 0 0 0 
0 1 0 0 0 1 
0 1 0 0 0 1 
0 0 0 1 0 0 
0 0 0 0 0 1 
0 1 0 0 0 1 
0 1 0 0 0 0 
0 1 0 0 0 0 
1 0 0 0 0 0 
0 0 1 0 0 1 
1 1 1 1 1 1 
DS
3 4 7 11 
a
1 1 1 0 0 0 
0 0 0 1 1 1 
0 0 0 1 1 1 
x
-30.1182 -30.0307 -30.208 -30.0719 -30.1182 -30.148 -30.0328 -30.1491 -30.0314 -30.0912 -30.0423 -30.1182
y
-51.1429 -51.1096 -51.1696 -51.1524 -51.1429 -51.1661 -51.1194 -51.1323 -51.1183 -51.1688 -51.1281 -51.1429
d
0.00000 30.00000 27.00000 19.00000 0.00000 15.00000 26.00000 10.00000 27.00000 19.00000 25.00000 0.00000
30.00000 0.00000 52.00000 15.00000 30.00000 39.00000 5.00000 35.00000 5.00000 28.00000 8.00000 30.00000
27.00000 52.00000 0.00000 42.00000 27.00000 16.00000 48.00000 18.00000 49.00000 32.00000 47.00000 27.00000
19.00000 15.00000 42.00000 0.00000 19.00000 28.00000 12.00000 26.00000 13.00000 15.00000 11.00000 19.00000
0.00000 30.00000 27.00000 19.00000 0.00000 15.00000 26.00000 10.00000 27.00000 19.00000 25.00000 0.00000
15.00000 39.00000 17.00000 29.00000 15.00000 0.00000 36.00000 9.00000 37.00000 19.00000 34.00000 15.00000
26.00000 5.00000 49.00000 11.00000 26.00000 35.00000 0.00000 33.00000 2.00000 25.00000 5.00000 26.00000
10.00000 36.00000 18.00000 26.00000 10.00000 9.00000 33.00000 0.00000 34.00000 25.00000 32.00000 10.00000
27.00000 5.00000 51.00000 12.00000 27.00000 37.00000 2.00000 34.00000 0.00000 26.00000 6.00000 27.00000
19.00000 29.00000 33.00000 16.00000 19.00000 19.00000 25.00000 25.00000 26.00000 0.00000 24.00000 19.00000
26.00000 8.00000 49.00000 11.00000 26.00000 35.00000 4.00000 33.00000 5.00000 24.00000 0.00000 26.00000
0.00000 30.00000 27.00000 19.00000 0.00000 15.00000 26.00000 10.00000 27.00000 19.00000 25.00000 0.00000
p
0.0 0.0 0.0 0.0 0.0 0.0 
0.0 0.0 0.0 0.0 0.0 0.0 
0.0 0.0 0.0 0.0 0.0 0.0 
0 0 33 0 0 0 
0 0 33 0 0 0 
0 0 33 0 0 0 
0 36 0 0 0 46 
0 36 0 0 0 46 
0 36 0 0 0 46 
0 24 0 0 0 46 
0 24 0 0 0 46 
0 24 0 0 0 46 
0 0 0 32 0 0 
0 0 0 32 0 0 
0 0 0 32 0 0 
0 0 0 0 0 41 
0 0 0 0 0 41 
0 0 0 0 0 41 
0 19 0 0 0 26 
0 19 0 0 0 26 
0 19 0 0 0 26 
0 35 0 0 0 0 
0 35 0 0 0 0 
0 35 0 0 0 0 
0 57 0 0 0 0 
0 57 0 0 0 0 
0 57 0 0 0 0 
39 0 0 0 0 0 
39 0 0 0 0 0 
39 0 0 0 0 0 
0 0 31 0 0 17 
0 0 31 0 0 17 
0 0 31 0 0 17 
0.0 0.0 0.0 0.0 0.0 0.0 
0.0 0.0 0.0 0.0 0.0 0.0 
0.0 0.0 0.0 0.0 0.0 0.0 
mind
0 0 0 10 0 0 0 0 0 0 26 0
maxd
0 0 0 25 0 0 0 0 0 0 28 0
e
0 524 908 811 875 754 574 910 606 578 608 0
l
99999 644 1028 931 995 874 694 1030 726 698 728 99999
