nbNodes
12
nbVehi
3
nbServi
6
r
1 1 1 1 1 1 
0 0 1 0 1 0 
1 0 0 0 0 0 
0 0 0 0 0 1 
1 0 0 1 0 0 
0 1 0 0 0 0 
0 1 0 1 0 0 
0 0 1 0 0 0 
0 0 0 0 0 1 
0 1 0 0 1 0 
0 0 0 0 0 1 
1 1 1 1 1 1 
DS
2 5 7 10 
a
1 1 1 0 0 0 
0 0 0 1 1 0 
0 0 0 0 0 1 
x
-30.0818 -30.145 -30.0644 -30.0856 -30.132 -30.1479 -30.0569 -30.0818 -30.1485 -30.151 -30.1315 -30.0818
y
-51.1742 -51.1282 -51.2245 -51.1155 -51.2003 -51.1448 -51.2178 -51.1742 -51.1586 -51.1363 -51.2037 -51.1742
d
0.00000 33.00000 18.00000 20.00000 27.00000 29.00000 17.00000 0.00000 26.00000 31.00000 27.00000 0.00000
33.00000 0.00000 32.00000 21.00000 23.00000 5.00000 33.00000 33.00000 9.00000 3.00000 22.00000 33.00000
18.00000 34.00000 0.00000 21.00000 22.00000 30.00000 3.00000 18.00000 26.00000 32.00000 22.00000 18.00000
23.00000 21.00000 23.00000 0.00000 30.00000 25.00000 22.00000 23.00000 27.00000 23.00000 30.00000 23.00000
27.00000 23.00000 21.00000 31.00000 0.00000 19.00000 21.00000 27.00000 15.00000 21.00000 4.00000 27.00000
29.00000 5.00000 28.00000 25.00000 19.00000 0.00000 29.00000 29.00000 5.00000 3.00000 18.00000 29.00000
16.00000 34.00000 4.00000 19.00000 23.00000 30.00000 0.00000 16.00000 27.00000 32.00000 22.00000 16.00000
0.00000 33.00000 18.00000 20.00000 27.00000 29.00000 17.00000 0.00000 26.00000 31.00000 27.00000 0.00000
26.00000 9.00000 25.00000 27.00000 15.00000 5.00000 25.00000 26.00000 0.00000 7.00000 15.00000 26.00000
31.00000 3.00000 30.00000 23.00000 21.00000 3.00000 31.00000 31.00000 7.00000 0.00000 20.00000 31.00000
27.00000 22.00000 20.00000 30.00000 4.00000 18.00000 21.00000 27.00000 15.00000 20.00000 0.00000 27.00000
0.00000 33.00000 18.00000 20.00000 27.00000 29.00000 17.00000 0.00000 26.00000 31.00000 27.00000 0.00000
p
0.0 0.0 0.0 0.0 0.0 0.0 
0.0 0.0 0.0 0.0 0.0 0.0 
0.0 0.0 0.0 0.0 0.0 0.0 
0 0 57 0 41 0 
0 0 57 0 41 0 
0 0 57 0 41 0 
58 0 0 0 0 0 
58 0 0 0 0 0 
58 0 0 0 0 0 
0 0 0 0 0 44 
0 0 0 0 0 44 
0 0 0 0 0 44 
49 0 0 59 0 0 
49 0 0 59 0 0 
49 0 0 59 0 0 
0 47 0 0 0 0 
0 47 0 0 0 0 
0 47 0 0 0 0 
0 17 0 31 0 0 
0 17 0 31 0 0 
0 17 0 31 0 0 
0 0 60 0 0 0 
0 0 60 0 0 0 
0 0 60 0 0 0 
0 0 0 0 0 49 
0 0 0 0 0 49 
0 0 0 0 0 49 
0 28 0 0 39 0 
0 28 0 0 39 0 
0 28 0 0 39 0 
0 0 0 0 0 21 
0 0 0 0 0 21 
0 0 0 0 0 21 
0.0 0.0 0.0 0.0 0.0 0.0 
0.0 0.0 0.0 0.0 0.0 0.0 
0.0 0.0 0.0 0.0 0.0 0.0 
mind
0 10 0 0 0 0 16 0 0 0 0 0
maxd
0 28 0 0 0 0 17 0 0 0 0 0
e
0 956 523 704 879 746 543 894 629 745 525 0
l
99999 1076 643 824 999 866 663 1014 749 865 645 99999
