nbNodes
12
nbVehi
3
nbServi
6
r
1 1 1 1 1 1 
0 0 0 1 0 0 
0 0 0 1 0 0 
1 0 0 0 0 1 
1 0 0 0 1 0 
0 0 1 0 0 0 
1 0 0 0 0 0 
0 0 0 1 0 0 
1 0 0 0 0 1 
1 0 0 0 0 0 
0 1 0 0 1 0 
1 1 1 1 1 1 
DS
4 5 9 11 
a
1 1 1 0 0 0 
0 0 0 1 1 1 
0 0 0 1 1 1 
x
-30.0908 -29.9858 -30.0908 -30.1234 -30.0702 -30.063 -30.0406 -30.1409 -30.0194 -30.1638 -30.1959 -30.0908
y
-51.1823 -51.1362 -51.1823 -51.2209 -51.2225 -51.1887 -51.2193 -51.1974 -51.1397 -51.2314 -51.133 -51.1823
d
0.00000 29.00000 0.00000 15.00000 12.00000 11.00000 14.00000 18.00000 22.00000 28.00000 27.00000 0.00000
31.00000 0.00000 31.00000 36.00000 26.00000 24.00000 24.00000 43.00000 10.00000 48.00000 57.00000 31.00000
0.00000 29.00000 0.00000 15.00000 12.00000 11.00000 14.00000 18.00000 22.00000 28.00000 27.00000 0.00000
15.00000 35.00000 15.00000 0.00000 14.00000 16.00000 20.00000 9.00000 27.00000 14.00000 25.00000 15.00000
12.00000 27.00000 12.00000 15.00000 0.00000 10.00000 9.00000 21.00000 22.00000 27.00000 36.00000 12.00000
10.00000 24.00000 10.00000 15.00000 10.00000 0.00000 9.00000 22.00000 16.00000 27.00000 36.00000 10.00000
12.00000 23.00000 12.00000 18.00000 8.00000 7.00000 0.00000 24.00000 18.00000 30.00000 38.00000 12.00000
18.00000 41.00000 18.00000 8.00000 20.00000 22.00000 26.00000 0.00000 33.00000 14.00000 21.00000 18.00000
24.00000 11.00000 24.00000 30.00000 23.00000 18.00000 22.00000 36.00000 0.00000 42.00000 49.00000 24.00000
28.00000 48.00000 28.00000 14.00000 27.00000 29.00000 34.00000 15.00000 41.00000 0.00000 27.00000 28.00000
27.00000 55.00000 27.00000 24.00000 34.00000 36.00000 41.00000 21.00000 48.00000 27.00000 0.00000 27.00000
0.00000 29.00000 0.00000 15.00000 12.00000 11.00000 14.00000 18.00000 22.00000 28.00000 27.00000 0.00000
p
0.0 0.0 0.0 0.0 0.0 0.0 
0.0 0.0 0.0 0.0 0.0 0.0 
0.0 0.0 0.0 0.0 0.0 0.0 
0 0 0 43 0 0 
0 0 0 43 0 0 
0 0 0 43 0 0 
0 0 0 38 0 0 
0 0 0 38 0 0 
0 0 0 38 0 0 
54 0 0 0 0 57 
54 0 0 0 0 57 
54 0 0 0 0 57 
50 0 0 0 31 0 
50 0 0 0 31 0 
50 0 0 0 31 0 
0 0 16 0 0 0 
0 0 16 0 0 0 
0 0 16 0 0 0 
26 0 0 0 0 0 
26 0 0 0 0 0 
26 0 0 0 0 0 
0 0 0 30 0 0 
0 0 0 30 0 0 
0 0 0 30 0 0 
47 0 0 0 0 45 
47 0 0 0 0 45 
47 0 0 0 0 45 
48 0 0 0 0 0 
48 0 0 0 0 0 
48 0 0 0 0 0 
0 44 0 0 43 0 
0 44 0 0 43 0 
0 44 0 0 43 0 
0.0 0.0 0.0 0.0 0.0 0.0 
0.0 0.0 0.0 0.0 0.0 0.0 
0.0 0.0 0.0 0.0 0.0 0.0 
mind
0 0 0 0 0 0 0 0 18 0 26 0
maxd
0 0 0 0 0 0 0 0 21 0 30 0
e
0 736 750 690 865 777 490 621 553 531 769 0
l
99999 856 870 810 985 897 610 741 673 651 889 99999
