nbNodes
12
nbVehi
3
nbServi
6
r
1 1 1 1 1 1 
1 0 0 0 1 0 
0 0 1 0 1 0 
0 0 0 0 0 1 
0 0 0 0 0 1 
1 0 0 0 1 0 
0 0 0 0 0 1 
0 0 0 0 1 0 
1 0 0 0 0 0 
0 1 0 0 0 1 
0 0 1 0 0 0 
1 1 1 1 1 1 
DS
2 3 6 10 
a
1 1 1 0 0 0 
0 0 0 1 1 0 
0 0 0 0 0 1 
x
-30.1088 -30.1315 -30.0229 -30.132 -30.0856 -30.0304 -30.0262 -30.145 -29.9967 -30.1088 -30.0569 -30.1088
y
-51.2355 -51.2037 -51.1752 -51.2003 -51.1155 -51.114 -51.1275 -51.1282 -51.1087 -51.2355 -51.2178 -51.2355
d
0.00000 13.00000 20.00000 13.00000 25.00000 27.00000 28.00000 25.00000 34.00000 0.00000 14.00000 0.00000
12.00000 0.00000 26.00000 4.00000 30.00000 33.00000 34.00000 22.00000 40.00000 12.00000 21.00000 12.00000
22.00000 29.00000 0.00000 30.00000 20.00000 14.00000 13.00000 35.00000 16.00000 22.00000 12.00000 22.00000
13.00000 4.00000 27.00000 0.00000 31.00000 34.00000 35.00000 23.00000 40.00000 13.00000 21.00000 13.00000
28.00000 30.00000 20.00000 30.00000 0.00000 17.00000 21.00000 21.00000 26.00000 28.00000 22.00000 28.00000
28.00000 35.00000 14.00000 36.00000 18.00000 0.00000 6.00000 32.00000 10.00000 28.00000 21.00000 28.00000
28.00000 36.00000 13.00000 37.00000 19.00000 7.00000 0.00000 34.00000 10.00000 28.00000 22.00000 28.00000
25.00000 22.00000 33.00000 23.00000 21.00000 33.00000 35.00000 0.00000 38.00000 25.00000 33.00000 25.00000
33.00000 41.00000 17.00000 41.00000 23.00000 10.00000 10.00000 38.00000 0.00000 33.00000 26.00000 33.00000
0.00000 13.00000 20.00000 13.00000 25.00000 27.00000 28.00000 25.00000 34.00000 0.00000 14.00000 0.00000
14.00000 22.00000 11.00000 23.00000 19.00000 20.00000 22.00000 34.00000 26.00000 14.00000 0.00000 14.00000
0.00000 13.00000 20.00000 13.00000 25.00000 27.00000 28.00000 25.00000 34.00000 0.00000 14.00000 0.00000
p
0.0 0.0 0.0 0.0 0.0 0.0 
0.0 0.0 0.0 0.0 0.0 0.0 
0.0 0.0 0.0 0.0 0.0 0.0 
34 0 0 0 48 0 
34 0 0 0 48 0 
34 0 0 0 48 0 
0 0 45 0 32 0 
0 0 45 0 32 0 
0 0 45 0 32 0 
0 0 0 0 0 60 
0 0 0 0 0 60 
0 0 0 0 0 60 
0 0 0 0 0 58 
0 0 0 0 0 58 
0 0 0 0 0 58 
49 0 0 0 39 0 
49 0 0 0 39 0 
49 0 0 0 39 0 
0 0 0 0 0 17 
0 0 0 0 0 17 
0 0 0 0 0 17 
0 0 0 0 36 0 
0 0 0 0 36 0 
0 0 0 0 36 0 
20 0 0 0 0 0 
20 0 0 0 0 0 
20 0 0 0 0 0 
0 50 0 0 0 42 
0 50 0 0 0 42 
0 50 0 0 0 42 
0 0 32 0 0 0 
0 0 32 0 0 0 
0 0 32 0 0 0 
0.0 0.0 0.0 0.0 0.0 0.0 
0.0 0.0 0.0 0.0 0.0 0.0 
0.0 0.0 0.0 0.0 0.0 0.0 
mind
0 0 18 0 0 17 0 0 0 0 0 0
maxd
0 0 27 0 0 20 0 0 0 0 0 0
e
0 665 758 536 631 692 591 943 510 491 597 0
l
99999 785 878 656 751 812 711 1063 630 611 717 99999
