nbNodes
12
nbVehi
3
nbServi
6
r
1 1 1 1 1 1 
1 0 0 1 0 0 
0 0 1 0 1 0 
0 0 1 0 1 0 
1 0 0 0 0 0 
0 0 1 0 0 1 
0 1 0 0 0 0 
0 0 0 1 0 0 
1 0 0 0 0 0 
0 0 0 0 1 0 
1 0 0 0 0 0 
1 1 1 1 1 1 
DS
2 3 4 6 
a
1 1 1 0 0 0 
0 0 0 1 1 0 
0 0 0 0 0 1 
x
-30.0796 -30.0279 -30.0383 -30.0518 -30.0437 -30.0123 -30.0087 -30.0796 -30.1496 -30.1431 -30.0511 -30.0796
y
-51.1753 -51.2052 -51.1947 -51.1708 -51.1573 -51.1521 -51.1405 -51.1753 -51.134 -51.2189 -51.2233 -51.1753
d
0.00000 17.00000 14.00000 12.00000 14.00000 22.00000 23.00000 0.00000 35.00000 25.00000 16.00000 0.00000
16.00000 0.00000 6.00000 11.00000 12.00000 11.00000 13.00000 16.00000 36.00000 23.00000 8.00000 16.00000
14.00000 5.00000 0.00000 8.00000 8.00000 14.00000 16.00000 14.00000 35.00000 22.00000 8.00000 14.00000
12.00000 11.00000 7.00000 0.00000 5.00000 11.00000 13.00000 12.00000 30.00000 22.00000 12.00000 12.00000
14.00000 13.00000 9.00000 5.00000 0.00000 8.00000 10.00000 14.00000 30.00000 25.00000 14.00000 14.00000
22.00000 13.00000 13.00000 13.00000 8.00000 0.00000 4.00000 22.00000 38.00000 33.00000 20.00000 22.00000
25.00000 13.00000 15.00000 16.00000 12.00000 7.00000 0.00000 25.00000 39.00000 35.00000 20.00000 25.00000
0.00000 17.00000 14.00000 12.00000 14.00000 22.00000 23.00000 0.00000 35.00000 25.00000 16.00000 0.00000
35.00000 36.00000 35.00000 30.00000 30.00000 37.00000 39.00000 35.00000 0.00000 19.00000 34.00000 35.00000
25.00000 25.00000 24.00000 22.00000 25.00000 31.00000 33.00000 25.00000 18.00000 0.00000 22.00000 25.00000
15.00000 8.00000 8.00000 12.00000 14.00000 17.00000 19.00000 15.00000 33.00000 21.00000 0.00000 15.00000
0.00000 17.00000 14.00000 12.00000 14.00000 22.00000 23.00000 0.00000 35.00000 25.00000 16.00000 0.00000
p
0.0 0.0 0.0 0.0 0.0 0.0 
0.0 0.0 0.0 0.0 0.0 0.0 
0.0 0.0 0.0 0.0 0.0 0.0 
53 0 0 58 0 0 
53 0 0 58 0 0 
53 0 0 58 0 0 
0 0 41 0 27 0 
0 0 41 0 27 0 
0 0 41 0 27 0 
0 0 28 0 48 0 
0 0 28 0 48 0 
0 0 28 0 48 0 
49 0 0 0 0 0 
49 0 0 0 0 0 
49 0 0 0 0 0 
0 0 57 0 0 54 
0 0 57 0 0 54 
0 0 57 0 0 54 
0 22 0 0 0 0 
0 22 0 0 0 0 
0 22 0 0 0 0 
0 0 0 60 0 0 
0 0 0 60 0 0 
0 0 0 60 0 0 
50 0 0 0 0 0 
50 0 0 0 0 0 
50 0 0 0 0 0 
0 0 0 0 51 0 
0 0 0 0 51 0 
0 0 0 0 51 0 
49 0 0 0 0 0 
49 0 0 0 0 0 
49 0 0 0 0 0 
0.0 0.0 0.0 0.0 0.0 0.0 
0.0 0.0 0.0 0.0 0.0 0.0 
0.0 0.0 0.0 0.0 0.0 0.0 
mind
0 0 11 22 0 0 0 0 0 0 0 0
maxd
0 0 14 27 0 0 0 0 0 0 0 0
e
0 730 880 581 832 622 712 657 849 536 491 0
l
99999 850 1000 701 952 742 832 777 969 656 611 99999
