nbNodes
12
nbVehi
3
nbServi
6
r
1 1 1 1 1 1 
1 0 0 1 0 0 
1 0 0 0 0 1 
0 0 0 0 0 1 
0 0 0 0 1 0 
0 0 0 0 0 1 
0 0 1 0 0 0 
1 0 0 0 0 0 
0 1 0 0 0 1 
0 0 1 0 1 0 
0 0 1 0 0 0 
1 1 1 1 1 1 
DS
2 3 9 10 
a
1 1 1 0 0 0 
0 0 0 1 1 1 
0 0 0 1 1 1 
x
-30.0898 -30.1857 -30.0898 -30.182 -30.0356 -30.0241 -30.169 -30.0114 -30.0308 -30.0401 -29.9937 -30.0898
y
-51.1673 -51.1885 -51.1673 -51.1808 -51.1643 -51.1227 -51.1924 -51.205 -51.1504 -51.1804 -51.1949 -51.1673
d
0.00000 30.00000 0.00000 28.00000 22.00000 27.00000 25.00000 24.00000 22.00000 20.00000 27.00000 0.00000
30.00000 0.00000 30.00000 5.00000 38.00000 44.00000 11.00000 40.00000 39.00000 35.00000 43.00000 30.00000
0.00000 30.00000 0.00000 28.00000 22.00000 27.00000 25.00000 24.00000 22.00000 20.00000 27.00000 0.00000
28.00000 5.00000 28.00000 0.00000 37.00000 44.00000 9.00000 39.00000 38.00000 35.00000 42.00000 28.00000
21.00000 38.00000 21.00000 38.00000 0.00000 12.00000 34.00000 13.00000 5.00000 6.00000 13.00000 21.00000
27.00000 45.00000 27.00000 45.00000 11.00000 0.00000 41.00000 18.00000 9.00000 13.00000 17.00000 27.00000
25.00000 11.00000 25.00000 9.00000 33.00000 40.00000 0.00000 35.00000 34.00000 31.00000 38.00000 25.00000
24.00000 39.00000 24.00000 39.00000 12.00000 17.00000 35.00000 0.00000 13.00000 9.00000 5.00000 24.00000
22.00000 41.00000 22.00000 40.00000 6.00000 8.00000 36.00000 14.00000 0.00000 8.00000 13.00000 22.00000
19.00000 36.00000 19.00000 35.00000 6.00000 13.00000 31.00000 10.00000 7.00000 0.00000 10.00000 19.00000
28.00000 43.00000 28.00000 43.00000 13.00000 17.00000 39.00000 5.00000 13.00000 11.00000 0.00000 28.00000
0.00000 30.00000 0.00000 28.00000 22.00000 27.00000 25.00000 24.00000 22.00000 20.00000 27.00000 0.00000
p
0.0 0.0 0.0 0.0 0.0 0.0 
0.0 0.0 0.0 0.0 0.0 0.0 
0.0 0.0 0.0 0.0 0.0 0.0 
40 0 0 39 0 0 
40 0 0 39 0 0 
40 0 0 39 0 0 
41 0 0 0 0 33 
41 0 0 0 0 33 
41 0 0 0 0 33 
0 0 0 0 0 38 
0 0 0 0 0 38 
0 0 0 0 0 38 
0 0 0 0 16 0 
0 0 0 0 16 0 
0 0 0 0 16 0 
0 0 0 0 0 55 
0 0 0 0 0 55 
0 0 0 0 0 55 
0 0 21 0 0 0 
0 0 21 0 0 0 
0 0 21 0 0 0 
23 0 0 0 0 0 
23 0 0 0 0 0 
23 0 0 0 0 0 
0 31 0 0 0 39 
0 31 0 0 0 39 
0 31 0 0 0 39 
0 0 50 0 18 0 
0 0 50 0 18 0 
0 0 50 0 18 0 
0 0 49 0 0 0 
0 0 49 0 0 0 
0 0 49 0 0 0 
0.0 0.0 0.0 0.0 0.0 0.0 
0.0 0.0 0.0 0.0 0.0 0.0 
0.0 0.0 0.0 0.0 0.0 0.0 
mind
0 10 0 0 0 0 0 0 16 0 0 0
maxd
0 17 0 0 0 0 0 0 30 0 0 0
e
0 670 948 867 736 515 691 688 735 493 548 0
l
99999 790 1068 987 856 635 811 808 855 613 668 99999
