nbNodes
12
nbVehi
3
nbServi
6
r
1 1 1 1 1 1 
0 0 0 0 1 0 
1 0 0 0 0 1 
0 0 0 0 0 1 
0 0 0 0 1 0 
1 0 0 0 0 0 
1 0 0 0 0 0 
1 0 0 0 0 1 
0 0 0 0 1 0 
1 0 0 0 0 1 
0 0 1 0 0 1 
1 1 1 1 1 1 
DS
3 8 10 11 
a
1 1 1 0 0 0 
0 0 0 1 0 1 
0 0 0 0 1 1 
x
-30.0291 -30.0744 -30.0717 -30.024 -30.0778 -30.0485 -30.0704 -30.011 -30.0291 -29.9798 -30.0492 -30.0291
y
-51.2069 -51.2202 -51.2198 -51.1711 -51.2429 -51.1972 -51.2231 -51.182 -51.2069 -51.1737 -51.1837 -51.2069
d
0.00000 12.00000 11.00000 6.00000 14.00000 5.00000 11.00000 7.00000 0.00000 12.00000 8.00000 0.00000
13.00000 0.00000 2.00000 17.00000 7.00000 11.00000 3.00000 18.00000 13.00000 23.00000 13.00000 13.00000
12.00000 3.00000 0.00000 16.00000 7.00000 10.00000 2.00000 17.00000 12.00000 22.00000 13.00000 12.00000
8.00000 18.00000 17.00000 0.00000 19.00000 9.00000 17.00000 5.00000 8.00000 13.00000 9.00000 8.00000
13.00000 7.00000 7.00000 18.00000 0.00000 11.00000 8.00000 18.00000 13.00000 22.00000 16.00000 13.00000
6.00000 11.00000 10.00000 9.00000 12.00000 0.00000 10.00000 10.00000 6.00000 16.00000 5.00000 6.00000
11.00000 3.00000 2.00000 15.00000 8.00000 9.00000 0.00000 16.00000 11.00000 21.00000 13.00000 11.00000
7.00000 18.00000 17.00000 5.00000 19.00000 10.00000 16.00000 0.00000 7.00000 9.00000 11.00000 7.00000
0.00000 12.00000 11.00000 6.00000 14.00000 5.00000 11.00000 7.00000 0.00000 12.00000 8.00000 0.00000
14.00000 24.00000 23.00000 15.00000 24.00000 17.00000 22.00000 11.00000 14.00000 0.00000 17.00000 14.00000
9.00000 11.00000 11.00000 10.00000 15.00000 5.00000 12.00000 11.00000 9.00000 17.00000 0.00000 9.00000
0.00000 12.00000 11.00000 6.00000 14.00000 5.00000 11.00000 7.00000 0.00000 12.00000 8.00000 0.00000
p
0.0 0.0 0.0 0.0 0.0 0.0 
0.0 0.0 0.0 0.0 0.0 0.0 
0.0 0.0 0.0 0.0 0.0 0.0 
0 0 0 0 34 0 
0 0 0 0 34 0 
0 0 0 0 34 0 
60 0 0 0 0 17 
60 0 0 0 0 17 
60 0 0 0 0 17 
0 0 0 0 0 50 
0 0 0 0 0 50 
0 0 0 0 0 50 
0 0 0 0 52 0 
0 0 0 0 52 0 
0 0 0 0 52 0 
20 0 0 0 0 0 
20 0 0 0 0 0 
20 0 0 0 0 0 
56 0 0 0 0 0 
56 0 0 0 0 0 
56 0 0 0 0 0 
46 0 0 0 0 39 
46 0 0 0 0 39 
46 0 0 0 0 39 
0 0 0 0 54 0 
0 0 0 0 54 0 
0 0 0 0 54 0 
53 0 0 0 0 50 
53 0 0 0 0 50 
53 0 0 0 0 50 
0 0 30 0 0 43 
0 0 30 0 0 43 
0 0 30 0 0 43 
0.0 0.0 0.0 0.0 0.0 0.0 
0.0 0.0 0.0 0.0 0.0 0.0 
0.0 0.0 0.0 0.0 0.0 0.0 
mind
0 0 15 0 0 0 0 0 0 0 25 0
maxd
0 0 30 0 0 0 0 0 0 0 30 0
e
0 818 833 491 875 887 909 684 896 630 774 0
l
99999 938 953 611 995 1007 1029 804 1016 750 894 99999
