nbNodes
52
nbVehi
10
nbServi
6
r
1 1 1 1 1 1 
0 0 0 0 1 0 
1 0 0 0 0 0 
0 0 0 0 0 1 
1 0 0 0 0 1 
0 0 1 0 1 0 
0 0 0 0 1 0 
0 0 1 1 0 0 
0 0 1 0 1 0 
0 0 1 0 0 0 
0 0 0 1 0 0 
0 0 0 1 0 0 
0 0 1 0 0 0 
0 0 1 0 0 0 
0 0 0 1 0 0 
0 0 0 0 1 0 
0 0 0 1 0 0 
0 0 1 1 0 0 
0 0 0 0 0 1 
0 0 1 1 0 0 
0 0 0 0 1 0 
0 0 0 1 0 0 
0 0 0 1 0 0 
0 0 0 0 0 1 
0 0 0 0 0 1 
0 1 0 0 0 1 
0 0 1 1 0 0 
0 1 0 0 0 0 
1 0 0 0 0 0 
0 0 1 1 0 0 
0 0 1 0 0 0 
0 0 0 0 1 0 
0 0 1 0 0 1 
0 0 1 0 1 0 
0 1 0 0 0 0 
0 0 1 0 0 0 
0 0 1 0 0 0 
0 0 0 0 1 0 
0 0 0 0 0 1 
0 0 1 0 0 1 
1 0 0 0 1 0 
0 0 1 0 0 1 
0 0 1 0 0 1 
0 0 0 1 0 0 
1 0 0 0 1 0 
0 0 1 0 0 0 
1 0 0 0 0 0 
0 0 0 0 0 1 
0 0 1 0 0 0 
0 0 0 0 1 0 
0 1 0 0 0 0 
1 1 1 1 1 1 
DS
5 6 8 9 18 20 26 27 30 33 34 40 41 42 43 45 
a
0 1 1 0 0 0 
1 0 1 0 0 0 
0 1 1 0 0 0 
0 0 1 0 0 0 
1 0 0 0 0 0 
0 0 0 1 0 0 
0 0 0 1 1 1 
0 0 0 1 1 1 
0 0 0 1 0 0 
0 0 0 1 1 1 
x
-30.0113 -30.0542 -30.0853 -30.0889 -30.0736 -30.0477 -30.0758 -30.0563 -30.1852 -30.0113 -30.082 -30.0921 -30.1523 -30.1038 -30.0232 -30.0701 -30.0731 -30.0882 -29.9942 -30.1555 -30.0813 -30.1182 -30.0452 -30.0749 -30.0785 -29.995 -30.1645 -30.0894 -30.0988 -30.0533 -30.0438 -30.0497 -30.0677 -30.0641 -30.1322 -29.986 -30.0717 -30.1174 -30.089 -30.1637 -30.0789 -30.0284 -30.0149 -30.0896 -30.0746 -30.0146 -30.1165 -30.1109 -30.0647 -30.0501 -30.101 -30.0113
y
-51.1799 -51.1823 -51.2238 -51.2268 -51.2132 -51.149 -51.2428 -51.1967 -51.2005 -51.1799 -51.232 -51.2382 -51.2103 -51.17 -51.1843 -51.2259 -51.2231 -51.2393 -51.1473 -51.2206 -51.1934 -51.1465 -51.1578 -51.1538 -51.237 -51.1108 -51.2295 -51.1226 -51.2319 -51.1975 -51.1803 -51.1905 -51.1629 -51.211 -51.2151 -51.1277 -51.1788 -51.2279 -51.2347 -51.2293 -51.2181 -51.2047 -51.1367 -51.2289 -51.2289 -51.1315 -51.257 -51.2378 -51.2172 -51.1911 -51.237 -51.1799
d
0.00000 11.00000 20.00000 21.00000 16.00000 11.00000 20.00000 13.00000 38.00000 0.00000 21.00000 22.00000 32.00000 25.00000 5.00000 16.00000 17.00000 21.00000 12.00000 31.00000 19.00000 31.00000 11.00000 18.00000 21.00000 15.00000 38.00000 22.00000 21.00000 12.00000 10.00000 12.00000 16.00000 15.00000 27.00000 12.00000 17.00000 25.00000 22.00000 37.00000 19.00000 8.00000 9.00000 21.00000 18.00000 9.00000 26.00000 25.00000 15.00000 12.00000 22.00000 0.00000
11.00000 0.00000 10.00000 11.00000 9.00000 8.00000 15.00000 4.00000 28.00000 11.00000 13.00000 12.00000 22.00000 15.00000 10.00000 11.00000 11.00000 14.00000 21.00000 21.00000 9.00000 23.00000 7.00000 10.00000 14.00000 20.00000 28.00000 14.00000 11.00000 5.00000 6.00000 3.00000 7.00000 8.00000 17.00000 20.00000 7.00000 15.00000 12.00000 27.00000 9.00000 8.00000 16.00000 11.00000 12.00000 17.00000 17.00000 15.00000 9.00000 3.00000 12.00000 11.00000
19.00000 12.00000 0.00000 4.00000 6.00000 17.00000 6.00000 12.00000 22.00000 19.00000 4.00000 6.00000 16.00000 15.00000 19.00000 6.00000 5.00000 5.00000 29.00000 15.00000 10.00000 23.00000 16.00000 17.00000 5.00000 29.00000 22.00000 22.00000 5.00000 13.00000 14.00000 13.00000 14.00000 8.00000 11.00000 29.00000 11.00000 9.00000 4.00000 21.00000 3.00000 16.00000 24.00000 4.00000 4.00000 25.00000 11.00000 9.00000 7.00000 14.00000 6.00000 19.00000
20.00000 13.00000 4.00000 0.00000 7.00000 18.00000 7.00000 13.00000 21.00000 20.00000 4.00000 4.00000 15.00000 16.00000 20.00000 8.00000 7.00000 5.00000 30.00000 15.00000 11.00000 22.00000 17.00000 18.00000 6.00000 30.00000 21.00000 23.00000 4.00000 14.00000 15.00000 15.00000 15.00000 9.00000 11.00000 30.00000 12.00000 8.00000 4.00000 20.00000 5.00000 17.00000 25.00000 2.00000 6.00000 26.00000 10.00000 8.00000 9.00000 15.00000 6.00000 20.00000
17.00000 10.00000 5.00000 7.00000 0.00000 15.00000 8.00000 8.00000 24.00000 17.00000 6.00000 8.00000 18.00000 13.00000 15.00000 5.00000 4.00000 8.00000 27.00000 17.00000 8.00000 23.00000 14.00000 16.00000 7.00000 27.00000 24.00000 20.00000 7.00000 9.00000 13.00000 11.00000 12.00000 4.00000 13.00000 27.00000 9.00000 11.00000 7.00000 23.00000 3.00000 12.00000 22.00000 7.00000 5.00000 23.00000 13.00000 10.00000 4.00000 11.00000 8.00000 17.00000
12.00000 9.00000 17.00000 17.00000 15.00000 0.00000 22.00000 10.00000 35.00000 12.00000 19.00000 19.00000 29.00000 22.00000 11.00000 18.00000 18.00000 20.00000 15.00000 28.00000 16.00000 22.00000 4.00000 9.00000 21.00000 14.00000 34.00000 13.00000 18.00000 11.00000 10.00000 10.00000 9.00000 15.00000 24.00000 15.00000 11.00000 21.00000 19.00000 33.00000 16.00000 13.00000 10.00000 17.00000 19.00000 11.00000 23.00000 21.00000 16.00000 10.00000 19.00000 12.00000
18.00000 15.00000 7.00000 7.00000 9.00000 20.00000 0.00000 12.00000 26.00000 18.00000 4.00000 6.00000 20.00000 21.00000 16.00000 6.00000 7.00000 4.00000 28.00000 19.00000 16.00000 26.00000 19.00000 21.00000 3.00000 30.00000 25.00000 25.00000 9.00000 12.00000 15.00000 12.00000 17.00000 9.00000 15.00000 28.00000 15.00000 13.00000 6.00000 25.00000 8.00000 13.00000 25.00000 7.00000 7.00000 25.00000 9.00000 10.00000 8.00000 13.00000 8.00000 18.00000
13.00000 5.00000 11.00000 12.00000 8.00000 10.00000 13.00000 0.00000 29.00000 13.00000 13.00000 13.00000 23.00000 16.00000 10.00000 8.00000 9.00000 14.00000 23.00000 22.00000 10.00000 25.00000 9.00000 12.00000 14.00000 22.00000 29.00000 16.00000 12.00000 2.00000 7.00000 4.00000 8.00000 6.00000 18.00000 22.00000 6.00000 16.00000 13.00000 28.00000 10.00000 7.00000 18.00000 12.00000 10.00000 19.00000 18.00000 15.00000 7.00000 4.00000 13.00000 13.00000
37.00000 29.00000 23.00000 21.00000 25.00000 34.00000 24.00000 29.00000 0.00000 37.00000 23.00000 21.00000 10.00000 24.00000 36.00000 27.00000 26.00000 22.00000 47.00000 8.00000 28.00000 25.00000 33.00000 35.00000 24.00000 46.00000 11.00000 36.00000 19.00000 30.00000 32.00000 31.00000 32.00000 26.00000 14.00000 46.00000 28.00000 17.00000 21.00000 10.00000 25.00000 33.00000 42.00000 21.00000 25.00000 43.00000 19.00000 19.00000 27.00000 31.00000 19.00000 37.00000
0.00000 11.00000 20.00000 21.00000 16.00000 11.00000 20.00000 13.00000 38.00000 0.00000 21.00000 22.00000 32.00000 25.00000 5.00000 16.00000 17.00000 21.00000 12.00000 31.00000 19.00000 31.00000 11.00000 18.00000 21.00000 15.00000 38.00000 22.00000 21.00000 12.00000 10.00000 12.00000 16.00000 15.00000 27.00000 12.00000 17.00000 25.00000 22.00000 37.00000 19.00000 8.00000 9.00000 21.00000 18.00000 9.00000 26.00000 25.00000 15.00000 12.00000 22.00000 0.00000
21.00000 14.00000 3.00000 4.00000 6.00000 19.00000 3.00000 13.00000 23.00000 21.00000 0.00000 4.00000 17.00000 18.00000 19.00000 6.00000 5.00000 3.00000 31.00000 17.00000 13.00000 24.00000 18.00000 20.00000 2.00000 31.00000 23.00000 24.00000 6.00000 14.00000 17.00000 15.00000 16.00000 8.00000 13.00000 31.00000 13.00000 10.00000 3.00000 22.00000 5.00000 16.00000 27.00000 4.00000 4.00000 28.00000 9.00000 9.00000 8.00000 15.00000 7.00000 21.00000
22.00000 15.00000 6.00000 5.00000 9.00000 20.00000 5.00000 15.00000 22.00000 22.00000 4.00000 0.00000 16.00000 18.00000 20.00000 9.00000 8.00000 2.00000 32.00000 16.00000 13.00000 23.00000 19.00000 20.00000 5.00000 32.00000 22.00000 25.00000 5.00000 16.00000 17.00000 16.00000 17.00000 11.00000 11.00000 32.00000 14.00000 9.00000 2.00000 21.00000 7.00000 17.00000 27.00000 5.00000 7.00000 28.00000 7.00000 7.00000 10.00000 17.00000 5.00000 22.00000
31.00000 23.00000 17.00000 15.00000 19.00000 28.00000 19.00000 23.00000 10.00000 31.00000 17.00000 15.00000 0.00000 21.00000 31.00000 21.00000 20.00000 16.00000 41.00000 4.00000 22.00000 21.00000 27.00000 29.00000 19.00000 40.00000 10.00000 33.00000 13.00000 24.00000 26.00000 25.00000 26.00000 20.00000 8.00000 40.00000 22.00000 11.00000 15.00000 9.00000 19.00000 27.00000 36.00000 15.00000 20.00000 37.00000 14.00000 13.00000 21.00000 25.00000 13.00000 31.00000
23.00000 16.00000 15.00000 16.00000 14.00000 21.00000 20.00000 15.00000 24.00000 23.00000 18.00000 17.00000 21.00000 0.00000 22.00000 17.00000 16.00000 19.00000 33.00000 20.00000 11.00000 12.00000 20.00000 20.00000 19.00000 32.00000 26.00000 15.00000 16.00000 16.00000 18.00000 17.00000 18.00000 13.00000 16.00000 33.00000 15.00000 16.00000 17.00000 26.00000 14.00000 19.00000 28.00000 16.00000 17.00000 29.00000 21.00000 17.00000 14.00000 18.00000 17.00000 23.00000
5.00000 6.00000 16.00000 16.00000 14.00000 10.00000 18.00000 9.00000 34.00000 5.00000 18.00000 18.00000 28.00000 21.00000 0.00000 14.00000 15.00000 19.00000 15.00000 27.00000 15.00000 27.00000 9.00000 14.00000 19.00000 17.00000 33.00000 18.00000 17.00000 8.00000 6.00000 8.00000 11.00000 12.00000 23.00000 14.00000 12.00000 20.00000 18.00000 32.00000 15.00000 6.00000 11.00000 17.00000 16.00000 12.00000 23.00000 20.00000 13.00000 8.00000 18.00000 5.00000
16.00000 13.00000 6.00000 8.00000 5.00000 18.00000 8.00000 10.00000 27.00000 16.00000 6.00000 8.00000 21.00000 17.00000 14.00000 0.00000 2.00000 8.00000 26.00000 21.00000 12.00000 27.00000 17.00000 18.00000 7.00000 29.00000 27.00000 22.00000 10.00000 9.00000 12.00000 10.00000 14.00000 6.00000 16.00000 26.00000 12.00000 14.00000 7.00000 26.00000 6.00000 10.00000 23.00000 8.00000 3.00000 23.00000 14.00000 14.00000 5.00000 10.00000 11.00000 16.00000
17.00000 13.00000 5.00000 7.00000 4.00000 18.00000 7.00000 10.00000 26.00000 17.00000 4.00000 7.00000 20.00000 16.00000 14.00000 2.00000 0.00000 7.00000 27.00000 19.00000 10.00000 25.00000 17.00000 19.00000 6.00000 29.00000 26.00000 23.00000 9.00000 10.00000 13.00000 11.00000 15.00000 6.00000 15.00000 27.00000 12.00000 13.00000 5.00000 25.00000 5.00000 11.00000 24.00000 7.00000 2.00000 24.00000 13.00000 12.00000 5.00000 11.00000 10.00000 17.00000
21.00000 16.00000 5.00000 5.00000 8.00000 21.00000 4.00000 15.00000 23.00000 21.00000 4.00000 2.00000 17.00000 19.00000 19.00000 8.00000 7.00000 0.00000 31.00000 16.00000 14.00000 24.00000 19.00000 21.00000 4.00000 33.00000 23.00000 26.00000 6.00000 15.00000 18.00000 16.00000 18.00000 10.00000 12.00000 31.00000 15.00000 10.00000 2.00000 22.00000 7.00000 16.00000 28.00000 5.00000 6.00000 29.00000 7.00000 7.00000 10.00000 16.00000 5.00000 21.00000
9.00000 17.00000 27.00000 27.00000 23.00000 15.00000 27.00000 19.00000 45.00000 9.00000 27.00000 29.00000 39.00000 32.00000 12.00000 23.00000 23.00000 28.00000 0.00000 38.00000 26.00000 35.00000 14.00000 22.00000 28.00000 14.00000 44.00000 26.00000 28.00000 19.00000 17.00000 18.00000 20.00000 21.00000 34.00000 11.00000 21.00000 31.00000 28.00000 43.00000 25.00000 14.00000 10.00000 28.00000 25.00000 11.00000 32.00000 31.00000 21.00000 18.00000 29.00000 9.00000
30.00000 22.00000 16.00000 14.00000 18.00000 27.00000 18.00000 22.00000 8.00000 30.00000 16.00000 14.00000 4.00000 20.00000 29.00000 20.00000 19.00000 15.00000 40.00000 0.00000 21.00000 23.00000 26.00000 28.00000 18.00000 39.00000 7.00000 32.00000 12.00000 23.00000 25.00000 24.00000 25.00000 19.00000 7.00000 39.00000 21.00000 10.00000 14.00000 7.00000 18.00000 26.00000 35.00000 14.00000 18.00000 36.00000 12.00000 12.00000 20.00000 24.00000 12.00000 30.00000
17.00000 9.00000 11.00000 11.00000 8.00000 14.00000 16.00000 9.00000 28.00000 17.00000 13.00000 13.00000 22.00000 11.00000 16.00000 12.00000 11.00000 14.00000 26.00000 22.00000 0.00000 21.00000 13.00000 15.00000 15.00000 26.00000 28.00000 19.00000 11.00000 10.00000 12.00000 11.00000 11.00000 7.00000 18.00000 26.00000 8.00000 15.00000 13.00000 27.00000 10.00000 14.00000 22.00000 11.00000 12.00000 23.00000 17.00000 15.00000 9.00000 11.00000 13.00000 17.00000
30.00000 24.00000 23.00000 21.00000 23.00000 22.00000 25.00000 24.00000 25.00000 30.00000 23.00000 22.00000 22.00000 12.00000 29.00000 27.00000 26.00000 23.00000 36.00000 23.00000 21.00000 0.00000 21.00000 20.00000 25.00000 32.00000 29.00000 14.00000 20.00000 25.00000 26.00000 25.00000 22.00000 22.00000 19.00000 35.00000 24.00000 19.00000 22.00000 29.00000 24.00000 28.00000 29.00000 21.00000 25.00000 30.00000 25.00000 21.00000 24.00000 25.00000 21.00000 30.00000
11.00000 8.00000 16.00000 16.00000 14.00000 4.00000 21.00000 9.00000 33.00000 11.00000 18.00000 18.00000 27.00000 21.00000 11.00000 17.00000 17.00000 19.00000 15.00000 27.00000 15.00000 21.00000 0.00000 8.00000 20.00000 14.00000 33.00000 13.00000 16.00000 10.00000 9.00000 9.00000 8.00000 13.00000 23.00000 14.00000 9.00000 20.00000 18.00000 32.00000 15.00000 13.00000 10.00000 16.00000 17.00000 11.00000 22.00000 20.00000 15.00000 9.00000 18.00000 11.00000
17.00000 12.00000 18.00000 18.00000 17.00000 10.00000 23.00000 11.00000 36.00000 17.00000 20.00000 20.00000 30.00000 20.00000 17.00000 18.00000 19.00000 21.00000 23.00000 29.00000 17.00000 20.00000 9.00000 0.00000 22.00000 20.00000 35.00000 11.00000 19.00000 12.00000 14.00000 13.00000 6.00000 16.00000 25.00000 23.00000 11.00000 23.00000 20.00000 35.00000 17.00000 17.00000 17.00000 19.00000 20.00000 17.00000 25.00000 22.00000 17.00000 13.00000 20.00000 17.00000
21.00000 16.00000 5.00000 6.00000 8.00000 21.00000 3.00000 15.00000 25.00000 21.00000 3.00000 5.00000 19.00000 19.00000 18.00000 7.00000 6.00000 4.00000 30.00000 19.00000 14.00000 26.00000 20.00000 22.00000 0.00000 33.00000 25.00000 26.00000 8.00000 15.00000 17.00000 15.00000 18.00000 10.00000 14.00000 31.00000 15.00000 12.00000 4.00000 24.00000 7.00000 15.00000 28.00000 6.00000 5.00000 28.00000 10.00000 10.00000 10.00000 15.00000 8.00000 21.00000
16.00000 20.00000 29.00000 30.00000 28.00000 14.00000 32.00000 23.00000 47.00000 16.00000 32.00000 31.00000 41.00000 32.00000 17.00000 28.00000 29.00000 33.00000 10.00000 40.00000 28.00000 32.00000 15.00000 19.00000 33.00000 0.00000 47.00000 23.00000 30.00000 24.00000 20.00000 21.00000 21.00000 27.00000 36.00000 8.00000 23.00000 34.00000 31.00000 46.00000 28.00000 20.00000 10.00000 30.00000 30.00000 10.00000 36.00000 34.00000 26.00000 21.00000 31.00000 16.00000
37.00000 29.00000 23.00000 21.00000 25.00000 34.00000 25.00000 29.00000 11.00000 37.00000 23.00000 21.00000 10.00000 27.00000 36.00000 27.00000 26.00000 22.00000 47.00000 8.00000 28.00000 30.00000 33.00000 35.00000 25.00000 46.00000 0.00000 39.00000 19.00000 30.00000 32.00000 31.00000 32.00000 26.00000 14.00000 46.00000 28.00000 17.00000 21.00000 3.00000 25.00000 33.00000 42.00000 21.00000 25.00000 43.00000 19.00000 19.00000 27.00000 31.00000 19.00000 37.00000
21.00000 16.00000 22.00000 23.00000 21.00000 14.00000 28.00000 16.00000 36.00000 21.00000 25.00000 25.00000 34.00000 16.00000 21.00000 23.00000 23.00000 26.00000 27.00000 34.00000 21.00000 14.00000 13.00000 12.00000 27.00000 24.00000 40.00000 0.00000 23.00000 17.00000 18.00000 16.00000 14.00000 20.00000 29.00000 27.00000 16.00000 27.00000 25.00000 39.00000 22.00000 21.00000 21.00000 23.00000 24.00000 21.00000 29.00000 27.00000 21.00000 17.00000 24.00000 21.00000
22.00000 14.00000 8.00000 6.00000 10.00000 19.00000 8.00000 14.00000 18.00000 22.00000 8.00000 6.00000 12.00000 16.00000 21.00000 12.00000 11.00000 6.00000 32.00000 11.00000 13.00000 20.00000 18.00000 20.00000 9.00000 31.00000 17.00000 24.00000 0.00000 15.00000 17.00000 16.00000 17.00000 11.00000 7.00000 31.00000 13.00000 5.00000 6.00000 17.00000 10.00000 18.00000 27.00000 6.00000 10.00000 28.00000 7.00000 4.00000 12.00000 16.00000 2.00000 22.00000
12.00000 5.00000 11.00000 12.00000 8.00000 11.00000 13.00000 2.00000 29.00000 12.00000 13.00000 13.00000 23.00000 16.00000 9.00000 8.00000 9.00000 14.00000 22.00000 22.00000 10.00000 25.00000 9.00000 12.00000 14.00000 23.00000 29.00000 16.00000 12.00000 0.00000 7.00000 3.00000 8.00000 6.00000 18.00000 21.00000 6.00000 16.00000 13.00000 28.00000 10.00000 7.00000 18.00000 12.00000 10.00000 19.00000 18.00000 15.00000 7.00000 3.00000 13.00000 12.00000
9.00000 3.00000 12.00000 13.00000 11.00000 8.00000 18.00000 6.00000 30.00000 9.00000 15.00000 15.00000 24.00000 17.00000 7.00000 13.00000 13.00000 16.00000 18.00000 24.00000 11.00000 24.00000 6.00000 11.00000 17.00000 18.00000 30.00000 15.00000 13.00000 7.00000 0.00000 5.00000 8.00000 10.00000 20.00000 18.00000 9.00000 17.00000 15.00000 29.00000 12.00000 8.00000 13.00000 13.00000 14.00000 14.00000 19.00000 17.00000 11.00000 5.00000 14.00000 9.00000
12.00000 3.00000 12.00000 13.00000 10.00000 11.00000 14.00000 5.00000 30.00000 12.00000 15.00000 15.00000 24.00000 17.00000 9.00000 10.00000 11.00000 15.00000 21.00000 24.00000 11.00000 25.00000 10.00000 12.00000 15.00000 21.00000 30.00000 17.00000 13.00000 4.00000 5.00000 0.00000 9.00000 8.00000 20.00000 21.00000 8.00000 17.00000 15.00000 29.00000 12.00000 7.00000 16.00000 13.00000 12.00000 17.00000 19.00000 17.00000 9.00000 1.00000 14.00000 12.00000
14.00000 9.00000 15.00000 16.00000 14.00000 8.00000 20.00000 8.00000 33.00000 14.00000 17.00000 17.00000 27.00000 20.00000 14.00000 15.00000 16.00000 18.00000 22.00000 26.00000 13.00000 20.00000 7.00000 6.00000 19.00000 19.00000 32.00000 11.00000 16.00000 9.00000 11.00000 10.00000 0.00000 13.00000 22.00000 21.00000 7.00000 20.00000 17.00000 32.00000 14.00000 14.00000 16.00000 16.00000 17.00000 17.00000 22.00000 19.00000 14.00000 10.00000 17.00000 14.00000
14.00000 10.00000 8.00000 9.00000 3.00000 15.00000 11.00000 6.00000 26.00000 14.00000 8.00000 10.00000 20.00000 13.00000 12.00000 6.00000 6.00000 11.00000 24.00000 19.00000 7.00000 22.00000 13.00000 15.00000 10.00000 27.00000 26.00000 19.00000 9.00000 6.00000 11.00000 8.00000 11.00000 0.00000 15.00000 24.00000 9.00000 13.00000 9.00000 25.00000 5.00000 9.00000 21.00000 9.00000 7.00000 22.00000 15.00000 12.00000 4.00000 8.00000 10.00000 14.00000
26.00000 19.00000 12.00000 11.00000 14.00000 24.00000 14.00000 19.00000 14.00000 26.00000 12.00000 10.00000 8.00000 16.00000 26.00000 17.00000 16.00000 11.00000 36.00000 7.00000 17.00000 19.00000 22.00000 24.00000 14.00000 36.00000 13.00000 29.00000 8.00000 20.00000 21.00000 20.00000 21.00000 16.00000 0.00000 36.00000 18.00000 6.00000 10.00000 13.00000 14.00000 23.00000 31.00000 10.00000 15.00000 32.00000 11.00000 8.00000 16.00000 21.00000 8.00000 26.00000
13.00000 19.00000 29.00000 30.00000 25.00000 16.00000 29.00000 22.00000 47.00000 13.00000 29.00000 31.00000 41.00000 34.00000 14.00000 25.00000 26.00000 30.00000 7.00000 40.00000 28.00000 35.00000 16.00000 22.00000 30.00000 8.00000 46.00000 26.00000 30.00000 21.00000 19.00000 21.00000 22.00000 24.00000 36.00000 0.00000 24.00000 34.00000 31.00000 46.00000 27.00000 16.00000 8.00000 30.00000 27.00000 9.00000 35.00000 33.00000 23.00000 21.00000 31.00000 13.00000
14.00000 6.00000 11.00000 11.00000 9.00000 11.00000 16.00000 5.00000 28.00000 14.00000 13.00000 13.00000 22.00000 15.00000 13.00000 13.00000 12.00000 14.00000 23.00000 22.00000 8.00000 24.00000 10.00000 10.00000 15.00000 23.00000 28.00000 15.00000 11.00000 6.00000 9.00000 7.00000 7.00000 8.00000 18.00000 23.00000 0.00000 15.00000 13.00000 27.00000 10.00000 12.00000 18.00000 11.00000 12.00000 19.00000 17.00000 15.00000 10.00000 8.00000 13.00000 14.00000
24.00000 17.00000 10.00000 9.00000 12.00000 22.00000 12.00000 17.00000 15.00000 24.00000 10.00000 8.00000 10.00000 16.00000 24.00000 15.00000 14.00000 9.00000 34.00000 9.00000 15.00000 19.00000 21.00000 22.00000 12.00000 34.00000 15.00000 27.00000 6.00000 18.00000 19.00000 18.00000 19.00000 14.00000 5.00000 34.00000 16.00000 0.00000 8.00000 14.00000 12.00000 21.00000 29.00000 8.00000 13.00000 30.00000 9.00000 5.00000 14.00000 19.00000 6.00000 24.00000
22.00000 15.00000 4.00000 4.00000 7.00000 20.00000 5.00000 14.00000 22.00000 22.00000 2.00000 2.00000 16.00000 18.00000 20.00000 7.00000 6.00000 2.00000 32.00000 15.00000 13.00000 23.00000 18.00000 20.00000 4.00000 32.00000 22.00000 25.00000 5.00000 15.00000 17.00000 16.00000 17.00000 9.00000 11.00000 32.00000 14.00000 9.00000 0.00000 21.00000 6.00000 17.00000 27.00000 4.00000 5.00000 28.00000 8.00000 8.00000 9.00000 17.00000 6.00000 22.00000
36.00000 28.00000 22.00000 20.00000 24.00000 33.00000 24.00000 28.00000 10.00000 36.00000 22.00000 20.00000 9.00000 26.00000 36.00000 26.00000 25.00000 21.00000 46.00000 7.00000 27.00000 29.00000 32.00000 34.00000 24.00000 45.00000 3.00000 39.00000 18.00000 29.00000 31.00000 30.00000 31.00000 25.00000 13.00000 45.00000 27.00000 16.00000 20.00000 0.00000 24.00000 32.00000 41.00000 20.00000 25.00000 42.00000 18.00000 18.00000 26.00000 30.00000 18.00000 36.00000
19.00000 11.00000 3.00000 5.00000 3.00000 16.00000 8.00000 10.00000 24.00000 19.00000 5.00000 7.00000 18.00000 14.00000 17.00000 6.00000 5.00000 7.00000 28.00000 17.00000 9.00000 24.00000 15.00000 17.00000 7.00000 28.00000 24.00000 21.00000 7.00000 11.00000 14.00000 13.00000 13.00000 6.00000 13.00000 28.00000 10.00000 11.00000 6.00000 23.00000 0.00000 13.00000 24.00000 5.00000 6.00000 25.00000 13.00000 10.00000 5.00000 13.00000 8.00000 19.00000
8.00000 10.00000 15.00000 16.00000 11.00000 13.00000 15.00000 8.00000 33.00000 8.00000 15.00000 17.00000 27.00000 20.00000 6.00000 11.00000 12.00000 16.00000 18.00000 27.00000 14.00000 29.00000 12.00000 17.00000 16.00000 21.00000 33.00000 21.00000 16.00000 7.00000 9.00000 7.00000 14.00000 10.00000 22.00000 18.00000 12.00000 20.00000 17.00000 32.00000 13.00000 0.00000 15.00000 16.00000 13.00000 15.00000 21.00000 20.00000 9.00000 8.00000 17.00000 8.00000
11.00000 16.00000 26.00000 26.00000 23.00000 10.00000 27.00000 19.00000 43.00000 11.00000 28.00000 28.00000 37.00000 29.00000 12.00000 23.00000 24.00000 28.00000 8.00000 37.00000 25.00000 29.00000 10.00000 16.00000 28.00000 10.00000 43.00000 20.00000 26.00000 19.00000 16.00000 17.00000 18.00000 22.00000 33.00000 8.00000 19.00000 30.00000 28.00000 42.00000 25.00000 15.00000 0.00000 26.00000 25.00000 2.00000 32.00000 30.00000 22.00000 17.00000 28.00000 11.00000
20.00000 12.00000 4.00000 2.00000 7.00000 17.00000 7.00000 12.00000 21.00000 20.00000 4.00000 4.00000 15.00000 16.00000 19.00000 8.00000 7.00000 5.00000 30.00000 14.00000 11.00000 22.00000 16.00000 18.00000 6.00000 29.00000 21.00000 22.00000 4.00000 13.00000 15.00000 14.00000 15.00000 9.00000 10.00000 29.00000 11.00000 8.00000 4.00000 20.00000 6.00000 16.00000 25.00000 0.00000 6.00000 26.00000 10.00000 7.00000 9.00000 14.00000 5.00000 20.00000
18.00000 14.00000 4.00000 6.00000 5.00000 19.00000 7.00000 11.00000 25.00000 18.00000 4.00000 7.00000 19.00000 17.00000 16.00000 3.00000 2.00000 6.00000 28.00000 19.00000 12.00000 26.00000 18.00000 19.00000 5.00000 31.00000 25.00000 24.00000 8.00000 11.00000 14.00000 12.00000 16.00000 7.00000 15.00000 28.00000 13.00000 12.00000 5.00000 24.00000 5.00000 12.00000 25.00000 6.00000 0.00000 25.00000 12.00000 12.00000 6.00000 12.00000 9.00000 18.00000
12.00000 16.00000 26.00000 26.00000 23.00000 11.00000 27.00000 19.00000 44.00000 12.00000 28.00000 28.00000 38.00000 29.00000 12.00000 23.00000 24.00000 28.00000 8.00000 37.00000 25.00000 29.00000 11.00000 15.00000 28.00000 9.00000 43.00000 20.00000 27.00000 20.00000 16.00000 18.00000 18.00000 22.00000 33.00000 8.00000 19.00000 30.00000 28.00000 42.00000 25.00000 15.00000 2.00000 26.00000 25.00000 0.00000 32.00000 30.00000 22.00000 18.00000 28.00000 12.00000
26.00000 18.00000 12.00000 10.00000 14.00000 23.00000 9.00000 18.00000 19.00000 26.00000 10.00000 8.00000 13.00000 21.00000 24.00000 14.00000 13.00000 7.00000 36.00000 12.00000 17.00000 25.00000 22.00000 24.00000 10.00000 35.00000 19.00000 28.00000 8.00000 19.00000 21.00000 20.00000 21.00000 15.00000 11.00000 35.00000 17.00000 9.00000 9.00000 18.00000 14.00000 21.00000 31.00000 10.00000 13.00000 32.00000 0.00000 5.00000 16.00000 20.00000 7.00000 26.00000
23.00000 16.00000 9.00000 8.00000 11.00000 21.00000 9.00000 16.00000 18.00000 23.00000 9.00000 7.00000 12.00000 17.00000 23.00000 14.00000 13.00000 8.00000 33.00000 12.00000 14.00000 21.00000 20.00000 22.00000 10.00000 33.00000 18.00000 26.00000 5.00000 17.00000 19.00000 18.00000 18.00000 13.00000 7.00000 33.00000 15.00000 5.00000 7.00000 17.00000 11.00000 20.00000 28.00000 7.00000 12.00000 29.00000 5.00000 0.00000 13.00000 18.00000 4.00000 23.00000
15.00000 11.00000 7.00000 9.00000 3.00000 16.00000 10.00000 8.00000 26.00000 15.00000 8.00000 10.00000 21.00000 14.00000 12.00000 6.00000 5.00000 10.00000 25.00000 20.00000 8.00000 23.00000 15.00000 16.00000 9.00000 27.00000 26.00000 21.00000 9.00000 8.00000 11.00000 9.00000 13.00000 4.00000 16.00000 25.00000 10.00000 13.00000 9.00000 25.00000 5.00000 9.00000 22.00000 9.00000 6.00000 22.00000 15.00000 13.00000 0.00000 9.00000 11.00000 15.00000
12.00000 4.00000 12.00000 13.00000 10.00000 10.00000 14.00000 5.00000 30.00000 12.00000 15.00000 15.00000 24.00000 17.00000 9.00000 10.00000 11.00000 15.00000 21.00000 24.00000 11.00000 25.00000 9.00000 12.00000 15.00000 21.00000 30.00000 17.00000 13.00000 4.00000 5.00000 1.00000 9.00000 8.00000 20.00000 21.00000 8.00000 17.00000 15.00000 29.00000 12.00000 6.00000 16.00000 13.00000 12.00000 17.00000 19.00000 17.00000 9.00000 0.00000 14.00000 12.00000
22.00000 14.00000 8.00000 6.00000 10.00000 19.00000 7.00000 14.00000 18.00000 22.00000 7.00000 5.00000 12.00000 17.00000 21.00000 12.00000 11.00000 5.00000 32.00000 12.00000 13.00000 20.00000 18.00000 20.00000 7.00000 31.00000 18.00000 24.00000 2.00000 15.00000 17.00000 16.00000 16.00000 11.00000 8.00000 31.00000 13.00000 5.00000 6.00000 17.00000 9.00000 18.00000 27.00000 5.00000 10.00000 28.00000 6.00000 4.00000 12.00000 16.00000 0.00000 22.00000
0.00000 11.00000 20.00000 21.00000 16.00000 11.00000 20.00000 13.00000 38.00000 0.00000 21.00000 22.00000 32.00000 25.00000 5.00000 16.00000 17.00000 21.00000 12.00000 31.00000 19.00000 31.00000 11.00000 18.00000 21.00000 15.00000 38.00000 22.00000 21.00000 12.00000 10.00000 12.00000 16.00000 15.00000 27.00000 12.00000 17.00000 25.00000 22.00000 37.00000 19.00000 8.00000 9.00000 21.00000 18.00000 9.00000 26.00000 25.00000 15.00000 12.00000 22.00000 0.00000
p
0.0 0.0 0.0 0.0 0.0 0.0 
0.0 0.0 0.0 0.0 0.0 0.0 
0.0 0.0 0.0 0.0 0.0 0.0 
0.0 0.0 0.0 0.0 0.0 0.0 
0.0 0.0 0.0 0.0 0.0 0.0 
0.0 0.0 0.0 0.0 0.0 0.0 
0.0 0.0 0.0 0.0 0.0 0.0 
0.0 0.0 0.0 0.0 0.0 0.0 
0.0 0.0 0.0 0.0 0.0 0.0 
0.0 0.0 0.0 0.0 0.0 0.0 
0 0 0 0 52 0 
0 0 0 0 52 0 
0 0 0 0 52 0 
0 0 0 0 52 0 
0 0 0 0 52 0 
0 0 0 0 52 0 
0 0 0 0 52 0 
0 0 0 0 52 0 
0 0 0 0 52 0 
0 0 0 0 52 0 
21 0 0 0 0 0 
21 0 0 0 0 0 
21 0 0 0 0 0 
21 0 0 0 0 0 
21 0 0 0 0 0 
21 0 0 0 0 0 
21 0 0 0 0 0 
21 0 0 0 0 0 
21 0 0 0 0 0 
21 0 0 0 0 0 
0 0 0 0 0 32 
0 0 0 0 0 32 
0 0 0 0 0 32 
0 0 0 0 0 32 
0 0 0 0 0 32 
0 0 0 0 0 32 
0 0 0 0 0 32 
0 0 0 0 0 32 
0 0 0 0 0 32 
0 0 0 0 0 32 
26 0 0 0 0 56 
26 0 0 0 0 56 
26 0 0 0 0 56 
26 0 0 0 0 56 
26 0 0 0 0 56 
26 0 0 0 0 56 
26 0 0 0 0 56 
26 0 0 0 0 56 
26 0 0 0 0 56 
26 0 0 0 0 56 
0 0 55 0 37 0 
0 0 55 0 37 0 
0 0 55 0 37 0 
0 0 55 0 37 0 
0 0 55 0 37 0 
0 0 55 0 37 0 
0 0 55 0 37 0 
0 0 55 0 37 0 
0 0 55 0 37 0 
0 0 55 0 37 0 
0 0 0 0 58 0 
0 0 0 0 58 0 
0 0 0 0 58 0 
0 0 0 0 58 0 
0 0 0 0 58 0 
0 0 0 0 58 0 
0 0 0 0 58 0 
0 0 0 0 58 0 
0 0 0 0 58 0 
0 0 0 0 58 0 
0 0 15 39 0 0 
0 0 15 39 0 0 
0 0 15 39 0 0 
0 0 15 39 0 0 
0 0 15 39 0 0 
0 0 15 39 0 0 
0 0 15 39 0 0 
0 0 15 39 0 0 
0 0 15 39 0 0 
0 0 15 39 0 0 
0 0 53 0 41 0 
0 0 53 0 41 0 
0 0 53 0 41 0 
0 0 53 0 41 0 
0 0 53 0 41 0 
0 0 53 0 41 0 
0 0 53 0 41 0 
0 0 53 0 41 0 
0 0 53 0 41 0 
0 0 53 0 41 0 
0 0 22 0 0 0 
0 0 22 0 0 0 
0 0 22 0 0 0 
0 0 22 0 0 0 
0 0 22 0 0 0 
0 0 22 0 0 0 
0 0 22 0 0 0 
0 0 22 0 0 0 
0 0 22 0 0 0 
0 0 22 0 0 0 
0 0 0 23 0 0 
0 0 0 23 0 0 
0 0 0 23 0 0 
0 0 0 23 0 0 
0 0 0 23 0 0 
0 0 0 23 0 0 
0 0 0 23 0 0 
0 0 0 23 0 0 
0 0 0 23 0 0 
0 0 0 23 0 0 
0 0 0 45 0 0 
0 0 0 45 0 0 
0 0 0 45 0 0 
0 0 0 45 0 0 
0 0 0 45 0 0 
0 0 0 45 0 0 
0 0 0 45 0 0 
0 0 0 45 0 0 
0 0 0 45 0 0 
0 0 0 45 0 0 
0 0 40 0 0 0 
0 0 40 0 0 0 
0 0 40 0 0 0 
0 0 40 0 0 0 
0 0 40 0 0 0 
0 0 40 0 0 0 
0 0 40 0 0 0 
0 0 40 0 0 0 
0 0 40 0 0 0 
0 0 40 0 0 0 
0 0 16 0 0 0 
0 0 16 0 0 0 
0 0 16 0 0 0 
0 0 16 0 0 0 
0 0 16 0 0 0 
0 0 16 0 0 0 
0 0 16 0 0 0 
0 0 16 0 0 0 
0 0 16 0 0 0 
0 0 16 0 0 0 
0 0 0 41 0 0 
0 0 0 41 0 0 
0 0 0 41 0 0 
0 0 0 41 0 0 
0 0 0 41 0 0 
0 0 0 41 0 0 
0 0 0 41 0 0 
0 0 0 41 0 0 
0 0 0 41 0 0 
0 0 0 41 0 0 
0 0 0 0 59 0 
0 0 0 0 59 0 
0 0 0 0 59 0 
0 0 0 0 59 0 
0 0 0 0 59 0 
0 0 0 0 59 0 
0 0 0 0 59 0 
0 0 0 0 59 0 
0 0 0 0 59 0 
0 0 0 0 59 0 
0 0 0 38 0 0 
0 0 0 38 0 0 
0 0 0 38 0 0 
0 0 0 38 0 0 
0 0 0 38 0 0 
0 0 0 38 0 0 
0 0 0 38 0 0 
0 0 0 38 0 0 
0 0 0 38 0 0 
0 0 0 38 0 0 
0 0 60 36 0 0 
0 0 60 36 0 0 
0 0 60 36 0 0 
0 0 60 36 0 0 
0 0 60 36 0 0 
0 0 60 36 0 0 
0 0 60 36 0 0 
0 0 60 36 0 0 
0 0 60 36 0 0 
0 0 60 36 0 0 
0 0 0 0 0 53 
0 0 0 0 0 53 
0 0 0 0 0 53 
0 0 0 0 0 53 
0 0 0 0 0 53 
0 0 0 0 0 53 
0 0 0 0 0 53 
0 0 0 0 0 53 
0 0 0 0 0 53 
0 0 0 0 0 53 
0 0 50 42 0 0 
0 0 50 42 0 0 
0 0 50 42 0 0 
0 0 50 42 0 0 
0 0 50 42 0 0 
0 0 50 42 0 0 
0 0 50 42 0 0 
0 0 50 42 0 0 
0 0 50 42 0 0 
0 0 50 42 0 0 
0 0 0 0 32 0 
0 0 0 0 32 0 
0 0 0 0 32 0 
0 0 0 0 32 0 
0 0 0 0 32 0 
0 0 0 0 32 0 
0 0 0 0 32 0 
0 0 0 0 32 0 
0 0 0 0 32 0 
0 0 0 0 32 0 
0 0 0 42 0 0 
0 0 0 42 0 0 
0 0 0 42 0 0 
0 0 0 42 0 0 
0 0 0 42 0 0 
0 0 0 42 0 0 
0 0 0 42 0 0 
0 0 0 42 0 0 
0 0 0 42 0 0 
0 0 0 42 0 0 
0 0 0 40 0 0 
0 0 0 40 0 0 
0 0 0 40 0 0 
0 0 0 40 0 0 
0 0 0 40 0 0 
0 0 0 40 0 0 
0 0 0 40 0 0 
0 0 0 40 0 0 
0 0 0 40 0 0 
0 0 0 40 0 0 
0 0 0 0 0 46 
0 0 0 0 0 46 
0 0 0 0 0 46 
0 0 0 0 0 46 
0 0 0 0 0 46 
0 0 0 0 0 46 
0 0 0 0 0 46 
0 0 0 0 0 46 
0 0 0 0 0 46 
0 0 0 0 0 46 
0 0 0 0 0 21 
0 0 0 0 0 21 
0 0 0 0 0 21 
0 0 0 0 0 21 
0 0 0 0 0 21 
0 0 0 0 0 21 
0 0 0 0 0 21 
0 0 0 0 0 21 
0 0 0 0 0 21 
0 0 0 0 0 21 
0 53 0 0 0 24 
0 53 0 0 0 24 
0 53 0 0 0 24 
0 53 0 0 0 24 
0 53 0 0 0 24 
0 53 0 0 0 24 
0 53 0 0 0 24 
0 53 0 0 0 24 
0 53 0 0 0 24 
0 53 0 0 0 24 
0 0 22 34 0 0 
0 0 22 34 0 0 
0 0 22 34 0 0 
0 0 22 34 0 0 
0 0 22 34 0 0 
0 0 22 34 0 0 
0 0 22 34 0 0 
0 0 22 34 0 0 
0 0 22 34 0 0 
0 0 22 34 0 0 
0 23 0 0 0 0 
0 23 0 0 0 0 
0 23 0 0 0 0 
0 23 0 0 0 0 
0 23 0 0 0 0 
0 23 0 0 0 0 
0 23 0 0 0 0 
0 23 0 0 0 0 
0 23 0 0 0 0 
0 23 0 0 0 0 
53 0 0 0 0 0 
53 0 0 0 0 0 
53 0 0 0 0 0 
53 0 0 0 0 0 
53 0 0 0 0 0 
53 0 0 0 0 0 
53 0 0 0 0 0 
53 0 0 0 0 0 
53 0 0 0 0 0 
53 0 0 0 0 0 
0 0 37 60 0 0 
0 0 37 60 0 0 
0 0 37 60 0 0 
0 0 37 60 0 0 
0 0 37 60 0 0 
0 0 37 60 0 0 
0 0 37 60 0 0 
0 0 37 60 0 0 
0 0 37 60 0 0 
0 0 37 60 0 0 
0 0 28 0 0 0 
0 0 28 0 0 0 
0 0 28 0 0 0 
0 0 28 0 0 0 
0 0 28 0 0 0 
0 0 28 0 0 0 
0 0 28 0 0 0 
0 0 28 0 0 0 
0 0 28 0 0 0 
0 0 28 0 0 0 
0 0 0 0 58 0 
0 0 0 0 58 0 
0 0 0 0 58 0 
0 0 0 0 58 0 
0 0 0 0 58 0 
0 0 0 0 58 0 
0 0 0 0 58 0 
0 0 0 0 58 0 
0 0 0 0 58 0 
0 0 0 0 58 0 
0 0 41 0 0 57 
0 0 41 0 0 57 
0 0 41 0 0 57 
0 0 41 0 0 57 
0 0 41 0 0 57 
0 0 41 0 0 57 
0 0 41 0 0 57 
0 0 41 0 0 57 
0 0 41 0 0 57 
0 0 41 0 0 57 
0 0 32 0 28 0 
0 0 32 0 28 0 
0 0 32 0 28 0 
0 0 32 0 28 0 
0 0 32 0 28 0 
0 0 32 0 28 0 
0 0 32 0 28 0 
0 0 32 0 28 0 
0 0 32 0 28 0 
0 0 32 0 28 0 
0 52 0 0 0 0 
0 52 0 0 0 0 
0 52 0 0 0 0 
0 52 0 0 0 0 
0 52 0 0 0 0 
0 52 0 0 0 0 
0 52 0 0 0 0 
0 52 0 0 0 0 
0 52 0 0 0 0 
0 52 0 0 0 0 
0 0 48 0 0 0 
0 0 48 0 0 0 
0 0 48 0 0 0 
0 0 48 0 0 0 
0 0 48 0 0 0 
0 0 48 0 0 0 
0 0 48 0 0 0 
0 0 48 0 0 0 
0 0 48 0 0 0 
0 0 48 0 0 0 
0 0 21 0 0 0 
0 0 21 0 0 0 
0 0 21 0 0 0 
0 0 21 0 0 0 
0 0 21 0 0 0 
0 0 21 0 0 0 
0 0 21 0 0 0 
0 0 21 0 0 0 
0 0 21 0 0 0 
0 0 21 0 0 0 
0 0 0 0 24 0 
0 0 0 0 24 0 
0 0 0 0 24 0 
0 0 0 0 24 0 
0 0 0 0 24 0 
0 0 0 0 24 0 
0 0 0 0 24 0 
0 0 0 0 24 0 
0 0 0 0 24 0 
0 0 0 0 24 0 
0 0 0 0 0 52 
0 0 0 0 0 52 
0 0 0 0 0 52 
0 0 0 0 0 52 
0 0 0 0 0 52 
0 0 0 0 0 52 
0 0 0 0 0 52 
0 0 0 0 0 52 
0 0 0 0 0 52 
0 0 0 0 0 52 
0 0 25 0 0 15 
0 0 25 0 0 15 
0 0 25 0 0 15 
0 0 25 0 0 15 
0 0 25 0 0 15 
0 0 25 0 0 15 
0 0 25 0 0 15 
0 0 25 0 0 15 
0 0 25 0 0 15 
0 0 25 0 0 15 
57 0 0 0 60 0 
57 0 0 0 60 0 
57 0 0 0 60 0 
57 0 0 0 60 0 
57 0 0 0 60 0 
57 0 0 0 60 0 
57 0 0 0 60 0 
57 0 0 0 60 0 
57 0 0 0 60 0 
57 0 0 0 60 0 
0 0 44 0 0 33 
0 0 44 0 0 33 
0 0 44 0 0 33 
0 0 44 0 0 33 
0 0 44 0 0 33 
0 0 44 0 0 33 
0 0 44 0 0 33 
0 0 44 0 0 33 
0 0 44 0 0 33 
0 0 44 0 0 33 
0 0 44 0 0 21 
0 0 44 0 0 21 
0 0 44 0 0 21 
0 0 44 0 0 21 
0 0 44 0 0 21 
0 0 44 0 0 21 
0 0 44 0 0 21 
0 0 44 0 0 21 
0 0 44 0 0 21 
0 0 44 0 0 21 
0 0 0 24 0 0 
0 0 0 24 0 0 
0 0 0 24 0 0 
0 0 0 24 0 0 
0 0 0 24 0 0 
0 0 0 24 0 0 
0 0 0 24 0 0 
0 0 0 24 0 0 
0 0 0 24 0 0 
0 0 0 24 0 0 
30 0 0 0 59 0 
30 0 0 0 59 0 
30 0 0 0 59 0 
30 0 0 0 59 0 
30 0 0 0 59 0 
30 0 0 0 59 0 
30 0 0 0 59 0 
30 0 0 0 59 0 
30 0 0 0 59 0 
30 0 0 0 59 0 
0 0 31 0 0 0 
0 0 31 0 0 0 
0 0 31 0 0 0 
0 0 31 0 0 0 
0 0 31 0 0 0 
0 0 31 0 0 0 
0 0 31 0 0 0 
0 0 31 0 0 0 
0 0 31 0 0 0 
0 0 31 0 0 0 
55 0 0 0 0 0 
55 0 0 0 0 0 
55 0 0 0 0 0 
55 0 0 0 0 0 
55 0 0 0 0 0 
55 0 0 0 0 0 
55 0 0 0 0 0 
55 0 0 0 0 0 
55 0 0 0 0 0 
55 0 0 0 0 0 
0 0 0 0 0 60 
0 0 0 0 0 60 
0 0 0 0 0 60 
0 0 0 0 0 60 
0 0 0 0 0 60 
0 0 0 0 0 60 
0 0 0 0 0 60 
0 0 0 0 0 60 
0 0 0 0 0 60 
0 0 0 0 0 60 
0 0 55 0 0 0 
0 0 55 0 0 0 
0 0 55 0 0 0 
0 0 55 0 0 0 
0 0 55 0 0 0 
0 0 55 0 0 0 
0 0 55 0 0 0 
0 0 55 0 0 0 
0 0 55 0 0 0 
0 0 55 0 0 0 
0 0 0 0 42 0 
0 0 0 0 42 0 
0 0 0 0 42 0 
0 0 0 0 42 0 
0 0 0 0 42 0 
0 0 0 0 42 0 
0 0 0 0 42 0 
0 0 0 0 42 0 
0 0 0 0 42 0 
0 0 0 0 42 0 
0 45 0 0 0 0 
0 45 0 0 0 0 
0 45 0 0 0 0 
0 45 0 0 0 0 
0 45 0 0 0 0 
0 45 0 0 0 0 
0 45 0 0 0 0 
0 45 0 0 0 0 
0 45 0 0 0 0 
0 45 0 0 0 0 
0.0 0.0 0.0 0.0 0.0 0.0 
0.0 0.0 0.0 0.0 0.0 0.0 
0.0 0.0 0.0 0.0 0.0 0.0 
0.0 0.0 0.0 0.0 0.0 0.0 
0.0 0.0 0.0 0.0 0.0 0.0 
0.0 0.0 0.0 0.0 0.0 0.0 
0.0 0.0 0.0 0.0 0.0 0.0 
0.0 0.0 0.0 0.0 0.0 0.0 
0.0 0.0 0.0 0.0 0.0 0.0 
0.0 0.0 0.0 0.0 0.0 0.0 
mind
0 0 0 0 20 10 0 12 22 0 0 0 0 0 0 0 0 17 0 0 0 0 0 0 0 16 0 0 0 0 0 0 0 0 0 0 0 0 0 14 0 0 27 0 0 0 0 0 0 0 0 0
maxd
0 0 0 0 30 29 0 15 25 0 0 0 0 0 0 0 0 23 0 0 0 0 0 0 0 21 0 0 0 0 0 0 0 0 0 0 0 0 0 26 0 0 27 0 0 0 0 0 0 0 0 0
e
0 638 942 910 484 852 678 520 761 729 793 543 565 638 484 546 800 686 596 608 857 783 625 846 607 730 858 643 698 525 600 860 503 848 506 698 822 767 505 805 744 734 918 762 888 663 783 879 643 804 783 0
l
99999 758 1062 1030 604 972 798 640 881 849 913 663 685 758 604 666 920 806 716 728 977 903 745 966 727 850 978 763 818 645 720 980 623 968 626 818 942 887 625 925 864 854 1038 882 1008 783 903 999 763 924 903 99999
