nbNodes
52
nbVehi
10
nbServi
6
r
1 1 1 1 1 1 
1 0 0 0 0 0 
0 0 0 1 0 0 
0 0 1 0 1 0 
0 0 0 0 1 0 
0 0 1 0 0 0 
1 0 0 0 0 0 
0 0 0 1 0 0 
1 0 0 1 0 0 
0 0 0 0 1 0 
0 0 1 1 0 0 
0 0 0 1 0 0 
0 0 0 0 1 0 
1 0 0 0 0 0 
0 0 1 0 0 1 
0 0 0 0 1 0 
1 0 0 0 0 0 
0 0 0 0 0 1 
0 0 0 0 1 0 
1 0 0 0 0 0 
0 0 0 0 0 1 
1 0 0 1 0 0 
0 0 0 1 0 0 
0 0 0 1 0 0 
1 0 0 0 1 0 
0 1 0 0 0 1 
1 0 0 0 0 0 
0 0 1 0 1 0 
0 0 0 0 0 1 
0 1 0 0 0 0 
0 0 0 0 1 0 
0 0 1 0 0 0 
1 0 0 0 0 1 
0 0 0 0 0 1 
1 0 0 0 0 0 
0 0 1 0 0 0 
0 0 1 0 0 1 
0 0 0 1 0 0 
0 0 0 1 0 0 
0 0 0 0 0 1 
0 0 1 0 0 0 
0 0 0 0 0 1 
1 0 0 0 0 1 
0 0 0 0 0 1 
0 0 0 0 1 0 
1 0 0 1 0 0 
1 0 0 0 0 0 
0 0 1 0 0 1 
0 0 1 1 0 0 
0 0 1 0 0 1 
1 0 0 0 1 0 
1 1 1 1 1 1 
DS
4 9 11 15 22 25 26 28 33 37 43 46 48 49 50 51 
a
1 1 0 0 0 0 
1 1 0 0 0 0 
1 0 1 0 0 0 
1 1 1 0 0 0 
1 1 1 0 0 0 
0 0 0 1 1 1 
0 0 0 0 1 1 
0 0 0 1 1 1 
0 0 0 1 1 1 
0 0 0 1 1 1 
x
-30.124 -30.0212 -29.9983 -30.0325 -30.1998 -30.0069 -29.9961 -29.9989 -30.0691 -30.0425 -30.0376 -30.124 -30.0473 -30.0093 -29.9928 -30.0686 -30.029 -29.984 -29.9922 -30.0634 -30.0779 -30.0026 -30.0058 -30.0323 -30.0649 -29.9996 -30.0326 -30.0454 -30.0433 -30.0332 -30.0001 -30.0704 -30.0063 -30.0377 -30 -30.0174 -30.0448 -30.0785 -29.9965 -30.0489 -30.0028 -30.0012 -30.063 -30.09 -30.019 -30.0044 -30.023 -29.9914 -29.9921 -30.0175 -30.0642 -30.124
y
-51.1055 -51.155 -51.1542 -51.1183 -51.1335 -51.093 -51.1038 -51.1055 -51.2001 -51.1982 -51.1229 -51.1055 -51.188 -51.1017 -51.1358 -51.1935 -51.1445 -51.1298 -51.1472 -51.1908 -51.191 -51.0975 -51.1148 -51.116 -51.1872 -51.098 -51.1085 -51.1296 -51.1448 -51.1141 -51.1036 -51.1517 -51.1467 -51.1239 -51.1351 -51.0975 -51.1658 -51.201 -51.0941 -51.1352 -51.0993 -51.0985 -51.188 -51.1821 -51.1568 -51.147 -51.1003 -51.1382 -51.1052 -51.1165 -51.191 -51.1055
d
0.00000 26.00000 30.00000 25.00000 25.00000 30.00000 32.00000 31.00000 25.00000 24.00000 23.00000 0.00000 24.00000 31.00000 32.00000 23.00000 24.00000 34.00000 34.00000 23.00000 27.00000 31.00000 28.00000 25.00000 22.00000 31.00000 27.00000 22.00000 20.00000 25.00000 31.00000 17.00000 30.00000 23.00000 31.00000 29.00000 22.00000 26.00000 32.00000 20.00000 31.00000 31.00000 23.00000 23.00000 26.00000 29.00000 28.00000 33.00000 31.00000 27.00000 23.00000 0.00000
26.00000 0.00000 7.00000 12.00000 45.00000 15.00000 14.00000 14.00000 16.00000 10.00000 11.00000 26.00000 11.00000 15.00000 9.00000 14.00000 5.00000 11.00000 11.00000 14.00000 19.00000 15.00000 12.00000 12.00000 13.00000 16.00000 15.00000 10.00000 7.00000 12.00000 15.00000 13.00000 7.00000 11.00000 8.00000 13.00000 7.00000 17.00000 16.00000 9.00000 15.00000 16.00000 14.00000 21.00000 2.00000 6.00000 13.00000 10.00000 13.00000 10.00000 14.00000 26.00000
31.00000 7.00000 0.00000 14.00000 50.00000 13.00000 11.00000 11.00000 21.00000 15.00000 12.00000 31.00000 16.00000 11.00000 5.00000 19.00000 10.00000 8.00000 7.00000 19.00000 23.00000 13.00000 9.00000 12.00000 18.00000 12.00000 14.00000 14.00000 12.00000 13.00000 12.00000 18.00000 4.00000 12.00000 4.00000 12.00000 12.00000 22.00000 13.00000 14.00000 12.00000 13.00000 19.00000 26.00000 7.00000 3.00000 12.00000 5.00000 10.00000 9.00000 19.00000 31.00000
25.00000 12.00000 14.00000 0.00000 46.00000 10.00000 11.00000 9.00000 19.00000 15.00000 4.00000 25.00000 14.00000 9.00000 11.00000 17.00000 10.00000 13.00000 13.00000 17.00000 21.00000 11.00000 7.00000 2.00000 16.00000 11.00000 5.00000 5.00000 7.00000 2.00000 10.00000 11.00000 11.00000 3.00000 10.00000 7.00000 11.00000 20.00000 11.00000 6.00000 10.00000 11.00000 18.00000 24.00000 12.00000 11.00000 7.00000 12.00000 10.00000 5.00000 17.00000 25.00000
24.00000 44.00000 47.00000 46.00000 0.00000 49.00000 53.00000 51.00000 32.00000 37.00000 45.00000 24.00000 37.00000 50.00000 51.00000 34.00000 44.00000 53.00000 53.00000 34.00000 31.00000 50.00000 50.00000 46.00000 33.00000 51.00000 48.00000 44.00000 41.00000 46.00000 51.00000 38.00000 48.00000 44.00000 49.00000 50.00000 39.00000 30.00000 51.00000 42.00000 50.00000 50.00000 35.00000 26.00000 44.00000 48.00000 49.00000 52.00000 53.00000 48.00000 34.00000 24.00000
31.00000 17.00000 15.00000 12.00000 50.00000 0.00000 5.00000 4.00000 27.00000 23.00000 11.00000 31.00000 22.00000 3.00000 12.00000 25.00000 15.00000 13.00000 15.00000 24.00000 29.00000 3.00000 7.00000 11.00000 23.00000 3.00000 10.00000 13.00000 15.00000 11.00000 4.00000 19.00000 12.00000 11.00000 12.00000 5.00000 18.00000 28.00000 4.00000 14.00000 3.00000 3.00000 25.00000 31.00000 17.00000 12.00000 6.00000 13.00000 6.00000 8.00000 24.00000 31.00000
32.00000 16.00000 13.00000 13.00000 53.00000 6.00000 0.00000 3.00000 27.00000 23.00000 12.00000 32.00000 22.00000 5.00000 8.00000 25.00000 16.00000 10.00000 12.00000 25.00000 29.00000 4.00000 7.00000 12.00000 24.00000 3.00000 13.00000 13.00000 15.00000 13.00000 4.00000 19.00000 12.00000 11.00000 10.00000 7.00000 19.00000 28.00000 3.00000 14.00000 4.00000 4.00000 25.00000 32.00000 16.00000 11.00000 8.00000 10.00000 2.00000 8.00000 25.00000 32.00000
31.00000 16.00000 13.00000 11.00000 51.00000 4.00000 3.00000 0.00000 25.00000 21.00000 10.00000 31.00000 20.00000 4.00000 9.00000 23.00000 14.00000 10.00000 12.00000 23.00000 28.00000 3.00000 5.00000 10.00000 22.00000 2.00000 11.00000 11.00000 14.00000 11.00000 2.00000 17.00000 11.00000 10.00000 10.00000 6.00000 17.00000 26.00000 3.00000 13.00000 2.00000 3.00000 24.00000 30.00000 16.00000 12.00000 7.00000 10.00000 3.00000 6.00000 23.00000 31.00000
24.00000 16.00000 19.00000 19.00000 32.00000 26.00000 26.00000 25.00000 0.00000 7.00000 17.00000 24.00000 9.00000 25.00000 23.00000 3.00000 16.00000 25.00000 25.00000 4.00000 5.00000 26.00000 22.00000 19.00000 4.00000 26.00000 21.00000 16.00000 13.00000 19.00000 25.00000 11.00000 21.00000 17.00000 22.00000 23.00000 11.00000 4.00000 27.00000 16.00000 25.00000 26.00000 5.00000 8.00000 16.00000 20.00000 22.00000 24.00000 25.00000 21.00000 4.00000 24.00000
25.00000 11.00000 15.00000 15.00000 38.00000 22.00000 23.00000 21.00000 8.00000 0.00000 14.00000 25.00000 4.00000 21.00000 19.00000 7.00000 12.00000 20.00000 21.00000 6.00000 12.00000 22.00000 19.00000 15.00000 6.00000 23.00000 18.00000 13.00000 10.00000 15.00000 22.00000 12.00000 16.00000 14.00000 17.00000 19.00000 8.00000 10.00000 23.00000 12.00000 22.00000 23.00000 6.00000 13.00000 11.00000 16.00000 19.00000 19.00000 22.00000 17.00000 6.00000 25.00000
23.00000 10.00000 14.00000 4.00000 44.00000 11.00000 11.00000 10.00000 18.00000 14.00000 0.00000 23.00000 12.00000 10.00000 12.00000 16.00000 8.00000 13.00000 14.00000 15.00000 20.00000 11.00000 8.00000 4.00000 14.00000 11.00000 7.00000 4.00000 6.00000 4.00000 10.00000 10.00000 11.00000 1.00000 11.00000 8.00000 9.00000 18.00000 12.00000 5.00000 10.00000 11.00000 16.00000 22.00000 10.00000 11.00000 7.00000 12.00000 11.00000 6.00000 15.00000 23.00000
0.00000 26.00000 30.00000 25.00000 25.00000 30.00000 32.00000 31.00000 25.00000 24.00000 23.00000 0.00000 24.00000 31.00000 32.00000 23.00000 24.00000 34.00000 34.00000 23.00000 27.00000 31.00000 28.00000 25.00000 22.00000 31.00000 27.00000 22.00000 20.00000 25.00000 31.00000 17.00000 30.00000 23.00000 31.00000 29.00000 22.00000 26.00000 32.00000 20.00000 31.00000 31.00000 23.00000 23.00000 26.00000 29.00000 28.00000 33.00000 31.00000 27.00000 23.00000 0.00000
24.00000 11.00000 15.00000 13.00000 38.00000 20.00000 21.00000 19.00000 7.00000 4.00000 12.00000 24.00000 0.00000 19.00000 18.00000 7.00000 11.00000 20.00000 20.00000 5.00000 11.00000 21.00000 17.00000 13.00000 5.00000 21.00000 16.00000 11.00000 8.00000 13.00000 20.00000 11.00000 15.00000 12.00000 16.00000 17.00000 6.00000 9.00000 22.00000 11.00000 20.00000 21.00000 5.00000 13.00000 11.00000 15.00000 17.00000 19.00000 20.00000 15.00000 5.00000 24.00000
30.00000 16.00000 13.00000 10.00000 50.00000 3.00000 6.00000 4.00000 25.00000 21.00000 10.00000 30.00000 20.00000 0.00000 10.00000 23.00000 14.00000 12.00000 13.00000 23.00000 27.00000 3.00000 5.00000 9.00000 22.00000 3.00000 9.00000 11.00000 13.00000 9.00000 4.00000 17.00000 11.00000 9.00000 10.00000 4.00000 17.00000 26.00000 4.00000 12.00000 3.00000 3.00000 24.00000 30.00000 15.00000 11.00000 4.00000 11.00000 6.00000 6.00000 23.00000 30.00000
32.00000 11.00000 6.00000 13.00000 53.00000 12.00000 9.00000 9.00000 24.00000 18.00000 12.00000 32.00000 19.00000 11.00000 0.00000 22.00000 11.00000 4.00000 6.00000 22.00000 26.00000 11.00000 9.00000 12.00000 21.00000 11.00000 14.00000 13.00000 13.00000 13.00000 10.00000 19.00000 6.00000 11.00000 3.00000 12.00000 16.00000 25.00000 11.00000 14.00000 10.00000 11.00000 22.00000 29.00000 11.00000 5.00000 12.00000 2.00000 8.00000 8.00000 22.00000 32.00000
23.00000 15.00000 19.00000 18.00000 33.00000 25.00000 26.00000 24.00000 3.00000 7.00000 17.00000 23.00000 7.00000 24.00000 23.00000 0.00000 16.00000 25.00000 25.00000 2.00000 6.00000 25.00000 22.00000 18.00000 2.00000 26.00000 21.00000 16.00000 13.00000 18.00000 25.00000 10.00000 20.00000 17.00000 21.00000 22.00000 11.00000 5.00000 26.00000 14.00000 25.00000 26.00000 3.00000 9.00000 15.00000 20.00000 22.00000 23.00000 25.00000 20.00000 2.00000 23.00000
23.00000 5.00000 9.00000 10.00000 44.00000 15.00000 15.00000 14.00000 17.00000 12.00000 8.00000 23.00000 11.00000 14.00000 11.00000 15.00000 0.00000 13.00000 13.00000 15.00000 19.00000 15.00000 11.00000 10.00000 14.00000 15.00000 12.00000 7.00000 4.00000 10.00000 14.00000 10.00000 9.00000 8.00000 9.00000 12.00000 8.00000 18.00000 16.00000 7.00000 14.00000 15.00000 15.00000 22.00000 5.00000 8.00000 11.00000 11.00000 14.00000 10.00000 14.00000 23.00000
33.00000 12.00000 8.00000 14.00000 54.00000 12.00000 9.00000 9.00000 25.00000 19.00000 13.00000 33.00000 19.00000 12.00000 4.00000 23.00000 12.00000 0.00000 8.00000 23.00000 27.00000 11.00000 9.00000 13.00000 22.00000 10.00000 15.00000 14.00000 14.00000 14.00000 10.00000 20.00000 7.00000 13.00000 5.00000 13.00000 17.00000 26.00000 11.00000 16.00000 10.00000 11.00000 23.00000 29.00000 12.00000 7.00000 13.00000 4.00000 8.00000 9.00000 22.00000 33.00000
34.00000 12.00000 5.00000 18.00000 53.00000 18.00000 15.00000 15.00000 23.00000 17.00000 17.00000 34.00000 18.00000 16.00000 10.00000 21.00000 14.00000 12.00000 0.00000 21.00000 26.00000 17.00000 14.00000 17.00000 20.00000 17.00000 19.00000 18.00000 15.00000 18.00000 17.00000 21.00000 9.00000 16.00000 8.00000 17.00000 15.00000 24.00000 17.00000 17.00000 17.00000 18.00000 21.00000 28.00000 11.00000 8.00000 17.00000 10.00000 14.00000 13.00000 21.00000 34.00000
22.00000 14.00000 17.00000 17.00000 34.00000 24.00000 24.00000 23.00000 4.00000 6.00000 16.00000 22.00000 6.00000 23.00000 21.00000 2.00000 14.00000 23.00000 23.00000 0.00000 7.00000 24.00000 20.00000 17.00000 2.00000 24.00000 19.00000 14.00000 11.00000 17.00000 23.00000 9.00000 19.00000 15.00000 20.00000 21.00000 9.00000 6.00000 25.00000 13.00000 23.00000 24.00000 2.00000 10.00000 14.00000 18.00000 20.00000 22.00000 23.00000 19.00000 1.00000 22.00000
25.00000 16.00000 20.00000 19.00000 31.00000 26.00000 27.00000 25.00000 6.00000 11.00000 18.00000 25.00000 10.00000 25.00000 24.00000 6.00000 17.00000 26.00000 26.00000 6.00000 0.00000 27.00000 23.00000 19.00000 6.00000 27.00000 22.00000 17.00000 14.00000 19.00000 26.00000 12.00000 21.00000 18.00000 22.00000 23.00000 12.00000 4.00000 27.00000 16.00000 26.00000 27.00000 8.00000 6.00000 16.00000 21.00000 23.00000 24.00000 26.00000 21.00000 7.00000 25.00000
31.00000 17.00000 15.00000 12.00000 51.00000 3.00000 4.00000 3.00000 27.00000 23.00000 11.00000 31.00000 22.00000 3.00000 11.00000 25.00000 16.00000 12.00000 14.00000 25.00000 29.00000 0.00000 6.00000 11.00000 24.00000 2.00000 10.00000 13.00000 15.00000 10.00000 3.00000 19.00000 13.00000 11.00000 12.00000 5.00000 18.00000 28.00000 3.00000 14.00000 1.00000 2.00000 25.00000 31.00000 17.00000 13.00000 6.00000 12.00000 5.00000 8.00000 24.00000 31.00000
29.00000 14.00000 11.00000 9.00000 50.00000 7.00000 7.00000 5.00000 23.00000 19.00000 8.00000 29.00000 18.00000 5.00000 8.00000 21.00000 12.00000 10.00000 11.00000 21.00000 25.00000 6.00000 0.00000 8.00000 20.00000 7.00000 10.00000 9.00000 11.00000 9.00000 6.00000 15.00000 9.00000 7.00000 8.00000 8.00000 15.00000 24.00000 7.00000 10.00000 5.00000 6.00000 22.00000 28.00000 14.00000 9.00000 8.00000 9.00000 6.00000 4.00000 21.00000 29.00000
25.00000 12.00000 13.00000 2.00000 46.00000 10.00000 11.00000 9.00000 19.00000 15.00000 4.00000 25.00000 14.00000 9.00000 11.00000 17.00000 10.00000 12.00000 13.00000 17.00000 21.00000 10.00000 7.00000 0.00000 16.00000 11.00000 4.00000 5.00000 7.00000 1.00000 10.00000 11.00000 11.00000 4.00000 10.00000 7.00000 11.00000 20.00000 11.00000 7.00000 9.00000 11.00000 18.00000 24.00000 12.00000 11.00000 6.00000 11.00000 10.00000 5.00000 17.00000 25.00000
22.00000 15.00000 18.00000 17.00000 34.00000 24.00000 25.00000 23.00000 4.00000 7.00000 16.00000 22.00000 7.00000 23.00000 22.00000 2.00000 15.00000 24.00000 24.00000 2.00000 7.00000 25.00000 21.00000 17.00000 0.00000 25.00000 20.00000 15.00000 12.00000 17.00000 24.00000 9.00000 19.00000 16.00000 20.00000 21.00000 10.00000 5.00000 25.00000 13.00000 24.00000 25.00000 2.00000 9.00000 15.00000 19.00000 21.00000 23.00000 24.00000 19.00000 2.00000 22.00000
31.00000 18.00000 14.00000 12.00000 51.00000 4.00000 3.00000 2.00000 27.00000 23.00000 11.00000 31.00000 22.00000 3.00000 10.00000 25.00000 16.00000 11.00000 14.00000 25.00000 29.00000 2.00000 6.00000 11.00000 24.00000 0.00000 11.00000 13.00000 15.00000 11.00000 3.00000 19.00000 13.00000 11.00000 11.00000 6.00000 19.00000 28.00000 2.00000 14.00000 2.00000 2.00000 25.00000 32.00000 17.00000 13.00000 6.00000 11.00000 4.00000 8.00000 24.00000 31.00000
28.00000 15.00000 16.00000 5.00000 48.00000 10.00000 13.00000 11.00000 22.00000 18.00000 7.00000 28.00000 17.00000 10.00000 13.00000 20.00000 13.00000 15.00000 15.00000 20.00000 24.00000 11.00000 9.00000 4.00000 19.00000 11.00000 0.00000 8.00000 10.00000 4.00000 12.00000 14.00000 13.00000 7.00000 13.00000 6.00000 14.00000 23.00000 12.00000 9.00000 10.00000 11.00000 21.00000 27.00000 15.00000 13.00000 5.00000 14.00000 12.00000 7.00000 20.00000 28.00000
23.00000 11.00000 14.00000 5.00000 44.00000 12.00000 13.00000 11.00000 18.00000 14.00000 4.00000 23.00000 13.00000 11.00000 13.00000 16.00000 8.00000 14.00000 15.00000 16.00000 20.00000 12.00000 9.00000 5.00000 15.00000 12.00000 8.00000 0.00000 6.00000 5.00000 11.00000 10.00000 12.00000 3.00000 12.00000 9.00000 10.00000 19.00000 13.00000 4.00000 11.00000 12.00000 16.00000 23.00000 11.00000 12.00000 8.00000 13.00000 12.00000 7.00000 15.00000 23.00000
20.00000 8.00000 12.00000 6.00000 41.00000 13.00000 14.00000 12.00000 14.00000 11.00000 5.00000 20.00000 10.00000 12.00000 14.00000 12.00000 6.00000 15.00000 16.00000 12.00000 16.00000 13.00000 10.00000 6.00000 11.00000 14.00000 9.00000 4.00000 0.00000 6.00000 13.00000 6.00000 12.00000 5.00000 13.00000 10.00000 7.00000 15.00000 14.00000 3.00000 12.00000 13.00000 13.00000 19.00000 8.00000 11.00000 10.00000 14.00000 13.00000 8.00000 12.00000 20.00000
25.00000 12.00000 14.00000 2.00000 46.00000 10.00000 11.00000 10.00000 19.00000 15.00000 4.00000 25.00000 14.00000 10.00000 11.00000 17.00000 10.00000 13.00000 14.00000 17.00000 21.00000 11.00000 8.00000 1.00000 16.00000 11.00000 4.00000 5.00000 7.00000 0.00000 10.00000 11.00000 11.00000 4.00000 11.00000 7.00000 11.00000 20.00000 12.00000 6.00000 10.00000 11.00000 18.00000 24.00000 12.00000 11.00000 6.00000 12.00000 11.00000 6.00000 17.00000 25.00000
31.00000 17.00000 14.00000 12.00000 52.00000 4.00000 4.00000 2.00000 26.00000 22.00000 10.00000 31.00000 21.00000 4.00000 10.00000 24.00000 15.00000 11.00000 13.00000 24.00000 28.00000 3.00000 6.00000 11.00000 23.00000 3.00000 11.00000 12.00000 14.00000 11.00000 0.00000 18.00000 12.00000 10.00000 11.00000 6.00000 18.00000 27.00000 3.00000 13.00000 3.00000 3.00000 24.00000 31.00000 16.00000 12.00000 7.00000 11.00000 5.00000 7.00000 23.00000 31.00000
16.00000 14.00000 17.00000 12.00000 37.00000 19.00000 20.00000 18.00000 13.00000 12.00000 11.00000 16.00000 12.00000 18.00000 20.00000 11.00000 12.00000 22.00000 22.00000 11.00000 15.00000 20.00000 16.00000 12.00000 9.00000 20.00000 15.00000 10.00000 8.00000 12.00000 19.00000 0.00000 17.00000 11.00000 18.00000 16.00000 9.00000 14.00000 20.00000 8.00000 19.00000 20.00000 11.00000 17.00000 14.00000 17.00000 16.00000 20.00000 19.00000 14.00000 10.00000 16.00000
29.00000 7.00000 4.00000 13.00000 49.00000 13.00000 12.00000 12.00000 20.00000 14.00000 11.00000 29.00000 15.00000 12.00000 6.00000 18.00000 7.00000 9.00000 7.00000 18.00000 22.00000 13.00000 10.00000 12.00000 17.00000 13.00000 13.00000 13.00000 10.00000 12.00000 13.00000 16.00000 0.00000 11.00000 5.00000 11.00000 12.00000 21.00000 14.00000 13.00000 13.00000 14.00000 18.00000 25.00000 7.00000 1.00000 11.00000 6.00000 11.00000 8.00000 18.00000 29.00000
23.00000 10.00000 14.00000 3.00000 44.00000 11.00000 11.00000 10.00000 17.00000 13.00000 1.00000 23.00000 12.00000 9.00000 11.00000 15.00000 8.00000 13.00000 13.00000 15.00000 19.00000 11.00000 7.00000 4.00000 14.00000 11.00000 6.00000 3.00000 5.00000 4.00000 10.00000 9.00000 11.00000 0.00000 11.00000 8.00000 9.00000 18.00000 12.00000 4.00000 10.00000 11.00000 16.00000 22.00000 10.00000 11.00000 7.00000 12.00000 10.00000 5.00000 15.00000 23.00000
30.00000 9.00000 6.00000 11.00000 51.00000 11.00000 8.00000 8.00000 22.00000 16.00000 10.00000 30.00000 17.00000 9.00000 4.00000 20.00000 9.00000 5.00000 5.00000 20.00000 24.00000 10.00000 7.00000 10.00000 19.00000 10.00000 12.00000 11.00000 11.00000 11.00000 9.00000 17.00000 5.00000 9.00000 0.00000 10.00000 14.00000 23.00000 10.00000 12.00000 9.00000 10.00000 20.00000 27.00000 9.00000 5.00000 9.00000 4.00000 7.00000 6.00000 20.00000 30.00000
29.00000 15.00000 14.00000 8.00000 50.00000 4.00000 7.00000 6.00000 23.00000 20.00000 8.00000 29.00000 18.00000 4.00000 11.00000 21.00000 12.00000 13.00000 13.00000 21.00000 26.00000 5.00000 7.00000 7.00000 20.00000 5.00000 7.00000 9.00000 12.00000 7.00000 6.00000 16.00000 11.00000 8.00000 11.00000 0.00000 15.00000 24.00000 6.00000 11.00000 5.00000 5.00000 22.00000 28.00000 15.00000 11.00000 2.00000 12.00000 8.00000 5.00000 21.00000 29.00000
21.00000 8.00000 12.00000 10.00000 40.00000 17.00000 18.00000 16.00000 11.00000 9.00000 9.00000 21.00000 7.00000 16.00000 15.00000 9.00000 8.00000 17.00000 17.00000 9.00000 13.00000 18.00000 14.00000 10.00000 8.00000 18.00000 13.00000 8.00000 5.00000 10.00000 17.00000 8.00000 12.00000 9.00000 13.00000 14.00000 0.00000 12.00000 18.00000 7.00000 17.00000 18.00000 9.00000 16.00000 8.00000 12.00000 14.00000 16.00000 17.00000 12.00000 8.00000 21.00000
26.00000 17.00000 20.00000 19.00000 30.00000 27.00000 27.00000 26.00000 5.00000 10.00000 18.00000 26.00000 10.00000 25.00000 24.00000 6.00000 17.00000 26.00000 26.00000 7.00000 4.00000 27.00000 23.00000 19.00000 6.00000 27.00000 22.00000 17.00000 14.00000 19.00000 26.00000 12.00000 21.00000 18.00000 22.00000 23.00000 12.00000 0.00000 28.00000 17.00000 26.00000 27.00000 8.00000 5.00000 17.00000 21.00000 23.00000 25.00000 26.00000 21.00000 7.00000 26.00000
32.00000 18.00000 14.00000 13.00000 52.00000 4.00000 3.00000 3.00000 28.00000 24.00000 12.00000 32.00000 23.00000 4.00000 10.00000 26.00000 16.00000 11.00000 14.00000 25.00000 30.00000 3.00000 7.00000 12.00000 24.00000 2.00000 12.00000 14.00000 16.00000 12.00000 3.00000 20.00000 13.00000 12.00000 11.00000 7.00000 19.00000 29.00000 0.00000 15.00000 3.00000 3.00000 26.00000 32.00000 17.00000 13.00000 7.00000 11.00000 4.00000 9.00000 25.00000 32.00000
21.00000 10.00000 14.00000 6.00000 42.00000 13.00000 14.00000 12.00000 16.00000 14.00000 5.00000 21.00000 13.00000 12.00000 14.00000 14.00000 8.00000 16.00000 16.00000 13.00000 18.00000 14.00000 10.00000 6.00000 12.00000 14.00000 9.00000 4.00000 6.00000 6.00000 13.00000 8.00000 14.00000 5.00000 13.00000 10.00000 9.00000 17.00000 15.00000 0.00000 13.00000 14.00000 14.00000 20.00000 10.00000 14.00000 10.00000 15.00000 13.00000 8.00000 13.00000 21.00000
31.00000 17.00000 14.00000 12.00000 50.00000 3.00000 4.00000 2.00000 26.00000 22.00000 10.00000 31.00000 21.00000 3.00000 10.00000 24.00000 15.00000 11.00000 13.00000 24.00000 28.00000 1.00000 6.00000 10.00000 23.00000 2.00000 10.00000 12.00000 14.00000 10.00000 2.00000 18.00000 12.00000 10.00000 11.00000 5.00000 18.00000 27.00000 3.00000 13.00000 0.00000 2.00000 24.00000 31.00000 16.00000 12.00000 6.00000 11.00000 5.00000 7.00000 23.00000 31.00000
31.00000 18.00000 15.00000 12.00000 51.00000 4.00000 4.00000 3.00000 27.00000 23.00000 12.00000 31.00000 22.00000 3.00000 11.00000 25.00000 16.00000 12.00000 15.00000 25.00000 29.00000 2.00000 6.00000 11.00000 24.00000 2.00000 11.00000 13.00000 15.00000 11.00000 3.00000 19.00000 13.00000 11.00000 12.00000 6.00000 19.00000 28.00000 3.00000 14.00000 2.00000 0.00000 25.00000 32.00000 17.00000 13.00000 6.00000 12.00000 5.00000 8.00000 25.00000 31.00000
21.00000 14.00000 17.00000 16.00000 34.00000 24.00000 24.00000 23.00000 5.00000 6.00000 15.00000 21.00000 6.00000 22.00000 21.00000 3.00000 14.00000 23.00000 23.00000 2.00000 7.00000 24.00000 20.00000 16.00000 1.00000 24.00000 19.00000 14.00000 11.00000 16.00000 23.00000 8.00000 18.00000 15.00000 20.00000 21.00000 9.00000 6.00000 25.00000 12.00000 23.00000 24.00000 0.00000 10.00000 14.00000 18.00000 20.00000 22.00000 23.00000 18.00000 2.00000 21.00000
22.00000 20.00000 23.00000 22.00000 26.00000 30.00000 30.00000 29.00000 8.00000 13.00000 21.00000 22.00000 13.00000 28.00000 27.00000 9.00000 20.00000 29.00000 29.00000 10.00000 6.00000 30.00000 26.00000 22.00000 9.00000 30.00000 25.00000 20.00000 17.00000 22.00000 29.00000 15.00000 24.00000 21.00000 25.00000 26.00000 15.00000 6.00000 31.00000 20.00000 29.00000 30.00000 11.00000 0.00000 20.00000 24.00000 26.00000 28.00000 29.00000 24.00000 10.00000 22.00000
26.00000 2.00000 6.00000 12.00000 46.00000 14.00000 14.00000 14.00000 17.00000 11.00000 11.00000 26.00000 12.00000 14.00000 9.00000 15.00000 5.00000 11.00000 11.00000 15.00000 19.00000 15.00000 12.00000 12.00000 14.00000 15.00000 15.00000 10.00000 7.00000 12.00000 15.00000 13.00000 6.00000 11.00000 7.00000 13.00000 8.00000 18.00000 15.00000 10.00000 15.00000 15.00000 15.00000 22.00000 0.00000 6.00000 13.00000 9.00000 13.00000 9.00000 15.00000 26.00000
30.00000 7.00000 4.00000 13.00000 50.00000 13.00000 11.00000 11.00000 21.00000 15.00000 12.00000 30.00000 15.00000 12.00000 6.00000 19.00000 7.00000 8.00000 7.00000 19.00000 23.00000 13.00000 10.00000 12.00000 18.00000 13.00000 14.00000 13.00000 11.00000 13.00000 12.00000 17.00000 1.00000 11.00000 4.00000 12.00000 12.00000 22.00000 13.00000 13.00000 12.00000 13.00000 19.00000 25.00000 7.00000 0.00000 12.00000 5.00000 10.00000 8.00000 18.00000 30.00000
28.00000 15.00000 13.00000 7.00000 49.00000 6.00000 9.00000 7.00000 23.00000 19.00000 8.00000 28.00000 18.00000 6.00000 11.00000 21.00000 12.00000 13.00000 13.00000 21.00000 25.00000 6.00000 7.00000 6.00000 20.00000 7.00000 5.00000 9.00000 11.00000 6.00000 7.00000 15.00000 11.00000 7.00000 10.00000 2.00000 15.00000 24.00000 8.00000 10.00000 6.00000 6.00000 21.00000 28.00000 15.00000 11.00000 0.00000 11.00000 9.00000 5.00000 21.00000 28.00000
32.00000 11.00000 6.00000 13.00000 53.00000 13.00000 10.00000 10.00000 24.00000 18.00000 12.00000 32.00000 19.00000 11.00000 2.00000 22.00000 10.00000 5.00000 6.00000 22.00000 26.00000 12.00000 9.00000 12.00000 21.00000 11.00000 14.00000 13.00000 13.00000 13.00000 11.00000 18.00000 6.00000 11.00000 3.00000 12.00000 16.00000 25.00000 12.00000 14.00000 11.00000 12.00000 22.00000 29.00000 11.00000 5.00000 12.00000 0.00000 9.00000 8.00000 22.00000 32.00000
32.00000 15.00000 11.00000 12.00000 53.00000 6.00000 2.00000 3.00000 26.00000 22.00000 11.00000 32.00000 21.00000 6.00000 7.00000 24.00000 15.00000 9.00000 11.00000 24.00000 28.00000 5.00000 6.00000 11.00000 23.00000 4.00000 13.00000 12.00000 14.00000 12.00000 4.00000 18.00000 10.00000 11.00000 8.00000 8.00000 18.00000 27.00000 4.00000 13.00000 5.00000 5.00000 25.00000 31.00000 15.00000 10.00000 9.00000 9.00000 0.00000 7.00000 24.00000 32.00000
26.00000 12.00000 11.00000 7.00000 47.00000 7.00000 8.00000 7.00000 21.00000 17.00000 5.00000 26.00000 16.00000 7.00000 8.00000 19.00000 10.00000 10.00000 11.00000 19.00000 23.00000 8.00000 5.00000 6.00000 18.00000 8.00000 6.00000 7.00000 9.00000 6.00000 7.00000 13.00000 8.00000 5.00000 8.00000 5.00000 13.00000 22.00000 9.00000 8.00000 7.00000 8.00000 19.00000 26.00000 12.00000 8.00000 4.00000 9.00000 8.00000 0.00000 18.00000 26.00000
22.00000 14.00000 18.00000 17.00000 34.00000 24.00000 25.00000 23.00000 4.00000 6.00000 16.00000 22.00000 6.00000 23.00000 22.00000 2.00000 14.00000 23.00000 24.00000 1.00000 7.00000 24.00000 21.00000 17.00000 2.00000 24.00000 20.00000 15.00000 11.00000 17.00000 23.00000 8.00000 19.00000 15.00000 20.00000 21.00000 9.00000 6.00000 25.00000 13.00000 23.00000 24.00000 2.00000 10.00000 14.00000 19.00000 20.00000 22.00000 24.00000 19.00000 0.00000 22.00000
0.00000 26.00000 30.00000 25.00000 25.00000 30.00000 32.00000 31.00000 25.00000 24.00000 23.00000 0.00000 24.00000 31.00000 32.00000 23.00000 24.00000 34.00000 34.00000 23.00000 27.00000 31.00000 28.00000 25.00000 22.00000 31.00000 27.00000 22.00000 20.00000 25.00000 31.00000 17.00000 30.00000 23.00000 31.00000 29.00000 22.00000 26.00000 32.00000 20.00000 31.00000 31.00000 23.00000 23.00000 26.00000 29.00000 28.00000 33.00000 31.00000 27.00000 23.00000 0.00000
p
0.0 0.0 0.0 0.0 0.0 0.0 
0.0 0.0 0.0 0.0 0.0 0.0 
0.0 0.0 0.0 0.0 0.0 0.0 
0.0 0.0 0.0 0.0 0.0 0.0 
0.0 0.0 0.0 0.0 0.0 0.0 
0.0 0.0 0.0 0.0 0.0 0.0 
0.0 0.0 0.0 0.0 0.0 0.0 
0.0 0.0 0.0 0.0 0.0 0.0 
0.0 0.0 0.0 0.0 0.0 0.0 
0.0 0.0 0.0 0.0 0.0 0.0 
44 0 0 0 0 0 
44 0 0 0 0 0 
44 0 0 0 0 0 
44 0 0 0 0 0 
44 0 0 0 0 0 
44 0 0 0 0 0 
44 0 0 0 0 0 
44 0 0 0 0 0 
44 0 0 0 0 0 
44 0 0 0 0 0 
0 0 0 42 0 0 
0 0 0 42 0 0 
0 0 0 42 0 0 
0 0 0 42 0 0 
0 0 0 42 0 0 
0 0 0 42 0 0 
0 0 0 42 0 0 
0 0 0 42 0 0 
0 0 0 42 0 0 
0 0 0 42 0 0 
0 0 44 0 26 0 
0 0 44 0 26 0 
0 0 44 0 26 0 
0 0 44 0 26 0 
0 0 44 0 26 0 
0 0 44 0 26 0 
0 0 44 0 26 0 
0 0 44 0 26 0 
0 0 44 0 26 0 
0 0 44 0 26 0 
0 0 0 0 26 0 
0 0 0 0 26 0 
0 0 0 0 26 0 
0 0 0 0 26 0 
0 0 0 0 26 0 
0 0 0 0 26 0 
0 0 0 0 26 0 
0 0 0 0 26 0 
0 0 0 0 26 0 
0 0 0 0 26 0 
0 0 51 0 0 0 
0 0 51 0 0 0 
0 0 51 0 0 0 
0 0 51 0 0 0 
0 0 51 0 0 0 
0 0 51 0 0 0 
0 0 51 0 0 0 
0 0 51 0 0 0 
0 0 51 0 0 0 
0 0 51 0 0 0 
34 0 0 0 0 0 
34 0 0 0 0 0 
34 0 0 0 0 0 
34 0 0 0 0 0 
34 0 0 0 0 0 
34 0 0 0 0 0 
34 0 0 0 0 0 
34 0 0 0 0 0 
34 0 0 0 0 0 
34 0 0 0 0 0 
0 0 0 51 0 0 
0 0 0 51 0 0 
0 0 0 51 0 0 
0 0 0 51 0 0 
0 0 0 51 0 0 
0 0 0 51 0 0 
0 0 0 51 0 0 
0 0 0 51 0 0 
0 0 0 51 0 0 
0 0 0 51 0 0 
48 0 0 35 0 0 
48 0 0 35 0 0 
48 0 0 35 0 0 
48 0 0 35 0 0 
48 0 0 35 0 0 
48 0 0 35 0 0 
48 0 0 35 0 0 
48 0 0 35 0 0 
48 0 0 35 0 0 
48 0 0 35 0 0 
0 0 0 0 26 0 
0 0 0 0 26 0 
0 0 0 0 26 0 
0 0 0 0 26 0 
0 0 0 0 26 0 
0 0 0 0 26 0 
0 0 0 0 26 0 
0 0 0 0 26 0 
0 0 0 0 26 0 
0 0 0 0 26 0 
0 0 47 36 0 0 
0 0 47 36 0 0 
0 0 47 36 0 0 
0 0 47 36 0 0 
0 0 47 36 0 0 
0 0 47 36 0 0 
0 0 47 36 0 0 
0 0 47 36 0 0 
0 0 47 36 0 0 
0 0 47 36 0 0 
0 0 0 16 0 0 
0 0 0 16 0 0 
0 0 0 16 0 0 
0 0 0 16 0 0 
0 0 0 16 0 0 
0 0 0 16 0 0 
0 0 0 16 0 0 
0 0 0 16 0 0 
0 0 0 16 0 0 
0 0 0 16 0 0 
0 0 0 0 39 0 
0 0 0 0 39 0 
0 0 0 0 39 0 
0 0 0 0 39 0 
0 0 0 0 39 0 
0 0 0 0 39 0 
0 0 0 0 39 0 
0 0 0 0 39 0 
0 0 0 0 39 0 
0 0 0 0 39 0 
50 0 0 0 0 0 
50 0 0 0 0 0 
50 0 0 0 0 0 
50 0 0 0 0 0 
50 0 0 0 0 0 
50 0 0 0 0 0 
50 0 0 0 0 0 
50 0 0 0 0 0 
50 0 0 0 0 0 
50 0 0 0 0 0 
0 0 19 0 0 40 
0 0 19 0 0 40 
0 0 19 0 0 40 
0 0 19 0 0 40 
0 0 19 0 0 40 
0 0 19 0 0 40 
0 0 19 0 0 40 
0 0 19 0 0 40 
0 0 19 0 0 40 
0 0 19 0 0 40 
0 0 0 0 29 0 
0 0 0 0 29 0 
0 0 0 0 29 0 
0 0 0 0 29 0 
0 0 0 0 29 0 
0 0 0 0 29 0 
0 0 0 0 29 0 
0 0 0 0 29 0 
0 0 0 0 29 0 
0 0 0 0 29 0 
37 0 0 0 0 0 
37 0 0 0 0 0 
37 0 0 0 0 0 
37 0 0 0 0 0 
37 0 0 0 0 0 
37 0 0 0 0 0 
37 0 0 0 0 0 
37 0 0 0 0 0 
37 0 0 0 0 0 
37 0 0 0 0 0 
0 0 0 0 0 43 
0 0 0 0 0 43 
0 0 0 0 0 43 
0 0 0 0 0 43 
0 0 0 0 0 43 
0 0 0 0 0 43 
0 0 0 0 0 43 
0 0 0 0 0 43 
0 0 0 0 0 43 
0 0 0 0 0 43 
0 0 0 0 35 0 
0 0 0 0 35 0 
0 0 0 0 35 0 
0 0 0 0 35 0 
0 0 0 0 35 0 
0 0 0 0 35 0 
0 0 0 0 35 0 
0 0 0 0 35 0 
0 0 0 0 35 0 
0 0 0 0 35 0 
24 0 0 0 0 0 
24 0 0 0 0 0 
24 0 0 0 0 0 
24 0 0 0 0 0 
24 0 0 0 0 0 
24 0 0 0 0 0 
24 0 0 0 0 0 
24 0 0 0 0 0 
24 0 0 0 0 0 
24 0 0 0 0 0 
0 0 0 0 0 54 
0 0 0 0 0 54 
0 0 0 0 0 54 
0 0 0 0 0 54 
0 0 0 0 0 54 
0 0 0 0 0 54 
0 0 0 0 0 54 
0 0 0 0 0 54 
0 0 0 0 0 54 
0 0 0 0 0 54 
38 0 0 19 0 0 
38 0 0 19 0 0 
38 0 0 19 0 0 
38 0 0 19 0 0 
38 0 0 19 0 0 
38 0 0 19 0 0 
38 0 0 19 0 0 
38 0 0 19 0 0 
38 0 0 19 0 0 
38 0 0 19 0 0 
0 0 0 15 0 0 
0 0 0 15 0 0 
0 0 0 15 0 0 
0 0 0 15 0 0 
0 0 0 15 0 0 
0 0 0 15 0 0 
0 0 0 15 0 0 
0 0 0 15 0 0 
0 0 0 15 0 0 
0 0 0 15 0 0 
0 0 0 30 0 0 
0 0 0 30 0 0 
0 0 0 30 0 0 
0 0 0 30 0 0 
0 0 0 30 0 0 
0 0 0 30 0 0 
0 0 0 30 0 0 
0 0 0 30 0 0 
0 0 0 30 0 0 
0 0 0 30 0 0 
48 0 0 0 24 0 
48 0 0 0 24 0 
48 0 0 0 24 0 
48 0 0 0 24 0 
48 0 0 0 24 0 
48 0 0 0 24 0 
48 0 0 0 24 0 
48 0 0 0 24 0 
48 0 0 0 24 0 
48 0 0 0 24 0 
0 34 0 0 0 36 
0 34 0 0 0 36 
0 34 0 0 0 36 
0 34 0 0 0 36 
0 34 0 0 0 36 
0 34 0 0 0 36 
0 34 0 0 0 36 
0 34 0 0 0 36 
0 34 0 0 0 36 
0 34 0 0 0 36 
57 0 0 0 0 0 
57 0 0 0 0 0 
57 0 0 0 0 0 
57 0 0 0 0 0 
57 0 0 0 0 0 
57 0 0 0 0 0 
57 0 0 0 0 0 
57 0 0 0 0 0 
57 0 0 0 0 0 
57 0 0 0 0 0 
0 0 46 0 34 0 
0 0 46 0 34 0 
0 0 46 0 34 0 
0 0 46 0 34 0 
0 0 46 0 34 0 
0 0 46 0 34 0 
0 0 46 0 34 0 
0 0 46 0 34 0 
0 0 46 0 34 0 
0 0 46 0 34 0 
0 0 0 0 0 32 
0 0 0 0 0 32 
0 0 0 0 0 32 
0 0 0 0 0 32 
0 0 0 0 0 32 
0 0 0 0 0 32 
0 0 0 0 0 32 
0 0 0 0 0 32 
0 0 0 0 0 32 
0 0 0 0 0 32 
0 30 0 0 0 0 
0 30 0 0 0 0 
0 30 0 0 0 0 
0 30 0 0 0 0 
0 30 0 0 0 0 
0 30 0 0 0 0 
0 30 0 0 0 0 
0 30 0 0 0 0 
0 30 0 0 0 0 
0 30 0 0 0 0 
0 0 0 0 59 0 
0 0 0 0 59 0 
0 0 0 0 59 0 
0 0 0 0 59 0 
0 0 0 0 59 0 
0 0 0 0 59 0 
0 0 0 0 59 0 
0 0 0 0 59 0 
0 0 0 0 59 0 
0 0 0 0 59 0 
0 0 15 0 0 0 
0 0 15 0 0 0 
0 0 15 0 0 0 
0 0 15 0 0 0 
0 0 15 0 0 0 
0 0 15 0 0 0 
0 0 15 0 0 0 
0 0 15 0 0 0 
0 0 15 0 0 0 
0 0 15 0 0 0 
54 0 0 0 0 54 
54 0 0 0 0 54 
54 0 0 0 0 54 
54 0 0 0 0 54 
54 0 0 0 0 54 
54 0 0 0 0 54 
54 0 0 0 0 54 
54 0 0 0 0 54 
54 0 0 0 0 54 
54 0 0 0 0 54 
0 0 0 0 0 56 
0 0 0 0 0 56 
0 0 0 0 0 56 
0 0 0 0 0 56 
0 0 0 0 0 56 
0 0 0 0 0 56 
0 0 0 0 0 56 
0 0 0 0 0 56 
0 0 0 0 0 56 
0 0 0 0 0 56 
28 0 0 0 0 0 
28 0 0 0 0 0 
28 0 0 0 0 0 
28 0 0 0 0 0 
28 0 0 0 0 0 
28 0 0 0 0 0 
28 0 0 0 0 0 
28 0 0 0 0 0 
28 0 0 0 0 0 
28 0 0 0 0 0 
0 0 56 0 0 0 
0 0 56 0 0 0 
0 0 56 0 0 0 
0 0 56 0 0 0 
0 0 56 0 0 0 
0 0 56 0 0 0 
0 0 56 0 0 0 
0 0 56 0 0 0 
0 0 56 0 0 0 
0 0 56 0 0 0 
0 0 40 0 0 19 
0 0 40 0 0 19 
0 0 40 0 0 19 
0 0 40 0 0 19 
0 0 40 0 0 19 
0 0 40 0 0 19 
0 0 40 0 0 19 
0 0 40 0 0 19 
0 0 40 0 0 19 
0 0 40 0 0 19 
0 0 0 41 0 0 
0 0 0 41 0 0 
0 0 0 41 0 0 
0 0 0 41 0 0 
0 0 0 41 0 0 
0 0 0 41 0 0 
0 0 0 41 0 0 
0 0 0 41 0 0 
0 0 0 41 0 0 
0 0 0 41 0 0 
0 0 0 30 0 0 
0 0 0 30 0 0 
0 0 0 30 0 0 
0 0 0 30 0 0 
0 0 0 30 0 0 
0 0 0 30 0 0 
0 0 0 30 0 0 
0 0 0 30 0 0 
0 0 0 30 0 0 
0 0 0 30 0 0 
0 0 0 0 0 55 
0 0 0 0 0 55 
0 0 0 0 0 55 
0 0 0 0 0 55 
0 0 0 0 0 55 
0 0 0 0 0 55 
0 0 0 0 0 55 
0 0 0 0 0 55 
0 0 0 0 0 55 
0 0 0 0 0 55 
0 0 57 0 0 0 
0 0 57 0 0 0 
0 0 57 0 0 0 
0 0 57 0 0 0 
0 0 57 0 0 0 
0 0 57 0 0 0 
0 0 57 0 0 0 
0 0 57 0 0 0 
0 0 57 0 0 0 
0 0 57 0 0 0 
0 0 0 0 0 45 
0 0 0 0 0 45 
0 0 0 0 0 45 
0 0 0 0 0 45 
0 0 0 0 0 45 
0 0 0 0 0 45 
0 0 0 0 0 45 
0 0 0 0 0 45 
0 0 0 0 0 45 
0 0 0 0 0 45 
42 0 0 0 0 34 
42 0 0 0 0 34 
42 0 0 0 0 34 
42 0 0 0 0 34 
42 0 0 0 0 34 
42 0 0 0 0 34 
42 0 0 0 0 34 
42 0 0 0 0 34 
42 0 0 0 0 34 
42 0 0 0 0 34 
0 0 0 0 0 38 
0 0 0 0 0 38 
0 0 0 0 0 38 
0 0 0 0 0 38 
0 0 0 0 0 38 
0 0 0 0 0 38 
0 0 0 0 0 38 
0 0 0 0 0 38 
0 0 0 0 0 38 
0 0 0 0 0 38 
0 0 0 0 39 0 
0 0 0 0 39 0 
0 0 0 0 39 0 
0 0 0 0 39 0 
0 0 0 0 39 0 
0 0 0 0 39 0 
0 0 0 0 39 0 
0 0 0 0 39 0 
0 0 0 0 39 0 
0 0 0 0 39 0 
53 0 0 21 0 0 
53 0 0 21 0 0 
53 0 0 21 0 0 
53 0 0 21 0 0 
53 0 0 21 0 0 
53 0 0 21 0 0 
53 0 0 21 0 0 
53 0 0 21 0 0 
53 0 0 21 0 0 
53 0 0 21 0 0 
23 0 0 0 0 0 
23 0 0 0 0 0 
23 0 0 0 0 0 
23 0 0 0 0 0 
23 0 0 0 0 0 
23 0 0 0 0 0 
23 0 0 0 0 0 
23 0 0 0 0 0 
23 0 0 0 0 0 
23 0 0 0 0 0 
0 0 31 0 0 36 
0 0 31 0 0 36 
0 0 31 0 0 36 
0 0 31 0 0 36 
0 0 31 0 0 36 
0 0 31 0 0 36 
0 0 31 0 0 36 
0 0 31 0 0 36 
0 0 31 0 0 36 
0 0 31 0 0 36 
0 0 60 31 0 0 
0 0 60 31 0 0 
0 0 60 31 0 0 
0 0 60 31 0 0 
0 0 60 31 0 0 
0 0 60 31 0 0 
0 0 60 31 0 0 
0 0 60 31 0 0 
0 0 60 31 0 0 
0 0 60 31 0 0 
0 0 35 0 0 16 
0 0 35 0 0 16 
0 0 35 0 0 16 
0 0 35 0 0 16 
0 0 35 0 0 16 
0 0 35 0 0 16 
0 0 35 0 0 16 
0 0 35 0 0 16 
0 0 35 0 0 16 
0 0 35 0 0 16 
32 0 0 0 54 0 
32 0 0 0 54 0 
32 0 0 0 54 0 
32 0 0 0 54 0 
32 0 0 0 54 0 
32 0 0 0 54 0 
32 0 0 0 54 0 
32 0 0 0 54 0 
32 0 0 0 54 0 
32 0 0 0 54 0 
0.0 0.0 0.0 0.0 0.0 0.0 
0.0 0.0 0.0 0.0 0.0 0.0 
0.0 0.0 0.0 0.0 0.0 0.0 
0.0 0.0 0.0 0.0 0.0 0.0 
0.0 0.0 0.0 0.0 0.0 0.0 
0.0 0.0 0.0 0.0 0.0 0.0 
0.0 0.0 0.0 0.0 0.0 0.0 
0.0 0.0 0.0 0.0 0.0 0.0 
0.0 0.0 0.0 0.0 0.0 0.0 
0.0 0.0 0.0 0.0 0.0 0.0 
mind
0 0 0 0 0 0 0 0 14 0 0 0 0 0 16 0 0 0 0 0 0 0 0 0 0 10 0 11 0 0 0 0 20 0 0 0 11 0 0 0 0 0 11 0 0 13 0 0 0 0 0 0
maxd
0 0 0 0 0 0 0 0 21 0 0 0 0 0 28 0 0 0 0 0 0 0 0 0 0 11 0 21 0 0 0 0 21 0 0 0 15 0 0 0 0 0 26 0 0 28 0 0 0 0 0 0
e
0 710 908 610 691 650 693 657 563 753 648 558 785 628 943 523 691 661 652 802 833 957 576 488 595 813 494 627 816 782 842 944 486 682 661 738 927 560 537 886 530 623 780 509 491 503 682 726 926 929 702 0
l
99999 830 1028 730 811 770 813 777 683 873 768 678 905 748 1063 643 811 781 772 922 953 1077 696 608 715 933 614 747 936 902 962 1064 606 802 781 858 1047 680 657 1006 650 743 900 629 611 623 802 846 1046 1049 822 99999
