nbNodes
52
nbVehi
10
nbServi
6
r
1 1 1 1 1 1 
0 0 1 0 0 0 
0 1 0 0 0 0 
0 0 0 0 0 1 
1 0 0 1 0 0 
0 0 0 0 0 1 
0 0 0 1 0 0 
0 0 1 0 0 0 
1 0 0 0 0 0 
0 0 1 0 0 1 
1 0 0 0 0 0 
0 0 1 0 0 0 
0 0 0 0 1 0 
1 0 0 0 0 1 
1 0 0 0 0 0 
0 0 1 0 0 1 
0 0 1 0 0 0 
0 0 1 0 0 0 
0 1 0 0 0 0 
0 1 0 0 0 0 
0 0 1 0 1 0 
1 0 0 0 0 1 
0 0 0 0 1 0 
1 0 0 0 1 0 
0 0 0 0 0 1 
0 0 0 1 0 0 
0 0 1 0 1 0 
0 0 1 0 1 0 
0 0 0 1 0 0 
0 0 1 0 0 0 
0 0 0 1 0 0 
0 0 1 0 0 0 
1 0 0 0 0 0 
0 1 0 0 0 0 
0 0 1 0 0 0 
0 0 1 0 0 0 
0 0 0 1 0 0 
0 0 0 1 0 0 
0 0 0 0 1 0 
0 0 1 0 1 0 
0 1 0 0 0 1 
0 0 1 0 0 0 
0 0 1 0 0 1 
0 1 0 1 0 0 
0 0 0 0 0 1 
0 1 0 0 0 0 
1 0 0 0 1 0 
1 0 0 0 0 1 
0 0 1 0 0 1 
0 1 0 0 0 0 
0 1 0 0 0 0 
1 1 1 1 1 1 
DS
5 10 14 16 21 22 24 27 28 40 41 43 44 47 48 49 
a
1 0 1 0 0 0 
1 1 1 0 0 0 
0 1 0 0 0 0 
1 1 1 0 0 0 
0 0 1 0 0 0 
0 0 0 0 1 0 
0 0 0 1 0 1 
0 0 0 1 0 1 
0 0 0 1 0 1 
0 0 0 1 1 1 
x
-30.1145 -29.9946 -29.978 -29.9958 -30.1195 -30.1322 -30.0005 -30.1175 -30.0016 -30.0057 -30.006 -30.1315 -30.0102 -29.9895 -29.9956 -30.1156 -30.0006 -29.9862 -29.9998 -29.9942 -30.0065 -29.988 -29.9966 -29.9869 -30.0104 -30.0076 -30.0048 -30.0179 -30.001 -29.9904 -30.1345 -29.9927 -30.0071 -30.0123 -30.1316 -30.1187 -29.9918 -30.1242 -29.9913 -29.985 -30.1185 -29.9939 -29.9882 -29.9987 -30.0086 -30.1145 -29.994 -30.0045 -30.0175 -29.9875 -30.1286 -30.1145
y
-51.2547 -51.1063 -51.1194 -51.147 -51.1088 -51.2003 -51.106 -51.1 -51.1036 -51.1563 -51.1059 -51.2033 -51.1633 -51.1216 -51.1063 -51.1037 -51.1466 -51.1088 -51.0943 -51.1098 -51.1586 -51.095 -51.1318 -51.1256 -51.1504 -51.1224 -51.1567 -51.1573 -51.1078 -51.1248 -51.2004 -51.1052 -51.1676 -51.1562 -51.203 -51.1036 -51.1201 -51.2069 -51.1227 -51.1136 -51.1051 -51.1126 -51.129 -51.1294 -51.111 -51.2547 -51.1008 -51.1559 -51.1345 -51.1369 -51.2033 -51.2547
d
0.00000 37.00000 41.00000 36.00000 34.00000 16.00000 36.00000 36.00000 36.00000 30.00000 36.00000 16.00000 29.00000 36.00000 37.00000 35.00000 33.00000 37.00000 38.00000 37.00000 30.00000 39.00000 34.00000 36.00000 32.00000 33.00000 31.00000 28.00000 36.00000 34.00000 16.00000 37.00000 29.00000 30.00000 15.00000 35.00000 36.00000 13.00000 36.00000 35.00000 36.00000 35.00000 35.00000 34.00000 34.00000 0.00000 38.00000 31.00000 31.00000 36.00000 14.00000 0.00000
36.00000 0.00000 13.00000 10.00000 30.00000 42.00000 2.00000 31.00000 3.00000 12.00000 5.00000 41.00000 12.00000 7.00000 1.00000 30.00000 10.00000 4.00000 4.00000 3.00000 13.00000 5.00000 7.00000 7.00000 10.00000 7.00000 12.00000 14.00000 3.00000 7.00000 42.00000 2.00000 13.00000 14.00000 41.00000 31.00000 5.00000 38.00000 7.00000 4.00000 31.00000 3.00000 7.00000 7.00000 5.00000 36.00000 2.00000 12.00000 11.00000 9.00000 40.00000 36.00000
38.00000 12.00000 0.00000 11.00000 36.00000 45.00000 13.00000 38.00000 14.00000 13.00000 16.00000 45.00000 14.00000 9.00000 12.00000 37.00000 11.00000 12.00000 15.00000 14.00000 14.00000 14.00000 8.00000 6.00000 11.00000 12.00000 13.00000 16.00000 14.00000 7.00000 45.00000 12.00000 15.00000 15.00000 44.00000 37.00000 10.00000 41.00000 9.00000 9.00000 38.00000 11.00000 7.00000 9.00000 14.00000 38.00000 13.00000 14.00000 14.00000 8.00000 44.00000 38.00000
31.00000 13.00000 16.00000 0.00000 31.00000 38.00000 14.00000 32.00000 15.00000 6.00000 15.00000 37.00000 7.00000 11.00000 13.00000 31.00000 6.00000 14.00000 16.00000 15.00000 6.00000 16.00000 8.00000 10.00000 8.00000 10.00000 6.00000 10.00000 14.00000 9.00000 38.00000 14.00000 6.00000 9.00000 37.00000 32.00000 11.00000 34.00000 11.00000 11.00000 32.00000 12.00000 10.00000 9.00000 13.00000 31.00000 15.00000 5.00000 11.00000 10.00000 36.00000 31.00000
33.00000 30.00000 37.00000 32.00000 0.00000 32.00000 29.00000 4.00000 29.00000 26.00000 29.00000 31.00000 27.00000 32.00000 30.00000 3.00000 29.00000 30.00000 31.00000 30.00000 27.00000 32.00000 30.00000 32.00000 28.00000 26.00000 26.00000 25.00000 28.00000 30.00000 31.00000 30.00000 28.00000 26.00000 31.00000 3.00000 30.00000 30.00000 31.00000 30.00000 4.00000 28.00000 31.00000 29.00000 27.00000 33.00000 31.00000 27.00000 25.00000 32.00000 30.00000 33.00000
16.00000 40.00000 44.00000 39.00000 31.00000 0.00000 39.00000 33.00000 39.00000 33.00000 39.00000 4.00000 32.00000 39.00000 40.00000 32.00000 36.00000 40.00000 41.00000 40.00000 33.00000 42.00000 37.00000 39.00000 35.00000 36.00000 34.00000 31.00000 39.00000 37.00000 3.00000 40.00000 32.00000 33.00000 3.00000 33.00000 39.00000 6.00000 39.00000 40.00000 33.00000 38.00000 38.00000 37.00000 37.00000 16.00000 41.00000 34.00000 34.00000 39.00000 4.00000 16.00000
35.00000 2.00000 14.00000 11.00000 28.00000 41.00000 0.00000 30.00000 1.00000 12.00000 3.00000 40.00000 13.00000 8.00000 2.00000 29.00000 11.00000 5.00000 3.00000 4.00000 13.00000 5.00000 8.00000 9.00000 10.00000 5.00000 12.00000 15.00000 1.00000 8.00000 41.00000 3.00000 14.00000 14.00000 39.00000 29.00000 6.00000 36.00000 8.00000 5.00000 30.00000 4.00000 9.00000 8.00000 3.00000 35.00000 3.00000 13.00000 10.00000 10.00000 39.00000 35.00000
34.00000 31.00000 38.00000 33.00000 3.00000 33.00000 30.00000 0.00000 30.00000 27.00000 30.00000 33.00000 28.00000 33.00000 31.00000 2.00000 30.00000 31.00000 32.00000 31.00000 28.00000 33.00000 31.00000 33.00000 29.00000 28.00000 28.00000 26.00000 30.00000 31.00000 33.00000 31.00000 29.00000 27.00000 32.00000 2.00000 31.00000 32.00000 32.00000 32.00000 2.00000 29.00000 32.00000 30.00000 28.00000 34.00000 32.00000 28.00000 27.00000 33.00000 31.00000 34.00000
35.00000 3.00000 15.00000 12.00000 29.00000 41.00000 1.00000 30.00000 0.00000 13.00000 4.00000 40.00000 13.00000 9.00000 3.00000 29.00000 12.00000 6.00000 3.00000 5.00000 13.00000 5.00000 9.00000 9.00000 11.00000 6.00000 13.00000 15.00000 2.00000 9.00000 41.00000 4.00000 14.00000 15.00000 40.00000 30.00000 7.00000 37.00000 9.00000 6.00000 30.00000 4.00000 9.00000 9.00000 4.00000 35.00000 4.00000 13.00000 10.00000 11.00000 39.00000 35.00000
28.00000 12.00000 14.00000 8.00000 27.00000 35.00000 13.00000 29.00000 14.00000 0.00000 13.00000 34.00000 3.00000 9.00000 12.00000 28.00000 5.00000 12.00000 15.00000 14.00000 2.00000 14.00000 7.00000 9.00000 5.00000 9.00000 1.00000 4.00000 13.00000 8.00000 35.00000 12.00000 4.00000 4.00000 34.00000 28.00000 10.00000 31.00000 9.00000 10.00000 29.00000 10.00000 8.00000 7.00000 12.00000 28.00000 13.00000 1.00000 7.00000 9.00000 33.00000 28.00000
35.00000 5.00000 16.00000 11.00000 28.00000 41.00000 4.00000 30.00000 4.00000 12.00000 0.00000 40.00000 12.00000 9.00000 5.00000 29.00000 11.00000 7.00000 5.00000 7.00000 12.00000 7.00000 9.00000 10.00000 10.00000 5.00000 12.00000 14.00000 4.00000 9.00000 41.00000 6.00000 13.00000 14.00000 39.00000 29.00000 7.00000 36.00000 9.00000 8.00000 30.00000 5.00000 10.00000 8.00000 2.00000 35.00000 6.00000 12.00000 10.00000 11.00000 39.00000 35.00000
16.00000 39.00000 43.00000 38.00000 30.00000 4.00000 38.00000 32.00000 39.00000 33.00000 38.00000 0.00000 31.00000 38.00000 39.00000 31.00000 35.00000 40.00000 41.00000 39.00000 32.00000 42.00000 36.00000 38.00000 34.00000 36.00000 33.00000 30.00000 38.00000 37.00000 4.00000 40.00000 31.00000 32.00000 1.00000 32.00000 39.00000 5.00000 38.00000 39.00000 32.00000 37.00000 37.00000 36.00000 37.00000 16.00000 41.00000 33.00000 34.00000 39.00000 3.00000 16.00000
26.00000 13.00000 16.00000 9.00000 26.00000 33.00000 14.00000 28.00000 15.00000 4.00000 15.00000 32.00000 0.00000 11.00000 13.00000 27.00000 6.00000 14.00000 16.00000 15.00000 3.00000 16.00000 8.00000 10.00000 6.00000 10.00000 3.00000 6.00000 14.00000 9.00000 33.00000 14.00000 2.00000 5.00000 32.00000 27.00000 11.00000 29.00000 11.00000 11.00000 28.00000 12.00000 10.00000 9.00000 13.00000 26.00000 15.00000 3.00000 8.00000 10.00000 31.00000 26.00000
34.00000 6.00000 9.00000 7.00000 31.00000 41.00000 7.00000 33.00000 8.00000 9.00000 9.00000 40.00000 9.00000 0.00000 6.00000 32.00000 7.00000 6.00000 9.00000 8.00000 10.00000 8.00000 4.00000 3.00000 7.00000 7.00000 9.00000 11.00000 8.00000 3.00000 41.00000 6.00000 10.00000 11.00000 40.00000 33.00000 3.00000 37.00000 3.00000 3.00000 33.00000 5.00000 4.00000 5.00000 9.00000 34.00000 7.00000 9.00000 10.00000 5.00000 39.00000 34.00000
36.00000 1.00000 13.00000 10.00000 29.00000 42.00000 2.00000 31.00000 3.00000 12.00000 5.00000 41.00000 13.00000 7.00000 0.00000 30.00000 10.00000 4.00000 4.00000 4.00000 13.00000 5.00000 7.00000 8.00000 10.00000 7.00000 12.00000 15.00000 3.00000 7.00000 42.00000 2.00000 14.00000 14.00000 41.00000 31.00000 5.00000 38.00000 7.00000 5.00000 31.00000 4.00000 8.00000 8.00000 5.00000 36.00000 3.00000 13.00000 11.00000 9.00000 40.00000 36.00000
33.00000 30.00000 37.00000 32.00000 3.00000 32.00000 29.00000 2.00000 29.00000 26.00000 29.00000 32.00000 27.00000 32.00000 30.00000 0.00000 29.00000 30.00000 31.00000 30.00000 27.00000 32.00000 30.00000 32.00000 28.00000 27.00000 27.00000 25.00000 29.00000 30.00000 32.00000 30.00000 28.00000 26.00000 31.00000 2.00000 30.00000 31.00000 31.00000 31.00000 3.00000 28.00000 31.00000 29.00000 27.00000 33.00000 31.00000 27.00000 26.00000 32.00000 31.00000 33.00000
31.00000 11.00000 13.00000 6.00000 29.00000 38.00000 12.00000 30.00000 13.00000 5.00000 12.00000 37.00000 6.00000 8.00000 11.00000 29.00000 0.00000 11.00000 14.00000 12.00000 5.00000 13.00000 6.00000 8.00000 4.00000 8.00000 5.00000 7.00000 12.00000 7.00000 38.00000 11.00000 7.00000 7.00000 36.00000 30.00000 8.00000 33.00000 8.00000 9.00000 30.00000 9.00000 7.00000 6.00000 11.00000 31.00000 12.00000 5.00000 8.00000 8.00000 36.00000 31.00000
35.00000 3.00000 11.00000 10.00000 29.00000 42.00000 4.00000 31.00000 5.00000 11.00000 7.00000 41.00000 12.00000 5.00000 3.00000 30.00000 9.00000 0.00000 6.00000 5.00000 12.00000 6.00000 6.00000 6.00000 10.00000 7.00000 12.00000 14.00000 5.00000 5.00000 42.00000 4.00000 13.00000 13.00000 41.00000 31.00000 5.00000 38.00000 6.00000 3.00000 31.00000 3.00000 6.00000 7.00000 7.00000 35.00000 5.00000 12.00000 11.00000 8.00000 40.00000 35.00000
38.00000 4.00000 16.00000 13.00000 31.00000 43.00000 3.00000 32.00000 4.00000 14.00000 4.00000 43.00000 15.00000 10.00000 4.00000 32.00000 13.00000 7.00000 0.00000 6.00000 15.00000 4.00000 10.00000 11.00000 12.00000 8.00000 14.00000 17.00000 4.00000 10.00000 43.00000 5.00000 16.00000 16.00000 42.00000 32.00000 8.00000 39.00000 10.00000 7.00000 33.00000 7.00000 11.00000 10.00000 6.00000 38.00000 3.00000 15.00000 13.00000 12.00000 42.00000 38.00000
36.00000 3.00000 14.00000 11.00000 29.00000 42.00000 4.00000 31.00000 5.00000 13.00000 7.00000 41.00000 13.00000 8.00000 4.00000 30.00000 11.00000 6.00000 6.00000 0.00000 13.00000 7.00000 8.00000 9.00000 11.00000 7.00000 13.00000 15.00000 4.00000 8.00000 42.00000 4.00000 14.00000 15.00000 41.00000 31.00000 6.00000 38.00000 8.00000 6.00000 31.00000 3.00000 8.00000 8.00000 6.00000 36.00000 5.00000 13.00000 11.00000 10.00000 40.00000 36.00000
28.00000 12.00000 15.00000 8.00000 28.00000 35.00000 14.00000 30.00000 14.00000 2.00000 14.00000 34.00000 3.00000 10.00000 13.00000 29.00000 5.00000 13.00000 16.00000 14.00000 0.00000 15.00000 8.00000 10.00000 6.00000 9.00000 1.00000 5.00000 14.00000 8.00000 35.00000 13.00000 4.00000 5.00000 34.00000 29.00000 10.00000 31.00000 10.00000 11.00000 30.00000 11.00000 9.00000 8.00000 12.00000 28.00000 14.00000 2.00000 8.00000 9.00000 33.00000 28.00000
38.00000 5.00000 15.00000 12.00000 32.00000 44.00000 5.00000 33.00000 6.00000 14.00000 7.00000 44.00000 14.00000 9.00000 5.00000 32.00000 12.00000 5.00000 4.00000 7.00000 14.00000 0.00000 9.00000 9.00000 12.00000 9.00000 14.00000 16.00000 6.00000 9.00000 44.00000 4.00000 15.00000 16.00000 43.00000 33.00000 7.00000 40.00000 9.00000 6.00000 33.00000 5.00000 9.00000 9.00000 8.00000 38.00000 4.00000 14.00000 14.00000 11.00000 42.00000 38.00000
31.00000 8.00000 10.00000 4.00000 29.00000 38.00000 9.00000 31.00000 10.00000 6.00000 11.00000 38.00000 7.00000 6.00000 9.00000 30.00000 4.00000 9.00000 11.00000 10.00000 7.00000 11.00000 0.00000 5.00000 4.00000 6.00000 6.00000 9.00000 10.00000 4.00000 38.00000 9.00000 8.00000 8.00000 37.00000 30.00000 6.00000 34.00000 6.00000 6.00000 31.00000 7.00000 4.00000 5.00000 9.00000 31.00000 10.00000 7.00000 7.00000 4.00000 36.00000 31.00000
33.00000 7.00000 6.00000 6.00000 31.00000 40.00000 8.00000 32.00000 9.00000 8.00000 11.00000 39.00000 8.00000 4.00000 7.00000 31.00000 6.00000 7.00000 10.00000 9.00000 9.00000 9.00000 3.00000 0.00000 6.00000 6.00000 8.00000 11.00000 9.00000 2.00000 40.00000 7.00000 9.00000 10.00000 39.00000 32.00000 4.00000 36.00000 4.00000 4.00000 32.00000 6.00000 2.00000 4.00000 9.00000 33.00000 8.00000 8.00000 9.00000 3.00000 38.00000 33.00000
29.00000 11.00000 13.00000 8.00000 27.00000 36.00000 12.00000 29.00000 12.00000 4.00000 12.00000 35.00000 4.00000 8.00000 11.00000 28.00000 4.00000 11.00000 14.00000 12.00000 4.00000 13.00000 6.00000 8.00000 0.00000 8.00000 4.00000 6.00000 12.00000 7.00000 36.00000 11.00000 5.00000 6.00000 35.00000 28.00000 8.00000 31.00000 8.00000 9.00000 29.00000 9.00000 7.00000 6.00000 10.00000 29.00000 12.00000 4.00000 6.00000 9.00000 34.00000 29.00000
32.00000 6.00000 12.00000 7.00000 26.00000 38.00000 5.00000 27.00000 6.00000 9.00000 5.00000 37.00000 9.00000 7.00000 7.00000 26.00000 7.00000 7.00000 8.00000 6.00000 10.00000 9.00000 5.00000 7.00000 7.00000 0.00000 9.00000 11.00000 5.00000 5.00000 38.00000 7.00000 10.00000 11.00000 37.00000 27.00000 5.00000 34.00000 6.00000 7.00000 27.00000 4.00000 6.00000 4.00000 4.00000 32.00000 8.00000 9.00000 7.00000 7.00000 36.00000 32.00000
28.00000 12.00000 14.00000 7.00000 27.00000 35.00000 13.00000 29.00000 13.00000 1.00000 13.00000 35.00000 4.00000 9.00000 12.00000 28.00000 4.00000 12.00000 15.00000 13.00000 1.00000 14.00000 7.00000 9.00000 6.00000 9.00000 0.00000 5.00000 13.00000 7.00000 35.00000 12.00000 4.00000 4.00000 34.00000 29.00000 9.00000 31.00000 9.00000 10.00000 29.00000 10.00000 8.00000 7.00000 11.00000 28.00000 13.00000 1.00000 8.00000 8.00000 34.00000 28.00000
27.00000 13.00000 15.00000 10.00000 24.00000 33.00000 14.00000 26.00000 14.00000 5.00000 14.00000 32.00000 4.00000 10.00000 13.00000 25.00000 8.00000 13.00000 16.00000 14.00000 5.00000 15.00000 8.00000 10.00000 6.00000 10.00000 5.00000 0.00000 14.00000 9.00000 33.00000 13.00000 6.00000 3.00000 31.00000 25.00000 10.00000 28.00000 10.00000 11.00000 26.00000 11.00000 9.00000 8.00000 12.00000 27.00000 14.00000 5.00000 8.00000 11.00000 31.00000 27.00000
35.00000 3.00000 14.00000 11.00000 28.00000 40.00000 1.00000 29.00000 2.00000 12.00000 4.00000 40.00000 12.00000 8.00000 3.00000 28.00000 11.00000 6.00000 4.00000 4.00000 13.00000 6.00000 8.00000 9.00000 10.00000 5.00000 12.00000 14.00000 0.00000 8.00000 40.00000 4.00000 14.00000 14.00000 39.00000 29.00000 6.00000 36.00000 8.00000 6.00000 30.00000 4.00000 9.00000 8.00000 3.00000 35.00000 4.00000 12.00000 10.00000 10.00000 39.00000 35.00000
33.00000 5.00000 7.00000 6.00000 30.00000 40.00000 7.00000 32.00000 7.00000 7.00000 9.00000 39.00000 8.00000 2.00000 6.00000 31.00000 6.00000 5.00000 9.00000 7.00000 8.00000 8.00000 3.00000 2.00000 6.00000 6.00000 8.00000 10.00000 7.00000 0.00000 40.00000 6.00000 9.00000 9.00000 38.00000 32.00000 3.00000 35.00000 2.00000 3.00000 32.00000 5.00000 2.00000 4.00000 9.00000 33.00000 7.00000 8.00000 8.00000 4.00000 38.00000 33.00000
16.00000 40.00000 44.00000 39.00000 31.00000 3.00000 39.00000 33.00000 39.00000 33.00000 39.00000 3.00000 32.00000 39.00000 40.00000 32.00000 36.00000 40.00000 41.00000 40.00000 33.00000 42.00000 37.00000 39.00000 35.00000 37.00000 34.00000 31.00000 39.00000 37.00000 0.00000 40.00000 32.00000 33.00000 3.00000 32.00000 39.00000 6.00000 39.00000 40.00000 32.00000 38.00000 38.00000 37.00000 37.00000 16.00000 41.00000 34.00000 34.00000 39.00000 4.00000 16.00000
36.00000 2.00000 13.00000 10.00000 30.00000 42.00000 3.00000 31.00000 4.00000 12.00000 6.00000 42.00000 12.00000 7.00000 2.00000 30.00000 10.00000 3.00000 5.00000 4.00000 12.00000 4.00000 7.00000 7.00000 10.00000 7.00000 12.00000 14.00000 4.00000 7.00000 42.00000 0.00000 13.00000 14.00000 41.00000 31.00000 5.00000 38.00000 7.00000 4.00000 31.00000 3.00000 7.00000 7.00000 6.00000 36.00000 2.00000 12.00000 12.00000 9.00000 40.00000 36.00000
27.00000 13.00000 15.00000 8.00000 27.00000 34.00000 14.00000 28.00000 14.00000 5.00000 14.00000 33.00000 3.00000 10.00000 13.00000 28.00000 5.00000 13.00000 16.00000 14.00000 4.00000 15.00000 8.00000 10.00000 7.00000 10.00000 4.00000 6.00000 14.00000 8.00000 34.00000 13.00000 0.00000 6.00000 33.00000 28.00000 10.00000 30.00000 10.00000 11.00000 29.00000 11.00000 9.00000 8.00000 12.00000 27.00000 14.00000 4.00000 9.00000 9.00000 32.00000 27.00000
29.00000 13.00000 15.00000 10.00000 25.00000 35.00000 14.00000 27.00000 15.00000 5.00000 14.00000 34.00000 4.00000 10.00000 13.00000 26.00000 8.00000 13.00000 16.00000 15.00000 6.00000 15.00000 8.00000 10.00000 6.00000 10.00000 5.00000 3.00000 14.00000 9.00000 35.00000 13.00000 5.00000 0.00000 33.00000 27.00000 11.00000 30.00000 10.00000 11.00000 27.00000 11.00000 9.00000 8.00000 13.00000 29.00000 14.00000 5.00000 8.00000 11.00000 33.00000 29.00000
15.00000 39.00000 43.00000 38.00000 30.00000 3.00000 38.00000 32.00000 38.00000 32.00000 38.00000 1.00000 31.00000 38.00000 39.00000 31.00000 35.00000 39.00000 40.00000 39.00000 32.00000 41.00000 36.00000 38.00000 34.00000 35.00000 33.00000 30.00000 38.00000 36.00000 3.00000 39.00000 31.00000 32.00000 0.00000 31.00000 38.00000 5.00000 38.00000 39.00000 32.00000 37.00000 37.00000 36.00000 36.00000 15.00000 40.00000 33.00000 33.00000 38.00000 3.00000 15.00000
34.00000 31.00000 38.00000 33.00000 3.00000 33.00000 30.00000 2.00000 30.00000 27.00000 30.00000 32.00000 28.00000 33.00000 31.00000 2.00000 30.00000 31.00000 32.00000 31.00000 28.00000 33.00000 31.00000 33.00000 29.00000 27.00000 28.00000 26.00000 29.00000 31.00000 32.00000 31.00000 29.00000 27.00000 32.00000 0.00000 31.00000 31.00000 32.00000 31.00000 1.00000 29.00000 32.00000 30.00000 28.00000 34.00000 32.00000 28.00000 26.00000 33.00000 31.00000 34.00000
34.00000 4.00000 10.00000 7.00000 29.00000 41.00000 5.00000 31.00000 6.00000 9.00000 8.00000 40.00000 9.00000 3.00000 5.00000 30.00000 7.00000 5.00000 7.00000 6.00000 9.00000 7.00000 4.00000 4.00000 7.00000 5.00000 9.00000 11.00000 6.00000 4.00000 41.00000 5.00000 10.00000 11.00000 40.00000 31.00000 0.00000 37.00000 3.00000 3.00000 31.00000 3.00000 4.00000 4.00000 7.00000 34.00000 6.00000 9.00000 9.00000 6.00000 39.00000 34.00000
12.00000 35.00000 39.00000 34.00000 29.00000 6.00000 34.00000 31.00000 35.00000 29.00000 34.00000 5.00000 27.00000 34.00000 36.00000 30.00000 31.00000 36.00000 37.00000 35.00000 28.00000 38.00000 33.00000 34.00000 30.00000 32.00000 29.00000 26.00000 34.00000 33.00000 6.00000 36.00000 27.00000 28.00000 4.00000 31.00000 35.00000 0.00000 35.00000 35.00000 31.00000 33.00000 34.00000 33.00000 33.00000 12.00000 37.00000 29.00000 30.00000 35.00000 3.00000 12.00000
34.00000 6.00000 9.00000 7.00000 31.00000 41.00000 7.00000 33.00000 8.00000 9.00000 10.00000 40.00000 9.00000 3.00000 7.00000 32.00000 7.00000 6.00000 9.00000 8.00000 10.00000 9.00000 4.00000 3.00000 7.00000 6.00000 9.00000 12.00000 8.00000 3.00000 41.00000 7.00000 10.00000 11.00000 40.00000 32.00000 3.00000 37.00000 0.00000 4.00000 33.00000 5.00000 4.00000 5.00000 9.00000 34.00000 8.00000 9.00000 10.00000 5.00000 39.00000 34.00000
33.00000 3.00000 9.00000 8.00000 29.00000 42.00000 4.00000 31.00000 5.00000 9.00000 7.00000 41.00000 10.00000 3.00000 3.00000 30.00000 8.00000 3.00000 6.00000 5.00000 10.00000 6.00000 4.00000 4.00000 8.00000 7.00000 10.00000 12.00000 5.00000 3.00000 42.00000 3.00000 11.00000 11.00000 40.00000 31.00000 3.00000 37.00000 4.00000 0.00000 31.00000 3.00000 4.00000 6.00000 7.00000 33.00000 5.00000 10.00000 10.00000 6.00000 40.00000 33.00000
35.00000 31.00000 38.00000 33.00000 3.00000 34.00000 30.00000 2.00000 30.00000 28.00000 30.00000 33.00000 28.00000 33.00000 31.00000 3.00000 31.00000 32.00000 32.00000 31.00000 28.00000 34.00000 31.00000 33.00000 29.00000 28.00000 28.00000 26.00000 30.00000 32.00000 33.00000 31.00000 29.00000 27.00000 32.00000 1.00000 32.00000 32.00000 33.00000 32.00000 0.00000 29.00000 32.00000 30.00000 28.00000 35.00000 33.00000 28.00000 27.00000 34.00000 32.00000 35.00000
34.00000 3.00000 11.00000 8.00000 27.00000 40.00000 4.00000 29.00000 4.00000 10.00000 5.00000 39.00000 10.00000 5.00000 3.00000 28.00000 8.00000 3.00000 6.00000 4.00000 11.00000 5.00000 5.00000 6.00000 8.00000 4.00000 10.00000 12.00000 4.00000 5.00000 40.00000 3.00000 11.00000 12.00000 38.00000 28.00000 3.00000 35.00000 5.00000 3.00000 29.00000 0.00000 6.00000 5.00000 5.00000 34.00000 4.00000 10.00000 9.00000 7.00000 38.00000 34.00000
33.00000 7.00000 7.00000 6.00000 31.00000 40.00000 8.00000 32.00000 9.00000 8.00000 11.00000 39.00000 8.00000 4.00000 7.00000 31.00000 6.00000 7.00000 10.00000 9.00000 9.00000 9.00000 3.00000 2.00000 6.00000 6.00000 8.00000 11.00000 9.00000 2.00000 40.00000 7.00000 9.00000 10.00000 39.00000 32.00000 5.00000 36.00000 4.00000 4.00000 32.00000 6.00000 0.00000 4.00000 9.00000 33.00000 8.00000 8.00000 9.00000 2.00000 38.00000 33.00000
32.00000 7.00000 9.00000 5.00000 28.00000 39.00000 8.00000 30.00000 8.00000 7.00000 9.00000 38.00000 7.00000 4.00000 7.00000 29.00000 5.00000 7.00000 10.00000 8.00000 7.00000 9.00000 3.00000 4.00000 5.00000 4.00000 7.00000 9.00000 8.00000 3.00000 39.00000 7.00000 8.00000 9.00000 38.00000 30.00000 4.00000 35.00000 5.00000 5.00000 30.00000 5.00000 3.00000 0.00000 7.00000 32.00000 8.00000 7.00000 6.00000 5.00000 37.00000 32.00000
34.00000 5.00000 15.00000 10.00000 27.00000 40.00000 4.00000 29.00000 4.00000 11.00000 2.00000 39.00000 12.00000 9.00000 5.00000 28.00000 10.00000 7.00000 6.00000 7.00000 12.00000 8.00000 9.00000 10.00000 9.00000 4.00000 11.00000 14.00000 4.00000 9.00000 40.00000 7.00000 13.00000 13.00000 39.00000 29.00000 7.00000 35.00000 9.00000 8.00000 29.00000 5.00000 9.00000 8.00000 0.00000 34.00000 7.00000 12.00000 9.00000 11.00000 38.00000 34.00000
0.00000 37.00000 41.00000 36.00000 34.00000 16.00000 36.00000 36.00000 36.00000 30.00000 36.00000 16.00000 29.00000 36.00000 37.00000 35.00000 33.00000 37.00000 38.00000 37.00000 30.00000 39.00000 34.00000 36.00000 32.00000 33.00000 31.00000 28.00000 36.00000 34.00000 16.00000 37.00000 29.00000 30.00000 15.00000 35.00000 36.00000 13.00000 36.00000 35.00000 36.00000 35.00000 35.00000 34.00000 34.00000 0.00000 38.00000 31.00000 31.00000 36.00000 14.00000 0.00000
37.00000 2.00000 14.00000 11.00000 31.00000 43.00000 3.00000 32.00000 4.00000 13.00000 5.00000 43.00000 13.00000 8.00000 3.00000 31.00000 11.00000 4.00000 3.00000 5.00000 13.00000 4.00000 8.00000 8.00000 11.00000 8.00000 13.00000 15.00000 4.00000 8.00000 43.00000 2.00000 14.00000 15.00000 42.00000 32.00000 6.00000 39.00000 8.00000 5.00000 32.00000 4.00000 8.00000 8.00000 6.00000 37.00000 0.00000 13.00000 13.00000 10.00000 41.00000 37.00000
28.00000 11.00000 14.00000 7.00000 28.00000 35.00000 12.00000 29.00000 13.00000 1.00000 13.00000 35.00000 4.00000 9.00000 12.00000 28.00000 4.00000 12.00000 14.00000 13.00000 2.00000 14.00000 6.00000 9.00000 6.00000 8.00000 1.00000 5.00000 12.00000 7.00000 35.00000 12.00000 4.00000 4.00000 34.00000 29.00000 9.00000 31.00000 9.00000 9.00000 29.00000 10.00000 8.00000 7.00000 11.00000 28.00000 13.00000 0.00000 8.00000 8.00000 34.00000 28.00000
31.00000 11.00000 14.00000 8.00000 25.00000 37.00000 10.00000 26.00000 10.00000 7.00000 10.00000 36.00000 8.00000 9.00000 11.00000 25.00000 7.00000 11.00000 12.00000 11.00000 8.00000 13.00000 7.00000 8.00000 5.00000 7.00000 7.00000 8.00000 9.00000 7.00000 37.00000 11.00000 9.00000 9.00000 36.00000 26.00000 9.00000 32.00000 9.00000 9.00000 26.00000 9.00000 8.00000 7.00000 8.00000 31.00000 12.00000 8.00000 0.00000 9.00000 35.00000 31.00000
34.00000 9.00000 8.00000 6.00000 31.00000 41.00000 10.00000 33.00000 10.00000 9.00000 12.00000 40.00000 9.00000 5.00000 9.00000 32.00000 6.00000 9.00000 12.00000 10.00000 10.00000 11.00000 4.00000 3.00000 7.00000 8.00000 9.00000 12.00000 10.00000 4.00000 41.00000 9.00000 9.00000 11.00000 40.00000 32.00000 6.00000 37.00000 5.00000 6.00000 33.00000 7.00000 3.00000 5.00000 11.00000 34.00000 10.00000 9.00000 9.00000 0.00000 39.00000 34.00000
15.00000 38.00000 42.00000 37.00000 29.00000 4.00000 37.00000 31.00000 37.00000 32.00000 37.00000 3.00000 30.00000 37.00000 38.00000 30.00000 34.00000 38.00000 39.00000 38.00000 31.00000 40.00000 35.00000 37.00000 33.00000 35.00000 32.00000 29.00000 37.00000 35.00000 4.00000 38.00000 30.00000 31.00000 3.00000 31.00000 37.00000 4.00000 37.00000 38.00000 31.00000 36.00000 36.00000 35.00000 35.00000 15.00000 39.00000 32.00000 32.00000 38.00000 0.00000 15.00000
0.00000 37.00000 41.00000 36.00000 34.00000 16.00000 36.00000 36.00000 36.00000 30.00000 36.00000 16.00000 29.00000 36.00000 37.00000 35.00000 33.00000 37.00000 38.00000 37.00000 30.00000 39.00000 34.00000 36.00000 32.00000 33.00000 31.00000 28.00000 36.00000 34.00000 16.00000 37.00000 29.00000 30.00000 15.00000 35.00000 36.00000 13.00000 36.00000 35.00000 36.00000 35.00000 35.00000 34.00000 34.00000 0.00000 38.00000 31.00000 31.00000 36.00000 14.00000 0.00000
p
0.0 0.0 0.0 0.0 0.0 0.0 
0.0 0.0 0.0 0.0 0.0 0.0 
0.0 0.0 0.0 0.0 0.0 0.0 
0.0 0.0 0.0 0.0 0.0 0.0 
0.0 0.0 0.0 0.0 0.0 0.0 
0.0 0.0 0.0 0.0 0.0 0.0 
0.0 0.0 0.0 0.0 0.0 0.0 
0.0 0.0 0.0 0.0 0.0 0.0 
0.0 0.0 0.0 0.0 0.0 0.0 
0.0 0.0 0.0 0.0 0.0 0.0 
0 0 51 0 0 0 
0 0 51 0 0 0 
0 0 51 0 0 0 
0 0 51 0 0 0 
0 0 51 0 0 0 
0 0 51 0 0 0 
0 0 51 0 0 0 
0 0 51 0 0 0 
0 0 51 0 0 0 
0 0 51 0 0 0 
0 21 0 0 0 0 
0 21 0 0 0 0 
0 21 0 0 0 0 
0 21 0 0 0 0 
0 21 0 0 0 0 
0 21 0 0 0 0 
0 21 0 0 0 0 
0 21 0 0 0 0 
0 21 0 0 0 0 
0 21 0 0 0 0 
0 0 0 0 0 53 
0 0 0 0 0 53 
0 0 0 0 0 53 
0 0 0 0 0 53 
0 0 0 0 0 53 
0 0 0 0 0 53 
0 0 0 0 0 53 
0 0 0 0 0 53 
0 0 0 0 0 53 
0 0 0 0 0 53 
24 0 0 43 0 0 
24 0 0 43 0 0 
24 0 0 43 0 0 
24 0 0 43 0 0 
24 0 0 43 0 0 
24 0 0 43 0 0 
24 0 0 43 0 0 
24 0 0 43 0 0 
24 0 0 43 0 0 
24 0 0 43 0 0 
0 0 0 0 0 34 
0 0 0 0 0 34 
0 0 0 0 0 34 
0 0 0 0 0 34 
0 0 0 0 0 34 
0 0 0 0 0 34 
0 0 0 0 0 34 
0 0 0 0 0 34 
0 0 0 0 0 34 
0 0 0 0 0 34 
0 0 0 46 0 0 
0 0 0 46 0 0 
0 0 0 46 0 0 
0 0 0 46 0 0 
0 0 0 46 0 0 
0 0 0 46 0 0 
0 0 0 46 0 0 
0 0 0 46 0 0 
0 0 0 46 0 0 
0 0 0 46 0 0 
0 0 56 0 0 0 
0 0 56 0 0 0 
0 0 56 0 0 0 
0 0 56 0 0 0 
0 0 56 0 0 0 
0 0 56 0 0 0 
0 0 56 0 0 0 
0 0 56 0 0 0 
0 0 56 0 0 0 
0 0 56 0 0 0 
59 0 0 0 0 0 
59 0 0 0 0 0 
59 0 0 0 0 0 
59 0 0 0 0 0 
59 0 0 0 0 0 
59 0 0 0 0 0 
59 0 0 0 0 0 
59 0 0 0 0 0 
59 0 0 0 0 0 
59 0 0 0 0 0 
0 0 36 0 0 58 
0 0 36 0 0 58 
0 0 36 0 0 58 
0 0 36 0 0 58 
0 0 36 0 0 58 
0 0 36 0 0 58 
0 0 36 0 0 58 
0 0 36 0 0 58 
0 0 36 0 0 58 
0 0 36 0 0 58 
56 0 0 0 0 0 
56 0 0 0 0 0 
56 0 0 0 0 0 
56 0 0 0 0 0 
56 0 0 0 0 0 
56 0 0 0 0 0 
56 0 0 0 0 0 
56 0 0 0 0 0 
56 0 0 0 0 0 
56 0 0 0 0 0 
0 0 56 0 0 0 
0 0 56 0 0 0 
0 0 56 0 0 0 
0 0 56 0 0 0 
0 0 56 0 0 0 
0 0 56 0 0 0 
0 0 56 0 0 0 
0 0 56 0 0 0 
0 0 56 0 0 0 
0 0 56 0 0 0 
0 0 0 0 33 0 
0 0 0 0 33 0 
0 0 0 0 33 0 
0 0 0 0 33 0 
0 0 0 0 33 0 
0 0 0 0 33 0 
0 0 0 0 33 0 
0 0 0 0 33 0 
0 0 0 0 33 0 
0 0 0 0 33 0 
32 0 0 0 0 41 
32 0 0 0 0 41 
32 0 0 0 0 41 
32 0 0 0 0 41 
32 0 0 0 0 41 
32 0 0 0 0 41 
32 0 0 0 0 41 
32 0 0 0 0 41 
32 0 0 0 0 41 
32 0 0 0 0 41 
53 0 0 0 0 0 
53 0 0 0 0 0 
53 0 0 0 0 0 
53 0 0 0 0 0 
53 0 0 0 0 0 
53 0 0 0 0 0 
53 0 0 0 0 0 
53 0 0 0 0 0 
53 0 0 0 0 0 
53 0 0 0 0 0 
0 0 35 0 0 55 
0 0 35 0 0 55 
0 0 35 0 0 55 
0 0 35 0 0 55 
0 0 35 0 0 55 
0 0 35 0 0 55 
0 0 35 0 0 55 
0 0 35 0 0 55 
0 0 35 0 0 55 
0 0 35 0 0 55 
0 0 55 0 0 0 
0 0 55 0 0 0 
0 0 55 0 0 0 
0 0 55 0 0 0 
0 0 55 0 0 0 
0 0 55 0 0 0 
0 0 55 0 0 0 
0 0 55 0 0 0 
0 0 55 0 0 0 
0 0 55 0 0 0 
0 0 26 0 0 0 
0 0 26 0 0 0 
0 0 26 0 0 0 
0 0 26 0 0 0 
0 0 26 0 0 0 
0 0 26 0 0 0 
0 0 26 0 0 0 
0 0 26 0 0 0 
0 0 26 0 0 0 
0 0 26 0 0 0 
0 22 0 0 0 0 
0 22 0 0 0 0 
0 22 0 0 0 0 
0 22 0 0 0 0 
0 22 0 0 0 0 
0 22 0 0 0 0 
0 22 0 0 0 0 
0 22 0 0 0 0 
0 22 0 0 0 0 
0 22 0 0 0 0 
0 32 0 0 0 0 
0 32 0 0 0 0 
0 32 0 0 0 0 
0 32 0 0 0 0 
0 32 0 0 0 0 
0 32 0 0 0 0 
0 32 0 0 0 0 
0 32 0 0 0 0 
0 32 0 0 0 0 
0 32 0 0 0 0 
0 0 45 0 48 0 
0 0 45 0 48 0 
0 0 45 0 48 0 
0 0 45 0 48 0 
0 0 45 0 48 0 
0 0 45 0 48 0 
0 0 45 0 48 0 
0 0 45 0 48 0 
0 0 45 0 48 0 
0 0 45 0 48 0 
49 0 0 0 0 26 
49 0 0 0 0 26 
49 0 0 0 0 26 
49 0 0 0 0 26 
49 0 0 0 0 26 
49 0 0 0 0 26 
49 0 0 0 0 26 
49 0 0 0 0 26 
49 0 0 0 0 26 
49 0 0 0 0 26 
0 0 0 0 51 0 
0 0 0 0 51 0 
0 0 0 0 51 0 
0 0 0 0 51 0 
0 0 0 0 51 0 
0 0 0 0 51 0 
0 0 0 0 51 0 
0 0 0 0 51 0 
0 0 0 0 51 0 
0 0 0 0 51 0 
17 0 0 0 19 0 
17 0 0 0 19 0 
17 0 0 0 19 0 
17 0 0 0 19 0 
17 0 0 0 19 0 
17 0 0 0 19 0 
17 0 0 0 19 0 
17 0 0 0 19 0 
17 0 0 0 19 0 
17 0 0 0 19 0 
0 0 0 0 0 39 
0 0 0 0 0 39 
0 0 0 0 0 39 
0 0 0 0 0 39 
0 0 0 0 0 39 
0 0 0 0 0 39 
0 0 0 0 0 39 
0 0 0 0 0 39 
0 0 0 0 0 39 
0 0 0 0 0 39 
0 0 0 47 0 0 
0 0 0 47 0 0 
0 0 0 47 0 0 
0 0 0 47 0 0 
0 0 0 47 0 0 
0 0 0 47 0 0 
0 0 0 47 0 0 
0 0 0 47 0 0 
0 0 0 47 0 0 
0 0 0 47 0 0 
0 0 47 0 35 0 
0 0 47 0 35 0 
0 0 47 0 35 0 
0 0 47 0 35 0 
0 0 47 0 35 0 
0 0 47 0 35 0 
0 0 47 0 35 0 
0 0 47 0 35 0 
0 0 47 0 35 0 
0 0 47 0 35 0 
0 0 57 0 57 0 
0 0 57 0 57 0 
0 0 57 0 57 0 
0 0 57 0 57 0 
0 0 57 0 57 0 
0 0 57 0 57 0 
0 0 57 0 57 0 
0 0 57 0 57 0 
0 0 57 0 57 0 
0 0 57 0 57 0 
0 0 0 38 0 0 
0 0 0 38 0 0 
0 0 0 38 0 0 
0 0 0 38 0 0 
0 0 0 38 0 0 
0 0 0 38 0 0 
0 0 0 38 0 0 
0 0 0 38 0 0 
0 0 0 38 0 0 
0 0 0 38 0 0 
0 0 21 0 0 0 
0 0 21 0 0 0 
0 0 21 0 0 0 
0 0 21 0 0 0 
0 0 21 0 0 0 
0 0 21 0 0 0 
0 0 21 0 0 0 
0 0 21 0 0 0 
0 0 21 0 0 0 
0 0 21 0 0 0 
0 0 0 47 0 0 
0 0 0 47 0 0 
0 0 0 47 0 0 
0 0 0 47 0 0 
0 0 0 47 0 0 
0 0 0 47 0 0 
0 0 0 47 0 0 
0 0 0 47 0 0 
0 0 0 47 0 0 
0 0 0 47 0 0 
0 0 15 0 0 0 
0 0 15 0 0 0 
0 0 15 0 0 0 
0 0 15 0 0 0 
0 0 15 0 0 0 
0 0 15 0 0 0 
0 0 15 0 0 0 
0 0 15 0 0 0 
0 0 15 0 0 0 
0 0 15 0 0 0 
54 0 0 0 0 0 
54 0 0 0 0 0 
54 0 0 0 0 0 
54 0 0 0 0 0 
54 0 0 0 0 0 
54 0 0 0 0 0 
54 0 0 0 0 0 
54 0 0 0 0 0 
54 0 0 0 0 0 
54 0 0 0 0 0 
0 53 0 0 0 0 
0 53 0 0 0 0 
0 53 0 0 0 0 
0 53 0 0 0 0 
0 53 0 0 0 0 
0 53 0 0 0 0 
0 53 0 0 0 0 
0 53 0 0 0 0 
0 53 0 0 0 0 
0 53 0 0 0 0 
0 0 43 0 0 0 
0 0 43 0 0 0 
0 0 43 0 0 0 
0 0 43 0 0 0 
0 0 43 0 0 0 
0 0 43 0 0 0 
0 0 43 0 0 0 
0 0 43 0 0 0 
0 0 43 0 0 0 
0 0 43 0 0 0 
0 0 24 0 0 0 
0 0 24 0 0 0 
0 0 24 0 0 0 
0 0 24 0 0 0 
0 0 24 0 0 0 
0 0 24 0 0 0 
0 0 24 0 0 0 
0 0 24 0 0 0 
0 0 24 0 0 0 
0 0 24 0 0 0 
0 0 0 22 0 0 
0 0 0 22 0 0 
0 0 0 22 0 0 
0 0 0 22 0 0 
0 0 0 22 0 0 
0 0 0 22 0 0 
0 0 0 22 0 0 
0 0 0 22 0 0 
0 0 0 22 0 0 
0 0 0 22 0 0 
0 0 0 26 0 0 
0 0 0 26 0 0 
0 0 0 26 0 0 
0 0 0 26 0 0 
0 0 0 26 0 0 
0 0 0 26 0 0 
0 0 0 26 0 0 
0 0 0 26 0 0 
0 0 0 26 0 0 
0 0 0 26 0 0 
0 0 0 0 35 0 
0 0 0 0 35 0 
0 0 0 0 35 0 
0 0 0 0 35 0 
0 0 0 0 35 0 
0 0 0 0 35 0 
0 0 0 0 35 0 
0 0 0 0 35 0 
0 0 0 0 35 0 
0 0 0 0 35 0 
0 0 50 0 18 0 
0 0 50 0 18 0 
0 0 50 0 18 0 
0 0 50 0 18 0 
0 0 50 0 18 0 
0 0 50 0 18 0 
0 0 50 0 18 0 
0 0 50 0 18 0 
0 0 50 0 18 0 
0 0 50 0 18 0 
0 40 0 0 0 15 
0 40 0 0 0 15 
0 40 0 0 0 15 
0 40 0 0 0 15 
0 40 0 0 0 15 
0 40 0 0 0 15 
0 40 0 0 0 15 
0 40 0 0 0 15 
0 40 0 0 0 15 
0 40 0 0 0 15 
0 0 40 0 0 0 
0 0 40 0 0 0 
0 0 40 0 0 0 
0 0 40 0 0 0 
0 0 40 0 0 0 
0 0 40 0 0 0 
0 0 40 0 0 0 
0 0 40 0 0 0 
0 0 40 0 0 0 
0 0 40 0 0 0 
0 0 45 0 0 39 
0 0 45 0 0 39 
0 0 45 0 0 39 
0 0 45 0 0 39 
0 0 45 0 0 39 
0 0 45 0 0 39 
0 0 45 0 0 39 
0 0 45 0 0 39 
0 0 45 0 0 39 
0 0 45 0 0 39 
0 50 0 30 0 0 
0 50 0 30 0 0 
0 50 0 30 0 0 
0 50 0 30 0 0 
0 50 0 30 0 0 
0 50 0 30 0 0 
0 50 0 30 0 0 
0 50 0 30 0 0 
0 50 0 30 0 0 
0 50 0 30 0 0 
0 0 0 0 0 44 
0 0 0 0 0 44 
0 0 0 0 0 44 
0 0 0 0 0 44 
0 0 0 0 0 44 
0 0 0 0 0 44 
0 0 0 0 0 44 
0 0 0 0 0 44 
0 0 0 0 0 44 
0 0 0 0 0 44 
0 21 0 0 0 0 
0 21 0 0 0 0 
0 21 0 0 0 0 
0 21 0 0 0 0 
0 21 0 0 0 0 
0 21 0 0 0 0 
0 21 0 0 0 0 
0 21 0 0 0 0 
0 21 0 0 0 0 
0 21 0 0 0 0 
51 0 0 0 50 0 
51 0 0 0 50 0 
51 0 0 0 50 0 
51 0 0 0 50 0 
51 0 0 0 50 0 
51 0 0 0 50 0 
51 0 0 0 50 0 
51 0 0 0 50 0 
51 0 0 0 50 0 
51 0 0 0 50 0 
31 0 0 0 0 40 
31 0 0 0 0 40 
31 0 0 0 0 40 
31 0 0 0 0 40 
31 0 0 0 0 40 
31 0 0 0 0 40 
31 0 0 0 0 40 
31 0 0 0 0 40 
31 0 0 0 0 40 
31 0 0 0 0 40 
0 0 43 0 0 31 
0 0 43 0 0 31 
0 0 43 0 0 31 
0 0 43 0 0 31 
0 0 43 0 0 31 
0 0 43 0 0 31 
0 0 43 0 0 31 
0 0 43 0 0 31 
0 0 43 0 0 31 
0 0 43 0 0 31 
0 55 0 0 0 0 
0 55 0 0 0 0 
0 55 0 0 0 0 
0 55 0 0 0 0 
0 55 0 0 0 0 
0 55 0 0 0 0 
0 55 0 0 0 0 
0 55 0 0 0 0 
0 55 0 0 0 0 
0 55 0 0 0 0 
0 40 0 0 0 0 
0 40 0 0 0 0 
0 40 0 0 0 0 
0 40 0 0 0 0 
0 40 0 0 0 0 
0 40 0 0 0 0 
0 40 0 0 0 0 
0 40 0 0 0 0 
0 40 0 0 0 0 
0 40 0 0 0 0 
0.0 0.0 0.0 0.0 0.0 0.0 
0.0 0.0 0.0 0.0 0.0 0.0 
0.0 0.0 0.0 0.0 0.0 0.0 
0.0 0.0 0.0 0.0 0.0 0.0 
0.0 0.0 0.0 0.0 0.0 0.0 
0.0 0.0 0.0 0.0 0.0 0.0 
0.0 0.0 0.0 0.0 0.0 0.0 
0.0 0.0 0.0 0.0 0.0 0.0 
0.0 0.0 0.0 0.0 0.0 0.0 
0.0 0.0 0.0 0.0 0.0 0.0 
mind
0 0 0 0 13 0 0 0 0 0 0 0 0 0 0 0 0 0 0 0 22 25 0 0 0 0 19 12 0 0 0 0 0 0 0 0 0 0 0 21 12 0 19 0 0 0 0 0 0 0 0 0
maxd
0 0 0 0 15 0 0 0 0 0 0 0 0 0 0 0 0 0 0 0 25 26 0 0 0 0 27 13 0 0 0 0 0 0 0 0 0 0 0 22 21 0 29 0 0 0 0 0 0 0 0 0
e
0 942 602 883 644 763 543 607 660 511 889 568 814 612 724 530 727 941 538 667 561 764 854 560 816 561 714 815 946 847 795 947 622 584 901 730 580 897 503 544 496 709 624 690 855 897 774 880 832 628 794 0
l
99999 1062 722 1003 764 883 663 727 780 631 1009 688 934 732 844 650 847 1061 658 787 681 884 974 680 936 681 834 935 1066 967 915 1067 742 704 1021 850 700 1017 623 664 616 829 744 810 975 1017 894 1000 952 748 914 99999
