nbNodes
52
nbVehi
10
nbServi
6
r
1 1 1 1 1 1 
0 1 0 0 0 0 
0 1 0 0 0 1 
0 0 1 0 1 0 
1 0 0 0 0 0 
1 0 0 0 0 0 
0 0 0 1 0 0 
1 0 0 1 0 0 
0 0 0 1 0 0 
1 0 0 0 0 0 
0 0 0 1 0 0 
0 1 0 0 0 0 
0 1 0 0 0 0 
0 1 0 0 0 0 
0 1 0 0 1 0 
0 0 1 0 0 0 
0 0 1 0 1 0 
0 1 0 0 0 0 
0 0 0 0 1 0 
0 1 0 0 1 0 
0 0 1 0 0 1 
0 0 0 1 0 0 
0 1 0 0 0 1 
0 0 0 0 0 1 
0 0 1 0 1 0 
0 0 0 1 0 0 
0 0 0 0 1 0 
1 0 0 1 0 0 
0 0 1 0 0 0 
0 1 0 0 0 0 
0 1 0 0 0 0 
0 0 1 0 0 0 
0 1 0 1 0 0 
0 1 0 1 0 0 
0 0 1 0 0 0 
0 0 0 0 1 0 
1 0 0 1 0 0 
0 0 0 1 0 0 
0 0 1 1 0 0 
0 0 0 0 0 1 
0 0 1 0 0 0 
0 0 0 0 0 1 
0 0 0 0 1 0 
1 0 0 0 0 1 
1 0 0 1 0 0 
0 0 0 0 1 0 
0 0 0 1 0 0 
0 0 0 1 0 0 
1 0 0 0 0 0 
1 0 0 0 0 0 
0 0 1 0 0 0 
1 1 1 1 1 1 
DS
3 4 8 15 17 20 21 23 25 28 33 34 37 39 44 45 
a
0 0 1 0 0 0 
0 1 1 0 0 0 
0 1 0 0 0 0 
1 1 0 0 0 0 
1 1 1 0 0 0 
0 0 0 0 0 1 
0 0 0 1 1 1 
0 0 0 1 0 1 
0 0 0 0 1 0 
0 0 0 1 1 1 
x
-29.986 -30.0137 -30.0366 -30.1126 -30.0925 -30.0158 -30.1572 -30.0555 -30.0285 -30.2374 -29.9933 -30.0146 -30.0828 -30.121 -30.1671 -30.1062 -30.0933 -30.079 -30.1626 -30.0072 -30.1578 -30.1564 -30.0335 -30.0262 -30.0178 -30.0271 -30.0908 -29.9945 -30.017 -30.0047 -30.0119 -30.0588 -30.011 -30.0754 -30.0338 -29.986 -30.1615 -30.0831 -30.1523 -30.1566 -30.0294 -30.1777 -30.0138 -30.0416 -30.0779 -30.0876 -30.0036 -30.069 -29.9796 -30.1565 -30.0166 -29.986
y
-51.1356 -51.1488 -51.1322 -51.2033 -51.1788 -51.1487 -51.1695 -51.2159 -51.2319 -51.0945 -51.1459 -51.1956 -51.175 -51.1086 -51.1485 -51.2226 -51.1796 -51.1723 -51.1719 -51.1437 -51.1692 -51.1679 -51.2026 -51.1379 -51.1397 -51.0883 -51.1796 -51.1466 -51.1484 -51.1611 -51.1334 -51.1435 -51.1197 -51.1746 -51.1331 -51.1356 -51.1303 -51.1753 -51.1666 -51.1691 -51.1061 -51.1805 -51.1736 -51.1315 -51.1714 -51.1831 -51.1551 -51.1682 -51.1307 -51.1756 -51.1322 -51.1356
d
0.00000 10.00000 14.00000 36.00000 32.00000 10.00000 47.00000 23.00000 20.00000 60.00000 7.00000 16.00000 32.00000 31.00000 49.00000 32.00000 31.00000 28.00000 48.00000 8.00000 47.00000 47.00000 19.00000 11.00000 10.00000 18.00000 31.00000 7.00000 11.00000 10.00000 8.00000 19.00000 10.00000 26.00000 14.00000 0.00000 49.00000 32.00000 46.00000 47.00000 15.00000 49.00000 12.00000 15.00000 27.00000 31.00000 9.00000 23.00000 3.00000 46.00000 9.00000 0.00000
9.00000 0.00000 9.00000 29.00000 26.00000 1.00000 41.00000 19.00000 18.00000 54.00000 8.00000 12.00000 24.00000 25.00000 43.00000 26.00000 25.00000 20.00000 41.00000 4.00000 41.00000 40.00000 15.00000 6.00000 5.00000 15.00000 25.00000 8.00000 2.00000 7.00000 5.00000 13.00000 9.00000 18.00000 8.00000 9.00000 43.00000 24.00000 40.00000 41.00000 12.00000 43.00000 7.00000 10.00000 19.00000 24.00000 5.00000 15.00000 9.00000 40.00000 6.00000 9.00000
15.00000 10.00000 0.00000 27.00000 23.00000 9.00000 36.00000 18.00000 19.00000 48.00000 15.00000 14.00000 21.00000 20.00000 38.00000 23.00000 22.00000 17.00000 37.00000 11.00000 37.00000 35.00000 14.00000 5.00000 7.00000 13.00000 22.00000 14.00000 9.00000 12.00000 8.00000 8.00000 8.00000 16.00000 2.00000 15.00000 37.00000 21.00000 35.00000 37.00000 8.00000 40.00000 13.00000 2.00000 17.00000 22.00000 11.00000 12.00000 15.00000 36.00000 7.00000 15.00000
34.00000 28.00000 26.00000 0.00000 11.00000 27.00000 15.00000 16.00000 22.00000 29.00000 34.00000 22.00000 21.00000 25.00000 16.00000 4.00000 9.00000 19.00000 16.00000 29.00000 15.00000 14.00000 19.00000 26.00000 27.00000 35.00000 11.00000 33.00000 27.00000 28.00000 30.00000 22.00000 30.00000 17.00000 26.00000 34.00000 19.00000 22.00000 13.00000 15.00000 30.00000 18.00000 23.00000 24.00000 19.00000 12.00000 28.00000 18.00000 35.00000 15.00000 29.00000 34.00000
31.00000 24.00000 23.00000 11.00000 0.00000 24.00000 20.00000 13.00000 19.00000 34.00000 31.00000 18.00000 15.00000 21.00000 21.00000 15.00000 2.00000 15.00000 21.00000 26.00000 20.00000 19.00000 16.00000 23.00000 24.00000 32.00000 2.00000 30.00000 24.00000 24.00000 27.00000 19.00000 27.00000 14.00000 23.00000 31.00000 24.00000 15.00000 18.00000 20.00000 27.00000 23.00000 20.00000 21.00000 14.00000 4.00000 25.00000 15.00000 31.00000 20.00000 26.00000 31.00000
9.00000 2.00000 9.00000 29.00000 25.00000 0.00000 40.00000 18.00000 18.00000 53.00000 9.00000 12.00000 24.00000 25.00000 42.00000 25.00000 24.00000 19.00000 41.00000 4.00000 40.00000 40.00000 14.00000 6.00000 5.00000 15.00000 24.00000 8.00000 1.00000 6.00000 5.00000 13.00000 9.00000 18.00000 8.00000 9.00000 42.00000 24.00000 40.00000 40.00000 12.00000 42.00000 7.00000 10.00000 19.00000 24.00000 5.00000 14.00000 10.00000 39.00000 6.00000 9.00000
46.00000 40.00000 38.00000 15.00000 20.00000 39.00000 0.00000 28.00000 33.00000 19.00000 46.00000 34.00000 30.00000 21.00000 6.00000 17.00000 18.00000 30.00000 4.00000 41.00000 1.00000 1.00000 31.00000 38.00000 39.00000 47.00000 19.00000 45.00000 39.00000 40.00000 42.00000 32.00000 42.00000 29.00000 38.00000 46.00000 9.00000 30.00000 3.00000 1.00000 42.00000 9.00000 35.00000 36.00000 29.00000 20.00000 40.00000 30.00000 47.00000 3.00000 41.00000 46.00000
23.00000 17.00000 18.00000 17.00000 12.00000 17.00000 28.00000 0.00000 9.00000 43.00000 23.00000 9.00000 17.00000 24.00000 30.00000 13.00000 11.00000 11.00000 28.00000 18.00000 28.00000 27.00000 6.00000 18.00000 19.00000 27.00000 11.00000 22.00000 18.00000 17.00000 19.00000 15.00000 22.00000 10.00000 18.00000 23.00000 33.00000 17.00000 27.00000 28.00000 22.00000 30.00000 12.00000 16.00000 11.00000 11.00000 17.00000 10.00000 24.00000 27.00000 20.00000 23.00000
20.00000 17.00000 21.00000 22.00000 19.00000 18.00000 34.00000 10.00000 0.00000 49.00000 20.00000 9.00000 23.00000 30.00000 36.00000 18.00000 18.00000 18.00000 35.00000 18.00000 34.00000 33.00000 9.00000 20.00000 20.00000 29.00000 18.00000 19.00000 18.00000 14.00000 19.00000 20.00000 23.00000 17.00000 21.00000 20.00000 39.00000 24.00000 33.00000 34.00000 25.00000 36.00000 13.00000 19.00000 18.00000 18.00000 15.00000 17.00000 22.00000 33.00000 20.00000 20.00000
61.00000 54.00000 49.00000 29.00000 34.00000 53.00000 20.00000 43.00000 49.00000 0.00000 60.00000 49.00000 44.00000 29.00000 17.00000 31.00000 32.00000 44.00000 20.00000 56.00000 20.00000 19.00000 46.00000 51.00000 52.00000 56.00000 34.00000 60.00000 53.00000 55.00000 55.00000 44.00000 54.00000 44.00000 50.00000 61.00000 20.00000 45.00000 19.00000 20.00000 51.00000 21.00000 50.00000 47.00000 43.00000 35.00000 54.00000 45.00000 61.00000 20.00000 54.00000 61.00000
11.00000 10.00000 17.00000 33.00000 30.00000 10.00000 44.00000 20.00000 17.00000 60.00000 0.00000 13.00000 28.00000 32.00000 47.00000 30.00000 29.00000 24.00000 45.00000 9.00000 45.00000 44.00000 16.00000 13.00000 12.00000 21.00000 28.00000 1.00000 11.00000 7.00000 11.00000 20.00000 14.00000 23.00000 16.00000 11.00000 49.00000 29.00000 44.00000 45.00000 18.00000 47.00000 9.00000 17.00000 24.00000 28.00000 6.00000 19.00000 13.00000 44.00000 12.00000 11.00000
15.00000 9.00000 16.00000 25.00000 21.00000 10.00000 36.00000 11.00000 10.00000 52.00000 14.00000 0.00000 23.00000 27.00000 38.00000 21.00000 20.00000 18.00000 37.00000 11.00000 36.00000 36.00000 7.00000 14.00000 12.00000 21.00000 20.00000 14.00000 10.00000 8.00000 11.00000 17.00000 16.00000 17.00000 15.00000 15.00000 41.00000 23.00000 35.00000 36.00000 18.00000 38.00000 5.00000 14.00000 18.00000 19.00000 9.00000 14.00000 16.00000 35.00000 12.00000 15.00000
32.00000 25.00000 23.00000 21.00000 15.00000 25.00000 30.00000 18.00000 23.00000 44.00000 31.00000 22.00000 0.00000 26.00000 31.00000 22.00000 13.00000 7.00000 31.00000 27.00000 30.00000 29.00000 19.00000 24.00000 25.00000 32.00000 14.00000 31.00000 24.00000 26.00000 27.00000 17.00000 27.00000 7.00000 23.00000 32.00000 34.00000 1.00000 28.00000 30.00000 27.00000 33.00000 22.00000 21.00000 6.00000 15.00000 26.00000 10.00000 32.00000 30.00000 27.00000 32.00000
34.00000 27.00000 23.00000 27.00000 23.00000 27.00000 21.00000 26.00000 31.00000 29.00000 34.00000 28.00000 29.00000 0.00000 19.00000 31.00000 21.00000 25.00000 21.00000 29.00000 21.00000 20.00000 26.00000 25.00000 26.00000 32.00000 23.00000 33.00000 27.00000 29.00000 28.00000 18.00000 27.00000 23.00000 23.00000 34.00000 18.00000 30.00000 21.00000 21.00000 27.00000 24.00000 27.00000 21.00000 25.00000 24.00000 28.00000 20.00000 34.00000 21.00000 27.00000 34.00000
47.00000 41.00000 39.00000 16.00000 21.00000 40.00000 6.00000 29.00000 36.00000 17.00000 47.00000 36.00000 31.00000 19.00000 0.00000 18.00000 19.00000 31.00000 6.00000 43.00000 6.00000 5.00000 33.00000 40.00000 41.00000 47.00000 20.00000 47.00000 40.00000 41.00000 43.00000 34.00000 43.00000 31.00000 39.00000 47.00000 6.00000 31.00000 6.00000 6.00000 41.00000 9.00000 37.00000 37.00000 30.00000 21.00000 41.00000 31.00000 48.00000 7.00000 43.00000 47.00000
30.00000 24.00000 22.00000 4.00000 13.00000 23.00000 16.00000 12.00000 19.00000 31.00000 30.00000 19.00000 20.00000 28.00000 18.00000 0.00000 12.00000 15.00000 18.00000 26.00000 17.00000 15.00000 16.00000 23.00000 24.00000 31.00000 12.00000 30.00000 23.00000 24.00000 26.00000 19.00000 27.00000 14.00000 22.00000 30.00000 21.00000 21.00000 15.00000 17.00000 26.00000 20.00000 20.00000 20.00000 15.00000 12.00000 24.00000 14.00000 31.00000 17.00000 26.00000 30.00000
30.00000 23.00000 22.00000 9.00000 2.00000 23.00000 18.00000 12.00000 18.00000 32.00000 29.00000 17.00000 13.00000 19.00000 19.00000 13.00000 0.00000 13.00000 19.00000 25.00000 18.00000 17.00000 14.00000 22.00000 23.00000 31.00000 2.00000 29.00000 23.00000 23.00000 26.00000 18.00000 26.00000 13.00000 22.00000 30.00000 22.00000 14.00000 16.00000 18.00000 26.00000 22.00000 19.00000 19.00000 12.00000 3.00000 24.00000 14.00000 30.00000 18.00000 25.00000 30.00000
27.00000 20.00000 18.00000 20.00000 15.00000 20.00000 30.00000 13.00000 18.00000 44.00000 27.00000 17.00000 7.00000 22.00000 31.00000 17.00000 13.00000 0.00000 31.00000 22.00000 30.00000 28.00000 14.00000 19.00000 20.00000 28.00000 14.00000 26.00000 20.00000 21.00000 23.00000 13.00000 23.00000 2.00000 19.00000 27.00000 34.00000 7.00000 28.00000 30.00000 23.00000 33.00000 16.00000 16.00000 1.00000 15.00000 21.00000 6.00000 27.00000 30.00000 22.00000 27.00000
47.00000 40.00000 38.00000 16.00000 21.00000 40.00000 4.00000 29.00000 34.00000 20.00000 46.00000 35.00000 31.00000 21.00000 6.00000 17.00000 19.00000 31.00000 0.00000 42.00000 4.00000 3.00000 32.00000 39.00000 40.00000 48.00000 20.00000 46.00000 39.00000 40.00000 42.00000 33.00000 43.00000 30.00000 39.00000 47.00000 9.00000 31.00000 4.00000 4.00000 43.00000 7.00000 36.00000 36.00000 30.00000 21.00000 41.00000 30.00000 47.00000 4.00000 42.00000 47.00000
8.00000 4.00000 12.00000 32.00000 28.00000 5.00000 43.00000 18.00000 18.00000 57.00000 7.00000 12.00000 27.00000 29.00000 45.00000 28.00000 27.00000 23.00000 43.00000 0.00000 43.00000 42.00000 14.00000 9.00000 7.00000 16.00000 27.00000 7.00000 5.00000 6.00000 6.00000 17.00000 10.00000 21.00000 11.00000 8.00000 46.00000 27.00000 42.00000 43.00000 13.00000 45.00000 7.00000 13.00000 22.00000 26.00000 5.00000 18.00000 9.00000 42.00000 7.00000 8.00000
46.00000 40.00000 38.00000 15.00000 20.00000 39.00000 1.00000 29.00000 34.00000 20.00000 46.00000 35.00000 30.00000 21.00000 6.00000 17.00000 18.00000 30.00000 4.00000 42.00000 0.00000 2.00000 32.00000 39.00000 40.00000 47.00000 20.00000 46.00000 39.00000 40.00000 42.00000 33.00000 43.00000 30.00000 38.00000 46.00000 9.00000 30.00000 3.00000 1.00000 42.00000 9.00000 36.00000 36.00000 29.00000 21.00000 40.00000 30.00000 47.00000 3.00000 42.00000 46.00000
46.00000 39.00000 37.00000 14.00000 19.00000 38.00000 2.00000 28.00000 33.00000 19.00000 45.00000 34.00000 29.00000 20.00000 5.00000 16.00000 17.00000 29.00000 3.00000 41.00000 2.00000 0.00000 31.00000 38.00000 39.00000 46.00000 18.00000 45.00000 38.00000 39.00000 41.00000 32.00000 41.00000 29.00000 37.00000 46.00000 8.00000 29.00000 2.00000 2.00000 41.00000 8.00000 35.00000 35.00000 28.00000 19.00000 39.00000 29.00000 46.00000 2.00000 41.00000 46.00000
19.00000 12.00000 16.00000 20.00000 16.00000 13.00000 31.00000 7.00000 8.00000 47.00000 18.00000 5.00000 19.00000 25.00000 33.00000 17.00000 15.00000 14.00000 32.00000 14.00000 32.00000 31.00000 0.00000 15.00000 16.00000 25.00000 15.00000 18.00000 13.00000 12.00000 14.00000 15.00000 19.00000 12.00000 16.00000 19.00000 37.00000 19.00000 31.00000 32.00000 20.00000 33.00000 8.00000 14.00000 14.00000 15.00000 13.00000 12.00000 19.00000 30.00000 16.00000 19.00000
11.00000 7.00000 5.00000 29.00000 25.00000 6.00000 39.00000 20.00000 20.00000 51.00000 11.00000 15.00000 23.00000 23.00000 40.00000 25.00000 24.00000 19.00000 40.00000 7.00000 39.00000 38.00000 16.00000 0.00000 3.00000 14.00000 24.00000 10.00000 6.00000 10.00000 5.00000 11.00000 9.00000 18.00000 4.00000 11.00000 40.00000 24.00000 38.00000 39.00000 11.00000 42.00000 11.00000 6.00000 19.00000 24.00000 9.00000 14.00000 12.00000 39.00000 4.00000 11.00000
10.00000 5.00000 6.00000 30.00000 27.00000 5.00000 41.00000 21.00000 20.00000 53.00000 10.00000 14.00000 25.00000 24.00000 42.00000 27.00000 26.00000 21.00000 42.00000 5.00000 41.00000 40.00000 17.00000 3.00000 0.00000 13.00000 26.00000 9.00000 5.00000 9.00000 4.00000 12.00000 8.00000 19.00000 6.00000 10.00000 42.00000 25.00000 39.00000 41.00000 10.00000 43.00000 9.00000 8.00000 20.00000 25.00000 7.00000 16.00000 10.00000 41.00000 3.00000 10.00000
17.00000 16.00000 14.00000 37.00000 34.00000 17.00000 47.00000 28.00000 29.00000 56.00000 17.00000 23.00000 32.00000 30.00000 47.00000 34.00000 33.00000 28.00000 48.00000 14.00000 47.00000 46.00000 25.00000 15.00000 14.00000 0.00000 33.00000 16.00000 17.00000 17.00000 13.00000 18.00000 10.00000 26.00000 14.00000 17.00000 46.00000 32.00000 45.00000 47.00000 7.00000 50.00000 18.00000 13.00000 27.00000 32.00000 16.00000 23.00000 17.00000 47.00000 12.00000 17.00000
30.00000 23.00000 22.00000 11.00000 2.00000 23.00000 19.00000 12.00000 18.00000 34.00000 29.00000 17.00000 14.00000 20.00000 21.00000 14.00000 2.00000 14.00000 20.00000 25.00000 20.00000 18.00000 14.00000 22.00000 23.00000 31.00000 0.00000 29.00000 22.00000 23.00000 25.00000 18.00000 26.00000 13.00000 22.00000 30.00000 24.00000 15.00000 18.00000 20.00000 26.00000 23.00000 19.00000 19.00000 13.00000 2.00000 24.00000 13.00000 30.00000 19.00000 25.00000 30.00000
11.00000 9.00000 16.00000 33.00000 29.00000 10.00000 44.00000 20.00000 17.00000 60.00000 2.00000 13.00000 28.00000 31.00000 46.00000 29.00000 28.00000 24.00000 45.00000 9.00000 44.00000 44.00000 16.00000 13.00000 12.00000 20.00000 28.00000 0.00000 10.00000 6.00000 10.00000 19.00000 13.00000 22.00000 15.00000 11.00000 49.00000 28.00000 44.00000 44.00000 17.00000 46.00000 8.00000 16.00000 23.00000 28.00000 6.00000 19.00000 12.00000 43.00000 11.00000 11.00000
10.00000 3.00000 9.00000 29.00000 25.00000 2.00000 40.00000 18.00000 18.00000 53.00000 10.00000 11.00000 23.00000 24.00000 42.00000 25.00000 24.00000 19.00000 41.00000 5.00000 40.00000 39.00000 14.00000 6.00000 5.00000 16.00000 24.00000 9.00000 0.00000 6.00000 6.00000 12.00000 10.00000 18.00000 8.00000 10.00000 42.00000 23.00000 39.00000 40.00000 13.00000 42.00000 7.00000 9.00000 18.00000 24.00000 5.00000 14.00000 10.00000 39.00000 7.00000 10.00000
9.00000 5.00000 13.00000 29.00000 25.00000 6.00000 40.00000 16.00000 14.00000 56.00000 9.00000 9.00000 25.00000 28.00000 43.00000 25.00000 24.00000 21.00000 41.00000 7.00000 40.00000 40.00000 12.00000 10.00000 9.00000 18.00000 24.00000 8.00000 6.00000 0.00000 7.00000 16.00000 12.00000 19.00000 12.00000 9.00000 45.00000 25.00000 40.00000 40.00000 15.00000 42.00000 5.00000 13.00000 20.00000 24.00000 2.00000 16.00000 11.00000 39.00000 8.00000 9.00000
8.00000 6.00000 8.00000 33.00000 29.00000 6.00000 42.00000 20.00000 19.00000 54.00000 8.00000 13.00000 27.00000 26.00000 44.00000 29.00000 28.00000 23.00000 44.00000 4.00000 43.00000 41.00000 16.00000 5.00000 4.00000 12.00000 28.00000 8.00000 6.00000 7.00000 0.00000 14.00000 6.00000 21.00000 7.00000 8.00000 43.00000 27.00000 41.00000 43.00000 9.00000 46.00000 8.00000 9.00000 22.00000 27.00000 6.00000 18.00000 9.00000 43.00000 2.00000 8.00000
20.00000 13.00000 9.00000 23.00000 19.00000 13.00000 33.00000 15.00000 19.00000 45.00000 20.00000 16.00000 17.00000 16.00000 34.00000 19.00000 18.00000 13.00000 34.00000 15.00000 33.00000 32.00000 14.00000 11.00000 12.00000 18.00000 18.00000 19.00000 13.00000 15.00000 14.00000 0.00000 14.00000 12.00000 9.00000 20.00000 34.00000 18.00000 31.00000 33.00000 13.00000 36.00000 15.00000 7.00000 13.00000 18.00000 14.00000 8.00000 21.00000 33.00000 13.00000 20.00000
10.00000 10.00000 9.00000 32.00000 29.00000 10.00000 42.00000 23.00000 23.00000 54.00000 10.00000 16.00000 27.00000 26.00000 43.00000 29.00000 28.00000 23.00000 43.00000 8.00000 42.00000 41.00000 19.00000 10.00000 9.00000 11.00000 28.00000 10.00000 11.00000 11.00000 7.00000 13.00000 0.00000 21.00000 9.00000 10.00000 43.00000 27.00000 40.00000 42.00000 8.00000 46.00000 12.00000 8.00000 22.00000 27.00000 10.00000 18.00000 11.00000 42.00000 7.00000 10.00000
25.00000 19.00000 17.00000 19.00000 14.00000 18.00000 30.00000 11.00000 16.00000 45.00000 25.00000 15.00000 7.00000 21.00000 31.00000 15.00000 13.00000 2.00000 31.00000 21.00000 30.00000 29.00000 12.00000 18.00000 19.00000 26.00000 13.00000 25.00000 18.00000 19.00000 21.00000 12.00000 21.00000 0.00000 17.00000 25.00000 34.00000 8.00000 29.00000 30.00000 21.00000 32.00000 15.00000 15.00000 2.00000 13.00000 19.00000 5.00000 26.00000 29.00000 21.00000 25.00000
14.00000 9.00000 1.00000 28.00000 24.00000 8.00000 37.00000 19.00000 20.00000 49.00000 13.00000 15.00000 22.00000 21.00000 39.00000 24.00000 23.00000 18.00000 38.00000 10.00000 38.00000 36.00000 15.00000 4.00000 6.00000 14.00000 23.00000 13.00000 8.00000 11.00000 7.00000 9.00000 9.00000 17.00000 0.00000 14.00000 38.00000 22.00000 36.00000 38.00000 9.00000 41.00000 12.00000 3.00000 17.00000 23.00000 10.00000 13.00000 14.00000 37.00000 6.00000 14.00000
0.00000 10.00000 14.00000 36.00000 32.00000 10.00000 47.00000 23.00000 20.00000 60.00000 7.00000 16.00000 32.00000 31.00000 49.00000 32.00000 31.00000 28.00000 48.00000 8.00000 47.00000 47.00000 19.00000 11.00000 10.00000 18.00000 31.00000 7.00000 11.00000 10.00000 8.00000 19.00000 10.00000 26.00000 14.00000 0.00000 49.00000 32.00000 46.00000 47.00000 15.00000 49.00000 12.00000 15.00000 27.00000 31.00000 9.00000 23.00000 3.00000 46.00000 9.00000 0.00000
49.00000 43.00000 38.00000 19.00000 24.00000 42.00000 9.00000 33.00000 39.00000 20.00000 49.00000 39.00000 34.00000 18.00000 6.00000 21.00000 22.00000 34.00000 9.00000 44.00000 9.00000 8.00000 36.00000 40.00000 41.00000 46.00000 24.00000 48.00000 42.00000 44.00000 43.00000 33.00000 43.00000 34.00000 38.00000 49.00000 0.00000 34.00000 9.00000 9.00000 40.00000 13.00000 40.00000 36.00000 33.00000 25.00000 43.00000 34.00000 50.00000 10.00000 42.00000 49.00000
32.00000 25.00000 23.00000 21.00000 15.00000 25.00000 30.00000 18.00000 23.00000 45.00000 31.00000 22.00000 1.00000 27.00000 31.00000 22.00000 13.00000 7.00000 31.00000 27.00000 30.00000 29.00000 19.00000 24.00000 25.00000 32.00000 14.00000 31.00000 24.00000 26.00000 27.00000 18.00000 27.00000 8.00000 23.00000 32.00000 34.00000 0.00000 28.00000 30.00000 27.00000 34.00000 22.00000 21.00000 6.00000 15.00000 26.00000 10.00000 32.00000 30.00000 27.00000 32.00000
45.00000 38.00000 36.00000 13.00000 18.00000 38.00000 3.00000 27.00000 33.00000 20.00000 45.00000 33.00000 28.00000 21.00000 6.00000 15.00000 16.00000 28.00000 4.00000 40.00000 3.00000 2.00000 30.00000 37.00000 38.00000 46.00000 18.00000 44.00000 38.00000 39.00000 41.00000 31.00000 41.00000 28.00000 37.00000 45.00000 9.00000 29.00000 0.00000 3.00000 41.00000 10.00000 34.00000 34.00000 27.00000 19.00000 39.00000 29.00000 45.00000 3.00000 40.00000 45.00000
46.00000 40.00000 38.00000 15.00000 20.00000 39.00000 1.00000 28.00000 34.00000 20.00000 46.00000 35.00000 30.00000 21.00000 6.00000 17.00000 18.00000 30.00000 4.00000 42.00000 1.00000 2.00000 32.00000 38.00000 39.00000 47.00000 20.00000 46.00000 39.00000 40.00000 42.00000 33.00000 42.00000 30.00000 38.00000 46.00000 9.00000 30.00000 3.00000 0.00000 42.00000 9.00000 36.00000 36.00000 29.00000 20.00000 40.00000 30.00000 47.00000 3.00000 42.00000 46.00000
14.00000 13.00000 9.00000 32.00000 29.00000 14.00000 42.00000 23.00000 24.00000 51.00000 14.00000 20.00000 27.00000 25.00000 41.00000 29.00000 28.00000 23.00000 43.00000 11.00000 42.00000 41.00000 20.00000 12.00000 11.00000 7.00000 27.00000 13.00000 14.00000 14.00000 10.00000 13.00000 7.00000 21.00000 9.00000 14.00000 41.00000 27.00000 40.00000 42.00000 0.00000 45.00000 15.00000 8.00000 22.00000 27.00000 13.00000 18.00000 14.00000 42.00000 9.00000 14.00000
48.00000 41.00000 40.00000 18.00000 23.00000 41.00000 8.00000 30.00000 35.00000 21.00000 48.00000 36.00000 33.00000 25.00000 9.00000 19.00000 21.00000 33.00000 7.00000 43.00000 9.00000 8.00000 33.00000 40.00000 41.00000 49.00000 23.00000 47.00000 41.00000 42.00000 44.00000 36.00000 44.00000 31.00000 40.00000 48.00000 13.00000 34.00000 9.00000 9.00000 44.00000 0.00000 37.00000 38.00000 32.00000 24.00000 42.00000 32.00000 49.00000 8.00000 43.00000 48.00000
12.00000 6.00000 13.00000 26.00000 22.00000 6.00000 37.00000 13.00000 13.00000 53.00000 12.00000 6.00000 23.00000 27.00000 39.00000 22.00000 21.00000 19.00000 38.00000 7.00000 37.00000 37.00000 9.00000 10.00000 9.00000 18.00000 21.00000 11.00000 7.00000 6.00000 8.00000 15.00000 12.00000 18.00000 12.00000 12.00000 43.00000 24.00000 37.00000 37.00000 15.00000 39.00000 0.00000 11.00000 19.00000 21.00000 6.00000 14.00000 13.00000 36.00000 9.00000 12.00000
14.00000 11.00000 3.00000 26.00000 23.00000 10.00000 36.00000 17.00000 18.00000 48.00000 14.00000 14.00000 21.00000 19.00000 37.00000 23.00000 22.00000 17.00000 37.00000 11.00000 36.00000 35.00000 14.00000 6.00000 8.00000 12.00000 22.00000 13.00000 10.00000 12.00000 9.00000 7.00000 7.00000 15.00000 3.00000 14.00000 37.00000 21.00000 34.00000 36.00000 7.00000 39.00000 13.00000 0.00000 16.00000 21.00000 11.00000 12.00000 14.00000 36.00000 8.00000 14.00000
27.00000 20.00000 18.00000 20.00000 14.00000 20.00000 29.00000 13.00000 17.00000 43.00000 27.00000 17.00000 6.00000 22.00000 30.00000 16.00000 12.00000 2.00000 30.00000 22.00000 29.00000 28.00000 14.00000 19.00000 20.00000 27.00000 13.00000 26.00000 20.00000 20.00000 23.00000 13.00000 23.00000 2.00000 18.00000 27.00000 33.00000 6.00000 27.00000 29.00000 22.00000 32.00000 16.00000 16.00000 0.00000 14.00000 21.00000 5.00000 27.00000 29.00000 22.00000 27.00000
30.00000 23.00000 21.00000 12.00000 4.00000 22.00000 20.00000 12.00000 17.00000 35.00000 29.00000 17.00000 15.00000 21.00000 22.00000 14.00000 3.00000 14.00000 21.00000 25.00000 21.00000 19.00000 14.00000 22.00000 23.00000 31.00000 2.00000 29.00000 22.00000 23.00000 25.00000 18.00000 26.00000 13.00000 22.00000 30.00000 25.00000 16.00000 19.00000 21.00000 26.00000 24.00000 19.00000 19.00000 14.00000 0.00000 24.00000 13.00000 30.00000 20.00000 25.00000 30.00000
8.00000 5.00000 12.00000 30.00000 26.00000 5.00000 41.00000 17.00000 15.00000 56.00000 8.00000 10.00000 26.00000 28.00000 43.00000 26.00000 25.00000 21.00000 42.00000 6.00000 41.00000 41.00000 13.00000 9.00000 8.00000 17.00000 25.00000 7.00000 5.00000 2.00000 7.00000 15.00000 11.00000 20.00000 11.00000 8.00000 45.00000 26.00000 41.00000 41.00000 14.00000 43.00000 5.00000 12.00000 21.00000 25.00000 0.00000 16.00000 10.00000 40.00000 8.00000 8.00000
23.00000 16.00000 14.00000 20.00000 16.00000 16.00000 31.00000 12.00000 16.00000 46.00000 22.00000 15.00000 10.00000 17.00000 34.00000 17.00000 15.00000 6.00000 32.00000 18.00000 32.00000 31.00000 13.00000 15.00000 16.00000 23.00000 15.00000 22.00000 15.00000 17.00000 18.00000 8.00000 18.00000 5.00000 14.00000 23.00000 35.00000 10.00000 31.00000 32.00000 18.00000 33.00000 14.00000 11.00000 5.00000 15.00000 17.00000 0.00000 23.00000 30.00000 18.00000 23.00000
3.00000 10.00000 15.00000 36.00000 32.00000 11.00000 47.00000 23.00000 21.00000 61.00000 9.00000 16.00000 32.00000 32.00000 50.00000 32.00000 31.00000 28.00000 48.00000 8.00000 47.00000 47.00000 19.00000 12.00000 11.00000 18.00000 31.00000 8.00000 11.00000 11.00000 9.00000 20.00000 11.00000 26.00000 14.00000 3.00000 50.00000 32.00000 47.00000 47.00000 15.00000 49.00000 12.00000 15.00000 27.00000 31.00000 10.00000 23.00000 0.00000 46.00000 10.00000 3.00000
45.00000 39.00000 37.00000 15.00000 20.00000 38.00000 2.00000 27.00000 32.00000 20.00000 45.00000 33.00000 30.00000 21.00000 6.00000 16.00000 18.00000 30.00000 3.00000 40.00000 2.00000 2.00000 30.00000 37.00000 38.00000 46.00000 19.00000 44.00000 38.00000 39.00000 41.00000 32.00000 41.00000 28.00000 37.00000 45.00000 10.00000 30.00000 3.00000 2.00000 41.00000 8.00000 34.00000 35.00000 29.00000 20.00000 39.00000 29.00000 46.00000 0.00000 40.00000 45.00000
10.00000 7.00000 6.00000 32.00000 28.00000 7.00000 41.00000 21.00000 21.00000 53.00000 9.00000 14.00000 26.00000 25.00000 43.00000 28.00000 27.00000 22.00000 42.00000 6.00000 42.00000 40.00000 17.00000 4.00000 3.00000 12.00000 27.00000 9.00000 7.00000 9.00000 2.00000 13.00000 7.00000 20.00000 6.00000 10.00000 42.00000 26.00000 40.00000 41.00000 9.00000 45.00000 9.00000 8.00000 21.00000 27.00000 8.00000 17.00000 10.00000 41.00000 0.00000 10.00000
0.00000 10.00000 14.00000 36.00000 32.00000 10.00000 47.00000 23.00000 20.00000 60.00000 7.00000 16.00000 32.00000 31.00000 49.00000 32.00000 31.00000 28.00000 48.00000 8.00000 47.00000 47.00000 19.00000 11.00000 10.00000 18.00000 31.00000 7.00000 11.00000 10.00000 8.00000 19.00000 10.00000 26.00000 14.00000 0.00000 49.00000 32.00000 46.00000 47.00000 15.00000 49.00000 12.00000 15.00000 27.00000 31.00000 9.00000 23.00000 3.00000 46.00000 9.00000 0.00000
p
0.0 0.0 0.0 0.0 0.0 0.0 
0.0 0.0 0.0 0.0 0.0 0.0 
0.0 0.0 0.0 0.0 0.0 0.0 
0.0 0.0 0.0 0.0 0.0 0.0 
0.0 0.0 0.0 0.0 0.0 0.0 
0.0 0.0 0.0 0.0 0.0 0.0 
0.0 0.0 0.0 0.0 0.0 0.0 
0.0 0.0 0.0 0.0 0.0 0.0 
0.0 0.0 0.0 0.0 0.0 0.0 
0.0 0.0 0.0 0.0 0.0 0.0 
0 60 0 0 0 0 
0 60 0 0 0 0 
0 60 0 0 0 0 
0 60 0 0 0 0 
0 60 0 0 0 0 
0 60 0 0 0 0 
0 60 0 0 0 0 
0 60 0 0 0 0 
0 60 0 0 0 0 
0 60 0 0 0 0 
0 40 0 0 0 48 
0 40 0 0 0 48 
0 40 0 0 0 48 
0 40 0 0 0 48 
0 40 0 0 0 48 
0 40 0 0 0 48 
0 40 0 0 0 48 
0 40 0 0 0 48 
0 40 0 0 0 48 
0 40 0 0 0 48 
0 0 48 0 37 0 
0 0 48 0 37 0 
0 0 48 0 37 0 
0 0 48 0 37 0 
0 0 48 0 37 0 
0 0 48 0 37 0 
0 0 48 0 37 0 
0 0 48 0 37 0 
0 0 48 0 37 0 
0 0 48 0 37 0 
36 0 0 0 0 0 
36 0 0 0 0 0 
36 0 0 0 0 0 
36 0 0 0 0 0 
36 0 0 0 0 0 
36 0 0 0 0 0 
36 0 0 0 0 0 
36 0 0 0 0 0 
36 0 0 0 0 0 
36 0 0 0 0 0 
57 0 0 0 0 0 
57 0 0 0 0 0 
57 0 0 0 0 0 
57 0 0 0 0 0 
57 0 0 0 0 0 
57 0 0 0 0 0 
57 0 0 0 0 0 
57 0 0 0 0 0 
57 0 0 0 0 0 
57 0 0 0 0 0 
0 0 0 41 0 0 
0 0 0 41 0 0 
0 0 0 41 0 0 
0 0 0 41 0 0 
0 0 0 41 0 0 
0 0 0 41 0 0 
0 0 0 41 0 0 
0 0 0 41 0 0 
0 0 0 41 0 0 
0 0 0 41 0 0 
44 0 0 55 0 0 
44 0 0 55 0 0 
44 0 0 55 0 0 
44 0 0 55 0 0 
44 0 0 55 0 0 
44 0 0 55 0 0 
44 0 0 55 0 0 
44 0 0 55 0 0 
44 0 0 55 0 0 
44 0 0 55 0 0 
0 0 0 41 0 0 
0 0 0 41 0 0 
0 0 0 41 0 0 
0 0 0 41 0 0 
0 0 0 41 0 0 
0 0 0 41 0 0 
0 0 0 41 0 0 
0 0 0 41 0 0 
0 0 0 41 0 0 
0 0 0 41 0 0 
34 0 0 0 0 0 
34 0 0 0 0 0 
34 0 0 0 0 0 
34 0 0 0 0 0 
34 0 0 0 0 0 
34 0 0 0 0 0 
34 0 0 0 0 0 
34 0 0 0 0 0 
34 0 0 0 0 0 
34 0 0 0 0 0 
0 0 0 58 0 0 
0 0 0 58 0 0 
0 0 0 58 0 0 
0 0 0 58 0 0 
0 0 0 58 0 0 
0 0 0 58 0 0 
0 0 0 58 0 0 
0 0 0 58 0 0 
0 0 0 58 0 0 
0 0 0 58 0 0 
0 26 0 0 0 0 
0 26 0 0 0 0 
0 26 0 0 0 0 
0 26 0 0 0 0 
0 26 0 0 0 0 
0 26 0 0 0 0 
0 26 0 0 0 0 
0 26 0 0 0 0 
0 26 0 0 0 0 
0 26 0 0 0 0 
0 46 0 0 0 0 
0 46 0 0 0 0 
0 46 0 0 0 0 
0 46 0 0 0 0 
0 46 0 0 0 0 
0 46 0 0 0 0 
0 46 0 0 0 0 
0 46 0 0 0 0 
0 46 0 0 0 0 
0 46 0 0 0 0 
0 46 0 0 0 0 
0 46 0 0 0 0 
0 46 0 0 0 0 
0 46 0 0 0 0 
0 46 0 0 0 0 
0 46 0 0 0 0 
0 46 0 0 0 0 
0 46 0 0 0 0 
0 46 0 0 0 0 
0 46 0 0 0 0 
0 24 0 0 15 0 
0 24 0 0 15 0 
0 24 0 0 15 0 
0 24 0 0 15 0 
0 24 0 0 15 0 
0 24 0 0 15 0 
0 24 0 0 15 0 
0 24 0 0 15 0 
0 24 0 0 15 0 
0 24 0 0 15 0 
0 0 19 0 0 0 
0 0 19 0 0 0 
0 0 19 0 0 0 
0 0 19 0 0 0 
0 0 19 0 0 0 
0 0 19 0 0 0 
0 0 19 0 0 0 
0 0 19 0 0 0 
0 0 19 0 0 0 
0 0 19 0 0 0 
0 0 22 0 45 0 
0 0 22 0 45 0 
0 0 22 0 45 0 
0 0 22 0 45 0 
0 0 22 0 45 0 
0 0 22 0 45 0 
0 0 22 0 45 0 
0 0 22 0 45 0 
0 0 22 0 45 0 
0 0 22 0 45 0 
0 53 0 0 0 0 
0 53 0 0 0 0 
0 53 0 0 0 0 
0 53 0 0 0 0 
0 53 0 0 0 0 
0 53 0 0 0 0 
0 53 0 0 0 0 
0 53 0 0 0 0 
0 53 0 0 0 0 
0 53 0 0 0 0 
0 0 0 0 59 0 
0 0 0 0 59 0 
0 0 0 0 59 0 
0 0 0 0 59 0 
0 0 0 0 59 0 
0 0 0 0 59 0 
0 0 0 0 59 0 
0 0 0 0 59 0 
0 0 0 0 59 0 
0 0 0 0 59 0 
0 59 0 0 48 0 
0 59 0 0 48 0 
0 59 0 0 48 0 
0 59 0 0 48 0 
0 59 0 0 48 0 
0 59 0 0 48 0 
0 59 0 0 48 0 
0 59 0 0 48 0 
0 59 0 0 48 0 
0 59 0 0 48 0 
0 0 45 0 0 21 
0 0 45 0 0 21 
0 0 45 0 0 21 
0 0 45 0 0 21 
0 0 45 0 0 21 
0 0 45 0 0 21 
0 0 45 0 0 21 
0 0 45 0 0 21 
0 0 45 0 0 21 
0 0 45 0 0 21 
0 0 0 29 0 0 
0 0 0 29 0 0 
0 0 0 29 0 0 
0 0 0 29 0 0 
0 0 0 29 0 0 
0 0 0 29 0 0 
0 0 0 29 0 0 
0 0 0 29 0 0 
0 0 0 29 0 0 
0 0 0 29 0 0 
0 46 0 0 0 16 
0 46 0 0 0 16 
0 46 0 0 0 16 
0 46 0 0 0 16 
0 46 0 0 0 16 
0 46 0 0 0 16 
0 46 0 0 0 16 
0 46 0 0 0 16 
0 46 0 0 0 16 
0 46 0 0 0 16 
0 0 0 0 0 30 
0 0 0 0 0 30 
0 0 0 0 0 30 
0 0 0 0 0 30 
0 0 0 0 0 30 
0 0 0 0 0 30 
0 0 0 0 0 30 
0 0 0 0 0 30 
0 0 0 0 0 30 
0 0 0 0 0 30 
0 0 48 0 51 0 
0 0 48 0 51 0 
0 0 48 0 51 0 
0 0 48 0 51 0 
0 0 48 0 51 0 
0 0 48 0 51 0 
0 0 48 0 51 0 
0 0 48 0 51 0 
0 0 48 0 51 0 
0 0 48 0 51 0 
0 0 0 30 0 0 
0 0 0 30 0 0 
0 0 0 30 0 0 
0 0 0 30 0 0 
0 0 0 30 0 0 
0 0 0 30 0 0 
0 0 0 30 0 0 
0 0 0 30 0 0 
0 0 0 30 0 0 
0 0 0 30 0 0 
0 0 0 0 40 0 
0 0 0 0 40 0 
0 0 0 0 40 0 
0 0 0 0 40 0 
0 0 0 0 40 0 
0 0 0 0 40 0 
0 0 0 0 40 0 
0 0 0 0 40 0 
0 0 0 0 40 0 
0 0 0 0 40 0 
57 0 0 48 0 0 
57 0 0 48 0 0 
57 0 0 48 0 0 
57 0 0 48 0 0 
57 0 0 48 0 0 
57 0 0 48 0 0 
57 0 0 48 0 0 
57 0 0 48 0 0 
57 0 0 48 0 0 
57 0 0 48 0 0 
0 0 25 0 0 0 
0 0 25 0 0 0 
0 0 25 0 0 0 
0 0 25 0 0 0 
0 0 25 0 0 0 
0 0 25 0 0 0 
0 0 25 0 0 0 
0 0 25 0 0 0 
0 0 25 0 0 0 
0 0 25 0 0 0 
0 16 0 0 0 0 
0 16 0 0 0 0 
0 16 0 0 0 0 
0 16 0 0 0 0 
0 16 0 0 0 0 
0 16 0 0 0 0 
0 16 0 0 0 0 
0 16 0 0 0 0 
0 16 0 0 0 0 
0 16 0 0 0 0 
0 54 0 0 0 0 
0 54 0 0 0 0 
0 54 0 0 0 0 
0 54 0 0 0 0 
0 54 0 0 0 0 
0 54 0 0 0 0 
0 54 0 0 0 0 
0 54 0 0 0 0 
0 54 0 0 0 0 
0 54 0 0 0 0 
0 0 45 0 0 0 
0 0 45 0 0 0 
0 0 45 0 0 0 
0 0 45 0 0 0 
0 0 45 0 0 0 
0 0 45 0 0 0 
0 0 45 0 0 0 
0 0 45 0 0 0 
0 0 45 0 0 0 
0 0 45 0 0 0 
0 28 0 16 0 0 
0 28 0 16 0 0 
0 28 0 16 0 0 
0 28 0 16 0 0 
0 28 0 16 0 0 
0 28 0 16 0 0 
0 28 0 16 0 0 
0 28 0 16 0 0 
0 28 0 16 0 0 
0 28 0 16 0 0 
0 50 0 21 0 0 
0 50 0 21 0 0 
0 50 0 21 0 0 
0 50 0 21 0 0 
0 50 0 21 0 0 
0 50 0 21 0 0 
0 50 0 21 0 0 
0 50 0 21 0 0 
0 50 0 21 0 0 
0 50 0 21 0 0 
0 0 35 0 0 0 
0 0 35 0 0 0 
0 0 35 0 0 0 
0 0 35 0 0 0 
0 0 35 0 0 0 
0 0 35 0 0 0 
0 0 35 0 0 0 
0 0 35 0 0 0 
0 0 35 0 0 0 
0 0 35 0 0 0 
0 0 0 0 29 0 
0 0 0 0 29 0 
0 0 0 0 29 0 
0 0 0 0 29 0 
0 0 0 0 29 0 
0 0 0 0 29 0 
0 0 0 0 29 0 
0 0 0 0 29 0 
0 0 0 0 29 0 
0 0 0 0 29 0 
36 0 0 30 0 0 
36 0 0 30 0 0 
36 0 0 30 0 0 
36 0 0 30 0 0 
36 0 0 30 0 0 
36 0 0 30 0 0 
36 0 0 30 0 0 
36 0 0 30 0 0 
36 0 0 30 0 0 
36 0 0 30 0 0 
0 0 0 44 0 0 
0 0 0 44 0 0 
0 0 0 44 0 0 
0 0 0 44 0 0 
0 0 0 44 0 0 
0 0 0 44 0 0 
0 0 0 44 0 0 
0 0 0 44 0 0 
0 0 0 44 0 0 
0 0 0 44 0 0 
0 0 26 50 0 0 
0 0 26 50 0 0 
0 0 26 50 0 0 
0 0 26 50 0 0 
0 0 26 50 0 0 
0 0 26 50 0 0 
0 0 26 50 0 0 
0 0 26 50 0 0 
0 0 26 50 0 0 
0 0 26 50 0 0 
0 0 0 0 0 35 
0 0 0 0 0 35 
0 0 0 0 0 35 
0 0 0 0 0 35 
0 0 0 0 0 35 
0 0 0 0 0 35 
0 0 0 0 0 35 
0 0 0 0 0 35 
0 0 0 0 0 35 
0 0 0 0 0 35 
0 0 15 0 0 0 
0 0 15 0 0 0 
0 0 15 0 0 0 
0 0 15 0 0 0 
0 0 15 0 0 0 
0 0 15 0 0 0 
0 0 15 0 0 0 
0 0 15 0 0 0 
0 0 15 0 0 0 
0 0 15 0 0 0 
0 0 0 0 0 30 
0 0 0 0 0 30 
0 0 0 0 0 30 
0 0 0 0 0 30 
0 0 0 0 0 30 
0 0 0 0 0 30 
0 0 0 0 0 30 
0 0 0 0 0 30 
0 0 0 0 0 30 
0 0 0 0 0 30 
0 0 0 0 20 0 
0 0 0 0 20 0 
0 0 0 0 20 0 
0 0 0 0 20 0 
0 0 0 0 20 0 
0 0 0 0 20 0 
0 0 0 0 20 0 
0 0 0 0 20 0 
0 0 0 0 20 0 
0 0 0 0 20 0 
60 0 0 0 0 26 
60 0 0 0 0 26 
60 0 0 0 0 26 
60 0 0 0 0 26 
60 0 0 0 0 26 
60 0 0 0 0 26 
60 0 0 0 0 26 
60 0 0 0 0 26 
60 0 0 0 0 26 
60 0 0 0 0 26 
55 0 0 32 0 0 
55 0 0 32 0 0 
55 0 0 32 0 0 
55 0 0 32 0 0 
55 0 0 32 0 0 
55 0 0 32 0 0 
55 0 0 32 0 0 
55 0 0 32 0 0 
55 0 0 32 0 0 
55 0 0 32 0 0 
0 0 0 0 48 0 
0 0 0 0 48 0 
0 0 0 0 48 0 
0 0 0 0 48 0 
0 0 0 0 48 0 
0 0 0 0 48 0 
0 0 0 0 48 0 
0 0 0 0 48 0 
0 0 0 0 48 0 
0 0 0 0 48 0 
0 0 0 32 0 0 
0 0 0 32 0 0 
0 0 0 32 0 0 
0 0 0 32 0 0 
0 0 0 32 0 0 
0 0 0 32 0 0 
0 0 0 32 0 0 
0 0 0 32 0 0 
0 0 0 32 0 0 
0 0 0 32 0 0 
0 0 0 17 0 0 
0 0 0 17 0 0 
0 0 0 17 0 0 
0 0 0 17 0 0 
0 0 0 17 0 0 
0 0 0 17 0 0 
0 0 0 17 0 0 
0 0 0 17 0 0 
0 0 0 17 0 0 
0 0 0 17 0 0 
56 0 0 0 0 0 
56 0 0 0 0 0 
56 0 0 0 0 0 
56 0 0 0 0 0 
56 0 0 0 0 0 
56 0 0 0 0 0 
56 0 0 0 0 0 
56 0 0 0 0 0 
56 0 0 0 0 0 
56 0 0 0 0 0 
30 0 0 0 0 0 
30 0 0 0 0 0 
30 0 0 0 0 0 
30 0 0 0 0 0 
30 0 0 0 0 0 
30 0 0 0 0 0 
30 0 0 0 0 0 
30 0 0 0 0 0 
30 0 0 0 0 0 
30 0 0 0 0 0 
0 0 15 0 0 0 
0 0 15 0 0 0 
0 0 15 0 0 0 
0 0 15 0 0 0 
0 0 15 0 0 0 
0 0 15 0 0 0 
0 0 15 0 0 0 
0 0 15 0 0 0 
0 0 15 0 0 0 
0 0 15 0 0 0 
0.0 0.0 0.0 0.0 0.0 0.0 
0.0 0.0 0.0 0.0 0.0 0.0 
0.0 0.0 0.0 0.0 0.0 0.0 
0.0 0.0 0.0 0.0 0.0 0.0 
0.0 0.0 0.0 0.0 0.0 0.0 
0.0 0.0 0.0 0.0 0.0 0.0 
0.0 0.0 0.0 0.0 0.0 0.0 
0.0 0.0 0.0 0.0 0.0 0.0 
0.0 0.0 0.0 0.0 0.0 0.0 
0.0 0.0 0.0 0.0 0.0 0.0 
mind
0 0 0 0 0 0 0 15 0 0 0 0 0 0 0 0 15 0 0 0 0 0 0 0 19 0 0 17 0 0 0 0 0 19 0 0 20 0 17 0 0 0 0 0 15 0 0 0 0 0 0 0
maxd
0 0 0 0 0 0 0 27 0 0 0 0 0 0 0 0 17 0 0 0 0 0 0 0 26 0 0 24 0 0 0 0 0 26 0 0 22 0 26 0 0 0 0 0 21 0 0 0 0 0 0 0
e
0 753 732 792 648 738 491 823 725 579 914 602 566 623 572 922 634 916 581 887 617 567 863 650 899 667 825 727 503 620 919 586 544 680 569 685 731 757 757 882 959 854 511 839 748 555 741 651 648 764 608 0
l
99999 873 852 912 768 858 611 943 845 699 1034 722 686 743 692 1042 754 1036 701 1007 737 687 983 770 1019 787 945 847 623 740 1039 706 664 800 689 805 851 877 877 1002 1079 974 631 959 868 675 861 771 768 884 728 99999
