nbNodes
52
nbVehi
10
nbServi
6
r
1 1 1 1 1 1 
0 0 0 1 0 0 
1 0 0 0 0 0 
1 0 0 0 0 0 
0 0 1 0 0 0 
0 0 0 1 0 0 
1 0 0 1 0 0 
0 0 1 0 0 0 
1 0 0 0 1 0 
0 0 0 0 1 0 
0 1 0 0 0 0 
0 0 1 0 1 0 
0 0 0 0 1 0 
0 0 0 0 0 1 
0 0 1 0 1 0 
0 0 1 0 0 0 
0 0 0 0 1 0 
0 0 0 0 0 1 
0 0 1 0 0 0 
0 0 0 1 0 0 
0 0 0 1 0 0 
0 1 0 0 0 0 
0 1 0 0 0 0 
0 0 0 1 0 0 
0 0 0 0 1 0 
0 0 0 1 0 0 
0 1 0 0 0 0 
1 0 0 1 0 0 
1 0 0 1 0 0 
0 0 1 0 0 0 
1 0 0 1 0 0 
1 0 0 1 0 0 
0 0 0 0 1 0 
0 0 1 0 0 0 
0 1 0 0 0 1 
0 0 1 0 0 0 
0 0 0 1 0 0 
0 0 0 0 1 0 
0 0 0 0 1 0 
0 0 0 1 0 0 
0 0 1 0 0 1 
0 0 0 0 1 0 
0 0 1 0 1 0 
0 0 1 0 0 0 
0 1 0 0 0 0 
1 0 0 0 0 1 
0 0 1 0 0 0 
0 0 1 0 1 0 
0 0 1 0 0 1 
0 0 1 1 0 0 
0 0 1 1 0 0 
1 1 1 1 1 1 
DS
7 9 12 15 28 29 31 32 35 41 43 46 48 49 50 51 
a
1 1 1 0 0 0 
1 0 1 0 0 0 
0 0 1 0 0 0 
1 1 1 0 0 0 
0 0 1 0 0 0 
0 0 0 1 1 0 
0 0 0 0 1 0 
0 0 0 1 1 1 
0 0 0 0 1 0 
0 0 0 1 0 1 
x
-30.0515 -30.0288 -30.0332 -30.0118 -30.0949 -30.0136 -30.1084 -30.0237 -30.0211 -30.0357 -30.0466 -30.0149 -30.0458 -30.0449 -29.9982 -30.0341 -30.1086 -30.0972 -30.024 -30.0338 -30.0931 -30.0226 -30.0275 -30.0318 -30.0241 -30.0323 -30.0411 -30.022 -30.0409 -30.0988 -30.0365 -30.0735 -30.0134 -30.0436 -30.0266 -30.0299 -30.0148 -30.0289 -30.0142 -30.0908 -30.0211 -30.0174 -30.0218 -30.0218 -30.0323 -30.0079 -30.0814 -30.0907 -30.0515 -29.9952 -30.0429 -30.0515
y
-51.1673 -51.2286 -51.2238 -51.1161 -51.2293 -51.1366 -51.2432 -51.1157 -51.189 -51.1413 -51.127 -51.1675 -51.202 -51.1526 -51.1413 -51.1901 -51.2168 -51.2311 -51.1515 -51.2052 -51.2447 -51.0885 -51.2195 -51.2267 -51.194 -51.1156 -51.2255 -51.1066 -51.1085 -51.229 -51.1432 -51.229 -51.2006 -51.1266 -51.091 -51.2023 -51.148 -51.2329 -51.1204 -51.2193 -51.1685 -51.139 -51.18 -51.132 -51.2262 -51.1235 -51.2122 -51.2231 -51.1673 -51.1277 -51.1827 -51.1673
d
0.00000 15.00000 13.00000 15.00000 15.00000 13.00000 19.00000 13.00000 10.00000 9.00000 11.00000 11.00000 8.00000 6.00000 15.00000 9.00000 18.00000 15.00000 8.00000 10.00000 18.00000 19.00000 12.00000 15.00000 10.00000 12.00000 12.00000 14.00000 12.00000 15.00000 8.00000 16.00000 12.00000 10.00000 18.00000 11.00000 12.00000 15.00000 15.00000 14.00000 8.00000 12.00000 8.00000 13.00000 14.00000 15.00000 11.00000 13.00000 0.00000 16.00000 5.00000 0.00000
15.00000 0.00000 5.00000 21.00000 18.00000 18.00000 20.00000 22.00000 9.00000 19.00000 20.00000 13.00000 9.00000 16.00000 15.00000 9.00000 20.00000 17.00000 16.00000 7.00000 16.00000 28.00000 5.00000 4.00000 9.00000 22.00000 7.00000 23.00000 22.00000 18.00000 18.00000 14.00000 7.00000 20.00000 27.00000 7.00000 16.00000 3.00000 21.00000 16.00000 11.00000 19.00000 11.00000 20.00000 5.00000 19.00000 14.00000 16.00000 15.00000 18.00000 13.00000 15.00000
13.00000 5.00000 0.00000 22.00000 14.00000 17.00000 17.00000 20.00000 8.00000 17.00000 18.00000 12.00000 6.00000 14.00000 16.00000 8.00000 17.00000 14.00000 15.00000 5.00000 14.00000 27.00000 3.00000 3.00000 7.00000 20.00000 4.00000 22.00000 20.00000 14.00000 16.00000 10.00000 8.00000 18.00000 26.00000 5.00000 15.00000 4.00000 22.00000 13.00000 9.00000 18.00000 9.00000 19.00000 3.00000 20.00000 10.00000 12.00000 13.00000 19.00000 11.00000 13.00000
15.00000 22.00000 21.00000 0.00000 27.00000 7.00000 31.00000 5.00000 15.00000 10.00000 8.00000 12.00000 20.00000 11.00000 9.00000 17.00000 30.00000 27.00000 12.00000 18.00000 30.00000 10.00000 21.00000 22.00000 15.00000 7.00000 23.00000 5.00000 9.00000 28.00000 10.00000 27.00000 16.00000 7.00000 9.00000 17.00000 10.00000 23.00000 3.00000 26.00000 13.00000 8.00000 13.00000 7.00000 22.00000 3.00000 23.00000 25.00000 15.00000 7.00000 14.00000 15.00000
15.00000 17.00000 15.00000 26.00000 0.00000 25.00000 6.00000 24.00000 19.00000 20.00000 22.00000 20.00000 13.00000 18.00000 26.00000 18.00000 5.00000 1.00000 20.00000 16.00000 5.00000 31.00000 16.00000 16.00000 18.00000 23.00000 14.00000 26.00000 24.00000 2.00000 20.00000 8.00000 18.00000 22.00000 30.00000 16.00000 23.00000 16.00000 26.00000 3.00000 18.00000 23.00000 17.00000 25.00000 16.00000 27.00000 5.00000 3.00000 15.00000 28.00000 15.00000 15.00000
14.00000 19.00000 18.00000 7.00000 27.00000 0.00000 31.00000 7.00000 12.00000 8.00000 11.00000 9.00000 17.00000 11.00000 6.00000 14.00000 30.00000 26.00000 7.00000 15.00000 29.00000 13.00000 18.00000 19.00000 12.00000 10.00000 20.00000 8.00000 11.00000 27.00000 7.00000 24.00000 13.00000 10.00000 12.00000 14.00000 5.00000 20.00000 7.00000 25.00000 10.00000 2.00000 10.00000 4.00000 19.00000 7.00000 23.00000 25.00000 14.00000 6.00000 14.00000 14.00000
19.00000 19.00000 17.00000 30.00000 6.00000 28.00000 0.00000 28.00000 23.00000 24.00000 26.00000 24.00000 17.00000 21.00000 30.00000 21.00000 7.00000 5.00000 23.00000 19.00000 7.00000 34.00000 19.00000 18.00000 22.00000 27.00000 16.00000 29.00000 27.00000 5.00000 23.00000 12.00000 22.00000 25.00000 33.00000 20.00000 27.00000 18.00000 30.00000 6.00000 22.00000 27.00000 21.00000 28.00000 17.00000 31.00000 9.00000 7.00000 19.00000 31.00000 18.00000 19.00000
14.00000 22.00000 21.00000 5.00000 26.00000 8.00000 29.00000 0.00000 16.00000 9.00000 7.00000 13.00000 18.00000 9.00000 10.00000 16.00000 28.00000 25.00000 11.00000 18.00000 29.00000 8.00000 19.00000 22.00000 16.00000 5.00000 22.00000 3.00000 7.00000 26.00000 9.00000 26.00000 17.00000 6.00000 7.00000 18.00000 11.00000 23.00000 5.00000 24.00000 14.00000 8.00000 15.00000 7.00000 22.00000 5.00000 22.00000 24.00000 14.00000 9.00000 13.00000 14.00000
11.00000 10.00000 8.00000 17.00000 18.00000 12.00000 22.00000 17.00000 0.00000 14.00000 16.00000 7.00000 7.00000 11.00000 12.00000 5.00000 21.00000 18.00000 11.00000 5.00000 19.00000 22.00000 8.00000 9.00000 2.00000 17.00000 10.00000 17.00000 17.00000 18.00000 13.00000 14.00000 4.00000 15.00000 21.00000 4.00000 10.00000 10.00000 16.00000 17.00000 6.00000 13.00000 5.00000 14.00000 10.00000 15.00000 14.00000 16.00000 11.00000 14.00000 7.00000 11.00000
9.00000 18.00000 16.00000 11.00000 21.00000 7.00000 25.00000 9.00000 13.00000 0.00000 7.00000 11.00000 14.00000 5.00000 10.00000 11.00000 24.00000 21.00000 5.00000 13.00000 24.00000 15.00000 15.00000 17.00000 13.00000 8.00000 18.00000 10.00000 8.00000 21.00000 2.00000 22.00000 15.00000 6.00000 14.00000 14.00000 7.00000 18.00000 11.00000 20.00000 10.00000 6.00000 10.00000 7.00000 18.00000 11.00000 17.00000 19.00000 9.00000 12.00000 8.00000 9.00000
11.00000 20.00000 18.00000 8.00000 24.00000 11.00000 27.00000 6.00000 15.00000 6.00000 0.00000 15.00000 16.00000 7.00000 13.00000 14.00000 26.00000 23.00000 9.00000 15.00000 26.00000 13.00000 17.00000 20.00000 15.00000 5.00000 20.00000 8.00000 6.00000 24.00000 7.00000 24.00000 17.00000 2.00000 12.00000 16.00000 13.00000 20.00000 8.00000 22.00000 13.00000 10.00000 13.00000 9.00000 20.00000 9.00000 20.00000 21.00000 11.00000 13.00000 11.00000 11.00000
9.00000 13.00000 12.00000 13.00000 22.00000 8.00000 25.00000 13.00000 5.00000 9.00000 13.00000 0.00000 11.00000 8.00000 9.00000 7.00000 24.00000 21.00000 6.00000 9.00000 23.00000 18.00000 12.00000 12.00000 6.00000 14.00000 14.00000 13.00000 14.00000 22.00000 8.00000 18.00000 8.00000 12.00000 17.00000 7.00000 6.00000 13.00000 12.00000 20.00000 3.00000 9.00000 4.00000 10.00000 13.00000 11.00000 18.00000 20.00000 9.00000 10.00000 8.00000 9.00000
9.00000 10.00000 7.00000 20.00000 13.00000 17.00000 17.00000 18.00000 8.00000 14.00000 16.00000 11.00000 0.00000 11.00000 17.00000 6.00000 16.00000 12.00000 13.00000 4.00000 15.00000 24.00000 7.00000 8.00000 7.00000 17.00000 6.00000 19.00000 17.00000 13.00000 13.00000 10.00000 7.00000 15.00000 24.00000 5.00000 15.00000 9.00000 20.00000 11.00000 9.00000 17.00000 8.00000 18.00000 8.00000 20.00000 9.00000 11.00000 9.00000 19.00000 8.00000 9.00000
6.00000 16.00000 14.00000 11.00000 19.00000 10.00000 22.00000 9.00000 10.00000 5.00000 7.00000 10.00000 12.00000 0.00000 11.00000 9.00000 21.00000 18.00000 5.00000 11.00000 21.00000 15.00000 13.00000 15.00000 11.00000 8.00000 15.00000 11.00000 9.00000 19.00000 4.00000 20.00000 13.00000 7.00000 15.00000 12.00000 8.00000 16.00000 11.00000 17.00000 9.00000 8.00000 8.00000 9.00000 16.00000 12.00000 15.00000 17.00000 6.00000 13.00000 6.00000 6.00000
17.00000 19.00000 19.00000 8.00000 29.00000 6.00000 32.00000 10.00000 12.00000 11.00000 13.00000 10.00000 18.00000 14.00000 0.00000 15.00000 31.00000 28.00000 10.00000 16.00000 30.00000 15.00000 19.00000 19.00000 13.00000 12.00000 21.00000 11.00000 14.00000 29.00000 11.00000 25.00000 14.00000 13.00000 15.00000 15.00000 8.00000 19.00000 9.00000 27.00000 11.00000 6.00000 11.00000 8.00000 20.00000 6.00000 25.00000 27.00000 17.00000 5.00000 16.00000 17.00000
9.00000 11.00000 9.00000 18.00000 18.00000 13.00000 21.00000 16.00000 5.00000 12.00000 14.00000 8.00000 6.00000 9.00000 13.00000 0.00000 20.00000 17.00000 10.00000 6.00000 19.00000 22.00000 8.00000 10.00000 5.00000 15.00000 10.00000 17.00000 15.00000 18.00000 11.00000 15.00000 7.00000 13.00000 21.00000 5.00000 11.00000 11.00000 17.00000 16.00000 5.00000 14.00000 5.00000 15.00000 11.00000 16.00000 14.00000 16.00000 9.00000 15.00000 6.00000 9.00000
17.00000 21.00000 18.00000 28.00000 5.00000 27.00000 7.00000 26.00000 21.00000 22.00000 24.00000 22.00000 15.00000 20.00000 28.00000 19.00000 0.00000 5.00000 22.00000 18.00000 8.00000 33.00000 18.00000 19.00000 20.00000 25.00000 17.00000 28.00000 26.00000 4.00000 21.00000 11.00000 20.00000 24.00000 32.00000 18.00000 25.00000 20.00000 28.00000 5.00000 20.00000 25.00000 19.00000 27.00000 19.00000 29.00000 7.00000 5.00000 17.00000 30.00000 16.00000 17.00000
15.00000 18.00000 16.00000 27.00000 3.00000 25.00000 5.00000 25.00000 20.00000 21.00000 23.00000 21.00000 14.00000 18.00000 26.00000 18.00000 5.00000 0.00000 20.00000 16.00000 6.00000 31.00000 17.00000 17.00000 19.00000 24.00000 15.00000 26.00000 24.00000 2.00000 20.00000 9.00000 19.00000 22.00000 30.00000 17.00000 24.00000 17.00000 27.00000 3.00000 18.00000 24.00000 18.00000 25.00000 17.00000 27.00000 6.00000 3.00000 15.00000 28.00000 15.00000 15.00000
9.00000 17.00000 15.00000 11.00000 21.00000 6.00000 25.00000 11.00000 10.00000 5.00000 9.00000 7.00000 12.00000 5.00000 7.00000 9.00000 24.00000 21.00000 0.00000 12.00000 24.00000 16.00000 14.00000 17.00000 10.00000 11.00000 17.00000 11.00000 11.00000 21.00000 5.00000 21.00000 11.00000 9.00000 16.00000 11.00000 4.00000 17.00000 11.00000 20.00000 6.00000 5.00000 8.00000 7.00000 17.00000 9.00000 17.00000 19.00000 9.00000 9.00000 8.00000 9.00000
11.00000 8.00000 6.00000 21.00000 14.00000 16.00000 18.00000 19.00000 7.00000 15.00000 16.00000 11.00000 3.00000 12.00000 16.00000 6.00000 17.00000 14.00000 13.00000 0.00000 15.00000 25.00000 5.00000 7.00000 6.00000 18.00000 6.00000 20.00000 18.00000 15.00000 14.00000 10.00000 6.00000 16.00000 24.00000 4.00000 14.00000 8.00000 20.00000 13.00000 8.00000 17.00000 8.00000 18.00000 7.00000 19.00000 11.00000 12.00000 11.00000 18.00000 9.00000 11.00000
19.00000 16.00000 14.00000 30.00000 5.00000 29.00000 6.00000 28.00000 21.00000 24.00000 26.00000 24.00000 15.00000 22.00000 29.00000 19.00000 9.00000 6.00000 24.00000 17.00000 0.00000 34.00000 16.00000 15.00000 20.00000 27.00000 13.00000 30.00000 28.00000 6.00000 23.00000 9.00000 20.00000 26.00000 34.00000 18.00000 27.00000 15.00000 30.00000 7.00000 22.00000 27.00000 21.00000 28.00000 14.00000 31.00000 9.00000 7.00000 19.00000 32.00000 18.00000 19.00000
20.00000 29.00000 27.00000 10.00000 32.00000 13.00000 36.00000 8.00000 21.00000 15.00000 13.00000 18.00000 24.00000 16.00000 15.00000 22.00000 35.00000 31.00000 17.00000 24.00000 35.00000 0.00000 26.00000 28.00000 21.00000 10.00000 28.00000 6.00000 12.00000 32.00000 15.00000 32.00000 22.00000 12.00000 3.00000 23.00000 16.00000 29.00000 10.00000 30.00000 20.00000 13.00000 20.00000 12.00000 28.00000 11.00000 28.00000 30.00000 20.00000 14.00000 19.00000 20.00000
15.00000 3.00000 5.00000 19.00000 18.00000 17.00000 20.00000 21.00000 8.00000 18.00000 20.00000 12.00000 8.00000 15.00000 13.00000 8.00000 20.00000 17.00000 15.00000 6.00000 16.00000 27.00000 0.00000 5.00000 8.00000 21.00000 7.00000 22.00000 21.00000 18.00000 17.00000 14.00000 6.00000 19.00000 26.00000 6.00000 15.00000 4.00000 20.00000 16.00000 10.00000 17.00000 10.00000 19.00000 6.00000 18.00000 14.00000 16.00000 15.00000 17.00000 12.00000 15.00000
14.00000 3.00000 2.00000 22.00000 15.00000 18.00000 17.00000 21.00000 9.00000 17.00000 19.00000 12.00000 7.00000 14.00000 17.00000 8.00000 18.00000 15.00000 15.00000 6.00000 14.00000 27.00000 4.00000 0.00000 8.00000 20.00000 3.00000 22.00000 20.00000 15.00000 16.00000 11.00000 8.00000 18.00000 27.00000 5.00000 16.00000 2.00000 22.00000 14.00000 10.00000 19.00000 9.00000 20.00000 1.00000 21.00000 11.00000 13.00000 14.00000 20.00000 11.00000 14.00000
10.00000 11.00000 8.00000 17.00000 18.00000 12.00000 22.00000 17.00000 4.00000 13.00000 15.00000 7.00000 7.00000 11.00000 12.00000 4.00000 21.00000 18.00000 10.00000 5.00000 19.00000 22.00000 8.00000 10.00000 0.00000 16.00000 10.00000 17.00000 17.00000 19.00000 12.00000 14.00000 5.00000 15.00000 21.00000 4.00000 10.00000 11.00000 17.00000 17.00000 5.00000 13.00000 4.00000 14.00000 10.00000 15.00000 15.00000 16.00000 10.00000 14.00000 7.00000 10.00000
13.00000 22.00000 20.00000 6.00000 25.00000 9.00000 29.00000 4.00000 16.00000 8.00000 6.00000 14.00000 17.00000 9.00000 11.00000 15.00000 28.00000 24.00000 11.00000 17.00000 28.00000 10.00000 19.00000 21.00000 17.00000 0.00000 21.00000 6.00000 5.00000 25.00000 8.00000 25.00000 18.00000 5.00000 9.00000 17.00000 12.00000 22.00000 6.00000 23.00000 15.00000 9.00000 14.00000 8.00000 21.00000 7.00000 21.00000 23.00000 13.00000 11.00000 12.00000 13.00000
13.00000 6.00000 3.00000 23.00000 14.00000 19.00000 16.00000 20.00000 11.00000 17.00000 18.00000 14.00000 6.00000 14.00000 18.00000 10.00000 17.00000 13.00000 16.00000 6.00000 12.00000 27.00000 5.00000 4.00000 9.00000 20.00000 0.00000 22.00000 20.00000 14.00000 16.00000 9.00000 9.00000 18.00000 26.00000 7.00000 18.00000 6.00000 22.00000 12.00000 12.00000 20.00000 11.00000 21.00000 3.00000 22.00000 10.00000 12.00000 13.00000 21.00000 11.00000 13.00000
15.00000 24.00000 22.00000 5.00000 27.00000 8.00000 31.00000 3.00000 16.00000 10.00000 8.00000 13.00000 20.00000 11.00000 10.00000 17.00000 30.00000 27.00000 12.00000 19.00000 30.00000 6.00000 21.00000 23.00000 17.00000 6.00000 24.00000 0.00000 8.00000 27.00000 10.00000 28.00000 17.00000 7.00000 5.00000 18.00000 11.00000 24.00000 5.00000 26.00000 15.00000 8.00000 15.00000 7.00000 24.00000 6.00000 23.00000 25.00000 15.00000 10.00000 14.00000 15.00000
14.00000 22.00000 21.00000 9.00000 26.00000 12.00000 29.00000 7.00000 17.00000 9.00000 7.00000 17.00000 18.00000 9.00000 14.00000 16.00000 28.00000 25.00000 11.00000 17.00000 29.00000 12.00000 19.00000 22.00000 18.00000 5.00000 22.00000 8.00000 0.00000 26.00000 9.00000 26.00000 19.00000 6.00000 11.00000 18.00000 15.00000 23.00000 9.00000 24.00000 16.00000 12.00000 15.00000 11.00000 22.00000 10.00000 22.00000 24.00000 14.00000 14.00000 13.00000 14.00000
15.00000 19.00000 16.00000 26.00000 4.00000 25.00000 6.00000 24.00000 19.00000 20.00000 22.00000 20.00000 13.00000 18.00000 26.00000 17.00000 4.00000 3.00000 20.00000 16.00000 7.00000 30.00000 16.00000 17.00000 18.00000 23.00000 15.00000 26.00000 24.00000 0.00000 19.00000 9.00000 18.00000 22.00000 30.00000 16.00000 23.00000 18.00000 26.00000 3.00000 18.00000 23.00000 17.00000 24.00000 17.00000 27.00000 5.00000 3.00000 15.00000 28.00000 14.00000 15.00000
8.00000 17.00000 16.00000 11.00000 21.00000 7.00000 25.00000 9.00000 12.00000 2.00000 7.00000 11.00000 13.00000 5.00000 10.00000 11.00000 24.00000 21.00000 5.00000 13.00000 24.00000 15.00000 14.00000 17.00000 13.00000 8.00000 17.00000 10.00000 8.00000 21.00000 0.00000 21.00000 14.00000 6.00000 14.00000 13.00000 7.00000 18.00000 11.00000 20.00000 9.00000 6.00000 10.00000 7.00000 17.00000 12.00000 17.00000 19.00000 8.00000 12.00000 8.00000 8.00000
17.00000 14.00000 11.00000 27.00000 9.00000 24.00000 13.00000 25.00000 15.00000 21.00000 23.00000 19.00000 9.00000 19.00000 24.00000 14.00000 12.00000 8.00000 21.00000 12.00000 8.00000 32.00000 12.00000 12.00000 14.00000 25.00000 9.00000 27.00000 25.00000 9.00000 21.00000 0.00000 14.00000 23.00000 31.00000 12.00000 22.00000 13.00000 27.00000 7.00000 16.00000 24.00000 16.00000 26.00000 11.00000 27.00000 6.00000 7.00000 17.00000 26.00000 16.00000 17.00000
14.00000 9.00000 9.00000 17.00000 20.00000 13.00000 24.00000 18.00000 5.00000 16.00000 19.00000 8.00000 9.00000 14.00000 11.00000 8.00000 23.00000 20.00000 12.00000 7.00000 21.00000 23.00000 9.00000 9.00000 5.00000 20.00000 11.00000 18.00000 20.00000 21.00000 15.00000 16.00000 0.00000 18.00000 22.00000 6.00000 11.00000 9.00000 17.00000 19.00000 9.00000 14.00000 8.00000 15.00000 10.00000 15.00000 16.00000 18.00000 14.00000 15.00000 10.00000 14.00000
11.00000 19.00000 18.00000 8.00000 23.00000 11.00000 27.00000 6.00000 14.00000 6.00000 2.00000 14.00000 15.00000 7.00000 13.00000 13.00000 25.00000 22.00000 9.00000 15.00000 26.00000 12.00000 17.00000 19.00000 15.00000 5.00000 19.00000 7.00000 5.00000 23.00000 6.00000 23.00000 16.00000 0.00000 11.00000 15.00000 12.00000 20.00000 7.00000 21.00000 13.00000 9.00000 12.00000 8.00000 19.00000 8.00000 19.00000 21.00000 11.00000 12.00000 10.00000 11.00000
19.00000 28.00000 27.00000 9.00000 32.00000 13.00000 35.00000 8.00000 20.00000 14.00000 12.00000 18.00000 24.00000 15.00000 15.00000 22.00000 34.00000 31.00000 17.00000 23.00000 34.00000 3.00000 25.00000 28.00000 21.00000 9.00000 28.00000 6.00000 11.00000 32.00000 15.00000 32.00000 22.00000 12.00000 0.00000 23.00000 16.00000 29.00000 9.00000 30.00000 19.00000 13.00000 19.00000 12.00000 28.00000 10.00000 28.00000 30.00000 19.00000 14.00000 19.00000 19.00000
11.00000 8.00000 5.00000 19.00000 16.00000 14.00000 19.00000 19.00000 5.00000 14.00000 16.00000 9.00000 4.00000 12.00000 14.00000 5.00000 18.00000 15.00000 12.00000 2.00000 16.00000 24.00000 5.00000 7.00000 4.00000 18.00000 7.00000 19.00000 18.00000 16.00000 13.00000 11.00000 5.00000 16.00000 23.00000 0.00000 12.00000 8.00000 19.00000 14.00000 6.00000 15.00000 6.00000 16.00000 7.00000 17.00000 12.00000 13.00000 11.00000 16.00000 8.00000 11.00000
11.00000 18.00000 17.00000 9.00000 24.00000 4.00000 28.00000 9.00000 11.00000 7.00000 12.00000 8.00000 15.00000 8.00000 5.00000 12.00000 27.00000 23.00000 3.00000 14.00000 27.00000 14.00000 17.00000 18.00000 11.00000 11.00000 19.00000 9.00000 13.00000 24.00000 7.00000 23.00000 12.00000 12.00000 14.00000 13.00000 0.00000 19.00000 9.00000 22.00000 7.00000 5.00000 9.00000 7.00000 18.00000 7.00000 20.00000 22.00000 11.00000 6.00000 11.00000 11.00000
16.00000 2.00000 6.00000 22.00000 16.00000 19.00000 18.00000 23.00000 10.00000 20.00000 21.00000 14.00000 10.00000 17.00000 16.00000 11.00000 20.00000 17.00000 18.00000 8.00000 14.00000 29.00000 6.00000 5.00000 10.00000 23.00000 6.00000 24.00000 23.00000 17.00000 19.00000 12.00000 9.00000 21.00000 28.00000 8.00000 17.00000 0.00000 22.00000 17.00000 12.00000 20.00000 12.00000 21.00000 4.00000 20.00000 14.00000 16.00000 16.00000 19.00000 14.00000 16.00000
15.00000 22.00000 21.00000 4.00000 27.00000 6.00000 30.00000 4.00000 14.00000 9.00000 7.00000 11.00000 19.00000 10.00000 8.00000 16.00000 29.00000 26.00000 11.00000 17.00000 29.00000 10.00000 20.00000 21.00000 15.00000 7.00000 23.00000 5.00000 8.00000 27.00000 10.00000 27.00000 15.00000 7.00000 9.00000 16.00000 9.00000 22.00000 0.00000 25.00000 13.00000 8.00000 13.00000 7.00000 22.00000 4.00000 23.00000 25.00000 15.00000 7.00000 14.00000 15.00000
13.00000 17.00000 13.00000 24.00000 5.00000 23.00000 9.00000 22.00000 17.00000 18.00000 20.00000 18.00000 11.00000 15.00000 24.00000 15.00000 7.00000 4.00000 17.00000 13.00000 8.00000 28.00000 14.00000 15.00000 16.00000 21.00000 13.00000 23.00000 22.00000 5.00000 17.00000 7.00000 16.00000 20.00000 28.00000 14.00000 21.00000 16.00000 24.00000 0.00000 16.00000 21.00000 15.00000 22.00000 14.00000 25.00000 3.00000 3.00000 13.00000 25.00000 12.00000 13.00000
9.00000 13.00000 12.00000 14.00000 20.00000 9.00000 24.00000 14.00000 5.00000 9.00000 12.00000 3.00000 9.00000 8.00000 10.00000 6.00000 23.00000 20.00000 6.00000 8.00000 22.00000 19.00000 11.00000 12.00000 6.00000 13.00000 13.00000 14.00000 14.00000 21.00000 8.00000 17.00000 7.00000 12.00000 18.00000 7.00000 7.00000 13.00000 13.00000 19.00000 0.00000 10.00000 3.00000 11.00000 13.00000 12.00000 16.00000 18.00000 9.00000 11.00000 8.00000 9.00000
13.00000 20.00000 19.00000 8.00000 26.00000 2.00000 29.00000 8.00000 12.00000 6.00000 10.00000 9.00000 17.00000 9.00000 6.00000 14.00000 28.00000 25.00000 5.00000 16.00000 28.00000 13.00000 19.00000 19.00000 13.00000 10.00000 21.00000 8.00000 11.00000 26.00000 6.00000 25.00000 14.00000 10.00000 12.00000 15.00000 5.00000 20.00000 8.00000 24.00000 10.00000 0.00000 11.00000 4.00000 20.00000 8.00000 22.00000 24.00000 13.00000 7.00000 12.00000 13.00000
10.00000 12.00000 11.00000 14.00000 20.00000 9.00000 24.00000 14.00000 4.00000 11.00000 14.00000 4.00000 9.00000 10.00000 10.00000 6.00000 23.00000 19.00000 8.00000 8.00000 22.00000 19.00000 10.00000 11.00000 5.00000 15.00000 13.00000 14.00000 16.00000 20.00000 10.00000 17.00000 6.00000 14.00000 19.00000 7.00000 8.00000 12.00000 14.00000 18.00000 3.00000 10.00000 0.00000 12.00000 12.00000 12.00000 16.00000 18.00000 10.00000 11.00000 8.00000 10.00000
13.00000 22.00000 20.00000 7.00000 25.00000 4.00000 29.00000 7.00000 14.00000 7.00000 9.00000 11.00000 18.00000 9.00000 8.00000 15.00000 28.00000 25.00000 7.00000 17.00000 28.00000 12.00000 19.00000 21.00000 14.00000 9.00000 22.00000 7.00000 10.00000 26.00000 7.00000 26.00000 15.00000 8.00000 11.00000 16.00000 7.00000 22.00000 7.00000 24.00000 12.00000 3.00000 13.00000 0.00000 22.00000 8.00000 21.00000 23.00000 13.00000 8.00000 12.00000 13.00000
14.00000 4.00000 2.00000 23.00000 15.00000 18.00000 18.00000 21.00000 9.00000 17.00000 19.00000 13.00000 7.00000 15.00000 17.00000 8.00000 18.00000 14.00000 15.00000 6.00000 14.00000 28.00000 4.00000 1.00000 8.00000 21.00000 4.00000 23.00000 21.00000 15.00000 17.00000 11.00000 8.00000 19.00000 27.00000 6.00000 16.00000 3.00000 22.00000 13.00000 10.00000 19.00000 10.00000 20.00000 0.00000 21.00000 11.00000 13.00000 14.00000 20.00000 12.00000 14.00000
16.00000 21.00000 20.00000 3.00000 28.00000 6.00000 32.00000 6.00000 14.00000 11.00000 9.00000 11.00000 19.00000 12.00000 7.00000 16.00000 31.00000 27.00000 11.00000 17.00000 31.00000 11.00000 20.00000 21.00000 14.00000 8.00000 22.00000 6.00000 9.00000 28.00000 11.00000 26.00000 15.00000 8.00000 10.00000 16.00000 9.00000 21.00000 3.00000 26.00000 12.00000 7.00000 12.00000 7.00000 21.00000 0.00000 24.00000 26.00000 16.00000 5.00000 15.00000 16.00000
12.00000 16.00000 13.00000 23.00000 5.00000 22.00000 9.00000 21.00000 16.00000 18.00000 19.00000 17.00000 10.00000 15.00000 23.00000 15.00000 8.00000 5.00000 17.00000 13.00000 8.00000 28.00000 14.00000 14.00000 15.00000 21.00000 11.00000 23.00000 21.00000 5.00000 17.00000 7.00000 15.00000 19.00000 27.00000 13.00000 20.00000 15.00000 23.00000 4.00000 15.00000 20.00000 14.00000 22.00000 14.00000 24.00000 0.00000 3.00000 12.00000 25.00000 12.00000 12.00000
15.00000 17.00000 15.00000 26.00000 3.00000 24.00000 7.00000 24.00000 19.00000 20.00000 22.00000 20.00000 13.00000 17.00000 26.00000 17.00000 6.00000 3.00000 19.00000 15.00000 6.00000 30.00000 16.00000 16.00000 18.00000 23.00000 14.00000 25.00000 24.00000 4.00000 19.00000 7.00000 18.00000 21.00000 30.00000 16.00000 23.00000 17.00000 26.00000 3.00000 18.00000 23.00000 17.00000 24.00000 16.00000 27.00000 5.00000 0.00000 15.00000 27.00000 14.00000 15.00000
0.00000 15.00000 13.00000 15.00000 15.00000 13.00000 19.00000 13.00000 10.00000 9.00000 11.00000 11.00000 8.00000 6.00000 15.00000 9.00000 18.00000 15.00000 8.00000 10.00000 18.00000 19.00000 12.00000 15.00000 10.00000 12.00000 12.00000 14.00000 12.00000 15.00000 8.00000 16.00000 12.00000 10.00000 18.00000 11.00000 12.00000 15.00000 15.00000 14.00000 8.00000 12.00000 8.00000 13.00000 14.00000 15.00000 11.00000 13.00000 0.00000 16.00000 5.00000 0.00000
17.00000 19.00000 19.00000 7.00000 29.00000 7.00000 33.00000 10.00000 13.00000 12.00000 13.00000 10.00000 18.00000 15.00000 6.00000 15.00000 32.00000 29.00000 11.00000 16.00000 30.00000 15.00000 19.00000 20.00000 13.00000 12.00000 21.00000 10.00000 13.00000 29.00000 12.00000 25.00000 14.00000 12.00000 14.00000 15.00000 8.00000 20.00000 7.00000 28.00000 12.00000 8.00000 12.00000 9.00000 21.00000 5.00000 25.00000 27.00000 17.00000 0.00000 16.00000 17.00000
7.00000 11.00000 9.00000 16.00000 15.00000 15.00000 19.00000 14.00000 7.00000 10.00000 12.00000 9.00000 7.00000 8.00000 15.00000 4.00000 18.00000 15.00000 10.00000 6.00000 18.00000 21.00000 8.00000 10.00000 7.00000 13.00000 10.00000 16.00000 14.00000 16.00000 10.00000 15.00000 9.00000 12.00000 20.00000 7.00000 13.00000 11.00000 16.00000 14.00000 7.00000 13.00000 6.00000 15.00000 11.00000 17.00000 12.00000 13.00000 7.00000 17.00000 0.00000 7.00000
0.00000 15.00000 13.00000 15.00000 15.00000 13.00000 19.00000 13.00000 10.00000 9.00000 11.00000 11.00000 8.00000 6.00000 15.00000 9.00000 18.00000 15.00000 8.00000 10.00000 18.00000 19.00000 12.00000 15.00000 10.00000 12.00000 12.00000 14.00000 12.00000 15.00000 8.00000 16.00000 12.00000 10.00000 18.00000 11.00000 12.00000 15.00000 15.00000 14.00000 8.00000 12.00000 8.00000 13.00000 14.00000 15.00000 11.00000 13.00000 0.00000 16.00000 5.00000 0.00000
p
0.0 0.0 0.0 0.0 0.0 0.0 
0.0 0.0 0.0 0.0 0.0 0.0 
0.0 0.0 0.0 0.0 0.0 0.0 
0.0 0.0 0.0 0.0 0.0 0.0 
0.0 0.0 0.0 0.0 0.0 0.0 
0.0 0.0 0.0 0.0 0.0 0.0 
0.0 0.0 0.0 0.0 0.0 0.0 
0.0 0.0 0.0 0.0 0.0 0.0 
0.0 0.0 0.0 0.0 0.0 0.0 
0.0 0.0 0.0 0.0 0.0 0.0 
0 0 0 19 0 0 
0 0 0 19 0 0 
0 0 0 19 0 0 
0 0 0 19 0 0 
0 0 0 19 0 0 
0 0 0 19 0 0 
0 0 0 19 0 0 
0 0 0 19 0 0 
0 0 0 19 0 0 
0 0 0 19 0 0 
39 0 0 0 0 0 
39 0 0 0 0 0 
39 0 0 0 0 0 
39 0 0 0 0 0 
39 0 0 0 0 0 
39 0 0 0 0 0 
39 0 0 0 0 0 
39 0 0 0 0 0 
39 0 0 0 0 0 
39 0 0 0 0 0 
37 0 0 0 0 0 
37 0 0 0 0 0 
37 0 0 0 0 0 
37 0 0 0 0 0 
37 0 0 0 0 0 
37 0 0 0 0 0 
37 0 0 0 0 0 
37 0 0 0 0 0 
37 0 0 0 0 0 
37 0 0 0 0 0 
0 0 20 0 0 0 
0 0 20 0 0 0 
0 0 20 0 0 0 
0 0 20 0 0 0 
0 0 20 0 0 0 
0 0 20 0 0 0 
0 0 20 0 0 0 
0 0 20 0 0 0 
0 0 20 0 0 0 
0 0 20 0 0 0 
0 0 0 18 0 0 
0 0 0 18 0 0 
0 0 0 18 0 0 
0 0 0 18 0 0 
0 0 0 18 0 0 
0 0 0 18 0 0 
0 0 0 18 0 0 
0 0 0 18 0 0 
0 0 0 18 0 0 
0 0 0 18 0 0 
26 0 0 52 0 0 
26 0 0 52 0 0 
26 0 0 52 0 0 
26 0 0 52 0 0 
26 0 0 52 0 0 
26 0 0 52 0 0 
26 0 0 52 0 0 
26 0 0 52 0 0 
26 0 0 52 0 0 
26 0 0 52 0 0 
0 0 44 0 0 0 
0 0 44 0 0 0 
0 0 44 0 0 0 
0 0 44 0 0 0 
0 0 44 0 0 0 
0 0 44 0 0 0 
0 0 44 0 0 0 
0 0 44 0 0 0 
0 0 44 0 0 0 
0 0 44 0 0 0 
35 0 0 0 15 0 
35 0 0 0 15 0 
35 0 0 0 15 0 
35 0 0 0 15 0 
35 0 0 0 15 0 
35 0 0 0 15 0 
35 0 0 0 15 0 
35 0 0 0 15 0 
35 0 0 0 15 0 
35 0 0 0 15 0 
0 0 0 0 54 0 
0 0 0 0 54 0 
0 0 0 0 54 0 
0 0 0 0 54 0 
0 0 0 0 54 0 
0 0 0 0 54 0 
0 0 0 0 54 0 
0 0 0 0 54 0 
0 0 0 0 54 0 
0 0 0 0 54 0 
0 57 0 0 0 0 
0 57 0 0 0 0 
0 57 0 0 0 0 
0 57 0 0 0 0 
0 57 0 0 0 0 
0 57 0 0 0 0 
0 57 0 0 0 0 
0 57 0 0 0 0 
0 57 0 0 0 0 
0 57 0 0 0 0 
0 0 48 0 27 0 
0 0 48 0 27 0 
0 0 48 0 27 0 
0 0 48 0 27 0 
0 0 48 0 27 0 
0 0 48 0 27 0 
0 0 48 0 27 0 
0 0 48 0 27 0 
0 0 48 0 27 0 
0 0 48 0 27 0 
0 0 0 0 31 0 
0 0 0 0 31 0 
0 0 0 0 31 0 
0 0 0 0 31 0 
0 0 0 0 31 0 
0 0 0 0 31 0 
0 0 0 0 31 0 
0 0 0 0 31 0 
0 0 0 0 31 0 
0 0 0 0 31 0 
0 0 0 0 0 39 
0 0 0 0 0 39 
0 0 0 0 0 39 
0 0 0 0 0 39 
0 0 0 0 0 39 
0 0 0 0 0 39 
0 0 0 0 0 39 
0 0 0 0 0 39 
0 0 0 0 0 39 
0 0 0 0 0 39 
0 0 28 0 24 0 
0 0 28 0 24 0 
0 0 28 0 24 0 
0 0 28 0 24 0 
0 0 28 0 24 0 
0 0 28 0 24 0 
0 0 28 0 24 0 
0 0 28 0 24 0 
0 0 28 0 24 0 
0 0 28 0 24 0 
0 0 29 0 0 0 
0 0 29 0 0 0 
0 0 29 0 0 0 
0 0 29 0 0 0 
0 0 29 0 0 0 
0 0 29 0 0 0 
0 0 29 0 0 0 
0 0 29 0 0 0 
0 0 29 0 0 0 
0 0 29 0 0 0 
0 0 0 0 41 0 
0 0 0 0 41 0 
0 0 0 0 41 0 
0 0 0 0 41 0 
0 0 0 0 41 0 
0 0 0 0 41 0 
0 0 0 0 41 0 
0 0 0 0 41 0 
0 0 0 0 41 0 
0 0 0 0 41 0 
0 0 0 0 0 56 
0 0 0 0 0 56 
0 0 0 0 0 56 
0 0 0 0 0 56 
0 0 0 0 0 56 
0 0 0 0 0 56 
0 0 0 0 0 56 
0 0 0 0 0 56 
0 0 0 0 0 56 
0 0 0 0 0 56 
0 0 44 0 0 0 
0 0 44 0 0 0 
0 0 44 0 0 0 
0 0 44 0 0 0 
0 0 44 0 0 0 
0 0 44 0 0 0 
0 0 44 0 0 0 
0 0 44 0 0 0 
0 0 44 0 0 0 
0 0 44 0 0 0 
0 0 0 23 0 0 
0 0 0 23 0 0 
0 0 0 23 0 0 
0 0 0 23 0 0 
0 0 0 23 0 0 
0 0 0 23 0 0 
0 0 0 23 0 0 
0 0 0 23 0 0 
0 0 0 23 0 0 
0 0 0 23 0 0 
0 0 0 43 0 0 
0 0 0 43 0 0 
0 0 0 43 0 0 
0 0 0 43 0 0 
0 0 0 43 0 0 
0 0 0 43 0 0 
0 0 0 43 0 0 
0 0 0 43 0 0 
0 0 0 43 0 0 
0 0 0 43 0 0 
0 39 0 0 0 0 
0 39 0 0 0 0 
0 39 0 0 0 0 
0 39 0 0 0 0 
0 39 0 0 0 0 
0 39 0 0 0 0 
0 39 0 0 0 0 
0 39 0 0 0 0 
0 39 0 0 0 0 
0 39 0 0 0 0 
0 36 0 0 0 0 
0 36 0 0 0 0 
0 36 0 0 0 0 
0 36 0 0 0 0 
0 36 0 0 0 0 
0 36 0 0 0 0 
0 36 0 0 0 0 
0 36 0 0 0 0 
0 36 0 0 0 0 
0 36 0 0 0 0 
0 0 0 41 0 0 
0 0 0 41 0 0 
0 0 0 41 0 0 
0 0 0 41 0 0 
0 0 0 41 0 0 
0 0 0 41 0 0 
0 0 0 41 0 0 
0 0 0 41 0 0 
0 0 0 41 0 0 
0 0 0 41 0 0 
0 0 0 0 30 0 
0 0 0 0 30 0 
0 0 0 0 30 0 
0 0 0 0 30 0 
0 0 0 0 30 0 
0 0 0 0 30 0 
0 0 0 0 30 0 
0 0 0 0 30 0 
0 0 0 0 30 0 
0 0 0 0 30 0 
0 0 0 38 0 0 
0 0 0 38 0 0 
0 0 0 38 0 0 
0 0 0 38 0 0 
0 0 0 38 0 0 
0 0 0 38 0 0 
0 0 0 38 0 0 
0 0 0 38 0 0 
0 0 0 38 0 0 
0 0 0 38 0 0 
0 43 0 0 0 0 
0 43 0 0 0 0 
0 43 0 0 0 0 
0 43 0 0 0 0 
0 43 0 0 0 0 
0 43 0 0 0 0 
0 43 0 0 0 0 
0 43 0 0 0 0 
0 43 0 0 0 0 
0 43 0 0 0 0 
52 0 0 31 0 0 
52 0 0 31 0 0 
52 0 0 31 0 0 
52 0 0 31 0 0 
52 0 0 31 0 0 
52 0 0 31 0 0 
52 0 0 31 0 0 
52 0 0 31 0 0 
52 0 0 31 0 0 
52 0 0 31 0 0 
23 0 0 47 0 0 
23 0 0 47 0 0 
23 0 0 47 0 0 
23 0 0 47 0 0 
23 0 0 47 0 0 
23 0 0 47 0 0 
23 0 0 47 0 0 
23 0 0 47 0 0 
23 0 0 47 0 0 
23 0 0 47 0 0 
0 0 26 0 0 0 
0 0 26 0 0 0 
0 0 26 0 0 0 
0 0 26 0 0 0 
0 0 26 0 0 0 
0 0 26 0 0 0 
0 0 26 0 0 0 
0 0 26 0 0 0 
0 0 26 0 0 0 
0 0 26 0 0 0 
33 0 0 60 0 0 
33 0 0 60 0 0 
33 0 0 60 0 0 
33 0 0 60 0 0 
33 0 0 60 0 0 
33 0 0 60 0 0 
33 0 0 60 0 0 
33 0 0 60 0 0 
33 0 0 60 0 0 
33 0 0 60 0 0 
15 0 0 18 0 0 
15 0 0 18 0 0 
15 0 0 18 0 0 
15 0 0 18 0 0 
15 0 0 18 0 0 
15 0 0 18 0 0 
15 0 0 18 0 0 
15 0 0 18 0 0 
15 0 0 18 0 0 
15 0 0 18 0 0 
0 0 0 0 29 0 
0 0 0 0 29 0 
0 0 0 0 29 0 
0 0 0 0 29 0 
0 0 0 0 29 0 
0 0 0 0 29 0 
0 0 0 0 29 0 
0 0 0 0 29 0 
0 0 0 0 29 0 
0 0 0 0 29 0 
0 0 49 0 0 0 
0 0 49 0 0 0 
0 0 49 0 0 0 
0 0 49 0 0 0 
0 0 49 0 0 0 
0 0 49 0 0 0 
0 0 49 0 0 0 
0 0 49 0 0 0 
0 0 49 0 0 0 
0 0 49 0 0 0 
0 22 0 0 0 32 
0 22 0 0 0 32 
0 22 0 0 0 32 
0 22 0 0 0 32 
0 22 0 0 0 32 
0 22 0 0 0 32 
0 22 0 0 0 32 
0 22 0 0 0 32 
0 22 0 0 0 32 
0 22 0 0 0 32 
0 0 56 0 0 0 
0 0 56 0 0 0 
0 0 56 0 0 0 
0 0 56 0 0 0 
0 0 56 0 0 0 
0 0 56 0 0 0 
0 0 56 0 0 0 
0 0 56 0 0 0 
0 0 56 0 0 0 
0 0 56 0 0 0 
0 0 0 29 0 0 
0 0 0 29 0 0 
0 0 0 29 0 0 
0 0 0 29 0 0 
0 0 0 29 0 0 
0 0 0 29 0 0 
0 0 0 29 0 0 
0 0 0 29 0 0 
0 0 0 29 0 0 
0 0 0 29 0 0 
0 0 0 0 27 0 
0 0 0 0 27 0 
0 0 0 0 27 0 
0 0 0 0 27 0 
0 0 0 0 27 0 
0 0 0 0 27 0 
0 0 0 0 27 0 
0 0 0 0 27 0 
0 0 0 0 27 0 
0 0 0 0 27 0 
0 0 0 0 48 0 
0 0 0 0 48 0 
0 0 0 0 48 0 
0 0 0 0 48 0 
0 0 0 0 48 0 
0 0 0 0 48 0 
0 0 0 0 48 0 
0 0 0 0 48 0 
0 0 0 0 48 0 
0 0 0 0 48 0 
0 0 0 31 0 0 
0 0 0 31 0 0 
0 0 0 31 0 0 
0 0 0 31 0 0 
0 0 0 31 0 0 
0 0 0 31 0 0 
0 0 0 31 0 0 
0 0 0 31 0 0 
0 0 0 31 0 0 
0 0 0 31 0 0 
0 0 47 0 0 37 
0 0 47 0 0 37 
0 0 47 0 0 37 
0 0 47 0 0 37 
0 0 47 0 0 37 
0 0 47 0 0 37 
0 0 47 0 0 37 
0 0 47 0 0 37 
0 0 47 0 0 37 
0 0 47 0 0 37 
0 0 0 0 23 0 
0 0 0 0 23 0 
0 0 0 0 23 0 
0 0 0 0 23 0 
0 0 0 0 23 0 
0 0 0 0 23 0 
0 0 0 0 23 0 
0 0 0 0 23 0 
0 0 0 0 23 0 
0 0 0 0 23 0 
0 0 46 0 34 0 
0 0 46 0 34 0 
0 0 46 0 34 0 
0 0 46 0 34 0 
0 0 46 0 34 0 
0 0 46 0 34 0 
0 0 46 0 34 0 
0 0 46 0 34 0 
0 0 46 0 34 0 
0 0 46 0 34 0 
0 0 58 0 0 0 
0 0 58 0 0 0 
0 0 58 0 0 0 
0 0 58 0 0 0 
0 0 58 0 0 0 
0 0 58 0 0 0 
0 0 58 0 0 0 
0 0 58 0 0 0 
0 0 58 0 0 0 
0 0 58 0 0 0 
0 43 0 0 0 0 
0 43 0 0 0 0 
0 43 0 0 0 0 
0 43 0 0 0 0 
0 43 0 0 0 0 
0 43 0 0 0 0 
0 43 0 0 0 0 
0 43 0 0 0 0 
0 43 0 0 0 0 
0 43 0 0 0 0 
21 0 0 0 0 59 
21 0 0 0 0 59 
21 0 0 0 0 59 
21 0 0 0 0 59 
21 0 0 0 0 59 
21 0 0 0 0 59 
21 0 0 0 0 59 
21 0 0 0 0 59 
21 0 0 0 0 59 
21 0 0 0 0 59 
0 0 38 0 0 0 
0 0 38 0 0 0 
0 0 38 0 0 0 
0 0 38 0 0 0 
0 0 38 0 0 0 
0 0 38 0 0 0 
0 0 38 0 0 0 
0 0 38 0 0 0 
0 0 38 0 0 0 
0 0 38 0 0 0 
0 0 16 0 28 0 
0 0 16 0 28 0 
0 0 16 0 28 0 
0 0 16 0 28 0 
0 0 16 0 28 0 
0 0 16 0 28 0 
0 0 16 0 28 0 
0 0 16 0 28 0 
0 0 16 0 28 0 
0 0 16 0 28 0 
0 0 49 0 0 41 
0 0 49 0 0 41 
0 0 49 0 0 41 
0 0 49 0 0 41 
0 0 49 0 0 41 
0 0 49 0 0 41 
0 0 49 0 0 41 
0 0 49 0 0 41 
0 0 49 0 0 41 
0 0 49 0 0 41 
0 0 46 37 0 0 
0 0 46 37 0 0 
0 0 46 37 0 0 
0 0 46 37 0 0 
0 0 46 37 0 0 
0 0 46 37 0 0 
0 0 46 37 0 0 
0 0 46 37 0 0 
0 0 46 37 0 0 
0 0 46 37 0 0 
0 0 57 47 0 0 
0 0 57 47 0 0 
0 0 57 47 0 0 
0 0 57 47 0 0 
0 0 57 47 0 0 
0 0 57 47 0 0 
0 0 57 47 0 0 
0 0 57 47 0 0 
0 0 57 47 0 0 
0 0 57 47 0 0 
0.0 0.0 0.0 0.0 0.0 0.0 
0.0 0.0 0.0 0.0 0.0 0.0 
0.0 0.0 0.0 0.0 0.0 0.0 
0.0 0.0 0.0 0.0 0.0 0.0 
0.0 0.0 0.0 0.0 0.0 0.0 
0.0 0.0 0.0 0.0 0.0 0.0 
0.0 0.0 0.0 0.0 0.0 0.0 
0.0 0.0 0.0 0.0 0.0 0.0 
0.0 0.0 0.0 0.0 0.0 0.0 
0.0 0.0 0.0 0.0 0.0 0.0 
mind
0 0 0 0 0 0 12 0 25 0 0 0 0 0 0 0 0 0 0 0 0 0 0 0 0 0 0 0 13 0 0 10 0 0 12 0 0 0 0 0 0 0 0 0 0 12 0 15 0 12 0 0
maxd
0 0 0 0 0 0 15 0 29 0 0 0 0 0 0 0 0 0 0 0 0 0 0 0 0 0 0 0 16 0 0 21 0 0 16 0 0 0 0 0 0 0 0 0 0 25 0 20 0 23 0 0
e
0 753 634 806 684 738 502 881 615 856 727 716 812 530 485 556 636 646 959 495 759 809 509 576 831 532 688 691 542 796 613 626 610 842 673 570 715 666 798 748 758 626 733 634 721 880 719 769 626 484 702 0
l
99999 873 754 926 804 858 622 1001 735 976 847 836 932 650 605 676 756 766 1079 615 879 929 629 696 951 652 808 811 662 916 733 746 730 962 793 690 835 786 918 868 878 746 853 754 841 1000 839 889 746 604 822 99999
