nbNodes
52
nbVehi
10
nbServi
6
r
1 1 1 1 1 1 
0 0 0 1 0 0 
1 0 0 0 0 0 
1 0 0 1 0 0 
0 0 0 1 0 0 
0 0 1 0 0 1 
0 0 0 1 0 0 
0 0 0 0 1 0 
0 0 0 0 0 1 
1 0 0 0 0 0 
1 0 0 0 0 0 
0 0 0 0 0 1 
0 0 0 0 1 0 
0 0 1 0 0 0 
0 1 0 0 0 1 
0 0 0 0 0 1 
0 0 0 0 1 0 
0 0 1 0 0 0 
0 0 0 1 0 0 
0 1 0 0 0 1 
0 0 0 0 0 1 
0 0 0 0 0 1 
1 0 0 0 0 1 
0 0 1 0 1 0 
0 0 1 0 0 0 
0 0 0 0 1 0 
1 0 0 0 1 0 
1 0 0 0 0 1 
0 1 0 0 1 0 
0 1 0 0 0 0 
0 0 1 0 0 0 
0 0 0 0 0 1 
0 0 0 0 0 1 
0 0 0 0 1 0 
0 1 0 0 0 0 
0 1 0 0 1 0 
0 0 0 0 0 1 
0 1 0 0 0 0 
0 0 1 0 0 1 
0 0 1 0 1 0 
0 1 0 0 0 1 
0 0 0 1 0 0 
0 1 0 0 0 1 
0 0 0 1 0 0 
0 0 1 0 0 1 
0 0 0 1 0 0 
0 1 0 0 0 0 
1 0 0 0 0 0 
0 0 0 1 0 0 
0 0 0 0 0 1 
1 0 0 1 0 0 
1 1 1 1 1 1 
DS
4 6 15 20 23 24 27 28 29 36 39 40 41 43 45 51 
a
0 1 0 0 0 0 
1 0 0 0 0 0 
0 0 1 0 0 0 
0 0 1 0 0 0 
0 1 1 0 0 0 
0 0 0 0 0 1 
0 0 0 1 1 1 
0 0 0 1 0 1 
0 0 0 0 1 0 
0 0 0 1 0 0 
x
-30.0815 -30.1498 -29.9898 -30.0344 -30.0393 -30.0348 -30.0618 -30.0562 -30.0229 -30.1872 -30.056 -29.9803 -30.0815 -30.0366 -30.0598 -30.0134 -30.1629 -30.0219 -30.0286 -30.0355 -30.0111 -30.025 -29.9973 -29.9837 -30.0402 -30.072 -30.0203 -30.0688 -30.0304 -30.1531 -30.0378 -29.9936 -30.0668 -30.09 -30.0754 -30.0683 -30.0203 -30.0467 -30.0426 -30.1117 -29.9789 -30.0058 -30.0794 -30.0273 -30.1618 -30.1741 -30.0459 -30.0142 -30.0157 -30.1515 -30.0054 -30.0815
y
-51.1646 -51.1401 -51.1223 -51.1478 -51.106 -51.1321 -51.1906 -51.1518 -51.142 -51.185 -51.1529 -51.1897 -51.1646 -51.1523 -51.1461 -51.1522 -51.1453 -51.1553 -51.1401 -51.2238 -51.1201 -51.1275 -51.0928 -51.1945 -51.2014 -51.2133 -51.1941 -51.1438 -51.1334 -51.2151 -51.2317 -51.095 -51.1708 -51.1258 -51.1682 -51.1906 -51.1994 -51.2198 -51.1523 -51.2421 -51.1362 -51.1984 -51.1598 -51.191 -51.1428 -51.0862 -51.2131 -51.1131 -51.1382 -51.2135 -51.0909 -51.1646
d
0.00000 32.00000 28.00000 19.00000 23.00000 21.00000 15.00000 16.00000 22.00000 37.00000 16.00000 27.00000 0.00000 17.00000 15.00000 22.00000 31.00000 20.00000 21.00000 20.00000 25.00000 24.00000 30.00000 25.00000 17.00000 18.00000 22.00000 14.00000 21.00000 31.00000 21.00000 31.00000 8.00000 20.00000 7.00000 13.00000 21.00000 18.00000 16.00000 25.00000 31.00000 23.00000 10.00000 20.00000 33.00000 40.00000 16.00000 27.00000 23.00000 31.00000 30.00000 0.00000
32.00000 0.00000 45.00000 34.00000 35.00000 35.00000 31.00000 30.00000 37.00000 15.00000 30.00000 45.00000 32.00000 34.00000 29.00000 39.00000 6.00000 37.00000 36.00000 35.00000 39.00000 38.00000 40.00000 43.00000 33.00000 26.00000 37.00000 26.00000 36.00000 18.00000 34.00000 42.00000 32.00000 22.00000 34.00000 30.00000 36.00000 33.00000 33.00000 24.00000 48.00000 39.00000 34.00000 36.00000 6.00000 23.00000 31.00000 41.00000 39.00000 18.00000 40.00000 32.00000
28.00000 45.00000 0.00000 13.00000 15.00000 14.00000 23.00000 18.00000 9.00000 50.00000 19.00000 17.00000 28.00000 14.00000 19.00000 10.00000 48.00000 12.00000 11.00000 22.00000 9.00000 10.00000 9.00000 16.00000 19.00000 25.00000 15.00000 21.00000 12.00000 40.00000 23.00000 8.00000 21.00000 27.00000 24.00000 22.00000 15.00000 22.00000 15.00000 34.00000 6.00000 14.00000 28.00000 15.00000 48.00000 47.00000 20.00000 10.00000 8.00000 40.00000 9.00000 28.00000
18.00000 34.00000 13.00000 0.00000 10.00000 6.00000 14.00000 7.00000 5.00000 41.00000 8.00000 18.00000 18.00000 3.00000 9.00000 7.00000 38.00000 5.00000 4.00000 17.00000 12.00000 8.00000 17.00000 16.00000 12.00000 18.00000 12.00000 10.00000 5.00000 31.00000 18.00000 18.00000 11.00000 16.00000 14.00000 13.00000 13.00000 17.00000 4.00000 25.00000 15.00000 13.00000 17.00000 10.00000 37.00000 36.00000 14.00000 14.00000 7.00000 31.00000 17.00000 18.00000
23.00000 35.00000 15.00000 10.00000 0.00000 7.00000 19.00000 11.00000 12.00000 46.00000 12.00000 24.00000 23.00000 9.00000 12.00000 15.00000 38.00000 13.00000 10.00000 22.00000 9.00000 8.00000 15.00000 22.00000 17.00000 23.00000 18.00000 13.00000 9.00000 36.00000 23.00000 15.00000 16.00000 20.00000 19.00000 18.00000 19.00000 22.00000 9.00000 30.00000 18.00000 20.00000 20.00000 18.00000 38.00000 36.00000 20.00000 11.00000 12.00000 36.00000 13.00000 23.00000
19.00000 34.00000 13.00000 6.00000 7.00000 0.00000 15.00000 7.00000 6.00000 42.00000 8.00000 20.00000 19.00000 6.00000 8.00000 10.00000 37.00000 8.00000 4.00000 19.00000 9.00000 5.00000 14.00000 19.00000 14.00000 20.00000 15.00000 10.00000 3.00000 32.00000 20.00000 14.00000 12.00000 16.00000 15.00000 15.00000 15.00000 18.00000 5.00000 26.00000 16.00000 16.00000 17.00000 14.00000 37.00000 36.00000 16.00000 11.00000 7.00000 32.00000 13.00000 19.00000
12.00000 30.00000 21.00000 12.00000 17.00000 15.00000 0.00000 11.00000 15.00000 31.00000 11.00000 18.00000 12.00000 10.00000 10.00000 16.00000 29.00000 13.00000 14.00000 8.00000 19.00000 18.00000 25.00000 16.00000 5.00000 8.00000 11.00000 9.00000 15.00000 21.00000 9.00000 25.00000 5.00000 15.00000 8.00000 3.00000 9.00000 7.00000 10.00000 14.00000 24.00000 13.00000 12.00000 9.00000 31.00000 35.00000 5.00000 21.00000 17.00000 20.00000 24.00000 12.00000
14.00000 30.00000 18.00000 8.00000 11.00000 9.00000 10.00000 0.00000 11.00000 37.00000 1.00000 20.00000 14.00000 7.00000 4.00000 13.00000 33.00000 11.00000 10.00000 16.00000 13.00000 12.00000 19.00000 19.00000 11.00000 15.00000 15.00000 6.00000 9.00000 27.00000 16.00000 19.00000 7.00000 12.00000 10.00000 10.00000 15.00000 14.00000 7.00000 21.00000 21.00000 17.00000 13.00000 14.00000 33.00000 32.00000 12.00000 15.00000 12.00000 27.00000 18.00000 14.00000
21.00000 36.00000 10.00000 5.00000 12.00000 5.00000 17.00000 9.00000 0.00000 44.00000 10.00000 18.00000 21.00000 5.00000 11.00000 6.00000 40.00000 5.00000 2.00000 20.00000 10.00000 7.00000 15.00000 16.00000 14.00000 21.00000 14.00000 12.00000 4.00000 34.00000 20.00000 15.00000 14.00000 18.00000 17.00000 16.00000 14.00000 19.00000 7.00000 28.00000 13.00000 13.00000 19.00000 12.00000 39.00000 38.00000 17.00000 11.00000 3.00000 33.00000 13.00000 21.00000
37.00000 16.00000 49.00000 40.00000 45.00000 43.00000 32.00000 39.00000 43.00000 0.00000 40.00000 46.00000 37.00000 38.00000 38.00000 44.00000 12.00000 41.00000 42.00000 36.00000 47.00000 46.00000 53.00000 45.00000 35.00000 28.00000 39.00000 35.00000 43.00000 13.00000 35.00000 53.00000 34.00000 34.00000 37.00000 32.00000 38.00000 35.00000 38.00000 23.00000 52.00000 41.00000 38.00000 38.00000 14.00000 27.00000 33.00000 49.00000 45.00000 13.00000 52.00000 37.00000
15.00000 31.00000 19.00000 9.00000 12.00000 10.00000 11.00000 2.00000 11.00000 38.00000 0.00000 21.00000 15.00000 7.00000 5.00000 13.00000 34.00000 11.00000 10.00000 16.00000 14.00000 13.00000 19.00000 20.00000 11.00000 15.00000 16.00000 6.00000 10.00000 28.00000 17.00000 20.00000 8.00000 13.00000 11.00000 10.00000 15.00000 15.00000 6.00000 22.00000 21.00000 17.00000 13.00000 15.00000 33.00000 33.00000 13.00000 16.00000 13.00000 28.00000 19.00000 15.00000
26.00000 44.00000 15.00000 16.00000 24.00000 20.00000 18.00000 22.00000 17.00000 45.00000 22.00000 0.00000 26.00000 16.00000 22.00000 13.00000 43.00000 14.00000 18.00000 14.00000 19.00000 20.00000 18.00000 2.00000 14.00000 19.00000 10.00000 22.00000 19.00000 35.00000 14.00000 17.00000 19.00000 28.00000 22.00000 18.00000 9.00000 15.00000 17.00000 28.00000 18.00000 7.00000 26.00000 12.00000 45.00000 49.00000 14.00000 20.00000 16.00000 35.00000 18.00000 26.00000
0.00000 32.00000 28.00000 19.00000 23.00000 21.00000 15.00000 16.00000 22.00000 37.00000 16.00000 27.00000 0.00000 17.00000 15.00000 22.00000 31.00000 20.00000 21.00000 20.00000 25.00000 24.00000 30.00000 25.00000 17.00000 18.00000 22.00000 14.00000 21.00000 31.00000 21.00000 31.00000 8.00000 20.00000 7.00000 13.00000 21.00000 18.00000 16.00000 25.00000 31.00000 23.00000 10.00000 20.00000 33.00000 40.00000 16.00000 27.00000 23.00000 31.00000 30.00000 0.00000
16.00000 33.00000 12.00000 3.00000 9.00000 6.00000 12.00000 7.00000 6.00000 39.00000 8.00000 17.00000 16.00000 0.00000 8.00000 6.00000 37.00000 5.00000 5.00000 15.00000 11.00000 8.00000 17.00000 15.00000 10.00000 16.00000 11.00000 9.00000 5.00000 29.00000 16.00000 17.00000 9.00000 16.00000 12.00000 11.00000 12.00000 15.00000 2.00000 23.00000 15.00000 12.00000 16.00000 9.00000 36.00000 36.00000 13.00000 13.00000 7.00000 29.00000 16.00000 16.00000
15.00000 29.00000 19.00000 8.00000 12.00000 9.00000 11.00000 4.00000 11.00000 38.00000 5.00000 21.00000 15.00000 8.00000 0.00000 13.00000 33.00000 11.00000 10.00000 16.00000 13.00000 12.00000 19.00000 19.00000 11.00000 15.00000 15.00000 5.00000 9.00000 27.00000 16.00000 19.00000 8.00000 11.00000 11.00000 10.00000 15.00000 14.00000 7.00000 21.00000 22.00000 17.00000 12.00000 14.00000 32.00000 31.00000 12.00000 15.00000 13.00000 27.00000 18.00000 15.00000
22.00000 40.00000 8.00000 7.00000 14.00000 10.00000 18.00000 13.00000 6.00000 45.00000 14.00000 17.00000 22.00000 7.00000 14.00000 0.00000 43.00000 5.00000 7.00000 19.00000 9.00000 9.00000 15.00000 15.00000 15.00000 22.00000 12.00000 15.00000 9.00000 35.00000 20.00000 13.00000 15.00000 22.00000 18.00000 17.00000 13.00000 19.00000 8.00000 29.00000 11.00000 11.00000 22.00000 13.00000 42.00000 42.00000 17.00000 11.00000 5.00000 35.00000 13.00000 22.00000
31.00000 7.00000 46.00000 37.00000 38.00000 38.00000 29.00000 33.00000 40.00000 12.00000 34.00000 43.00000 31.00000 35.00000 33.00000 41.00000 0.00000 38.00000 39.00000 33.00000 43.00000 42.00000 44.00000 42.00000 32.00000 25.00000 36.00000 29.00000 39.00000 15.00000 32.00000 45.00000 30.00000 25.00000 33.00000 28.00000 35.00000 32.00000 35.00000 22.00000 49.00000 38.00000 33.00000 35.00000 3.00000 21.00000 30.00000 44.00000 41.00000 15.00000 43.00000 31.00000
19.00000 38.00000 10.00000 6.00000 13.00000 8.00000 14.00000 11.00000 6.00000 42.00000 12.00000 15.00000 19.00000 5.00000 12.00000 5.00000 40.00000 0.00000 6.00000 16.00000 12.00000 10.00000 17.00000 14.00000 11.00000 18.00000 11.00000 13.00000 7.00000 32.00000 17.00000 15.00000 12.00000 20.00000 15.00000 14.00000 11.00000 16.00000 6.00000 25.00000 13.00000 10.00000 19.00000 9.00000 40.00000 40.00000 14.00000 13.00000 7.00000 31.00000 15.00000 19.00000
20.00000 36.00000 11.00000 4.00000 10.00000 4.00000 16.00000 9.00000 3.00000 43.00000 10.00000 19.00000 20.00000 5.00000 10.00000 7.00000 39.00000 6.00000 0.00000 19.00000 10.00000 5.00000 15.00000 17.00000 14.00000 21.00000 14.00000 12.00000 3.00000 33.00000 20.00000 16.00000 13.00000 18.00000 16.00000 16.00000 15.00000 19.00000 6.00000 27.00000 14.00000 14.00000 19.00000 12.00000 39.00000 38.00000 16.00000 12.00000 4.00000 33.00000 14.00000 20.00000
18.00000 33.00000 20.00000 15.00000 20.00000 17.00000 8.00000 17.00000 18.00000 34.00000 17.00000 13.00000 18.00000 13.00000 16.00000 15.00000 32.00000 14.00000 17.00000 0.00000 21.00000 20.00000 24.00000 11.00000 6.00000 8.00000 8.00000 15.00000 17.00000 24.00000 5.00000 23.00000 11.00000 22.00000 14.00000 9.00000 7.00000 4.00000 12.00000 18.00000 22.00000 9.00000 19.00000 7.00000 34.00000 42.00000 4.00000 23.00000 18.00000 23.00000 24.00000 18.00000
25.00000 39.00000 9.00000 12.00000 9.00000 9.00000 21.00000 12.00000 9.00000 48.00000 13.00000 20.00000 25.00000 11.00000 13.00000 10.00000 43.00000 13.00000 10.00000 23.00000 0.00000 5.00000 9.00000 18.00000 19.00000 25.00000 16.00000 15.00000 8.00000 37.00000 24.00000 9.00000 17.00000 21.00000 20.00000 20.00000 16.00000 22.00000 10.00000 31.00000 12.00000 15.00000 22.00000 16.00000 42.00000 41.00000 20.00000 5.00000 8.00000 37.00000 8.00000 25.00000
23.00000 37.00000 10.00000 8.00000 8.00000 5.00000 19.00000 11.00000 7.00000 46.00000 12.00000 21.00000 23.00000 8.00000 12.00000 11.00000 41.00000 9.00000 5.00000 22.00000 5.00000 0.00000 11.00000 19.00000 17.00000 23.00000 17.00000 13.00000 3.00000 36.00000 23.00000 11.00000 16.00000 20.00000 19.00000 18.00000 17.00000 22.00000 9.00000 30.00000 13.00000 16.00000 20.00000 16.00000 40.00000 40.00000 20.00000 7.00000 6.00000 35.00000 10.00000 23.00000
30.00000 41.00000 10.00000 17.00000 15.00000 15.00000 26.00000 18.00000 15.00000 53.00000 19.00000 20.00000 30.00000 17.00000 19.00000 16.00000 44.00000 19.00000 16.00000 26.00000 9.00000 11.00000 0.00000 22.00000 25.00000 31.00000 21.00000 21.00000 13.00000 43.00000 27.00000 2.00000 23.00000 27.00000 26.00000 26.00000 22.00000 27.00000 16.00000 37.00000 14.00000 20.00000 28.00000 22.00000 44.00000 42.00000 26.00000 8.00000 14.00000 43.00000 3.00000 30.00000
25.00000 43.00000 16.00000 16.00000 23.00000 19.00000 17.00000 21.00000 16.00000 44.00000 22.00000 3.00000 25.00000 15.00000 22.00000 12.00000 42.00000 13.00000 17.00000 13.00000 18.00000 19.00000 20.00000 0.00000 13.00000 19.00000 9.00000 21.00000 18.00000 34.00000 13.00000 18.00000 18.00000 28.00000 21.00000 17.00000 9.00000 14.00000 16.00000 27.00000 18.00000 7.00000 25.00000 11.00000 44.00000 48.00000 13.00000 20.00000 15.00000 34.00000 20.00000 25.00000
18.00000 35.00000 19.00000 11.00000 16.00000 14.00000 7.00000 14.00000 14.00000 36.00000 14.00000 14.00000 18.00000 9.00000 14.00000 13.00000 34.00000 12.00000 13.00000 7.00000 18.00000 17.00000 24.00000 12.00000 0.00000 10.00000 6.00000 13.00000 14.00000 26.00000 8.00000 24.00000 11.00000 20.00000 14.00000 8.00000 5.00000 7.00000 9.00000 19.00000 22.00000 8.00000 17.00000 5.00000 35.00000 40.00000 5.00000 20.00000 16.00000 25.00000 23.00000 18.00000
18.00000 27.00000 26.00000 18.00000 23.00000 20.00000 8.00000 17.00000 21.00000 28.00000 17.00000 21.00000 18.00000 16.00000 16.00000 21.00000 26.00000 19.00000 20.00000 11.00000 25.00000 23.00000 30.00000 19.00000 10.00000 0.00000 14.00000 15.00000 21.00000 18.00000 11.00000 30.00000 11.00000 21.00000 14.00000 8.00000 12.00000 9.00000 15.00000 11.00000 29.00000 16.00000 18.00000 12.00000 28.00000 42.00000 7.00000 26.00000 22.00000 17.00000 29.00000 18.00000
20.00000 37.00000 15.00000 11.00000 18.00000 15.00000 10.00000 15.00000 13.00000 38.00000 16.00000 11.00000 20.00000 10.00000 16.00000 10.00000 36.00000 9.00000 13.00000 9.00000 17.00000 16.00000 22.00000 9.00000 7.00000 12.00000 0.00000 16.00000 14.00000 28.00000 10.00000 20.00000 13.00000 22.00000 15.00000 11.00000 3.00000 9.00000 10.00000 21.00000 18.00000 6.00000 19.00000 2.00000 37.00000 42.00000 7.00000 18.00000 13.00000 27.00000 20.00000 20.00000
14.00000 28.00000 20.00000 9.00000 12.00000 10.00000 10.00000 5.00000 12.00000 37.00000 5.00000 21.00000 14.00000 8.00000 4.00000 14.00000 32.00000 12.00000 11.00000 15.00000 14.00000 13.00000 20.00000 19.00000 11.00000 14.00000 16.00000 0.00000 10.00000 27.00000 16.00000 20.00000 7.00000 10.00000 10.00000 9.00000 15.00000 14.00000 8.00000 21.00000 23.00000 17.00000 11.00000 15.00000 31.00000 31.00000 12.00000 16.00000 13.00000 26.00000 19.00000 14.00000
20.00000 35.00000 11.00000 5.00000 9.00000 2.00000 16.00000 8.00000 5.00000 43.00000 9.00000 20.00000 20.00000 6.00000 9.00000 9.00000 38.00000 7.00000 3.00000 20.00000 8.00000 3.00000 13.00000 18.00000 14.00000 20.00000 15.00000 11.00000 0.00000 33.00000 20.00000 13.00000 13.00000 17.00000 16.00000 15.00000 16.00000 19.00000 6.00000 27.00000 14.00000 15.00000 18.00000 13.00000 38.00000 37.00000 17.00000 10.00000 5.00000 33.00000 12.00000 20.00000
30.00000 19.00000 39.00000 30.00000 35.00000 32.00000 22.00000 29.00000 33.00000 13.00000 29.00000 36.00000 30.00000 28.00000 28.00000 33.00000 15.00000 31.00000 32.00000 26.00000 37.00000 35.00000 42.00000 35.00000 25.00000 18.00000 29.00000 27.00000 33.00000 0.00000 24.00000 42.00000 23.00000 32.00000 26.00000 21.00000 27.00000 25.00000 27.00000 13.00000 42.00000 31.00000 31.00000 27.00000 16.00000 32.00000 22.00000 39.00000 34.00000 2.00000 41.00000 30.00000
20.00000 34.00000 22.00000 16.00000 21.00000 18.00000 9.00000 18.00000 19.00000 35.00000 19.00000 14.00000 20.00000 14.00000 17.00000 17.00000 33.00000 15.00000 18.00000 2.00000 23.00000 22.00000 26.00000 13.00000 7.00000 9.00000 9.00000 16.00000 19.00000 25.00000 0.00000 24.00000 13.00000 23.00000 16.00000 11.00000 8.00000 4.00000 14.00000 16.00000 24.00000 11.00000 20.00000 8.00000 35.00000 43.00000 5.00000 25.00000 20.00000 25.00000 26.00000 20.00000
31.00000 42.00000 8.00000 18.00000 15.00000 15.00000 27.00000 18.00000 14.00000 54.00000 19.00000 19.00000 31.00000 17.00000 19.00000 15.00000 45.00000 17.00000 16.00000 25.00000 9.00000 11.00000 2.00000 20.00000 24.00000 30.00000 20.00000 21.00000 14.00000 43.00000 25.00000 0.00000 23.00000 27.00000 26.00000 26.00000 20.00000 26.00000 16.00000 37.00000 12.00000 19.00000 28.00000 20.00000 45.00000 43.00000 24.00000 8.00000 13.00000 43.00000 4.00000 31.00000
8.00000 31.00000 21.00000 12.00000 16.00000 14.00000 7.00000 9.00000 15.00000 35.00000 9.00000 20.00000 8.00000 10.00000 8.00000 15.00000 33.00000 13.00000 14.00000 13.00000 18.00000 17.00000 23.00000 18.00000 9.00000 12.00000 15.00000 7.00000 14.00000 24.00000 13.00000 24.00000 0.00000 13.00000 4.00000 7.00000 13.00000 11.00000 9.00000 18.00000 24.00000 16.00000 9.00000 13.00000 34.00000 33.00000 9.00000 20.00000 16.00000 24.00000 23.00000 8.00000
22.00000 22.00000 27.00000 17.00000 20.00000 17.00000 17.00000 12.00000 19.00000 34.00000 13.00000 28.00000 22.00000 16.00000 12.00000 21.00000 25.00000 20.00000 18.00000 23.00000 22.00000 21.00000 27.00000 27.00000 19.00000 22.00000 23.00000 8.00000 18.00000 32.00000 23.00000 27.00000 15.00000 0.00000 17.00000 17.00000 23.00000 21.00000 15.00000 28.00000 30.00000 25.00000 19.00000 22.00000 25.00000 24.00000 19.00000 24.00000 21.00000 32.00000 26.00000 22.00000
7.00000 34.00000 24.00000 15.00000 19.00000 16.00000 11.00000 11.00000 18.00000 37.00000 12.00000 23.00000 7.00000 13.00000 11.00000 18.00000 33.00000 16.00000 17.00000 16.00000 21.00000 20.00000 26.00000 21.00000 13.00000 14.00000 18.00000 10.00000 17.00000 27.00000 17.00000 26.00000 4.00000 16.00000 0.00000 10.00000 17.00000 14.00000 12.00000 21.00000 27.00000 19.00000 8.00000 16.00000 34.00000 36.00000 12.00000 23.00000 19.00000 27.00000 25.00000 7.00000
13.00000 29.00000 23.00000 14.00000 19.00000 16.00000 3.00000 11.00000 17.00000 29.00000 12.00000 20.00000 13.00000 12.00000 11.00000 17.00000 28.00000 15.00000 16.00000 11.00000 21.00000 19.00000 26.00000 19.00000 8.00000 7.00000 13.00000 10.00000 17.00000 19.00000 11.00000 26.00000 6.00000 16.00000 9.00000 0.00000 12.00000 9.00000 11.00000 13.00000 26.00000 15.00000 13.00000 11.00000 29.00000 36.00000 7.00000 22.00000 18.00000 19.00000 25.00000 13.00000
20.00000 37.00000 15.00000 12.00000 19.00000 16.00000 10.00000 16.00000 14.00000 38.00000 17.00000 11.00000 20.00000 11.00000 17.00000 10.00000 36.00000 10.00000 14.00000 9.00000 17.00000 16.00000 22.00000 9.00000 7.00000 12.00000 2.00000 16.00000 15.00000 28.00000 10.00000 21.00000 13.00000 23.00000 16.00000 11.00000 0.00000 9.00000 11.00000 22.00000 18.00000 5.00000 20.00000 4.00000 37.00000 43.00000 7.00000 18.00000 13.00000 27.00000 21.00000 20.00000
17.00000 32.00000 22.00000 15.00000 20.00000 18.00000 7.00000 16.00000 18.00000 33.00000 16.00000 16.00000 17.00000 14.00000 15.00000 16.00000 31.00000 15.00000 17.00000 5.00000 22.00000 21.00000 28.00000 15.00000 5.00000 6.00000 9.00000 14.00000 18.00000 22.00000 5.00000 26.00000 10.00000 20.00000 13.00000 8.00000 8.00000 0.00000 13.00000 16.00000 25.00000 11.00000 17.00000 8.00000 32.00000 40.00000 3.00000 24.00000 19.00000 22.00000 27.00000 17.00000
16.00000 33.00000 13.00000 4.00000 8.00000 6.00000 12.00000 6.00000 7.00000 39.00000 6.00000 16.00000 16.00000 2.00000 7.00000 7.00000 36.00000 6.00000 6.00000 15.00000 10.00000 9.00000 16.00000 15.00000 10.00000 16.00000 11.00000 8.00000 6.00000 28.00000 16.00000 16.00000 8.00000 15.00000 11.00000 11.00000 11.00000 14.00000 0.00000 22.00000 16.00000 13.00000 15.00000 10.00000 36.00000 35.00000 12.00000 12.00000 8.00000 28.00000 15.00000 16.00000
25.00000 24.00000 33.00000 24.00000 29.00000 26.00000 16.00000 23.00000 27.00000 23.00000 24.00000 29.00000 25.00000 22.00000 22.00000 28.00000 23.00000 25.00000 26.00000 16.00000 31.00000 30.00000 36.00000 27.00000 19.00000 12.00000 23.00000 21.00000 27.00000 13.00000 15.00000 37.00000 17.00000 28.00000 20.00000 15.00000 22.00000 16.00000 22.00000 0.00000 36.00000 25.00000 25.00000 22.00000 24.00000 39.00000 16.00000 33.00000 29.00000 12.00000 36.00000 25.00000
31.00000 47.00000 6.00000 15.00000 18.00000 16.00000 25.00000 20.00000 11.00000 53.00000 21.00000 19.00000 31.00000 16.00000 21.00000 12.00000 51.00000 15.00000 13.00000 24.00000 12.00000 13.00000 14.00000 18.00000 22.00000 27.00000 18.00000 23.00000 14.00000 43.00000 25.00000 12.00000 24.00000 29.00000 27.00000 25.00000 18.00000 24.00000 17.00000 36.00000 0.00000 16.00000 30.00000 18.00000 50.00000 49.00000 22.00000 13.00000 11.00000 42.00000 14.00000 31.00000
22.00000 40.00000 14.00000 12.00000 19.00000 15.00000 13.00000 17.00000 12.00000 41.00000 18.00000 7.00000 22.00000 11.00000 18.00000 8.00000 39.00000 9.00000 13.00000 11.00000 15.00000 15.00000 20.00000 6.00000 10.00000 15.00000 5.00000 18.00000 14.00000 31.00000 12.00000 19.00000 15.00000 24.00000 17.00000 14.00000 5.00000 12.00000 12.00000 25.00000 17.00000 0.00000 21.00000 7.00000 40.00000 44.00000 10.00000 16.00000 11.00000 30.00000 19.00000 22.00000
11.00000 34.00000 26.00000 17.00000 20.00000 18.00000 15.00000 13.00000 20.00000 38.00000 13.00000 26.00000 11.00000 15.00000 12.00000 21.00000 33.00000 19.00000 19.00000 20.00000 22.00000 21.00000 28.00000 25.00000 17.00000 19.00000 21.00000 11.00000 18.00000 32.00000 21.00000 28.00000 9.00000 17.00000 8.00000 14.00000 21.00000 19.00000 15.00000 25.00000 29.00000 23.00000 0.00000 20.00000 34.00000 38.00000 16.00000 24.00000 21.00000 31.00000 27.00000 11.00000
18.00000 37.00000 14.00000 9.00000 16.00000 13.00000 10.00000 13.00000 12.00000 38.00000 14.00000 13.00000 18.00000 8.00000 14.00000 9.00000 36.00000 7.00000 11.00000 11.00000 16.00000 15.00000 21.00000 11.00000 6.00000 13.00000 4.00000 14.00000 12.00000 27.00000 12.00000 20.00000 11.00000 20.00000 14.00000 10.00000 4.00000 10.00000 9.00000 21.00000 17.00000 8.00000 17.00000 0.00000 37.00000 40.00000 8.00000 17.00000 12.00000 27.00000 20.00000 18.00000
32.00000 6.00000 47.00000 37.00000 38.00000 38.00000 31.00000 33.00000 40.00000 14.00000 33.00000 45.00000 32.00000 36.00000 32.00000 42.00000 2.00000 39.00000 39.00000 35.00000 42.00000 41.00000 43.00000 43.00000 34.00000 26.00000 37.00000 29.00000 38.00000 17.00000 34.00000 44.00000 32.00000 25.00000 34.00000 30.00000 36.00000 33.00000 36.00000 24.00000 50.00000 40.00000 34.00000 36.00000 0.00000 22.00000 31.00000 43.00000 41.00000 16.00000 42.00000 32.00000
41.00000 23.00000 47.00000 36.00000 36.00000 37.00000 37.00000 32.00000 39.00000 27.00000 32.00000 48.00000 41.00000 36.00000 31.00000 41.00000 21.00000 39.00000 38.00000 42.00000 41.00000 40.00000 42.00000 46.00000 38.00000 41.00000 43.00000 28.00000 37.00000 32.00000 43.00000 43.00000 34.00000 24.00000 37.00000 36.00000 42.00000 41.00000 35.00000 39.00000 50.00000 44.00000 38.00000 42.00000 22.00000 0.00000 39.00000 42.00000 40.00000 31.00000 41.00000 41.00000
17.00000 31.00000 22.00000 15.00000 20.00000 18.00000 6.00000 15.00000 18.00000 32.00000 16.00000 16.00000 17.00000 13.00000 15.00000 16.00000 30.00000 14.00000 17.00000 5.00000 22.00000 21.00000 27.00000 14.00000 5.00000 7.00000 9.00000 13.00000 18.00000 22.00000 6.00000 25.00000 10.00000 20.00000 13.00000 8.00000 8.00000 3.00000 13.00000 16.00000 25.00000 11.00000 17.00000 8.00000 32.00000 40.00000 0.00000 24.00000 19.00000 22.00000 27.00000 17.00000
25.00000 40.00000 9.00000 12.00000 10.00000 9.00000 21.00000 13.00000 9.00000 48.00000 14.00000 20.00000 25.00000 11.00000 14.00000 11.00000 43.00000 13.00000 10.00000 23.00000 4.00000 6.00000 8.00000 18.00000 19.00000 25.00000 16.00000 15.00000 8.00000 38.00000 24.00000 8.00000 18.00000 22.00000 21.00000 20.00000 16.00000 23.00000 11.00000 32.00000 12.00000 15.00000 23.00000 16.00000 43.00000 42.00000 21.00000 0.00000 8.00000 38.00000 7.00000 25.00000
23.00000 39.00000 8.00000 7.00000 12.00000 7.00000 19.00000 12.00000 3.00000 46.00000 13.00000 17.00000 23.00000 8.00000 13.00000 6.00000 42.00000 7.00000 4.00000 20.00000 8.00000 5.00000 13.00000 16.00000 16.00000 23.00000 13.00000 14.00000 5.00000 36.00000 21.00000 13.00000 16.00000 21.00000 19.00000 18.00000 14.00000 20.00000 9.00000 30.00000 11.00000 12.00000 21.00000 13.00000 42.00000 41.00000 18.00000 9.00000 0.00000 36.00000 11.00000 23.00000
30.00000 18.00000 39.00000 30.00000 34.00000 32.00000 22.00000 29.00000 32.00000 13.00000 29.00000 36.00000 30.00000 28.00000 28.00000 33.00000 15.00000 30.00000 32.00000 25.00000 36.00000 35.00000 42.00000 34.00000 24.00000 17.00000 28.00000 27.00000 32.00000 2.00000 24.00000 42.00000 23.00000 32.00000 26.00000 21.00000 27.00000 24.00000 27.00000 13.00000 42.00000 31.00000 30.00000 27.00000 16.00000 31.00000 22.00000 38.00000 34.00000 0.00000 41.00000 30.00000
29.00000 40.00000 10.00000 16.00000 13.00000 13.00000 25.00000 17.00000 14.00000 52.00000 18.00000 21.00000 29.00000 16.00000 18.00000 15.00000 44.00000 17.00000 14.00000 27.00000 8.00000 10.00000 3.00000 22.00000 23.00000 29.00000 20.00000 20.00000 12.00000 42.00000 27.00000 4.00000 22.00000 26.00000 25.00000 24.00000 21.00000 27.00000 15.00000 36.00000 14.00000 19.00000 27.00000 20.00000 43.00000 42.00000 25.00000 6.00000 12.00000 42.00000 0.00000 29.00000
0.00000 32.00000 28.00000 19.00000 23.00000 21.00000 15.00000 16.00000 22.00000 37.00000 16.00000 27.00000 0.00000 17.00000 15.00000 22.00000 31.00000 20.00000 21.00000 20.00000 25.00000 24.00000 30.00000 25.00000 17.00000 18.00000 22.00000 14.00000 21.00000 31.00000 21.00000 31.00000 8.00000 20.00000 7.00000 13.00000 21.00000 18.00000 16.00000 25.00000 31.00000 23.00000 10.00000 20.00000 33.00000 40.00000 16.00000 27.00000 23.00000 31.00000 30.00000 0.00000
p
0.0 0.0 0.0 0.0 0.0 0.0 
0.0 0.0 0.0 0.0 0.0 0.0 
0.0 0.0 0.0 0.0 0.0 0.0 
0.0 0.0 0.0 0.0 0.0 0.0 
0.0 0.0 0.0 0.0 0.0 0.0 
0.0 0.0 0.0 0.0 0.0 0.0 
0.0 0.0 0.0 0.0 0.0 0.0 
0.0 0.0 0.0 0.0 0.0 0.0 
0.0 0.0 0.0 0.0 0.0 0.0 
0.0 0.0 0.0 0.0 0.0 0.0 
0 0 0 56 0 0 
0 0 0 56 0 0 
0 0 0 56 0 0 
0 0 0 56 0 0 
0 0 0 56 0 0 
0 0 0 56 0 0 
0 0 0 56 0 0 
0 0 0 56 0 0 
0 0 0 56 0 0 
0 0 0 56 0 0 
18 0 0 0 0 0 
18 0 0 0 0 0 
18 0 0 0 0 0 
18 0 0 0 0 0 
18 0 0 0 0 0 
18 0 0 0 0 0 
18 0 0 0 0 0 
18 0 0 0 0 0 
18 0 0 0 0 0 
18 0 0 0 0 0 
49 0 0 57 0 0 
49 0 0 57 0 0 
49 0 0 57 0 0 
49 0 0 57 0 0 
49 0 0 57 0 0 
49 0 0 57 0 0 
49 0 0 57 0 0 
49 0 0 57 0 0 
49 0 0 57 0 0 
49 0 0 57 0 0 
0 0 0 57 0 0 
0 0 0 57 0 0 
0 0 0 57 0 0 
0 0 0 57 0 0 
0 0 0 57 0 0 
0 0 0 57 0 0 
0 0 0 57 0 0 
0 0 0 57 0 0 
0 0 0 57 0 0 
0 0 0 57 0 0 
0 0 27 0 0 32 
0 0 27 0 0 32 
0 0 27 0 0 32 
0 0 27 0 0 32 
0 0 27 0 0 32 
0 0 27 0 0 32 
0 0 27 0 0 32 
0 0 27 0 0 32 
0 0 27 0 0 32 
0 0 27 0 0 32 
0 0 0 38 0 0 
0 0 0 38 0 0 
0 0 0 38 0 0 
0 0 0 38 0 0 
0 0 0 38 0 0 
0 0 0 38 0 0 
0 0 0 38 0 0 
0 0 0 38 0 0 
0 0 0 38 0 0 
0 0 0 38 0 0 
0 0 0 0 40 0 
0 0 0 0 40 0 
0 0 0 0 40 0 
0 0 0 0 40 0 
0 0 0 0 40 0 
0 0 0 0 40 0 
0 0 0 0 40 0 
0 0 0 0 40 0 
0 0 0 0 40 0 
0 0 0 0 40 0 
0 0 0 0 0 47 
0 0 0 0 0 47 
0 0 0 0 0 47 
0 0 0 0 0 47 
0 0 0 0 0 47 
0 0 0 0 0 47 
0 0 0 0 0 47 
0 0 0 0 0 47 
0 0 0 0 0 47 
0 0 0 0 0 47 
21 0 0 0 0 0 
21 0 0 0 0 0 
21 0 0 0 0 0 
21 0 0 0 0 0 
21 0 0 0 0 0 
21 0 0 0 0 0 
21 0 0 0 0 0 
21 0 0 0 0 0 
21 0 0 0 0 0 
21 0 0 0 0 0 
50 0 0 0 0 0 
50 0 0 0 0 0 
50 0 0 0 0 0 
50 0 0 0 0 0 
50 0 0 0 0 0 
50 0 0 0 0 0 
50 0 0 0 0 0 
50 0 0 0 0 0 
50 0 0 0 0 0 
50 0 0 0 0 0 
0 0 0 0 0 38 
0 0 0 0 0 38 
0 0 0 0 0 38 
0 0 0 0 0 38 
0 0 0 0 0 38 
0 0 0 0 0 38 
0 0 0 0 0 38 
0 0 0 0 0 38 
0 0 0 0 0 38 
0 0 0 0 0 38 
0 0 0 0 32 0 
0 0 0 0 32 0 
0 0 0 0 32 0 
0 0 0 0 32 0 
0 0 0 0 32 0 
0 0 0 0 32 0 
0 0 0 0 32 0 
0 0 0 0 32 0 
0 0 0 0 32 0 
0 0 0 0 32 0 
0 0 19 0 0 0 
0 0 19 0 0 0 
0 0 19 0 0 0 
0 0 19 0 0 0 
0 0 19 0 0 0 
0 0 19 0 0 0 
0 0 19 0 0 0 
0 0 19 0 0 0 
0 0 19 0 0 0 
0 0 19 0 0 0 
0 16 0 0 0 49 
0 16 0 0 0 49 
0 16 0 0 0 49 
0 16 0 0 0 49 
0 16 0 0 0 49 
0 16 0 0 0 49 
0 16 0 0 0 49 
0 16 0 0 0 49 
0 16 0 0 0 49 
0 16 0 0 0 49 
0 0 0 0 0 26 
0 0 0 0 0 26 
0 0 0 0 0 26 
0 0 0 0 0 26 
0 0 0 0 0 26 
0 0 0 0 0 26 
0 0 0 0 0 26 
0 0 0 0 0 26 
0 0 0 0 0 26 
0 0 0 0 0 26 
0 0 0 0 35 0 
0 0 0 0 35 0 
0 0 0 0 35 0 
0 0 0 0 35 0 
0 0 0 0 35 0 
0 0 0 0 35 0 
0 0 0 0 35 0 
0 0 0 0 35 0 
0 0 0 0 35 0 
0 0 0 0 35 0 
0 0 18 0 0 0 
0 0 18 0 0 0 
0 0 18 0 0 0 
0 0 18 0 0 0 
0 0 18 0 0 0 
0 0 18 0 0 0 
0 0 18 0 0 0 
0 0 18 0 0 0 
0 0 18 0 0 0 
0 0 18 0 0 0 
0 0 0 48 0 0 
0 0 0 48 0 0 
0 0 0 48 0 0 
0 0 0 48 0 0 
0 0 0 48 0 0 
0 0 0 48 0 0 
0 0 0 48 0 0 
0 0 0 48 0 0 
0 0 0 48 0 0 
0 0 0 48 0 0 
0 15 0 0 0 21 
0 15 0 0 0 21 
0 15 0 0 0 21 
0 15 0 0 0 21 
0 15 0 0 0 21 
0 15 0 0 0 21 
0 15 0 0 0 21 
0 15 0 0 0 21 
0 15 0 0 0 21 
0 15 0 0 0 21 
0 0 0 0 0 38 
0 0 0 0 0 38 
0 0 0 0 0 38 
0 0 0 0 0 38 
0 0 0 0 0 38 
0 0 0 0 0 38 
0 0 0 0 0 38 
0 0 0 0 0 38 
0 0 0 0 0 38 
0 0 0 0 0 38 
0 0 0 0 0 36 
0 0 0 0 0 36 
0 0 0 0 0 36 
0 0 0 0 0 36 
0 0 0 0 0 36 
0 0 0 0 0 36 
0 0 0 0 0 36 
0 0 0 0 0 36 
0 0 0 0 0 36 
0 0 0 0 0 36 
42 0 0 0 0 22 
42 0 0 0 0 22 
42 0 0 0 0 22 
42 0 0 0 0 22 
42 0 0 0 0 22 
42 0 0 0 0 22 
42 0 0 0 0 22 
42 0 0 0 0 22 
42 0 0 0 0 22 
42 0 0 0 0 22 
0 0 55 0 29 0 
0 0 55 0 29 0 
0 0 55 0 29 0 
0 0 55 0 29 0 
0 0 55 0 29 0 
0 0 55 0 29 0 
0 0 55 0 29 0 
0 0 55 0 29 0 
0 0 55 0 29 0 
0 0 55 0 29 0 
0 0 57 0 0 0 
0 0 57 0 0 0 
0 0 57 0 0 0 
0 0 57 0 0 0 
0 0 57 0 0 0 
0 0 57 0 0 0 
0 0 57 0 0 0 
0 0 57 0 0 0 
0 0 57 0 0 0 
0 0 57 0 0 0 
0 0 0 0 55 0 
0 0 0 0 55 0 
0 0 0 0 55 0 
0 0 0 0 55 0 
0 0 0 0 55 0 
0 0 0 0 55 0 
0 0 0 0 55 0 
0 0 0 0 55 0 
0 0 0 0 55 0 
0 0 0 0 55 0 
47 0 0 0 25 0 
47 0 0 0 25 0 
47 0 0 0 25 0 
47 0 0 0 25 0 
47 0 0 0 25 0 
47 0 0 0 25 0 
47 0 0 0 25 0 
47 0 0 0 25 0 
47 0 0 0 25 0 
47 0 0 0 25 0 
57 0 0 0 0 16 
57 0 0 0 0 16 
57 0 0 0 0 16 
57 0 0 0 0 16 
57 0 0 0 0 16 
57 0 0 0 0 16 
57 0 0 0 0 16 
57 0 0 0 0 16 
57 0 0 0 0 16 
57 0 0 0 0 16 
0 28 0 0 21 0 
0 28 0 0 21 0 
0 28 0 0 21 0 
0 28 0 0 21 0 
0 28 0 0 21 0 
0 28 0 0 21 0 
0 28 0 0 21 0 
0 28 0 0 21 0 
0 28 0 0 21 0 
0 28 0 0 21 0 
0 44 0 0 0 0 
0 44 0 0 0 0 
0 44 0 0 0 0 
0 44 0 0 0 0 
0 44 0 0 0 0 
0 44 0 0 0 0 
0 44 0 0 0 0 
0 44 0 0 0 0 
0 44 0 0 0 0 
0 44 0 0 0 0 
0 0 45 0 0 0 
0 0 45 0 0 0 
0 0 45 0 0 0 
0 0 45 0 0 0 
0 0 45 0 0 0 
0 0 45 0 0 0 
0 0 45 0 0 0 
0 0 45 0 0 0 
0 0 45 0 0 0 
0 0 45 0 0 0 
0 0 0 0 0 38 
0 0 0 0 0 38 
0 0 0 0 0 38 
0 0 0 0 0 38 
0 0 0 0 0 38 
0 0 0 0 0 38 
0 0 0 0 0 38 
0 0 0 0 0 38 
0 0 0 0 0 38 
0 0 0 0 0 38 
0 0 0 0 0 22 
0 0 0 0 0 22 
0 0 0 0 0 22 
0 0 0 0 0 22 
0 0 0 0 0 22 
0 0 0 0 0 22 
0 0 0 0 0 22 
0 0 0 0 0 22 
0 0 0 0 0 22 
0 0 0 0 0 22 
0 0 0 0 36 0 
0 0 0 0 36 0 
0 0 0 0 36 0 
0 0 0 0 36 0 
0 0 0 0 36 0 
0 0 0 0 36 0 
0 0 0 0 36 0 
0 0 0 0 36 0 
0 0 0 0 36 0 
0 0 0 0 36 0 
0 42 0 0 0 0 
0 42 0 0 0 0 
0 42 0 0 0 0 
0 42 0 0 0 0 
0 42 0 0 0 0 
0 42 0 0 0 0 
0 42 0 0 0 0 
0 42 0 0 0 0 
0 42 0 0 0 0 
0 42 0 0 0 0 
0 35 0 0 27 0 
0 35 0 0 27 0 
0 35 0 0 27 0 
0 35 0 0 27 0 
0 35 0 0 27 0 
0 35 0 0 27 0 
0 35 0 0 27 0 
0 35 0 0 27 0 
0 35 0 0 27 0 
0 35 0 0 27 0 
0 0 0 0 0 32 
0 0 0 0 0 32 
0 0 0 0 0 32 
0 0 0 0 0 32 
0 0 0 0 0 32 
0 0 0 0 0 32 
0 0 0 0 0 32 
0 0 0 0 0 32 
0 0 0 0 0 32 
0 0 0 0 0 32 
0 52 0 0 0 0 
0 52 0 0 0 0 
0 52 0 0 0 0 
0 52 0 0 0 0 
0 52 0 0 0 0 
0 52 0 0 0 0 
0 52 0 0 0 0 
0 52 0 0 0 0 
0 52 0 0 0 0 
0 52 0 0 0 0 
0 0 57 0 0 34 
0 0 57 0 0 34 
0 0 57 0 0 34 
0 0 57 0 0 34 
0 0 57 0 0 34 
0 0 57 0 0 34 
0 0 57 0 0 34 
0 0 57 0 0 34 
0 0 57 0 0 34 
0 0 57 0 0 34 
0 0 57 0 23 0 
0 0 57 0 23 0 
0 0 57 0 23 0 
0 0 57 0 23 0 
0 0 57 0 23 0 
0 0 57 0 23 0 
0 0 57 0 23 0 
0 0 57 0 23 0 
0 0 57 0 23 0 
0 0 57 0 23 0 
0 24 0 0 0 16 
0 24 0 0 0 16 
0 24 0 0 0 16 
0 24 0 0 0 16 
0 24 0 0 0 16 
0 24 0 0 0 16 
0 24 0 0 0 16 
0 24 0 0 0 16 
0 24 0 0 0 16 
0 24 0 0 0 16 
0 0 0 50 0 0 
0 0 0 50 0 0 
0 0 0 50 0 0 
0 0 0 50 0 0 
0 0 0 50 0 0 
0 0 0 50 0 0 
0 0 0 50 0 0 
0 0 0 50 0 0 
0 0 0 50 0 0 
0 0 0 50 0 0 
0 31 0 0 0 58 
0 31 0 0 0 58 
0 31 0 0 0 58 
0 31 0 0 0 58 
0 31 0 0 0 58 
0 31 0 0 0 58 
0 31 0 0 0 58 
0 31 0 0 0 58 
0 31 0 0 0 58 
0 31 0 0 0 58 
0 0 0 19 0 0 
0 0 0 19 0 0 
0 0 0 19 0 0 
0 0 0 19 0 0 
0 0 0 19 0 0 
0 0 0 19 0 0 
0 0 0 19 0 0 
0 0 0 19 0 0 
0 0 0 19 0 0 
0 0 0 19 0 0 
0 0 17 0 0 49 
0 0 17 0 0 49 
0 0 17 0 0 49 
0 0 17 0 0 49 
0 0 17 0 0 49 
0 0 17 0 0 49 
0 0 17 0 0 49 
0 0 17 0 0 49 
0 0 17 0 0 49 
0 0 17 0 0 49 
0 0 0 23 0 0 
0 0 0 23 0 0 
0 0 0 23 0 0 
0 0 0 23 0 0 
0 0 0 23 0 0 
0 0 0 23 0 0 
0 0 0 23 0 0 
0 0 0 23 0 0 
0 0 0 23 0 0 
0 0 0 23 0 0 
0 32 0 0 0 0 
0 32 0 0 0 0 
0 32 0 0 0 0 
0 32 0 0 0 0 
0 32 0 0 0 0 
0 32 0 0 0 0 
0 32 0 0 0 0 
0 32 0 0 0 0 
0 32 0 0 0 0 
0 32 0 0 0 0 
53 0 0 0 0 0 
53 0 0 0 0 0 
53 0 0 0 0 0 
53 0 0 0 0 0 
53 0 0 0 0 0 
53 0 0 0 0 0 
53 0 0 0 0 0 
53 0 0 0 0 0 
53 0 0 0 0 0 
53 0 0 0 0 0 
0 0 0 18 0 0 
0 0 0 18 0 0 
0 0 0 18 0 0 
0 0 0 18 0 0 
0 0 0 18 0 0 
0 0 0 18 0 0 
0 0 0 18 0 0 
0 0 0 18 0 0 
0 0 0 18 0 0 
0 0 0 18 0 0 
0 0 0 0 0 23 
0 0 0 0 0 23 
0 0 0 0 0 23 
0 0 0 0 0 23 
0 0 0 0 0 23 
0 0 0 0 0 23 
0 0 0 0 0 23 
0 0 0 0 0 23 
0 0 0 0 0 23 
0 0 0 0 0 23 
60 0 0 54 0 0 
60 0 0 54 0 0 
60 0 0 54 0 0 
60 0 0 54 0 0 
60 0 0 54 0 0 
60 0 0 54 0 0 
60 0 0 54 0 0 
60 0 0 54 0 0 
60 0 0 54 0 0 
60 0 0 54 0 0 
0.0 0.0 0.0 0.0 0.0 0.0 
0.0 0.0 0.0 0.0 0.0 0.0 
0.0 0.0 0.0 0.0 0.0 0.0 
0.0 0.0 0.0 0.0 0.0 0.0 
0.0 0.0 0.0 0.0 0.0 0.0 
0.0 0.0 0.0 0.0 0.0 0.0 
0.0 0.0 0.0 0.0 0.0 0.0 
0.0 0.0 0.0 0.0 0.0 0.0 
0.0 0.0 0.0 0.0 0.0 0.0 
0.0 0.0 0.0 0.0 0.0 0.0 
mind
0 0 0 0 0 0 0 0 0 0 0 0 0 0 0 0 0 0 0 0 0 0 0 0 0 0 18 17 11 0 0 0 0 0 0 22 0 0 0 0 11 0 25 0 10 0 0 0 0 0 13 0
maxd
0 0 0 0 0 0 0 0 0 0 0 0 0 0 0 0 0 0 0 0 0 0 0 0 0 0 25 21 16 0 0 0 0 0 0 30 0 0 0 0 24 0 28 0 17 0 0 0 0 0 25 0
e
0 756 579 944 545 740 796 737 511 536 548 821 938 886 847 862 800 770 637 705 887 547 781 790 914 921 652 586 805 819 717 503 536 812 734 760 751 638 836 870 843 958 773 815 685 867 692 533 570 657 595 0
l
99999 876 699 1064 665 860 916 857 631 656 668 941 1058 1006 967 982 920 890 757 825 1007 667 901 910 1034 1041 772 706 925 939 837 623 656 932 854 880 871 758 956 990 963 1078 893 935 805 987 812 653 690 777 715 99999
