nbNodes
52
nbVehi
10
nbServi
6
r
1 1 1 1 1 1 
1 0 0 0 0 0 
0 1 0 0 1 0 
0 0 0 0 0 1 
1 0 0 1 0 0 
1 0 0 0 1 0 
0 0 1 1 0 0 
1 0 0 0 0 0 
0 0 0 0 1 0 
0 0 1 0 0 0 
0 0 1 0 0 0 
0 0 1 0 0 0 
0 0 1 0 0 1 
0 0 0 1 0 0 
0 0 0 0 0 1 
0 0 1 0 1 0 
0 0 1 1 0 0 
1 0 0 1 0 0 
0 0 0 1 0 0 
1 0 0 0 0 0 
1 0 0 0 0 0 
1 0 0 0 0 1 
0 1 0 0 0 0 
1 0 0 0 0 0 
1 0 0 0 0 0 
0 0 0 1 0 0 
0 0 1 0 0 0 
1 0 0 0 0 1 
1 0 0 0 0 0 
0 0 0 1 0 0 
0 1 0 0 0 0 
1 0 0 0 0 0 
0 0 0 0 0 1 
1 0 0 0 0 0 
0 0 0 0 0 1 
0 0 0 0 0 1 
0 0 0 0 1 0 
0 0 0 0 0 1 
0 0 0 0 0 1 
1 0 0 1 0 0 
0 0 1 0 0 0 
0 0 0 1 0 0 
0 0 0 1 0 0 
0 0 0 0 0 1 
0 0 0 0 0 1 
0 1 0 1 0 0 
0 0 1 0 0 1 
0 1 0 0 1 0 
0 0 1 0 0 1 
0 0 0 0 0 1 
1 0 0 0 0 1 
1 1 1 1 1 1 
DS
3 5 6 7 13 16 17 18 22 28 40 46 47 48 49 51 
a
1 1 1 0 0 0 
1 1 1 0 0 0 
1 1 1 0 0 0 
1 0 0 0 0 0 
1 1 1 0 0 0 
0 0 0 1 0 1 
0 0 0 1 0 1 
0 0 0 0 1 1 
0 0 0 1 1 1 
0 0 0 1 0 1 
x
-30.0374 -29.9814 -29.9881 -30.0432 -30.0702 -30.025 -30.0456 -30.0304 -30.0416 -30.0157 -30.0395 -30.0196 -30.0925 -30.0067 -30.0066 -30.0005 -30.0292 -30.0449 -30.0321 -30.0385 -30.0647 -30.0185 -30.0307 -30.0731 -30.0738 -30.0819 -30.0348 -30.0806 -30.0374 -30.0455 -30.0425 -30.0741 -30.0437 -30.0371 -30.0477 -30.0477 -29.9963 -30.0183 -30.0289 -30.0814 -30.0564 -30.0603 -30.0382 -30.091 -30.0194 -30.02 -30.0348 -30.0785 -29.994 -30.0386 -30.0289 -30.0374
y
-51.1793 -51.1854 -51.1945 -51.1939 -51.2164 -51.1834 -51.1509 -51.2105 -51.1834 -51.1875 -51.141 -51.1923 -51.241 -51.1968 -51.1216 -51.1921 -51.1915 -51.1846 -51.1828 -51.1766 -51.1949 -51.1888 -51.2293 -51.1856 -51.2218 -51.2334 -51.1987 -51.1652 -51.1793 -51.1899 -51.1831 -51.1636 -51.1537 -51.1803 -51.1321 -51.1565 -51.1539 -51.1727 -51.1731 -51.2382 -51.1522 -51.1578 -51.1997 -51.2352 -51.2049 -51.1731 -51.1182 -51.237 -51.148 -51.1795 -51.2039 -51.1793
d
0.00000 13.00000 11.00000 6.00000 13.00000 6.00000 7.00000 8.00000 3.00000 7.00000 9.00000 7.00000 18.00000 10.00000 15.00000 8.00000 5.00000 4.00000 3.00000 1.00000 9.00000 7.00000 12.00000 12.00000 16.00000 17.00000 6.00000 13.00000 0.00000 5.00000 3.00000 13.00000 6.00000 1.00000 10.00000 7.00000 13.00000 6.00000 3.00000 18.00000 11.00000 8.00000 5.00000 16.00000 10.00000 6.00000 11.00000 19.00000 17.00000 1.00000 8.00000 0.00000
12.00000 0.00000 3.00000 15.00000 20.00000 9.00000 18.00000 13.00000 14.00000 8.00000 19.00000 10.00000 24.00000 7.00000 17.00000 5.00000 12.00000 14.00000 11.00000 12.00000 19.00000 9.00000 15.00000 22.00000 22.00000 23.00000 14.00000 24.00000 12.00000 15.00000 13.00000 23.00000 16.00000 12.00000 21.00000 18.00000 11.00000 11.00000 14.00000 23.00000 21.00000 19.00000 14.00000 25.00000 9.00000 12.00000 22.00000 23.00000 15.00000 12.00000 12.00000 12.00000
12.00000 5.00000 0.00000 14.00000 19.00000 9.00000 17.00000 11.00000 14.00000 8.00000 19.00000 10.00000 22.00000 6.00000 17.00000 5.00000 12.00000 14.00000 11.00000 12.00000 18.00000 9.00000 13.00000 21.00000 20.00000 22.00000 13.00000 24.00000 12.00000 15.00000 13.00000 23.00000 16.00000 12.00000 20.00000 18.00000 11.00000 11.00000 13.00000 21.00000 21.00000 19.00000 14.00000 24.00000 8.00000 12.00000 22.00000 22.00000 15.00000 12.00000 10.00000 12.00000
6.00000 16.00000 14.00000 0.00000 11.00000 8.00000 9.00000 7.00000 5.00000 9.00000 12.00000 8.00000 16.00000 11.00000 18.00000 12.00000 6.00000 3.00000 5.00000 7.00000 7.00000 9.00000 11.00000 11.00000 13.00000 15.00000 5.00000 15.00000 6.00000 2.00000 6.00000 15.00000 8.00000 6.00000 12.00000 10.00000 16.00000 10.00000 7.00000 15.00000 13.00000 10.00000 4.00000 16.00000 9.00000 10.00000 14.00000 16.00000 20.00000 6.00000 7.00000 6.00000
14.00000 21.00000 18.00000 11.00000 0.00000 14.00000 16.00000 11.00000 13.00000 14.00000 19.00000 14.00000 9.00000 15.00000 25.00000 17.00000 13.00000 12.00000 13.00000 14.00000 7.00000 14.00000 13.00000 9.00000 3.00000 6.00000 11.00000 17.00000 14.00000 11.00000 13.00000 17.00000 16.00000 14.00000 20.00000 14.00000 22.00000 16.00000 15.00000 7.00000 17.00000 13.00000 12.00000 7.00000 14.00000 16.00000 21.00000 7.00000 26.00000 14.00000 11.00000 14.00000
3.00000 11.00000 9.00000 6.00000 14.00000 0.00000 9.00000 8.00000 5.00000 5.00000 11.00000 5.00000 19.00000 8.00000 15.00000 7.00000 4.00000 5.00000 2.00000 3.00000 10.00000 5.00000 12.00000 13.00000 16.00000 18.00000 6.00000 15.00000 3.00000 6.00000 5.00000 14.00000 8.00000 3.00000 12.00000 9.00000 11.00000 5.00000 5.00000 18.00000 12.00000 10.00000 5.00000 17.00000 9.00000 5.00000 13.00000 19.00000 15.00000 3.00000 7.00000 3.00000
7.00000 17.00000 15.00000 11.00000 16.00000 11.00000 0.00000 12.00000 7.00000 11.00000 6.00000 11.00000 21.00000 14.00000 12.00000 13.00000 11.00000 8.00000 9.00000 6.00000 12.00000 11.00000 17.00000 12.00000 18.00000 20.00000 11.00000 14.00000 7.00000 10.00000 7.00000 13.00000 2.00000 7.00000 6.00000 4.00000 11.00000 10.00000 8.00000 21.00000 6.00000 6.00000 10.00000 19.00000 14.00000 11.00000 8.00000 22.00000 15.00000 7.00000 13.00000 7.00000
7.00000 12.00000 9.00000 6.00000 11.00000 6.00000 13.00000 0.00000 8.00000 6.00000 15.00000 6.00000 15.00000 7.00000 18.00000 9.00000 4.00000 7.00000 6.00000 7.00000 10.00000 6.00000 6.00000 13.00000 12.00000 14.00000 4.00000 17.00000 7.00000 6.00000 9.00000 17.00000 12.00000 7.00000 16.00000 13.00000 14.00000 8.00000 8.00000 14.00000 16.00000 12.00000 6.00000 16.00000 4.00000 8.00000 17.00000 14.00000 18.00000 8.00000 2.00000 7.00000
3.00000 14.00000 12.00000 5.00000 13.00000 5.00000 8.00000 7.00000 0.00000 7.00000 11.00000 6.00000 19.00000 11.00000 16.00000 10.00000 4.00000 3.00000 3.00000 3.00000 8.00000 6.00000 11.00000 11.00000 15.00000 17.00000 6.00000 14.00000 3.00000 4.00000 4.00000 14.00000 7.00000 2.00000 11.00000 9.00000 14.00000 7.00000 5.00000 18.00000 12.00000 9.00000 4.00000 16.00000 9.00000 8.00000 12.00000 18.00000 18.00000 2.00000 7.00000 3.00000
5.00000 9.00000 7.00000 8.00000 14.00000 2.00000 11.00000 7.00000 7.00000 0.00000 13.00000 3.00000 19.00000 5.00000 15.00000 5.00000 5.00000 7.00000 4.00000 5.00000 12.00000 2.00000 10.00000 15.00000 16.00000 19.00000 8.00000 17.00000 5.00000 8.00000 7.00000 16.00000 10.00000 5.00000 14.00000 11.00000 10.00000 5.00000 7.00000 18.00000 14.00000 12.00000 7.00000 19.00000 5.00000 5.00000 15.00000 19.00000 14.00000 5.00000 5.00000 5.00000
8.00000 18.00000 16.00000 12.00000 18.00000 12.00000 4.00000 13.00000 8.00000 12.00000 0.00000 12.00000 23.00000 15.00000 11.00000 14.00000 12.00000 9.00000 10.00000 7.00000 14.00000 12.00000 18.00000 14.00000 21.00000 22.00000 12.00000 16.00000 8.00000 11.00000 8.00000 14.00000 4.00000 8.00000 5.00000 6.00000 12.00000 11.00000 9.00000 23.00000 6.00000 8.00000 11.00000 21.00000 15.00000 12.00000 6.00000 24.00000 14.00000 8.00000 14.00000 8.00000
5.00000 10.00000 8.00000 8.00000 13.00000 3.00000 11.00000 6.00000 7.00000 2.00000 14.00000 0.00000 18.00000 6.00000 15.00000 6.00000 4.00000 7.00000 4.00000 6.00000 12.00000 2.00000 10.00000 15.00000 15.00000 17.00000 7.00000 17.00000 5.00000 8.00000 7.00000 17.00000 10.00000 5.00000 14.00000 12.00000 11.00000 5.00000 7.00000 17.00000 15.00000 12.00000 7.00000 19.00000 5.00000 5.00000 16.00000 18.00000 15.00000 6.00000 4.00000 5.00000
18.00000 27.00000 23.00000 18.00000 9.00000 21.00000 19.00000 18.00000 17.00000 21.00000 23.00000 21.00000 0.00000 22.00000 28.00000 23.00000 19.00000 16.00000 19.00000 18.00000 13.00000 21.00000 17.00000 12.00000 9.00000 5.00000 18.00000 20.00000 18.00000 16.00000 17.00000 20.00000 19.00000 18.00000 23.00000 18.00000 27.00000 21.00000 18.00000 5.00000 20.00000 17.00000 18.00000 3.00000 20.00000 21.00000 24.00000 6.00000 31.00000 18.00000 18.00000 18.00000
7.00000 7.00000 4.00000 10.00000 15.00000 5.00000 13.00000 8.00000 9.00000 3.00000 14.00000 5.00000 20.00000 0.00000 14.00000 4.00000 7.00000 9.00000 6.00000 8.00000 14.00000 4.00000 11.00000 17.00000 17.00000 19.00000 9.00000 19.00000 7.00000 10.00000 9.00000 19.00000 12.00000 7.00000 16.00000 14.00000 9.00000 6.00000 9.00000 19.00000 16.00000 14.00000 9.00000 21.00000 6.00000 7.00000 17.00000 19.00000 13.00000 8.00000 6.00000 7.00000
15.00000 17.00000 15.00000 20.00000 26.00000 15.00000 12.00000 18.00000 16.00000 14.00000 11.00000 14.00000 31.00000 15.00000 0.00000 13.00000 16.00000 17.00000 16.00000 15.00000 22.00000 14.00000 23.00000 22.00000 27.00000 30.00000 19.00000 24.00000 15.00000 18.00000 16.00000 21.00000 12.00000 16.00000 11.00000 14.00000 8.00000 12.00000 15.00000 30.00000 13.00000 16.00000 18.00000 29.00000 18.00000 13.00000 9.00000 30.00000 7.00000 16.00000 17.00000 15.00000
9.00000 6.00000 3.00000 12.00000 17.00000 6.00000 15.00000 9.00000 11.00000 5.00000 16.00000 7.00000 21.00000 4.00000 14.00000 0.00000 9.00000 11.00000 8.00000 9.00000 16.00000 6.00000 11.00000 19.00000 19.00000 20.00000 11.00000 21.00000 9.00000 12.00000 10.00000 20.00000 13.00000 9.00000 18.00000 15.00000 8.00000 8.00000 11.00000 20.00000 18.00000 16.00000 11.00000 22.00000 6.00000 9.00000 19.00000 20.00000 12.00000 9.00000 8.00000 9.00000
5.00000 13.00000 10.00000 6.00000 12.00000 3.00000 10.00000 5.00000 6.00000 5.00000 13.00000 3.00000 18.00000 7.00000 16.00000 8.00000 0.00000 6.00000 4.00000 5.00000 11.00000 4.00000 10.00000 14.00000 14.00000 17.00000 5.00000 16.00000 5.00000 7.00000 6.00000 16.00000 9.00000 5.00000 13.00000 11.00000 12.00000 5.00000 6.00000 17.00000 14.00000 11.00000 5.00000 18.00000 6.00000 6.00000 15.00000 17.00000 16.00000 5.00000 4.00000 5.00000
5.00000 16.00000 14.00000 4.00000 12.00000 8.00000 8.00000 8.00000 4.00000 10.00000 10.00000 9.00000 17.00000 12.00000 16.00000 11.00000 7.00000 0.00000 6.00000 5.00000 6.00000 9.00000 12.00000 10.00000 14.00000 16.00000 6.00000 13.00000 5.00000 2.00000 3.00000 12.00000 7.00000 5.00000 11.00000 8.00000 15.00000 9.00000 7.00000 17.00000 11.00000 8.00000 5.00000 15.00000 10.00000 9.00000 12.00000 17.00000 19.00000 5.00000 8.00000 5.00000
3.00000 12.00000 10.00000 5.00000 13.00000 5.00000 9.00000 7.00000 4.00000 6.00000 11.00000 6.00000 19.00000 9.00000 16.00000 8.00000 4.00000 5.00000 0.00000 3.00000 10.00000 6.00000 12.00000 13.00000 15.00000 18.00000 6.00000 15.00000 3.00000 6.00000 4.00000 14.00000 8.00000 3.00000 12.00000 9.00000 12.00000 6.00000 3.00000 18.00000 12.00000 10.00000 5.00000 17.00000 9.00000 6.00000 13.00000 18.00000 16.00000 3.00000 7.00000 3.00000
3.00000 14.00000 12.00000 6.00000 13.00000 7.00000 6.00000 8.00000 2.00000 8.00000 9.00000 8.00000 18.00000 11.00000 14.00000 10.00000 6.00000 4.00000 4.00000 0.00000 9.00000 8.00000 12.00000 11.00000 15.00000 17.00000 6.00000 12.00000 3.00000 5.00000 2.00000 12.00000 5.00000 3.00000 9.00000 7.00000 14.00000 8.00000 5.00000 18.00000 10.00000 7.00000 5.00000 16.00000 10.00000 8.00000 10.00000 18.00000 17.00000 3.00000 8.00000 3.00000
11.00000 20.00000 17.00000 9.00000 7.00000 13.00000 12.00000 10.00000 10.00000 14.00000 15.00000 13.00000 13.00000 14.00000 21.00000 16.00000 11.00000 7.00000 10.00000 11.00000 0.00000 13.00000 12.00000 6.00000 9.00000 11.00000 10.00000 12.00000 11.00000 7.00000 9.00000 12.00000 12.00000 11.00000 15.00000 11.00000 20.00000 14.00000 11.00000 13.00000 12.00000 9.00000 9.00000 11.00000 13.00000 14.00000 17.00000 13.00000 24.00000 11.00000 10.00000 11.00000
5.00000 9.00000 7.00000 8.00000 14.00000 2.00000 11.00000 7.00000 7.00000 1.00000 13.00000 3.00000 19.00000 5.00000 14.00000 5.00000 4.00000 7.00000 4.00000 5.00000 12.00000 0.00000 10.00000 15.00000 15.00000 18.00000 8.00000 17.00000 5.00000 8.00000 6.00000 16.00000 10.00000 5.00000 14.00000 11.00000 10.00000 4.00000 6.00000 18.00000 14.00000 12.00000 7.00000 19.00000 5.00000 4.00000 15.00000 18.00000 14.00000 5.00000 5.00000 5.00000
12.00000 15.00000 12.00000 9.00000 11.00000 10.00000 16.00000 6.00000 13.00000 11.00000 19.00000 10.00000 13.00000 11.00000 22.00000 12.00000 9.00000 10.00000 11.00000 12.00000 11.00000 11.00000 0.00000 15.00000 12.00000 13.00000 9.00000 19.00000 12.00000 10.00000 13.00000 19.00000 15.00000 12.00000 19.00000 17.00000 17.00000 13.00000 13.00000 12.00000 20.00000 16.00000 11.00000 14.00000 8.00000 13.00000 21.00000 12.00000 21.00000 12.00000 6.00000 12.00000
12.00000 21.00000 19.00000 12.00000 8.00000 15.00000 13.00000 14.00000 10.00000 15.00000 16.00000 15.00000 13.00000 18.00000 22.00000 17.00000 14.00000 10.00000 13.00000 11.00000 6.00000 15.00000 15.00000 0.00000 11.00000 12.00000 13.00000 11.00000 12.00000 10.00000 10.00000 12.00000 13.00000 12.00000 16.00000 11.00000 21.00000 14.00000 12.00000 13.00000 13.00000 10.00000 12.00000 11.00000 16.00000 15.00000 18.00000 14.00000 25.00000 12.00000 14.00000 12.00000
16.00000 22.00000 19.00000 13.00000 3.00000 15.00000 19.00000 12.00000 15.00000 16.00000 22.00000 15.00000 8.00000 16.00000 28.00000 18.00000 14.00000 13.00000 14.00000 16.00000 9.00000 16.00000 14.00000 11.00000 0.00000 4.00000 12.00000 19.00000 16.00000 13.00000 16.00000 19.00000 18.00000 15.00000 22.00000 17.00000 23.00000 17.00000 17.00000 6.00000 19.00000 16.00000 13.00000 6.00000 15.00000 18.00000 24.00000 6.00000 28.00000 15.00000 12.00000 16.00000
18.00000 24.00000 21.00000 16.00000 6.00000 18.00000 20.00000 15.00000 17.00000 19.00000 23.00000 18.00000 4.00000 19.00000 29.00000 21.00000 17.00000 16.00000 17.00000 18.00000 12.00000 19.00000 14.00000 13.00000 5.00000 0.00000 15.00000 20.00000 18.00000 16.00000 17.00000 20.00000 19.00000 18.00000 23.00000 18.00000 26.00000 20.00000 18.00000 2.00000 21.00000 17.00000 16.00000 3.00000 17.00000 21.00000 25.00000 2.00000 30.00000 18.00000 15.00000 18.00000
6.00000 13.00000 10.00000 4.00000 11.00000 5.00000 11.00000 4.00000 6.00000 6.00000 13.00000 6.00000 17.00000 7.00000 18.00000 9.00000 4.00000 5.00000 5.00000 7.00000 9.00000 6.00000 9.00000 12.00000 13.00000 16.00000 0.00000 17.00000 6.00000 5.00000 7.00000 16.00000 10.00000 6.00000 14.00000 11.00000 14.00000 8.00000 7.00000 16.00000 15.00000 11.00000 3.00000 17.00000 6.00000 8.00000 15.00000 16.00000 18.00000 6.00000 3.00000 6.00000
14.00000 24.00000 22.00000 16.00000 17.00000 19.00000 14.00000 18.00000 14.00000 18.00000 17.00000 19.00000 22.00000 22.00000 23.00000 20.00000 18.00000 14.00000 16.00000 13.00000 13.00000 18.00000 20.00000 11.00000 19.00000 20.00000 17.00000 0.00000 14.00000 15.00000 14.00000 7.00000 14.00000 14.00000 17.00000 12.00000 23.00000 18.00000 15.00000 22.00000 13.00000 10.00000 16.00000 20.00000 20.00000 18.00000 19.00000 22.00000 27.00000 15.00000 18.00000 14.00000
0.00000 13.00000 11.00000 6.00000 13.00000 6.00000 7.00000 8.00000 3.00000 7.00000 9.00000 7.00000 18.00000 10.00000 15.00000 8.00000 5.00000 4.00000 3.00000 1.00000 9.00000 7.00000 12.00000 12.00000 16.00000 17.00000 6.00000 13.00000 0.00000 5.00000 3.00000 13.00000 6.00000 1.00000 10.00000 7.00000 13.00000 6.00000 3.00000 18.00000 11.00000 8.00000 5.00000 16.00000 10.00000 6.00000 11.00000 19.00000 17.00000 1.00000 8.00000 0.00000
5.00000 16.00000 14.00000 3.00000 11.00000 8.00000 8.00000 7.00000 4.00000 10.00000 11.00000 8.00000 17.00000 11.00000 17.00000 12.00000 6.00000 2.00000 5.00000 6.00000 7.00000 9.00000 11.00000 10.00000 13.00000 16.00000 5.00000 14.00000 5.00000 0.00000 5.00000 14.00000 7.00000 5.00000 11.00000 9.00000 16.00000 10.00000 7.00000 16.00000 12.00000 9.00000 4.00000 16.00000 9.00000 10.00000 13.00000 16.00000 19.00000 5.00000 7.00000 5.00000
3.00000 14.00000 12.00000 5.00000 13.00000 6.00000 8.00000 7.00000 1.00000 7.00000 11.00000 7.00000 19.00000 11.00000 17.00000 10.00000 5.00000 3.00000 3.00000 3.00000 8.00000 6.00000 11.00000 11.00000 15.00000 17.00000 6.00000 14.00000 3.00000 4.00000 0.00000 14.00000 7.00000 3.00000 11.00000 9.00000 14.00000 8.00000 5.00000 18.00000 12.00000 9.00000 4.00000 17.00000 10.00000 8.00000 13.00000 18.00000 18.00000 3.00000 7.00000 3.00000
13.00000 24.00000 21.00000 16.00000 17.00000 18.00000 13.00000 18.00000 14.00000 18.00000 14.00000 18.00000 22.00000 21.00000 21.00000 19.00000 17.00000 14.00000 15.00000 13.00000 13.00000 18.00000 20.00000 12.00000 19.00000 21.00000 17.00000 7.00000 13.00000 15.00000 13.00000 0.00000 12.00000 14.00000 14.00000 11.00000 22.00000 17.00000 14.00000 22.00000 11.00000 7.00000 16.00000 20.00000 20.00000 17.00000 17.00000 23.00000 25.00000 14.00000 17.00000 13.00000
6.00000 16.00000 14.00000 10.00000 15.00000 10.00000 2.00000 12.00000 6.00000 10.00000 5.00000 10.00000 21.00000 13.00000 11.00000 12.00000 10.00000 7.00000 8.00000 5.00000 12.00000 10.00000 16.00000 12.00000 18.00000 19.00000 10.00000 13.00000 6.00000 9.00000 6.00000 13.00000 0.00000 6.00000 6.00000 3.00000 10.00000 10.00000 7.00000 21.00000 6.00000 5.00000 9.00000 19.00000 13.00000 10.00000 7.00000 21.00000 14.00000 7.00000 12.00000 6.00000
1.00000 13.00000 11.00000 6.00000 13.00000 6.00000 7.00000 8.00000 3.00000 7.00000 9.00000 7.00000 19.00000 10.00000 15.00000 9.00000 5.00000 4.00000 3.00000 2.00000 9.00000 7.00000 12.00000 12.00000 16.00000 17.00000 6.00000 13.00000 1.00000 5.00000 3.00000 13.00000 6.00000 0.00000 10.00000 7.00000 13.00000 6.00000 4.00000 19.00000 10.00000 8.00000 5.00000 17.00000 10.00000 7.00000 11.00000 19.00000 17.00000 1.00000 8.00000 1.00000
10.00000 21.00000 19.00000 14.00000 19.00000 15.00000 7.00000 16.00000 11.00000 15.00000 5.00000 15.00000 24.00000 18.00000 10.00000 16.00000 14.00000 12.00000 12.00000 10.00000 15.00000 15.00000 20.00000 15.00000 22.00000 23.00000 15.00000 17.00000 10.00000 13.00000 10.00000 15.00000 7.00000 11.00000 0.00000 9.00000 15.00000 14.00000 11.00000 24.00000 7.00000 9.00000 13.00000 22.00000 18.00000 14.00000 6.00000 25.00000 15.00000 11.00000 16.00000 10.00000
8.00000 18.00000 16.00000 11.00000 14.00000 12.00000 4.00000 13.00000 8.00000 12.00000 7.00000 12.00000 19.00000 15.00000 13.00000 14.00000 12.00000 9.00000 10.00000 7.00000 10.00000 12.00000 17.00000 11.00000 17.00000 18.00000 12.00000 12.00000 8.00000 10.00000 8.00000 11.00000 3.00000 8.00000 8.00000 0.00000 12.00000 11.00000 9.00000 19.00000 7.00000 4.00000 11.00000 17.00000 15.00000 12.00000 9.00000 20.00000 16.00000 8.00000 13.00000 8.00000
12.00000 11.00000 9.00000 15.00000 21.00000 10.00000 13.00000 14.00000 13.00000 10.00000 13.00000 10.00000 27.00000 9.00000 8.00000 6.00000 12.00000 14.00000 11.00000 12.00000 19.00000 10.00000 17.00000 21.00000 23.00000 26.00000 15.00000 22.00000 12.00000 15.00000 13.00000 22.00000 12.00000 12.00000 16.00000 14.00000 0.00000 7.00000 10.00000 26.00000 16.00000 16.00000 15.00000 27.00000 12.00000 8.00000 14.00000 26.00000 7.00000 13.00000 12.00000 12.00000
7.00000 11.00000 9.00000 9.00000 16.00000 5.00000 10.00000 9.00000 8.00000 5.00000 11.00000 5.00000 21.00000 7.00000 11.00000 7.00000 6.00000 8.00000 5.00000 8.00000 13.00000 5.00000 13.00000 17.00000 18.00000 20.00000 9.00000 19.00000 7.00000 9.00000 9.00000 18.00000 8.00000 7.00000 13.00000 10.00000 7.00000 0.00000 5.00000 20.00000 13.00000 13.00000 8.00000 22.00000 8.00000 1.00000 14.00000 21.00000 11.00000 8.00000 7.00000 7.00000
5.00000 13.00000 11.00000 7.00000 15.00000 6.00000 8.00000 9.00000 6.00000 7.00000 9.00000 7.00000 21.00000 10.00000 15.00000 8.00000 5.00000 7.00000 4.00000 5.00000 12.00000 7.00000 14.00000 14.00000 17.00000 20.00000 8.00000 16.00000 5.00000 8.00000 5.00000 15.00000 6.00000 5.00000 11.00000 8.00000 11.00000 4.00000 0.00000 20.00000 11.00000 11.00000 7.00000 19.00000 10.00000 5.00000 12.00000 20.00000 15.00000 5.00000 8.00000 5.00000
18.00000 23.00000 20.00000 15.00000 7.00000 18.00000 21.00000 14.00000 18.00000 18.00000 24.00000 18.00000 3.00000 19.00000 30.00000 20.00000 16.00000 16.00000 17.00000 19.00000 13.00000 18.00000 13.00000 14.00000 7.00000 2.00000 14.00000 22.00000 18.00000 15.00000 18.00000 22.00000 21.00000 18.00000 25.00000 20.00000 25.00000 20.00000 19.00000 0.00000 22.00000 18.00000 16.00000 4.00000 17.00000 20.00000 26.00000 2.00000 30.00000 18.00000 15.00000 18.00000
9.00000 20.00000 18.00000 12.00000 15.00000 14.00000 6.00000 14.00000 10.00000 14.00000 7.00000 14.00000 20.00000 17.00000 13.00000 15.00000 13.00000 10.00000 11.00000 9.00000 11.00000 14.00000 17.00000 11.00000 17.00000 19.00000 13.00000 12.00000 9.00000 11.00000 10.00000 11.00000 7.00000 10.00000 7.00000 5.00000 15.00000 13.00000 10.00000 20.00000 0.00000 5.00000 12.00000 18.00000 16.00000 13.00000 9.00000 20.00000 19.00000 10.00000 13.00000 9.00000
9.00000 19.00000 17.00000 11.00000 13.00000 14.00000 7.00000 13.00000 9.00000 13.00000 10.00000 13.00000 18.00000 16.00000 16.00000 15.00000 13.00000 9.00000 11.00000 8.00000 9.00000 13.00000 15.00000 8.00000 15.00000 16.00000 12.00000 11.00000 9.00000 10.00000 9.00000 8.00000 6.00000 9.00000 9.00000 5.00000 16.00000 13.00000 10.00000 18.00000 6.00000 0.00000 12.00000 16.00000 16.00000 13.00000 12.00000 18.00000 19.00000 10.00000 13.00000 9.00000
7.00000 15.00000 11.00000 4.00000 11.00000 7.00000 11.00000 4.00000 6.00000 8.00000 14.00000 7.00000 16.00000 8.00000 20.00000 10.00000 6.00000 5.00000 5.00000 7.00000 9.00000 8.00000 9.00000 13.00000 12.00000 15.00000 3.00000 17.00000 7.00000 5.00000 8.00000 17.00000 10.00000 6.00000 14.00000 12.00000 16.00000 10.00000 8.00000 15.00000 15.00000 12.00000 0.00000 17.00000 7.00000 10.00000 16.00000 16.00000 20.00000 6.00000 4.00000 7.00000
18.00000 26.00000 23.00000 17.00000 7.00000 20.00000 20.00000 17.00000 17.00000 20.00000 23.00000 20.00000 3.00000 21.00000 29.00000 23.00000 19.00000 16.00000 19.00000 18.00000 13.00000 20.00000 16.00000 13.00000 6.00000 3.00000 17.00000 20.00000 18.00000 17.00000 17.00000 20.00000 19.00000 18.00000 23.00000 18.00000 27.00000 21.00000 18.00000 4.00000 21.00000 17.00000 18.00000 0.00000 19.00000 21.00000 25.00000 5.00000 31.00000 18.00000 17.00000 18.00000
7.00000 11.00000 8.00000 8.00000 12.00000 5.00000 13.00000 5.00000 9.00000 4.00000 16.00000 4.00000 18.00000 5.00000 17.00000 6.00000 5.00000 9.00000 6.00000 8.00000 11.00000 4.00000 9.00000 14.00000 14.00000 16.00000 6.00000 19.00000 7.00000 8.00000 9.00000 18.00000 12.00000 7.00000 16.00000 14.00000 12.00000 6.00000 9.00000 17.00000 17.00000 14.00000 7.00000 18.00000 0.00000 7.00000 18.00000 17.00000 16.00000 8.00000 3.00000 7.00000
8.00000 12.00000 10.00000 9.00000 16.00000 5.00000 10.00000 9.00000 8.00000 5.00000 11.00000 5.00000 22.00000 8.00000 12.00000 7.00000 7.00000 8.00000 5.00000 8.00000 14.00000 5.00000 13.00000 17.00000 18.00000 21.00000 9.00000 19.00000 8.00000 10.00000 9.00000 19.00000 9.00000 8.00000 13.00000 11.00000 8.00000 1.00000 5.00000 21.00000 13.00000 13.00000 8.00000 22.00000 8.00000 0.00000 14.00000 21.00000 12.00000 8.00000 7.00000 8.00000
11.00000 21.00000 19.00000 15.00000 22.00000 16.00000 8.00000 17.00000 11.00000 15.00000 6.00000 16.00000 27.00000 18.00000 7.00000 17.00000 15.00000 13.00000 13.00000 11.00000 18.00000 15.00000 21.00000 18.00000 24.00000 25.00000 16.00000 19.00000 11.00000 14.00000 11.00000 17.00000 7.00000 11.00000 6.00000 10.00000 13.00000 15.00000 12.00000 27.00000 9.00000 12.00000 14.00000 25.00000 19.00000 15.00000 0.00000 27.00000 12.00000 12.00000 17.00000 11.00000
19.00000 24.00000 21.00000 16.00000 8.00000 18.00000 22.00000 15.00000 18.00000 19.00000 25.00000 18.00000 5.00000 19.00000 31.00000 21.00000 17.00000 16.00000 17.00000 19.00000 14.00000 19.00000 14.00000 14.00000 7.00000 2.00000 15.00000 22.00000 19.00000 16.00000 19.00000 22.00000 21.00000 18.00000 25.00000 20.00000 26.00000 20.00000 20.00000 2.00000 22.00000 19.00000 16.00000 5.00000 17.00000 21.00000 27.00000 0.00000 30.00000 18.00000 15.00000 19.00000
14.00000 12.00000 10.00000 17.00000 22.00000 11.00000 14.00000 15.00000 14.00000 11.00000 16.00000 11.00000 28.00000 11.00000 11.00000 8.00000 13.00000 15.00000 13.00000 13.00000 21.00000 11.00000 19.00000 22.00000 24.00000 27.00000 16.00000 23.00000 14.00000 17.00000 14.00000 23.00000 13.00000 14.00000 17.00000 15.00000 3.00000 9.00000 11.00000 27.00000 18.00000 18.00000 16.00000 28.00000 14.00000 10.00000 16.00000 27.00000 0.00000 14.00000 14.00000 14.00000
1.00000 13.00000 10.00000 6.00000 13.00000 7.00000 6.00000 8.00000 2.00000 7.00000 9.00000 7.00000 18.00000 10.00000 15.00000 8.00000 6.00000 4.00000 4.00000 1.00000 9.00000 7.00000 12.00000 11.00000 15.00000 17.00000 7.00000 12.00000 1.00000 5.00000 2.00000 12.00000 5.00000 2.00000 9.00000 7.00000 12.00000 6.00000 3.00000 18.00000 10.00000 7.00000 5.00000 16.00000 10.00000 6.00000 11.00000 18.00000 16.00000 0.00000 8.00000 1.00000
6.00000 12.00000 8.00000 6.00000 10.00000 4.00000 12.00000 3.00000 7.00000 5.00000 14.00000 4.00000 16.00000 5.00000 17.00000 7.00000 3.00000 7.00000 5.00000 6.00000 9.00000 5.00000 8.00000 13.00000 12.00000 15.00000 4.00000 17.00000 6.00000 6.00000 7.00000 17.00000 11.00000 6.00000 15.00000 12.00000 13.00000 7.00000 7.00000 15.00000 15.00000 12.00000 5.00000 16.00000 3.00000 7.00000 16.00000 15.00000 17.00000 6.00000 0.00000 6.00000
0.00000 13.00000 11.00000 6.00000 13.00000 6.00000 7.00000 8.00000 3.00000 7.00000 9.00000 7.00000 18.00000 10.00000 15.00000 8.00000 5.00000 4.00000 3.00000 1.00000 9.00000 7.00000 12.00000 12.00000 16.00000 17.00000 6.00000 13.00000 0.00000 5.00000 3.00000 13.00000 6.00000 1.00000 10.00000 7.00000 13.00000 6.00000 3.00000 18.00000 11.00000 8.00000 5.00000 16.00000 10.00000 6.00000 11.00000 19.00000 17.00000 1.00000 8.00000 0.00000
p
0.0 0.0 0.0 0.0 0.0 0.0 
0.0 0.0 0.0 0.0 0.0 0.0 
0.0 0.0 0.0 0.0 0.0 0.0 
0.0 0.0 0.0 0.0 0.0 0.0 
0.0 0.0 0.0 0.0 0.0 0.0 
0.0 0.0 0.0 0.0 0.0 0.0 
0.0 0.0 0.0 0.0 0.0 0.0 
0.0 0.0 0.0 0.0 0.0 0.0 
0.0 0.0 0.0 0.0 0.0 0.0 
0.0 0.0 0.0 0.0 0.0 0.0 
31 0 0 0 0 0 
31 0 0 0 0 0 
31 0 0 0 0 0 
31 0 0 0 0 0 
31 0 0 0 0 0 
31 0 0 0 0 0 
31 0 0 0 0 0 
31 0 0 0 0 0 
31 0 0 0 0 0 
31 0 0 0 0 0 
0 23 0 0 38 0 
0 23 0 0 38 0 
0 23 0 0 38 0 
0 23 0 0 38 0 
0 23 0 0 38 0 
0 23 0 0 38 0 
0 23 0 0 38 0 
0 23 0 0 38 0 
0 23 0 0 38 0 
0 23 0 0 38 0 
0 0 0 0 0 57 
0 0 0 0 0 57 
0 0 0 0 0 57 
0 0 0 0 0 57 
0 0 0 0 0 57 
0 0 0 0 0 57 
0 0 0 0 0 57 
0 0 0 0 0 57 
0 0 0 0 0 57 
0 0 0 0 0 57 
55 0 0 18 0 0 
55 0 0 18 0 0 
55 0 0 18 0 0 
55 0 0 18 0 0 
55 0 0 18 0 0 
55 0 0 18 0 0 
55 0 0 18 0 0 
55 0 0 18 0 0 
55 0 0 18 0 0 
55 0 0 18 0 0 
41 0 0 0 16 0 
41 0 0 0 16 0 
41 0 0 0 16 0 
41 0 0 0 16 0 
41 0 0 0 16 0 
41 0 0 0 16 0 
41 0 0 0 16 0 
41 0 0 0 16 0 
41 0 0 0 16 0 
41 0 0 0 16 0 
0 0 59 31 0 0 
0 0 59 31 0 0 
0 0 59 31 0 0 
0 0 59 31 0 0 
0 0 59 31 0 0 
0 0 59 31 0 0 
0 0 59 31 0 0 
0 0 59 31 0 0 
0 0 59 31 0 0 
0 0 59 31 0 0 
50 0 0 0 0 0 
50 0 0 0 0 0 
50 0 0 0 0 0 
50 0 0 0 0 0 
50 0 0 0 0 0 
50 0 0 0 0 0 
50 0 0 0 0 0 
50 0 0 0 0 0 
50 0 0 0 0 0 
50 0 0 0 0 0 
0 0 0 0 54 0 
0 0 0 0 54 0 
0 0 0 0 54 0 
0 0 0 0 54 0 
0 0 0 0 54 0 
0 0 0 0 54 0 
0 0 0 0 54 0 
0 0 0 0 54 0 
0 0 0 0 54 0 
0 0 0 0 54 0 
0 0 30 0 0 0 
0 0 30 0 0 0 
0 0 30 0 0 0 
0 0 30 0 0 0 
0 0 30 0 0 0 
0 0 30 0 0 0 
0 0 30 0 0 0 
0 0 30 0 0 0 
0 0 30 0 0 0 
0 0 30 0 0 0 
0 0 34 0 0 0 
0 0 34 0 0 0 
0 0 34 0 0 0 
0 0 34 0 0 0 
0 0 34 0 0 0 
0 0 34 0 0 0 
0 0 34 0 0 0 
0 0 34 0 0 0 
0 0 34 0 0 0 
0 0 34 0 0 0 
0 0 58 0 0 0 
0 0 58 0 0 0 
0 0 58 0 0 0 
0 0 58 0 0 0 
0 0 58 0 0 0 
0 0 58 0 0 0 
0 0 58 0 0 0 
0 0 58 0 0 0 
0 0 58 0 0 0 
0 0 58 0 0 0 
0 0 29 0 0 50 
0 0 29 0 0 50 
0 0 29 0 0 50 
0 0 29 0 0 50 
0 0 29 0 0 50 
0 0 29 0 0 50 
0 0 29 0 0 50 
0 0 29 0 0 50 
0 0 29 0 0 50 
0 0 29 0 0 50 
0 0 0 52 0 0 
0 0 0 52 0 0 
0 0 0 52 0 0 
0 0 0 52 0 0 
0 0 0 52 0 0 
0 0 0 52 0 0 
0 0 0 52 0 0 
0 0 0 52 0 0 
0 0 0 52 0 0 
0 0 0 52 0 0 
0 0 0 0 0 60 
0 0 0 0 0 60 
0 0 0 0 0 60 
0 0 0 0 0 60 
0 0 0 0 0 60 
0 0 0 0 0 60 
0 0 0 0 0 60 
0 0 0 0 0 60 
0 0 0 0 0 60 
0 0 0 0 0 60 
0 0 50 0 31 0 
0 0 50 0 31 0 
0 0 50 0 31 0 
0 0 50 0 31 0 
0 0 50 0 31 0 
0 0 50 0 31 0 
0 0 50 0 31 0 
0 0 50 0 31 0 
0 0 50 0 31 0 
0 0 50 0 31 0 
0 0 40 32 0 0 
0 0 40 32 0 0 
0 0 40 32 0 0 
0 0 40 32 0 0 
0 0 40 32 0 0 
0 0 40 32 0 0 
0 0 40 32 0 0 
0 0 40 32 0 0 
0 0 40 32 0 0 
0 0 40 32 0 0 
42 0 0 52 0 0 
42 0 0 52 0 0 
42 0 0 52 0 0 
42 0 0 52 0 0 
42 0 0 52 0 0 
42 0 0 52 0 0 
42 0 0 52 0 0 
42 0 0 52 0 0 
42 0 0 52 0 0 
42 0 0 52 0 0 
0 0 0 31 0 0 
0 0 0 31 0 0 
0 0 0 31 0 0 
0 0 0 31 0 0 
0 0 0 31 0 0 
0 0 0 31 0 0 
0 0 0 31 0 0 
0 0 0 31 0 0 
0 0 0 31 0 0 
0 0 0 31 0 0 
42 0 0 0 0 0 
42 0 0 0 0 0 
42 0 0 0 0 0 
42 0 0 0 0 0 
42 0 0 0 0 0 
42 0 0 0 0 0 
42 0 0 0 0 0 
42 0 0 0 0 0 
42 0 0 0 0 0 
42 0 0 0 0 0 
30 0 0 0 0 0 
30 0 0 0 0 0 
30 0 0 0 0 0 
30 0 0 0 0 0 
30 0 0 0 0 0 
30 0 0 0 0 0 
30 0 0 0 0 0 
30 0 0 0 0 0 
30 0 0 0 0 0 
30 0 0 0 0 0 
54 0 0 0 0 17 
54 0 0 0 0 17 
54 0 0 0 0 17 
54 0 0 0 0 17 
54 0 0 0 0 17 
54 0 0 0 0 17 
54 0 0 0 0 17 
54 0 0 0 0 17 
54 0 0 0 0 17 
54 0 0 0 0 17 
0 45 0 0 0 0 
0 45 0 0 0 0 
0 45 0 0 0 0 
0 45 0 0 0 0 
0 45 0 0 0 0 
0 45 0 0 0 0 
0 45 0 0 0 0 
0 45 0 0 0 0 
0 45 0 0 0 0 
0 45 0 0 0 0 
18 0 0 0 0 0 
18 0 0 0 0 0 
18 0 0 0 0 0 
18 0 0 0 0 0 
18 0 0 0 0 0 
18 0 0 0 0 0 
18 0 0 0 0 0 
18 0 0 0 0 0 
18 0 0 0 0 0 
18 0 0 0 0 0 
28 0 0 0 0 0 
28 0 0 0 0 0 
28 0 0 0 0 0 
28 0 0 0 0 0 
28 0 0 0 0 0 
28 0 0 0 0 0 
28 0 0 0 0 0 
28 0 0 0 0 0 
28 0 0 0 0 0 
28 0 0 0 0 0 
0 0 0 47 0 0 
0 0 0 47 0 0 
0 0 0 47 0 0 
0 0 0 47 0 0 
0 0 0 47 0 0 
0 0 0 47 0 0 
0 0 0 47 0 0 
0 0 0 47 0 0 
0 0 0 47 0 0 
0 0 0 47 0 0 
0 0 27 0 0 0 
0 0 27 0 0 0 
0 0 27 0 0 0 
0 0 27 0 0 0 
0 0 27 0 0 0 
0 0 27 0 0 0 
0 0 27 0 0 0 
0 0 27 0 0 0 
0 0 27 0 0 0 
0 0 27 0 0 0 
54 0 0 0 0 17 
54 0 0 0 0 17 
54 0 0 0 0 17 
54 0 0 0 0 17 
54 0 0 0 0 17 
54 0 0 0 0 17 
54 0 0 0 0 17 
54 0 0 0 0 17 
54 0 0 0 0 17 
54 0 0 0 0 17 
39 0 0 0 0 0 
39 0 0 0 0 0 
39 0 0 0 0 0 
39 0 0 0 0 0 
39 0 0 0 0 0 
39 0 0 0 0 0 
39 0 0 0 0 0 
39 0 0 0 0 0 
39 0 0 0 0 0 
39 0 0 0 0 0 
0 0 0 59 0 0 
0 0 0 59 0 0 
0 0 0 59 0 0 
0 0 0 59 0 0 
0 0 0 59 0 0 
0 0 0 59 0 0 
0 0 0 59 0 0 
0 0 0 59 0 0 
0 0 0 59 0 0 
0 0 0 59 0 0 
0 15 0 0 0 0 
0 15 0 0 0 0 
0 15 0 0 0 0 
0 15 0 0 0 0 
0 15 0 0 0 0 
0 15 0 0 0 0 
0 15 0 0 0 0 
0 15 0 0 0 0 
0 15 0 0 0 0 
0 15 0 0 0 0 
59 0 0 0 0 0 
59 0 0 0 0 0 
59 0 0 0 0 0 
59 0 0 0 0 0 
59 0 0 0 0 0 
59 0 0 0 0 0 
59 0 0 0 0 0 
59 0 0 0 0 0 
59 0 0 0 0 0 
59 0 0 0 0 0 
0 0 0 0 0 37 
0 0 0 0 0 37 
0 0 0 0 0 37 
0 0 0 0 0 37 
0 0 0 0 0 37 
0 0 0 0 0 37 
0 0 0 0 0 37 
0 0 0 0 0 37 
0 0 0 0 0 37 
0 0 0 0 0 37 
16 0 0 0 0 0 
16 0 0 0 0 0 
16 0 0 0 0 0 
16 0 0 0 0 0 
16 0 0 0 0 0 
16 0 0 0 0 0 
16 0 0 0 0 0 
16 0 0 0 0 0 
16 0 0 0 0 0 
16 0 0 0 0 0 
0 0 0 0 0 31 
0 0 0 0 0 31 
0 0 0 0 0 31 
0 0 0 0 0 31 
0 0 0 0 0 31 
0 0 0 0 0 31 
0 0 0 0 0 31 
0 0 0 0 0 31 
0 0 0 0 0 31 
0 0 0 0 0 31 
0 0 0 0 0 28 
0 0 0 0 0 28 
0 0 0 0 0 28 
0 0 0 0 0 28 
0 0 0 0 0 28 
0 0 0 0 0 28 
0 0 0 0 0 28 
0 0 0 0 0 28 
0 0 0 0 0 28 
0 0 0 0 0 28 
0 0 0 0 39 0 
0 0 0 0 39 0 
0 0 0 0 39 0 
0 0 0 0 39 0 
0 0 0 0 39 0 
0 0 0 0 39 0 
0 0 0 0 39 0 
0 0 0 0 39 0 
0 0 0 0 39 0 
0 0 0 0 39 0 
0 0 0 0 0 17 
0 0 0 0 0 17 
0 0 0 0 0 17 
0 0 0 0 0 17 
0 0 0 0 0 17 
0 0 0 0 0 17 
0 0 0 0 0 17 
0 0 0 0 0 17 
0 0 0 0 0 17 
0 0 0 0 0 17 
0 0 0 0 0 35 
0 0 0 0 0 35 
0 0 0 0 0 35 
0 0 0 0 0 35 
0 0 0 0 0 35 
0 0 0 0 0 35 
0 0 0 0 0 35 
0 0 0 0 0 35 
0 0 0 0 0 35 
0 0 0 0 0 35 
48 0 0 32 0 0 
48 0 0 32 0 0 
48 0 0 32 0 0 
48 0 0 32 0 0 
48 0 0 32 0 0 
48 0 0 32 0 0 
48 0 0 32 0 0 
48 0 0 32 0 0 
48 0 0 32 0 0 
48 0 0 32 0 0 
0 0 46 0 0 0 
0 0 46 0 0 0 
0 0 46 0 0 0 
0 0 46 0 0 0 
0 0 46 0 0 0 
0 0 46 0 0 0 
0 0 46 0 0 0 
0 0 46 0 0 0 
0 0 46 0 0 0 
0 0 46 0 0 0 
0 0 0 19 0 0 
0 0 0 19 0 0 
0 0 0 19 0 0 
0 0 0 19 0 0 
0 0 0 19 0 0 
0 0 0 19 0 0 
0 0 0 19 0 0 
0 0 0 19 0 0 
0 0 0 19 0 0 
0 0 0 19 0 0 
0 0 0 60 0 0 
0 0 0 60 0 0 
0 0 0 60 0 0 
0 0 0 60 0 0 
0 0 0 60 0 0 
0 0 0 60 0 0 
0 0 0 60 0 0 
0 0 0 60 0 0 
0 0 0 60 0 0 
0 0 0 60 0 0 
0 0 0 0 0 17 
0 0 0 0 0 17 
0 0 0 0 0 17 
0 0 0 0 0 17 
0 0 0 0 0 17 
0 0 0 0 0 17 
0 0 0 0 0 17 
0 0 0 0 0 17 
0 0 0 0 0 17 
0 0 0 0 0 17 
0 0 0 0 0 21 
0 0 0 0 0 21 
0 0 0 0 0 21 
0 0 0 0 0 21 
0 0 0 0 0 21 
0 0 0 0 0 21 
0 0 0 0 0 21 
0 0 0 0 0 21 
0 0 0 0 0 21 
0 0 0 0 0 21 
0 44 0 52 0 0 
0 44 0 52 0 0 
0 44 0 52 0 0 
0 44 0 52 0 0 
0 44 0 52 0 0 
0 44 0 52 0 0 
0 44 0 52 0 0 
0 44 0 52 0 0 
0 44 0 52 0 0 
0 44 0 52 0 0 
0 0 23 0 0 18 
0 0 23 0 0 18 
0 0 23 0 0 18 
0 0 23 0 0 18 
0 0 23 0 0 18 
0 0 23 0 0 18 
0 0 23 0 0 18 
0 0 23 0 0 18 
0 0 23 0 0 18 
0 0 23 0 0 18 
0 42 0 0 57 0 
0 42 0 0 57 0 
0 42 0 0 57 0 
0 42 0 0 57 0 
0 42 0 0 57 0 
0 42 0 0 57 0 
0 42 0 0 57 0 
0 42 0 0 57 0 
0 42 0 0 57 0 
0 42 0 0 57 0 
0 0 44 0 0 31 
0 0 44 0 0 31 
0 0 44 0 0 31 
0 0 44 0 0 31 
0 0 44 0 0 31 
0 0 44 0 0 31 
0 0 44 0 0 31 
0 0 44 0 0 31 
0 0 44 0 0 31 
0 0 44 0 0 31 
0 0 0 0 0 45 
0 0 0 0 0 45 
0 0 0 0 0 45 
0 0 0 0 0 45 
0 0 0 0 0 45 
0 0 0 0 0 45 
0 0 0 0 0 45 
0 0 0 0 0 45 
0 0 0 0 0 45 
0 0 0 0 0 45 
22 0 0 0 0 15 
22 0 0 0 0 15 
22 0 0 0 0 15 
22 0 0 0 0 15 
22 0 0 0 0 15 
22 0 0 0 0 15 
22 0 0 0 0 15 
22 0 0 0 0 15 
22 0 0 0 0 15 
22 0 0 0 0 15 
0.0 0.0 0.0 0.0 0.0 0.0 
0.0 0.0 0.0 0.0 0.0 0.0 
0.0 0.0 0.0 0.0 0.0 0.0 
0.0 0.0 0.0 0.0 0.0 0.0 
0.0 0.0 0.0 0.0 0.0 0.0 
0.0 0.0 0.0 0.0 0.0 0.0 
0.0 0.0 0.0 0.0 0.0 0.0 
0.0 0.0 0.0 0.0 0.0 0.0 
0.0 0.0 0.0 0.0 0.0 0.0 
0.0 0.0 0.0 0.0 0.0 0.0 
mind
0 0 0 0 0 19 0 0 0 0 0 0 0 0 0 12 16 0 0 0 0 16 0 0 0 0 0 17 0 0 0 0 0 0 0 0 0 0 0 0 0 0 0 0 0 13 22 15 0 0 0 0
maxd
0 0 0 0 0 23 0 0 0 0 0 0 0 0 0 26 21 0 0 0 0 28 0 0 0 0 0 26 0 0 0 0 0 0 0 0 0 0 0 0 0 0 0 0 0 20 24 29 0 0 0 0
e
0 817 495 788 752 631 775 557 503 855 928 751 646 539 931 877 809 960 947 793 691 670 514 519 925 868 643 853 649 866 801 828 802 591 765 723 919 928 953 636 485 643 952 718 753 768 564 687 570 786 862 0
l
99999 937 615 908 872 751 895 677 623 975 1048 871 766 659 1051 997 929 1080 1067 913 811 790 634 639 1045 988 763 973 769 986 921 948 922 711 885 843 1039 1048 1073 756 605 763 1072 838 873 888 684 807 690 906 982 99999
