nbNodes
52
nbVehi
10
nbServi
6
r
1 1 1 1 1 1 
1 0 0 0 0 0 
0 1 0 0 0 0 
1 0 0 0 0 1 
0 0 1 0 0 1 
0 0 0 1 0 0 
0 1 0 0 0 0 
0 0 0 0 0 1 
0 0 0 0 0 1 
0 0 0 0 1 0 
0 0 1 0 0 0 
0 0 1 0 0 0 
0 0 1 0 0 0 
0 0 1 0 0 1 
1 0 0 0 0 0 
0 1 0 0 0 0 
0 0 0 0 0 1 
1 0 0 0 1 0 
0 1 0 0 0 0 
0 1 0 0 0 0 
0 0 0 0 0 1 
0 0 0 1 0 0 
0 0 1 0 1 0 
0 1 0 0 0 0 
0 1 0 0 0 0 
0 1 0 1 0 0 
0 0 1 1 0 0 
0 1 0 1 0 0 
0 0 0 0 1 0 
0 1 0 0 0 0 
1 0 0 0 0 0 
0 0 1 0 0 1 
0 0 0 1 0 0 
0 0 0 0 1 0 
0 0 0 0 1 0 
1 0 0 1 0 0 
0 1 0 1 0 0 
0 0 1 0 0 0 
0 0 1 0 0 1 
0 0 1 1 0 0 
0 0 0 0 1 0 
0 1 0 0 0 1 
0 0 0 0 0 1 
0 0 1 0 1 0 
0 0 0 0 1 0 
0 0 1 0 0 0 
0 0 0 0 0 1 
1 0 0 0 0 0 
0 0 0 1 0 0 
0 1 0 0 0 0 
0 1 0 1 0 0 
1 1 1 1 1 1 
DS
4 5 14 18 23 26 27 28 32 36 37 39 40 42 44 51 
a
0 1 1 0 0 0 
1 1 1 0 0 0 
1 1 1 0 0 0 
1 1 0 0 0 0 
1 1 1 0 0 0 
0 0 0 0 1 1 
0 0 0 1 0 0 
0 0 0 1 1 1 
0 0 0 0 0 1 
0 0 0 0 1 1 
x
-30.1576 -30.0132 -30.0402 -30.0715 -29.9777 -30.1275 -30.0463 -30.0242 -30.1576 -29.9945 -30.1631 -30.1206 -30.0084 -30.034 -30.1536 -30.0408 -30.014 -30.0079 -30.025 -30.0248 -30.032 -30.1176 -30.0617 -30.0183 -30.011 -30.2072 -30.0074 -30.0328 -30.0388 -30.1515 -29.993 -30.0462 -30.0228 -30.1042 -30.199 -30.064 -30.0117 -30.0402 -30.0539 -29.98 -30.0466 -30.0049 -30.0757 -30.0193 -30.1238 -30.019 -30.0474 -29.9862 -30.0519 -30.16 -30.1342 -30.1576
y
-51.139 -51.2081 -51.1079 -51.2189 -51.1733 -51.1081 -51.1278 -51.0923 -51.139 -51.1475 -51.1358 -51.1074 -51.1967 -51.1051 -51.1503 -51.1869 -51.1907 -51.1175 -51.1275 -51.1739 -51.2175 -51.2146 -51.1616 -51.1213 -51.1761 -51.1706 -51.2029 -51.1119 -51.1986 -51.2135 -51.113 -51.1846 -51.1728 -51.2491 -51.1464 -51.1691 -51.1399 -51.1529 -51.2251 -51.1853 -51.1278 -51.1936 -51.2158 -51.1943 -51.107 -51.1859 -51.1275 -51.1121 -51.195 -51.1423 -51.1995 -51.139
d
0.00000 39.00000 35.00000 28.00000 45.00000 14.00000 36.00000 41.00000 0.00000 46.00000 3.00000 16.00000 39.00000 36.00000 4.00000 35.00000 39.00000 40.00000 39.00000 37.00000 35.00000 19.00000 30.00000 39.00000 40.00000 16.00000 40.00000 37.00000 35.00000 16.00000 43.00000 33.00000 37.00000 25.00000 16.00000 32.00000 40.00000 34.00000 33.00000 45.00000 36.00000 40.00000 26.00000 38.00000 15.00000 37.00000 36.00000 45.00000 33.00000 2.00000 19.00000 0.00000
40.00000 0.00000 20.00000 15.00000 11.00000 30.00000 19.00000 22.00000 40.00000 16.00000 40.00000 31.00000 4.00000 22.00000 38.00000 10.00000 5.00000 18.00000 18.00000 9.00000 5.00000 24.00000 16.00000 17.00000 7.00000 45.00000 3.00000 21.00000 9.00000 29.00000 18.00000 11.00000 8.00000 20.00000 47.00000 15.00000 13.00000 14.00000 12.00000 9.00000 19.00000 5.00000 15.00000 4.00000 31.00000 6.00000 19.00000 18.00000 9.00000 39.00000 30.00000 40.00000
35.00000 20.00000 0.00000 24.00000 23.00000 25.00000 7.00000 9.00000 35.00000 15.00000 37.00000 26.00000 19.00000 4.00000 37.00000 13.00000 17.00000 8.00000 8.00000 14.00000 18.00000 30.00000 13.00000 7.00000 18.00000 48.00000 21.00000 5.00000 15.00000 35.00000 11.00000 14.00000 15.00000 29.00000 49.00000 14.00000 13.00000 8.00000 22.00000 22.00000 6.00000 18.00000 23.00000 18.00000 25.00000 15.00000 6.00000 13.00000 18.00000 36.00000 36.00000 35.00000
30.00000 15.00000 23.00000 0.00000 22.00000 28.00000 22.00000 28.00000 30.00000 27.00000 30.00000 29.00000 15.00000 25.00000 28.00000 13.00000 15.00000 25.00000 24.00000 16.00000 11.00000 14.00000 14.00000 24.00000 17.00000 34.00000 16.00000 23.00000 12.00000 19.00000 28.00000 13.00000 15.00000 11.00000 37.00000 12.00000 23.00000 17.00000 7.00000 22.00000 21.00000 17.00000 4.00000 14.00000 29.00000 15.00000 22.00000 28.00000 10.00000 29.00000 20.00000 30.00000
47.00000 10.00000 22.00000 23.00000 0.00000 35.00000 22.00000 21.00000 47.00000 17.00000 47.00000 36.00000 9.00000 22.00000 46.00000 14.00000 10.00000 15.00000 19.00000 14.00000 13.00000 32.00000 21.00000 17.00000 11.00000 52.00000 9.00000 22.00000 15.00000 37.00000 12.00000 16.00000 13.00000 28.00000 55.00000 19.00000 16.00000 18.00000 19.00000 9.00000 22.00000 7.00000 23.00000 11.00000 36.00000 12.00000 22.00000 11.00000 17.00000 47.00000 38.00000 47.00000
14.00000 30.00000 25.00000 28.00000 34.00000 0.00000 23.00000 30.00000 14.00000 33.00000 15.00000 3.00000 30.00000 26.00000 16.00000 24.00000 28.00000 26.00000 26.00000 25.00000 27.00000 29.00000 17.00000 26.00000 28.00000 27.00000 31.00000 25.00000 25.00000 28.00000 29.00000 23.00000 25.00000 33.00000 27.00000 19.00000 27.00000 21.00000 28.00000 33.00000 23.00000 29.00000 27.00000 28.00000 3.00000 25.00000 23.00000 32.00000 23.00000 15.00000 30.00000 14.00000
37.00000 18.00000 6.00000 22.00000 22.00000 23.00000 0.00000 12.00000 37.00000 15.00000 38.00000 24.00000 18.00000 8.00000 39.00000 12.00000 16.00000 8.00000 8.00000 13.00000 17.00000 29.00000 11.00000 7.00000 17.00000 49.00000 19.00000 7.00000 14.00000 34.00000 11.00000 13.00000 13.00000 28.00000 50.00000 13.00000 13.00000 7.00000 21.00000 21.00000 1.00000 17.00000 22.00000 17.00000 24.00000 14.00000 1.00000 13.00000 17.00000 38.00000 35.00000 37.00000
41.00000 22.00000 9.00000 29.00000 25.00000 30.00000 12.00000 0.00000 41.00000 14.00000 43.00000 31.00000 20.00000 6.00000 43.00000 19.00000 20.00000 8.00000 9.00000 19.00000 23.00000 35.00000 18.00000 7.00000 18.00000 55.00000 21.00000 8.00000 20.00000 40.00000 11.00000 20.00000 19.00000 34.00000 55.00000 19.00000 13.00000 13.00000 27.00000 24.00000 12.00000 20.00000 28.00000 21.00000 31.00000 19.00000 12.00000 13.00000 23.00000 42.00000 41.00000 41.00000
0.00000 39.00000 35.00000 28.00000 45.00000 14.00000 36.00000 41.00000 0.00000 46.00000 3.00000 16.00000 39.00000 36.00000 4.00000 35.00000 39.00000 40.00000 39.00000 37.00000 35.00000 19.00000 30.00000 39.00000 40.00000 16.00000 40.00000 37.00000 35.00000 16.00000 43.00000 33.00000 37.00000 25.00000 16.00000 32.00000 40.00000 34.00000 33.00000 45.00000 36.00000 40.00000 26.00000 38.00000 15.00000 37.00000 36.00000 45.00000 33.00000 2.00000 19.00000 0.00000
46.00000 12.00000 18.00000 23.00000 13.00000 32.00000 18.00000 18.00000 46.00000 0.00000 47.00000 33.00000 11.00000 17.00000 46.00000 15.00000 12.00000 12.00000 13.00000 11.00000 16.00000 32.00000 18.00000 12.00000 9.00000 53.00000 11.00000 18.00000 16.00000 37.00000 12.00000 16.00000 11.00000 30.00000 56.00000 17.00000 10.00000 13.00000 20.00000 13.00000 18.00000 9.00000 24.00000 13.00000 33.00000 11.00000 18.00000 12.00000 18.00000 47.00000 38.00000 46.00000
3.00000 39.00000 37.00000 28.00000 46.00000 15.00000 38.00000 43.00000 3.00000 47.00000 0.00000 17.00000 39.00000 37.00000 6.00000 35.00000 39.00000 41.00000 40.00000 37.00000 35.00000 19.00000 31.00000 40.00000 40.00000 16.00000 40.00000 39.00000 36.00000 16.00000 44.00000 33.00000 37.00000 25.00000 15.00000 32.00000 41.00000 35.00000 34.00000 45.00000 37.00000 41.00000 26.00000 38.00000 16.00000 37.00000 38.00000 46.00000 33.00000 3.00000 19.00000 3.00000
16.00000 29.00000 24.00000 27.00000 33.00000 3.00000 22.00000 29.00000 16.00000 32.00000 18.00000 0.00000 29.00000 25.00000 18.00000 23.00000 27.00000 26.00000 25.00000 24.00000 26.00000 30.00000 16.00000 25.00000 27.00000 29.00000 30.00000 24.00000 24.00000 30.00000 29.00000 22.00000 24.00000 32.00000 30.00000 18.00000 26.00000 20.00000 27.00000 32.00000 22.00000 28.00000 26.00000 28.00000 4.00000 24.00000 23.00000 31.00000 22.00000 17.00000 32.00000 16.00000
41.00000 4.00000 19.00000 16.00000 9.00000 29.00000 17.00000 19.00000 41.00000 14.00000 41.00000 30.00000 0.00000 19.00000 39.00000 9.00000 3.00000 15.00000 15.00000 8.00000 7.00000 25.00000 15.00000 14.00000 4.00000 46.00000 3.00000 19.00000 9.00000 30.00000 15.00000 10.00000 7.00000 22.00000 48.00000 13.00000 10.00000 12.00000 13.00000 8.00000 17.00000 2.00000 16.00000 4.00000 30.00000 6.00000 18.00000 16.00000 10.00000 40.00000 31.00000 41.00000
36.00000 21.00000 4.00000 25.00000 24.00000 26.00000 8.00000 6.00000 36.00000 14.00000 37.00000 27.00000 19.00000 0.00000 38.00000 15.00000 19.00000 7.00000 8.00000 16.00000 19.00000 31.00000 14.00000 6.00000 17.00000 49.00000 20.00000 4.00000 16.00000 36.00000 10.00000 16.00000 16.00000 30.00000 50.00000 16.00000 12.00000 10.00000 24.00000 23.00000 8.00000 19.00000 24.00000 19.00000 26.00000 16.00000 8.00000 12.00000 19.00000 37.00000 37.00000 36.00000
4.00000 38.00000 37.00000 27.00000 44.00000 16.00000 38.00000 43.00000 4.00000 48.00000 6.00000 18.00000 38.00000 38.00000 0.00000 34.00000 38.00000 42.00000 41.00000 36.00000 34.00000 18.00000 32.00000 41.00000 39.00000 16.00000 39.00000 39.00000 35.00000 16.00000 45.00000 32.00000 36.00000 24.00000 16.00000 31.00000 42.00000 36.00000 32.00000 44.00000 38.00000 39.00000 25.00000 37.00000 17.00000 36.00000 38.00000 47.00000 32.00000 4.00000 19.00000 4.00000
36.00000 10.00000 14.00000 13.00000 16.00000 24.00000 12.00000 19.00000 36.00000 19.00000 36.00000 25.00000 10.00000 15.00000 34.00000 0.00000 9.00000 15.00000 15.00000 8.00000 6.00000 20.00000 9.00000 15.00000 10.00000 40.00000 11.00000 14.00000 3.00000 25.00000 18.00000 2.00000 7.00000 19.00000 43.00000 8.00000 14.00000 8.00000 10.00000 15.00000 12.00000 11.00000 13.00000 8.00000 25.00000 7.00000 12.00000 20.00000 6.00000 35.00000 26.00000 36.00000
40.00000 5.00000 18.00000 15.00000 9.00000 28.00000 16.00000 20.00000 40.00000 14.00000 40.00000 29.00000 4.00000 19.00000 38.00000 7.00000 0.00000 15.00000 15.00000 6.00000 7.00000 24.00000 13.00000 14.00000 4.00000 45.00000 5.00000 18.00000 8.00000 29.00000 16.00000 8.00000 6.00000 22.00000 48.00000 12.00000 10.00000 12.00000 12.00000 8.00000 16.00000 4.00000 16.00000 2.00000 29.00000 3.00000 16.00000 16.00000 10.00000 39.00000 30.00000 40.00000
40.00000 18.00000 9.00000 26.00000 18.00000 27.00000 9.00000 9.00000 40.00000 9.00000 41.00000 28.00000 15.00000 8.00000 42.00000 15.00000 15.00000 0.00000 5.00000 15.00000 20.00000 32.00000 15.00000 3.00000 13.00000 52.00000 16.00000 8.00000 17.00000 37.00000 3.00000 16.00000 14.00000 31.00000 53.00000 16.00000 8.00000 10.00000 24.00000 18.00000 8.00000 15.00000 25.00000 16.00000 28.00000 14.00000 9.00000 6.00000 20.00000 41.00000 38.00000 40.00000
38.00000 18.00000 8.00000 24.00000 21.00000 25.00000 8.00000 8.00000 38.00000 10.00000 40.00000 26.00000 16.00000 8.00000 40.00000 14.00000 16.00000 5.00000 0.00000 12.00000 18.00000 30.00000 13.00000 4.00000 14.00000 51.00000 17.00000 8.00000 15.00000 35.00000 8.00000 15.00000 13.00000 29.00000 51.00000 15.00000 8.00000 9.00000 23.00000 20.00000 8.00000 16.00000 23.00000 17.00000 26.00000 15.00000 8.00000 10.00000 18.00000 39.00000 37.00000 38.00000
39.00000 9.00000 14.00000 16.00000 13.00000 26.00000 12.00000 19.00000 39.00000 14.00000 40.00000 27.00000 9.00000 15.00000 38.00000 6.00000 7.00000 15.00000 12.00000 0.00000 9.00000 24.00000 12.00000 13.00000 6.00000 45.00000 10.00000 14.00000 6.00000 29.00000 15.00000 7.00000 1.00000 23.00000 48.00000 11.00000 10.00000 7.00000 13.00000 13.00000 12.00000 8.00000 17.00000 7.00000 27.00000 5.00000 13.00000 16.00000 9.00000 39.00000 31.00000 39.00000
36.00000 7.00000 20.00000 12.00000 13.00000 29.00000 18.00000 25.00000 36.00000 18.00000 36.00000 30.00000 8.00000 21.00000 35.00000 9.00000 8.00000 20.00000 20.00000 9.00000 0.00000 21.00000 14.00000 19.00000 10.00000 41.00000 8.00000 20.00000 8.00000 26.00000 19.00000 8.00000 8.00000 17.00000 44.00000 13.00000 15.00000 14.00000 8.00000 12.00000 18.00000 9.00000 12.00000 7.00000 30.00000 8.00000 18.00000 18.00000 8.00000 36.00000 27.00000 36.00000
19.00000 23.00000 28.00000 13.00000 30.00000 29.00000 26.00000 33.00000 19.00000 33.00000 19.00000 31.00000 24.00000 29.00000 17.00000 19.00000 23.00000 29.00000 29.00000 21.00000 20.00000 0.00000 18.00000 29.00000 24.00000 25.00000 24.00000 28.00000 20.00000 9.00000 32.00000 17.00000 21.00000 9.00000 27.00000 16.00000 28.00000 22.00000 18.00000 29.00000 26.00000 25.00000 11.00000 22.00000 30.00000 21.00000 26.00000 34.00000 17.00000 18.00000 9.00000 19.00000
30.00000 16.00000 14.00000 13.00000 20.00000 17.00000 12.00000 19.00000 30.00000 19.00000 32.00000 18.00000 16.00000 15.00000 32.00000 10.00000 14.00000 15.00000 15.00000 11.00000 13.00000 19.00000 0.00000 15.00000 14.00000 40.00000 17.00000 14.00000 11.00000 24.00000 18.00000 9.00000 11.00000 18.00000 43.00000 4.00000 15.00000 8.00000 13.00000 19.00000 12.00000 15.00000 12.00000 14.00000 18.00000 11.00000 12.00000 21.00000 8.00000 31.00000 25.00000 30.00000
38.00000 18.00000 7.00000 24.00000 20.00000 25.00000 7.00000 7.00000 38.00000 10.00000 40.00000 26.00000 15.00000 6.00000 40.00000 14.00000 15.00000 3.00000 4.00000 15.00000 18.00000 30.00000 13.00000 0.00000 13.00000 51.00000 16.00000 7.00000 15.00000 35.00000 6.00000 15.00000 14.00000 29.00000 51.00000 15.00000 8.00000 9.00000 23.00000 19.00000 7.00000 15.00000 23.00000 16.00000 26.00000 14.00000 7.00000 8.00000 18.00000 39.00000 37.00000 38.00000
41.00000 8.00000 15.00000 17.00000 11.00000 28.00000 14.00000 16.00000 41.00000 11.00000 42.00000 29.00000 6.00000 15.00000 40.00000 9.00000 6.00000 11.00000 11.00000 5.00000 10.00000 26.00000 14.00000 10.00000 0.00000 47.00000 7.00000 15.00000 9.00000 31.00000 12.00000 10.00000 5.00000 24.00000 49.00000 12.00000 6.00000 8.00000 14.00000 10.00000 13.00000 5.00000 18.00000 6.00000 29.00000 4.00000 14.00000 12.00000 12.00000 41.00000 32.00000 41.00000
15.00000 45.00000 49.00000 34.00000 51.00000 27.00000 48.00000 54.00000 15.00000 55.00000 15.00000 29.00000 45.00000 49.00000 16.00000 41.00000 45.00000 51.00000 50.00000 43.00000 41.00000 24.00000 40.00000 50.00000 46.00000 0.00000 46.00000 49.00000 41.00000 19.00000 54.00000 39.00000 43.00000 29.00000 11.00000 38.00000 50.00000 43.00000 38.00000 50.00000 47.00000 46.00000 32.00000 43.00000 28.00000 43.00000 48.00000 56.00000 39.00000 15.00000 22.00000 15.00000
40.00000 3.00000 20.00000 15.00000 9.00000 30.00000 18.00000 20.00000 40.00000 14.00000 40.00000 31.00000 2.00000 20.00000 38.00000 10.00000 4.00000 16.00000 16.00000 9.00000 7.00000 24.00000 16.00000 15.00000 5.00000 45.00000 0.00000 20.00000 9.00000 30.00000 16.00000 11.00000 8.00000 22.00000 48.00000 15.00000 11.00000 13.00000 12.00000 7.00000 18.00000 3.00000 16.00000 5.00000 31.00000 6.00000 19.00000 16.00000 10.00000 39.00000 31.00000 40.00000
37.00000 20.00000 5.00000 24.00000 24.00000 25.00000 7.00000 8.00000 37.00000 14.00000 39.00000 26.00000 19.00000 4.00000 39.00000 14.00000 18.00000 7.00000 7.00000 14.00000 18.00000 30.00000 13.00000 6.00000 17.00000 51.00000 20.00000 0.00000 15.00000 35.00000 10.00000 15.00000 15.00000 29.00000 51.00000 14.00000 12.00000 9.00000 22.00000 23.00000 7.00000 19.00000 23.00000 18.00000 26.00000 15.00000 7.00000 12.00000 18.00000 38.00000 36.00000 37.00000
37.00000 8.00000 17.00000 12.00000 16.00000 26.00000 15.00000 22.00000 37.00000 20.00000 37.00000 27.00000 9.00000 18.00000 35.00000 5.00000 8.00000 18.00000 18.00000 9.00000 5.00000 21.00000 12.00000 18.00000 11.00000 42.00000 9.00000 17.00000 0.00000 26.00000 21.00000 5.00000 8.00000 19.00000 44.00000 10.00000 15.00000 11.00000 9.00000 15.00000 15.00000 10.00000 13.00000 7.00000 27.00000 9.00000 15.00000 21.00000 5.00000 36.00000 27.00000 37.00000
17.00000 30.00000 34.00000 19.00000 36.00000 28.00000 32.00000 39.00000 17.00000 39.00000 17.00000 30.00000 30.00000 35.00000 17.00000 26.00000 29.00000 36.00000 35.00000 28.00000 26.00000 9.00000 25.00000 35.00000 31.00000 19.00000 30.00000 34.00000 26.00000 0.00000 39.00000 24.00000 28.00000 14.00000 24.00000 22.00000 35.00000 28.00000 23.00000 35.00000 32.00000 31.00000 17.00000 28.00000 29.00000 28.00000 33.00000 41.00000 24.00000 16.00000 10.00000 17.00000
42.00000 19.00000 11.00000 28.00000 17.00000 29.00000 11.00000 11.00000 42.00000 10.00000 44.00000 30.00000 17.00000 10.00000 44.00000 18.00000 17.00000 4.00000 7.00000 17.00000 21.00000 34.00000 17.00000 5.00000 15.00000 54.00000 18.00000 11.00000 19.00000 39.00000 0.00000 18.00000 16.00000 33.00000 55.00000 18.00000 10.00000 12.00000 25.00000 18.00000 10.00000 16.00000 27.00000 18.00000 30.00000 16.00000 11.00000 5.00000 22.00000 43.00000 40.00000 42.00000
34.00000 11.00000 14.00000 12.00000 17.00000 23.00000 12.00000 19.00000 34.00000 19.00000 34.00000 24.00000 11.00000 15.00000 33.00000 4.00000 10.00000 16.00000 15.00000 8.00000 7.00000 18.00000 8.00000 15.00000 11.00000 39.00000 12.00000 14.00000 4.00000 23.00000 18.00000 0.00000 8.00000 17.00000 42.00000 7.00000 15.00000 8.00000 10.00000 16.00000 12.00000 12.00000 11.00000 9.00000 24.00000 8.00000 12.00000 21.00000 6.00000 33.00000 25.00000 34.00000
39.00000 9.00000 14.00000 17.00000 14.00000 26.00000 12.00000 19.00000 39.00000 14.00000 41.00000 27.00000 9.00000 15.00000 39.00000 6.00000 7.00000 14.00000 12.00000 1.00000 10.00000 25.00000 12.00000 13.00000 6.00000 46.00000 10.00000 14.00000 7.00000 30.00000 15.00000 8.00000 0.00000 24.00000 48.00000 11.00000 9.00000 7.00000 14.00000 13.00000 12.00000 9.00000 17.00000 7.00000 27.00000 5.00000 12.00000 15.00000 9.00000 40.00000 31.00000 39.00000
25.00000 21.00000 28.00000 11.00000 28.00000 33.00000 27.00000 33.00000 25.00000 33.00000 25.00000 34.00000 22.00000 30.00000 24.00000 20.00000 21.00000 30.00000 29.00000 22.00000 16.00000 9.00000 19.00000 29.00000 24.00000 29.00000 22.00000 28.00000 19.00000 14.00000 33.00000 18.00000 22.00000 0.00000 33.00000 17.00000 29.00000 22.00000 12.00000 27.00000 26.00000 23.00000 10.00000 20.00000 34.00000 22.00000 27.00000 33.00000 17.00000 25.00000 16.00000 25.00000
16.00000 47.00000 49.00000 36.00000 53.00000 28.00000 49.00000 55.00000 16.00000 57.00000 16.00000 30.00000 47.00000 50.00000 16.00000 43.00000 47.00000 53.00000 52.00000 45.00000 43.00000 27.00000 42.00000 52.00000 48.00000 11.00000 48.00000 51.00000 44.00000 24.00000 56.00000 41.00000 45.00000 33.00000 0.00000 40.00000 52.00000 45.00000 41.00000 53.00000 49.00000 48.00000 34.00000 46.00000 29.00000 45.00000 49.00000 58.00000 41.00000 15.00000 27.00000 16.00000
31.00000 15.00000 15.00000 13.00000 19.00000 18.00000 13.00000 20.00000 31.00000 21.00000 32.00000 19.00000 15.00000 16.00000 33.00000 9.00000 13.00000 16.00000 16.00000 10.00000 12.00000 19.00000 4.00000 16.00000 13.00000 39.00000 16.00000 15.00000 10.00000 24.00000 19.00000 8.00000 10.00000 18.00000 42.00000 0.00000 16.00000 9.00000 12.00000 18.00000 13.00000 14.00000 12.00000 14.00000 19.00000 10.00000 13.00000 22.00000 8.00000 32.00000 25.00000 31.00000
40.00000 14.00000 11.00000 23.00000 17.00000 26.00000 11.00000 11.00000 40.00000 8.00000 41.00000 27.00000 12.00000 11.00000 42.00000 14.00000 12.00000 7.00000 7.00000 11.00000 16.00000 31.00000 14.00000 6.00000 10.00000 52.00000 13.00000 11.00000 15.00000 36.00000 9.00000 15.00000 11.00000 30.00000 53.00000 15.00000 0.00000 9.00000 20.00000 16.00000 11.00000 12.00000 24.00000 13.00000 27.00000 11.00000 11.00000 10.00000 18.00000 41.00000 37.00000 40.00000
35.00000 13.00000 9.00000 17.00000 17.00000 22.00000 8.00000 15.00000 35.00000 14.00000 37.00000 23.00000 13.00000 11.00000 37.00000 7.00000 11.00000 11.00000 9.00000 7.00000 11.00000 24.00000 8.00000 10.00000 11.00000 44.00000 14.00000 10.00000 8.00000 29.00000 14.00000 8.00000 8.00000 23.00000 47.00000 9.00000 9.00000 0.00000 15.00000 16.00000 7.00000 12.00000 17.00000 11.00000 23.00000 8.00000 8.00000 15.00000 11.00000 36.00000 30.00000 35.00000
34.00000 12.00000 21.00000 7.00000 19.00000 27.00000 20.00000 26.00000 34.00000 24.00000 34.00000 28.00000 12.00000 23.00000 32.00000 10.00000 12.00000 23.00000 22.00000 13.00000 8.00000 18.00000 13.00000 22.00000 14.00000 39.00000 13.00000 22.00000 9.00000 23.00000 25.00000 10.00000 12.00000 12.00000 42.00000 11.00000 19.00000 15.00000 0.00000 18.00000 19.00000 14.00000 8.00000 11.00000 28.00000 12.00000 20.00000 24.00000 7.00000 33.00000 24.00000 34.00000
46.00000 9.00000 24.00000 21.00000 8.00000 34.00000 22.00000 23.00000 46.00000 16.00000 46.00000 35.00000 8.00000 24.00000 45.00000 13.00000 9.00000 17.00000 20.00000 13.00000 12.00000 30.00000 20.00000 18.00000 10.00000 51.00000 7.00000 24.00000 14.00000 36.00000 14.00000 15.00000 12.00000 27.00000 54.00000 18.00000 15.00000 17.00000 18.00000 0.00000 22.00000 6.00000 22.00000 10.00000 35.00000 11.00000 22.00000 13.00000 16.00000 46.00000 37.00000 46.00000
36.00000 18.00000 6.00000 22.00000 22.00000 23.00000 1.00000 11.00000 36.00000 15.00000 38.00000 24.00000 18.00000 8.00000 38.00000 12.00000 16.00000 8.00000 8.00000 13.00000 16.00000 28.00000 11.00000 7.00000 16.00000 49.00000 19.00000 6.00000 13.00000 33.00000 11.00000 13.00000 13.00000 27.00000 49.00000 13.00000 12.00000 7.00000 21.00000 21.00000 0.00000 17.00000 21.00000 16.00000 24.00000 13.00000 1.00000 13.00000 16.00000 37.00000 34.00000 36.00000
41.00000 5.00000 19.00000 16.00000 8.00000 29.00000 17.00000 19.00000 41.00000 12.00000 41.00000 30.00000 2.00000 19.00000 39.00000 8.00000 3.00000 14.00000 15.00000 8.00000 8.00000 25.00000 15.00000 14.00000 4.00000 46.00000 3.00000 19.00000 9.00000 31.00000 14.00000 10.00000 7.00000 23.00000 49.00000 13.00000 10.00000 12.00000 13.00000 7.00000 17.00000 0.00000 17.00000 5.00000 30.00000 6.00000 17.00000 15.00000 11.00000 40.00000 32.00000 41.00000
27.00000 16.00000 22.00000 3.00000 23.00000 27.00000 20.00000 27.00000 27.00000 27.00000 27.00000 28.00000 16.00000 23.00000 26.00000 14.00000 16.00000 24.00000 23.00000 16.00000 12.00000 11.00000 13.00000 23.00000 18.00000 32.00000 17.00000 22.00000 13.00000 16.00000 27.00000 12.00000 16.00000 10.00000 35.00000 10.00000 23.00000 16.00000 9.00000 22.00000 20.00000 17.00000 0.00000 14.00000 28.00000 15.00000 21.00000 29.00000 10.00000 26.00000 18.00000 27.00000
38.00000 5.00000 17.00000 13.00000 11.00000 27.00000 16.00000 20.00000 38.00000 16.00000 38.00000 28.00000 5.00000 19.00000 36.00000 6.00000 3.00000 16.00000 16.00000 6.00000 6.00000 22.00000 13.00000 14.00000 6.00000 43.00000 6.00000 17.00000 6.00000 27.00000 16.00000 8.00000 5.00000 20.00000 46.00000 11.00000 11.00000 11.00000 10.00000 11.00000 15.00000 6.00000 14.00000 0.00000 28.00000 3.00000 16.00000 17.00000 8.00000 37.00000 29.00000 38.00000
15.00000 30.00000 25.00000 28.00000 34.00000 2.00000 23.00000 30.00000 15.00000 33.00000 17.00000 2.00000 30.00000 26.00000 17.00000 24.00000 28.00000 26.00000 26.00000 25.00000 27.00000 30.00000 16.00000 25.00000 28.00000 28.00000 31.00000 25.00000 25.00000 29.00000 29.00000 23.00000 25.00000 33.00000 29.00000 19.00000 27.00000 21.00000 27.00000 33.00000 23.00000 29.00000 27.00000 28.00000 0.00000 25.00000 23.00000 31.00000 23.00000 16.00000 31.00000 15.00000
41.00000 6.00000 17.00000 16.00000 9.00000 28.00000 16.00000 19.00000 41.00000 14.00000 40.00000 29.00000 5.00000 18.00000 39.00000 7.00000 3.00000 14.00000 14.00000 5.00000 7.00000 25.00000 14.00000 13.00000 4.00000 46.00000 7.00000 17.00000 8.00000 30.00000 15.00000 9.00000 4.00000 22.00000 48.00000 12.00000 9.00000 10.00000 13.00000 9.00000 15.00000 4.00000 16.00000 4.00000 29.00000 0.00000 16.00000 15.00000 10.00000 40.00000 31.00000 41.00000
36.00000 18.00000 6.00000 22.00000 22.00000 23.00000 1.00000 11.00000 36.00000 15.00000 38.00000 24.00000 18.00000 8.00000 39.00000 12.00000 16.00000 8.00000 8.00000 13.00000 16.00000 28.00000 11.00000 7.00000 16.00000 49.00000 19.00000 7.00000 14.00000 34.00000 11.00000 13.00000 13.00000 27.00000 49.00000 13.00000 13.00000 7.00000 21.00000 21.00000 1.00000 17.00000 21.00000 16.00000 24.00000 13.00000 0.00000 13.00000 16.00000 38.00000 35.00000 36.00000
45.00000 18.00000 13.00000 28.00000 14.00000 31.00000 13.00000 12.00000 45.00000 9.00000 46.00000 32.00000 16.00000 13.00000 47.00000 19.00000 17.00000 6.00000 10.00000 16.00000 18.00000 36.00000 19.00000 8.00000 14.00000 57.00000 17.00000 13.00000 20.00000 42.00000 3.00000 21.00000 15.00000 33.00000 57.00000 21.00000 10.00000 15.00000 24.00000 15.00000 13.00000 15.00000 28.00000 17.00000 32.00000 15.00000 13.00000 0.00000 22.00000 46.00000 43.00000 45.00000
33.00000 11.00000 16.00000 10.00000 18.00000 22.00000 15.00000 21.00000 33.00000 22.00000 33.00000 23.00000 11.00000 18.00000 31.00000 7.00000 11.00000 18.00000 17.00000 10.00000 8.00000 17.00000 7.00000 17.00000 13.00000 38.00000 12.00000 17.00000 6.00000 22.00000 21.00000 4.00000 10.00000 16.00000 40.00000 6.00000 17.00000 10.00000 8.00000 18.00000 14.00000 13.00000 10.00000 10.00000 23.00000 10.00000 15.00000 23.00000 0.00000 32.00000 23.00000 33.00000
2.00000 38.00000 36.00000 28.00000 45.00000 15.00000 37.00000 42.00000 2.00000 47.00000 3.00000 17.00000 39.00000 37.00000 4.00000 34.00000 38.00000 40.00000 40.00000 36.00000 35.00000 18.00000 31.00000 40.00000 39.00000 15.00000 39.00000 38.00000 35.00000 16.00000 43.00000 32.00000 36.00000 24.00000 15.00000 31.00000 41.00000 35.00000 33.00000 44.00000 37.00000 40.00000 25.00000 37.00000 16.00000 36.00000 37.00000 46.00000 32.00000 0.00000 18.00000 2.00000
19.00000 29.00000 34.00000 19.00000 36.00000 30.00000 32.00000 39.00000 19.00000 39.00000 19.00000 32.00000 30.00000 35.00000 18.00000 26.00000 29.00000 36.00000 35.00000 27.00000 26.00000 9.00000 25.00000 35.00000 30.00000 22.00000 30.00000 34.00000 26.00000 10.00000 39.00000 24.00000 27.00000 16.00000 26.00000 22.00000 35.00000 28.00000 24.00000 35.00000 32.00000 31.00000 17.00000 28.00000 31.00000 27.00000 32.00000 41.00000 23.00000 18.00000 0.00000 19.00000
0.00000 39.00000 35.00000 28.00000 45.00000 14.00000 36.00000 41.00000 0.00000 46.00000 3.00000 16.00000 39.00000 36.00000 4.00000 35.00000 39.00000 40.00000 39.00000 37.00000 35.00000 19.00000 30.00000 39.00000 40.00000 16.00000 40.00000 37.00000 35.00000 16.00000 43.00000 33.00000 37.00000 25.00000 16.00000 32.00000 40.00000 34.00000 33.00000 45.00000 36.00000 40.00000 26.00000 38.00000 15.00000 37.00000 36.00000 45.00000 33.00000 2.00000 19.00000 0.00000
p
0.0 0.0 0.0 0.0 0.0 0.0 
0.0 0.0 0.0 0.0 0.0 0.0 
0.0 0.0 0.0 0.0 0.0 0.0 
0.0 0.0 0.0 0.0 0.0 0.0 
0.0 0.0 0.0 0.0 0.0 0.0 
0.0 0.0 0.0 0.0 0.0 0.0 
0.0 0.0 0.0 0.0 0.0 0.0 
0.0 0.0 0.0 0.0 0.0 0.0 
0.0 0.0 0.0 0.0 0.0 0.0 
0.0 0.0 0.0 0.0 0.0 0.0 
36 0 0 0 0 0 
36 0 0 0 0 0 
36 0 0 0 0 0 
36 0 0 0 0 0 
36 0 0 0 0 0 
36 0 0 0 0 0 
36 0 0 0 0 0 
36 0 0 0 0 0 
36 0 0 0 0 0 
36 0 0 0 0 0 
0 25 0 0 0 0 
0 25 0 0 0 0 
0 25 0 0 0 0 
0 25 0 0 0 0 
0 25 0 0 0 0 
0 25 0 0 0 0 
0 25 0 0 0 0 
0 25 0 0 0 0 
0 25 0 0 0 0 
0 25 0 0 0 0 
28 0 0 0 0 47 
28 0 0 0 0 47 
28 0 0 0 0 47 
28 0 0 0 0 47 
28 0 0 0 0 47 
28 0 0 0 0 47 
28 0 0 0 0 47 
28 0 0 0 0 47 
28 0 0 0 0 47 
28 0 0 0 0 47 
0 0 39 0 0 27 
0 0 39 0 0 27 
0 0 39 0 0 27 
0 0 39 0 0 27 
0 0 39 0 0 27 
0 0 39 0 0 27 
0 0 39 0 0 27 
0 0 39 0 0 27 
0 0 39 0 0 27 
0 0 39 0 0 27 
0 0 0 20 0 0 
0 0 0 20 0 0 
0 0 0 20 0 0 
0 0 0 20 0 0 
0 0 0 20 0 0 
0 0 0 20 0 0 
0 0 0 20 0 0 
0 0 0 20 0 0 
0 0 0 20 0 0 
0 0 0 20 0 0 
0 34 0 0 0 0 
0 34 0 0 0 0 
0 34 0 0 0 0 
0 34 0 0 0 0 
0 34 0 0 0 0 
0 34 0 0 0 0 
0 34 0 0 0 0 
0 34 0 0 0 0 
0 34 0 0 0 0 
0 34 0 0 0 0 
0 0 0 0 0 40 
0 0 0 0 0 40 
0 0 0 0 0 40 
0 0 0 0 0 40 
0 0 0 0 0 40 
0 0 0 0 0 40 
0 0 0 0 0 40 
0 0 0 0 0 40 
0 0 0 0 0 40 
0 0 0 0 0 40 
0 0 0 0 0 35 
0 0 0 0 0 35 
0 0 0 0 0 35 
0 0 0 0 0 35 
0 0 0 0 0 35 
0 0 0 0 0 35 
0 0 0 0 0 35 
0 0 0 0 0 35 
0 0 0 0 0 35 
0 0 0 0 0 35 
0 0 0 0 22 0 
0 0 0 0 22 0 
0 0 0 0 22 0 
0 0 0 0 22 0 
0 0 0 0 22 0 
0 0 0 0 22 0 
0 0 0 0 22 0 
0 0 0 0 22 0 
0 0 0 0 22 0 
0 0 0 0 22 0 
0 0 45 0 0 0 
0 0 45 0 0 0 
0 0 45 0 0 0 
0 0 45 0 0 0 
0 0 45 0 0 0 
0 0 45 0 0 0 
0 0 45 0 0 0 
0 0 45 0 0 0 
0 0 45 0 0 0 
0 0 45 0 0 0 
0 0 56 0 0 0 
0 0 56 0 0 0 
0 0 56 0 0 0 
0 0 56 0 0 0 
0 0 56 0 0 0 
0 0 56 0 0 0 
0 0 56 0 0 0 
0 0 56 0 0 0 
0 0 56 0 0 0 
0 0 56 0 0 0 
0 0 41 0 0 0 
0 0 41 0 0 0 
0 0 41 0 0 0 
0 0 41 0 0 0 
0 0 41 0 0 0 
0 0 41 0 0 0 
0 0 41 0 0 0 
0 0 41 0 0 0 
0 0 41 0 0 0 
0 0 41 0 0 0 
0 0 57 0 0 18 
0 0 57 0 0 18 
0 0 57 0 0 18 
0 0 57 0 0 18 
0 0 57 0 0 18 
0 0 57 0 0 18 
0 0 57 0 0 18 
0 0 57 0 0 18 
0 0 57 0 0 18 
0 0 57 0 0 18 
23 0 0 0 0 0 
23 0 0 0 0 0 
23 0 0 0 0 0 
23 0 0 0 0 0 
23 0 0 0 0 0 
23 0 0 0 0 0 
23 0 0 0 0 0 
23 0 0 0 0 0 
23 0 0 0 0 0 
23 0 0 0 0 0 
0 30 0 0 0 0 
0 30 0 0 0 0 
0 30 0 0 0 0 
0 30 0 0 0 0 
0 30 0 0 0 0 
0 30 0 0 0 0 
0 30 0 0 0 0 
0 30 0 0 0 0 
0 30 0 0 0 0 
0 30 0 0 0 0 
0 0 0 0 0 25 
0 0 0 0 0 25 
0 0 0 0 0 25 
0 0 0 0 0 25 
0 0 0 0 0 25 
0 0 0 0 0 25 
0 0 0 0 0 25 
0 0 0 0 0 25 
0 0 0 0 0 25 
0 0 0 0 0 25 
41 0 0 0 48 0 
41 0 0 0 48 0 
41 0 0 0 48 0 
41 0 0 0 48 0 
41 0 0 0 48 0 
41 0 0 0 48 0 
41 0 0 0 48 0 
41 0 0 0 48 0 
41 0 0 0 48 0 
41 0 0 0 48 0 
0 37 0 0 0 0 
0 37 0 0 0 0 
0 37 0 0 0 0 
0 37 0 0 0 0 
0 37 0 0 0 0 
0 37 0 0 0 0 
0 37 0 0 0 0 
0 37 0 0 0 0 
0 37 0 0 0 0 
0 37 0 0 0 0 
0 50 0 0 0 0 
0 50 0 0 0 0 
0 50 0 0 0 0 
0 50 0 0 0 0 
0 50 0 0 0 0 
0 50 0 0 0 0 
0 50 0 0 0 0 
0 50 0 0 0 0 
0 50 0 0 0 0 
0 50 0 0 0 0 
0 0 0 0 0 22 
0 0 0 0 0 22 
0 0 0 0 0 22 
0 0 0 0 0 22 
0 0 0 0 0 22 
0 0 0 0 0 22 
0 0 0 0 0 22 
0 0 0 0 0 22 
0 0 0 0 0 22 
0 0 0 0 0 22 
0 0 0 15 0 0 
0 0 0 15 0 0 
0 0 0 15 0 0 
0 0 0 15 0 0 
0 0 0 15 0 0 
0 0 0 15 0 0 
0 0 0 15 0 0 
0 0 0 15 0 0 
0 0 0 15 0 0 
0 0 0 15 0 0 
0 0 19 0 51 0 
0 0 19 0 51 0 
0 0 19 0 51 0 
0 0 19 0 51 0 
0 0 19 0 51 0 
0 0 19 0 51 0 
0 0 19 0 51 0 
0 0 19 0 51 0 
0 0 19 0 51 0 
0 0 19 0 51 0 
0 31 0 0 0 0 
0 31 0 0 0 0 
0 31 0 0 0 0 
0 31 0 0 0 0 
0 31 0 0 0 0 
0 31 0 0 0 0 
0 31 0 0 0 0 
0 31 0 0 0 0 
0 31 0 0 0 0 
0 31 0 0 0 0 
0 15 0 0 0 0 
0 15 0 0 0 0 
0 15 0 0 0 0 
0 15 0 0 0 0 
0 15 0 0 0 0 
0 15 0 0 0 0 
0 15 0 0 0 0 
0 15 0 0 0 0 
0 15 0 0 0 0 
0 15 0 0 0 0 
0 45 0 23 0 0 
0 45 0 23 0 0 
0 45 0 23 0 0 
0 45 0 23 0 0 
0 45 0 23 0 0 
0 45 0 23 0 0 
0 45 0 23 0 0 
0 45 0 23 0 0 
0 45 0 23 0 0 
0 45 0 23 0 0 
0 0 56 59 0 0 
0 0 56 59 0 0 
0 0 56 59 0 0 
0 0 56 59 0 0 
0 0 56 59 0 0 
0 0 56 59 0 0 
0 0 56 59 0 0 
0 0 56 59 0 0 
0 0 56 59 0 0 
0 0 56 59 0 0 
0 37 0 51 0 0 
0 37 0 51 0 0 
0 37 0 51 0 0 
0 37 0 51 0 0 
0 37 0 51 0 0 
0 37 0 51 0 0 
0 37 0 51 0 0 
0 37 0 51 0 0 
0 37 0 51 0 0 
0 37 0 51 0 0 
0 0 0 0 58 0 
0 0 0 0 58 0 
0 0 0 0 58 0 
0 0 0 0 58 0 
0 0 0 0 58 0 
0 0 0 0 58 0 
0 0 0 0 58 0 
0 0 0 0 58 0 
0 0 0 0 58 0 
0 0 0 0 58 0 
0 55 0 0 0 0 
0 55 0 0 0 0 
0 55 0 0 0 0 
0 55 0 0 0 0 
0 55 0 0 0 0 
0 55 0 0 0 0 
0 55 0 0 0 0 
0 55 0 0 0 0 
0 55 0 0 0 0 
0 55 0 0 0 0 
41 0 0 0 0 0 
41 0 0 0 0 0 
41 0 0 0 0 0 
41 0 0 0 0 0 
41 0 0 0 0 0 
41 0 0 0 0 0 
41 0 0 0 0 0 
41 0 0 0 0 0 
41 0 0 0 0 0 
41 0 0 0 0 0 
0 0 42 0 0 39 
0 0 42 0 0 39 
0 0 42 0 0 39 
0 0 42 0 0 39 
0 0 42 0 0 39 
0 0 42 0 0 39 
0 0 42 0 0 39 
0 0 42 0 0 39 
0 0 42 0 0 39 
0 0 42 0 0 39 
0 0 0 53 0 0 
0 0 0 53 0 0 
0 0 0 53 0 0 
0 0 0 53 0 0 
0 0 0 53 0 0 
0 0 0 53 0 0 
0 0 0 53 0 0 
0 0 0 53 0 0 
0 0 0 53 0 0 
0 0 0 53 0 0 
0 0 0 0 51 0 
0 0 0 0 51 0 
0 0 0 0 51 0 
0 0 0 0 51 0 
0 0 0 0 51 0 
0 0 0 0 51 0 
0 0 0 0 51 0 
0 0 0 0 51 0 
0 0 0 0 51 0 
0 0 0 0 51 0 
0 0 0 0 32 0 
0 0 0 0 32 0 
0 0 0 0 32 0 
0 0 0 0 32 0 
0 0 0 0 32 0 
0 0 0 0 32 0 
0 0 0 0 32 0 
0 0 0 0 32 0 
0 0 0 0 32 0 
0 0 0 0 32 0 
32 0 0 35 0 0 
32 0 0 35 0 0 
32 0 0 35 0 0 
32 0 0 35 0 0 
32 0 0 35 0 0 
32 0 0 35 0 0 
32 0 0 35 0 0 
32 0 0 35 0 0 
32 0 0 35 0 0 
32 0 0 35 0 0 
0 48 0 23 0 0 
0 48 0 23 0 0 
0 48 0 23 0 0 
0 48 0 23 0 0 
0 48 0 23 0 0 
0 48 0 23 0 0 
0 48 0 23 0 0 
0 48 0 23 0 0 
0 48 0 23 0 0 
0 48 0 23 0 0 
0 0 30 0 0 0 
0 0 30 0 0 0 
0 0 30 0 0 0 
0 0 30 0 0 0 
0 0 30 0 0 0 
0 0 30 0 0 0 
0 0 30 0 0 0 
0 0 30 0 0 0 
0 0 30 0 0 0 
0 0 30 0 0 0 
0 0 31 0 0 57 
0 0 31 0 0 57 
0 0 31 0 0 57 
0 0 31 0 0 57 
0 0 31 0 0 57 
0 0 31 0 0 57 
0 0 31 0 0 57 
0 0 31 0 0 57 
0 0 31 0 0 57 
0 0 31 0 0 57 
0 0 32 54 0 0 
0 0 32 54 0 0 
0 0 32 54 0 0 
0 0 32 54 0 0 
0 0 32 54 0 0 
0 0 32 54 0 0 
0 0 32 54 0 0 
0 0 32 54 0 0 
0 0 32 54 0 0 
0 0 32 54 0 0 
0 0 0 0 55 0 
0 0 0 0 55 0 
0 0 0 0 55 0 
0 0 0 0 55 0 
0 0 0 0 55 0 
0 0 0 0 55 0 
0 0 0 0 55 0 
0 0 0 0 55 0 
0 0 0 0 55 0 
0 0 0 0 55 0 
0 25 0 0 0 16 
0 25 0 0 0 16 
0 25 0 0 0 16 
0 25 0 0 0 16 
0 25 0 0 0 16 
0 25 0 0 0 16 
0 25 0 0 0 16 
0 25 0 0 0 16 
0 25 0 0 0 16 
0 25 0 0 0 16 
0 0 0 0 0 34 
0 0 0 0 0 34 
0 0 0 0 0 34 
0 0 0 0 0 34 
0 0 0 0 0 34 
0 0 0 0 0 34 
0 0 0 0 0 34 
0 0 0 0 0 34 
0 0 0 0 0 34 
0 0 0 0 0 34 
0 0 15 0 53 0 
0 0 15 0 53 0 
0 0 15 0 53 0 
0 0 15 0 53 0 
0 0 15 0 53 0 
0 0 15 0 53 0 
0 0 15 0 53 0 
0 0 15 0 53 0 
0 0 15 0 53 0 
0 0 15 0 53 0 
0 0 0 0 43 0 
0 0 0 0 43 0 
0 0 0 0 43 0 
0 0 0 0 43 0 
0 0 0 0 43 0 
0 0 0 0 43 0 
0 0 0 0 43 0 
0 0 0 0 43 0 
0 0 0 0 43 0 
0 0 0 0 43 0 
0 0 27 0 0 0 
0 0 27 0 0 0 
0 0 27 0 0 0 
0 0 27 0 0 0 
0 0 27 0 0 0 
0 0 27 0 0 0 
0 0 27 0 0 0 
0 0 27 0 0 0 
0 0 27 0 0 0 
0 0 27 0 0 0 
0 0 0 0 0 32 
0 0 0 0 0 32 
0 0 0 0 0 32 
0 0 0 0 0 32 
0 0 0 0 0 32 
0 0 0 0 0 32 
0 0 0 0 0 32 
0 0 0 0 0 32 
0 0 0 0 0 32 
0 0 0 0 0 32 
47 0 0 0 0 0 
47 0 0 0 0 0 
47 0 0 0 0 0 
47 0 0 0 0 0 
47 0 0 0 0 0 
47 0 0 0 0 0 
47 0 0 0 0 0 
47 0 0 0 0 0 
47 0 0 0 0 0 
47 0 0 0 0 0 
0 0 0 23 0 0 
0 0 0 23 0 0 
0 0 0 23 0 0 
0 0 0 23 0 0 
0 0 0 23 0 0 
0 0 0 23 0 0 
0 0 0 23 0 0 
0 0 0 23 0 0 
0 0 0 23 0 0 
0 0 0 23 0 0 
0 37 0 0 0 0 
0 37 0 0 0 0 
0 37 0 0 0 0 
0 37 0 0 0 0 
0 37 0 0 0 0 
0 37 0 0 0 0 
0 37 0 0 0 0 
0 37 0 0 0 0 
0 37 0 0 0 0 
0 37 0 0 0 0 
0 49 0 57 0 0 
0 49 0 57 0 0 
0 49 0 57 0 0 
0 49 0 57 0 0 
0 49 0 57 0 0 
0 49 0 57 0 0 
0 49 0 57 0 0 
0 49 0 57 0 0 
0 49 0 57 0 0 
0 49 0 57 0 0 
0.0 0.0 0.0 0.0 0.0 0.0 
0.0 0.0 0.0 0.0 0.0 0.0 
0.0 0.0 0.0 0.0 0.0 0.0 
0.0 0.0 0.0 0.0 0.0 0.0 
0.0 0.0 0.0 0.0 0.0 0.0 
0.0 0.0 0.0 0.0 0.0 0.0 
0.0 0.0 0.0 0.0 0.0 0.0 
0.0 0.0 0.0 0.0 0.0 0.0 
0.0 0.0 0.0 0.0 0.0 0.0 
0.0 0.0 0.0 0.0 0.0 0.0 
mind
0 0 0 21 0 0 0 0 0 0 0 0 0 0 0 0 0 0 0 0 0 0 12 0 0 12 11 12 0 0 0 18 0 0 0 0 17 0 0 0 0 0 0 0 0 0 0 0 0 0 27 0
maxd
0 0 0 23 0 0 0 0 0 0 0 0 0 0 0 0 0 0 0 0 0 0 18 0 0 26 14 20 0 0 0 25 0 0 0 0 26 0 0 0 0 0 0 0 0 0 0 0 0 0 30 0
e
0 840 598 938 762 561 690 481 656 777 727 905 678 826 554 841 818 903 846 628 558 739 813 604 907 899 945 504 786 582 602 821 571 718 924 653 545 687 872 892 532 840 554 830 724 922 745 778 675 706 495 0
l
99999 960 718 1058 882 681 810 601 776 897 847 1025 798 946 674 961 938 1023 966 748 678 859 933 724 1027 1019 1065 624 906 702 722 941 691 838 1044 773 665 807 992 1012 652 960 674 950 844 1042 865 898 795 826 615 99999
