nbNodes
52
nbVehi
10
nbServi
6
r
1 1 1 1 1 1 
0 1 0 0 0 0 
0 0 1 0 0 0 
0 0 1 0 0 1 
1 0 0 0 1 0 
0 0 1 0 0 0 
0 1 0 0 0 0 
0 0 1 0 0 0 
0 1 0 0 0 0 
0 0 0 0 0 1 
0 0 0 0 1 0 
1 0 0 0 1 0 
1 0 0 0 0 1 
0 0 1 0 0 0 
0 0 0 1 0 0 
0 0 0 0 1 0 
0 1 0 0 0 0 
0 0 0 0 1 0 
1 0 0 1 0 0 
0 0 0 0 0 1 
0 0 0 0 0 1 
0 1 0 0 0 0 
0 0 0 0 0 1 
1 0 0 0 0 0 
0 0 0 0 0 1 
0 1 0 1 0 0 
0 1 0 0 0 0 
0 0 0 1 0 0 
1 0 0 0 0 1 
0 0 1 0 1 0 
0 1 0 0 1 0 
0 0 1 0 1 0 
0 1 0 0 1 0 
0 0 0 0 0 1 
0 0 0 1 0 0 
0 1 0 0 1 0 
1 0 0 0 0 0 
0 0 0 0 1 0 
0 1 0 0 0 0 
0 0 0 0 0 1 
0 1 0 0 0 0 
1 0 0 0 0 0 
0 1 0 0 1 0 
1 0 0 0 0 1 
1 0 0 0 0 0 
1 0 0 0 0 0 
0 0 1 0 0 0 
0 1 0 0 1 0 
0 0 0 1 0 0 
1 0 0 1 0 0 
0 0 0 1 0 0 
1 1 1 1 1 1 
DS
4 5 12 13 19 26 29 30 31 32 33 36 43 44 48 50 
a
1 1 1 0 0 0 
1 1 1 0 0 0 
1 1 1 0 0 0 
1 1 0 0 0 0 
1 1 0 0 0 0 
0 0 0 1 0 0 
0 0 0 0 1 1 
0 0 0 1 0 0 
0 0 0 1 1 1 
0 0 0 1 1 1 
x
-30.0768 -30.046 -30.0922 -30.0393 -29.9822 -30.042 -30.1099 -30.0813 -30.1551 -30.0768 -30.1133 -30.1034 -30.1038 -30.0074 -29.994 -30.0208 -30.0938 -30.0582 -30.1273 -30.0596 -30.1004 -30.1469 -30.0999 -30.1343 -30.0995 -30.0953 -30.1033 -30.0637 -30.0202 -30.0367 -30.1655 -30.0505 -30.1534 -30.113 -30.1231 -30.1293 -30.1035 -30.0941 -30.1542 -30.097 -30.0855 -30.1754 -30.1272 -29.9837 -30.1475 -30.0603 -30.0413 -30.1521 -30.1017 -30.1547 -30.1116 -30.0768
y
-51.1776 -51.108 -51.232 -51.1332 -51.2033 -51.1972 -51.2298 -51.1759 -51.1638 -51.1776 -51.1028 -51.2546 -51.2265 -51.1885 -51.1304 -51.1097 -51.1744 -51.1416 -51.1096 -51.2218 -51.2283 -51.1555 -51.2261 -51.2146 -51.1875 -51.1365 -51.2499 -51.1956 -51.1928 -51.1544 -51.1399 -51.1599 -51.2195 -51.1394 -51.1026 -51.1405 -51.2466 -51.2325 -51.151 -51.2299 -51.2232 -51.1436 -51.2148 -51.1144 -51.1443 -51.1597 -51.1719 -51.1299 -51.2416 -51.1625 -51.1407 -51.1776
d
0.00000 24.00000 14.00000 19.00000 24.00000 13.00000 16.00000 10.00000 29.00000 0.00000 24.00000 19.00000 16.00000 17.00000 26.00000 23.00000 15.00000 15.00000 25.00000 14.00000 14.00000 28.00000 14.00000 21.00000 16.00000 19.00000 18.00000 9.00000 17.00000 15.00000 32.00000 12.00000 23.00000 24.00000 25.00000 29.00000 17.00000 14.00000 32.00000 13.00000 12.00000 32.00000 20.00000 28.00000 31.00000 11.00000 12.00000 35.00000 16.00000 27.00000 23.00000 0.00000
24.00000 0.00000 28.00000 9.00000 27.00000 18.00000 30.00000 27.00000 42.00000 24.00000 27.00000 33.00000 30.00000 20.00000 16.00000 10.00000 31.00000 14.00000 28.00000 25.00000 29.00000 40.00000 29.00000 35.00000 32.00000 22.00000 32.00000 22.00000 19.00000 12.00000 42.00000 14.00000 37.00000 27.00000 28.00000 32.00000 31.00000 28.00000 40.00000 27.00000 27.00000 43.00000 34.00000 17.00000 38.00000 16.00000 15.00000 37.00000 30.00000 40.00000 26.00000 24.00000
14.00000 27.00000 0.00000 22.00000 24.00000 16.00000 5.00000 20.00000 19.00000 14.00000 28.00000 6.00000 5.00000 20.00000 28.00000 26.00000 15.00000 19.00000 30.00000 12.00000 3.00000 18.00000 3.00000 11.00000 14.00000 23.00000 6.00000 12.00000 19.00000 18.00000 23.00000 15.00000 13.00000 25.00000 30.00000 23.00000 6.00000 1.00000 22.00000 2.00000 5.00000 23.00000 9.00000 31.00000 21.00000 15.00000 15.00000 25.00000 5.00000 18.00000 24.00000 14.00000
18.00000 8.00000 21.00000 0.00000 21.00000 12.00000 23.00000 20.00000 35.00000 18.00000 20.00000 27.00000 23.00000 13.00000 12.00000 7.00000 24.00000 8.00000 22.00000 19.00000 22.00000 34.00000 22.00000 29.00000 25.00000 15.00000 26.00000 15.00000 13.00000 5.00000 38.00000 8.00000 31.00000 21.00000 22.00000 26.00000 25.00000 22.00000 36.00000 21.00000 20.00000 39.00000 28.00000 14.00000 34.00000 9.00000 8.00000 33.00000 24.00000 34.00000 20.00000 18.00000
23.00000 27.00000 23.00000 22.00000 0.00000 13.00000 25.00000 27.00000 39.00000 23.00000 35.00000 23.00000 25.00000 8.00000 17.00000 22.00000 25.00000 24.00000 36.00000 15.00000 23.00000 38.00000 23.00000 30.00000 26.00000 30.00000 23.00000 17.00000 11.00000 17.00000 42.00000 20.00000 32.00000 35.00000 36.00000 39.00000 23.00000 23.00000 41.00000 22.00000 21.00000 42.00000 29.00000 16.00000 41.00000 20.00000 16.00000 45.00000 24.00000 37.00000 34.00000 23.00000
13.00000 18.00000 15.00000 13.00000 13.00000 0.00000 17.00000 17.00000 31.00000 13.00000 24.00000 17.00000 17.00000 9.00000 19.00000 17.00000 17.00000 14.00000 25.00000 7.00000 15.00000 30.00000 16.00000 22.00000 18.00000 19.00000 17.00000 7.00000 8.00000 10.00000 34.00000 10.00000 24.00000 24.00000 25.00000 29.00000 17.00000 15.00000 34.00000 14.00000 13.00000 34.00000 21.00000 21.00000 33.00000 10.00000 6.00000 37.00000 17.00000 29.00000 23.00000 13.00000
16.00000 30.00000 6.00000 24.00000 28.00000 19.00000 0.00000 23.00000 17.00000 16.00000 31.00000 7.00000 5.00000 23.00000 31.00000 29.00000 17.00000 22.00000 33.00000 16.00000 4.00000 17.00000 4.00000 8.00000 13.00000 24.00000 6.00000 14.00000 22.00000 21.00000 22.00000 18.00000 10.00000 24.00000 33.00000 23.00000 5.00000 6.00000 21.00000 5.00000 9.00000 22.00000 6.00000 34.00000 20.00000 18.00000 18.00000 24.00000 5.00000 17.00000 24.00000 16.00000
10.00000 27.00000 20.00000 21.00000 28.00000 17.00000 22.00000 0.00000 28.00000 10.00000 27.00000 25.00000 22.00000 21.00000 29.00000 26.00000 13.00000 17.00000 28.00000 19.00000 21.00000 27.00000 21.00000 27.00000 16.00000 22.00000 24.00000 14.00000 21.00000 19.00000 32.00000 15.00000 30.00000 25.00000 28.00000 28.00000 23.00000 20.00000 31.00000 19.00000 19.00000 32.00000 25.00000 32.00000 30.00000 13.00000 16.00000 34.00000 22.00000 27.00000 24.00000 10.00000
29.00000 42.00000 19.00000 36.00000 40.00000 31.00000 17.00000 29.00000 0.00000 29.00000 23.00000 21.00000 17.00000 35.00000 44.00000 41.00000 19.00000 32.00000 19.00000 28.00000 17.00000 6.00000 17.00000 13.00000 19.00000 23.00000 21.00000 27.00000 35.00000 34.00000 7.00000 31.00000 12.00000 21.00000 20.00000 16.00000 21.00000 20.00000 7.00000 18.00000 21.00000 7.00000 14.00000 46.00000 8.00000 31.00000 30.00000 11.00000 20.00000 3.00000 20.00000 29.00000
0.00000 24.00000 14.00000 19.00000 24.00000 13.00000 16.00000 10.00000 29.00000 0.00000 24.00000 19.00000 16.00000 17.00000 26.00000 23.00000 15.00000 15.00000 25.00000 14.00000 14.00000 28.00000 14.00000 21.00000 16.00000 19.00000 18.00000 9.00000 17.00000 15.00000 32.00000 12.00000 23.00000 24.00000 25.00000 29.00000 17.00000 14.00000 32.00000 13.00000 12.00000 32.00000 20.00000 28.00000 31.00000 11.00000 12.00000 35.00000 16.00000 27.00000 23.00000 0.00000
25.00000 27.00000 29.00000 21.00000 34.00000 23.00000 31.00000 28.00000 22.00000 25.00000 0.00000 34.00000 31.00000 27.00000 30.00000 25.00000 22.00000 17.00000 5.00000 26.00000 30.00000 19.00000 30.00000 33.00000 22.00000 11.00000 33.00000 23.00000 26.00000 21.00000 21.00000 17.00000 32.00000 15.00000 4.00000 14.00000 32.00000 29.00000 20.00000 28.00000 27.00000 23.00000 31.00000 32.00000 17.00000 16.00000 20.00000 16.00000 31.00000 22.00000 14.00000 25.00000
18.00000 31.00000 7.00000 26.00000 25.00000 18.00000 7.00000 24.00000 21.00000 18.00000 33.00000 0.00000 7.00000 22.00000 32.00000 30.00000 19.00000 23.00000 34.00000 12.00000 6.00000 22.00000 7.00000 12.00000 17.00000 28.00000 2.00000 16.00000 21.00000 22.00000 26.00000 19.00000 13.00000 29.00000 34.00000 27.00000 3.00000 6.00000 25.00000 6.00000 10.00000 26.00000 11.00000 33.00000 24.00000 19.00000 19.00000 29.00000 4.00000 21.00000 28.00000 18.00000
14.00000 28.00000 5.00000 22.00000 25.00000 17.00000 4.00000 21.00000 17.00000 14.00000 29.00000 7.00000 0.00000 21.00000 29.00000 27.00000 16.00000 20.00000 31.00000 13.00000 2.00000 16.00000 2.00000 9.00000 12.00000 23.00000 6.00000 12.00000 20.00000 19.00000 21.00000 16.00000 12.00000 23.00000 31.00000 22.00000 5.00000 5.00000 20.00000 4.00000 7.00000 21.00000 7.00000 32.00000 19.00000 16.00000 15.00000 23.00000 5.00000 16.00000 23.00000 14.00000
21.00000 20.00000 21.00000 14.00000 10.00000 10.00000 23.00000 23.00000 38.00000 21.00000 29.00000 24.00000 23.00000 0.00000 12.00000 14.00000 24.00000 16.00000 30.00000 14.00000 22.00000 37.00000 22.00000 29.00000 25.00000 24.00000 23.00000 15.00000 6.00000 9.00000 41.00000 13.00000 31.00000 29.00000 30.00000 34.00000 24.00000 22.00000 40.00000 21.00000 20.00000 41.00000 28.00000 14.00000 40.00000 15.00000 10.00000 42.00000 24.00000 36.00000 28.00000 21.00000
26.00000 16.00000 28.00000 13.00000 17.00000 17.00000 30.00000 28.00000 45.00000 26.00000 30.00000 31.00000 30.00000 13.00000 0.00000 10.00000 31.00000 18.00000 32.00000 21.00000 29.00000 44.00000 29.00000 36.00000 32.00000 25.00000 31.00000 22.00000 12.00000 13.00000 48.00000 16.00000 38.00000 31.00000 32.00000 36.00000 31.00000 29.00000 46.00000 27.00000 27.00000 48.00000 34.00000 5.00000 44.00000 18.00000 15.00000 43.00000 31.00000 43.00000 30.00000 26.00000
23.00000 10.00000 26.00000 7.00000 21.00000 17.00000 28.00000 25.00000 40.00000 23.00000 25.00000 32.00000 28.00000 16.00000 8.00000 0.00000 29.00000 13.00000 27.00000 23.00000 27.00000 39.00000 27.00000 34.00000 30.00000 20.00000 30.00000 20.00000 15.00000 10.00000 43.00000 13.00000 36.00000 26.00000 27.00000 31.00000 29.00000 27.00000 41.00000 25.00000 25.00000 44.00000 33.00000 10.00000 39.00000 14.00000 13.00000 38.00000 29.00000 39.00000 25.00000 23.00000
15.00000 29.00000 15.00000 24.00000 26.00000 17.00000 17.00000 13.00000 19.00000 15.00000 22.00000 21.00000 16.00000 22.00000 30.00000 28.00000 0.00000 21.00000 23.00000 15.00000 16.00000 18.00000 16.00000 19.00000 6.00000 14.00000 19.00000 13.00000 21.00000 20.00000 22.00000 17.00000 21.00000 15.00000 23.00000 19.00000 18.00000 16.00000 21.00000 14.00000 14.00000 22.00000 16.00000 33.00000 21.00000 17.00000 17.00000 25.00000 18.00000 17.00000 14.00000 15.00000
15.00000 14.00000 18.00000 8.00000 23.00000 12.00000 20.00000 17.00000 32.00000 15.00000 17.00000 24.00000 20.00000 15.00000 18.00000 13.00000 21.00000 0.00000 19.00000 16.00000 19.00000 31.00000 19.00000 26.00000 22.00000 12.00000 22.00000 13.00000 15.00000 8.00000 35.00000 6.00000 28.00000 18.00000 19.00000 23.00000 21.00000 19.00000 33.00000 17.00000 17.00000 36.00000 25.00000 19.00000 31.00000 6.00000 8.00000 30.00000 21.00000 31.00000 17.00000 15.00000
26.00000 28.00000 30.00000 23.00000 36.00000 25.00000 32.00000 29.00000 19.00000 26.00000 5.00000 36.00000 32.00000 28.00000 32.00000 27.00000 23.00000 18.00000 0.00000 28.00000 31.00000 16.00000 31.00000 30.00000 24.00000 12.00000 34.00000 24.00000 28.00000 22.00000 18.00000 18.00000 28.00000 16.00000 3.00000 11.00000 33.00000 31.00000 16.00000 29.00000 29.00000 20.00000 30.00000 33.00000 14.00000 17.00000 21.00000 13.00000 33.00000 18.00000 15.00000 26.00000
13.00000 24.00000 11.00000 19.00000 17.00000 8.00000 13.00000 18.00000 28.00000 13.00000 26.00000 12.00000 13.00000 12.00000 23.00000 23.00000 15.00000 17.00000 27.00000 0.00000 12.00000 27.00000 12.00000 19.00000 16.00000 21.00000 12.00000 8.00000 11.00000 15.00000 31.00000 14.00000 21.00000 25.00000 28.00000 28.00000 12.00000 12.00000 30.00000 11.00000 9.00000 31.00000 18.00000 25.00000 30.00000 13.00000 12.00000 34.00000 13.00000 26.00000 24.00000 13.00000
13.00000 27.00000 4.00000 21.00000 24.00000 16.00000 3.00000 20.00000 17.00000 13.00000 28.00000 7.00000 2.00000 20.00000 28.00000 26.00000 15.00000 19.00000 30.00000 12.00000 0.00000 16.00000 1.00000 9.00000 12.00000 23.00000 5.00000 11.00000 19.00000 18.00000 21.00000 15.00000 11.00000 23.00000 30.00000 22.00000 5.00000 4.00000 20.00000 3.00000 6.00000 21.00000 7.00000 31.00000 19.00000 15.00000 14.00000 23.00000 4.00000 16.00000 23.00000 13.00000
28.00000 40.00000 18.00000 35.00000 39.00000 30.00000 17.00000 27.00000 5.00000 28.00000 19.00000 22.00000 16.00000 34.00000 43.00000 40.00000 18.00000 31.00000 16.00000 27.00000 16.00000 0.00000 16.00000 16.00000 18.00000 22.00000 21.00000 26.00000 33.00000 32.00000 9.00000 29.00000 15.00000 19.00000 17.00000 13.00000 20.00000 19.00000 4.00000 17.00000 20.00000 9.00000 15.00000 45.00000 3.00000 29.00000 29.00000 8.00000 20.00000 4.00000 19.00000 28.00000
13.00000 27.00000 3.00000 21.00000 24.00000 15.00000 4.00000 19.00000 17.00000 13.00000 28.00000 7.00000 2.00000 20.00000 28.00000 25.00000 15.00000 19.00000 29.00000 12.00000 1.00000 16.00000 0.00000 9.00000 12.00000 23.00000 6.00000 11.00000 19.00000 18.00000 20.00000 15.00000 11.00000 23.00000 29.00000 21.00000 5.00000 4.00000 20.00000 3.00000 5.00000 20.00000 7.00000 31.00000 19.00000 15.00000 14.00000 23.00000 5.00000 15.00000 22.00000 13.00000
20.00000 34.00000 9.00000 28.00000 31.00000 23.00000 6.00000 26.00000 13.00000 20.00000 33.00000 12.00000 9.00000 27.00000 35.00000 33.00000 19.00000 26.00000 30.00000 19.00000 8.00000 17.00000 8.00000 0.00000 14.00000 25.00000 12.00000 18.00000 26.00000 25.00000 18.00000 22.00000 6.00000 24.00000 31.00000 23.00000 11.00000 10.00000 18.00000 9.00000 12.00000 18.00000 4.00000 38.00000 19.00000 22.00000 21.00000 22.00000 10.00000 14.00000 24.00000 20.00000
16.00000 30.00000 14.00000 25.00000 27.00000 18.00000 12.00000 16.00000 19.00000 16.00000 22.00000 18.00000 12.00000 23.00000 32.00000 29.00000 6.00000 22.00000 23.00000 16.00000 12.00000 18.00000 12.00000 15.00000 0.00000 14.00000 16.00000 14.00000 22.00000 21.00000 22.00000 18.00000 17.00000 16.00000 23.00000 19.00000 16.00000 14.00000 22.00000 13.00000 15.00000 22.00000 12.00000 34.00000 21.00000 18.00000 18.00000 25.00000 15.00000 17.00000 14.00000 16.00000
20.00000 22.00000 24.00000 16.00000 29.00000 19.00000 24.00000 23.00000 23.00000 20.00000 11.00000 29.00000 23.00000 22.00000 26.00000 21.00000 14.00000 12.00000 12.00000 22.00000 23.00000 22.00000 23.00000 26.00000 14.00000 0.00000 28.00000 18.00000 22.00000 16.00000 26.00000 12.00000 28.00000 8.00000 12.00000 13.00000 27.00000 24.00000 25.00000 23.00000 23.00000 26.00000 23.00000 27.00000 23.00000 11.00000 15.00000 22.00000 26.00000 21.00000 7.00000 20.00000
17.00000 31.00000 7.00000 25.00000 24.00000 18.00000 6.00000 24.00000 21.00000 17.00000 32.00000 2.00000 6.00000 22.00000 32.00000 30.00000 19.00000 23.00000 34.00000 12.00000 6.00000 21.00000 6.00000 12.00000 17.00000 27.00000 0.00000 15.00000 21.00000 22.00000 25.00000 19.00000 14.00000 28.00000 34.00000 26.00000 2.00000 6.00000 24.00000 6.00000 9.00000 25.00000 10.00000 32.00000 24.00000 19.00000 18.00000 28.00000 4.00000 20.00000 27.00000 17.00000
9.00000 22.00000 10.00000 16.00000 18.00000 8.00000 12.00000 13.00000 27.00000 9.00000 22.00000 15.00000 12.00000 14.00000 23.00000 21.00000 13.00000 12.00000 23.00000 8.00000 11.00000 26.00000 11.00000 18.00000 14.00000 17.00000 14.00000 0.00000 13.00000 13.00000 30.00000 10.00000 20.00000 22.00000 23.00000 26.00000 13.00000 11.00000 29.00000 9.00000 9.00000 30.00000 16.00000 26.00000 28.00000 8.00000 9.00000 33.00000 12.00000 25.00000 21.00000 9.00000
18.00000 20.00000 18.00000 14.00000 12.00000 7.00000 20.00000 21.00000 35.00000 18.00000 26.00000 21.00000 20.00000 5.00000 14.00000 16.00000 21.00000 16.00000 28.00000 11.00000 19.00000 34.00000 19.00000 26.00000 22.00000 21.00000 20.00000 12.00000 0.00000 11.00000 38.00000 12.00000 28.00000 27.00000 28.00000 32.00000 21.00000 19.00000 37.00000 17.00000 17.00000 38.00000 25.00000 17.00000 36.00000 12.00000 8.00000 39.00000 21.00000 33.00000 26.00000 18.00000
15.00000 12.00000 19.00000 6.00000 18.00000 9.00000 21.00000 18.00000 36.00000 15.00000 21.00000 25.00000 21.00000 10.00000 11.00000 10.00000 22.00000 8.00000 22.00000 16.00000 20.00000 35.00000 20.00000 27.00000 23.00000 16.00000 23.00000 13.00000 10.00000 0.00000 38.00000 5.00000 29.00000 21.00000 22.00000 26.00000 22.00000 20.00000 37.00000 18.00000 18.00000 39.00000 25.00000 14.00000 34.00000 7.00000 6.00000 34.00000 22.00000 34.00000 20.00000 15.00000
32.00000 42.00000 22.00000 39.00000 43.00000 34.00000 21.00000 32.00000 7.00000 32.00000 21.00000 26.00000 21.00000 39.00000 47.00000 43.00000 22.00000 35.00000 18.00000 31.00000 20.00000 9.00000 20.00000 18.00000 23.00000 26.00000 25.00000 30.00000 38.00000 37.00000 0.00000 34.00000 16.00000 21.00000 19.00000 14.00000 24.00000 23.00000 6.00000 22.00000 24.00000 4.00000 19.00000 49.00000 8.00000 34.00000 33.00000 9.00000 24.00000 6.00000 21.00000 32.00000
12.00000 14.00000 15.00000 8.00000 20.00000 9.00000 17.00000 14.00000 32.00000 12.00000 17.00000 21.00000 17.00000 12.00000 15.00000 13.00000 18.00000 7.00000 19.00000 13.00000 16.00000 31.00000 16.00000 23.00000 19.00000 12.00000 19.00000 10.00000 12.00000 5.00000 35.00000 0.00000 25.00000 18.00000 19.00000 23.00000 18.00000 16.00000 33.00000 15.00000 14.00000 35.00000 22.00000 18.00000 31.00000 3.00000 5.00000 30.00000 18.00000 30.00000 17.00000 12.00000
23.00000 36.00000 12.00000 31.00000 34.00000 25.00000 9.00000 29.00000 12.00000 23.00000 32.00000 14.00000 11.00000 29.00000 38.00000 35.00000 21.00000 28.00000 29.00000 22.00000 11.00000 15.00000 11.00000 6.00000 17.00000 28.00000 14.00000 21.00000 29.00000 27.00000 16.00000 25.00000 0.00000 27.00000 30.00000 25.00000 13.00000 13.00000 17.00000 12.00000 15.00000 16.00000 7.00000 40.00000 18.00000 24.00000 24.00000 20.00000 13.00000 13.00000 26.00000 23.00000
25.00000 27.00000 25.00000 22.00000 35.00000 24.00000 24.00000 25.00000 21.00000 25.00000 14.00000 29.00000 23.00000 27.00000 31.00000 26.00000 15.00000 18.00000 16.00000 25.00000 23.00000 20.00000 23.00000 25.00000 16.00000 8.00000 28.00000 23.00000 27.00000 21.00000 22.00000 18.00000 27.00000 0.00000 16.00000 8.00000 27.00000 26.00000 20.00000 24.00000 24.00000 23.00000 22.00000 32.00000 18.00000 16.00000 20.00000 17.00000 27.00000 19.00000 2.00000 25.00000
26.00000 28.00000 30.00000 22.00000 35.00000 25.00000 32.00000 29.00000 20.00000 26.00000 4.00000 35.00000 32.00000 28.00000 32.00000 27.00000 23.00000 18.00000 3.00000 28.00000 31.00000 17.00000 31.00000 31.00000 24.00000 12.00000 34.00000 24.00000 28.00000 22.00000 19.00000 18.00000 30.00000 16.00000 0.00000 12.00000 33.00000 30.00000 17.00000 29.00000 29.00000 21.00000 31.00000 33.00000 15.00000 17.00000 21.00000 14.00000 32.00000 20.00000 15.00000 26.00000
29.00000 32.00000 23.00000 27.00000 40.00000 29.00000 22.00000 28.00000 15.00000 29.00000 14.00000 27.00000 22.00000 32.00000 36.00000 31.00000 19.00000 22.00000 11.00000 29.00000 22.00000 12.00000 21.00000 24.00000 19.00000 13.00000 26.00000 27.00000 32.00000 26.00000 15.00000 23.00000 25.00000 7.00000 12.00000 0.00000 25.00000 24.00000 13.00000 23.00000 25.00000 16.00000 20.00000 37.00000 10.00000 21.00000 25.00000 10.00000 25.00000 15.00000 7.00000 29.00000
17.00000 30.00000 6.00000 25.00000 24.00000 18.00000 5.00000 23.00000 21.00000 17.00000 32.00000 3.00000 5.00000 22.00000 32.00000 29.00000 18.00000 23.00000 33.00000 12.00000 5.00000 20.00000 5.00000 11.00000 16.00000 27.00000 2.00000 15.00000 21.00000 22.00000 24.00000 19.00000 13.00000 27.00000 33.00000 25.00000 0.00000 6.00000 24.00000 6.00000 9.00000 24.00000 10.00000 32.00000 23.00000 19.00000 18.00000 27.00000 3.00000 19.00000 26.00000 17.00000
14.00000 27.00000 2.00000 22.00000 25.00000 16.00000 5.00000 20.00000 19.00000 14.00000 29.00000 8.00000 4.00000 20.00000 28.00000 26.00000 15.00000 19.00000 30.00000 13.00000 3.00000 18.00000 3.00000 10.00000 14.00000 24.00000 7.00000 12.00000 19.00000 18.00000 23.00000 15.00000 12.00000 25.00000 30.00000 24.00000 6.00000 0.00000 22.00000 2.00000 5.00000 23.00000 9.00000 31.00000 21.00000 15.00000 15.00000 25.00000 5.00000 18.00000 24.00000 14.00000
32.00000 40.00000 22.00000 37.00000 43.00000 34.00000 21.00000 31.00000 7.00000 32.00000 20.00000 26.00000 20.00000 38.00000 47.00000 42.00000 22.00000 33.00000 16.00000 31.00000 20.00000 5.00000 20.00000 18.00000 22.00000 25.00000 25.00000 30.00000 37.00000 36.00000 6.00000 33.00000 16.00000 20.00000 17.00000 13.00000 24.00000 23.00000 0.00000 21.00000 24.00000 8.00000 19.00000 48.00000 4.00000 32.00000 33.00000 8.00000 24.00000 6.00000 19.00000 32.00000
14.00000 27.00000 2.00000 22.00000 25.00000 16.00000 3.00000 20.00000 19.00000 14.00000 29.00000 7.00000 4.00000 20.00000 28.00000 26.00000 15.00000 19.00000 30.00000 13.00000 3.00000 18.00000 3.00000 9.00000 14.00000 24.00000 5.00000 12.00000 19.00000 18.00000 23.00000 15.00000 11.00000 25.00000 30.00000 24.00000 4.00000 3.00000 22.00000 0.00000 6.00000 23.00000 8.00000 31.00000 21.00000 15.00000 15.00000 25.00000 4.00000 18.00000 24.00000 14.00000
12.00000 26.00000 4.00000 20.00000 24.00000 15.00000 7.00000 19.00000 21.00000 12.00000 27.00000 10.00000 7.00000 19.00000 27.00000 25.00000 14.00000 18.00000 29.00000 10.00000 6.00000 20.00000 6.00000 12.00000 14.00000 22.00000 9.00000 10.00000 18.00000 17.00000 25.00000 14.00000 14.00000 24.00000 29.00000 26.00000 8.00000 5.00000 24.00000 4.00000 0.00000 25.00000 11.00000 30.00000 23.00000 14.00000 14.00000 28.00000 7.00000 20.00000 23.00000 12.00000
32.00000 43.00000 22.00000 40.00000 43.00000 34.00000 21.00000 32.00000 7.00000 32.00000 23.00000 26.00000 21.00000 39.00000 47.00000 44.00000 22.00000 35.00000 20.00000 31.00000 21.00000 9.00000 20.00000 18.00000 23.00000 26.00000 25.00000 30.00000 38.00000 37.00000 4.00000 34.00000 16.00000 23.00000 20.00000 16.00000 24.00000 23.00000 8.00000 22.00000 24.00000 0.00000 19.00000 50.00000 9.00000 34.00000 33.00000 11.00000 24.00000 6.00000 22.00000 32.00000
19.00000 32.00000 8.00000 27.00000 30.00000 21.00000 5.00000 25.00000 16.00000 19.00000 30.00000 12.00000 7.00000 25.00000 33.00000 31.00000 16.00000 24.00000 30.00000 18.00000 7.00000 15.00000 7.00000 6.00000 12.00000 23.00000 10.00000 17.00000 24.00000 23.00000 19.00000 20.00000 8.00000 22.00000 31.00000 20.00000 10.00000 9.00000 18.00000 8.00000 11.00000 19.00000 0.00000 36.00000 18.00000 20.00000 20.00000 22.00000 9.00000 14.00000 21.00000 19.00000
28.00000 16.00000 32.00000 13.00000 17.00000 20.00000 34.00000 31.00000 46.00000 28.00000 31.00000 33.00000 34.00000 16.00000 5.00000 10.00000 34.00000 18.00000 32.00000 25.00000 32.00000 45.00000 33.00000 39.00000 35.00000 26.00000 32.00000 25.00000 16.00000 16.00000 49.00000 18.00000 41.00000 31.00000 32.00000 36.00000 33.00000 32.00000 47.00000 31.00000 30.00000 49.00000 38.00000 0.00000 45.00000 20.00000 19.00000 44.00000 33.00000 44.00000 30.00000 28.00000
30.00000 38.00000 21.00000 35.00000 42.00000 33.00000 19.00000 30.00000 8.00000 30.00000 17.00000 25.00000 19.00000 37.00000 44.00000 39.00000 21.00000 31.00000 14.00000 30.00000 19.00000 3.00000 19.00000 19.00000 21.00000 23.00000 23.00000 28.00000 36.00000 35.00000 8.00000 31.00000 18.00000 17.00000 15.00000 11.00000 23.00000 21.00000 4.00000 20.00000 23.00000 9.00000 18.00000 46.00000 0.00000 30.00000 32.00000 6.00000 22.00000 7.00000 17.00000 30.00000
11.00000 16.00000 15.00000 11.00000 21.00000 10.00000 17.00000 14.00000 31.00000 11.00000 16.00000 20.00000 17.00000 13.00000 18.00000 15.00000 18.00000 7.00000 18.00000 12.00000 15.00000 30.00000 15.00000 22.00000 19.00000 11.00000 19.00000 9.00000 13.00000 8.00000 34.00000 4.00000 24.00000 17.00000 18.00000 22.00000 18.00000 15.00000 32.00000 14.00000 13.00000 35.00000 21.00000 20.00000 30.00000 0.00000 6.00000 29.00000 17.00000 30.00000 16.00000 11.00000
12.00000 13.00000 15.00000 8.00000 15.00000 6.00000 17.00000 15.00000 32.00000 12.00000 20.00000 21.00000 17.00000 7.00000 15.00000 12.00000 18.00000 10.00000 22.00000 13.00000 16.00000 31.00000 16.00000 23.00000 19.00000 15.00000 19.00000 9.00000 7.00000 4.00000 35.00000 6.00000 25.00000 21.00000 22.00000 26.00000 18.00000 16.00000 34.00000 14.00000 14.00000 35.00000 21.00000 17.00000 33.00000 6.00000 0.00000 33.00000 18.00000 30.00000 20.00000 12.00000
35.00000 37.00000 25.00000 34.00000 46.00000 36.00000 24.00000 35.00000 11.00000 35.00000 16.00000 29.00000 23.00000 40.00000 43.00000 38.00000 25.00000 30.00000 13.00000 34.00000 23.00000 8.00000 23.00000 22.00000 25.00000 22.00000 28.00000 33.00000 39.00000 34.00000 10.00000 30.00000 20.00000 17.00000 14.00000 10.00000 27.00000 26.00000 8.00000 24.00000 27.00000 11.00000 22.00000 45.00000 6.00000 29.00000 33.00000 0.00000 27.00000 10.00000 16.00000 35.00000
16.00000 29.00000 5.00000 24.00000 25.00000 18.00000 5.00000 22.00000 20.00000 16.00000 31.00000 5.00000 5.00000 22.00000 31.00000 28.00000 17.00000 21.00000 32.00000 13.00000 4.00000 19.00000 4.00000 10.00000 15.00000 26.00000 4.00000 14.00000 22.00000 21.00000 24.00000 18.00000 12.00000 26.00000 32.00000 25.00000 3.00000 6.00000 23.00000 5.00000 8.00000 24.00000 9.00000 33.00000 22.00000 18.00000 17.00000 26.00000 0.00000 19.00000 26.00000 16.00000
27.00000 40.00000 18.00000 35.00000 38.00000 30.00000 16.00000 27.00000 3.00000 27.00000 22.00000 21.00000 16.00000 34.00000 42.00000 39.00000 17.00000 31.00000 19.00000 26.00000 16.00000 4.00000 16.00000 14.00000 18.00000 21.00000 20.00000 25.00000 33.00000 32.00000 6.00000 29.00000 12.00000 19.00000 19.00000 15.00000 19.00000 18.00000 7.00000 17.00000 20.00000 6.00000 14.00000 45.00000 7.00000 29.00000 28.00000 10.00000 19.00000 0.00000 18.00000 27.00000
24.00000 26.00000 24.00000 21.00000 34.00000 23.00000 23.00000 24.00000 20.00000 24.00000 13.00000 28.00000 23.00000 26.00000 30.00000 25.00000 14.00000 16.00000 15.00000 24.00000 23.00000 19.00000 22.00000 25.00000 15.00000 7.00000 27.00000 22.00000 26.00000 20.00000 21.00000 16.00000 27.00000 2.00000 15.00000 7.00000 26.00000 25.00000 19.00000 24.00000 23.00000 22.00000 21.00000 31.00000 17.00000 15.00000 19.00000 16.00000 26.00000 19.00000 0.00000 24.00000
0.00000 24.00000 14.00000 19.00000 24.00000 13.00000 16.00000 10.00000 29.00000 0.00000 24.00000 19.00000 16.00000 17.00000 26.00000 23.00000 15.00000 15.00000 25.00000 14.00000 14.00000 28.00000 14.00000 21.00000 16.00000 19.00000 18.00000 9.00000 17.00000 15.00000 32.00000 12.00000 23.00000 24.00000 25.00000 29.00000 17.00000 14.00000 32.00000 13.00000 12.00000 32.00000 20.00000 28.00000 31.00000 11.00000 12.00000 35.00000 16.00000 27.00000 23.00000 0.00000
p
0.0 0.0 0.0 0.0 0.0 0.0 
0.0 0.0 0.0 0.0 0.0 0.0 
0.0 0.0 0.0 0.0 0.0 0.0 
0.0 0.0 0.0 0.0 0.0 0.0 
0.0 0.0 0.0 0.0 0.0 0.0 
0.0 0.0 0.0 0.0 0.0 0.0 
0.0 0.0 0.0 0.0 0.0 0.0 
0.0 0.0 0.0 0.0 0.0 0.0 
0.0 0.0 0.0 0.0 0.0 0.0 
0.0 0.0 0.0 0.0 0.0 0.0 
0 48 0 0 0 0 
0 48 0 0 0 0 
0 48 0 0 0 0 
0 48 0 0 0 0 
0 48 0 0 0 0 
0 48 0 0 0 0 
0 48 0 0 0 0 
0 48 0 0 0 0 
0 48 0 0 0 0 
0 48 0 0 0 0 
0 0 22 0 0 0 
0 0 22 0 0 0 
0 0 22 0 0 0 
0 0 22 0 0 0 
0 0 22 0 0 0 
0 0 22 0 0 0 
0 0 22 0 0 0 
0 0 22 0 0 0 
0 0 22 0 0 0 
0 0 22 0 0 0 
0 0 39 0 0 34 
0 0 39 0 0 34 
0 0 39 0 0 34 
0 0 39 0 0 34 
0 0 39 0 0 34 
0 0 39 0 0 34 
0 0 39 0 0 34 
0 0 39 0 0 34 
0 0 39 0 0 34 
0 0 39 0 0 34 
41 0 0 0 50 0 
41 0 0 0 50 0 
41 0 0 0 50 0 
41 0 0 0 50 0 
41 0 0 0 50 0 
41 0 0 0 50 0 
41 0 0 0 50 0 
41 0 0 0 50 0 
41 0 0 0 50 0 
41 0 0 0 50 0 
0 0 27 0 0 0 
0 0 27 0 0 0 
0 0 27 0 0 0 
0 0 27 0 0 0 
0 0 27 0 0 0 
0 0 27 0 0 0 
0 0 27 0 0 0 
0 0 27 0 0 0 
0 0 27 0 0 0 
0 0 27 0 0 0 
0 22 0 0 0 0 
0 22 0 0 0 0 
0 22 0 0 0 0 
0 22 0 0 0 0 
0 22 0 0 0 0 
0 22 0 0 0 0 
0 22 0 0 0 0 
0 22 0 0 0 0 
0 22 0 0 0 0 
0 22 0 0 0 0 
0 0 24 0 0 0 
0 0 24 0 0 0 
0 0 24 0 0 0 
0 0 24 0 0 0 
0 0 24 0 0 0 
0 0 24 0 0 0 
0 0 24 0 0 0 
0 0 24 0 0 0 
0 0 24 0 0 0 
0 0 24 0 0 0 
0 41 0 0 0 0 
0 41 0 0 0 0 
0 41 0 0 0 0 
0 41 0 0 0 0 
0 41 0 0 0 0 
0 41 0 0 0 0 
0 41 0 0 0 0 
0 41 0 0 0 0 
0 41 0 0 0 0 
0 41 0 0 0 0 
0 0 0 0 0 41 
0 0 0 0 0 41 
0 0 0 0 0 41 
0 0 0 0 0 41 
0 0 0 0 0 41 
0 0 0 0 0 41 
0 0 0 0 0 41 
0 0 0 0 0 41 
0 0 0 0 0 41 
0 0 0 0 0 41 
0 0 0 0 50 0 
0 0 0 0 50 0 
0 0 0 0 50 0 
0 0 0 0 50 0 
0 0 0 0 50 0 
0 0 0 0 50 0 
0 0 0 0 50 0 
0 0 0 0 50 0 
0 0 0 0 50 0 
0 0 0 0 50 0 
25 0 0 0 40 0 
25 0 0 0 40 0 
25 0 0 0 40 0 
25 0 0 0 40 0 
25 0 0 0 40 0 
25 0 0 0 40 0 
25 0 0 0 40 0 
25 0 0 0 40 0 
25 0 0 0 40 0 
25 0 0 0 40 0 
16 0 0 0 0 49 
16 0 0 0 0 49 
16 0 0 0 0 49 
16 0 0 0 0 49 
16 0 0 0 0 49 
16 0 0 0 0 49 
16 0 0 0 0 49 
16 0 0 0 0 49 
16 0 0 0 0 49 
16 0 0 0 0 49 
0 0 51 0 0 0 
0 0 51 0 0 0 
0 0 51 0 0 0 
0 0 51 0 0 0 
0 0 51 0 0 0 
0 0 51 0 0 0 
0 0 51 0 0 0 
0 0 51 0 0 0 
0 0 51 0 0 0 
0 0 51 0 0 0 
0 0 0 17 0 0 
0 0 0 17 0 0 
0 0 0 17 0 0 
0 0 0 17 0 0 
0 0 0 17 0 0 
0 0 0 17 0 0 
0 0 0 17 0 0 
0 0 0 17 0 0 
0 0 0 17 0 0 
0 0 0 17 0 0 
0 0 0 0 42 0 
0 0 0 0 42 0 
0 0 0 0 42 0 
0 0 0 0 42 0 
0 0 0 0 42 0 
0 0 0 0 42 0 
0 0 0 0 42 0 
0 0 0 0 42 0 
0 0 0 0 42 0 
0 0 0 0 42 0 
0 19 0 0 0 0 
0 19 0 0 0 0 
0 19 0 0 0 0 
0 19 0 0 0 0 
0 19 0 0 0 0 
0 19 0 0 0 0 
0 19 0 0 0 0 
0 19 0 0 0 0 
0 19 0 0 0 0 
0 19 0 0 0 0 
0 0 0 0 33 0 
0 0 0 0 33 0 
0 0 0 0 33 0 
0 0 0 0 33 0 
0 0 0 0 33 0 
0 0 0 0 33 0 
0 0 0 0 33 0 
0 0 0 0 33 0 
0 0 0 0 33 0 
0 0 0 0 33 0 
31 0 0 53 0 0 
31 0 0 53 0 0 
31 0 0 53 0 0 
31 0 0 53 0 0 
31 0 0 53 0 0 
31 0 0 53 0 0 
31 0 0 53 0 0 
31 0 0 53 0 0 
31 0 0 53 0 0 
31 0 0 53 0 0 
0 0 0 0 0 47 
0 0 0 0 0 47 
0 0 0 0 0 47 
0 0 0 0 0 47 
0 0 0 0 0 47 
0 0 0 0 0 47 
0 0 0 0 0 47 
0 0 0 0 0 47 
0 0 0 0 0 47 
0 0 0 0 0 47 
0 0 0 0 0 59 
0 0 0 0 0 59 
0 0 0 0 0 59 
0 0 0 0 0 59 
0 0 0 0 0 59 
0 0 0 0 0 59 
0 0 0 0 0 59 
0 0 0 0 0 59 
0 0 0 0 0 59 
0 0 0 0 0 59 
0 55 0 0 0 0 
0 55 0 0 0 0 
0 55 0 0 0 0 
0 55 0 0 0 0 
0 55 0 0 0 0 
0 55 0 0 0 0 
0 55 0 0 0 0 
0 55 0 0 0 0 
0 55 0 0 0 0 
0 55 0 0 0 0 
0 0 0 0 0 43 
0 0 0 0 0 43 
0 0 0 0 0 43 
0 0 0 0 0 43 
0 0 0 0 0 43 
0 0 0 0 0 43 
0 0 0 0 0 43 
0 0 0 0 0 43 
0 0 0 0 0 43 
0 0 0 0 0 43 
37 0 0 0 0 0 
37 0 0 0 0 0 
37 0 0 0 0 0 
37 0 0 0 0 0 
37 0 0 0 0 0 
37 0 0 0 0 0 
37 0 0 0 0 0 
37 0 0 0 0 0 
37 0 0 0 0 0 
37 0 0 0 0 0 
0 0 0 0 0 20 
0 0 0 0 0 20 
0 0 0 0 0 20 
0 0 0 0 0 20 
0 0 0 0 0 20 
0 0 0 0 0 20 
0 0 0 0 0 20 
0 0 0 0 0 20 
0 0 0 0 0 20 
0 0 0 0 0 20 
0 51 0 18 0 0 
0 51 0 18 0 0 
0 51 0 18 0 0 
0 51 0 18 0 0 
0 51 0 18 0 0 
0 51 0 18 0 0 
0 51 0 18 0 0 
0 51 0 18 0 0 
0 51 0 18 0 0 
0 51 0 18 0 0 
0 29 0 0 0 0 
0 29 0 0 0 0 
0 29 0 0 0 0 
0 29 0 0 0 0 
0 29 0 0 0 0 
0 29 0 0 0 0 
0 29 0 0 0 0 
0 29 0 0 0 0 
0 29 0 0 0 0 
0 29 0 0 0 0 
0 0 0 24 0 0 
0 0 0 24 0 0 
0 0 0 24 0 0 
0 0 0 24 0 0 
0 0 0 24 0 0 
0 0 0 24 0 0 
0 0 0 24 0 0 
0 0 0 24 0 0 
0 0 0 24 0 0 
0 0 0 24 0 0 
27 0 0 0 0 55 
27 0 0 0 0 55 
27 0 0 0 0 55 
27 0 0 0 0 55 
27 0 0 0 0 55 
27 0 0 0 0 55 
27 0 0 0 0 55 
27 0 0 0 0 55 
27 0 0 0 0 55 
27 0 0 0 0 55 
0 0 20 0 57 0 
0 0 20 0 57 0 
0 0 20 0 57 0 
0 0 20 0 57 0 
0 0 20 0 57 0 
0 0 20 0 57 0 
0 0 20 0 57 0 
0 0 20 0 57 0 
0 0 20 0 57 0 
0 0 20 0 57 0 
0 56 0 0 37 0 
0 56 0 0 37 0 
0 56 0 0 37 0 
0 56 0 0 37 0 
0 56 0 0 37 0 
0 56 0 0 37 0 
0 56 0 0 37 0 
0 56 0 0 37 0 
0 56 0 0 37 0 
0 56 0 0 37 0 
0 0 48 0 34 0 
0 0 48 0 34 0 
0 0 48 0 34 0 
0 0 48 0 34 0 
0 0 48 0 34 0 
0 0 48 0 34 0 
0 0 48 0 34 0 
0 0 48 0 34 0 
0 0 48 0 34 0 
0 0 48 0 34 0 
0 55 0 0 20 0 
0 55 0 0 20 0 
0 55 0 0 20 0 
0 55 0 0 20 0 
0 55 0 0 20 0 
0 55 0 0 20 0 
0 55 0 0 20 0 
0 55 0 0 20 0 
0 55 0 0 20 0 
0 55 0 0 20 0 
0 0 0 0 0 28 
0 0 0 0 0 28 
0 0 0 0 0 28 
0 0 0 0 0 28 
0 0 0 0 0 28 
0 0 0 0 0 28 
0 0 0 0 0 28 
0 0 0 0 0 28 
0 0 0 0 0 28 
0 0 0 0 0 28 
0 0 0 39 0 0 
0 0 0 39 0 0 
0 0 0 39 0 0 
0 0 0 39 0 0 
0 0 0 39 0 0 
0 0 0 39 0 0 
0 0 0 39 0 0 
0 0 0 39 0 0 
0 0 0 39 0 0 
0 0 0 39 0 0 
0 23 0 0 22 0 
0 23 0 0 22 0 
0 23 0 0 22 0 
0 23 0 0 22 0 
0 23 0 0 22 0 
0 23 0 0 22 0 
0 23 0 0 22 0 
0 23 0 0 22 0 
0 23 0 0 22 0 
0 23 0 0 22 0 
52 0 0 0 0 0 
52 0 0 0 0 0 
52 0 0 0 0 0 
52 0 0 0 0 0 
52 0 0 0 0 0 
52 0 0 0 0 0 
52 0 0 0 0 0 
52 0 0 0 0 0 
52 0 0 0 0 0 
52 0 0 0 0 0 
0 0 0 0 57 0 
0 0 0 0 57 0 
0 0 0 0 57 0 
0 0 0 0 57 0 
0 0 0 0 57 0 
0 0 0 0 57 0 
0 0 0 0 57 0 
0 0 0 0 57 0 
0 0 0 0 57 0 
0 0 0 0 57 0 
0 37 0 0 0 0 
0 37 0 0 0 0 
0 37 0 0 0 0 
0 37 0 0 0 0 
0 37 0 0 0 0 
0 37 0 0 0 0 
0 37 0 0 0 0 
0 37 0 0 0 0 
0 37 0 0 0 0 
0 37 0 0 0 0 
0 0 0 0 0 54 
0 0 0 0 0 54 
0 0 0 0 0 54 
0 0 0 0 0 54 
0 0 0 0 0 54 
0 0 0 0 0 54 
0 0 0 0 0 54 
0 0 0 0 0 54 
0 0 0 0 0 54 
0 0 0 0 0 54 
0 17 0 0 0 0 
0 17 0 0 0 0 
0 17 0 0 0 0 
0 17 0 0 0 0 
0 17 0 0 0 0 
0 17 0 0 0 0 
0 17 0 0 0 0 
0 17 0 0 0 0 
0 17 0 0 0 0 
0 17 0 0 0 0 
59 0 0 0 0 0 
59 0 0 0 0 0 
59 0 0 0 0 0 
59 0 0 0 0 0 
59 0 0 0 0 0 
59 0 0 0 0 0 
59 0 0 0 0 0 
59 0 0 0 0 0 
59 0 0 0 0 0 
59 0 0 0 0 0 
0 58 0 0 57 0 
0 58 0 0 57 0 
0 58 0 0 57 0 
0 58 0 0 57 0 
0 58 0 0 57 0 
0 58 0 0 57 0 
0 58 0 0 57 0 
0 58 0 0 57 0 
0 58 0 0 57 0 
0 58 0 0 57 0 
16 0 0 0 0 44 
16 0 0 0 0 44 
16 0 0 0 0 44 
16 0 0 0 0 44 
16 0 0 0 0 44 
16 0 0 0 0 44 
16 0 0 0 0 44 
16 0 0 0 0 44 
16 0 0 0 0 44 
16 0 0 0 0 44 
26 0 0 0 0 0 
26 0 0 0 0 0 
26 0 0 0 0 0 
26 0 0 0 0 0 
26 0 0 0 0 0 
26 0 0 0 0 0 
26 0 0 0 0 0 
26 0 0 0 0 0 
26 0 0 0 0 0 
26 0 0 0 0 0 
26 0 0 0 0 0 
26 0 0 0 0 0 
26 0 0 0 0 0 
26 0 0 0 0 0 
26 0 0 0 0 0 
26 0 0 0 0 0 
26 0 0 0 0 0 
26 0 0 0 0 0 
26 0 0 0 0 0 
26 0 0 0 0 0 
0 0 35 0 0 0 
0 0 35 0 0 0 
0 0 35 0 0 0 
0 0 35 0 0 0 
0 0 35 0 0 0 
0 0 35 0 0 0 
0 0 35 0 0 0 
0 0 35 0 0 0 
0 0 35 0 0 0 
0 0 35 0 0 0 
0 39 0 0 35 0 
0 39 0 0 35 0 
0 39 0 0 35 0 
0 39 0 0 35 0 
0 39 0 0 35 0 
0 39 0 0 35 0 
0 39 0 0 35 0 
0 39 0 0 35 0 
0 39 0 0 35 0 
0 39 0 0 35 0 
0 0 0 25 0 0 
0 0 0 25 0 0 
0 0 0 25 0 0 
0 0 0 25 0 0 
0 0 0 25 0 0 
0 0 0 25 0 0 
0 0 0 25 0 0 
0 0 0 25 0 0 
0 0 0 25 0 0 
0 0 0 25 0 0 
28 0 0 17 0 0 
28 0 0 17 0 0 
28 0 0 17 0 0 
28 0 0 17 0 0 
28 0 0 17 0 0 
28 0 0 17 0 0 
28 0 0 17 0 0 
28 0 0 17 0 0 
28 0 0 17 0 0 
28 0 0 17 0 0 
0 0 0 52 0 0 
0 0 0 52 0 0 
0 0 0 52 0 0 
0 0 0 52 0 0 
0 0 0 52 0 0 
0 0 0 52 0 0 
0 0 0 52 0 0 
0 0 0 52 0 0 
0 0 0 52 0 0 
0 0 0 52 0 0 
0.0 0.0 0.0 0.0 0.0 0.0 
0.0 0.0 0.0 0.0 0.0 0.0 
0.0 0.0 0.0 0.0 0.0 0.0 
0.0 0.0 0.0 0.0 0.0 0.0 
0.0 0.0 0.0 0.0 0.0 0.0 
0.0 0.0 0.0 0.0 0.0 0.0 
0.0 0.0 0.0 0.0 0.0 0.0 
0.0 0.0 0.0 0.0 0.0 0.0 
0.0 0.0 0.0 0.0 0.0 0.0 
0.0 0.0 0.0 0.0 0.0 0.0 
mind
0 0 0 16 11 0 0 0 0 0 0 0 0 0 0 0 0 0 15 0 0 0 0 0 0 0 0 0 0 13 0 19 0 0 0 0 0 0 0 0 0 0 22 12 0 0 0 13 0 0 0 0
maxd
0 0 0 18 19 0 0 0 0 0 0 0 0 0 0 0 0 0 19 0 0 0 0 0 0 0 0 0 0 22 0 26 0 0 0 0 0 0 0 0 0 0 24 27 0 0 0 26 0 0 0 0
e
0 487 661 846 851 603 943 542 673 906 740 635 531 827 712 593 924 812 741 539 627 514 930 887 917 835 949 483 586 871 512 839 505 532 916 675 766 743 953 742 554 546 498 697 791 587 747 531 793 616 888 0
l
99999 607 781 966 971 723 1063 662 793 1026 860 755 651 947 832 713 1044 932 861 659 747 634 1050 1007 1037 955 1069 603 706 991 632 959 625 652 1036 795 886 863 1073 862 674 666 618 817 911 707 867 651 913 736 1008 99999
