nbNodes
52
nbVehi
10
nbServi
6
r
1 1 1 1 1 1 
0 0 0 1 0 0 
0 0 0 1 0 0 
0 1 0 0 0 1 
0 1 0 0 0 0 
0 0 0 0 1 0 
0 0 0 0 0 1 
0 0 0 1 0 0 
0 0 0 1 0 0 
0 0 0 0 1 0 
0 0 1 0 0 0 
0 0 1 0 0 0 
1 0 0 0 0 1 
1 0 0 0 0 0 
1 0 0 0 1 0 
0 1 0 0 1 0 
0 0 0 1 0 0 
0 0 0 0 0 1 
0 1 0 1 0 0 
0 0 0 0 0 1 
0 0 0 0 1 0 
0 0 0 0 1 0 
0 0 0 0 1 0 
0 0 1 0 0 0 
1 0 0 0 0 1 
0 1 0 0 1 0 
0 0 1 0 0 0 
0 0 0 0 1 0 
0 0 0 0 0 1 
1 0 0 0 0 0 
0 0 1 0 0 1 
0 0 1 0 1 0 
0 0 0 0 1 0 
0 0 1 1 0 0 
0 1 0 0 0 0 
0 0 1 0 0 0 
0 0 0 0 1 0 
1 0 0 1 0 0 
1 0 0 0 0 0 
0 0 1 0 0 0 
0 0 0 1 0 0 
0 0 0 0 1 0 
1 0 0 0 0 0 
0 0 0 1 0 0 
1 0 0 1 0 0 
1 0 0 0 1 0 
0 1 0 0 0 1 
0 0 0 1 0 0 
0 0 1 0 1 0 
0 1 0 1 0 0 
0 0 0 0 1 0 
1 1 1 1 1 1 
DS
4 13 15 16 19 25 26 31 32 34 38 45 46 47 49 50 
a
1 0 0 0 0 0 
1 1 1 0 0 0 
0 1 1 0 0 0 
0 1 1 0 0 0 
1 1 1 0 0 0 
0 0 0 1 1 1 
0 0 0 1 1 0 
0 0 0 1 0 1 
0 0 0 1 1 0 
0 0 0 1 1 1 
x
-30.0612 -30.021 -30.0191 -30.0181 -30.0009 -30.0441 -29.9933 -30.0257 -30.0273 -29.9895 -30.0279 -30.0125 -30.0343 -30.0071 -30.0036 -30.032 -30.0143 -29.9867 -30.0203 -30.0273 -30.0125 -30.0268 -29.9988 -29.9962 -29.9925 -30.0256 -29.9856 -30.015 -29.9993 -30.011 -30.0052 -30.0094 -29.9886 -30.0038 -30.0612 -29.9919 -30.0003 -30.2377 -30.018 -30.0423 -30.2343 -30.0379 -29.9742 -30.0166 -30.0237 -30.0146 -30.0579 -29.9891 -30.0097 -29.9798 -30.0058 -30.0612
y
-51.1466 -51.1788 -51.1417 -51.1717 -51.193 -51.1236 -51.1932 -51.1152 -51.1 -51.1924 -51.1963 -51.1919 -51.1755 -51.2039 -51.2046 -51.1103 -51.1964 -51.1988 -51.1352 -51.1429 -51.1487 -51.144 -51.1993 -51.2008 -51.1935 -51.1613 -51.1959 -51.2045 -51.1978 -51.1809 -51.1944 -51.1744 -51.2021 -51.2034 -51.1466 -51.121 -51.1898 -51.0946 -51.2135 -51.1281 -51.0957 -51.1638 -51.1821 -51.1556 -51.1806 -51.1638 -51.144 -51.2012 -51.1789 -51.1738 -51.2003 -51.1466
d
0.00000 13.00000 14.00000 15.00000 17.00000 10.00000 18.00000 12.00000 15.00000 20.00000 15.00000 17.00000 10.00000 19.00000 19.00000 14.00000 17.00000 19.00000 13.00000 11.00000 14.00000 11.00000 18.00000 19.00000 18.00000 11.00000 20.00000 18.00000 18.00000 15.00000 17.00000 16.00000 19.00000 18.00000 0.00000 19.00000 16.00000 45.00000 18.00000 9.00000 44.00000 10.00000 22.00000 13.00000 12.00000 14.00000 3.00000 20.00000 16.00000 21.00000 19.00000 0.00000
15.00000 0.00000 10.00000 2.00000 6.00000 13.00000 7.00000 14.00000 17.00000 9.00000 6.00000 6.00000 6.00000 8.00000 7.00000 17.00000 6.00000 9.00000 11.00000 10.00000 7.00000 9.00000 7.00000 9.00000 8.00000 5.00000 10.00000 7.00000 8.00000 3.00000 6.00000 4.00000 9.00000 7.00000 15.00000 13.00000 6.00000 52.00000 8.00000 13.00000 51.00000 7.00000 12.00000 7.00000 2.00000 5.00000 14.00000 9.00000 3.00000 11.00000 8.00000 15.00000
12.00000 11.00000 0.00000 10.00000 13.00000 10.00000 14.00000 9.00000 11.00000 16.00000 14.00000 14.00000 10.00000 14.00000 14.00000 11.00000 14.00000 16.00000 3.00000 2.00000 6.00000 2.00000 14.00000 16.00000 15.00000 7.00000 16.00000 15.00000 14.00000 12.00000 12.00000 10.00000 16.00000 13.00000 12.00000 10.00000 13.00000 52.00000 17.00000 9.00000 51.00000 9.00000 18.00000 6.00000 11.00000 8.00000 11.00000 16.00000 11.00000 17.00000 14.00000 12.00000
15.00000 3.00000 9.00000 0.00000 7.00000 13.00000 8.00000 13.00000 16.00000 10.00000 7.00000 7.00000 6.00000 9.00000 8.00000 16.00000 7.00000 10.00000 10.00000 9.00000 6.00000 8.00000 8.00000 10.00000 9.00000 5.00000 11.00000 8.00000 8.00000 5.00000 7.00000 4.00000 10.00000 8.00000 15.00000 13.00000 7.00000 53.00000 10.00000 12.00000 52.00000 7.00000 13.00000 6.00000 4.00000 4.00000 14.00000 10.00000 5.00000 12.00000 9.00000 15.00000
20.00000 8.00000 13.00000 9.00000 0.00000 18.00000 3.00000 17.00000 20.00000 4.00000 8.00000 5.00000 10.00000 4.00000 3.00000 20.00000 5.00000 4.00000 14.00000 14.00000 10.00000 14.00000 2.00000 3.00000 4.00000 10.00000 4.00000 5.00000 2.00000 6.00000 4.00000 7.00000 4.00000 3.00000 20.00000 15.00000 3.00000 54.00000 6.00000 18.00000 53.00000 13.00000 7.00000 10.00000 9.00000 8.00000 19.00000 4.00000 6.00000 6.00000 4.00000 20.00000
10.00000 13.00000 11.00000 14.00000 16.00000 0.00000 17.00000 5.00000 8.00000 19.00000 15.00000 17.00000 10.00000 18.00000 18.00000 7.00000 17.00000 19.00000 9.00000 8.00000 12.00000 8.00000 17.00000 19.00000 18.00000 9.00000 19.00000 17.00000 17.00000 15.00000 17.00000 15.00000 19.00000 18.00000 10.00000 12.00000 16.00000 50.00000 19.00000 2.00000 49.00000 8.00000 21.00000 11.00000 12.00000 12.00000 9.00000 19.00000 15.00000 21.00000 19.00000 10.00000
21.00000 9.00000 14.00000 9.00000 3.00000 19.00000 0.00000 18.00000 21.00000 2.00000 9.00000 6.00000 11.00000 4.00000 4.00000 21.00000 6.00000 2.00000 15.00000 15.00000 11.00000 14.00000 2.00000 3.00000 1.00000 11.00000 3.00000 5.00000 3.00000 7.00000 4.00000 7.00000 2.00000 3.00000 21.00000 16.00000 4.00000 55.00000 7.00000 19.00000 54.00000 14.00000 5.00000 11.00000 9.00000 9.00000 20.00000 3.00000 7.00000 7.00000 4.00000 21.00000
13.00000 15.00000 10.00000 14.00000 17.00000 6.00000 18.00000 0.00000 5.00000 19.00000 17.00000 17.00000 12.00000 18.00000 17.00000 4.00000 17.00000 19.00000 8.00000 10.00000 11.00000 10.00000 18.00000 19.00000 18.00000 12.00000 20.00000 19.00000 17.00000 15.00000 16.00000 13.00000 19.00000 17.00000 13.00000 10.00000 16.00000 52.00000 20.00000 6.00000 51.00000 10.00000 22.00000 13.00000 14.00000 13.00000 11.00000 20.00000 15.00000 21.00000 18.00000 13.00000
16.00000 17.00000 12.00000 16.00000 19.00000 9.00000 20.00000 5.00000 0.00000 22.00000 20.00000 20.00000 15.00000 20.00000 20.00000 5.00000 20.00000 22.00000 10.00000 13.00000 13.00000 13.00000 20.00000 21.00000 21.00000 15.00000 22.00000 21.00000 20.00000 18.00000 18.00000 16.00000 21.00000 19.00000 16.00000 12.00000 18.00000 52.00000 23.00000 9.00000 51.00000 13.00000 24.00000 15.00000 17.00000 16.00000 14.00000 22.00000 17.00000 23.00000 20.00000 16.00000
21.00000 9.00000 14.00000 10.00000 4.00000 20.00000 2.00000 19.00000 21.00000 0.00000 10.00000 6.00000 11.00000 5.00000 5.00000 22.00000 6.00000 3.00000 16.00000 15.00000 12.00000 15.00000 4.00000 4.00000 2.00000 12.00000 3.00000 7.00000 5.00000 8.00000 5.00000 8.00000 3.00000 5.00000 21.00000 16.00000 4.00000 56.00000 8.00000 19.00000 55.00000 14.00000 5.00000 12.00000 10.00000 10.00000 20.00000 4.00000 7.00000 8.00000 6.00000 21.00000
16.00000 4.00000 13.00000 6.00000 7.00000 14.00000 8.00000 17.00000 19.00000 9.00000 0.00000 5.00000 6.00000 6.00000 7.00000 18.00000 5.00000 9.00000 14.00000 12.00000 10.00000 11.00000 8.00000 9.00000 9.00000 7.00000 10.00000 5.00000 7.00000 6.00000 7.00000 7.00000 9.00000 7.00000 16.00000 16.00000 6.00000 48.00000 7.00000 14.00000 48.00000 9.00000 12.00000 10.00000 3.00000 7.00000 15.00000 10.00000 6.00000 11.00000 6.00000 16.00000
17.00000 5.00000 12.00000 6.00000 4.00000 16.00000 5.00000 16.00000 19.00000 7.00000 5.00000 0.00000 7.00000 6.00000 6.00000 20.00000 3.00000 7.00000 14.00000 13.00000 9.00000 13.00000 5.00000 7.00000 6.00000 9.00000 8.00000 5.00000 6.00000 3.00000 4.00000 7.00000 7.00000 6.00000 17.00000 16.00000 4.00000 52.00000 7.00000 15.00000 51.00000 11.00000 10.00000 10.00000 6.00000 8.00000 16.00000 7.00000 4.00000 9.00000 5.00000 17.00000
13.00000 4.00000 12.00000 6.00000 8.00000 11.00000 9.00000 14.00000 16.00000 11.00000 8.00000 9.00000 0.00000 10.00000 10.00000 15.00000 9.00000 11.00000 12.00000 9.00000 10.00000 9.00000 9.00000 10.00000 10.00000 5.00000 11.00000 9.00000 9.00000 6.00000 9.00000 8.00000 10.00000 10.00000 13.00000 17.00000 7.00000 49.00000 11.00000 11.00000 48.00000 5.00000 13.00000 8.00000 4.00000 7.00000 12.00000 11.00000 7.00000 12.00000 10.00000 13.00000
20.00000 8.00000 13.00000 8.00000 5.00000 18.00000 5.00000 17.00000 20.00000 5.00000 7.00000 4.00000 10.00000 0.00000 2.00000 20.00000 4.00000 5.00000 14.00000 14.00000 10.00000 13.00000 4.00000 4.00000 5.00000 10.00000 6.00000 3.00000 3.00000 5.00000 3.00000 7.00000 5.00000 1.00000 20.00000 16.00000 5.00000 52.00000 5.00000 17.00000 51.00000 13.00000 8.00000 10.00000 8.00000 8.00000 19.00000 5.00000 5.00000 8.00000 2.00000 20.00000
20.00000 8.00000 13.00000 8.00000 5.00000 18.00000 5.00000 17.00000 20.00000 5.00000 8.00000 4.00000 10.00000 3.00000 0.00000 21.00000 5.00000 5.00000 14.00000 14.00000 10.00000 14.00000 4.00000 4.00000 5.00000 10.00000 6.00000 4.00000 3.00000 6.00000 3.00000 7.00000 4.00000 2.00000 20.00000 16.00000 5.00000 53.00000 5.00000 18.00000 52.00000 13.00000 8.00000 10.00000 9.00000 9.00000 19.00000 4.00000 6.00000 8.00000 2.00000 20.00000
14.00000 17.00000 13.00000 17.00000 20.00000 7.00000 21.00000 4.00000 5.00000 22.00000 19.00000 20.00000 14.00000 21.00000 20.00000 0.00000 20.00000 22.00000 11.00000 12.00000 14.00000 12.00000 20.00000 22.00000 21.00000 13.00000 23.00000 21.00000 20.00000 18.00000 19.00000 16.00000 22.00000 20.00000 14.00000 13.00000 19.00000 52.00000 23.00000 8.00000 51.00000 12.00000 25.00000 15.00000 16.00000 16.00000 13.00000 23.00000 18.00000 24.00000 21.00000 14.00000
19.00000 6.00000 13.00000 7.00000 5.00000 17.00000 6.00000 17.00000 20.00000 6.00000 5.00000 3.00000 9.00000 4.00000 4.00000 20.00000 0.00000 6.00000 14.00000 14.00000 10.00000 13.00000 5.00000 6.00000 6.00000 10.00000 7.00000 4.00000 4.00000 5.00000 3.00000 7.00000 6.00000 4.00000 19.00000 16.00000 5.00000 51.00000 6.00000 17.00000 50.00000 13.00000 10.00000 10.00000 7.00000 8.00000 18.00000 7.00000 5.00000 10.00000 3.00000 19.00000
22.00000 10.00000 15.00000 11.00000 4.00000 20.00000 3.00000 19.00000 22.00000 3.00000 10.00000 7.00000 12.00000 5.00000 4.00000 22.00000 7.00000 0.00000 16.00000 16.00000 12.00000 16.00000 3.00000 3.00000 3.00000 12.00000 2.00000 6.00000 4.00000 8.00000 6.00000 9.00000 1.00000 4.00000 22.00000 15.00000 5.00000 54.00000 7.00000 20.00000 54.00000 15.00000 6.00000 12.00000 11.00000 10.00000 21.00000 2.00000 8.00000 8.00000 5.00000 22.00000
13.00000 12.00000 3.00000 11.00000 14.00000 9.00000 15.00000 7.00000 9.00000 16.00000 15.00000 14.00000 12.00000 15.00000 14.00000 10.00000 15.00000 16.00000 0.00000 3.00000 7.00000 4.00000 15.00000 16.00000 15.00000 8.00000 17.00000 16.00000 14.00000 12.00000 13.00000 10.00000 16.00000 14.00000 13.00000 10.00000 13.00000 53.00000 17.00000 9.00000 52.00000 10.00000 19.00000 7.00000 12.00000 9.00000 12.00000 17.00000 12.00000 18.00000 15.00000 13.00000
11.00000 10.00000 4.00000 11.00000 14.00000 8.00000 15.00000 10.00000 12.00000 16.00000 13.00000 15.00000 10.00000 15.00000 14.00000 12.00000 15.00000 16.00000 4.00000 0.00000 7.00000 3.00000 15.00000 16.00000 15.00000 6.00000 17.00000 16.00000 15.00000 13.00000 13.00000 10.00000 16.00000 14.00000 11.00000 12.00000 13.00000 51.00000 18.00000 8.00000 50.00000 8.00000 19.00000 6.00000 10.00000 8.00000 10.00000 17.00000 12.00000 18.00000 15.00000 11.00000
15.00000 9.00000 4.00000 9.00000 11.00000 11.00000 12.00000 9.00000 12.00000 14.00000 13.00000 12.00000 10.00000 12.00000 12.00000 12.00000 12.00000 14.00000 6.00000 5.00000 0.00000 5.00000 12.00000 14.00000 13.00000 7.00000 15.00000 14.00000 12.00000 10.00000 11.00000 8.00000 14.00000 12.00000 15.00000 8.00000 11.00000 54.00000 15.00000 12.00000 53.00000 9.00000 17.00000 4.00000 10.00000 6.00000 13.00000 14.00000 9.00000 16.00000 12.00000 15.00000
11.00000 9.00000 4.00000 10.00000 13.00000 8.00000 14.00000 10.00000 12.00000 15.00000 12.00000 13.00000 9.00000 14.00000 13.00000 12.00000 13.00000 15.00000 4.00000 1.00000 6.00000 0.00000 14.00000 15.00000 14.00000 5.00000 16.00000 15.00000 13.00000 11.00000 12.00000 9.00000 15.00000 13.00000 11.00000 11.00000 12.00000 50.00000 16.00000 8.00000 49.00000 7.00000 18.00000 5.00000 9.00000 7.00000 9.00000 16.00000 10.00000 17.00000 14.00000 11.00000
21.00000 8.00000 13.00000 9.00000 4.00000 19.00000 4.00000 18.00000 20.00000 4.00000 9.00000 5.00000 11.00000 4.00000 3.00000 21.00000 5.00000 4.00000 15.00000 15.00000 11.00000 14.00000 0.00000 4.00000 4.00000 11.00000 5.00000 5.00000 2.00000 7.00000 4.00000 7.00000 4.00000 3.00000 21.00000 15.00000 4.00000 53.00000 6.00000 18.00000 52.00000 13.00000 8.00000 11.00000 9.00000 9.00000 19.00000 4.00000 6.00000 7.00000 4.00000 21.00000
22.00000 10.00000 15.00000 10.00000 5.00000 20.00000 4.00000 19.00000 22.00000 4.00000 9.00000 6.00000 12.00000 4.00000 3.00000 22.00000 6.00000 3.00000 16.00000 16.00000 12.00000 15.00000 2.00000 0.00000 4.00000 12.00000 4.00000 5.00000 3.00000 8.00000 5.00000 8.00000 3.00000 3.00000 22.00000 16.00000 5.00000 54.00000 6.00000 19.00000 53.00000 15.00000 7.00000 12.00000 10.00000 10.00000 21.00000 3.00000 7.00000 9.00000 4.00000 22.00000
21.00000 9.00000 14.00000 10.00000 3.00000 19.00000 2.00000 18.00000 21.00000 2.00000 9.00000 6.00000 11.00000 4.00000 4.00000 21.00000 6.00000 2.00000 15.00000 15.00000 11.00000 15.00000 3.00000 3.00000 0.00000 11.00000 3.00000 6.00000 4.00000 7.00000 5.00000 8.00000 2.00000 4.00000 21.00000 16.00000 4.00000 55.00000 7.00000 19.00000 54.00000 14.00000 5.00000 11.00000 10.00000 9.00000 20.00000 3.00000 7.00000 7.00000 5.00000 21.00000
13.00000 7.00000 8.00000 6.00000 10.00000 10.00000 11.00000 13.00000 16.00000 13.00000 9.00000 11.00000 5.00000 11.00000 10.00000 14.00000 11.00000 13.00000 8.00000 6.00000 6.00000 5.00000 11.00000 12.00000 11.00000 0.00000 13.00000 12.00000 11.00000 9.00000 9.00000 6.00000 12.00000 10.00000 13.00000 13.00000 9.00000 52.00000 14.00000 10.00000 51.00000 6.00000 15.00000 4.00000 7.00000 4.00000 11.00000 13.00000 8.00000 14.00000 11.00000 13.00000
23.00000 11.00000 16.00000 11.00000 5.00000 21.00000 4.00000 20.00000 23.00000 3.00000 11.00000 8.00000 13.00000 6.00000 5.00000 23.00000 8.00000 2.00000 17.00000 17.00000 13.00000 16.00000 4.00000 4.00000 4.00000 13.00000 0.00000 7.00000 5.00000 9.00000 6.00000 9.00000 2.00000 5.00000 23.00000 17.00000 5.00000 56.00000 8.00000 21.00000 55.00000 16.00000 5.00000 13.00000 11.00000 11.00000 22.00000 3.00000 8.00000 9.00000 6.00000 23.00000
18.00000 6.00000 14.00000 7.00000 6.00000 17.00000 6.00000 18.00000 21.00000 6.00000 5.00000 4.00000 8.00000 3.00000 4.00000 21.00000 4.00000 6.00000 15.00000 14.00000 11.00000 14.00000 5.00000 6.00000 6.00000 10.00000 7.00000 0.00000 4.00000 6.00000 4.00000 8.00000 6.00000 4.00000 18.00000 17.00000 6.00000 50.00000 3.00000 16.00000 49.00000 12.00000 9.00000 11.00000 7.00000 9.00000 17.00000 6.00000 6.00000 9.00000 3.00000 18.00000
21.00000 9.00000 14.00000 9.00000 3.00000 19.00000 3.00000 18.00000 21.00000 3.00000 8.00000 6.00000 11.00000 3.00000 3.00000 21.00000 6.00000 3.00000 15.00000 15.00000 11.00000 14.00000 2.00000 2.00000 3.00000 11.00000 3.00000 4.00000 0.00000 7.00000 4.00000 7.00000 3.00000 3.00000 21.00000 15.00000 3.00000 54.00000 6.00000 18.00000 53.00000 14.00000 6.00000 11.00000 9.00000 9.00000 19.00000 3.00000 6.00000 6.00000 4.00000 21.00000
17.00000 3.00000 9.00000 4.00000 4.00000 15.00000 5.00000 14.00000 16.00000 7.00000 7.00000 5.00000 8.00000 5.00000 5.00000 17.00000 5.00000 7.00000 11.00000 10.00000 6.00000 10.00000 5.00000 7.00000 6.00000 7.00000 7.00000 6.00000 5.00000 0.00000 4.00000 4.00000 7.00000 5.00000 17.00000 13.00000 4.00000 53.00000 8.00000 14.00000 52.00000 9.00000 9.00000 7.00000 4.00000 5.00000 15.00000 7.00000 1.00000 9.00000 5.00000 17.00000
19.00000 7.00000 12.00000 7.00000 3.00000 17.00000 4.00000 16.00000 19.00000 5.00000 7.00000 3.00000 9.00000 4.00000 3.00000 19.00000 3.00000 5.00000 13.00000 13.00000 9.00000 13.00000 4.00000 5.00000 5.00000 9.00000 6.00000 5.00000 3.00000 5.00000 0.00000 6.00000 5.00000 3.00000 19.00000 15.00000 3.00000 53.00000 6.00000 17.00000 52.00000 12.00000 8.00000 9.00000 7.00000 7.00000 18.00000 6.00000 4.00000 7.00000 4.00000 19.00000
16.00000 5.00000 9.00000 4.00000 5.00000 14.00000 6.00000 13.00000 16.00000 8.00000 8.00000 6.00000 9.00000 6.00000 5.00000 16.00000 6.00000 7.00000 10.00000 10.00000 6.00000 9.00000 6.00000 7.00000 6.00000 6.00000 8.00000 7.00000 6.00000 4.00000 4.00000 0.00000 7.00000 5.00000 16.00000 12.00000 4.00000 54.00000 9.00000 14.00000 54.00000 9.00000 10.00000 6.00000 6.00000 4.00000 15.00000 8.00000 3.00000 9.00000 6.00000 16.00000
22.00000 10.00000 15.00000 11.00000 4.00000 20.00000 3.00000 19.00000 22.00000 4.00000 10.00000 7.00000 12.00000 5.00000 4.00000 22.00000 7.00000 2.00000 16.00000 16.00000 12.00000 16.00000 3.00000 3.00000 3.00000 12.00000 3.00000 6.00000 4.00000 8.00000 6.00000 9.00000 0.00000 4.00000 22.00000 15.00000 5.00000 54.00000 7.00000 20.00000 53.00000 15.00000 5.00000 12.00000 11.00000 11.00000 21.00000 1.00000 8.00000 8.00000 5.00000 22.00000
20.00000 8.00000 13.00000 8.00000 5.00000 18.00000 5.00000 17.00000 20.00000 5.00000 7.00000 4.00000 10.00000 2.00000 1.00000 20.00000 4.00000 5.00000 14.00000 14.00000 10.00000 13.00000 4.00000 4.00000 5.00000 10.00000 6.00000 4.00000 3.00000 5.00000 3.00000 7.00000 4.00000 0.00000 20.00000 16.00000 5.00000 53.00000 5.00000 17.00000 52.00000 13.00000 8.00000 10.00000 8.00000 8.00000 19.00000 4.00000 5.00000 8.00000 2.00000 20.00000
0.00000 13.00000 14.00000 15.00000 17.00000 10.00000 18.00000 12.00000 15.00000 20.00000 15.00000 17.00000 10.00000 19.00000 19.00000 14.00000 17.00000 19.00000 13.00000 11.00000 14.00000 11.00000 18.00000 19.00000 18.00000 11.00000 20.00000 18.00000 18.00000 15.00000 17.00000 16.00000 19.00000 18.00000 0.00000 19.00000 16.00000 45.00000 18.00000 9.00000 44.00000 10.00000 22.00000 13.00000 12.00000 14.00000 3.00000 20.00000 16.00000 21.00000 19.00000 0.00000
19.00000 13.00000 10.00000 12.00000 13.00000 12.00000 14.00000 10.00000 13.00000 16.00000 17.00000 16.00000 16.00000 16.00000 16.00000 13.00000 16.00000 16.00000 10.00000 11.00000 9.00000 11.00000 14.00000 16.00000 15.00000 14.00000 17.00000 17.00000 15.00000 14.00000 15.00000 12.00000 16.00000 15.00000 19.00000 0.00000 13.00000 57.00000 19.00000 13.00000 57.00000 17.00000 17.00000 11.00000 14.00000 12.00000 18.00000 16.00000 13.00000 18.00000 16.00000 19.00000
20.00000 8.00000 13.00000 9.00000 2.00000 18.00000 2.00000 17.00000 20.00000 4.00000 8.00000 5.00000 10.00000 5.00000 4.00000 20.00000 5.00000 4.00000 14.00000 14.00000 10.00000 14.00000 3.00000 4.00000 3.00000 10.00000 4.00000 6.00000 3.00000 6.00000 4.00000 7.00000 3.00000 4.00000 20.00000 15.00000 0.00000 55.00000 7.00000 18.00000 54.00000 13.00000 6.00000 10.00000 9.00000 8.00000 19.00000 4.00000 6.00000 5.00000 5.00000 20.00000
45.00000 49.00000 53.00000 50.00000 52.00000 49.00000 53.00000 52.00000 52.00000 55.00000 47.00000 51.00000 46.00000 51.00000 52.00000 52.00000 50.00000 54.00000 53.00000 50.00000 54.00000 50.00000 53.00000 54.00000 54.00000 49.00000 55.00000 50.00000 52.00000 51.00000 52.00000 52.00000 54.00000 52.00000 45.00000 59.00000 52.00000 0.00000 50.00000 49.00000 2.00000 48.00000 57.00000 53.00000 48.00000 52.00000 44.00000 54.00000 51.00000 57.00000 51.00000 45.00000
19.00000 8.00000 16.00000 9.00000 7.00000 19.00000 7.00000 20.00000 23.00000 7.00000 6.00000 6.00000 10.00000 4.00000 5.00000 23.00000 5.00000 7.00000 17.00000 16.00000 13.00000 16.00000 6.00000 6.00000 7.00000 12.00000 8.00000 3.00000 5.00000 8.00000 6.00000 10.00000 6.00000 5.00000 19.00000 18.00000 7.00000 50.00000 0.00000 18.00000 49.00000 14.00000 10.00000 13.00000 8.00000 11.00000 18.00000 6.00000 8.00000 11.00000 5.00000 19.00000
11.00000 13.00000 12.00000 14.00000 17.00000 2.00000 18.00000 6.00000 9.00000 19.00000 15.00000 17.00000 10.00000 19.00000 18.00000 7.00000 17.00000 19.00000 10.00000 9.00000 13.00000 9.00000 18.00000 19.00000 18.00000 9.00000 20.00000 18.00000 18.00000 15.00000 17.00000 15.00000 19.00000 18.00000 11.00000 13.00000 16.00000 50.00000 19.00000 0.00000 49.00000 8.00000 22.00000 12.00000 12.00000 13.00000 9.00000 20.00000 15.00000 21.00000 19.00000 11.00000
44.00000 48.00000 52.00000 49.00000 51.00000 49.00000 52.00000 51.00000 51.00000 54.00000 46.00000 50.00000 45.00000 51.00000 52.00000 51.00000 50.00000 54.00000 52.00000 49.00000 53.00000 49.00000 52.00000 53.00000 53.00000 49.00000 54.00000 49.00000 51.00000 50.00000 51.00000 51.00000 53.00000 51.00000 44.00000 58.00000 51.00000 2.00000 50.00000 48.00000 0.00000 47.00000 57.00000 52.00000 47.00000 51.00000 43.00000 53.00000 50.00000 56.00000 51.00000 44.00000
11.00000 7.00000 11.00000 8.00000 11.00000 9.00000 12.00000 11.00000 14.00000 13.00000 9.00000 11.00000 4.00000 13.00000 12.00000 13.00000 11.00000 13.00000 10.00000 8.00000 9.00000 7.00000 12.00000 13.00000 12.00000 3.00000 14.00000 12.00000 12.00000 9.00000 11.00000 9.00000 13.00000 12.00000 11.00000 16.00000 10.00000 50.00000 13.00000 8.00000 49.00000 0.00000 16.00000 7.00000 6.00000 7.00000 9.00000 14.00000 9.00000 15.00000 13.00000 11.00000
25.00000 13.00000 18.00000 13.00000 7.00000 22.00000 5.00000 20.00000 22.00000 5.00000 13.00000 9.00000 14.00000 8.00000 8.00000 23.00000 9.00000 6.00000 19.00000 19.00000 15.00000 18.00000 6.00000 7.00000 5.00000 15.00000 5.00000 9.00000 7.00000 11.00000 8.00000 11.00000 6.00000 7.00000 25.00000 14.00000 7.00000 58.00000 11.00000 22.00000 58.00000 18.00000 0.00000 15.00000 13.00000 13.00000 23.00000 6.00000 10.00000 8.00000 8.00000 25.00000
14.00000 7.00000 6.00000 6.00000 9.00000 12.00000 10.00000 11.00000 14.00000 12.00000 11.00000 10.00000 8.00000 10.00000 10.00000 14.00000 10.00000 12.00000 8.00000 6.00000 4.00000 5.00000 10.00000 12.00000 11.00000 5.00000 13.00000 12.00000 10.00000 8.00000 9.00000 6.00000 12.00000 10.00000 14.00000 10.00000 9.00000 53.00000 13.00000 11.00000 52.00000 8.00000 15.00000 0.00000 8.00000 4.00000 12.00000 12.00000 7.00000 14.00000 10.00000 14.00000
15.00000 2.00000 11.00000 3.00000 7.00000 13.00000 8.00000 15.00000 18.00000 10.00000 7.00000 7.00000 5.00000 9.00000 9.00000 17.00000 7.00000 10.00000 12.00000 10.00000 8.00000 9.00000 8.00000 10.00000 9.00000 5.00000 11.00000 8.00000 9.00000 4.00000 7.00000 5.00000 10.00000 8.00000 15.00000 14.00000 7.00000 51.00000 9.00000 13.00000 51.00000 7.00000 13.00000 8.00000 0.00000 5.00000 14.00000 10.00000 4.00000 12.00000 9.00000 15.00000
14.00000 5.00000 7.00000 4.00000 8.00000 12.00000 9.00000 11.00000 14.00000 11.00000 9.00000 9.00000 7.00000 9.00000 8.00000 15.00000 9.00000 11.00000 8.00000 8.00000 4.00000 7.00000 9.00000 11.00000 10.00000 4.00000 11.00000 9.00000 9.00000 6.00000 7.00000 5.00000 10.00000 8.00000 14.00000 11.00000 8.00000 54.00000 11.00000 12.00000 53.00000 7.00000 13.00000 4.00000 6.00000 0.00000 13.00000 11.00000 6.00000 12.00000 9.00000 14.00000
3.00000 12.00000 12.00000 14.00000 16.00000 9.00000 17.00000 11.00000 14.00000 18.00000 14.00000 16.00000 9.00000 18.00000 17.00000 13.00000 16.00000 18.00000 12.00000 10.00000 13.00000 9.00000 17.00000 18.00000 17.00000 10.00000 19.00000 17.00000 17.00000 14.00000 16.00000 15.00000 18.00000 17.00000 3.00000 18.00000 15.00000 44.00000 17.00000 8.00000 43.00000 9.00000 21.00000 12.00000 11.00000 13.00000 0.00000 19.00000 14.00000 20.00000 18.00000 3.00000
22.00000 10.00000 15.00000 10.00000 4.00000 20.00000 3.00000 19.00000 22.00000 3.00000 10.00000 7.00000 12.00000 5.00000 4.00000 22.00000 7.00000 2.00000 16.00000 16.00000 12.00000 15.00000 3.00000 3.00000 3.00000 12.00000 3.00000 6.00000 4.00000 8.00000 5.00000 8.00000 1.00000 4.00000 22.00000 15.00000 4.00000 54.00000 7.00000 19.00000 54.00000 15.00000 6.00000 12.00000 10.00000 10.00000 21.00000 0.00000 7.00000 8.00000 5.00000 22.00000
16.00000 4.00000 9.00000 4.00000 5.00000 14.00000 6.00000 13.00000 16.00000 7.00000 8.00000 6.00000 8.00000 6.00000 6.00000 16.00000 6.00000 7.00000 10.00000 10.00000 6.00000 9.00000 5.00000 7.00000 6.00000 6.00000 8.00000 8.00000 6.00000 3.00000 5.00000 3.00000 7.00000 5.00000 16.00000 12.00000 4.00000 54.00000 9.00000 13.00000 53.00000 9.00000 10.00000 6.00000 5.00000 4.00000 15.00000 8.00000 0.00000 9.00000 6.00000 16.00000
25.00000 13.00000 18.00000 13.00000 7.00000 21.00000 8.00000 19.00000 21.00000 9.00000 13.00000 10.00000 15.00000 9.00000 9.00000 22.00000 10.00000 9.00000 19.00000 19.00000 15.00000 18.00000 7.00000 8.00000 9.00000 15.00000 10.00000 10.00000 8.00000 11.00000 8.00000 11.00000 9.00000 8.00000 25.00000 13.00000 7.00000 59.00000 12.00000 22.00000 58.00000 18.00000 8.00000 15.00000 13.00000 13.00000 24.00000 9.00000 10.00000 0.00000 9.00000 25.00000
19.00000 7.00000 12.00000 7.00000 4.00000 17.00000 5.00000 16.00000 19.00000 5.00000 6.00000 3.00000 9.00000 3.00000 2.00000 19.00000 3.00000 5.00000 13.00000 13.00000 9.00000 12.00000 3.00000 4.00000 4.00000 9.00000 5.00000 4.00000 2.00000 4.00000 2.00000 6.00000 4.00000 2.00000 19.00000 15.00000 4.00000 53.00000 5.00000 17.00000 52.00000 12.00000 8.00000 9.00000 7.00000 7.00000 18.00000 5.00000 4.00000 8.00000 0.00000 19.00000
0.00000 13.00000 14.00000 15.00000 17.00000 10.00000 18.00000 12.00000 15.00000 20.00000 15.00000 17.00000 10.00000 19.00000 19.00000 14.00000 17.00000 19.00000 13.00000 11.00000 14.00000 11.00000 18.00000 19.00000 18.00000 11.00000 20.00000 18.00000 18.00000 15.00000 17.00000 16.00000 19.00000 18.00000 0.00000 19.00000 16.00000 45.00000 18.00000 9.00000 44.00000 10.00000 22.00000 13.00000 12.00000 14.00000 3.00000 20.00000 16.00000 21.00000 19.00000 0.00000
p
0.0 0.0 0.0 0.0 0.0 0.0 
0.0 0.0 0.0 0.0 0.0 0.0 
0.0 0.0 0.0 0.0 0.0 0.0 
0.0 0.0 0.0 0.0 0.0 0.0 
0.0 0.0 0.0 0.0 0.0 0.0 
0.0 0.0 0.0 0.0 0.0 0.0 
0.0 0.0 0.0 0.0 0.0 0.0 
0.0 0.0 0.0 0.0 0.0 0.0 
0.0 0.0 0.0 0.0 0.0 0.0 
0.0 0.0 0.0 0.0 0.0 0.0 
0 0 0 50 0 0 
0 0 0 50 0 0 
0 0 0 50 0 0 
0 0 0 50 0 0 
0 0 0 50 0 0 
0 0 0 50 0 0 
0 0 0 50 0 0 
0 0 0 50 0 0 
0 0 0 50 0 0 
0 0 0 50 0 0 
0 0 0 32 0 0 
0 0 0 32 0 0 
0 0 0 32 0 0 
0 0 0 32 0 0 
0 0 0 32 0 0 
0 0 0 32 0 0 
0 0 0 32 0 0 
0 0 0 32 0 0 
0 0 0 32 0 0 
0 0 0 32 0 0 
0 56 0 0 0 41 
0 56 0 0 0 41 
0 56 0 0 0 41 
0 56 0 0 0 41 
0 56 0 0 0 41 
0 56 0 0 0 41 
0 56 0 0 0 41 
0 56 0 0 0 41 
0 56 0 0 0 41 
0 56 0 0 0 41 
0 15 0 0 0 0 
0 15 0 0 0 0 
0 15 0 0 0 0 
0 15 0 0 0 0 
0 15 0 0 0 0 
0 15 0 0 0 0 
0 15 0 0 0 0 
0 15 0 0 0 0 
0 15 0 0 0 0 
0 15 0 0 0 0 
0 0 0 0 49 0 
0 0 0 0 49 0 
0 0 0 0 49 0 
0 0 0 0 49 0 
0 0 0 0 49 0 
0 0 0 0 49 0 
0 0 0 0 49 0 
0 0 0 0 49 0 
0 0 0 0 49 0 
0 0 0 0 49 0 
0 0 0 0 0 21 
0 0 0 0 0 21 
0 0 0 0 0 21 
0 0 0 0 0 21 
0 0 0 0 0 21 
0 0 0 0 0 21 
0 0 0 0 0 21 
0 0 0 0 0 21 
0 0 0 0 0 21 
0 0 0 0 0 21 
0 0 0 54 0 0 
0 0 0 54 0 0 
0 0 0 54 0 0 
0 0 0 54 0 0 
0 0 0 54 0 0 
0 0 0 54 0 0 
0 0 0 54 0 0 
0 0 0 54 0 0 
0 0 0 54 0 0 
0 0 0 54 0 0 
0 0 0 27 0 0 
0 0 0 27 0 0 
0 0 0 27 0 0 
0 0 0 27 0 0 
0 0 0 27 0 0 
0 0 0 27 0 0 
0 0 0 27 0 0 
0 0 0 27 0 0 
0 0 0 27 0 0 
0 0 0 27 0 0 
0 0 0 0 54 0 
0 0 0 0 54 0 
0 0 0 0 54 0 
0 0 0 0 54 0 
0 0 0 0 54 0 
0 0 0 0 54 0 
0 0 0 0 54 0 
0 0 0 0 54 0 
0 0 0 0 54 0 
0 0 0 0 54 0 
0 0 16 0 0 0 
0 0 16 0 0 0 
0 0 16 0 0 0 
0 0 16 0 0 0 
0 0 16 0 0 0 
0 0 16 0 0 0 
0 0 16 0 0 0 
0 0 16 0 0 0 
0 0 16 0 0 0 
0 0 16 0 0 0 
0 0 59 0 0 0 
0 0 59 0 0 0 
0 0 59 0 0 0 
0 0 59 0 0 0 
0 0 59 0 0 0 
0 0 59 0 0 0 
0 0 59 0 0 0 
0 0 59 0 0 0 
0 0 59 0 0 0 
0 0 59 0 0 0 
37 0 0 0 0 19 
37 0 0 0 0 19 
37 0 0 0 0 19 
37 0 0 0 0 19 
37 0 0 0 0 19 
37 0 0 0 0 19 
37 0 0 0 0 19 
37 0 0 0 0 19 
37 0 0 0 0 19 
37 0 0 0 0 19 
48 0 0 0 0 0 
48 0 0 0 0 0 
48 0 0 0 0 0 
48 0 0 0 0 0 
48 0 0 0 0 0 
48 0 0 0 0 0 
48 0 0 0 0 0 
48 0 0 0 0 0 
48 0 0 0 0 0 
48 0 0 0 0 0 
17 0 0 0 17 0 
17 0 0 0 17 0 
17 0 0 0 17 0 
17 0 0 0 17 0 
17 0 0 0 17 0 
17 0 0 0 17 0 
17 0 0 0 17 0 
17 0 0 0 17 0 
17 0 0 0 17 0 
17 0 0 0 17 0 
0 37 0 0 60 0 
0 37 0 0 60 0 
0 37 0 0 60 0 
0 37 0 0 60 0 
0 37 0 0 60 0 
0 37 0 0 60 0 
0 37 0 0 60 0 
0 37 0 0 60 0 
0 37 0 0 60 0 
0 37 0 0 60 0 
0 0 0 37 0 0 
0 0 0 37 0 0 
0 0 0 37 0 0 
0 0 0 37 0 0 
0 0 0 37 0 0 
0 0 0 37 0 0 
0 0 0 37 0 0 
0 0 0 37 0 0 
0 0 0 37 0 0 
0 0 0 37 0 0 
0 0 0 0 0 55 
0 0 0 0 0 55 
0 0 0 0 0 55 
0 0 0 0 0 55 
0 0 0 0 0 55 
0 0 0 0 0 55 
0 0 0 0 0 55 
0 0 0 0 0 55 
0 0 0 0 0 55 
0 0 0 0 0 55 
0 48 0 41 0 0 
0 48 0 41 0 0 
0 48 0 41 0 0 
0 48 0 41 0 0 
0 48 0 41 0 0 
0 48 0 41 0 0 
0 48 0 41 0 0 
0 48 0 41 0 0 
0 48 0 41 0 0 
0 48 0 41 0 0 
0 0 0 0 0 37 
0 0 0 0 0 37 
0 0 0 0 0 37 
0 0 0 0 0 37 
0 0 0 0 0 37 
0 0 0 0 0 37 
0 0 0 0 0 37 
0 0 0 0 0 37 
0 0 0 0 0 37 
0 0 0 0 0 37 
0 0 0 0 33 0 
0 0 0 0 33 0 
0 0 0 0 33 0 
0 0 0 0 33 0 
0 0 0 0 33 0 
0 0 0 0 33 0 
0 0 0 0 33 0 
0 0 0 0 33 0 
0 0 0 0 33 0 
0 0 0 0 33 0 
0 0 0 0 40 0 
0 0 0 0 40 0 
0 0 0 0 40 0 
0 0 0 0 40 0 
0 0 0 0 40 0 
0 0 0 0 40 0 
0 0 0 0 40 0 
0 0 0 0 40 0 
0 0 0 0 40 0 
0 0 0 0 40 0 
0 0 0 0 16 0 
0 0 0 0 16 0 
0 0 0 0 16 0 
0 0 0 0 16 0 
0 0 0 0 16 0 
0 0 0 0 16 0 
0 0 0 0 16 0 
0 0 0 0 16 0 
0 0 0 0 16 0 
0 0 0 0 16 0 
0 0 52 0 0 0 
0 0 52 0 0 0 
0 0 52 0 0 0 
0 0 52 0 0 0 
0 0 52 0 0 0 
0 0 52 0 0 0 
0 0 52 0 0 0 
0 0 52 0 0 0 
0 0 52 0 0 0 
0 0 52 0 0 0 
37 0 0 0 0 48 
37 0 0 0 0 48 
37 0 0 0 0 48 
37 0 0 0 0 48 
37 0 0 0 0 48 
37 0 0 0 0 48 
37 0 0 0 0 48 
37 0 0 0 0 48 
37 0 0 0 0 48 
37 0 0 0 0 48 
0 22 0 0 38 0 
0 22 0 0 38 0 
0 22 0 0 38 0 
0 22 0 0 38 0 
0 22 0 0 38 0 
0 22 0 0 38 0 
0 22 0 0 38 0 
0 22 0 0 38 0 
0 22 0 0 38 0 
0 22 0 0 38 0 
0 0 59 0 0 0 
0 0 59 0 0 0 
0 0 59 0 0 0 
0 0 59 0 0 0 
0 0 59 0 0 0 
0 0 59 0 0 0 
0 0 59 0 0 0 
0 0 59 0 0 0 
0 0 59 0 0 0 
0 0 59 0 0 0 
0 0 0 0 39 0 
0 0 0 0 39 0 
0 0 0 0 39 0 
0 0 0 0 39 0 
0 0 0 0 39 0 
0 0 0 0 39 0 
0 0 0 0 39 0 
0 0 0 0 39 0 
0 0 0 0 39 0 
0 0 0 0 39 0 
0 0 0 0 0 48 
0 0 0 0 0 48 
0 0 0 0 0 48 
0 0 0 0 0 48 
0 0 0 0 0 48 
0 0 0 0 0 48 
0 0 0 0 0 48 
0 0 0 0 0 48 
0 0 0 0 0 48 
0 0 0 0 0 48 
50 0 0 0 0 0 
50 0 0 0 0 0 
50 0 0 0 0 0 
50 0 0 0 0 0 
50 0 0 0 0 0 
50 0 0 0 0 0 
50 0 0 0 0 0 
50 0 0 0 0 0 
50 0 0 0 0 0 
50 0 0 0 0 0 
0 0 50 0 0 33 
0 0 50 0 0 33 
0 0 50 0 0 33 
0 0 50 0 0 33 
0 0 50 0 0 33 
0 0 50 0 0 33 
0 0 50 0 0 33 
0 0 50 0 0 33 
0 0 50 0 0 33 
0 0 50 0 0 33 
0 0 54 0 51 0 
0 0 54 0 51 0 
0 0 54 0 51 0 
0 0 54 0 51 0 
0 0 54 0 51 0 
0 0 54 0 51 0 
0 0 54 0 51 0 
0 0 54 0 51 0 
0 0 54 0 51 0 
0 0 54 0 51 0 
0 0 0 0 48 0 
0 0 0 0 48 0 
0 0 0 0 48 0 
0 0 0 0 48 0 
0 0 0 0 48 0 
0 0 0 0 48 0 
0 0 0 0 48 0 
0 0 0 0 48 0 
0 0 0 0 48 0 
0 0 0 0 48 0 
0 0 49 25 0 0 
0 0 49 25 0 0 
0 0 49 25 0 0 
0 0 49 25 0 0 
0 0 49 25 0 0 
0 0 49 25 0 0 
0 0 49 25 0 0 
0 0 49 25 0 0 
0 0 49 25 0 0 
0 0 49 25 0 0 
0 40 0 0 0 0 
0 40 0 0 0 0 
0 40 0 0 0 0 
0 40 0 0 0 0 
0 40 0 0 0 0 
0 40 0 0 0 0 
0 40 0 0 0 0 
0 40 0 0 0 0 
0 40 0 0 0 0 
0 40 0 0 0 0 
0 0 49 0 0 0 
0 0 49 0 0 0 
0 0 49 0 0 0 
0 0 49 0 0 0 
0 0 49 0 0 0 
0 0 49 0 0 0 
0 0 49 0 0 0 
0 0 49 0 0 0 
0 0 49 0 0 0 
0 0 49 0 0 0 
0 0 0 0 52 0 
0 0 0 0 52 0 
0 0 0 0 52 0 
0 0 0 0 52 0 
0 0 0 0 52 0 
0 0 0 0 52 0 
0 0 0 0 52 0 
0 0 0 0 52 0 
0 0 0 0 52 0 
0 0 0 0 52 0 
39 0 0 42 0 0 
39 0 0 42 0 0 
39 0 0 42 0 0 
39 0 0 42 0 0 
39 0 0 42 0 0 
39 0 0 42 0 0 
39 0 0 42 0 0 
39 0 0 42 0 0 
39 0 0 42 0 0 
39 0 0 42 0 0 
45 0 0 0 0 0 
45 0 0 0 0 0 
45 0 0 0 0 0 
45 0 0 0 0 0 
45 0 0 0 0 0 
45 0 0 0 0 0 
45 0 0 0 0 0 
45 0 0 0 0 0 
45 0 0 0 0 0 
45 0 0 0 0 0 
0 0 50 0 0 0 
0 0 50 0 0 0 
0 0 50 0 0 0 
0 0 50 0 0 0 
0 0 50 0 0 0 
0 0 50 0 0 0 
0 0 50 0 0 0 
0 0 50 0 0 0 
0 0 50 0 0 0 
0 0 50 0 0 0 
0 0 0 22 0 0 
0 0 0 22 0 0 
0 0 0 22 0 0 
0 0 0 22 0 0 
0 0 0 22 0 0 
0 0 0 22 0 0 
0 0 0 22 0 0 
0 0 0 22 0 0 
0 0 0 22 0 0 
0 0 0 22 0 0 
0 0 0 0 29 0 
0 0 0 0 29 0 
0 0 0 0 29 0 
0 0 0 0 29 0 
0 0 0 0 29 0 
0 0 0 0 29 0 
0 0 0 0 29 0 
0 0 0 0 29 0 
0 0 0 0 29 0 
0 0 0 0 29 0 
51 0 0 0 0 0 
51 0 0 0 0 0 
51 0 0 0 0 0 
51 0 0 0 0 0 
51 0 0 0 0 0 
51 0 0 0 0 0 
51 0 0 0 0 0 
51 0 0 0 0 0 
51 0 0 0 0 0 
51 0 0 0 0 0 
0 0 0 48 0 0 
0 0 0 48 0 0 
0 0 0 48 0 0 
0 0 0 48 0 0 
0 0 0 48 0 0 
0 0 0 48 0 0 
0 0 0 48 0 0 
0 0 0 48 0 0 
0 0 0 48 0 0 
0 0 0 48 0 0 
19 0 0 15 0 0 
19 0 0 15 0 0 
19 0 0 15 0 0 
19 0 0 15 0 0 
19 0 0 15 0 0 
19 0 0 15 0 0 
19 0 0 15 0 0 
19 0 0 15 0 0 
19 0 0 15 0 0 
19 0 0 15 0 0 
32 0 0 0 58 0 
32 0 0 0 58 0 
32 0 0 0 58 0 
32 0 0 0 58 0 
32 0 0 0 58 0 
32 0 0 0 58 0 
32 0 0 0 58 0 
32 0 0 0 58 0 
32 0 0 0 58 0 
32 0 0 0 58 0 
0 35 0 0 0 17 
0 35 0 0 0 17 
0 35 0 0 0 17 
0 35 0 0 0 17 
0 35 0 0 0 17 
0 35 0 0 0 17 
0 35 0 0 0 17 
0 35 0 0 0 17 
0 35 0 0 0 17 
0 35 0 0 0 17 
0 0 0 48 0 0 
0 0 0 48 0 0 
0 0 0 48 0 0 
0 0 0 48 0 0 
0 0 0 48 0 0 
0 0 0 48 0 0 
0 0 0 48 0 0 
0 0 0 48 0 0 
0 0 0 48 0 0 
0 0 0 48 0 0 
0 0 17 0 18 0 
0 0 17 0 18 0 
0 0 17 0 18 0 
0 0 17 0 18 0 
0 0 17 0 18 0 
0 0 17 0 18 0 
0 0 17 0 18 0 
0 0 17 0 18 0 
0 0 17 0 18 0 
0 0 17 0 18 0 
0 49 0 38 0 0 
0 49 0 38 0 0 
0 49 0 38 0 0 
0 49 0 38 0 0 
0 49 0 38 0 0 
0 49 0 38 0 0 
0 49 0 38 0 0 
0 49 0 38 0 0 
0 49 0 38 0 0 
0 49 0 38 0 0 
0 0 0 0 23 0 
0 0 0 0 23 0 
0 0 0 0 23 0 
0 0 0 0 23 0 
0 0 0 0 23 0 
0 0 0 0 23 0 
0 0 0 0 23 0 
0 0 0 0 23 0 
0 0 0 0 23 0 
0 0 0 0 23 0 
0.0 0.0 0.0 0.0 0.0 0.0 
0.0 0.0 0.0 0.0 0.0 0.0 
0.0 0.0 0.0 0.0 0.0 0.0 
0.0 0.0 0.0 0.0 0.0 0.0 
0.0 0.0 0.0 0.0 0.0 0.0 
0.0 0.0 0.0 0.0 0.0 0.0 
0.0 0.0 0.0 0.0 0.0 0.0 
0.0 0.0 0.0 0.0 0.0 0.0 
0.0 0.0 0.0 0.0 0.0 0.0 
0.0 0.0 0.0 0.0 0.0 0.0 
mind
0 0 0 19 0 0 0 0 0 0 0 0 12 0 11 0 0 0 23 0 0 0 0 0 0 0 0 0 0 0 0 0 0 19 0 0 0 16 0 0 0 0 0 0 0 0 28 0 0 12 0 0
maxd
0 0 0 27 0 0 0 0 0 0 0 0 16 0 13 0 0 0 28 0 0 0 0 0 0 0 0 0 0 0 0 0 0 21 0 0 0 21 0 0 0 0 0 0 0 0 29 0 0 28 0 0
e
0 579 674 757 960 948 516 874 637 774 898 948 648 583 811 932 512 676 862 957 549 876 646 895 856 668 849 930 832 561 498 866 849 916 537 936 532 594 905 908 896 887 903 549 822 659 724 524 800 790 923 0
l
99999 699 794 877 1080 1068 636 994 757 894 1018 1068 768 703 931 1052 632 796 982 1077 669 996 766 1015 976 788 969 1050 952 681 618 986 969 1036 657 1056 652 714 1025 1028 1016 1007 1023 669 942 779 844 644 920 910 1043 99999
