nbNodes
52
nbVehi
10
nbServi
6
r
1 1 1 1 1 1 
0 0 0 0 0 1 
1 0 0 0 0 0 
0 0 0 1 0 0 
1 0 0 1 0 0 
0 1 0 0 1 0 
0 0 0 0 0 1 
1 0 0 0 0 0 
1 0 0 1 0 0 
0 0 0 0 1 0 
0 1 0 1 0 0 
0 0 0 0 0 1 
0 0 0 0 1 0 
0 0 1 0 1 0 
0 0 0 1 0 0 
0 0 0 0 0 1 
0 0 0 1 0 0 
1 0 0 0 0 0 
1 0 0 0 1 0 
0 1 0 0 0 0 
0 0 0 0 1 0 
0 1 0 0 1 0 
0 1 0 1 0 0 
0 0 0 0 1 0 
1 0 0 0 0 0 
1 0 0 0 0 0 
0 0 1 0 0 1 
1 0 0 0 0 0 
0 0 0 0 1 0 
1 0 0 0 0 1 
0 0 0 0 0 1 
0 0 0 0 1 0 
0 0 1 0 0 0 
1 0 0 0 0 0 
0 0 0 1 0 0 
0 1 0 0 1 0 
1 0 0 0 0 1 
0 0 0 0 0 1 
1 0 0 0 0 0 
0 0 1 0 0 0 
0 0 1 0 0 1 
0 0 0 1 0 0 
1 0 0 0 0 0 
0 1 0 0 0 0 
0 0 1 0 0 0 
1 0 0 0 0 0 
1 0 0 1 0 0 
1 0 0 0 1 0 
0 0 0 0 1 0 
0 1 0 0 0 0 
1 0 0 0 0 1 
1 1 1 1 1 1 
DS
5 6 9 11 14 19 22 23 27 30 36 37 41 47 48 51 
a
1 1 1 0 0 0 
1 0 0 0 0 0 
1 1 1 0 0 0 
1 1 0 0 0 0 
1 1 0 0 0 0 
0 0 0 1 1 1 
0 0 0 1 1 1 
0 0 0 1 1 1 
0 0 0 1 0 0 
0 0 0 1 1 1 
x
-30.0705 -30.0705 -30.086 -30.0473 -29.9957 -30.0156 -30.0173 -30.0259 -29.9869 -30.0511 -30.0191 -30.0417 -30.0121 -29.9952 -30.0493 -30.0194 -30.0121 -30.0454 -30.0104 -30.032 -30.029 -30.0645 -30.0133 -30.0175 -30.071 -30.0121 -30.136 -30.0221 -30.1624 -30.1303 -30.0458 -30.0282 -30.0249 -30.0001 -30.0226 -29.9854 -29.9945 -30.0322 -30.0329 -29.9971 -30.0272 -29.9784 -30.0025 -30.0163 -30.0266 -30.0765 -30.0194 -30.0264 -29.9825 -30.0329 -30.146 -30.0705
y
-51.1616 -51.1616 -51.1918 -51.1596 -51.1262 -51.1428 -51.1812 -51.1443 -51.1346 -51.2166 -51.1532 -51.1988 -51.1134 -51.1319 -51.2047 -51.1409 -51.1326 -51.1253 -51.1931 -51.1106 -51.1883 -51.2253 -51.1411 -51.202 -51.1951 -51.1749 -51.2083 -51.1748 -51.1984 -51.2135 -51.151 -51.1483 -51.196 -51.0959 -51.2076 -51.1141 -51.1901 -51.2093 -51.1609 -51.1275 -51.1508 -51.1195 -51.1358 -51.1885 -51.227 -51.2149 -51.1488 -51.1782 -51.1373 -51.2258 -51.2091 -51.1616
d
0.00000 0.00000 16.00000 8.00000 21.00000 16.00000 13.00000 14.00000 23.00000 12.00000 14.00000 12.00000 19.00000 21.00000 11.00000 15.00000 18.00000 14.00000 16.00000 17.00000 14.00000 15.00000 17.00000 16.00000 10.00000 16.00000 27.00000 13.00000 30.00000 23.00000 9.00000 13.00000 16.00000 22.00000 17.00000 22.00000 19.00000 14.00000 13.00000 21.00000 12.00000 27.00000 18.00000 15.00000 18.00000 14.00000 14.00000 12.00000 24.00000 17.00000 25.00000 0.00000
0.00000 0.00000 16.00000 8.00000 21.00000 16.00000 13.00000 14.00000 23.00000 12.00000 14.00000 12.00000 19.00000 21.00000 11.00000 15.00000 18.00000 14.00000 16.00000 17.00000 14.00000 15.00000 17.00000 16.00000 10.00000 16.00000 27.00000 13.00000 30.00000 23.00000 9.00000 13.00000 16.00000 22.00000 17.00000 22.00000 19.00000 14.00000 13.00000 21.00000 12.00000 27.00000 18.00000 15.00000 18.00000 14.00000 14.00000 12.00000 24.00000 17.00000 25.00000 0.00000
14.00000 14.00000 0.00000 14.00000 26.00000 22.00000 17.00000 20.00000 28.00000 11.00000 20.00000 13.00000 26.00000 26.00000 10.00000 21.00000 24.00000 22.00000 18.00000 24.00000 16.00000 12.00000 23.00000 16.00000 8.00000 19.00000 22.00000 16.00000 25.00000 17.00000 16.00000 18.00000 15.00000 30.00000 16.00000 28.00000 22.00000 14.00000 18.00000 26.00000 18.00000 33.00000 24.00000 17.00000 17.00000 9.00000 20.00000 16.00000 30.00000 15.00000 20.00000 14.00000
8.00000 8.00000 15.00000 0.00000 14.00000 10.00000 10.00000 7.00000 16.00000 13.00000 7.00000 10.00000 14.00000 14.00000 11.00000 9.00000 12.00000 9.00000 13.00000 12.00000 11.00000 15.00000 11.00000 13.00000 10.00000 13.00000 27.00000 10.00000 30.00000 22.00000 4.00000 6.00000 13.00000 17.00000 15.00000 16.00000 16.00000 13.00000 6.00000 14.00000 6.00000 20.00000 12.00000 11.00000 16.00000 14.00000 8.00000 9.00000 17.00000 16.00000 25.00000 8.00000
22.00000 22.00000 28.00000 16.00000 0.00000 8.00000 12.00000 10.00000 5.00000 20.00000 10.00000 18.00000 8.00000 2.00000 19.00000 8.00000 7.00000 13.00000 12.00000 13.00000 14.00000 23.00000 7.00000 14.00000 22.00000 11.00000 40.00000 12.00000 42.00000 35.00000 15.00000 11.00000 14.00000 8.00000 16.00000 5.00000 14.00000 16.00000 13.00000 3.00000 11.00000 9.00000 4.00000 13.00000 18.00000 25.00000 10.00000 13.00000 6.00000 21.00000 38.00000 22.00000
16.00000 16.00000 24.00000 9.00000 7.00000 0.00000 10.00000 3.00000 9.00000 19.00000 5.00000 14.00000 10.00000 7.00000 16.00000 2.00000 4.00000 12.00000 11.00000 12.00000 12.00000 21.00000 2.00000 13.00000 18.00000 10.00000 35.00000 10.00000 38.00000 31.00000 9.00000 5.00000 13.00000 13.00000 15.00000 9.00000 15.00000 15.00000 8.00000 7.00000 5.00000 13.00000 5.00000 11.00000 18.00000 22.00000 3.00000 10.00000 10.00000 20.00000 33.00000 16.00000
15.00000 15.00000 19.00000 11.00000 12.00000 9.00000 0.00000 10.00000 14.00000 11.00000 8.00000 9.00000 15.00000 12.00000 10.00000 10.00000 10.00000 15.00000 4.00000 17.00000 5.00000 14.00000 9.00000 4.00000 13.00000 4.00000 31.00000 3.00000 33.00000 26.00000 10.00000 9.00000 5.00000 18.00000 6.00000 14.00000 8.00000 7.00000 7.00000 12.00000 8.00000 18.00000 9.00000 2.00000 9.00000 16.00000 9.00000 4.00000 15.00000 10.00000 29.00000 15.00000
15.00000 15.00000 22.00000 7.00000 10.00000 4.00000 11.00000 0.00000 11.00000 17.00000 4.00000 12.00000 12.00000 10.00000 15.00000 3.00000 6.00000 10.00000 12.00000 13.00000 10.00000 20.00000 5.00000 14.00000 16.00000 11.00000 33.00000 9.00000 36.00000 29.00000 7.00000 2.00000 13.00000 15.00000 16.00000 11.00000 15.00000 14.00000 6.00000 10.00000 3.00000 16.00000 7.00000 12.00000 18.00000 20.00000 3.00000 9.00000 13.00000 19.00000 31.00000 15.00000
24.00000 24.00000 30.00000 17.00000 5.00000 9.00000 13.00000 11.00000 0.00000 22.00000 12.00000 19.00000 10.00000 4.00000 21.00000 9.00000 8.00000 15.00000 14.00000 15.00000 16.00000 24.00000 8.00000 16.00000 24.00000 13.00000 41.00000 14.00000 44.00000 37.00000 16.00000 12.00000 16.00000 11.00000 18.00000 6.00000 15.00000 18.00000 15.00000 5.00000 12.00000 7.00000 6.00000 14.00000 19.00000 27.00000 11.00000 15.00000 2.00000 22.00000 39.00000 24.00000
12.00000 12.00000 10.00000 13.00000 21.00000 18.00000 11.00000 17.00000 23.00000 0.00000 16.00000 6.00000 24.00000 21.00000 4.00000 19.00000 19.00000 19.00000 11.00000 22.00000 9.00000 5.00000 19.00000 9.00000 8.00000 14.00000 22.00000 11.00000 25.00000 18.00000 14.00000 16.00000 8.00000 27.00000 10.00000 23.00000 15.00000 7.00000 14.00000 21.00000 15.00000 28.00000 19.00000 10.00000 10.00000 8.00000 18.00000 11.00000 24.00000 8.00000 20.00000 12.00000
14.00000 14.00000 21.00000 7.00000 8.00000 4.00000 8.00000 4.00000 10.00000 16.00000 0.00000 11.00000 12.00000 8.00000 14.00000 5.00000 6.00000 11.00000 9.00000 14.00000 9.00000 19.00000 6.00000 11.00000 16.00000 8.00000 33.00000 7.00000 36.00000 28.00000 6.00000 3.00000 11.00000 15.00000 13.00000 10.00000 13.00000 13.00000 5.00000 8.00000 2.00000 14.00000 6.00000 9.00000 16.00000 20.00000 2.00000 7.00000 11.00000 17.00000 31.00000 14.00000
12.00000 12.00000 13.00000 10.00000 19.00000 15.00000 9.00000 12.00000 20.00000 5.00000 12.00000 0.00000 19.00000 19.00000 4.00000 14.00000 16.00000 14.00000 8.00000 17.00000 6.00000 8.00000 16.00000 6.00000 9.00000 11.00000 25.00000 8.00000 28.00000 21.00000 10.00000 11.00000 5.00000 23.00000 6.00000 20.00000 12.00000 4.00000 11.00000 19.00000 11.00000 25.00000 16.00000 8.00000 7.00000 10.00000 13.00000 8.00000 22.00000 8.00000 23.00000 12.00000
19.00000 19.00000 27.00000 13.00000 8.00000 9.00000 14.00000 11.00000 10.00000 22.00000 13.00000 19.00000 0.00000 8.00000 21.00000 10.00000 7.00000 9.00000 15.00000 8.00000 16.00000 25.00000 8.00000 16.00000 22.00000 14.00000 39.00000 15.00000 42.00000 34.00000 12.00000 12.00000 17.00000 7.00000 19.00000 8.00000 18.00000 19.00000 14.00000 7.00000 13.00000 15.00000 7.00000 15.00000 22.00000 26.00000 12.00000 15.00000 12.00000 23.00000 37.00000 19.00000
21.00000 21.00000 27.00000 15.00000 3.00000 7.00000 11.00000 9.00000 4.00000 19.00000 9.00000 17.00000 9.00000 0.00000 18.00000 7.00000 6.00000 14.00000 12.00000 13.00000 13.00000 22.00000 6.00000 13.00000 21.00000 10.00000 39.00000 11.00000 41.00000 34.00000 14.00000 10.00000 13.00000 10.00000 15.00000 5.00000 13.00000 15.00000 12.00000 3.00000 10.00000 9.00000 3.00000 12.00000 17.00000 24.00000 9.00000 12.00000 5.00000 20.00000 37.00000 21.00000
10.00000 10.00000 10.00000 11.00000 19.00000 16.00000 9.00000 15.00000 21.00000 4.00000 14.00000 4.00000 22.00000 19.00000 0.00000 17.00000 17.00000 17.00000 9.00000 20.00000 7.00000 6.00000 17.00000 7.00000 7.00000 12.00000 22.00000 9.00000 25.00000 18.00000 12.00000 14.00000 6.00000 25.00000 8.00000 21.00000 13.00000 5.00000 12.00000 19.00000 14.00000 26.00000 17.00000 8.00000 9.00000 8.00000 16.00000 9.00000 22.00000 8.00000 20.00000 10.00000
17.00000 17.00000 24.00000 10.00000 8.00000 3.00000 11.00000 4.00000 10.00000 20.00000 6.00000 15.00000 10.00000 8.00000 18.00000 0.00000 4.00000 11.00000 12.00000 11.00000 13.00000 23.00000 3.00000 14.00000 19.00000 11.00000 36.00000 12.00000 39.00000 31.00000 9.00000 5.00000 14.00000 13.00000 16.00000 10.00000 16.00000 16.00000 8.00000 8.00000 5.00000 14.00000 5.00000 12.00000 20.00000 23.00000 5.00000 11.00000 11.00000 21.00000 34.00000 17.00000
18.00000 18.00000 27.00000 12.00000 6.00000 4.00000 10.00000 6.00000 8.00000 19.00000 8.00000 16.00000 7.00000 6.00000 18.00000 4.00000 0.00000 10.00000 11.00000 9.00000 13.00000 22.00000 3.00000 13.00000 21.00000 10.00000 38.00000 11.00000 41.00000 34.00000 11.00000 7.00000 13.00000 10.00000 15.00000 8.00000 15.00000 15.00000 11.00000 6.00000 8.00000 13.00000 4.00000 11.00000 19.00000 24.00000 7.00000 12.00000 9.00000 20.00000 36.00000 18.00000
15.00000 15.00000 23.00000 9.00000 13.00000 12.00000 14.00000 9.00000 15.00000 19.00000 11.00000 15.00000 10.00000 13.00000 17.00000 10.00000 11.00000 0.00000 16.00000 8.00000 14.00000 22.00000 12.00000 16.00000 17.00000 17.00000 34.00000 13.00000 37.00000 30.00000 8.00000 9.00000 17.00000 13.00000 19.00000 13.00000 20.00000 17.00000 9.00000 12.00000 9.00000 19.00000 12.00000 15.00000 20.00000 21.00000 11.00000 13.00000 16.00000 21.00000 32.00000 15.00000
17.00000 17.00000 18.00000 14.00000 15.00000 12.00000 6.00000 14.00000 16.00000 10.00000 12.00000 8.00000 19.00000 14.00000 9.00000 14.00000 13.00000 19.00000 0.00000 21.00000 6.00000 13.00000 12.00000 3.00000 14.00000 7.00000 30.00000 8.00000 33.00000 25.00000 14.00000 13.00000 4.00000 22.00000 5.00000 17.00000 7.00000 6.00000 12.00000 15.00000 12.00000 21.00000 13.00000 5.00000 8.00000 15.00000 12.00000 8.00000 17.00000 9.00000 28.00000 17.00000
18.00000 18.00000 26.00000 12.00000 12.00000 13.00000 17.00000 13.00000 14.00000 22.00000 14.00000 18.00000 8.00000 12.00000 20.00000 12.00000 11.00000 8.00000 19.00000 0.00000 18.00000 25.00000 12.00000 20.00000 20.00000 17.00000 38.00000 17.00000 40.00000 33.00000 11.00000 12.00000 20.00000 11.00000 22.00000 12.00000 22.00000 20.00000 12.00000 11.00000 12.00000 19.00000 11.00000 18.00000 23.00000 24.00000 14.00000 16.00000 16.00000 24.00000 36.00000 18.00000
13.00000 13.00000 17.00000 10.00000 14.00000 11.00000 4.00000 11.00000 16.00000 9.00000 9.00000 5.00000 18.00000 14.00000 8.00000 12.00000 12.00000 15.00000 6.00000 17.00000 0.00000 12.00000 11.00000 5.00000 11.00000 7.00000 28.00000 4.00000 31.00000 24.00000 10.00000 9.00000 3.00000 21.00000 6.00000 16.00000 11.00000 5.00000 8.00000 14.00000 9.00000 20.00000 12.00000 4.00000 10.00000 14.00000 10.00000 3.00000 17.00000 10.00000 26.00000 13.00000
14.00000 14.00000 12.00000 16.00000 24.00000 21.00000 14.00000 20.00000 26.00000 5.00000 19.00000 8.00000 26.00000 24.00000 6.00000 21.00000 22.00000 21.00000 13.00000 24.00000 12.00000 0.00000 21.00000 11.00000 10.00000 16.00000 22.00000 14.00000 25.00000 17.00000 17.00000 18.00000 11.00000 30.00000 12.00000 26.00000 17.00000 9.00000 17.00000 24.00000 18.00000 30.00000 21.00000 13.00000 12.00000 6.00000 20.00000 13.00000 27.00000 10.00000 20.00000 14.00000
17.00000 17.00000 25.00000 10.00000 6.00000 2.00000 10.00000 4.00000 8.00000 18.00000 5.00000 15.00000 9.00000 6.00000 17.00000 3.00000 4.00000 12.00000 10.00000 11.00000 12.00000 21.00000 0.00000 12.00000 19.00000 9.00000 36.00000 10.00000 39.00000 31.00000 10.00000 6.00000 12.00000 12.00000 14.00000 8.00000 14.00000 14.00000 8.00000 6.00000 5.00000 13.00000 4.00000 11.00000 18.00000 23.00000 4.00000 11.00000 9.00000 19.00000 34.00000 17.00000
16.00000 16.00000 16.00000 13.00000 15.00000 12.00000 5.00000 14.00000 16.00000 9.00000 11.00000 7.00000 19.00000 14.00000 8.00000 14.00000 13.00000 18.00000 4.00000 21.00000 6.00000 11.00000 13.00000 0.00000 13.00000 7.00000 29.00000 7.00000 31.00000 24.00000 13.00000 13.00000 4.00000 22.00000 4.00000 17.00000 7.00000 5.00000 11.00000 15.00000 12.00000 22.00000 13.00000 4.00000 7.00000 14.00000 13.00000 7.00000 17.00000 8.00000 27.00000 16.00000
9.00000 9.00000 8.00000 9.00000 21.00000 17.00000 12.00000 15.00000 23.00000 9.00000 15.00000 9.00000 21.00000 21.00000 8.00000 16.00000 19.00000 17.00000 14.00000 19.00000 12.00000 10.00000 18.00000 13.00000 0.00000 14.00000 19.00000 11.00000 22.00000 15.00000 11.00000 13.00000 12.00000 25.00000 14.00000 23.00000 18.00000 11.00000 13.00000 21.00000 13.00000 28.00000 19.00000 13.00000 14.00000 6.00000 15.00000 11.00000 25.00000 13.00000 17.00000 9.00000
16.00000 16.00000 20.00000 11.00000 10.00000 7.00000 4.00000 9.00000 12.00000 12.00000 7.00000 10.00000 14.00000 10.00000 11.00000 9.00000 8.00000 15.00000 5.00000 16.00000 6.00000 15.00000 8.00000 6.00000 15.00000 0.00000 32.00000 5.00000 34.00000 27.00000 10.00000 8.00000 6.00000 17.00000 8.00000 12.00000 8.00000 8.00000 7.00000 10.00000 7.00000 16.00000 8.00000 5.00000 12.00000 17.00000 8.00000 5.00000 13.00000 13.00000 30.00000 16.00000
26.00000 26.00000 22.00000 27.00000 39.00000 34.00000 29.00000 32.00000 41.00000 24.00000 32.00000 26.00000 38.00000 39.00000 23.00000 33.00000 37.00000 34.00000 31.00000 37.00000 29.00000 22.00000 35.00000 28.00000 20.00000 32.00000 0.00000 29.00000 10.00000 7.00000 28.00000 30.00000 28.00000 42.00000 29.00000 41.00000 35.00000 27.00000 30.00000 39.00000 30.00000 45.00000 36.00000 30.00000 29.00000 18.00000 32.00000 28.00000 42.00000 28.00000 6.00000 26.00000
15.00000 15.00000 19.00000 10.00000 12.00000 9.00000 4.00000 9.00000 14.00000 12.00000 7.00000 7.00000 16.00000 12.00000 10.00000 11.00000 10.00000 14.00000 7.00000 17.00000 5.00000 15.00000 10.00000 6.00000 13.00000 5.00000 31.00000 0.00000 33.00000 26.00000 9.00000 8.00000 6.00000 19.00000 8.00000 14.00000 10.00000 8.00000 6.00000 12.00000 7.00000 18.00000 10.00000 4.00000 12.00000 17.00000 9.00000 2.00000 15.00000 13.00000 29.00000 15.00000
29.00000 29.00000 24.00000 30.00000 42.00000 37.00000 32.00000 35.00000 44.00000 27.00000 35.00000 29.00000 41.00000 42.00000 26.00000 37.00000 40.00000 37.00000 34.00000 40.00000 32.00000 25.00000 38.00000 32.00000 23.00000 35.00000 10.00000 32.00000 0.00000 10.00000 31.00000 34.00000 31.00000 45.00000 32.00000 44.00000 38.00000 30.00000 33.00000 42.00000 33.00000 48.00000 39.00000 33.00000 32.00000 21.00000 35.00000 31.00000 45.00000 31.00000 6.00000 29.00000
21.00000 21.00000 17.00000 22.00000 34.00000 29.00000 24.00000 27.00000 36.00000 19.00000 27.00000 21.00000 34.00000 34.00000 18.00000 29.00000 32.00000 29.00000 26.00000 32.00000 24.00000 17.00000 31.00000 24.00000 16.00000 27.00000 8.00000 24.00000 11.00000 0.00000 24.00000 26.00000 23.00000 37.00000 25.00000 36.00000 30.00000 22.00000 26.00000 34.00000 25.00000 40.00000 32.00000 25.00000 24.00000 13.00000 28.00000 23.00000 37.00000 23.00000 6.00000 21.00000
10.00000 10.00000 17.00000 4.00000 13.00000 9.00000 10.00000 6.00000 15.00000 14.00000 7.00000 10.00000 12.00000 13.00000 12.00000 8.00000 11.00000 8.00000 12.00000 10.00000 10.00000 17.00000 10.00000 12.00000 12.00000 12.00000 29.00000 9.00000 31.00000 24.00000 0.00000 5.00000 12.00000 16.00000 14.00000 15.00000 15.00000 12.00000 5.00000 13.00000 5.00000 20.00000 11.00000 11.00000 15.00000 16.00000 7.00000 9.00000 16.00000 16.00000 27.00000 10.00000
13.00000 13.00000 20.00000 6.00000 10.00000 5.00000 10.00000 2.00000 12.00000 16.00000 3.00000 11.00000 13.00000 10.00000 14.00000 4.00000 7.00000 10.00000 11.00000 13.00000 9.00000 19.00000 6.00000 12.00000 15.00000 9.00000 32.00000 8.00000 35.00000 27.00000 5.00000 0.00000 12.00000 16.00000 14.00000 12.00000 14.00000 13.00000 5.00000 10.00000 1.00000 16.00000 7.00000 11.00000 17.00000 19.00000 3.00000 7.00000 13.00000 18.00000 30.00000 13.00000
14.00000 14.00000 16.00000 12.00000 14.00000 11.00000 5.00000 12.00000 16.00000 8.00000 10.00000 7.00000 18.00000 14.00000 8.00000 13.00000 12.00000 16.00000 5.00000 19.00000 3.00000 11.00000 12.00000 3.00000 12.00000 8.00000 28.00000 5.00000 31.00000 24.00000 11.00000 11.00000 0.00000 21.00000 5.00000 16.00000 10.00000 5.00000 9.00000 14.00000 10.00000 21.00000 12.00000 4.00000 9.00000 13.00000 12.00000 5.00000 17.00000 10.00000 26.00000 14.00000
23.00000 23.00000 31.00000 18.00000 9.00000 14.00000 18.00000 16.00000 12.00000 27.00000 17.00000 23.00000 6.00000 10.00000 26.00000 14.00000 11.00000 14.00000 19.00000 11.00000 21.00000 30.00000 13.00000 21.00000 26.00000 18.00000 43.00000 19.00000 46.00000 38.00000 16.00000 16.00000 21.00000 0.00000 23.00000 7.00000 21.00000 23.00000 18.00000 9.00000 17.00000 16.00000 11.00000 20.00000 23.00000 30.00000 16.00000 20.00000 13.00000 26.00000 41.00000 23.00000
15.00000 15.00000 16.00000 14.00000 16.00000 13.00000 5.00000 14.00000 17.00000 8.00000 12.00000 7.00000 20.00000 16.00000 7.00000 15.00000 14.00000 18.00000 5.00000 21.00000 5.00000 10.00000 14.00000 3.00000 12.00000 8.00000 28.00000 7.00000 30.00000 23.00000 13.00000 13.00000 4.00000 22.00000 0.00000 17.00000 8.00000 3.00000 11.00000 16.00000 12.00000 22.00000 14.00000 4.00000 5.00000 13.00000 14.00000 7.00000 19.00000 7.00000 26.00000 15.00000
22.00000 22.00000 30.00000 17.00000 5.00000 10.00000 14.00000 12.00000 6.00000 22.00000 12.00000 20.00000 8.00000 4.00000 21.00000 10.00000 9.00000 13.00000 14.00000 13.00000 16.00000 25.00000 9.00000 16.00000 24.00000 13.00000 42.00000 14.00000 44.00000 37.00000 15.00000 13.00000 16.00000 6.00000 18.00000 0.00000 16.00000 18.00000 15.00000 5.00000 13.00000 9.00000 6.00000 15.00000 17.00000 27.00000 11.00000 15.00000 7.00000 21.00000 40.00000 22.00000
19.00000 19.00000 22.00000 17.00000 14.00000 13.00000 9.00000 15.00000 15.00000 14.00000 13.00000 13.00000 18.00000 13.00000 13.00000 15.00000 14.00000 21.00000 6.00000 22.00000 10.00000 17.00000 14.00000 8.00000 17.00000 9.00000 34.00000 11.00000 37.00000 30.00000 16.00000 14.00000 9.00000 19.00000 8.00000 14.00000 0.00000 11.00000 13.00000 14.00000 13.00000 21.00000 13.00000 7.00000 9.00000 19.00000 14.00000 10.00000 16.00000 13.00000 32.00000 19.00000
14.00000 14.00000 14.00000 13.00000 17.00000 14.00000 7.00000 14.00000 19.00000 7.00000 12.00000 5.00000 21.00000 17.00000 6.00000 16.00000 15.00000 17.00000 7.00000 20.00000 5.00000 10.00000 15.00000 5.00000 11.00000 10.00000 27.00000 7.00000 29.00000 22.00000 13.00000 13.00000 4.00000 23.00000 4.00000 19.00000 10.00000 0.00000 11.00000 17.00000 12.00000 24.00000 15.00000 6.00000 5.00000 12.00000 14.00000 7.00000 20.00000 6.00000 25.00000 14.00000
12.00000 12.00000 19.00000 6.00000 13.00000 8.00000 8.00000 6.00000 15.00000 14.00000 5.00000 10.00000 15.00000 13.00000 12.00000 8.00000 11.00000 10.00000 11.00000 13.00000 7.00000 17.00000 9.00000 11.00000 13.00000 10.00000 30.00000 6.00000 33.00000 26.00000 6.00000 5.00000 10.00000 18.00000 13.00000 15.00000 14.00000 12.00000 0.00000 13.00000 4.00000 19.00000 10.00000 9.00000 15.00000 17.00000 6.00000 6.00000 16.00000 16.00000 28.00000 12.00000
21.00000 21.00000 28.00000 16.00000 3.00000 8.00000 12.00000 10.00000 4.00000 20.00000 10.00000 18.00000 7.00000 2.00000 19.00000 8.00000 5.00000 12.00000 12.00000 11.00000 14.00000 23.00000 7.00000 14.00000 22.00000 11.00000 40.00000 12.00000 42.00000 35.00000 14.00000 11.00000 14.00000 9.00000 16.00000 4.00000 14.00000 16.00000 13.00000 0.00000 11.00000 9.00000 4.00000 13.00000 18.00000 25.00000 10.00000 13.00000 5.00000 21.00000 38.00000 21.00000
13.00000 13.00000 20.00000 5.00000 9.00000 4.00000 9.00000 2.00000 11.00000 15.00000 2.00000 10.00000 13.00000 9.00000 13.00000 4.00000 7.00000 9.00000 10.00000 12.00000 8.00000 18.00000 6.00000 11.00000 14.00000 9.00000 31.00000 7.00000 34.00000 27.00000 5.00000 1.00000 11.00000 16.00000 14.00000 11.00000 13.00000 12.00000 4.00000 9.00000 0.00000 15.00000 7.00000 10.00000 16.00000 18.00000 3.00000 6.00000 12.00000 17.00000 29.00000 13.00000
28.00000 28.00000 34.00000 22.00000 9.00000 14.00000 17.00000 16.00000 8.00000 26.00000 16.00000 23.00000 15.00000 8.00000 25.00000 14.00000 13.00000 20.00000 18.00000 19.00000 20.00000 29.00000 13.00000 20.00000 28.00000 17.00000 46.00000 18.00000 48.00000 41.00000 21.00000 17.00000 20.00000 15.00000 22.00000 9.00000 20.00000 22.00000 19.00000 9.00000 17.00000 0.00000 10.00000 18.00000 24.00000 31.00000 15.00000 19.00000 7.00000 27.00000 43.00000 28.00000
20.00000 20.00000 26.00000 13.00000 4.00000 5.00000 9.00000 7.00000 6.00000 18.00000 8.00000 15.00000 8.00000 4.00000 17.00000 5.00000 4.00000 12.00000 10.00000 12.00000 12.00000 21.00000 4.00000 12.00000 20.00000 9.00000 37.00000 10.00000 40.00000 33.00000 13.00000 8.00000 12.00000 11.00000 14.00000 6.00000 13.00000 14.00000 11.00000 4.00000 9.00000 10.00000 0.00000 10.00000 17.00000 23.00000 7.00000 11.00000 7.00000 19.00000 35.00000 20.00000
14.00000 14.00000 18.00000 11.00000 14.00000 11.00000 3.00000 12.00000 15.00000 10.00000 10.00000 7.00000 17.00000 13.00000 9.00000 13.00000 12.00000 16.00000 3.00000 18.00000 4.00000 13.00000 11.00000 3.00000 12.00000 6.00000 29.00000 5.00000 32.00000 25.00000 11.00000 11.00000 4.00000 20.00000 6.00000 16.00000 7.00000 6.00000 9.00000 14.00000 10.00000 20.00000 12.00000 0.00000 9.00000 15.00000 11.00000 5.00000 16.00000 10.00000 27.00000 14.00000
17.00000 17.00000 16.00000 16.00000 18.00000 17.00000 10.00000 18.00000 19.00000 8.00000 16.00000 8.00000 22.00000 17.00000 9.00000 19.00000 18.00000 21.00000 9.00000 23.00000 9.00000 11.00000 18.00000 8.00000 14.00000 12.00000 28.00000 11.00000 31.00000 23.00000 16.00000 16.00000 8.00000 22.00000 6.00000 17.00000 9.00000 7.00000 15.00000 18.00000 16.00000 24.00000 17.00000 9.00000 0.00000 13.00000 17.00000 10.00000 20.00000 5.00000 26.00000 17.00000
13.00000 13.00000 9.00000 14.00000 26.00000 22.00000 16.00000 19.00000 28.00000 9.00000 19.00000 12.00000 26.00000 26.00000 9.00000 21.00000 24.00000 21.00000 17.00000 24.00000 15.00000 7.00000 23.00000 15.00000 8.00000 19.00000 17.00000 16.00000 20.00000 13.00000 16.00000 18.00000 14.00000 29.00000 15.00000 28.00000 21.00000 13.00000 18.00000 26.00000 18.00000 32.00000 24.00000 16.00000 16.00000 0.00000 20.00000 15.00000 29.00000 14.00000 15.00000 13.00000
15.00000 15.00000 22.00000 7.00000 8.00000 3.00000 9.00000 3.00000 10.00000 17.00000 3.00000 12.00000 11.00000 8.00000 15.00000 4.00000 6.00000 12.00000 10.00000 14.00000 10.00000 20.00000 4.00000 12.00000 16.00000 9.00000 34.00000 8.00000 36.00000 29.00000 7.00000 3.00000 12.00000 15.00000 14.00000 10.00000 14.00000 14.00000 6.00000 8.00000 3.00000 14.00000 6.00000 10.00000 17.00000 20.00000 0.00000 8.00000 11.00000 19.00000 32.00000 15.00000
13.00000 13.00000 17.00000 10.00000 13.00000 10.00000 4.00000 9.00000 15.00000 10.00000 8.00000 6.00000 17.00000 13.00000 8.00000 11.00000 11.00000 14.00000 7.00000 16.00000 3.00000 13.00000 11.00000 7.00000 12.00000 6.00000 29.00000 3.00000 32.00000 24.00000 9.00000 8.00000 6.00000 20.00000 9.00000 15.00000 10.00000 8.00000 6.00000 13.00000 7.00000 20.00000 11.00000 5.00000 11.00000 15.00000 9.00000 0.00000 16.00000 12.00000 27.00000 13.00000
25.00000 25.00000 31.00000 18.00000 6.00000 10.00000 15.00000 12.00000 2.00000 23.00000 13.00000 21.00000 12.00000 5.00000 22.00000 10.00000 9.00000 16.00000 15.00000 16.00000 17.00000 26.00000 9.00000 17.00000 25.00000 14.00000 43.00000 15.00000 45.00000 38.00000 17.00000 13.00000 17.00000 13.00000 19.00000 7.00000 16.00000 19.00000 16.00000 6.00000 14.00000 7.00000 7.00000 16.00000 20.00000 28.00000 12.00000 16.00000 0.00000 23.00000 41.00000 25.00000
14.00000 14.00000 13.00000 15.00000 19.00000 16.00000 9.00000 16.00000 21.00000 6.00000 14.00000 7.00000 23.00000 19.00000 6.00000 18.00000 17.00000 19.00000 9.00000 22.00000 7.00000 8.00000 17.00000 7.00000 11.00000 12.00000 25.00000 9.00000 28.00000 21.00000 14.00000 15.00000 6.00000 24.00000 6.00000 19.00000 11.00000 5.00000 13.00000 19.00000 14.00000 26.00000 17.00000 8.00000 4.00000 11.00000 16.00000 9.00000 22.00000 0.00000 23.00000 14.00000
25.00000 25.00000 20.00000 25.00000 37.00000 33.00000 28.00000 30.00000 39.00000 22.00000 31.00000 24.00000 37.00000 37.00000 22.00000 32.00000 35.00000 32.00000 30.00000 35.00000 28.00000 21.00000 34.00000 27.00000 19.00000 30.00000 5.00000 27.00000 7.00000 6.00000 27.00000 29.00000 27.00000 41.00000 28.00000 39.00000 33.00000 25.00000 29.00000 37.00000 29.00000 44.00000 35.00000 29.00000 28.00000 17.00000 31.00000 27.00000 40.00000 27.00000 0.00000 25.00000
0.00000 0.00000 16.00000 8.00000 21.00000 16.00000 13.00000 14.00000 23.00000 12.00000 14.00000 12.00000 19.00000 21.00000 11.00000 15.00000 18.00000 14.00000 16.00000 17.00000 14.00000 15.00000 17.00000 16.00000 10.00000 16.00000 27.00000 13.00000 30.00000 23.00000 9.00000 13.00000 16.00000 22.00000 17.00000 22.00000 19.00000 14.00000 13.00000 21.00000 12.00000 27.00000 18.00000 15.00000 18.00000 14.00000 14.00000 12.00000 24.00000 17.00000 25.00000 0.00000
p
0.0 0.0 0.0 0.0 0.0 0.0 
0.0 0.0 0.0 0.0 0.0 0.0 
0.0 0.0 0.0 0.0 0.0 0.0 
0.0 0.0 0.0 0.0 0.0 0.0 
0.0 0.0 0.0 0.0 0.0 0.0 
0.0 0.0 0.0 0.0 0.0 0.0 
0.0 0.0 0.0 0.0 0.0 0.0 
0.0 0.0 0.0 0.0 0.0 0.0 
0.0 0.0 0.0 0.0 0.0 0.0 
0.0 0.0 0.0 0.0 0.0 0.0 
0 0 0 0 0 53 
0 0 0 0 0 53 
0 0 0 0 0 53 
0 0 0 0 0 53 
0 0 0 0 0 53 
0 0 0 0 0 53 
0 0 0 0 0 53 
0 0 0 0 0 53 
0 0 0 0 0 53 
0 0 0 0 0 53 
29 0 0 0 0 0 
29 0 0 0 0 0 
29 0 0 0 0 0 
29 0 0 0 0 0 
29 0 0 0 0 0 
29 0 0 0 0 0 
29 0 0 0 0 0 
29 0 0 0 0 0 
29 0 0 0 0 0 
29 0 0 0 0 0 
0 0 0 47 0 0 
0 0 0 47 0 0 
0 0 0 47 0 0 
0 0 0 47 0 0 
0 0 0 47 0 0 
0 0 0 47 0 0 
0 0 0 47 0 0 
0 0 0 47 0 0 
0 0 0 47 0 0 
0 0 0 47 0 0 
26 0 0 33 0 0 
26 0 0 33 0 0 
26 0 0 33 0 0 
26 0 0 33 0 0 
26 0 0 33 0 0 
26 0 0 33 0 0 
26 0 0 33 0 0 
26 0 0 33 0 0 
26 0 0 33 0 0 
26 0 0 33 0 0 
0 54 0 0 54 0 
0 54 0 0 54 0 
0 54 0 0 54 0 
0 54 0 0 54 0 
0 54 0 0 54 0 
0 54 0 0 54 0 
0 54 0 0 54 0 
0 54 0 0 54 0 
0 54 0 0 54 0 
0 54 0 0 54 0 
0 0 0 0 0 37 
0 0 0 0 0 37 
0 0 0 0 0 37 
0 0 0 0 0 37 
0 0 0 0 0 37 
0 0 0 0 0 37 
0 0 0 0 0 37 
0 0 0 0 0 37 
0 0 0 0 0 37 
0 0 0 0 0 37 
15 0 0 0 0 0 
15 0 0 0 0 0 
15 0 0 0 0 0 
15 0 0 0 0 0 
15 0 0 0 0 0 
15 0 0 0 0 0 
15 0 0 0 0 0 
15 0 0 0 0 0 
15 0 0 0 0 0 
15 0 0 0 0 0 
23 0 0 49 0 0 
23 0 0 49 0 0 
23 0 0 49 0 0 
23 0 0 49 0 0 
23 0 0 49 0 0 
23 0 0 49 0 0 
23 0 0 49 0 0 
23 0 0 49 0 0 
23 0 0 49 0 0 
23 0 0 49 0 0 
0 0 0 0 45 0 
0 0 0 0 45 0 
0 0 0 0 45 0 
0 0 0 0 45 0 
0 0 0 0 45 0 
0 0 0 0 45 0 
0 0 0 0 45 0 
0 0 0 0 45 0 
0 0 0 0 45 0 
0 0 0 0 45 0 
0 60 0 58 0 0 
0 60 0 58 0 0 
0 60 0 58 0 0 
0 60 0 58 0 0 
0 60 0 58 0 0 
0 60 0 58 0 0 
0 60 0 58 0 0 
0 60 0 58 0 0 
0 60 0 58 0 0 
0 60 0 58 0 0 
0 0 0 0 0 44 
0 0 0 0 0 44 
0 0 0 0 0 44 
0 0 0 0 0 44 
0 0 0 0 0 44 
0 0 0 0 0 44 
0 0 0 0 0 44 
0 0 0 0 0 44 
0 0 0 0 0 44 
0 0 0 0 0 44 
0 0 0 0 44 0 
0 0 0 0 44 0 
0 0 0 0 44 0 
0 0 0 0 44 0 
0 0 0 0 44 0 
0 0 0 0 44 0 
0 0 0 0 44 0 
0 0 0 0 44 0 
0 0 0 0 44 0 
0 0 0 0 44 0 
0 0 56 0 15 0 
0 0 56 0 15 0 
0 0 56 0 15 0 
0 0 56 0 15 0 
0 0 56 0 15 0 
0 0 56 0 15 0 
0 0 56 0 15 0 
0 0 56 0 15 0 
0 0 56 0 15 0 
0 0 56 0 15 0 
0 0 0 44 0 0 
0 0 0 44 0 0 
0 0 0 44 0 0 
0 0 0 44 0 0 
0 0 0 44 0 0 
0 0 0 44 0 0 
0 0 0 44 0 0 
0 0 0 44 0 0 
0 0 0 44 0 0 
0 0 0 44 0 0 
0 0 0 0 0 37 
0 0 0 0 0 37 
0 0 0 0 0 37 
0 0 0 0 0 37 
0 0 0 0 0 37 
0 0 0 0 0 37 
0 0 0 0 0 37 
0 0 0 0 0 37 
0 0 0 0 0 37 
0 0 0 0 0 37 
0 0 0 31 0 0 
0 0 0 31 0 0 
0 0 0 31 0 0 
0 0 0 31 0 0 
0 0 0 31 0 0 
0 0 0 31 0 0 
0 0 0 31 0 0 
0 0 0 31 0 0 
0 0 0 31 0 0 
0 0 0 31 0 0 
16 0 0 0 0 0 
16 0 0 0 0 0 
16 0 0 0 0 0 
16 0 0 0 0 0 
16 0 0 0 0 0 
16 0 0 0 0 0 
16 0 0 0 0 0 
16 0 0 0 0 0 
16 0 0 0 0 0 
16 0 0 0 0 0 
34 0 0 0 43 0 
34 0 0 0 43 0 
34 0 0 0 43 0 
34 0 0 0 43 0 
34 0 0 0 43 0 
34 0 0 0 43 0 
34 0 0 0 43 0 
34 0 0 0 43 0 
34 0 0 0 43 0 
34 0 0 0 43 0 
0 27 0 0 0 0 
0 27 0 0 0 0 
0 27 0 0 0 0 
0 27 0 0 0 0 
0 27 0 0 0 0 
0 27 0 0 0 0 
0 27 0 0 0 0 
0 27 0 0 0 0 
0 27 0 0 0 0 
0 27 0 0 0 0 
0 0 0 0 58 0 
0 0 0 0 58 0 
0 0 0 0 58 0 
0 0 0 0 58 0 
0 0 0 0 58 0 
0 0 0 0 58 0 
0 0 0 0 58 0 
0 0 0 0 58 0 
0 0 0 0 58 0 
0 0 0 0 58 0 
0 46 0 0 47 0 
0 46 0 0 47 0 
0 46 0 0 47 0 
0 46 0 0 47 0 
0 46 0 0 47 0 
0 46 0 0 47 0 
0 46 0 0 47 0 
0 46 0 0 47 0 
0 46 0 0 47 0 
0 46 0 0 47 0 
0 26 0 51 0 0 
0 26 0 51 0 0 
0 26 0 51 0 0 
0 26 0 51 0 0 
0 26 0 51 0 0 
0 26 0 51 0 0 
0 26 0 51 0 0 
0 26 0 51 0 0 
0 26 0 51 0 0 
0 26 0 51 0 0 
0 0 0 0 52 0 
0 0 0 0 52 0 
0 0 0 0 52 0 
0 0 0 0 52 0 
0 0 0 0 52 0 
0 0 0 0 52 0 
0 0 0 0 52 0 
0 0 0 0 52 0 
0 0 0 0 52 0 
0 0 0 0 52 0 
15 0 0 0 0 0 
15 0 0 0 0 0 
15 0 0 0 0 0 
15 0 0 0 0 0 
15 0 0 0 0 0 
15 0 0 0 0 0 
15 0 0 0 0 0 
15 0 0 0 0 0 
15 0 0 0 0 0 
15 0 0 0 0 0 
57 0 0 0 0 0 
57 0 0 0 0 0 
57 0 0 0 0 0 
57 0 0 0 0 0 
57 0 0 0 0 0 
57 0 0 0 0 0 
57 0 0 0 0 0 
57 0 0 0 0 0 
57 0 0 0 0 0 
57 0 0 0 0 0 
0 0 60 0 0 17 
0 0 60 0 0 17 
0 0 60 0 0 17 
0 0 60 0 0 17 
0 0 60 0 0 17 
0 0 60 0 0 17 
0 0 60 0 0 17 
0 0 60 0 0 17 
0 0 60 0 0 17 
0 0 60 0 0 17 
29 0 0 0 0 0 
29 0 0 0 0 0 
29 0 0 0 0 0 
29 0 0 0 0 0 
29 0 0 0 0 0 
29 0 0 0 0 0 
29 0 0 0 0 0 
29 0 0 0 0 0 
29 0 0 0 0 0 
29 0 0 0 0 0 
0 0 0 0 34 0 
0 0 0 0 34 0 
0 0 0 0 34 0 
0 0 0 0 34 0 
0 0 0 0 34 0 
0 0 0 0 34 0 
0 0 0 0 34 0 
0 0 0 0 34 0 
0 0 0 0 34 0 
0 0 0 0 34 0 
15 0 0 0 0 57 
15 0 0 0 0 57 
15 0 0 0 0 57 
15 0 0 0 0 57 
15 0 0 0 0 57 
15 0 0 0 0 57 
15 0 0 0 0 57 
15 0 0 0 0 57 
15 0 0 0 0 57 
15 0 0 0 0 57 
0 0 0 0 0 27 
0 0 0 0 0 27 
0 0 0 0 0 27 
0 0 0 0 0 27 
0 0 0 0 0 27 
0 0 0 0 0 27 
0 0 0 0 0 27 
0 0 0 0 0 27 
0 0 0 0 0 27 
0 0 0 0 0 27 
0 0 0 0 15 0 
0 0 0 0 15 0 
0 0 0 0 15 0 
0 0 0 0 15 0 
0 0 0 0 15 0 
0 0 0 0 15 0 
0 0 0 0 15 0 
0 0 0 0 15 0 
0 0 0 0 15 0 
0 0 0 0 15 0 
0 0 42 0 0 0 
0 0 42 0 0 0 
0 0 42 0 0 0 
0 0 42 0 0 0 
0 0 42 0 0 0 
0 0 42 0 0 0 
0 0 42 0 0 0 
0 0 42 0 0 0 
0 0 42 0 0 0 
0 0 42 0 0 0 
23 0 0 0 0 0 
23 0 0 0 0 0 
23 0 0 0 0 0 
23 0 0 0 0 0 
23 0 0 0 0 0 
23 0 0 0 0 0 
23 0 0 0 0 0 
23 0 0 0 0 0 
23 0 0 0 0 0 
23 0 0 0 0 0 
0 0 0 24 0 0 
0 0 0 24 0 0 
0 0 0 24 0 0 
0 0 0 24 0 0 
0 0 0 24 0 0 
0 0 0 24 0 0 
0 0 0 24 0 0 
0 0 0 24 0 0 
0 0 0 24 0 0 
0 0 0 24 0 0 
0 28 0 0 36 0 
0 28 0 0 36 0 
0 28 0 0 36 0 
0 28 0 0 36 0 
0 28 0 0 36 0 
0 28 0 0 36 0 
0 28 0 0 36 0 
0 28 0 0 36 0 
0 28 0 0 36 0 
0 28 0 0 36 0 
43 0 0 0 0 29 
43 0 0 0 0 29 
43 0 0 0 0 29 
43 0 0 0 0 29 
43 0 0 0 0 29 
43 0 0 0 0 29 
43 0 0 0 0 29 
43 0 0 0 0 29 
43 0 0 0 0 29 
43 0 0 0 0 29 
0 0 0 0 0 23 
0 0 0 0 0 23 
0 0 0 0 0 23 
0 0 0 0 0 23 
0 0 0 0 0 23 
0 0 0 0 0 23 
0 0 0 0 0 23 
0 0 0 0 0 23 
0 0 0 0 0 23 
0 0 0 0 0 23 
49 0 0 0 0 0 
49 0 0 0 0 0 
49 0 0 0 0 0 
49 0 0 0 0 0 
49 0 0 0 0 0 
49 0 0 0 0 0 
49 0 0 0 0 0 
49 0 0 0 0 0 
49 0 0 0 0 0 
49 0 0 0 0 0 
0 0 58 0 0 0 
0 0 58 0 0 0 
0 0 58 0 0 0 
0 0 58 0 0 0 
0 0 58 0 0 0 
0 0 58 0 0 0 
0 0 58 0 0 0 
0 0 58 0 0 0 
0 0 58 0 0 0 
0 0 58 0 0 0 
0 0 22 0 0 47 
0 0 22 0 0 47 
0 0 22 0 0 47 
0 0 22 0 0 47 
0 0 22 0 0 47 
0 0 22 0 0 47 
0 0 22 0 0 47 
0 0 22 0 0 47 
0 0 22 0 0 47 
0 0 22 0 0 47 
0 0 0 54 0 0 
0 0 0 54 0 0 
0 0 0 54 0 0 
0 0 0 54 0 0 
0 0 0 54 0 0 
0 0 0 54 0 0 
0 0 0 54 0 0 
0 0 0 54 0 0 
0 0 0 54 0 0 
0 0 0 54 0 0 
30 0 0 0 0 0 
30 0 0 0 0 0 
30 0 0 0 0 0 
30 0 0 0 0 0 
30 0 0 0 0 0 
30 0 0 0 0 0 
30 0 0 0 0 0 
30 0 0 0 0 0 
30 0 0 0 0 0 
30 0 0 0 0 0 
0 59 0 0 0 0 
0 59 0 0 0 0 
0 59 0 0 0 0 
0 59 0 0 0 0 
0 59 0 0 0 0 
0 59 0 0 0 0 
0 59 0 0 0 0 
0 59 0 0 0 0 
0 59 0 0 0 0 
0 59 0 0 0 0 
0 0 59 0 0 0 
0 0 59 0 0 0 
0 0 59 0 0 0 
0 0 59 0 0 0 
0 0 59 0 0 0 
0 0 59 0 0 0 
0 0 59 0 0 0 
0 0 59 0 0 0 
0 0 59 0 0 0 
0 0 59 0 0 0 
31 0 0 0 0 0 
31 0 0 0 0 0 
31 0 0 0 0 0 
31 0 0 0 0 0 
31 0 0 0 0 0 
31 0 0 0 0 0 
31 0 0 0 0 0 
31 0 0 0 0 0 
31 0 0 0 0 0 
31 0 0 0 0 0 
18 0 0 33 0 0 
18 0 0 33 0 0 
18 0 0 33 0 0 
18 0 0 33 0 0 
18 0 0 33 0 0 
18 0 0 33 0 0 
18 0 0 33 0 0 
18 0 0 33 0 0 
18 0 0 33 0 0 
18 0 0 33 0 0 
47 0 0 0 47 0 
47 0 0 0 47 0 
47 0 0 0 47 0 
47 0 0 0 47 0 
47 0 0 0 47 0 
47 0 0 0 47 0 
47 0 0 0 47 0 
47 0 0 0 47 0 
47 0 0 0 47 0 
47 0 0 0 47 0 
0 0 0 0 25 0 
0 0 0 0 25 0 
0 0 0 0 25 0 
0 0 0 0 25 0 
0 0 0 0 25 0 
0 0 0 0 25 0 
0 0 0 0 25 0 
0 0 0 0 25 0 
0 0 0 0 25 0 
0 0 0 0 25 0 
0 18 0 0 0 0 
0 18 0 0 0 0 
0 18 0 0 0 0 
0 18 0 0 0 0 
0 18 0 0 0 0 
0 18 0 0 0 0 
0 18 0 0 0 0 
0 18 0 0 0 0 
0 18 0 0 0 0 
0 18 0 0 0 0 
39 0 0 0 0 52 
39 0 0 0 0 52 
39 0 0 0 0 52 
39 0 0 0 0 52 
39 0 0 0 0 52 
39 0 0 0 0 52 
39 0 0 0 0 52 
39 0 0 0 0 52 
39 0 0 0 0 52 
39 0 0 0 0 52 
0.0 0.0 0.0 0.0 0.0 0.0 
0.0 0.0 0.0 0.0 0.0 0.0 
0.0 0.0 0.0 0.0 0.0 0.0 
0.0 0.0 0.0 0.0 0.0 0.0 
0.0 0.0 0.0 0.0 0.0 0.0 
0.0 0.0 0.0 0.0 0.0 0.0 
0.0 0.0 0.0 0.0 0.0 0.0 
0.0 0.0 0.0 0.0 0.0 0.0 
0.0 0.0 0.0 0.0 0.0 0.0 
0.0 0.0 0.0 0.0 0.0 0.0 
mind
0 0 0 0 18 0 0 0 12 0 0 0 0 18 0 0 0 0 13 0 0 0 0 0 0 0 0 0 0 0 0 0 0 0 0 16 13 0 0 0 0 0 0 0 0 0 0 18 0 0 15 0
maxd
0 0 0 0 28 0 0 0 20 0 0 0 0 26 0 0 0 0 19 0 0 0 0 0 0 0 0 0 0 0 0 0 0 0 0 28 17 0 0 0 0 0 0 0 0 0 0 29 0 0 28 0
e
0 820 845 937 495 507 700 520 624 880 953 739 535 732 638 608 909 946 516 671 834 757 576 819 946 766 939 666 930 900 810 582 885 776 725 850 577 831 585 500 866 657 591 809 882 529 646 779 646 719 634 0
l
99999 940 965 1057 615 627 820 640 744 1000 1073 859 655 852 758 728 1029 1066 636 791 954 877 696 939 1066 886 1059 786 1050 1020 930 702 1005 896 845 970 697 951 705 620 986 777 711 929 1002 649 766 899 766 839 754 99999
