nbNodes
52
nbVehi
10
nbServi
6
r
1 1 1 1 1 1 
0 0 0 0 0 1 
0 0 1 1 0 0 
0 0 1 1 0 0 
1 0 0 0 1 0 
0 0 1 0 0 0 
1 0 0 0 1 0 
1 0 0 0 0 0 
0 0 0 0 0 1 
0 1 0 0 1 0 
0 0 0 0 1 0 
0 0 1 0 0 0 
0 0 0 1 0 0 
0 0 0 0 1 0 
0 0 1 0 0 0 
0 1 0 0 0 0 
0 0 0 0 0 1 
0 0 1 0 0 0 
1 0 0 1 0 0 
0 0 1 0 0 0 
1 0 0 0 0 0 
0 1 0 1 0 0 
1 0 0 0 1 0 
0 0 0 0 0 1 
0 1 0 0 0 0 
0 0 1 0 1 0 
0 0 0 0 0 1 
1 0 0 0 0 0 
0 0 0 1 0 0 
0 0 1 1 0 0 
1 0 0 0 0 0 
1 0 0 0 0 0 
0 0 1 0 0 0 
0 0 1 0 0 0 
0 1 0 1 0 0 
1 0 0 0 0 1 
0 0 0 0 0 1 
0 0 1 0 0 0 
0 1 0 0 0 0 
0 0 0 1 0 0 
0 0 0 0 1 0 
0 0 1 0 0 1 
1 0 0 1 0 0 
0 0 1 0 0 0 
0 1 0 0 1 0 
0 0 0 1 0 0 
0 0 1 0 0 0 
0 0 0 0 1 0 
0 0 1 0 0 1 
1 0 0 0 0 0 
0 0 0 0 0 1 
1 1 1 1 1 1 
DS
3 4 5 7 10 19 22 23 26 30 35 36 42 43 45 49 
a
1 0 0 0 0 0 
0 1 0 0 0 0 
1 0 1 0 0 0 
1 1 1 0 0 0 
1 0 1 0 0 0 
0 0 0 0 1 0 
0 0 0 1 1 1 
0 0 0 1 0 0 
0 0 0 0 0 1 
0 0 0 0 1 1 
x
-30.1129 -30.0751 -30.0227 -30.0484 -30.1129 -30.0225 -30.1617 -30.2132 -30.0219 -30.0261 -30.1665 -30.0725 -30.017 -30.0104 -30.0258 -30.0762 -30.013 -30.0676 -30.0745 -30.0754 -30.0903 -30.1738 -30.0751 -30.0652 -30.151 -30.1578 -30.0074 -30.0321 -30.0226 -30.025 -30.0769 -30.0477 -30.0722 -30.0914 -30.0405 -30.079 -30.0557 -30.1609 -30.0153 -30.082 -30.0844 -30.0724 -30.0656 -30.0136 -30.0808 -30.2115 -30.0736 -30.0265 -30.074 -30.0659 -30.08 -30.1129
y
-51.1695 -51.2226 -51.1465 -51.1587 -51.1695 -51.1392 -51.1376 -51.163 -51.1368 -51.1328 -51.1406 -51.1599 -51.1697 -51.1148 -51.1377 -51.2244 -51.1435 -51.1689 -51.1628 -51.2269 -51.2204 -51.1475 -51.2224 -51.174 -51.1475 -51.1337 -51.1577 -51.1053 -51.1341 -51.1361 -51.1636 -51.1321 -51.1737 -51.2326 -51.1427 -51.1674 -51.224 -51.1347 -51.1385 -51.1745 -51.2286 -51.1623 -51.1655 -51.1405 -51.2182 -51.162 -51.226 -51.1482 -51.2214 -51.1536 -51.2249 -51.1695
d
0.00000 22.00000 28.00000 22.00000 0.00000 29.00000 19.00000 24.00000 29.00000 28.00000 18.00000 24.00000 28.00000 31.00000 28.00000 21.00000 31.00000 23.00000 25.00000 22.00000 18.00000 17.00000 21.00000 21.00000 17.00000 20.00000 31.00000 31.00000 30.00000 29.00000 25.00000 24.00000 22.00000 18.00000 24.00000 21.00000 23.00000 19.00000 30.00000 21.00000 19.00000 24.00000 22.00000 30.00000 21.00000 24.00000 22.00000 27.00000 21.00000 20.00000 20.00000 0.00000
22.00000 0.00000 22.00000 16.00000 22.00000 23.00000 29.00000 34.00000 24.00000 24.00000 28.00000 16.00000 18.00000 27.00000 23.00000 1.00000 24.00000 14.00000 18.00000 2.00000 6.00000 27.00000 2.00000 12.00000 27.00000 30.00000 23.00000 27.00000 25.00000 23.00000 19.00000 22.00000 13.00000 8.00000 20.00000 17.00000 8.00000 29.00000 24.00000 20.00000 4.00000 17.00000 14.00000 24.00000 4.00000 34.00000 2.00000 20.00000 3.00000 15.00000 3.00000 22.00000
28.00000 23.00000 0.00000 9.00000 28.00000 3.00000 39.00000 48.00000 4.00000 6.00000 42.00000 16.00000 8.00000 11.00000 4.00000 23.00000 5.00000 13.00000 17.00000 23.00000 21.00000 41.00000 23.00000 14.00000 40.00000 37.00000 6.00000 13.00000 5.00000 4.00000 19.00000 10.00000 17.00000 24.00000 6.00000 17.00000 19.00000 38.00000 4.00000 22.00000 23.00000 16.00000 13.00000 4.00000 22.00000 48.00000 22.00000 2.00000 22.00000 13.00000 23.00000 28.00000
22.00000 16.00000 8.00000 0.00000 22.00000 10.00000 34.00000 42.00000 10.00000 11.00000 36.00000 9.00000 12.00000 14.00000 9.00000 16.00000 12.00000 7.00000 11.00000 17.00000 14.00000 36.00000 16.00000 7.00000 34.00000 32.00000 11.00000 13.00000 11.00000 10.00000 12.00000 8.00000 10.00000 17.00000 7.00000 10.00000 15.00000 33.00000 11.00000 15.00000 17.00000 10.00000 7.00000 11.00000 15.00000 42.00000 17.00000 7.00000 16.00000 6.00000 16.00000 22.00000
0.00000 22.00000 28.00000 22.00000 0.00000 29.00000 19.00000 24.00000 29.00000 28.00000 18.00000 24.00000 28.00000 31.00000 28.00000 21.00000 31.00000 23.00000 25.00000 22.00000 18.00000 17.00000 21.00000 21.00000 17.00000 20.00000 31.00000 31.00000 30.00000 29.00000 25.00000 24.00000 22.00000 18.00000 24.00000 21.00000 23.00000 19.00000 30.00000 21.00000 19.00000 24.00000 22.00000 30.00000 21.00000 24.00000 22.00000 27.00000 21.00000 20.00000 20.00000 0.00000
28.00000 24.00000 4.00000 10.00000 28.00000 0.00000 39.00000 48.00000 2.00000 5.00000 42.00000 16.00000 11.00000 10.00000 2.00000 24.00000 6.00000 14.00000 17.00000 25.00000 22.00000 41.00000 24.00000 15.00000 40.00000 37.00000 9.00000 11.00000 3.00000 2.00000 19.00000 8.00000 18.00000 25.00000 6.00000 18.00000 21.00000 38.00000 3.00000 23.00000 25.00000 16.00000 14.00000 4.00000 23.00000 48.00000 24.00000 5.00000 24.00000 12.00000 24.00000 28.00000
18.00000 28.00000 39.00000 33.00000 18.00000 39.00000 0.00000 13.00000 40.00000 39.00000 4.00000 35.00000 38.00000 42.00000 39.00000 28.00000 42.00000 33.00000 36.00000 28.00000 24.00000 7.00000 28.00000 31.00000 5.00000 3.00000 42.00000 38.00000 40.00000 39.00000 36.00000 35.00000 32.00000 23.00000 34.00000 32.00000 33.00000 2.00000 40.00000 32.00000 24.00000 35.00000 33.00000 41.00000 26.00000 13.00000 28.00000 38.00000 28.00000 31.00000 26.00000 18.00000
24.00000 34.00000 46.00000 41.00000 24.00000 48.00000 13.00000 0.00000 48.00000 48.00000 13.00000 41.00000 44.00000 51.00000 47.00000 33.00000 50.00000 38.00000 42.00000 34.00000 29.00000 9.00000 33.00000 37.00000 15.00000 15.00000 49.00000 48.00000 49.00000 48.00000 41.00000 44.00000 38.00000 28.00000 44.00000 38.00000 38.00000 14.00000 49.00000 37.00000 30.00000 41.00000 38.00000 49.00000 31.00000 1.00000 34.00000 45.00000 34.00000 39.00000 31.00000 24.00000
29.00000 25.00000 3.00000 10.00000 29.00000 1.00000 40.00000 49.00000 0.00000 4.00000 42.00000 17.00000 11.00000 9.00000 2.00000 24.00000 5.00000 15.00000 18.00000 25.00000 23.00000 42.00000 25.00000 15.00000 40.00000 38.00000 8.00000 11.00000 2.00000 2.00000 20.00000 9.00000 19.00000 25.00000 7.00000 19.00000 21.00000 39.00000 2.00000 24.00000 25.00000 17.00000 15.00000 4.00000 24.00000 49.00000 24.00000 4.00000 24.00000 13.00000 24.00000 29.00000
27.00000 24.00000 6.00000 11.00000 27.00000 4.00000 39.00000 48.00000 4.00000 0.00000 41.00000 16.00000 12.00000 9.00000 5.00000 24.00000 8.00000 15.00000 17.00000 25.00000 22.00000 41.00000 24.00000 15.00000 39.00000 37.00000 9.00000 10.00000 3.00000 5.00000 19.00000 7.00000 18.00000 25.00000 7.00000 18.00000 22.00000 38.00000 5.00000 23.00000 25.00000 16.00000 14.00000 6.00000 23.00000 47.00000 25.00000 6.00000 24.00000 12.00000 24.00000 27.00000
18.00000 28.00000 40.00000 35.00000 18.00000 42.00000 4.00000 13.00000 42.00000 42.00000 0.00000 35.00000 38.00000 44.00000 41.00000 27.00000 44.00000 32.00000 36.00000 28.00000 23.00000 5.00000 27.00000 31.00000 7.00000 5.00000 43.00000 41.00000 43.00000 42.00000 35.00000 38.00000 32.00000 23.00000 37.00000 32.00000 32.00000 4.00000 43.00000 31.00000 24.00000 35.00000 32.00000 43.00000 25.00000 13.00000 28.00000 39.00000 28.00000 33.00000 25.00000 18.00000
22.00000 17.00000 15.00000 9.00000 22.00000 16.00000 34.00000 42.00000 17.00000 16.00000 36.00000 0.00000 15.00000 19.00000 16.00000 17.00000 19.00000 4.00000 3.00000 18.00000 15.00000 36.00000 17.00000 6.00000 34.00000 32.00000 18.00000 18.00000 17.00000 16.00000 5.00000 12.00000 9.00000 18.00000 11.00000 7.00000 16.00000 33.00000 17.00000 12.00000 18.00000 2.00000 4.00000 18.00000 16.00000 42.00000 18.00000 14.00000 17.00000 5.00000 17.00000 22.00000
30.00000 18.00000 7.00000 10.00000 30.00000 10.00000 41.00000 46.00000 10.00000 11.00000 41.00000 16.00000 0.00000 13.00000 9.00000 18.00000 8.00000 13.00000 17.00000 18.00000 19.00000 40.00000 17.00000 13.00000 39.00000 40.00000 7.00000 16.00000 11.00000 10.00000 18.00000 12.00000 16.00000 22.00000 11.00000 17.00000 14.00000 41.00000 9.00000 21.00000 21.00000 16.00000 13.00000 8.00000 19.00000 47.00000 17.00000 7.00000 17.00000 14.00000 19.00000 30.00000
31.00000 28.00000 12.00000 14.00000 31.00000 10.00000 42.00000 51.00000 9.00000 9.00000 45.00000 19.00000 13.00000 0.00000 10.00000 27.00000 10.00000 18.00000 20.00000 29.00000 26.00000 44.00000 28.00000 18.00000 43.00000 40.00000 10.00000 9.00000 9.00000 10.00000 22.00000 10.00000 22.00000 28.00000 10.00000 22.00000 25.00000 41.00000 9.00000 27.00000 28.00000 19.00000 18.00000 9.00000 27.00000 51.00000 28.00000 12.00000 27.00000 15.00000 28.00000 31.00000
28.00000 24.00000 4.00000 9.00000 28.00000 2.00000 39.00000 48.00000 2.00000 5.00000 41.00000 16.00000 12.00000 10.00000 0.00000 24.00000 6.00000 14.00000 17.00000 25.00000 22.00000 41.00000 24.00000 14.00000 39.00000 37.00000 9.00000 12.00000 3.00000 1.00000 19.00000 8.00000 18.00000 25.00000 6.00000 18.00000 21.00000 38.00000 4.00000 23.00000 24.00000 16.00000 14.00000 5.00000 23.00000 48.00000 24.00000 5.00000 23.00000 12.00000 24.00000 28.00000
21.00000 2.00000 21.00000 16.00000 21.00000 23.00000 29.00000 33.00000 23.00000 24.00000 28.00000 16.00000 18.00000 27.00000 22.00000 0.00000 24.00000 13.00000 17.00000 2.00000 6.00000 27.00000 2.00000 12.00000 27.00000 30.00000 23.00000 26.00000 25.00000 23.00000 19.00000 21.00000 13.00000 8.00000 20.00000 17.00000 7.00000 29.00000 24.00000 19.00000 4.00000 16.00000 13.00000 24.00000 4.00000 34.00000 1.00000 20.00000 2.00000 15.00000 3.00000 21.00000
30.00000 25.00000 4.00000 11.00000 30.00000 4.00000 41.00000 50.00000 5.00000 7.00000 44.00000 18.00000 10.00000 10.00000 6.00000 25.00000 0.00000 16.00000 20.00000 25.00000 24.00000 43.00000 25.00000 16.00000 42.00000 40.00000 7.00000 12.00000 6.00000 6.00000 21.00000 12.00000 19.00000 26.00000 8.00000 20.00000 21.00000 40.00000 4.00000 25.00000 26.00000 19.00000 16.00000 3.00000 24.00000 50.00000 24.00000 6.00000 25.00000 15.00000 25.00000 30.00000
22.00000 15.00000 14.00000 7.00000 22.00000 15.00000 33.00000 40.00000 16.00000 15.00000 35.00000 4.00000 13.00000 18.00000 15.00000 14.00000 17.00000 0.00000 6.00000 16.00000 13.00000 34.00000 15.00000 3.00000 33.00000 31.00000 16.00000 18.00000 17.00000 15.00000 7.00000 11.00000 6.00000 15.00000 11.00000 5.00000 13.00000 32.00000 16.00000 10.00000 15.00000 5.00000 2.00000 17.00000 14.00000 41.00000 15.00000 12.00000 14.00000 4.00000 15.00000 22.00000
24.00000 19.00000 17.00000 10.00000 24.00000 18.00000 35.00000 43.00000 18.00000 17.00000 37.00000 3.00000 17.00000 20.00000 17.00000 18.00000 20.00000 6.00000 0.00000 19.00000 17.00000 36.00000 18.00000 8.00000 35.00000 33.00000 19.00000 20.00000 19.00000 18.00000 4.00000 13.00000 9.00000 19.00000 13.00000 7.00000 17.00000 34.00000 19.00000 12.00000 19.00000 2.00000 5.00000 19.00000 17.00000 43.00000 19.00000 15.00000 18.00000 6.00000 18.00000 24.00000
22.00000 3.00000 23.00000 17.00000 22.00000 24.00000 29.00000 34.00000 24.00000 25.00000 29.00000 17.00000 18.00000 28.00000 24.00000 2.00000 24.00000 15.00000 19.00000 0.00000 7.00000 28.00000 3.00000 13.00000 27.00000 31.00000 23.00000 28.00000 26.00000 24.00000 20.00000 23.00000 14.00000 9.00000 21.00000 18.00000 8.00000 30.00000 25.00000 20.00000 5.00000 18.00000 15.00000 24.00000 5.00000 35.00000 2.00000 21.00000 3.00000 16.00000 4.00000 22.00000
18.00000 6.00000 20.00000 15.00000 18.00000 22.00000 24.00000 28.00000 22.00000 23.00000 23.00000 15.00000 18.00000 26.00000 21.00000 6.00000 24.00000 12.00000 16.00000 6.00000 0.00000 22.00000 6.00000 11.00000 22.00000 25.00000 23.00000 25.00000 23.00000 22.00000 17.00000 20.00000 12.00000 4.00000 19.00000 15.00000 12.00000 24.00000 23.00000 18.00000 4.00000 15.00000 12.00000 23.00000 4.00000 29.00000 6.00000 19.00000 7.00000 13.00000 4.00000 18.00000
17.00000 27.00000 39.00000 34.00000 17.00000 41.00000 6.00000 9.00000 41.00000 41.00000 5.00000 34.00000 37.00000 44.00000 40.00000 26.00000 43.00000 31.00000 35.00000 27.00000 22.00000 0.00000 27.00000 30.00000 8.00000 8.00000 42.00000 42.00000 42.00000 41.00000 35.00000 37.00000 31.00000 22.00000 37.00000 31.00000 32.00000 7.00000 42.00000 31.00000 23.00000 34.00000 31.00000 42.00000 25.00000 9.00000 27.00000 38.00000 27.00000 32.00000 24.00000 17.00000
21.00000 1.00000 22.00000 16.00000 21.00000 23.00000 29.00000 34.00000 23.00000 24.00000 28.00000 16.00000 18.00000 27.00000 23.00000 1.00000 24.00000 14.00000 18.00000 2.00000 6.00000 27.00000 0.00000 12.00000 27.00000 30.00000 23.00000 27.00000 25.00000 23.00000 19.00000 22.00000 13.00000 8.00000 20.00000 17.00000 7.00000 29.00000 24.00000 20.00000 4.00000 17.00000 14.00000 24.00000 4.00000 34.00000 2.00000 20.00000 2.00000 15.00000 3.00000 21.00000
22.00000 13.00000 14.00000 7.00000 22.00000 15.00000 33.00000 38.00000 16.00000 16.00000 33.00000 6.00000 13.00000 19.00000 15.00000 13.00000 17.00000 3.00000 7.00000 14.00000 11.00000 32.00000 13.00000 0.00000 31.00000 32.00000 16.00000 18.00000 17.00000 15.00000 7.00000 12.00000 4.00000 14.00000 11.00000 6.00000 12.00000 33.00000 16.00000 10.00000 14.00000 6.00000 3.00000 17.00000 12.00000 39.00000 14.00000 13.00000 13.00000 5.00000 13.00000 22.00000
17.00000 27.00000 39.00000 34.00000 17.00000 40.00000 5.00000 14.00000 40.00000 40.00000 7.00000 34.00000 37.00000 43.00000 39.00000 26.00000 43.00000 31.00000 35.00000 27.00000 22.00000 8.00000 26.00000 30.00000 0.00000 6.00000 42.00000 39.00000 41.00000 40.00000 34.00000 36.00000 31.00000 22.00000 35.00000 30.00000 31.00000 6.00000 41.00000 30.00000 23.00000 34.00000 31.00000 41.00000 24.00000 14.00000 27.00000 38.00000 27.00000 32.00000 24.00000 17.00000
20.00000 30.00000 38.00000 32.00000 20.00000 38.00000 3.00000 15.00000 38.00000 38.00000 5.00000 33.00000 40.00000 40.00000 37.00000 29.00000 40.00000 33.00000 34.00000 30.00000 25.00000 8.00000 29.00000 33.00000 6.00000 0.00000 40.00000 37.00000 39.00000 38.00000 36.00000 34.00000 34.00000 25.00000 33.00000 34.00000 35.00000 2.00000 39.00000 34.00000 26.00000 33.00000 32.00000 39.00000 28.00000 15.00000 30.00000 37.00000 30.00000 30.00000 27.00000 20.00000
32.00000 21.00000 7.00000 12.00000 32.00000 8.00000 43.00000 49.00000 8.00000 9.00000 44.00000 18.00000 6.00000 11.00000 9.00000 21.00000 6.00000 15.00000 19.00000 21.00000 22.00000 43.00000 20.00000 16.00000 42.00000 42.00000 0.00000 14.00000 9.00000 9.00000 21.00000 14.00000 19.00000 24.00000 11.00000 19.00000 17.00000 42.00000 7.00000 24.00000 24.00000 18.00000 15.00000 6.00000 22.00000 50.00000 20.00000 7.00000 20.00000 16.00000 22.00000 32.00000
31.00000 28.00000 14.00000 14.00000 31.00000 12.00000 38.00000 48.00000 11.00000 11.00000 41.00000 19.00000 17.00000 8.00000 12.00000 27.00000 14.00000 18.00000 20.00000 28.00000 25.00000 41.00000 27.00000 18.00000 39.00000 37.00000 14.00000 0.00000 11.00000 12.00000 22.00000 10.00000 21.00000 28.00000 10.00000 22.00000 25.00000 38.00000 11.00000 26.00000 28.00000 19.00000 17.00000 12.00000 26.00000 48.00000 28.00000 14.00000 27.00000 15.00000 27.00000 31.00000
29.00000 26.00000 5.00000 12.00000 29.00000 3.00000 40.00000 49.00000 2.00000 2.00000 42.00000 17.00000 12.00000 8.00000 3.00000 25.00000 6.00000 16.00000 18.00000 26.00000 23.00000 42.00000 25.00000 16.00000 40.00000 38.00000 9.00000 10.00000 0.00000 3.00000 20.00000 8.00000 19.00000 26.00000 8.00000 20.00000 23.00000 39.00000 3.00000 25.00000 26.00000 17.00000 15.00000 5.00000 24.00000 49.00000 26.00000 6.00000 25.00000 13.00000 25.00000 29.00000
28.00000 24.00000 4.00000 10.00000 28.00000 2.00000 39.00000 48.00000 2.00000 5.00000 42.00000 16.00000 12.00000 10.00000 1.00000 24.00000 6.00000 15.00000 18.00000 25.00000 22.00000 42.00000 24.00000 15.00000 40.00000 38.00000 9.00000 11.00000 3.00000 0.00000 20.00000 8.00000 18.00000 25.00000 7.00000 19.00000 21.00000 39.00000 3.00000 23.00000 25.00000 17.00000 15.00000 5.00000 23.00000 48.00000 24.00000 5.00000 24.00000 13.00000 24.00000 28.00000
25.00000 19.00000 19.00000 13.00000 25.00000 20.00000 36.00000 41.00000 20.00000 20.00000 36.00000 5.00000 19.00000 22.00000 19.00000 19.00000 22.00000 6.00000 4.00000 20.00000 17.00000 35.00000 19.00000 7.00000 34.00000 35.00000 21.00000 22.00000 21.00000 20.00000 0.00000 16.00000 8.00000 20.00000 15.00000 4.00000 18.00000 36.00000 21.00000 10.00000 20.00000 5.00000 7.00000 21.00000 18.00000 41.00000 20.00000 18.00000 19.00000 9.00000 19.00000 25.00000
24.00000 21.00000 10.00000 9.00000 24.00000 9.00000 36.00000 44.00000 9.00000 7.00000 38.00000 12.00000 14.00000 10.00000 8.00000 21.00000 12.00000 11.00000 14.00000 22.00000 19.00000 38.00000 21.00000 12.00000 36.00000 34.00000 13.00000 9.00000 8.00000 8.00000 16.00000 0.00000 15.00000 22.00000 5.00000 15.00000 20.00000 35.00000 10.00000 20.00000 22.00000 13.00000 11.00000 11.00000 20.00000 44.00000 22.00000 9.00000 21.00000 9.00000 21.00000 24.00000
23.00000 13.00000 17.00000 11.00000 23.00000 18.00000 34.00000 39.00000 18.00000 19.00000 33.00000 9.00000 14.00000 22.00000 18.00000 13.00000 20.00000 6.00000 9.00000 14.00000 11.00000 32.00000 13.00000 4.00000 32.00000 35.00000 19.00000 21.00000 20.00000 18.00000 8.00000 15.00000 0.00000 14.00000 14.00000 6.00000 13.00000 34.00000 19.00000 9.00000 14.00000 9.00000 6.00000 20.00000 12.00000 39.00000 14.00000 15.00000 13.00000 8.00000 13.00000 23.00000
18.00000 7.00000 22.00000 17.00000 18.00000 24.00000 23.00000 29.00000 24.00000 25.00000 23.00000 17.00000 20.00000 28.00000 23.00000 7.00000 26.00000 14.00000 18.00000 7.00000 5.00000 22.00000 7.00000 13.00000 21.00000 25.00000 25.00000 27.00000 25.00000 24.00000 19.00000 22.00000 14.00000 0.00000 21.00000 18.00000 13.00000 23.00000 25.00000 20.00000 4.00000 17.00000 14.00000 25.00000 6.00000 29.00000 7.00000 21.00000 8.00000 15.00000 6.00000 18.00000
23.00000 20.00000 6.00000 6.00000 23.00000 7.00000 35.00000 44.00000 7.00000 8.00000 37.00000 12.00000 11.00000 11.00000 6.00000 20.00000 9.00000 11.00000 13.00000 21.00000 18.00000 37.00000 20.00000 11.00000 35.00000 33.00000 10.00000 10.00000 8.00000 7.00000 15.00000 5.00000 14.00000 21.00000 0.00000 14.00000 17.00000 34.00000 8.00000 19.00000 21.00000 12.00000 10.00000 8.00000 19.00000 43.00000 20.00000 6.00000 20.00000 8.00000 20.00000 23.00000
21.00000 17.00000 17.00000 11.00000 21.00000 19.00000 32.00000 38.00000 19.00000 19.00000 32.00000 7.00000 17.00000 22.00000 18.00000 17.00000 21.00000 5.00000 7.00000 18.00000 15.00000 31.00000 17.00000 6.00000 30.00000 34.00000 20.00000 22.00000 20.00000 19.00000 4.00000 15.00000 6.00000 18.00000 15.00000 0.00000 16.00000 32.00000 20.00000 7.00000 18.00000 7.00000 6.00000 20.00000 16.00000 38.00000 18.00000 16.00000 17.00000 8.00000 17.00000 21.00000
23.00000 7.00000 19.00000 15.00000 23.00000 21.00000 34.00000 39.00000 21.00000 22.00000 33.00000 15.00000 14.00000 25.00000 20.00000 7.00000 20.00000 12.00000 16.00000 7.00000 11.00000 32.00000 7.00000 11.00000 32.00000 35.00000 19.00000 24.00000 22.00000 21.00000 17.00000 19.00000 12.00000 13.00000 18.00000 15.00000 0.00000 34.00000 21.00000 18.00000 10.00000 15.00000 12.00000 21.00000 9.00000 39.00000 7.00000 18.00000 7.00000 13.00000 9.00000 23.00000
19.00000 28.00000 38.00000 32.00000 19.00000 38.00000 2.00000 14.00000 39.00000 38.00000 4.00000 34.00000 39.00000 41.00000 38.00000 28.00000 41.00000 33.00000 35.00000 28.00000 24.00000 7.00000 28.00000 32.00000 6.00000 2.00000 41.00000 37.00000 39.00000 38.00000 36.00000 34.00000 32.00000 23.00000 33.00000 32.00000 33.00000 0.00000 39.00000 32.00000 25.00000 34.00000 32.00000 40.00000 26.00000 14.00000 28.00000 37.00000 28.00000 30.00000 26.00000 19.00000
30.00000 24.00000 5.00000 12.00000 30.00000 2.00000 41.00000 50.00000 3.00000 5.00000 43.00000 18.00000 9.00000 8.00000 4.00000 25.00000 4.00000 16.00000 19.00000 25.00000 24.00000 43.00000 24.00000 16.00000 41.00000 39.00000 6.00000 11.00000 3.00000 3.00000 21.00000 10.00000 20.00000 27.00000 8.00000 20.00000 21.00000 40.00000 0.00000 25.00000 26.00000 18.00000 16.00000 2.00000 25.00000 50.00000 24.00000 6.00000 24.00000 14.00000 26.00000 30.00000
21.00000 20.00000 22.00000 16.00000 21.00000 24.00000 32.00000 37.00000 24.00000 24.00000 32.00000 12.00000 21.00000 27.00000 23.00000 19.00000 26.00000 10.00000 12.00000 20.00000 18.00000 31.00000 19.00000 10.00000 30.00000 33.00000 25.00000 27.00000 25.00000 24.00000 10.00000 20.00000 9.00000 20.00000 19.00000 7.00000 19.00000 32.00000 25.00000 0.00000 20.00000 12.00000 11.00000 25.00000 18.00000 37.00000 20.00000 21.00000 19.00000 13.00000 19.00000 21.00000
20.00000 5.00000 23.00000 17.00000 20.00000 24.00000 26.00000 30.00000 25.00000 25.00000 25.00000 17.00000 21.00000 28.00000 24.00000 4.00000 26.00000 15.00000 19.00000 5.00000 4.00000 24.00000 5.00000 13.00000 24.00000 27.00000 25.00000 28.00000 26.00000 24.00000 20.00000 23.00000 14.00000 4.00000 21.00000 18.00000 11.00000 26.00000 25.00000 21.00000 0.00000 18.00000 15.00000 26.00000 4.00000 31.00000 5.00000 21.00000 6.00000 16.00000 3.00000 20.00000
23.00000 18.00000 15.00000 9.00000 23.00000 17.00000 34.00000 43.00000 17.00000 16.00000 36.00000 2.00000 16.00000 19.00000 16.00000 17.00000 19.00000 5.00000 2.00000 18.00000 15.00000 36.00000 17.00000 6.00000 34.00000 32.00000 18.00000 19.00000 18.00000 17.00000 5.00000 12.00000 9.00000 18.00000 12.00000 7.00000 16.00000 33.00000 18.00000 12.00000 18.00000 0.00000 4.00000 18.00000 16.00000 43.00000 18.00000 14.00000 17.00000 5.00000 17.00000 23.00000
21.00000 14.00000 13.00000 7.00000 21.00000 14.00000 32.00000 40.00000 15.00000 14.00000 34.00000 4.00000 13.00000 17.00000 14.00000 14.00000 17.00000 2.00000 5.00000 15.00000 12.00000 34.00000 14.00000 3.00000 32.00000 30.00000 16.00000 17.00000 16.00000 15.00000 7.00000 10.00000 6.00000 15.00000 10.00000 6.00000 13.00000 31.00000 16.00000 11.00000 15.00000 4.00000 0.00000 16.00000 13.00000 40.00000 15.00000 12.00000 14.00000 3.00000 14.00000 21.00000
30.00000 24.00000 4.00000 11.00000 30.00000 4.00000 41.00000 50.00000 5.00000 7.00000 44.00000 18.00000 9.00000 9.00000 5.00000 24.00000 2.00000 16.00000 19.00000 24.00000 23.00000 43.00000 23.00000 16.00000 42.00000 39.00000 6.00000 12.00000 6.00000 5.00000 21.00000 12.00000 19.00000 26.00000 8.00000 20.00000 20.00000 40.00000 3.00000 24.00000 26.00000 18.00000 16.00000 0.00000 24.00000 50.00000 23.00000 6.00000 24.00000 14.00000 25.00000 30.00000
21.00000 4.00000 21.00000 15.00000 21.00000 22.00000 27.00000 32.00000 23.00000 23.00000 26.00000 15.00000 19.00000 26.00000 22.00000 4.00000 24.00000 13.00000 17.00000 5.00000 4.00000 26.00000 4.00000 11.00000 25.00000 28.00000 23.00000 26.00000 24.00000 22.00000 18.00000 21.00000 12.00000 6.00000 19.00000 16.00000 10.00000 27.00000 23.00000 19.00000 4.00000 16.00000 13.00000 24.00000 0.00000 32.00000 5.00000 19.00000 5.00000 14.00000 3.00000 21.00000
24.00000 34.00000 46.00000 41.00000 24.00000 47.00000 13.00000 1.00000 48.00000 48.00000 13.00000 41.00000 44.00000 51.00000 47.00000 33.00000 50.00000 38.00000 42.00000 34.00000 29.00000 9.00000 33.00000 37.00000 15.00000 15.00000 48.00000 48.00000 49.00000 48.00000 41.00000 44.00000 38.00000 28.00000 43.00000 37.00000 38.00000 13.00000 48.00000 37.00000 30.00000 41.00000 38.00000 49.00000 31.00000 0.00000 34.00000 45.00000 33.00000 39.00000 31.00000 24.00000
22.00000 2.00000 22.00000 17.00000 22.00000 23.00000 29.00000 34.00000 24.00000 25.00000 29.00000 17.00000 17.00000 27.00000 23.00000 1.00000 23.00000 14.00000 18.00000 2.00000 7.00000 28.00000 2.00000 13.00000 27.00000 31.00000 22.00000 27.00000 25.00000 23.00000 19.00000 22.00000 14.00000 8.00000 21.00000 18.00000 7.00000 30.00000 24.00000 20.00000 5.00000 17.00000 14.00000 23.00000 5.00000 35.00000 0.00000 21.00000 2.00000 16.00000 3.00000 22.00000
27.00000 21.00000 2.00000 7.00000 27.00000 4.00000 38.00000 47.00000 5.00000 6.00000 41.00000 14.00000 8.00000 12.00000 4.00000 21.00000 6.00000 11.00000 16.00000 22.00000 19.00000 40.00000 21.00000 12.00000 39.00000 36.00000 6.00000 14.00000 6.00000 4.00000 17.00000 9.00000 15.00000 22.00000 5.00000 15.00000 18.00000 37.00000 5.00000 20.00000 22.00000 15.00000 12.00000 6.00000 20.00000 47.00000 21.00000 0.00000 21.00000 11.00000 21.00000 27.00000
22.00000 1.00000 22.00000 16.00000 22.00000 23.00000 29.00000 34.00000 24.00000 25.00000 29.00000 17.00000 18.00000 27.00000 23.00000 1.00000 24.00000 14.00000 18.00000 3.00000 6.00000 28.00000 1.00000 13.00000 27.00000 30.00000 23.00000 27.00000 25.00000 23.00000 19.00000 22.00000 14.00000 8.00000 21.00000 17.00000 7.00000 29.00000 24.00000 20.00000 4.00000 17.00000 14.00000 24.00000 4.00000 34.00000 2.00000 21.00000 0.00000 15.00000 3.00000 22.00000
18.00000 16.00000 12.00000 6.00000 18.00000 12.00000 29.00000 38.00000 13.00000 12.00000 32.00000 5.00000 14.00000 15.00000 12.00000 15.00000 15.00000 6.00000 6.00000 16.00000 13.00000 32.00000 15.00000 6.00000 30.00000 28.00000 15.00000 14.00000 13.00000 12.00000 9.00000 8.00000 9.00000 16.00000 7.00000 10.00000 14.00000 29.00000 13.00000 15.00000 16.00000 5.00000 5.00000 14.00000 14.00000 38.00000 16.00000 11.00000 15.00000 0.00000 15.00000 18.00000
21.00000 3.00000 22.00000 16.00000 21.00000 23.00000 27.00000 31.00000 24.00000 24.00000 26.00000 16.00000 20.00000 27.00000 23.00000 3.00000 25.00000 14.00000 18.00000 4.00000 4.00000 25.00000 3.00000 12.00000 25.00000 28.00000 24.00000 27.00000 25.00000 23.00000 19.00000 22.00000 13.00000 6.00000 20.00000 17.00000 9.00000 27.00000 24.00000 20.00000 3.00000 17.00000 14.00000 25.00000 3.00000 32.00000 4.00000 20.00000 4.00000 15.00000 0.00000 21.00000
0.00000 22.00000 28.00000 22.00000 0.00000 29.00000 19.00000 24.00000 29.00000 28.00000 18.00000 24.00000 28.00000 31.00000 28.00000 21.00000 31.00000 23.00000 25.00000 22.00000 18.00000 17.00000 21.00000 21.00000 17.00000 20.00000 31.00000 31.00000 30.00000 29.00000 25.00000 24.00000 22.00000 18.00000 24.00000 21.00000 23.00000 19.00000 30.00000 21.00000 19.00000 24.00000 22.00000 30.00000 21.00000 24.00000 22.00000 27.00000 21.00000 20.00000 20.00000 0.00000
p
0.0 0.0 0.0 0.0 0.0 0.0 
0.0 0.0 0.0 0.0 0.0 0.0 
0.0 0.0 0.0 0.0 0.0 0.0 
0.0 0.0 0.0 0.0 0.0 0.0 
0.0 0.0 0.0 0.0 0.0 0.0 
0.0 0.0 0.0 0.0 0.0 0.0 
0.0 0.0 0.0 0.0 0.0 0.0 
0.0 0.0 0.0 0.0 0.0 0.0 
0.0 0.0 0.0 0.0 0.0 0.0 
0.0 0.0 0.0 0.0 0.0 0.0 
0 0 0 0 0 41 
0 0 0 0 0 41 
0 0 0 0 0 41 
0 0 0 0 0 41 
0 0 0 0 0 41 
0 0 0 0 0 41 
0 0 0 0 0 41 
0 0 0 0 0 41 
0 0 0 0 0 41 
0 0 0 0 0 41 
0 0 32 33 0 0 
0 0 32 33 0 0 
0 0 32 33 0 0 
0 0 32 33 0 0 
0 0 32 33 0 0 
0 0 32 33 0 0 
0 0 32 33 0 0 
0 0 32 33 0 0 
0 0 32 33 0 0 
0 0 32 33 0 0 
0 0 59 20 0 0 
0 0 59 20 0 0 
0 0 59 20 0 0 
0 0 59 20 0 0 
0 0 59 20 0 0 
0 0 59 20 0 0 
0 0 59 20 0 0 
0 0 59 20 0 0 
0 0 59 20 0 0 
0 0 59 20 0 0 
24 0 0 0 50 0 
24 0 0 0 50 0 
24 0 0 0 50 0 
24 0 0 0 50 0 
24 0 0 0 50 0 
24 0 0 0 50 0 
24 0 0 0 50 0 
24 0 0 0 50 0 
24 0 0 0 50 0 
24 0 0 0 50 0 
0 0 15 0 0 0 
0 0 15 0 0 0 
0 0 15 0 0 0 
0 0 15 0 0 0 
0 0 15 0 0 0 
0 0 15 0 0 0 
0 0 15 0 0 0 
0 0 15 0 0 0 
0 0 15 0 0 0 
0 0 15 0 0 0 
44 0 0 0 25 0 
44 0 0 0 25 0 
44 0 0 0 25 0 
44 0 0 0 25 0 
44 0 0 0 25 0 
44 0 0 0 25 0 
44 0 0 0 25 0 
44 0 0 0 25 0 
44 0 0 0 25 0 
44 0 0 0 25 0 
38 0 0 0 0 0 
38 0 0 0 0 0 
38 0 0 0 0 0 
38 0 0 0 0 0 
38 0 0 0 0 0 
38 0 0 0 0 0 
38 0 0 0 0 0 
38 0 0 0 0 0 
38 0 0 0 0 0 
38 0 0 0 0 0 
0 0 0 0 0 33 
0 0 0 0 0 33 
0 0 0 0 0 33 
0 0 0 0 0 33 
0 0 0 0 0 33 
0 0 0 0 0 33 
0 0 0 0 0 33 
0 0 0 0 0 33 
0 0 0 0 0 33 
0 0 0 0 0 33 
0 50 0 0 29 0 
0 50 0 0 29 0 
0 50 0 0 29 0 
0 50 0 0 29 0 
0 50 0 0 29 0 
0 50 0 0 29 0 
0 50 0 0 29 0 
0 50 0 0 29 0 
0 50 0 0 29 0 
0 50 0 0 29 0 
0 0 0 0 46 0 
0 0 0 0 46 0 
0 0 0 0 46 0 
0 0 0 0 46 0 
0 0 0 0 46 0 
0 0 0 0 46 0 
0 0 0 0 46 0 
0 0 0 0 46 0 
0 0 0 0 46 0 
0 0 0 0 46 0 
0 0 19 0 0 0 
0 0 19 0 0 0 
0 0 19 0 0 0 
0 0 19 0 0 0 
0 0 19 0 0 0 
0 0 19 0 0 0 
0 0 19 0 0 0 
0 0 19 0 0 0 
0 0 19 0 0 0 
0 0 19 0 0 0 
0 0 0 38 0 0 
0 0 0 38 0 0 
0 0 0 38 0 0 
0 0 0 38 0 0 
0 0 0 38 0 0 
0 0 0 38 0 0 
0 0 0 38 0 0 
0 0 0 38 0 0 
0 0 0 38 0 0 
0 0 0 38 0 0 
0 0 0 0 45 0 
0 0 0 0 45 0 
0 0 0 0 45 0 
0 0 0 0 45 0 
0 0 0 0 45 0 
0 0 0 0 45 0 
0 0 0 0 45 0 
0 0 0 0 45 0 
0 0 0 0 45 0 
0 0 0 0 45 0 
0 0 38 0 0 0 
0 0 38 0 0 0 
0 0 38 0 0 0 
0 0 38 0 0 0 
0 0 38 0 0 0 
0 0 38 0 0 0 
0 0 38 0 0 0 
0 0 38 0 0 0 
0 0 38 0 0 0 
0 0 38 0 0 0 
0 48 0 0 0 0 
0 48 0 0 0 0 
0 48 0 0 0 0 
0 48 0 0 0 0 
0 48 0 0 0 0 
0 48 0 0 0 0 
0 48 0 0 0 0 
0 48 0 0 0 0 
0 48 0 0 0 0 
0 48 0 0 0 0 
0 0 0 0 0 15 
0 0 0 0 0 15 
0 0 0 0 0 15 
0 0 0 0 0 15 
0 0 0 0 0 15 
0 0 0 0 0 15 
0 0 0 0 0 15 
0 0 0 0 0 15 
0 0 0 0 0 15 
0 0 0 0 0 15 
0 0 30 0 0 0 
0 0 30 0 0 0 
0 0 30 0 0 0 
0 0 30 0 0 0 
0 0 30 0 0 0 
0 0 30 0 0 0 
0 0 30 0 0 0 
0 0 30 0 0 0 
0 0 30 0 0 0 
0 0 30 0 0 0 
59 0 0 34 0 0 
59 0 0 34 0 0 
59 0 0 34 0 0 
59 0 0 34 0 0 
59 0 0 34 0 0 
59 0 0 34 0 0 
59 0 0 34 0 0 
59 0 0 34 0 0 
59 0 0 34 0 0 
59 0 0 34 0 0 
0 0 26 0 0 0 
0 0 26 0 0 0 
0 0 26 0 0 0 
0 0 26 0 0 0 
0 0 26 0 0 0 
0 0 26 0 0 0 
0 0 26 0 0 0 
0 0 26 0 0 0 
0 0 26 0 0 0 
0 0 26 0 0 0 
26 0 0 0 0 0 
26 0 0 0 0 0 
26 0 0 0 0 0 
26 0 0 0 0 0 
26 0 0 0 0 0 
26 0 0 0 0 0 
26 0 0 0 0 0 
26 0 0 0 0 0 
26 0 0 0 0 0 
26 0 0 0 0 0 
0 51 0 22 0 0 
0 51 0 22 0 0 
0 51 0 22 0 0 
0 51 0 22 0 0 
0 51 0 22 0 0 
0 51 0 22 0 0 
0 51 0 22 0 0 
0 51 0 22 0 0 
0 51 0 22 0 0 
0 51 0 22 0 0 
34 0 0 0 47 0 
34 0 0 0 47 0 
34 0 0 0 47 0 
34 0 0 0 47 0 
34 0 0 0 47 0 
34 0 0 0 47 0 
34 0 0 0 47 0 
34 0 0 0 47 0 
34 0 0 0 47 0 
34 0 0 0 47 0 
0 0 0 0 0 30 
0 0 0 0 0 30 
0 0 0 0 0 30 
0 0 0 0 0 30 
0 0 0 0 0 30 
0 0 0 0 0 30 
0 0 0 0 0 30 
0 0 0 0 0 30 
0 0 0 0 0 30 
0 0 0 0 0 30 
0 55 0 0 0 0 
0 55 0 0 0 0 
0 55 0 0 0 0 
0 55 0 0 0 0 
0 55 0 0 0 0 
0 55 0 0 0 0 
0 55 0 0 0 0 
0 55 0 0 0 0 
0 55 0 0 0 0 
0 55 0 0 0 0 
0 0 55 0 46 0 
0 0 55 0 46 0 
0 0 55 0 46 0 
0 0 55 0 46 0 
0 0 55 0 46 0 
0 0 55 0 46 0 
0 0 55 0 46 0 
0 0 55 0 46 0 
0 0 55 0 46 0 
0 0 55 0 46 0 
0 0 0 0 0 34 
0 0 0 0 0 34 
0 0 0 0 0 34 
0 0 0 0 0 34 
0 0 0 0 0 34 
0 0 0 0 0 34 
0 0 0 0 0 34 
0 0 0 0 0 34 
0 0 0 0 0 34 
0 0 0 0 0 34 
46 0 0 0 0 0 
46 0 0 0 0 0 
46 0 0 0 0 0 
46 0 0 0 0 0 
46 0 0 0 0 0 
46 0 0 0 0 0 
46 0 0 0 0 0 
46 0 0 0 0 0 
46 0 0 0 0 0 
46 0 0 0 0 0 
0 0 0 29 0 0 
0 0 0 29 0 0 
0 0 0 29 0 0 
0 0 0 29 0 0 
0 0 0 29 0 0 
0 0 0 29 0 0 
0 0 0 29 0 0 
0 0 0 29 0 0 
0 0 0 29 0 0 
0 0 0 29 0 0 
0 0 49 21 0 0 
0 0 49 21 0 0 
0 0 49 21 0 0 
0 0 49 21 0 0 
0 0 49 21 0 0 
0 0 49 21 0 0 
0 0 49 21 0 0 
0 0 49 21 0 0 
0 0 49 21 0 0 
0 0 49 21 0 0 
41 0 0 0 0 0 
41 0 0 0 0 0 
41 0 0 0 0 0 
41 0 0 0 0 0 
41 0 0 0 0 0 
41 0 0 0 0 0 
41 0 0 0 0 0 
41 0 0 0 0 0 
41 0 0 0 0 0 
41 0 0 0 0 0 
42 0 0 0 0 0 
42 0 0 0 0 0 
42 0 0 0 0 0 
42 0 0 0 0 0 
42 0 0 0 0 0 
42 0 0 0 0 0 
42 0 0 0 0 0 
42 0 0 0 0 0 
42 0 0 0 0 0 
42 0 0 0 0 0 
0 0 42 0 0 0 
0 0 42 0 0 0 
0 0 42 0 0 0 
0 0 42 0 0 0 
0 0 42 0 0 0 
0 0 42 0 0 0 
0 0 42 0 0 0 
0 0 42 0 0 0 
0 0 42 0 0 0 
0 0 42 0 0 0 
0 0 34 0 0 0 
0 0 34 0 0 0 
0 0 34 0 0 0 
0 0 34 0 0 0 
0 0 34 0 0 0 
0 0 34 0 0 0 
0 0 34 0 0 0 
0 0 34 0 0 0 
0 0 34 0 0 0 
0 0 34 0 0 0 
0 52 0 31 0 0 
0 52 0 31 0 0 
0 52 0 31 0 0 
0 52 0 31 0 0 
0 52 0 31 0 0 
0 52 0 31 0 0 
0 52 0 31 0 0 
0 52 0 31 0 0 
0 52 0 31 0 0 
0 52 0 31 0 0 
36 0 0 0 0 27 
36 0 0 0 0 27 
36 0 0 0 0 27 
36 0 0 0 0 27 
36 0 0 0 0 27 
36 0 0 0 0 27 
36 0 0 0 0 27 
36 0 0 0 0 27 
36 0 0 0 0 27 
36 0 0 0 0 27 
0 0 0 0 0 38 
0 0 0 0 0 38 
0 0 0 0 0 38 
0 0 0 0 0 38 
0 0 0 0 0 38 
0 0 0 0 0 38 
0 0 0 0 0 38 
0 0 0 0 0 38 
0 0 0 0 0 38 
0 0 0 0 0 38 
0 0 30 0 0 0 
0 0 30 0 0 0 
0 0 30 0 0 0 
0 0 30 0 0 0 
0 0 30 0 0 0 
0 0 30 0 0 0 
0 0 30 0 0 0 
0 0 30 0 0 0 
0 0 30 0 0 0 
0 0 30 0 0 0 
0 38 0 0 0 0 
0 38 0 0 0 0 
0 38 0 0 0 0 
0 38 0 0 0 0 
0 38 0 0 0 0 
0 38 0 0 0 0 
0 38 0 0 0 0 
0 38 0 0 0 0 
0 38 0 0 0 0 
0 38 0 0 0 0 
0 0 0 34 0 0 
0 0 0 34 0 0 
0 0 0 34 0 0 
0 0 0 34 0 0 
0 0 0 34 0 0 
0 0 0 34 0 0 
0 0 0 34 0 0 
0 0 0 34 0 0 
0 0 0 34 0 0 
0 0 0 34 0 0 
0 0 0 0 47 0 
0 0 0 0 47 0 
0 0 0 0 47 0 
0 0 0 0 47 0 
0 0 0 0 47 0 
0 0 0 0 47 0 
0 0 0 0 47 0 
0 0 0 0 47 0 
0 0 0 0 47 0 
0 0 0 0 47 0 
0 0 50 0 0 46 
0 0 50 0 0 46 
0 0 50 0 0 46 
0 0 50 0 0 46 
0 0 50 0 0 46 
0 0 50 0 0 46 
0 0 50 0 0 46 
0 0 50 0 0 46 
0 0 50 0 0 46 
0 0 50 0 0 46 
48 0 0 38 0 0 
48 0 0 38 0 0 
48 0 0 38 0 0 
48 0 0 38 0 0 
48 0 0 38 0 0 
48 0 0 38 0 0 
48 0 0 38 0 0 
48 0 0 38 0 0 
48 0 0 38 0 0 
48 0 0 38 0 0 
0 0 40 0 0 0 
0 0 40 0 0 0 
0 0 40 0 0 0 
0 0 40 0 0 0 
0 0 40 0 0 0 
0 0 40 0 0 0 
0 0 40 0 0 0 
0 0 40 0 0 0 
0 0 40 0 0 0 
0 0 40 0 0 0 
0 21 0 0 48 0 
0 21 0 0 48 0 
0 21 0 0 48 0 
0 21 0 0 48 0 
0 21 0 0 48 0 
0 21 0 0 48 0 
0 21 0 0 48 0 
0 21 0 0 48 0 
0 21 0 0 48 0 
0 21 0 0 48 0 
0 0 0 32 0 0 
0 0 0 32 0 0 
0 0 0 32 0 0 
0 0 0 32 0 0 
0 0 0 32 0 0 
0 0 0 32 0 0 
0 0 0 32 0 0 
0 0 0 32 0 0 
0 0 0 32 0 0 
0 0 0 32 0 0 
0 0 26 0 0 0 
0 0 26 0 0 0 
0 0 26 0 0 0 
0 0 26 0 0 0 
0 0 26 0 0 0 
0 0 26 0 0 0 
0 0 26 0 0 0 
0 0 26 0 0 0 
0 0 26 0 0 0 
0 0 26 0 0 0 
0 0 0 0 38 0 
0 0 0 0 38 0 
0 0 0 0 38 0 
0 0 0 0 38 0 
0 0 0 0 38 0 
0 0 0 0 38 0 
0 0 0 0 38 0 
0 0 0 0 38 0 
0 0 0 0 38 0 
0 0 0 0 38 0 
0 0 25 0 0 22 
0 0 25 0 0 22 
0 0 25 0 0 22 
0 0 25 0 0 22 
0 0 25 0 0 22 
0 0 25 0 0 22 
0 0 25 0 0 22 
0 0 25 0 0 22 
0 0 25 0 0 22 
0 0 25 0 0 22 
29 0 0 0 0 0 
29 0 0 0 0 0 
29 0 0 0 0 0 
29 0 0 0 0 0 
29 0 0 0 0 0 
29 0 0 0 0 0 
29 0 0 0 0 0 
29 0 0 0 0 0 
29 0 0 0 0 0 
29 0 0 0 0 0 
0 0 0 0 0 41 
0 0 0 0 0 41 
0 0 0 0 0 41 
0 0 0 0 0 41 
0 0 0 0 0 41 
0 0 0 0 0 41 
0 0 0 0 0 41 
0 0 0 0 0 41 
0 0 0 0 0 41 
0 0 0 0 0 41 
0.0 0.0 0.0 0.0 0.0 0.0 
0.0 0.0 0.0 0.0 0.0 0.0 
0.0 0.0 0.0 0.0 0.0 0.0 
0.0 0.0 0.0 0.0 0.0 0.0 
0.0 0.0 0.0 0.0 0.0 0.0 
0.0 0.0 0.0 0.0 0.0 0.0 
0.0 0.0 0.0 0.0 0.0 0.0 
0.0 0.0 0.0 0.0 0.0 0.0 
0.0 0.0 0.0 0.0 0.0 0.0 
0.0 0.0 0.0 0.0 0.0 0.0 
mind
0 0 12 0 13 0 0 0 0 15 0 0 0 0 0 0 0 0 0 0 0 12 0 0 0 25 0 0 0 15 0 0 0 0 18 16 0 0 0 0 0 0 0 0 0 0 0 0 0 0 0 0
maxd
0 0 20 0 28 0 0 0 0 25 0 0 0 0 0 0 0 0 0 0 0 13 0 0 0 27 0 0 0 30 0 0 0 0 18 28 0 0 0 0 0 0 0 0 0 0 0 0 0 0 0 0
e
0 645 590 897 524 720 509 865 635 670 941 710 545 940 557 719 828 611 532 793 777 858 851 611 539 914 947 685 570 953 659 633 854 592 854 515 525 801 740 697 666 558 733 869 820 535 819 498 570 912 693 0
l
99999 765 710 1017 644 840 629 985 755 790 1061 830 665 1060 677 839 948 731 652 913 897 978 971 731 659 1034 1067 805 690 1073 779 753 974 712 974 635 645 921 860 817 786 678 853 989 940 655 939 618 690 1032 813 99999
