nbNodes
52
nbVehi
10
nbServi
6
r
1 1 1 1 1 1 
0 0 0 0 0 1 
0 0 0 1 0 0 
0 0 1 0 0 0 
0 0 1 0 0 0 
0 1 0 1 0 0 
0 0 1 0 1 0 
0 0 0 0 1 0 
1 0 0 0 0 0 
0 0 1 0 0 0 
0 0 0 1 0 0 
0 0 1 0 0 1 
0 0 1 1 0 0 
0 0 1 0 0 0 
0 0 0 0 1 0 
0 0 1 0 0 1 
1 0 0 0 0 0 
0 1 0 0 1 0 
0 1 0 0 1 0 
1 0 0 0 0 0 
1 0 0 0 0 0 
0 0 0 0 1 0 
0 0 0 1 0 0 
0 1 0 0 0 0 
0 0 0 0 0 1 
1 0 0 0 1 0 
0 0 0 0 0 1 
0 1 0 0 1 0 
0 0 0 1 0 0 
0 1 0 0 0 0 
0 1 0 0 0 0 
0 1 0 0 0 0 
0 0 0 0 1 0 
0 1 0 1 0 0 
0 1 0 1 0 0 
1 0 0 0 0 0 
0 1 0 0 0 0 
0 1 0 0 0 0 
0 1 0 0 0 0 
0 0 0 0 1 0 
0 1 0 1 0 0 
1 0 0 0 0 1 
0 1 0 0 1 0 
0 0 1 0 1 0 
0 0 0 0 1 0 
0 0 1 0 1 0 
0 0 0 1 0 0 
0 0 1 0 0 0 
0 0 0 0 1 0 
0 0 0 1 0 0 
0 1 0 0 0 0 
1 1 1 1 1 1 
DS
6 7 12 13 16 18 19 26 28 34 35 41 42 43 44 46 
a
0 1 1 0 0 0 
1 0 0 0 0 0 
1 1 1 0 0 0 
0 1 1 0 0 0 
0 1 1 0 0 0 
0 0 0 1 0 1 
0 0 0 1 1 0 
0 0 0 1 1 1 
0 0 0 0 1 1 
0 0 0 1 1 1 
x
-30.0987 -30.0695 -30.0886 -30.0709 -30.1176 -30.0725 -30.0775 -30.0092 -30.0364 -30.0087 -29.9886 -30.063 -30.1138 -30.0987 -30.1001 -30.0716 -30.2105 -30.0365 -30.0681 -30.0411 -30.0603 -30.0247 -29.9979 -30.0918 -30.0551 -30.0625 -30.0085 -30.0704 -30.0061 -30.0512 -30.0648 -30.0782 -30.0374 -30.072 -30.0761 -30.0626 -30.0126 -30.0184 -30.0802 -30.0551 -30.0033 -30.1183 -30.078 -30.0234 -30.0466 -30.0334 -30.0365 -30.0731 -30.0685 -30.0795 -30.1079 -30.0987
y
-51.1827 -51.2172 -51.1824 -51.1972 -51.1123 -51.2002 -51.1696 -51.1972 -51.155 -51.1924 -51.2021 -51.1689 -51.1051 -51.1827 -51.1895 -51.2198 -51.1615 -51.2107 -51.1804 -51.2189 -51.1813 -51.2146 -51.1913 -51.1798 -51.1805 -51.1464 -51.1751 -51.1735 -51.1655 -51.1711 -51.1948 -51.1647 -51.1888 -51.18 -51.2246 -51.146 -51.2028 -51.1991 -51.1702 -51.1858 -51.2037 -51.108 -51.1631 -51.1744 -51.1576 -51.1683 -51.1958 -51.1915 -51.1924 -51.2106 -51.2551 -51.1827
d
0.00000 12.00000 5.00000 11.00000 20.00000 10.00000 14.00000 21.00000 20.00000 22.00000 24.00000 14.00000 19.00000 0.00000 2.00000 13.00000 26.00000 16.00000 13.00000 15.00000 14.00000 19.00000 24.00000 4.00000 13.00000 19.00000 23.00000 15.00000 25.00000 16.00000 12.00000 16.00000 18.00000 13.00000 14.00000 20.00000 20.00000 19.00000 12.00000 14.00000 23.00000 20.00000 17.00000 20.00000 17.00000 18.00000 18.00000 10.00000 12.00000 10.00000 17.00000 0.00000
12.00000 0.00000 10.00000 8.00000 27.00000 6.00000 14.00000 15.00000 17.00000 16.00000 18.00000 11.00000 26.00000 12.00000 14.00000 2.00000 34.00000 10.00000 10.00000 9.00000 11.00000 13.00000 18.00000 11.00000 10.00000 17.00000 18.00000 13.00000 20.00000 14.00000 7.00000 17.00000 13.00000 10.00000 3.00000 17.00000 14.00000 13.00000 16.00000 11.00000 17.00000 27.00000 18.00000 16.00000 15.00000 15.00000 12.00000 7.00000 8.00000 5.00000 12.00000 12.00000
4.00000 10.00000 0.00000 9.00000 22.00000 7.00000 15.00000 19.00000 18.00000 20.00000 22.00000 12.00000 21.00000 4.00000 6.00000 11.00000 28.00000 14.00000 11.00000 13.00000 12.00000 16.00000 21.00000 3.00000 11.00000 17.00000 20.00000 13.00000 22.00000 14.00000 10.00000 17.00000 16.00000 11.00000 12.00000 18.00000 18.00000 16.00000 13.00000 12.00000 21.00000 22.00000 18.00000 17.00000 15.00000 16.00000 16.00000 8.00000 10.00000 8.00000 17.00000 4.00000
10.00000 6.00000 8.00000 0.00000 22.00000 2.00000 9.00000 15.00000 12.00000 16.00000 18.00000 7.00000 22.00000 10.00000 12.00000 7.00000 34.00000 10.00000 5.00000 9.00000 6.00000 12.00000 16.00000 9.00000 6.00000 12.00000 15.00000 8.00000 17.00000 9.00000 3.00000 13.00000 10.00000 6.00000 8.00000 12.00000 14.00000 12.00000 11.00000 6.00000 17.00000 22.00000 13.00000 12.00000 10.00000 11.00000 10.00000 2.00000 3.00000 3.00000 13.00000 10.00000
21.00000 27.00000 22.00000 22.00000 0.00000 23.00000 22.00000 30.00000 21.00000 28.00000 31.00000 18.00000 3.00000 21.00000 22.00000 28.00000 28.00000 26.00000 20.00000 26.00000 20.00000 28.00000 29.00000 21.00000 20.00000 16.00000 28.00000 22.00000 28.00000 19.00000 23.00000 23.00000 25.00000 21.00000 28.00000 16.00000 29.00000 27.00000 25.00000 20.00000 31.00000 3.00000 22.00000 25.00000 18.00000 22.00000 25.00000 23.00000 22.00000 24.00000 33.00000 21.00000
9.00000 5.00000 7.00000 3.00000 22.00000 0.00000 9.00000 14.00000 12.00000 15.00000 17.00000 6.00000 22.00000 9.00000 11.00000 6.00000 33.00000 9.00000 5.00000 8.00000 6.00000 12.00000 16.00000 8.00000 6.00000 12.00000 15.00000 8.00000 17.00000 9.00000 3.00000 13.00000 10.00000 5.00000 7.00000 12.00000 13.00000 11.00000 11.00000 6.00000 16.00000 22.00000 13.00000 12.00000 10.00000 11.00000 10.00000 2.00000 3.00000 3.00000 12.00000 9.00000
14.00000 14.00000 15.00000 9.00000 21.00000 9.00000 0.00000 19.00000 13.00000 18.00000 20.00000 5.00000 20.00000 14.00000 16.00000 15.00000 38.00000 14.00000 6.00000 14.00000 8.00000 17.00000 19.00000 14.00000 9.00000 10.00000 18.00000 5.00000 19.00000 9.00000 10.00000 4.00000 14.00000 6.00000 15.00000 11.00000 18.00000 17.00000 4.00000 9.00000 20.00000 20.00000 5.00000 15.00000 10.00000 12.00000 14.00000 9.00000 9.00000 11.00000 20.00000 14.00000
22.00000 15.00000 20.00000 15.00000 29.00000 15.00000 17.00000 0.00000 12.00000 2.00000 5.00000 14.00000 28.00000 22.00000 23.00000 16.00000 45.00000 9.00000 15.00000 10.00000 14.00000 7.00000 4.00000 20.00000 13.00000 18.00000 7.00000 17.00000 8.00000 12.00000 14.00000 20.00000 8.00000 16.00000 16.00000 18.00000 3.00000 5.00000 21.00000 12.00000 4.00000 29.00000 20.00000 8.00000 13.00000 10.00000 7.00000 16.00000 14.00000 16.00000 22.00000 22.00000
21.00000 17.00000 19.00000 13.00000 21.00000 13.00000 12.00000 14.00000 0.00000 12.00000 15.00000 9.00000 20.00000 21.00000 23.00000 18.00000 45.00000 13.00000 11.00000 14.00000 11.00000 13.00000 13.00000 20.00000 10.00000 9.00000 9.00000 13.00000 9.00000 7.00000 13.00000 15.00000 9.00000 13.00000 19.00000 9.00000 13.00000 12.00000 16.00000 10.00000 14.00000 21.00000 15.00000 7.00000 4.00000 5.00000 10.00000 14.00000 12.00000 15.00000 24.00000 21.00000
21.00000 15.00000 19.00000 15.00000 29.00000 14.00000 18.00000 3.00000 12.00000 0.00000 6.00000 14.00000 29.00000 21.00000 23.00000 15.00000 45.00000 9.00000 14.00000 10.00000 13.00000 6.00000 5.00000 20.00000 12.00000 18.00000 7.00000 16.00000 8.00000 13.00000 13.00000 20.00000 8.00000 16.00000 16.00000 18.00000 3.00000 4.00000 20.00000 12.00000 4.00000 29.00000 21.00000 8.00000 14.00000 10.00000 7.00000 15.00000 14.00000 15.00000 21.00000 21.00000
23.00000 17.00000 21.00000 18.00000 32.00000 17.00000 21.00000 6.00000 15.00000 6.00000 0.00000 17.00000 32.00000 23.00000 25.00000 18.00000 47.00000 11.00000 18.00000 11.00000 17.00000 7.00000 5.00000 22.00000 16.00000 21.00000 8.00000 20.00000 9.00000 16.00000 17.00000 23.00000 11.00000 19.00000 19.00000 21.00000 7.00000 8.00000 24.00000 15.00000 5.00000 32.00000 24.00000 12.00000 17.00000 13.00000 12.00000 18.00000 17.00000 17.00000 23.00000 23.00000
16.00000 12.00000 14.00000 8.00000 17.00000 8.00000 5.00000 16.00000 9.00000 14.00000 17.00000 0.00000 16.00000 16.00000 18.00000 13.00000 40.00000 12.00000 4.00000 11.00000 5.00000 14.00000 15.00000 15.00000 6.00000 7.00000 14.00000 6.00000 15.00000 5.00000 8.00000 8.00000 11.00000 6.00000 14.00000 7.00000 15.00000 14.00000 8.00000 6.00000 17.00000 17.00000 8.00000 11.00000 6.00000 8.00000 11.00000 8.00000 7.00000 10.00000 19.00000 16.00000
20.00000 26.00000 22.00000 22.00000 3.00000 22.00000 21.00000 29.00000 20.00000 28.00000 30.00000 18.00000 0.00000 20.00000 21.00000 27.00000 28.00000 26.00000 19.00000 25.00000 19.00000 27.00000 28.00000 21.00000 20.00000 15.00000 27.00000 22.00000 28.00000 19.00000 22.00000 22.00000 24.00000 21.00000 28.00000 16.00000 28.00000 27.00000 25.00000 20.00000 30.00000 3.00000 22.00000 24.00000 17.00000 21.00000 24.00000 22.00000 21.00000 24.00000 33.00000 20.00000
0.00000 12.00000 5.00000 11.00000 20.00000 10.00000 14.00000 21.00000 20.00000 22.00000 24.00000 14.00000 19.00000 0.00000 2.00000 13.00000 26.00000 16.00000 13.00000 15.00000 14.00000 19.00000 24.00000 4.00000 13.00000 19.00000 23.00000 15.00000 25.00000 16.00000 12.00000 16.00000 18.00000 13.00000 14.00000 20.00000 20.00000 19.00000 12.00000 14.00000 23.00000 20.00000 17.00000 20.00000 17.00000 18.00000 18.00000 10.00000 12.00000 10.00000 17.00000 0.00000
2.00000 14.00000 6.00000 13.00000 21.00000 11.00000 16.00000 22.00000 21.00000 24.00000 26.00000 16.00000 21.00000 2.00000 0.00000 15.00000 28.00000 18.00000 14.00000 17.00000 15.00000 20.00000 25.00000 5.00000 15.00000 21.00000 24.00000 17.00000 26.00000 18.00000 14.00000 18.00000 20.00000 15.00000 16.00000 21.00000 22.00000 20.00000 14.00000 16.00000 25.00000 21.00000 19.00000 21.00000 19.00000 20.00000 20.00000 11.00000 14.00000 11.00000 16.00000 2.00000
13.00000 2.00000 11.00000 9.00000 28.00000 7.00000 15.00000 15.00000 18.00000 17.00000 19.00000 12.00000 27.00000 13.00000 14.00000 0.00000 35.00000 11.00000 11.00000 9.00000 12.00000 13.00000 18.00000 11.00000 11.00000 17.00000 19.00000 13.00000 21.00000 14.00000 8.00000 18.00000 13.00000 11.00000 3.00000 18.00000 15.00000 13.00000 17.00000 12.00000 18.00000 27.00000 19.00000 16.00000 15.00000 16.00000 13.00000 8.00000 9.00000 5.00000 12.00000 13.00000
26.00000 33.00000 28.00000 34.00000 28.00000 33.00000 38.00000 44.00000 43.00000 45.00000 47.00000 37.00000 28.00000 26.00000 28.00000 34.00000 0.00000 39.00000 36.00000 39.00000 37.00000 42.00000 46.00000 27.00000 36.00000 40.00000 45.00000 38.00000 47.00000 39.00000 35.00000 39.00000 41.00000 36.00000 33.00000 40.00000 43.00000 42.00000 36.00000 37.00000 46.00000 28.00000 41.00000 42.00000 40.00000 41.00000 41.00000 33.00000 35.00000 31.00000 29.00000 26.00000
17.00000 10.00000 14.00000 10.00000 26.00000 10.00000 14.00000 9.00000 12.00000 10.00000 11.00000 11.00000 25.00000 17.00000 18.00000 11.00000 40.00000 0.00000 10.00000 3.00000 9.00000 5.00000 11.00000 15.00000 8.00000 14.00000 12.00000 12.00000 14.00000 10.00000 9.00000 17.00000 7.00000 11.00000 11.00000 15.00000 8.00000 7.00000 16.00000 7.00000 10.00000 25.00000 17.00000 9.00000 12.00000 10.00000 7.00000 11.00000 10.00000 10.00000 16.00000 17.00000
13.00000 9.00000 11.00000 5.00000 19.00000 5.00000 6.00000 14.00000 11.00000 14.00000 16.00000 3.00000 19.00000 13.00000 15.00000 10.00000 37.00000 10.00000 0.00000 9.00000 5.00000 12.00000 15.00000 12.00000 4.00000 9.00000 14.00000 4.00000 16.00000 8.00000 5.00000 9.00000 9.00000 3.00000 11.00000 9.00000 14.00000 12.00000 7.00000 5.00000 16.00000 19.00000 10.00000 11.00000 9.00000 9.00000 10.00000 5.00000 4.00000 7.00000 16.00000 13.00000
15.00000 9.00000 13.00000 9.00000 26.00000 8.00000 14.00000 10.00000 13.00000 11.00000 11.00000 10.00000 25.00000 15.00000 16.00000 9.00000 38.00000 4.00000 9.00000 0.00000 10.00000 6.00000 11.00000 13.00000 9.00000 16.00000 14.00000 12.00000 15.00000 12.00000 8.00000 16.00000 9.00000 11.00000 10.00000 16.00000 9.00000 8.00000 15.00000 9.00000 11.00000 26.00000 17.00000 11.00000 13.00000 12.00000 9.00000 10.00000 9.00000 9.00000 15.00000 15.00000
16.00000 12.00000 14.00000 7.00000 20.00000 7.00000 9.00000 14.00000 10.00000 15.00000 17.00000 5.00000 19.00000 16.00000 17.00000 12.00000 39.00000 11.00000 5.00000 11.00000 0.00000 12.00000 15.00000 14.00000 5.00000 9.00000 14.00000 7.00000 16.00000 6.00000 8.00000 11.00000 9.00000 6.00000 13.00000 9.00000 14.00000 12.00000 11.00000 5.00000 17.00000 20.00000 12.00000 11.00000 7.00000 9.00000 10.00000 8.00000 7.00000 9.00000 18.00000 16.00000
19.00000 13.00000 17.00000 14.00000 29.00000 13.00000 17.00000 5.00000 14.00000 6.00000 7.00000 14.00000 28.00000 19.00000 21.00000 14.00000 43.00000 6.00000 13.00000 7.00000 12.00000 0.00000 6.00000 18.00000 12.00000 18.00000 10.00000 16.00000 11.00000 13.00000 12.00000 20.00000 9.00000 15.00000 14.00000 18.00000 4.00000 4.00000 19.00000 11.00000 6.00000 29.00000 21.00000 9.00000 15.00000 12.00000 7.00000 14.00000 13.00000 13.00000 18.00000 19.00000
24.00000 17.00000 22.00000 16.00000 29.00000 16.00000 18.00000 5.00000 12.00000 3.00000 4.00000 14.00000 29.00000 24.00000 25.00000 18.00000 47.00000 11.00000 16.00000 12.00000 14.00000 8.00000 0.00000 22.00000 14.00000 18.00000 6.00000 19.00000 6.00000 13.00000 16.00000 21.00000 9.00000 18.00000 19.00000 19.00000 6.00000 7.00000 21.00000 12.00000 4.00000 29.00000 21.00000 9.00000 14.00000 10.00000 9.00000 16.00000 15.00000 17.00000 24.00000 24.00000
4.00000 11.00000 3.00000 9.00000 21.00000 8.00000 15.00000 19.00000 18.00000 20.00000 22.00000 12.00000 20.00000 4.00000 5.00000 11.00000 27.00000 14.00000 11.00000 14.00000 12.00000 17.00000 22.00000 0.00000 12.00000 18.00000 21.00000 14.00000 23.00000 15.00000 10.00000 16.00000 16.00000 11.00000 12.00000 18.00000 18.00000 17.00000 12.00000 12.00000 22.00000 21.00000 17.00000 18.00000 16.00000 17.00000 17.00000 8.00000 10.00000 8.00000 17.00000 4.00000
15.00000 11.00000 13.00000 7.00000 22.00000 7.00000 10.00000 13.00000 8.00000 12.00000 14.00000 6.00000 21.00000 15.00000 16.00000 12.00000 38.00000 10.00000 7.00000 10.00000 5.00000 11.00000 12.00000 14.00000 0.00000 10.00000 11.00000 10.00000 13.00000 5.00000 7.00000 13.00000 7.00000 9.00000 12.00000 11.00000 12.00000 11.00000 13.00000 3.00000 14.00000 21.00000 13.00000 8.00000 8.00000 7.00000 8.00000 7.00000 6.00000 8.00000 17.00000 15.00000
20.00000 16.00000 18.00000 11.00000 16.00000 12.00000 11.00000 18.00000 9.00000 17.00000 19.00000 7.00000 16.00000 20.00000 21.00000 17.00000 40.00000 15.00000 9.00000 15.00000 9.00000 16.00000 17.00000 18.00000 9.00000 0.00000 16.00000 11.00000 17.00000 7.00000 12.00000 12.00000 13.00000 10.00000 17.00000 1.00000 17.00000 16.00000 14.00000 9.00000 19.00000 16.00000 11.00000 13.00000 6.00000 10.00000 13.00000 12.00000 11.00000 13.00000 22.00000 20.00000
24.00000 17.00000 22.00000 17.00000 28.00000 17.00000 18.00000 6.00000 9.00000 3.00000 7.00000 14.00000 28.00000 24.00000 25.00000 18.00000 47.00000 11.00000 17.00000 13.00000 15.00000 9.00000 5.00000 22.00000 15.00000 17.00000 0.00000 19.00000 4.00000 12.00000 16.00000 21.00000 10.00000 18.00000 19.00000 17.00000 6.00000 7.00000 21.00000 13.00000 6.00000 28.00000 21.00000 6.00000 11.00000 7.00000 9.00000 17.00000 16.00000 18.00000 24.00000 24.00000
16.00000 12.00000 14.00000 8.00000 21.00000 8.00000 5.00000 17.00000 14.00000 17.00000 19.00000 6.00000 21.00000 16.00000 17.00000 13.00000 40.00000 12.00000 4.00000 12.00000 8.00000 15.00000 17.00000 14.00000 7.00000 11.00000 16.00000 0.00000 18.00000 10.00000 8.00000 9.00000 12.00000 5.00000 14.00000 11.00000 16.00000 15.00000 8.00000 8.00000 19.00000 21.00000 10.00000 13.00000 11.00000 12.00000 12.00000 8.00000 7.00000 10.00000 19.00000 16.00000
26.00000 20.00000 24.00000 18.00000 28.00000 18.00000 18.00000 9.00000 9.00000 7.00000 9.00000 14.00000 28.00000 26.00000 27.00000 20.00000 49.00000 14.00000 16.00000 15.00000 16.00000 12.00000 7.00000 24.00000 15.00000 16.00000 4.00000 18.00000 0.00000 12.00000 17.00000 20.00000 11.00000 18.00000 21.00000 16.00000 9.00000 10.00000 21.00000 14.00000 9.00000 28.00000 21.00000 8.00000 11.00000 7.00000 12.00000 18.00000 17.00000 19.00000 27.00000 26.00000
16.00000 12.00000 14.00000 8.00000 18.00000 8.00000 7.00000 12.00000 6.00000 11.00000 13.00000 3.00000 18.00000 16.00000 18.00000 13.00000 39.00000 11.00000 6.00000 11.00000 6.00000 11.00000 11.00000 15.00000 5.00000 7.00000 10.00000 8.00000 12.00000 0.00000 8.00000 10.00000 7.00000 7.00000 14.00000 8.00000 11.00000 11.00000 10.00000 4.00000 13.00000 18.00000 10.00000 7.00000 5.00000 4.00000 8.00000 8.00000 7.00000 9.00000 19.00000 16.00000
12.00000 7.00000 10.00000 3.00000 22.00000 3.00000 9.00000 14.00000 13.00000 15.00000 17.00000 6.00000 21.00000 12.00000 13.00000 8.00000 35.00000 9.00000 5.00000 9.00000 7.00000 12.00000 17.00000 10.00000 6.00000 11.00000 16.00000 7.00000 18.00000 9.00000 0.00000 12.00000 9.00000 6.00000 9.00000 12.00000 13.00000 12.00000 11.00000 5.00000 16.00000 21.00000 13.00000 12.00000 10.00000 11.00000 9.00000 4.00000 2.00000 5.00000 14.00000 12.00000
16.00000 17.00000 17.00000 13.00000 22.00000 13.00000 4.00000 22.00000 16.00000 21.00000 23.00000 8.00000 22.00000 16.00000 17.00000 18.00000 40.00000 17.00000 9.00000 17.00000 11.00000 20.00000 21.00000 16.00000 12.00000 12.00000 20.00000 9.00000 22.00000 12.00000 13.00000 0.00000 17.00000 9.00000 19.00000 12.00000 21.00000 19.00000 5.00000 12.00000 23.00000 22.00000 2.00000 17.00000 12.00000 14.00000 17.00000 13.00000 12.00000 15.00000 24.00000 16.00000
18.00000 12.00000 15.00000 10.00000 25.00000 10.00000 13.00000 9.00000 9.00000 10.00000 12.00000 9.00000 24.00000 18.00000 19.00000 13.00000 41.00000 7.00000 9.00000 8.00000 8.00000 7.00000 11.00000 16.00000 8.00000 13.00000 10.00000 12.00000 12.00000 8.00000 8.00000 16.00000 0.00000 11.00000 14.00000 14.00000 8.00000 6.00000 16.00000 7.00000 11.00000 24.00000 16.00000 7.00000 9.00000 7.00000 3.00000 11.00000 9.00000 11.00000 19.00000 18.00000
13.00000 10.00000 11.00000 6.00000 21.00000 6.00000 5.00000 16.00000 12.00000 16.00000 18.00000 5.00000 20.00000 13.00000 14.00000 11.00000 37.00000 11.00000 2.00000 11.00000 6.00000 14.00000 16.00000 11.00000 6.00000 11.00000 15.00000 5.00000 17.00000 9.00000 6.00000 9.00000 11.00000 0.00000 11.00000 11.00000 15.00000 13.00000 7.00000 7.00000 18.00000 21.00000 10.00000 12.00000 10.00000 11.00000 11.00000 5.00000 5.00000 7.00000 16.00000 13.00000
14.00000 3.00000 12.00000 10.00000 28.00000 8.00000 15.00000 16.00000 18.00000 17.00000 19.00000 12.00000 28.00000 14.00000 15.00000 3.00000 34.00000 11.00000 11.00000 10.00000 12.00000 14.00000 19.00000 12.00000 12.00000 18.00000 19.00000 14.00000 22.00000 15.00000 10.00000 19.00000 14.00000 12.00000 0.00000 18.00000 15.00000 14.00000 17.00000 12.00000 18.00000 28.00000 19.00000 17.00000 16.00000 17.00000 13.00000 8.00000 11.00000 4.00000 10.00000 14.00000
20.00000 16.00000 18.00000 12.00000 17.00000 12.00000 11.00000 18.00000 10.00000 17.00000 19.00000 8.00000 16.00000 20.00000 22.00000 17.00000 41.00000 16.00000 9.00000 15.00000 9.00000 16.00000 18.00000 19.00000 9.00000 1.00000 16.00000 12.00000 17.00000 8.00000 12.00000 12.00000 13.00000 11.00000 18.00000 0.00000 18.00000 16.00000 15.00000 9.00000 19.00000 16.00000 12.00000 13.00000 7.00000 11.00000 14.00000 13.00000 11.00000 14.00000 23.00000 20.00000
22.00000 16.00000 20.00000 16.00000 30.00000 16.00000 18.00000 2.00000 13.00000 3.00000 5.00000 15.00000 29.00000 22.00000 24.00000 16.00000 46.00000 10.00000 15.00000 11.00000 14.00000 7.00000 4.00000 21.00000 14.00000 19.00000 8.00000 18.00000 8.00000 13.00000 14.00000 21.00000 9.00000 17.00000 17.00000 19.00000 0.00000 5.00000 21.00000 13.00000 4.00000 30.00000 21.00000 9.00000 14.00000 11.00000 8.00000 16.00000 15.00000 16.00000 23.00000 22.00000
20.00000 13.00000 17.00000 13.00000 27.00000 13.00000 16.00000 4.00000 11.00000 5.00000 8.00000 12.00000 26.00000 20.00000 21.00000 14.00000 43.00000 8.00000 13.00000 9.00000 12.00000 5.00000 6.00000 18.00000 11.00000 16.00000 7.00000 15.00000 9.00000 10.00000 12.00000 18.00000 6.00000 14.00000 14.00000 16.00000 3.00000 0.00000 19.00000 10.00000 7.00000 27.00000 19.00000 6.00000 12.00000 9.00000 5.00000 14.00000 12.00000 13.00000 20.00000 20.00000
12.00000 15.00000 13.00000 11.00000 24.00000 11.00000 4.00000 21.00000 17.00000 21.00000 23.00000 9.00000 24.00000 12.00000 14.00000 16.00000 36.00000 16.00000 7.00000 15.00000 11.00000 19.00000 21.00000 12.00000 11.00000 14.00000 20.00000 8.00000 22.00000 12.00000 11.00000 5.00000 16.00000 7.00000 17.00000 14.00000 20.00000 18.00000 0.00000 11.00000 23.00000 24.00000 6.00000 17.00000 13.00000 15.00000 16.00000 11.00000 10.00000 13.00000 22.00000 12.00000
14.00000 10.00000 12.00000 5.00000 21.00000 6.00000 10.00000 11.00000 9.00000 12.00000 14.00000 6.00000 20.00000 14.00000 15.00000 11.00000 37.00000 8.00000 6.00000 8.00000 4.00000 9.00000 13.00000 12.00000 2.00000 10.00000 11.00000 9.00000 14.00000 5.00000 6.00000 12.00000 6.00000 8.00000 11.00000 10.00000 10.00000 9.00000 12.00000 0.00000 13.00000 21.00000 13.00000 8.00000 8.00000 7.00000 6.00000 6.00000 5.00000 7.00000 16.00000 14.00000
23.00000 16.00000 21.00000 16.00000 30.00000 16.00000 18.00000 3.00000 12.00000 3.00000 4.00000 15.00000 29.00000 23.00000 24.00000 17.00000 46.00000 10.00000 16.00000 10.00000 15.00000 7.00000 4.00000 21.00000 14.00000 19.00000 7.00000 18.00000 8.00000 13.00000 15.00000 21.00000 9.00000 17.00000 17.00000 19.00000 4.00000 5.00000 22.00000 13.00000 0.00000 30.00000 21.00000 9.00000 14.00000 10.00000 9.00000 17.00000 15.00000 17.00000 22.00000 23.00000
20.00000 27.00000 22.00000 22.00000 3.00000 22.00000 22.00000 30.00000 21.00000 28.00000 30.00000 18.00000 3.00000 20.00000 22.00000 27.00000 28.00000 26.00000 20.00000 26.00000 20.00000 28.00000 29.00000 21.00000 20.00000 16.00000 28.00000 22.00000 28.00000 19.00000 22.00000 23.00000 24.00000 21.00000 28.00000 16.00000 29.00000 27.00000 25.00000 20.00000 30.00000 0.00000 22.00000 25.00000 18.00000 22.00000 25.00000 23.00000 22.00000 24.00000 33.00000 20.00000
17.00000 19.00000 18.00000 14.00000 21.00000 14.00000 5.00000 22.00000 15.00000 21.00000 23.00000 9.00000 21.00000 17.00000 19.00000 19.00000 41.00000 18.00000 10.00000 18.00000 12.00000 20.00000 21.00000 17.00000 13.00000 11.00000 20.00000 10.00000 22.00000 12.00000 14.00000 2.00000 17.00000 10.00000 20.00000 12.00000 21.00000 20.00000 6.00000 13.00000 23.00000 21.00000 0.00000 17.00000 12.00000 14.00000 18.00000 14.00000 13.00000 16.00000 25.00000 17.00000
22.00000 16.00000 20.00000 13.00000 26.00000 14.00000 15.00000 9.00000 7.00000 8.00000 10.00000 11.00000 25.00000 22.00000 23.00000 17.00000 45.00000 11.00000 13.00000 12.00000 12.00000 10.00000 9.00000 20.00000 11.00000 14.00000 5.00000 16.00000 7.00000 9.00000 12.00000 18.00000 5.00000 15.00000 18.00000 14.00000 8.00000 7.00000 18.00000 10.00000 10.00000 26.00000 18.00000 0.00000 9.00000 4.00000 7.00000 14.00000 13.00000 15.00000 24.00000 22.00000
18.00000 14.00000 16.00000 10.00000 18.00000 10.00000 9.00000 15.00000 4.00000 13.00000 16.00000 6.00000 18.00000 18.00000 20.00000 15.00000 42.00000 13.00000 8.00000 13.00000 8.00000 14.00000 14.00000 17.00000 7.00000 7.00000 11.00000 10.00000 11.00000 4.00000 10.00000 12.00000 10.00000 9.00000 16.00000 7.00000 14.00000 13.00000 13.00000 7.00000 16.00000 18.00000 12.00000 9.00000 0.00000 7.00000 11.00000 11.00000 9.00000 12.00000 21.00000 18.00000
19.00000 15.00000 17.00000 11.00000 22.00000 11.00000 11.00000 11.00000 5.00000 10.00000 12.00000 7.00000 22.00000 19.00000 21.00000 16.00000 43.00000 11.00000 10.00000 12.00000 10.00000 11.00000 10.00000 18.00000 9.00000 11.00000 8.00000 12.00000 8.00000 6.00000 11.00000 14.00000 6.00000 11.00000 17.00000 12.00000 10.00000 10.00000 14.00000 8.00000 12.00000 22.00000 14.00000 5.00000 7.00000 0.00000 8.00000 12.00000 10.00000 13.00000 22.00000 19.00000
17.00000 11.00000 15.00000 9.00000 24.00000 9.00000 13.00000 8.00000 9.00000 10.00000 12.00000 9.00000 24.00000 17.00000 18.00000 12.00000 40.00000 6.00000 8.00000 7.00000 8.00000 6.00000 11.00000 15.00000 7.00000 13.00000 10.00000 11.00000 12.00000 8.00000 8.00000 16.00000 2.00000 10.00000 13.00000 14.00000 8.00000 6.00000 15.00000 6.00000 11.00000 24.00000 16.00000 7.00000 10.00000 8.00000 0.00000 10.00000 8.00000 11.00000 19.00000 17.00000
10.00000 6.00000 8.00000 2.00000 21.00000 2.00000 9.00000 15.00000 11.00000 15.00000 17.00000 6.00000 21.00000 10.00000 11.00000 7.00000 34.00000 10.00000 4.00000 10.00000 5.00000 13.00000 15.00000 8.00000 5.00000 11.00000 14.00000 7.00000 16.00000 8.00000 4.00000 12.00000 10.00000 5.00000 8.00000 11.00000 14.00000 13.00000 10.00000 6.00000 17.00000 21.00000 13.00000 11.00000 9.00000 10.00000 11.00000 0.00000 3.00000 4.00000 13.00000 10.00000
11.00000 7.00000 9.00000 3.00000 21.00000 3.00000 9.00000 14.00000 13.00000 16.00000 18.00000 5.00000 21.00000 11.00000 13.00000 8.00000 35.00000 10.00000 4.00000 9.00000 7.00000 12.00000 17.00000 10.00000 6.00000 11.00000 15.00000 7.00000 18.00000 9.00000 2.00000 12.00000 10.00000 6.00000 9.00000 11.00000 14.00000 12.00000 10.00000 6.00000 17.00000 21.00000 12.00000 12.00000 10.00000 11.00000 10.00000 3.00000 0.00000 5.00000 14.00000 11.00000
10.00000 4.00000 8.00000 7.00000 25.00000 5.00000 12.00000 17.00000 15.00000 18.00000 20.00000 9.00000 24.00000 10.00000 12.00000 5.00000 31.00000 12.00000 8.00000 11.00000 9.00000 14.00000 19.00000 9.00000 8.00000 15.00000 18.00000 11.00000 20.00000 12.00000 8.00000 15.00000 14.00000 8.00000 5.00000 15.00000 16.00000 14.00000 14.00000 9.00000 19.00000 25.00000 16.00000 15.00000 13.00000 13.00000 14.00000 5.00000 8.00000 0.00000 10.00000 10.00000
17.00000 12.00000 16.00000 15.00000 33.00000 13.00000 20.00000 22.00000 23.00000 23.00000 23.00000 17.00000 32.00000 17.00000 16.00000 12.00000 29.00000 17.00000 16.00000 15.00000 17.00000 18.00000 23.00000 17.00000 16.00000 23.00000 26.00000 19.00000 28.00000 20.00000 16.00000 23.00000 20.00000 16.00000 11.00000 23.00000 21.00000 20.00000 22.00000 17.00000 23.00000 33.00000 24.00000 23.00000 21.00000 21.00000 20.00000 13.00000 16.00000 12.00000 0.00000 17.00000
0.00000 12.00000 5.00000 11.00000 20.00000 10.00000 14.00000 21.00000 20.00000 22.00000 24.00000 14.00000 19.00000 0.00000 2.00000 13.00000 26.00000 16.00000 13.00000 15.00000 14.00000 19.00000 24.00000 4.00000 13.00000 19.00000 23.00000 15.00000 25.00000 16.00000 12.00000 16.00000 18.00000 13.00000 14.00000 20.00000 20.00000 19.00000 12.00000 14.00000 23.00000 20.00000 17.00000 20.00000 17.00000 18.00000 18.00000 10.00000 12.00000 10.00000 17.00000 0.00000
p
0.0 0.0 0.0 0.0 0.0 0.0 
0.0 0.0 0.0 0.0 0.0 0.0 
0.0 0.0 0.0 0.0 0.0 0.0 
0.0 0.0 0.0 0.0 0.0 0.0 
0.0 0.0 0.0 0.0 0.0 0.0 
0.0 0.0 0.0 0.0 0.0 0.0 
0.0 0.0 0.0 0.0 0.0 0.0 
0.0 0.0 0.0 0.0 0.0 0.0 
0.0 0.0 0.0 0.0 0.0 0.0 
0.0 0.0 0.0 0.0 0.0 0.0 
0 0 0 0 0 43 
0 0 0 0 0 43 
0 0 0 0 0 43 
0 0 0 0 0 43 
0 0 0 0 0 43 
0 0 0 0 0 43 
0 0 0 0 0 43 
0 0 0 0 0 43 
0 0 0 0 0 43 
0 0 0 0 0 43 
0 0 0 19 0 0 
0 0 0 19 0 0 
0 0 0 19 0 0 
0 0 0 19 0 0 
0 0 0 19 0 0 
0 0 0 19 0 0 
0 0 0 19 0 0 
0 0 0 19 0 0 
0 0 0 19 0 0 
0 0 0 19 0 0 
0 0 25 0 0 0 
0 0 25 0 0 0 
0 0 25 0 0 0 
0 0 25 0 0 0 
0 0 25 0 0 0 
0 0 25 0 0 0 
0 0 25 0 0 0 
0 0 25 0 0 0 
0 0 25 0 0 0 
0 0 25 0 0 0 
0 0 55 0 0 0 
0 0 55 0 0 0 
0 0 55 0 0 0 
0 0 55 0 0 0 
0 0 55 0 0 0 
0 0 55 0 0 0 
0 0 55 0 0 0 
0 0 55 0 0 0 
0 0 55 0 0 0 
0 0 55 0 0 0 
0 21 0 55 0 0 
0 21 0 55 0 0 
0 21 0 55 0 0 
0 21 0 55 0 0 
0 21 0 55 0 0 
0 21 0 55 0 0 
0 21 0 55 0 0 
0 21 0 55 0 0 
0 21 0 55 0 0 
0 21 0 55 0 0 
0 0 50 0 28 0 
0 0 50 0 28 0 
0 0 50 0 28 0 
0 0 50 0 28 0 
0 0 50 0 28 0 
0 0 50 0 28 0 
0 0 50 0 28 0 
0 0 50 0 28 0 
0 0 50 0 28 0 
0 0 50 0 28 0 
0 0 0 0 20 0 
0 0 0 0 20 0 
0 0 0 0 20 0 
0 0 0 0 20 0 
0 0 0 0 20 0 
0 0 0 0 20 0 
0 0 0 0 20 0 
0 0 0 0 20 0 
0 0 0 0 20 0 
0 0 0 0 20 0 
31 0 0 0 0 0 
31 0 0 0 0 0 
31 0 0 0 0 0 
31 0 0 0 0 0 
31 0 0 0 0 0 
31 0 0 0 0 0 
31 0 0 0 0 0 
31 0 0 0 0 0 
31 0 0 0 0 0 
31 0 0 0 0 0 
0 0 41 0 0 0 
0 0 41 0 0 0 
0 0 41 0 0 0 
0 0 41 0 0 0 
0 0 41 0 0 0 
0 0 41 0 0 0 
0 0 41 0 0 0 
0 0 41 0 0 0 
0 0 41 0 0 0 
0 0 41 0 0 0 
0 0 0 17 0 0 
0 0 0 17 0 0 
0 0 0 17 0 0 
0 0 0 17 0 0 
0 0 0 17 0 0 
0 0 0 17 0 0 
0 0 0 17 0 0 
0 0 0 17 0 0 
0 0 0 17 0 0 
0 0 0 17 0 0 
0 0 44 0 0 35 
0 0 44 0 0 35 
0 0 44 0 0 35 
0 0 44 0 0 35 
0 0 44 0 0 35 
0 0 44 0 0 35 
0 0 44 0 0 35 
0 0 44 0 0 35 
0 0 44 0 0 35 
0 0 44 0 0 35 
0 0 31 37 0 0 
0 0 31 37 0 0 
0 0 31 37 0 0 
0 0 31 37 0 0 
0 0 31 37 0 0 
0 0 31 37 0 0 
0 0 31 37 0 0 
0 0 31 37 0 0 
0 0 31 37 0 0 
0 0 31 37 0 0 
0 0 58 0 0 0 
0 0 58 0 0 0 
0 0 58 0 0 0 
0 0 58 0 0 0 
0 0 58 0 0 0 
0 0 58 0 0 0 
0 0 58 0 0 0 
0 0 58 0 0 0 
0 0 58 0 0 0 
0 0 58 0 0 0 
0 0 0 0 41 0 
0 0 0 0 41 0 
0 0 0 0 41 0 
0 0 0 0 41 0 
0 0 0 0 41 0 
0 0 0 0 41 0 
0 0 0 0 41 0 
0 0 0 0 41 0 
0 0 0 0 41 0 
0 0 0 0 41 0 
0 0 40 0 0 32 
0 0 40 0 0 32 
0 0 40 0 0 32 
0 0 40 0 0 32 
0 0 40 0 0 32 
0 0 40 0 0 32 
0 0 40 0 0 32 
0 0 40 0 0 32 
0 0 40 0 0 32 
0 0 40 0 0 32 
19 0 0 0 0 0 
19 0 0 0 0 0 
19 0 0 0 0 0 
19 0 0 0 0 0 
19 0 0 0 0 0 
19 0 0 0 0 0 
19 0 0 0 0 0 
19 0 0 0 0 0 
19 0 0 0 0 0 
19 0 0 0 0 0 
0 50 0 0 27 0 
0 50 0 0 27 0 
0 50 0 0 27 0 
0 50 0 0 27 0 
0 50 0 0 27 0 
0 50 0 0 27 0 
0 50 0 0 27 0 
0 50 0 0 27 0 
0 50 0 0 27 0 
0 50 0 0 27 0 
0 59 0 0 35 0 
0 59 0 0 35 0 
0 59 0 0 35 0 
0 59 0 0 35 0 
0 59 0 0 35 0 
0 59 0 0 35 0 
0 59 0 0 35 0 
0 59 0 0 35 0 
0 59 0 0 35 0 
0 59 0 0 35 0 
32 0 0 0 0 0 
32 0 0 0 0 0 
32 0 0 0 0 0 
32 0 0 0 0 0 
32 0 0 0 0 0 
32 0 0 0 0 0 
32 0 0 0 0 0 
32 0 0 0 0 0 
32 0 0 0 0 0 
32 0 0 0 0 0 
40 0 0 0 0 0 
40 0 0 0 0 0 
40 0 0 0 0 0 
40 0 0 0 0 0 
40 0 0 0 0 0 
40 0 0 0 0 0 
40 0 0 0 0 0 
40 0 0 0 0 0 
40 0 0 0 0 0 
40 0 0 0 0 0 
0 0 0 0 55 0 
0 0 0 0 55 0 
0 0 0 0 55 0 
0 0 0 0 55 0 
0 0 0 0 55 0 
0 0 0 0 55 0 
0 0 0 0 55 0 
0 0 0 0 55 0 
0 0 0 0 55 0 
0 0 0 0 55 0 
0 0 0 43 0 0 
0 0 0 43 0 0 
0 0 0 43 0 0 
0 0 0 43 0 0 
0 0 0 43 0 0 
0 0 0 43 0 0 
0 0 0 43 0 0 
0 0 0 43 0 0 
0 0 0 43 0 0 
0 0 0 43 0 0 
0 58 0 0 0 0 
0 58 0 0 0 0 
0 58 0 0 0 0 
0 58 0 0 0 0 
0 58 0 0 0 0 
0 58 0 0 0 0 
0 58 0 0 0 0 
0 58 0 0 0 0 
0 58 0 0 0 0 
0 58 0 0 0 0 
0 0 0 0 0 50 
0 0 0 0 0 50 
0 0 0 0 0 50 
0 0 0 0 0 50 
0 0 0 0 0 50 
0 0 0 0 0 50 
0 0 0 0 0 50 
0 0 0 0 0 50 
0 0 0 0 0 50 
0 0 0 0 0 50 
16 0 0 0 39 0 
16 0 0 0 39 0 
16 0 0 0 39 0 
16 0 0 0 39 0 
16 0 0 0 39 0 
16 0 0 0 39 0 
16 0 0 0 39 0 
16 0 0 0 39 0 
16 0 0 0 39 0 
16 0 0 0 39 0 
0 0 0 0 0 22 
0 0 0 0 0 22 
0 0 0 0 0 22 
0 0 0 0 0 22 
0 0 0 0 0 22 
0 0 0 0 0 22 
0 0 0 0 0 22 
0 0 0 0 0 22 
0 0 0 0 0 22 
0 0 0 0 0 22 
0 27 0 0 24 0 
0 27 0 0 24 0 
0 27 0 0 24 0 
0 27 0 0 24 0 
0 27 0 0 24 0 
0 27 0 0 24 0 
0 27 0 0 24 0 
0 27 0 0 24 0 
0 27 0 0 24 0 
0 27 0 0 24 0 
0 0 0 52 0 0 
0 0 0 52 0 0 
0 0 0 52 0 0 
0 0 0 52 0 0 
0 0 0 52 0 0 
0 0 0 52 0 0 
0 0 0 52 0 0 
0 0 0 52 0 0 
0 0 0 52 0 0 
0 0 0 52 0 0 
0 20 0 0 0 0 
0 20 0 0 0 0 
0 20 0 0 0 0 
0 20 0 0 0 0 
0 20 0 0 0 0 
0 20 0 0 0 0 
0 20 0 0 0 0 
0 20 0 0 0 0 
0 20 0 0 0 0 
0 20 0 0 0 0 
0 42 0 0 0 0 
0 42 0 0 0 0 
0 42 0 0 0 0 
0 42 0 0 0 0 
0 42 0 0 0 0 
0 42 0 0 0 0 
0 42 0 0 0 0 
0 42 0 0 0 0 
0 42 0 0 0 0 
0 42 0 0 0 0 
0 46 0 0 0 0 
0 46 0 0 0 0 
0 46 0 0 0 0 
0 46 0 0 0 0 
0 46 0 0 0 0 
0 46 0 0 0 0 
0 46 0 0 0 0 
0 46 0 0 0 0 
0 46 0 0 0 0 
0 46 0 0 0 0 
0 0 0 0 41 0 
0 0 0 0 41 0 
0 0 0 0 41 0 
0 0 0 0 41 0 
0 0 0 0 41 0 
0 0 0 0 41 0 
0 0 0 0 41 0 
0 0 0 0 41 0 
0 0 0 0 41 0 
0 0 0 0 41 0 
0 31 0 60 0 0 
0 31 0 60 0 0 
0 31 0 60 0 0 
0 31 0 60 0 0 
0 31 0 60 0 0 
0 31 0 60 0 0 
0 31 0 60 0 0 
0 31 0 60 0 0 
0 31 0 60 0 0 
0 31 0 60 0 0 
0 44 0 24 0 0 
0 44 0 24 0 0 
0 44 0 24 0 0 
0 44 0 24 0 0 
0 44 0 24 0 0 
0 44 0 24 0 0 
0 44 0 24 0 0 
0 44 0 24 0 0 
0 44 0 24 0 0 
0 44 0 24 0 0 
20 0 0 0 0 0 
20 0 0 0 0 0 
20 0 0 0 0 0 
20 0 0 0 0 0 
20 0 0 0 0 0 
20 0 0 0 0 0 
20 0 0 0 0 0 
20 0 0 0 0 0 
20 0 0 0 0 0 
20 0 0 0 0 0 
0 36 0 0 0 0 
0 36 0 0 0 0 
0 36 0 0 0 0 
0 36 0 0 0 0 
0 36 0 0 0 0 
0 36 0 0 0 0 
0 36 0 0 0 0 
0 36 0 0 0 0 
0 36 0 0 0 0 
0 36 0 0 0 0 
0 54 0 0 0 0 
0 54 0 0 0 0 
0 54 0 0 0 0 
0 54 0 0 0 0 
0 54 0 0 0 0 
0 54 0 0 0 0 
0 54 0 0 0 0 
0 54 0 0 0 0 
0 54 0 0 0 0 
0 54 0 0 0 0 
0 16 0 0 0 0 
0 16 0 0 0 0 
0 16 0 0 0 0 
0 16 0 0 0 0 
0 16 0 0 0 0 
0 16 0 0 0 0 
0 16 0 0 0 0 
0 16 0 0 0 0 
0 16 0 0 0 0 
0 16 0 0 0 0 
0 0 0 0 41 0 
0 0 0 0 41 0 
0 0 0 0 41 0 
0 0 0 0 41 0 
0 0 0 0 41 0 
0 0 0 0 41 0 
0 0 0 0 41 0 
0 0 0 0 41 0 
0 0 0 0 41 0 
0 0 0 0 41 0 
0 18 0 20 0 0 
0 18 0 20 0 0 
0 18 0 20 0 0 
0 18 0 20 0 0 
0 18 0 20 0 0 
0 18 0 20 0 0 
0 18 0 20 0 0 
0 18 0 20 0 0 
0 18 0 20 0 0 
0 18 0 20 0 0 
32 0 0 0 0 60 
32 0 0 0 0 60 
32 0 0 0 0 60 
32 0 0 0 0 60 
32 0 0 0 0 60 
32 0 0 0 0 60 
32 0 0 0 0 60 
32 0 0 0 0 60 
32 0 0 0 0 60 
32 0 0 0 0 60 
0 19 0 0 36 0 
0 19 0 0 36 0 
0 19 0 0 36 0 
0 19 0 0 36 0 
0 19 0 0 36 0 
0 19 0 0 36 0 
0 19 0 0 36 0 
0 19 0 0 36 0 
0 19 0 0 36 0 
0 19 0 0 36 0 
0 0 27 0 60 0 
0 0 27 0 60 0 
0 0 27 0 60 0 
0 0 27 0 60 0 
0 0 27 0 60 0 
0 0 27 0 60 0 
0 0 27 0 60 0 
0 0 27 0 60 0 
0 0 27 0 60 0 
0 0 27 0 60 0 
0 0 0 0 39 0 
0 0 0 0 39 0 
0 0 0 0 39 0 
0 0 0 0 39 0 
0 0 0 0 39 0 
0 0 0 0 39 0 
0 0 0 0 39 0 
0 0 0 0 39 0 
0 0 0 0 39 0 
0 0 0 0 39 0 
0 0 41 0 36 0 
0 0 41 0 36 0 
0 0 41 0 36 0 
0 0 41 0 36 0 
0 0 41 0 36 0 
0 0 41 0 36 0 
0 0 41 0 36 0 
0 0 41 0 36 0 
0 0 41 0 36 0 
0 0 41 0 36 0 
0 0 0 23 0 0 
0 0 0 23 0 0 
0 0 0 23 0 0 
0 0 0 23 0 0 
0 0 0 23 0 0 
0 0 0 23 0 0 
0 0 0 23 0 0 
0 0 0 23 0 0 
0 0 0 23 0 0 
0 0 0 23 0 0 
0 0 38 0 0 0 
0 0 38 0 0 0 
0 0 38 0 0 0 
0 0 38 0 0 0 
0 0 38 0 0 0 
0 0 38 0 0 0 
0 0 38 0 0 0 
0 0 38 0 0 0 
0 0 38 0 0 0 
0 0 38 0 0 0 
0 0 0 0 57 0 
0 0 0 0 57 0 
0 0 0 0 57 0 
0 0 0 0 57 0 
0 0 0 0 57 0 
0 0 0 0 57 0 
0 0 0 0 57 0 
0 0 0 0 57 0 
0 0 0 0 57 0 
0 0 0 0 57 0 
0 0 0 48 0 0 
0 0 0 48 0 0 
0 0 0 48 0 0 
0 0 0 48 0 0 
0 0 0 48 0 0 
0 0 0 48 0 0 
0 0 0 48 0 0 
0 0 0 48 0 0 
0 0 0 48 0 0 
0 0 0 48 0 0 
0 23 0 0 0 0 
0 23 0 0 0 0 
0 23 0 0 0 0 
0 23 0 0 0 0 
0 23 0 0 0 0 
0 23 0 0 0 0 
0 23 0 0 0 0 
0 23 0 0 0 0 
0 23 0 0 0 0 
0 23 0 0 0 0 
0.0 0.0 0.0 0.0 0.0 0.0 
0.0 0.0 0.0 0.0 0.0 0.0 
0.0 0.0 0.0 0.0 0.0 0.0 
0.0 0.0 0.0 0.0 0.0 0.0 
0.0 0.0 0.0 0.0 0.0 0.0 
0.0 0.0 0.0 0.0 0.0 0.0 
0.0 0.0 0.0 0.0 0.0 0.0 
0.0 0.0 0.0 0.0 0.0 0.0 
0.0 0.0 0.0 0.0 0.0 0.0 
0.0 0.0 0.0 0.0 0.0 0.0 
mind
0 0 0 0 0 0 21 0 0 0 0 0 0 0 0 18 0 19 0 0 0 0 0 0 0 21 0 0 0 0 0 0 0 10 0 0 0 0 0 0 10 0 0 20 0 11 0 0 0 0 0 0
maxd
0 0 0 0 0 0 29 0 0 0 0 0 0 0 0 29 0 30 0 0 0 0 0 0 0 30 0 0 0 0 0 0 0 26 0 0 0 0 0 0 16 0 0 30 0 18 0 0 0 0 0 0
e
0 690 565 790 843 881 486 671 955 906 885 852 504 752 863 649 738 577 811 877 785 553 607 945 786 898 480 755 612 928 489 527 656 791 913 557 926 752 741 605 522 690 578 804 730 840 690 860 696 838 622 0
l
99999 810 685 910 963 1001 606 791 1075 1026 1005 972 624 872 983 769 858 697 931 997 905 673 727 1065 906 1018 600 875 732 1048 609 647 776 911 1033 677 1046 872 861 725 642 810 698 924 850 960 810 980 816 958 742 99999
