nbNodes
52
nbVehi
10
nbServi
6
r
1 1 1 1 1 1 
0 0 0 0 1 0 
1 0 0 0 0 1 
0 0 0 0 1 0 
0 0 1 0 0 0 
0 0 1 0 0 0 
0 1 0 0 0 0 
0 0 0 1 0 0 
0 0 1 1 0 0 
0 0 1 0 0 0 
0 0 1 0 1 0 
0 0 1 0 1 0 
1 0 0 0 0 0 
0 0 0 0 0 1 
0 0 0 0 1 0 
0 0 0 1 0 0 
0 0 1 0 1 0 
0 1 0 0 1 0 
0 0 0 0 1 0 
0 0 0 0 1 0 
0 0 0 1 0 0 
0 1 0 0 0 0 
1 0 0 0 0 0 
0 1 0 0 0 0 
1 0 0 1 0 0 
0 0 1 0 0 1 
0 1 0 0 0 0 
0 0 1 0 1 0 
0 0 0 1 0 0 
0 0 0 0 1 0 
0 0 0 0 1 0 
0 0 0 0 1 0 
0 0 0 0 1 0 
0 0 1 0 0 0 
0 0 1 0 0 0 
0 0 1 0 0 1 
0 1 0 1 0 0 
0 1 0 0 1 0 
0 0 0 0 0 1 
0 0 1 0 0 0 
0 0 0 0 1 0 
0 0 1 0 1 0 
0 0 1 0 1 0 
0 0 1 0 0 0 
1 0 0 0 0 0 
0 1 0 0 0 0 
1 0 0 0 0 0 
1 0 0 0 0 1 
1 0 0 0 0 0 
0 0 1 0 1 0 
0 0 1 0 0 0 
1 1 1 1 1 1 
DS
3 9 11 12 17 18 25 26 28 36 37 38 42 43 48 50 
a
1 1 1 0 0 0 
1 0 1 0 0 0 
1 1 1 0 0 0 
1 0 1 0 0 0 
0 1 0 0 0 0 
0 0 0 1 1 1 
0 0 0 0 0 1 
0 0 0 1 1 0 
0 0 0 1 1 1 
0 0 0 0 1 0 
x
-30.0861 -30.0832 -30.1012 -29.9907 -30.1031 -30.0921 -30.1622 -29.9957 -30.0989 -29.9882 -30.0082 -30.1639 -30.0192 -30.1063 -30.1133 -30.0922 -30.008 -30.0457 -30.1079 -30.0998 -30.0927 -30.0443 -30.0869 -30.0006 -30.1029 -30.112 -30.1887 -30.1857 -30.0265 -30.0015 -30.0046 -30.0305 -30.1211 -30.1113 -30.1084 -30.1156 -30.0147 -30.0308 -30.0249 -30.1173 -29.985 -29.9997 -30.025 -30.1237 -30.0914 -30.0972 -30.0078 -30.0293 -29.9942 -30.0861 -30.0375 -30.0861
y
-51.185 -51.2304 -51.2289 -51.2258 -51.2426 -51.2464 -51.2204 -51.1982 -51.2265 -51.1998 -51.1488 -51.1946 -51.1752 -51.2434 -51.2562 -51.2279 -51.1449 -51.2058 -51.2551 -51.2386 -51.2301 -51.2165 -51.2312 -51.1535 -51.2482 -51.2308 -51.1894 -51.1955 -51.2242 -51.2037 -51.167 -51.2314 -51.2156 -51.2352 -51.2566 -51.2528 -51.2067 -51.2008 -51.1151 -51.2267 -51.1347 -51.1434 -51.1888 -51.2113 -51.2374 -51.2526 -51.143 -51.2304 -51.1473 -51.185 -51.2287 -51.185
d
0.00000 13.00000 13.00000 22.00000 14.00000 14.00000 23.00000 21.00000 12.00000 22.00000 24.00000 24.00000 17.00000 14.00000 17.00000 11.00000 24.00000 11.00000 16.00000 13.00000 11.00000 12.00000 12.00000 24.00000 15.00000 15.00000 28.00000 28.00000 16.00000 21.00000 21.00000 16.00000 15.00000 15.00000 16.00000 18.00000 18.00000 15.00000 23.00000 15.00000 29.00000 25.00000 16.00000 15.00000 13.00000 17.00000 23.00000 17.00000 28.00000 0.00000 14.00000 0.00000
13.00000 0.00000 7.00000 22.00000 8.00000 5.00000 17.00000 21.00000 7.00000 21.00000 27.00000 20.00000 20.00000 8.00000 9.00000 4.00000 26.00000 12.00000 8.00000 7.00000 4.00000 12.00000 2.00000 26.00000 7.00000 9.00000 24.00000 23.00000 16.00000 20.00000 24.00000 15.00000 11.00000 9.00000 8.00000 10.00000 19.00000 15.00000 26.00000 9.00000 32.00000 27.00000 17.00000 11.00000 3.00000 7.00000 25.00000 14.00000 31.00000 13.00000 12.00000 13.00000
12.00000 6.00000 0.00000 25.00000 3.00000 6.00000 12.00000 23.00000 2.00000 24.00000 26.00000 15.00000 19.00000 3.00000 6.00000 4.00000 26.00000 14.00000 5.00000 3.00000 3.00000 14.00000 6.00000 26.00000 5.00000 4.00000 19.00000 18.00000 18.00000 23.00000 23.00000 18.00000 7.00000 4.00000 6.00000 7.00000 21.00000 17.00000 25.00000 4.00000 31.00000 27.00000 19.00000 6.00000 5.00000 6.00000 25.00000 19.00000 30.00000 12.00000 16.00000 12.00000
22.00000 22.00000 24.00000 0.00000 25.00000 22.00000 35.00000 7.00000 24.00000 8.00000 15.00000 38.00000 13.00000 25.00000 26.00000 23.00000 16.00000 14.00000 24.00000 25.00000 23.00000 14.00000 23.00000 13.00000 24.00000 27.00000 42.00000 41.00000 11.00000 7.00000 11.00000 13.00000 29.00000 27.00000 25.00000 27.00000 10.00000 13.00000 22.00000 27.00000 19.00000 14.00000 12.00000 29.00000 23.00000 24.00000 16.00000 10.00000 18.00000 22.00000 11.00000 22.00000
14.00000 7.00000 4.00000 25.00000 0.00000 5.00000 14.00000 24.00000 4.00000 24.00000 28.00000 17.00000 21.00000 1.00000 5.00000 6.00000 28.00000 16.00000 3.00000 2.00000 5.00000 14.00000 7.00000 28.00000 2.00000 5.00000 21.00000 20.00000 19.00000 23.00000 25.00000 17.00000 8.00000 4.00000 4.00000 6.00000 23.00000 19.00000 28.00000 6.00000 33.00000 29.00000 21.00000 9.00000 5.00000 4.00000 27.00000 17.00000 32.00000 14.00000 15.00000 14.00000
17.00000 6.00000 8.00000 22.00000 6.00000 0.00000 18.00000 20.00000 8.00000 21.00000 27.00000 21.00000 20.00000 6.00000 6.00000 8.00000 27.00000 12.00000 5.00000 5.00000 8.00000 11.00000 6.00000 26.00000 4.00000 10.00000 26.00000 24.00000 15.00000 20.00000 24.00000 14.00000 13.00000 8.00000 5.00000 8.00000 19.00000 16.00000 29.00000 10.00000 32.00000 27.00000 18.00000 13.00000 5.00000 4.00000 26.00000 14.00000 31.00000 17.00000 11.00000 17.00000
23.00000 17.00000 12.00000 36.00000 14.00000 17.00000 0.00000 34.00000 13.00000 35.00000 37.00000 10.00000 30.00000 14.00000 15.00000 14.00000 36.00000 25.00000 15.00000 14.00000 14.00000 25.00000 17.00000 37.00000 16.00000 13.00000 8.00000 7.00000 29.00000 34.00000 34.00000 29.00000 10.00000 13.00000 15.00000 13.00000 32.00000 28.00000 36.00000 11.00000 42.00000 38.00000 30.00000 10.00000 15.00000 17.00000 36.00000 29.00000 41.00000 23.00000 27.00000 23.00000
21.00000 21.00000 23.00000 6.00000 24.00000 21.00000 33.00000 0.00000 23.00000 4.00000 12.00000 36.00000 9.00000 24.00000 24.00000 22.00000 13.00000 11.00000 23.00000 23.00000 22.00000 12.00000 22.00000 9.00000 22.00000 26.00000 41.00000 39.00000 9.00000 3.00000 7.00000 11.00000 27.00000 25.00000 23.00000 26.00000 5.00000 9.00000 19.00000 25.00000 15.00000 11.00000 9.00000 27.00000 21.00000 22.00000 12.00000 8.00000 14.00000 21.00000 10.00000 21.00000
11.00000 5.00000 2.00000 24.00000 4.00000 6.00000 13.00000 22.00000 0.00000 23.00000 25.00000 16.00000 18.00000 4.00000 7.00000 4.00000 25.00000 13.00000 6.00000 4.00000 3.00000 14.00000 5.00000 25.00000 6.00000 5.00000 21.00000 19.00000 17.00000 22.00000 22.00000 18.00000 6.00000 5.00000 7.00000 8.00000 20.00000 16.00000 24.00000 5.00000 30.00000 26.00000 18.00000 6.00000 5.00000 7.00000 24.00000 19.00000 29.00000 11.00000 16.00000 11.00000
21.00000 21.00000 23.00000 7.00000 24.00000 21.00000 34.00000 2.00000 23.00000 0.00000 12.00000 36.00000 10.00000 24.00000 25.00000 22.00000 13.00000 12.00000 23.00000 24.00000 22.00000 12.00000 22.00000 10.00000 22.00000 26.00000 41.00000 40.00000 10.00000 4.00000 8.00000 11.00000 28.00000 26.00000 23.00000 26.00000 6.00000 10.00000 19.00000 25.00000 16.00000 11.00000 9.00000 28.00000 21.00000 23.00000 12.00000 8.00000 14.00000 21.00000 10.00000 21.00000
24.00000 24.00000 26.00000 14.00000 27.00000 26.00000 36.00000 11.00000 25.00000 11.00000 0.00000 39.00000 7.00000 27.00000 29.00000 24.00000 2.00000 14.00000 27.00000 26.00000 24.00000 16.00000 25.00000 4.00000 27.00000 28.00000 43.00000 42.00000 15.00000 10.00000 5.00000 17.00000 30.00000 28.00000 28.00000 30.00000 12.00000 11.00000 9.00000 28.00000 9.00000 4.00000 9.00000 30.00000 26.00000 27.00000 2.00000 16.00000 7.00000 24.00000 16.00000 24.00000
21.00000 19.00000 15.00000 38.00000 17.00000 19.00000 10.00000 36.00000 16.00000 37.00000 39.00000 0.00000 33.00000 17.00000 17.00000 17.00000 39.00000 27.00000 17.00000 16.00000 16.00000 28.00000 19.00000 39.00000 19.00000 15.00000 12.00000 12.00000 32.00000 36.00000 37.00000 32.00000 12.00000 15.00000 18.00000 16.00000 34.00000 30.00000 39.00000 14.00000 44.00000 40.00000 32.00000 12.00000 18.00000 20.00000 38.00000 32.00000 44.00000 21.00000 29.00000 21.00000
19.00000 19.00000 21.00000 12.00000 22.00000 21.00000 31.00000 8.00000 21.00000 9.00000 8.00000 34.00000 0.00000 22.00000 24.00000 20.00000 8.00000 9.00000 23.00000 21.00000 20.00000 11.00000 20.00000 8.00000 22.00000 24.00000 39.00000 37.00000 10.00000 9.00000 6.00000 12.00000 26.00000 23.00000 23.00000 26.00000 8.00000 7.00000 14.00000 23.00000 14.00000 9.00000 4.00000 25.00000 21.00000 23.00000 7.00000 11.00000 13.00000 19.00000 11.00000 19.00000
14.00000 8.00000 3.00000 25.00000 1.00000 6.00000 13.00000 24.00000 4.00000 24.00000 28.00000 16.00000 21.00000 0.00000 4.00000 5.00000 27.00000 16.00000 3.00000 3.00000 5.00000 15.00000 8.00000 28.00000 2.00000 5.00000 21.00000 19.00000 19.00000 24.00000 25.00000 18.00000 8.00000 4.00000 3.00000 5.00000 23.00000 19.00000 27.00000 5.00000 33.00000 29.00000 21.00000 8.00000 6.00000 4.00000 27.00000 17.00000 32.00000 14.00000 15.00000 14.00000
16.00000 9.00000 6.00000 26.00000 4.00000 7.00000 14.00000 24.00000 7.00000 25.00000 30.00000 16.00000 24.00000 3.00000 0.00000 8.00000 30.00000 16.00000 2.00000 5.00000 7.00000 15.00000 9.00000 30.00000 3.00000 7.00000 21.00000 20.00000 19.00000 24.00000 28.00000 18.00000 10.00000 6.00000 2.00000 3.00000 23.00000 20.00000 30.00000 8.00000 35.00000 31.00000 22.00000 11.00000 7.00000 5.00000 29.00000 18.00000 35.00000 16.00000 15.00000 16.00000
11.00000 4.00000 4.00000 24.00000 6.00000 5.00000 15.00000 22.00000 4.00000 23.00000 25.00000 18.00000 18.00000 6.00000 9.00000 0.00000 25.00000 13.00000 8.00000 5.00000 1.00000 14.00000 3.00000 25.00000 7.00000 7.00000 22.00000 21.00000 17.00000 22.00000 22.00000 17.00000 9.00000 7.00000 8.00000 10.00000 20.00000 16.00000 24.00000 7.00000 30.00000 26.00000 18.00000 9.00000 3.00000 7.00000 24.00000 17.00000 29.00000 11.00000 15.00000 11.00000
25.00000 25.00000 27.00000 16.00000 28.00000 27.00000 37.00000 12.00000 27.00000 13.00000 2.00000 40.00000 9.00000 28.00000 30.00000 26.00000 0.00000 15.00000 29.00000 27.00000 26.00000 17.00000 26.00000 5.00000 28.00000 29.00000 45.00000 43.00000 16.00000 12.00000 7.00000 18.00000 31.00000 29.00000 29.00000 32.00000 13.00000 13.00000 11.00000 29.00000 9.00000 3.00000 10.00000 31.00000 27.00000 28.00000 1.00000 17.00000 7.00000 25.00000 17.00000 25.00000
11.00000 11.00000 14.00000 13.00000 15.00000 14.00000 24.00000 11.00000 13.00000 12.00000 16.00000 27.00000 9.00000 15.00000 17.00000 12.00000 16.00000 0.00000 15.00000 14.00000 12.00000 4.00000 12.00000 16.00000 15.00000 16.00000 31.00000 30.00000 7.00000 11.00000 13.00000 8.00000 18.00000 16.00000 16.00000 18.00000 9.00000 5.00000 18.00000 16.00000 21.00000 17.00000 7.00000 18.00000 14.00000 15.00000 15.00000 9.00000 20.00000 11.00000 6.00000 11.00000
16.00000 8.00000 6.00000 25.00000 3.00000 6.00000 15.00000 23.00000 6.00000 24.00000 30.00000 17.00000 23.00000 3.00000 3.00000 8.00000 30.00000 15.00000 0.00000 4.00000 7.00000 14.00000 8.00000 29.00000 3.00000 7.00000 22.00000 21.00000 18.00000 23.00000 27.00000 17.00000 10.00000 6.00000 1.00000 4.00000 22.00000 19.00000 29.00000 8.00000 35.00000 30.00000 21.00000 11.00000 6.00000 4.00000 29.00000 17.00000 34.00000 16.00000 14.00000 16.00000
13.00000 7.00000 3.00000 25.00000 2.00000 5.00000 13.00000 23.00000 4.00000 24.00000 27.00000 16.00000 21.00000 3.00000 6.00000 5.00000 27.00000 15.00000 4.00000 0.00000 4.00000 14.00000 7.00000 27.00000 4.00000 5.00000 21.00000 19.00000 18.00000 23.00000 25.00000 17.00000 8.00000 4.00000 5.00000 7.00000 22.00000 19.00000 27.00000 5.00000 33.00000 29.00000 20.00000 8.00000 5.00000 5.00000 26.00000 17.00000 32.00000 13.00000 14.00000 13.00000
11.00000 4.00000 4.00000 24.00000 6.00000 4.00000 15.00000 23.00000 4.00000 23.00000 25.00000 17.00000 19.00000 6.00000 9.00000 1.00000 25.00000 14.00000 7.00000 5.00000 0.00000 14.00000 4.00000 25.00000 6.00000 7.00000 22.00000 21.00000 18.00000 23.00000 23.00000 17.00000 8.00000 7.00000 7.00000 10.00000 20.00000 17.00000 25.00000 7.00000 31.00000 27.00000 18.00000 8.00000 3.00000 7.00000 24.00000 16.00000 30.00000 11.00000 14.00000 11.00000
11.00000 11.00000 13.00000 13.00000 14.00000 13.00000 23.00000 11.00000 13.00000 12.00000 18.00000 26.00000 11.00000 14.00000 16.00000 12.00000 18.00000 3.00000 15.00000 13.00000 12.00000 0.00000 12.00000 17.00000 14.00000 16.00000 31.00000 29.00000 6.00000 11.00000 15.00000 6.00000 18.00000 15.00000 15.00000 17.00000 10.00000 7.00000 19.00000 15.00000 23.00000 18.00000 8.00000 17.00000 13.00000 14.00000 17.00000 7.00000 22.00000 11.00000 4.00000 11.00000
13.00000 2.00000 6.00000 23.00000 8.00000 5.00000 17.00000 22.00000 6.00000 22.00000 26.00000 19.00000 20.00000 8.00000 9.00000 3.00000 26.00000 13.00000 8.00000 7.00000 4.00000 12.00000 0.00000 27.00000 7.00000 9.00000 24.00000 23.00000 17.00000 21.00000 24.00000 15.00000 11.00000 9.00000 8.00000 10.00000 20.00000 17.00000 26.00000 9.00000 32.00000 28.00000 18.00000 11.00000 3.00000 7.00000 26.00000 15.00000 31.00000 13.00000 13.00000 13.00000
25.00000 25.00000 27.00000 13.00000 28.00000 27.00000 37.00000 9.00000 27.00000 10.00000 3.00000 40.00000 9.00000 28.00000 30.00000 26.00000 5.00000 15.00000 29.00000 27.00000 26.00000 17.00000 26.00000 0.00000 28.00000 30.00000 45.00000 43.00000 16.00000 10.00000 5.00000 18.00000 31.00000 29.00000 29.00000 32.00000 12.00000 13.00000 11.00000 29.00000 8.00000 3.00000 10.00000 31.00000 27.00000 29.00000 5.00000 15.00000 7.00000 25.00000 17.00000 25.00000
15.00000 7.00000 5.00000 24.00000 2.00000 5.00000 16.00000 23.00000 6.00000 23.00000 29.00000 18.00000 22.00000 3.00000 4.00000 7.00000 29.00000 14.00000 3.00000 3.00000 6.00000 13.00000 7.00000 28.00000 0.00000 7.00000 23.00000 22.00000 18.00000 22.00000 26.00000 16.00000 10.00000 6.00000 3.00000 5.00000 22.00000 18.00000 29.00000 7.00000 34.00000 29.00000 20.00000 11.00000 5.00000 2.00000 28.00000 16.00000 33.00000 15.00000 14.00000 15.00000
15.00000 9.00000 4.00000 28.00000 5.00000 9.00000 11.00000 26.00000 5.00000 27.00000 29.00000 14.00000 22.00000 5.00000 8.00000 6.00000 29.00000 17.00000 7.00000 5.00000 6.00000 18.00000 9.00000 29.00000 7.00000 0.00000 19.00000 17.00000 21.00000 26.00000 26.00000 21.00000 6.00000 3.00000 7.00000 7.00000 24.00000 20.00000 28.00000 3.00000 34.00000 30.00000 22.00000 7.00000 7.00000 8.00000 28.00000 21.00000 33.00000 15.00000 19.00000 15.00000
28.00000 24.00000 20.00000 43.00000 22.00000 24.00000 8.00000 41.00000 21.00000 42.00000 44.00000 15.00000 37.00000 22.00000 22.00000 22.00000 44.00000 32.00000 22.00000 21.00000 21.00000 33.00000 24.00000 44.00000 23.00000 20.00000 0.00000 2.00000 37.00000 41.00000 41.00000 37.00000 17.00000 20.00000 22.00000 20.00000 39.00000 35.00000 44.00000 19.00000 49.00000 45.00000 37.00000 17.00000 23.00000 25.00000 43.00000 37.00000 48.00000 28.00000 34.00000 28.00000
28.00000 23.00000 18.00000 42.00000 20.00000 23.00000 7.00000 40.00000 19.00000 41.00000 43.00000 14.00000 36.00000 20.00000 21.00000 20.00000 43.00000 31.00000 21.00000 20.00000 20.00000 31.00000 23.00000 43.00000 22.00000 19.00000 2.00000 0.00000 35.00000 40.00000 40.00000 35.00000 16.00000 19.00000 21.00000 19.00000 38.00000 34.00000 42.00000 17.00000 48.00000 44.00000 36.00000 16.00000 21.00000 23.00000 42.00000 35.00000 47.00000 28.00000 33.00000 28.00000
16.00000 15.00000 18.00000 8.00000 18.00000 15.00000 28.00000 7.00000 18.00000 8.00000 15.00000 31.00000 10.00000 18.00000 19.00000 17.00000 16.00000 7.00000 17.00000 18.00000 17.00000 7.00000 16.00000 13.00000 17.00000 21.00000 36.00000 34.00000 0.00000 7.00000 11.00000 5.00000 23.00000 20.00000 18.00000 20.00000 6.00000 6.00000 21.00000 20.00000 19.00000 14.00000 8.00000 22.00000 16.00000 17.00000 15.00000 2.00000 17.00000 16.00000 5.00000 16.00000
19.00000 19.00000 21.00000 7.00000 22.00000 19.00000 32.00000 4.00000 21.00000 4.00000 12.00000 34.00000 9.00000 22.00000 23.00000 20.00000 13.00000 10.00000 21.00000 22.00000 20.00000 10.00000 20.00000 10.00000 21.00000 24.00000 39.00000 38.00000 8.00000 0.00000 8.00000 9.00000 26.00000 24.00000 22.00000 24.00000 5.00000 9.00000 18.00000 24.00000 16.00000 11.00000 9.00000 26.00000 20.00000 21.00000 12.00000 6.00000 14.00000 19.00000 8.00000 19.00000
23.00000 23.00000 25.00000 12.00000 26.00000 25.00000 35.00000 8.00000 24.00000 9.00000 6.00000 38.00000 6.00000 26.00000 28.00000 23.00000 7.00000 13.00000 26.00000 25.00000 23.00000 15.00000 24.00000 4.00000 26.00000 27.00000 42.00000 41.00000 13.00000 9.00000 0.00000 16.00000 29.00000 27.00000 27.00000 29.00000 10.00000 10.00000 13.00000 27.00000 10.00000 5.00000 8.00000 29.00000 25.00000 26.00000 6.00000 14.00000 9.00000 23.00000 14.00000 23.00000
17.00000 14.00000 18.00000 10.00000 16.00000 14.00000 29.00000 9.00000 18.00000 9.00000 17.00000 31.00000 12.00000 17.00000 17.00000 17.00000 18.00000 9.00000 15.00000 16.00000 16.00000 7.00000 15.00000 15.00000 15.00000 20.00000 36.00000 35.00000 5.00000 8.00000 12.00000 0.00000 22.00000 19.00000 16.00000 18.00000 8.00000 8.00000 23.00000 21.00000 20.00000 16.00000 10.00000 22.00000 14.00000 15.00000 17.00000 2.00000 19.00000 17.00000 4.00000 17.00000
15.00000 10.00000 6.00000 28.00000 9.00000 10.00000 10.00000 27.00000 6.00000 28.00000 29.00000 13.00000 23.00000 8.00000 12.00000 8.00000 29.00000 17.00000 11.00000 8.00000 7.00000 18.00000 10.00000 29.00000 10.00000 7.00000 17.00000 16.00000 22.00000 27.00000 27.00000 22.00000 0.00000 7.00000 11.00000 10.00000 24.00000 21.00000 29.00000 5.00000 35.00000 30.00000 22.00000 3.00000 9.00000 12.00000 28.00000 23.00000 34.00000 15.00000 20.00000 15.00000
15.00000 9.00000 4.00000 28.00000 4.00000 8.00000 12.00000 26.00000 5.00000 27.00000 28.00000 15.00000 22.00000 4.00000 7.00000 6.00000 28.00000 17.00000 6.00000 4.00000 6.00000 17.00000 9.00000 29.00000 6.00000 2.00000 20.00000 18.00000 21.00000 26.00000 26.00000 20.00000 7.00000 0.00000 7.00000 5.00000 24.00000 20.00000 28.00000 4.00000 34.00000 30.00000 22.00000 8.00000 7.00000 7.00000 28.00000 20.00000 33.00000 15.00000 18.00000 15.00000
16.00000 8.00000 6.00000 25.00000 4.00000 6.00000 14.00000 24.00000 7.00000 24.00000 30.00000 17.00000 24.00000 3.00000 2.00000 8.00000 30.00000 16.00000 1.00000 5.00000 7.00000 14.00000 8.00000 29.00000 3.00000 8.00000 22.00000 20.00000 19.00000 23.00000 27.00000 18.00000 11.00000 6.00000 0.00000 4.00000 23.00000 19.00000 30.00000 8.00000 35.00000 31.00000 21.00000 11.00000 6.00000 4.00000 29.00000 17.00000 34.00000 16.00000 15.00000 16.00000
17.00000 10.00000 7.00000 27.00000 5.00000 8.00000 14.00000 26.00000 8.00000 26.00000 31.00000 17.00000 25.00000 4.00000 3.00000 9.00000 31.00000 18.00000 4.00000 6.00000 8.00000 16.00000 10.00000 31.00000 5.00000 6.00000 21.00000 20.00000 21.00000 25.00000 29.00000 20.00000 10.00000 5.00000 4.00000 0.00000 25.00000 21.00000 31.00000 8.00000 36.00000 32.00000 23.00000 11.00000 8.00000 6.00000 30.00000 19.00000 36.00000 17.00000 17.00000 17.00000
18.00000 18.00000 21.00000 9.00000 21.00000 19.00000 31.00000 6.00000 20.00000 7.00000 14.00000 34.00000 8.00000 22.00000 22.00000 19.00000 13.00000 8.00000 21.00000 21.00000 19.00000 10.00000 19.00000 12.00000 20.00000 23.00000 38.00000 37.00000 7.00000 5.00000 9.00000 9.00000 25.00000 23.00000 21.00000 23.00000 0.00000 6.00000 19.00000 23.00000 17.00000 13.00000 7.00000 25.00000 19.00000 20.00000 12.00000 6.00000 16.00000 18.00000 8.00000 18.00000
15.00000 15.00000 17.00000 12.00000 19.00000 17.00000 28.00000 9.00000 17.00000 10.00000 14.00000 30.00000 7.00000 19.00000 20.00000 16.00000 14.00000 5.00000 19.00000 18.00000 16.00000 7.00000 16.00000 13.00000 18.00000 20.00000 35.00000 34.00000 7.00000 9.00000 11.00000 9.00000 22.00000 20.00000 19.00000 22.00000 6.00000 0.00000 18.00000 20.00000 19.00000 15.00000 4.00000 22.00000 17.00000 18.00000 13.00000 9.00000 18.00000 15.00000 7.00000 15.00000
25.00000 26.00000 27.00000 22.00000 28.00000 28.00000 37.00000 18.00000 26.00000 19.00000 10.00000 40.00000 15.00000 28.00000 31.00000 25.00000 9.00000 19.00000 30.00000 27.00000 25.00000 21.00000 26.00000 12.00000 29.00000 29.00000 44.00000 43.00000 21.00000 18.00000 13.00000 23.00000 31.00000 29.00000 30.00000 32.00000 20.00000 18.00000 0.00000 29.00000 12.00000 10.00000 16.00000 31.00000 27.00000 31.00000 8.00000 22.00000 11.00000 25.00000 21.00000 25.00000
15.00000 10.00000 5.00000 28.00000 7.00000 9.00000 10.00000 27.00000 6.00000 27.00000 29.00000 12.00000 23.00000 7.00000 10.00000 7.00000 29.00000 17.00000 9.00000 6.00000 6.00000 18.00000 9.00000 29.00000 9.00000 3.00000 17.00000 16.00000 22.00000 27.00000 27.00000 22.00000 4.00000 4.00000 9.00000 8.00000 24.00000 20.00000 29.00000 0.00000 35.00000 30.00000 22.00000 5.00000 8.00000 10.00000 28.00000 22.00000 34.00000 15.00000 19.00000 15.00000
30.00000 30.00000 32.00000 18.00000 33.00000 32.00000 42.00000 14.00000 32.00000 15.00000 8.00000 45.00000 13.00000 33.00000 35.00000 30.00000 7.00000 20.00000 34.00000 32.00000 30.00000 22.00000 31.00000 8.00000 33.00000 34.00000 50.00000 48.00000 21.00000 15.00000 10.00000 23.00000 36.00000 34.00000 34.00000 36.00000 18.00000 17.00000 12.00000 34.00000 0.00000 7.00000 15.00000 36.00000 32.00000 33.00000 6.00000 20.00000 8.00000 30.00000 22.00000 30.00000
26.00000 26.00000 28.00000 15.00000 29.00000 28.00000 38.00000 11.00000 28.00000 12.00000 4.00000 41.00000 10.00000 29.00000 32.00000 27.00000 3.00000 16.00000 30.00000 29.00000 27.00000 18.00000 27.00000 4.00000 29.00000 31.00000 46.00000 44.00000 17.00000 12.00000 7.00000 19.00000 33.00000 30.00000 30.00000 33.00000 14.00000 14.00000 10.00000 30.00000 6.00000 0.00000 11.00000 32.00000 28.00000 30.00000 3.00000 17.00000 4.00000 26.00000 18.00000 26.00000
17.00000 17.00000 19.00000 12.00000 20.00000 19.00000 29.00000 8.00000 18.00000 9.00000 11.00000 32.00000 4.00000 20.00000 22.00000 17.00000 10.00000 7.00000 21.00000 19.00000 17.00000 9.00000 18.00000 10.00000 20.00000 21.00000 36.00000 35.00000 9.00000 9.00000 8.00000 11.00000 23.00000 21.00000 21.00000 24.00000 6.00000 5.00000 16.00000 21.00000 16.00000 12.00000 0.00000 23.00000 19.00000 20.00000 9.00000 10.00000 15.00000 17.00000 9.00000 17.00000
15.00000 10.00000 6.00000 28.00000 9.00000 10.00000 11.00000 27.00000 6.00000 27.00000 29.00000 14.00000 23.00000 8.00000 12.00000 8.00000 29.00000 17.00000 11.00000 8.00000 7.00000 18.00000 10.00000 29.00000 10.00000 8.00000 18.00000 17.00000 22.00000 27.00000 27.00000 22.00000 3.00000 8.00000 11.00000 11.00000 24.00000 21.00000 29.00000 6.00000 35.00000 30.00000 22.00000 0.00000 9.00000 12.00000 28.00000 23.00000 34.00000 15.00000 20.00000 15.00000
13.00000 3.00000 5.00000 23.00000 6.00000 3.00000 16.00000 21.00000 5.00000 22.00000 27.00000 19.00000 21.00000 6.00000 7.00000 4.00000 27.00000 13.00000 6.00000 5.00000 4.00000 12.00000 3.00000 27.00000 5.00000 8.00000 23.00000 22.00000 16.00000 21.00000 25.00000 15.00000 10.00000 8.00000 6.00000 8.00000 20.00000 17.00000 27.00000 8.00000 32.00000 28.00000 19.00000 10.00000 0.00000 5.00000 26.00000 15.00000 32.00000 13.00000 12.00000 13.00000
17.00000 9.00000 7.00000 26.00000 4.00000 7.00000 17.00000 24.00000 7.00000 25.00000 31.00000 19.00000 24.00000 4.00000 5.00000 8.00000 31.00000 16.00000 3.00000 5.00000 8.00000 15.00000 9.00000 30.00000 2.00000 8.00000 24.00000 23.00000 19.00000 24.00000 28.00000 18.00000 11.00000 7.00000 4.00000 6.00000 23.00000 20.00000 30.00000 9.00000 36.00000 31.00000 21.00000 12.00000 6.00000 0.00000 30.00000 18.00000 35.00000 17.00000 15.00000 17.00000
24.00000 24.00000 26.00000 15.00000 27.00000 26.00000 36.00000 11.00000 26.00000 12.00000 2.00000 39.00000 8.00000 27.00000 30.00000 25.00000 1.00000 14.00000 28.00000 26.00000 25.00000 16.00000 25.00000 5.00000 27.00000 29.00000 44.00000 42.00000 15.00000 11.00000 6.00000 17.00000 31.00000 28.00000 28.00000 31.00000 13.00000 12.00000 10.00000 28.00000 8.00000 3.00000 9.00000 30.00000 26.00000 28.00000 0.00000 16.00000 6.00000 24.00000 16.00000 24.00000
16.00000 15.00000 18.00000 10.00000 18.00000 15.00000 29.00000 8.00000 18.00000 9.00000 16.00000 31.00000 11.00000 18.00000 18.00000 17.00000 17.00000 8.00000 17.00000 17.00000 17.00000 8.00000 16.00000 14.00000 16.00000 21.00000 36.00000 35.00000 4.00000 8.00000 12.00000 5.00000 23.00000 20.00000 17.00000 20.00000 7.00000 7.00000 23.00000 21.00000 20.00000 15.00000 9.00000 23.00000 15.00000 16.00000 16.00000 0.00000 18.00000 16.00000 6.00000 16.00000
27.00000 27.00000 29.00000 14.00000 30.00000 29.00000 39.00000 10.00000 29.00000 11.00000 8.00000 42.00000 10.00000 30.00000 32.00000 27.00000 9.00000 17.00000 31.00000 29.00000 27.00000 19.00000 28.00000 5.00000 30.00000 31.00000 46.00000 45.00000 17.00000 11.00000 6.00000 19.00000 33.00000 31.00000 31.00000 33.00000 13.00000 14.00000 15.00000 31.00000 11.00000 7.00000 12.00000 33.00000 29.00000 30.00000 8.00000 16.00000 0.00000 27.00000 18.00000 27.00000
0.00000 13.00000 13.00000 22.00000 14.00000 14.00000 23.00000 21.00000 12.00000 22.00000 24.00000 24.00000 17.00000 14.00000 17.00000 11.00000 24.00000 11.00000 16.00000 13.00000 11.00000 12.00000 12.00000 24.00000 15.00000 15.00000 28.00000 28.00000 16.00000 21.00000 21.00000 16.00000 15.00000 15.00000 16.00000 18.00000 18.00000 15.00000 23.00000 15.00000 29.00000 25.00000 16.00000 15.00000 13.00000 17.00000 23.00000 17.00000 28.00000 0.00000 14.00000 0.00000
14.00000 11.00000 16.00000 12.00000 14.00000 12.00000 26.00000 11.00000 15.00000 11.00000 19.00000 29.00000 12.00000 15.00000 15.00000 14.00000 18.00000 6.00000 13.00000 14.00000 14.00000 4.00000 12.00000 17.00000 13.00000 18.00000 34.00000 32.00000 6.00000 10.00000 14.00000 5.00000 20.00000 17.00000 14.00000 16.00000 10.00000 7.00000 21.00000 18.00000 22.00000 18.00000 9.00000 20.00000 12.00000 13.00000 18.00000 5.00000 21.00000 14.00000 0.00000 14.00000
0.00000 13.00000 13.00000 22.00000 14.00000 14.00000 23.00000 21.00000 12.00000 22.00000 24.00000 24.00000 17.00000 14.00000 17.00000 11.00000 24.00000 11.00000 16.00000 13.00000 11.00000 12.00000 12.00000 24.00000 15.00000 15.00000 28.00000 28.00000 16.00000 21.00000 21.00000 16.00000 15.00000 15.00000 16.00000 18.00000 18.00000 15.00000 23.00000 15.00000 29.00000 25.00000 16.00000 15.00000 13.00000 17.00000 23.00000 17.00000 28.00000 0.00000 14.00000 0.00000
p
0.0 0.0 0.0 0.0 0.0 0.0 
0.0 0.0 0.0 0.0 0.0 0.0 
0.0 0.0 0.0 0.0 0.0 0.0 
0.0 0.0 0.0 0.0 0.0 0.0 
0.0 0.0 0.0 0.0 0.0 0.0 
0.0 0.0 0.0 0.0 0.0 0.0 
0.0 0.0 0.0 0.0 0.0 0.0 
0.0 0.0 0.0 0.0 0.0 0.0 
0.0 0.0 0.0 0.0 0.0 0.0 
0.0 0.0 0.0 0.0 0.0 0.0 
0 0 0 0 53 0 
0 0 0 0 53 0 
0 0 0 0 53 0 
0 0 0 0 53 0 
0 0 0 0 53 0 
0 0 0 0 53 0 
0 0 0 0 53 0 
0 0 0 0 53 0 
0 0 0 0 53 0 
0 0 0 0 53 0 
60 0 0 0 0 23 
60 0 0 0 0 23 
60 0 0 0 0 23 
60 0 0 0 0 23 
60 0 0 0 0 23 
60 0 0 0 0 23 
60 0 0 0 0 23 
60 0 0 0 0 23 
60 0 0 0 0 23 
60 0 0 0 0 23 
0 0 0 0 22 0 
0 0 0 0 22 0 
0 0 0 0 22 0 
0 0 0 0 22 0 
0 0 0 0 22 0 
0 0 0 0 22 0 
0 0 0 0 22 0 
0 0 0 0 22 0 
0 0 0 0 22 0 
0 0 0 0 22 0 
0 0 59 0 0 0 
0 0 59 0 0 0 
0 0 59 0 0 0 
0 0 59 0 0 0 
0 0 59 0 0 0 
0 0 59 0 0 0 
0 0 59 0 0 0 
0 0 59 0 0 0 
0 0 59 0 0 0 
0 0 59 0 0 0 
0 0 35 0 0 0 
0 0 35 0 0 0 
0 0 35 0 0 0 
0 0 35 0 0 0 
0 0 35 0 0 0 
0 0 35 0 0 0 
0 0 35 0 0 0 
0 0 35 0 0 0 
0 0 35 0 0 0 
0 0 35 0 0 0 
0 48 0 0 0 0 
0 48 0 0 0 0 
0 48 0 0 0 0 
0 48 0 0 0 0 
0 48 0 0 0 0 
0 48 0 0 0 0 
0 48 0 0 0 0 
0 48 0 0 0 0 
0 48 0 0 0 0 
0 48 0 0 0 0 
0 0 0 42 0 0 
0 0 0 42 0 0 
0 0 0 42 0 0 
0 0 0 42 0 0 
0 0 0 42 0 0 
0 0 0 42 0 0 
0 0 0 42 0 0 
0 0 0 42 0 0 
0 0 0 42 0 0 
0 0 0 42 0 0 
0 0 46 46 0 0 
0 0 46 46 0 0 
0 0 46 46 0 0 
0 0 46 46 0 0 
0 0 46 46 0 0 
0 0 46 46 0 0 
0 0 46 46 0 0 
0 0 46 46 0 0 
0 0 46 46 0 0 
0 0 46 46 0 0 
0 0 41 0 0 0 
0 0 41 0 0 0 
0 0 41 0 0 0 
0 0 41 0 0 0 
0 0 41 0 0 0 
0 0 41 0 0 0 
0 0 41 0 0 0 
0 0 41 0 0 0 
0 0 41 0 0 0 
0 0 41 0 0 0 
0 0 58 0 49 0 
0 0 58 0 49 0 
0 0 58 0 49 0 
0 0 58 0 49 0 
0 0 58 0 49 0 
0 0 58 0 49 0 
0 0 58 0 49 0 
0 0 58 0 49 0 
0 0 58 0 49 0 
0 0 58 0 49 0 
0 0 23 0 49 0 
0 0 23 0 49 0 
0 0 23 0 49 0 
0 0 23 0 49 0 
0 0 23 0 49 0 
0 0 23 0 49 0 
0 0 23 0 49 0 
0 0 23 0 49 0 
0 0 23 0 49 0 
0 0 23 0 49 0 
44 0 0 0 0 0 
44 0 0 0 0 0 
44 0 0 0 0 0 
44 0 0 0 0 0 
44 0 0 0 0 0 
44 0 0 0 0 0 
44 0 0 0 0 0 
44 0 0 0 0 0 
44 0 0 0 0 0 
44 0 0 0 0 0 
0 0 0 0 0 31 
0 0 0 0 0 31 
0 0 0 0 0 31 
0 0 0 0 0 31 
0 0 0 0 0 31 
0 0 0 0 0 31 
0 0 0 0 0 31 
0 0 0 0 0 31 
0 0 0 0 0 31 
0 0 0 0 0 31 
0 0 0 0 55 0 
0 0 0 0 55 0 
0 0 0 0 55 0 
0 0 0 0 55 0 
0 0 0 0 55 0 
0 0 0 0 55 0 
0 0 0 0 55 0 
0 0 0 0 55 0 
0 0 0 0 55 0 
0 0 0 0 55 0 
0 0 0 25 0 0 
0 0 0 25 0 0 
0 0 0 25 0 0 
0 0 0 25 0 0 
0 0 0 25 0 0 
0 0 0 25 0 0 
0 0 0 25 0 0 
0 0 0 25 0 0 
0 0 0 25 0 0 
0 0 0 25 0 0 
0 0 42 0 22 0 
0 0 42 0 22 0 
0 0 42 0 22 0 
0 0 42 0 22 0 
0 0 42 0 22 0 
0 0 42 0 22 0 
0 0 42 0 22 0 
0 0 42 0 22 0 
0 0 42 0 22 0 
0 0 42 0 22 0 
0 53 0 0 16 0 
0 53 0 0 16 0 
0 53 0 0 16 0 
0 53 0 0 16 0 
0 53 0 0 16 0 
0 53 0 0 16 0 
0 53 0 0 16 0 
0 53 0 0 16 0 
0 53 0 0 16 0 
0 53 0 0 16 0 
0 0 0 0 26 0 
0 0 0 0 26 0 
0 0 0 0 26 0 
0 0 0 0 26 0 
0 0 0 0 26 0 
0 0 0 0 26 0 
0 0 0 0 26 0 
0 0 0 0 26 0 
0 0 0 0 26 0 
0 0 0 0 26 0 
0 0 0 0 58 0 
0 0 0 0 58 0 
0 0 0 0 58 0 
0 0 0 0 58 0 
0 0 0 0 58 0 
0 0 0 0 58 0 
0 0 0 0 58 0 
0 0 0 0 58 0 
0 0 0 0 58 0 
0 0 0 0 58 0 
0 0 0 58 0 0 
0 0 0 58 0 0 
0 0 0 58 0 0 
0 0 0 58 0 0 
0 0 0 58 0 0 
0 0 0 58 0 0 
0 0 0 58 0 0 
0 0 0 58 0 0 
0 0 0 58 0 0 
0 0 0 58 0 0 
0 33 0 0 0 0 
0 33 0 0 0 0 
0 33 0 0 0 0 
0 33 0 0 0 0 
0 33 0 0 0 0 
0 33 0 0 0 0 
0 33 0 0 0 0 
0 33 0 0 0 0 
0 33 0 0 0 0 
0 33 0 0 0 0 
15 0 0 0 0 0 
15 0 0 0 0 0 
15 0 0 0 0 0 
15 0 0 0 0 0 
15 0 0 0 0 0 
15 0 0 0 0 0 
15 0 0 0 0 0 
15 0 0 0 0 0 
15 0 0 0 0 0 
15 0 0 0 0 0 
0 42 0 0 0 0 
0 42 0 0 0 0 
0 42 0 0 0 0 
0 42 0 0 0 0 
0 42 0 0 0 0 
0 42 0 0 0 0 
0 42 0 0 0 0 
0 42 0 0 0 0 
0 42 0 0 0 0 
0 42 0 0 0 0 
26 0 0 35 0 0 
26 0 0 35 0 0 
26 0 0 35 0 0 
26 0 0 35 0 0 
26 0 0 35 0 0 
26 0 0 35 0 0 
26 0 0 35 0 0 
26 0 0 35 0 0 
26 0 0 35 0 0 
26 0 0 35 0 0 
0 0 56 0 0 37 
0 0 56 0 0 37 
0 0 56 0 0 37 
0 0 56 0 0 37 
0 0 56 0 0 37 
0 0 56 0 0 37 
0 0 56 0 0 37 
0 0 56 0 0 37 
0 0 56 0 0 37 
0 0 56 0 0 37 
0 54 0 0 0 0 
0 54 0 0 0 0 
0 54 0 0 0 0 
0 54 0 0 0 0 
0 54 0 0 0 0 
0 54 0 0 0 0 
0 54 0 0 0 0 
0 54 0 0 0 0 
0 54 0 0 0 0 
0 54 0 0 0 0 
0 0 58 0 35 0 
0 0 58 0 35 0 
0 0 58 0 35 0 
0 0 58 0 35 0 
0 0 58 0 35 0 
0 0 58 0 35 0 
0 0 58 0 35 0 
0 0 58 0 35 0 
0 0 58 0 35 0 
0 0 58 0 35 0 
0 0 0 39 0 0 
0 0 0 39 0 0 
0 0 0 39 0 0 
0 0 0 39 0 0 
0 0 0 39 0 0 
0 0 0 39 0 0 
0 0 0 39 0 0 
0 0 0 39 0 0 
0 0 0 39 0 0 
0 0 0 39 0 0 
0 0 0 0 40 0 
0 0 0 0 40 0 
0 0 0 0 40 0 
0 0 0 0 40 0 
0 0 0 0 40 0 
0 0 0 0 40 0 
0 0 0 0 40 0 
0 0 0 0 40 0 
0 0 0 0 40 0 
0 0 0 0 40 0 
0 0 0 0 41 0 
0 0 0 0 41 0 
0 0 0 0 41 0 
0 0 0 0 41 0 
0 0 0 0 41 0 
0 0 0 0 41 0 
0 0 0 0 41 0 
0 0 0 0 41 0 
0 0 0 0 41 0 
0 0 0 0 41 0 
0 0 0 0 16 0 
0 0 0 0 16 0 
0 0 0 0 16 0 
0 0 0 0 16 0 
0 0 0 0 16 0 
0 0 0 0 16 0 
0 0 0 0 16 0 
0 0 0 0 16 0 
0 0 0 0 16 0 
0 0 0 0 16 0 
0 0 0 0 19 0 
0 0 0 0 19 0 
0 0 0 0 19 0 
0 0 0 0 19 0 
0 0 0 0 19 0 
0 0 0 0 19 0 
0 0 0 0 19 0 
0 0 0 0 19 0 
0 0 0 0 19 0 
0 0 0 0 19 0 
0 0 40 0 0 0 
0 0 40 0 0 0 
0 0 40 0 0 0 
0 0 40 0 0 0 
0 0 40 0 0 0 
0 0 40 0 0 0 
0 0 40 0 0 0 
0 0 40 0 0 0 
0 0 40 0 0 0 
0 0 40 0 0 0 
0 0 24 0 0 0 
0 0 24 0 0 0 
0 0 24 0 0 0 
0 0 24 0 0 0 
0 0 24 0 0 0 
0 0 24 0 0 0 
0 0 24 0 0 0 
0 0 24 0 0 0 
0 0 24 0 0 0 
0 0 24 0 0 0 
0 0 16 0 0 35 
0 0 16 0 0 35 
0 0 16 0 0 35 
0 0 16 0 0 35 
0 0 16 0 0 35 
0 0 16 0 0 35 
0 0 16 0 0 35 
0 0 16 0 0 35 
0 0 16 0 0 35 
0 0 16 0 0 35 
0 19 0 59 0 0 
0 19 0 59 0 0 
0 19 0 59 0 0 
0 19 0 59 0 0 
0 19 0 59 0 0 
0 19 0 59 0 0 
0 19 0 59 0 0 
0 19 0 59 0 0 
0 19 0 59 0 0 
0 19 0 59 0 0 
0 16 0 0 25 0 
0 16 0 0 25 0 
0 16 0 0 25 0 
0 16 0 0 25 0 
0 16 0 0 25 0 
0 16 0 0 25 0 
0 16 0 0 25 0 
0 16 0 0 25 0 
0 16 0 0 25 0 
0 16 0 0 25 0 
0 0 0 0 0 34 
0 0 0 0 0 34 
0 0 0 0 0 34 
0 0 0 0 0 34 
0 0 0 0 0 34 
0 0 0 0 0 34 
0 0 0 0 0 34 
0 0 0 0 0 34 
0 0 0 0 0 34 
0 0 0 0 0 34 
0 0 48 0 0 0 
0 0 48 0 0 0 
0 0 48 0 0 0 
0 0 48 0 0 0 
0 0 48 0 0 0 
0 0 48 0 0 0 
0 0 48 0 0 0 
0 0 48 0 0 0 
0 0 48 0 0 0 
0 0 48 0 0 0 
0 0 0 0 53 0 
0 0 0 0 53 0 
0 0 0 0 53 0 
0 0 0 0 53 0 
0 0 0 0 53 0 
0 0 0 0 53 0 
0 0 0 0 53 0 
0 0 0 0 53 0 
0 0 0 0 53 0 
0 0 0 0 53 0 
0 0 48 0 29 0 
0 0 48 0 29 0 
0 0 48 0 29 0 
0 0 48 0 29 0 
0 0 48 0 29 0 
0 0 48 0 29 0 
0 0 48 0 29 0 
0 0 48 0 29 0 
0 0 48 0 29 0 
0 0 48 0 29 0 
0 0 54 0 23 0 
0 0 54 0 23 0 
0 0 54 0 23 0 
0 0 54 0 23 0 
0 0 54 0 23 0 
0 0 54 0 23 0 
0 0 54 0 23 0 
0 0 54 0 23 0 
0 0 54 0 23 0 
0 0 54 0 23 0 
0 0 16 0 0 0 
0 0 16 0 0 0 
0 0 16 0 0 0 
0 0 16 0 0 0 
0 0 16 0 0 0 
0 0 16 0 0 0 
0 0 16 0 0 0 
0 0 16 0 0 0 
0 0 16 0 0 0 
0 0 16 0 0 0 
19 0 0 0 0 0 
19 0 0 0 0 0 
19 0 0 0 0 0 
19 0 0 0 0 0 
19 0 0 0 0 0 
19 0 0 0 0 0 
19 0 0 0 0 0 
19 0 0 0 0 0 
19 0 0 0 0 0 
19 0 0 0 0 0 
0 37 0 0 0 0 
0 37 0 0 0 0 
0 37 0 0 0 0 
0 37 0 0 0 0 
0 37 0 0 0 0 
0 37 0 0 0 0 
0 37 0 0 0 0 
0 37 0 0 0 0 
0 37 0 0 0 0 
0 37 0 0 0 0 
23 0 0 0 0 0 
23 0 0 0 0 0 
23 0 0 0 0 0 
23 0 0 0 0 0 
23 0 0 0 0 0 
23 0 0 0 0 0 
23 0 0 0 0 0 
23 0 0 0 0 0 
23 0 0 0 0 0 
23 0 0 0 0 0 
31 0 0 0 0 37 
31 0 0 0 0 37 
31 0 0 0 0 37 
31 0 0 0 0 37 
31 0 0 0 0 37 
31 0 0 0 0 37 
31 0 0 0 0 37 
31 0 0 0 0 37 
31 0 0 0 0 37 
31 0 0 0 0 37 
18 0 0 0 0 0 
18 0 0 0 0 0 
18 0 0 0 0 0 
18 0 0 0 0 0 
18 0 0 0 0 0 
18 0 0 0 0 0 
18 0 0 0 0 0 
18 0 0 0 0 0 
18 0 0 0 0 0 
18 0 0 0 0 0 
0 0 24 0 18 0 
0 0 24 0 18 0 
0 0 24 0 18 0 
0 0 24 0 18 0 
0 0 24 0 18 0 
0 0 24 0 18 0 
0 0 24 0 18 0 
0 0 24 0 18 0 
0 0 24 0 18 0 
0 0 24 0 18 0 
0 0 20 0 0 0 
0 0 20 0 0 0 
0 0 20 0 0 0 
0 0 20 0 0 0 
0 0 20 0 0 0 
0 0 20 0 0 0 
0 0 20 0 0 0 
0 0 20 0 0 0 
0 0 20 0 0 0 
0 0 20 0 0 0 
0.0 0.0 0.0 0.0 0.0 0.0 
0.0 0.0 0.0 0.0 0.0 0.0 
0.0 0.0 0.0 0.0 0.0 0.0 
0.0 0.0 0.0 0.0 0.0 0.0 
0.0 0.0 0.0 0.0 0.0 0.0 
0.0 0.0 0.0 0.0 0.0 0.0 
0.0 0.0 0.0 0.0 0.0 0.0 
0.0 0.0 0.0 0.0 0.0 0.0 
0.0 0.0 0.0 0.0 0.0 0.0 
0.0 0.0 0.0 0.0 0.0 0.0 
mind
0 0 14 0 0 0 0 0 10 0 0 19 0 0 0 0 0 12 0 0 0 0 0 0 11 11 0 0 0 0 0 0 0 0 0 17 17 0 0 0 0 0 0 0 0 0 0 0 0 0 0 0
maxd
0 0 21 0 0 0 0 0 18 0 0 22 0 0 0 0 0 14 0 0 0 0 0 0 13 28 0 0 0 0 0 0 0 0 0 29 23 0 0 0 0 0 0 0 0 0 0 0 0 0 0 0
e
0 488 525 863 949 653 869 511 503 539 659 557 609 529 805 880 571 915 485 570 835 605 862 744 635 518 660 485 673 752 864 934 918 917 587 892 567 830 954 718 684 786 827 741 706 714 709 554 675 886 881 0
l
99999 608 645 983 1069 773 989 631 623 659 779 677 729 649 925 1000 691 1035 605 690 955 725 982 864 755 638 780 605 793 872 984 1054 1038 1037 707 1012 687 950 1074 838 804 906 947 861 826 834 829 674 795 1006 1001 99999
