nbNodes
52
nbVehi
10
nbServi
6
r
1 1 1 1 1 1 
0 1 0 1 0 0 
0 0 0 0 1 0 
0 1 0 0 0 0 
0 1 0 0 0 0 
0 0 0 1 0 0 
0 0 1 0 0 1 
0 1 0 1 0 0 
0 1 0 1 0 0 
0 0 0 0 0 1 
0 0 1 0 0 0 
0 1 0 0 0 0 
0 1 0 0 0 0 
0 0 1 0 0 0 
0 1 0 0 0 0 
0 1 0 0 0 0 
0 1 0 0 0 0 
0 0 0 0 0 1 
0 1 0 0 0 1 
1 0 0 1 0 0 
0 0 0 0 1 0 
0 0 0 0 1 0 
0 1 0 0 0 0 
0 0 0 0 0 1 
0 0 0 0 1 0 
0 0 1 0 0 0 
0 1 0 1 0 0 
0 0 0 0 1 0 
0 0 0 0 0 1 
0 1 0 1 0 0 
0 1 0 0 0 1 
0 1 0 1 0 0 
0 0 0 1 0 0 
0 1 0 1 0 0 
0 0 0 0 1 0 
0 0 1 0 1 0 
0 0 0 0 1 0 
0 1 0 1 0 0 
0 0 1 0 0 0 
0 1 0 1 0 0 
0 0 0 0 1 0 
0 0 1 0 0 0 
0 0 0 0 0 1 
0 1 0 0 0 0 
0 0 0 1 0 0 
0 0 0 0 1 0 
1 0 0 1 0 0 
0 0 0 0 1 0 
0 0 1 0 0 0 
0 1 0 0 0 1 
0 0 0 1 0 0 
1 1 1 1 1 1 
DS
2 7 8 9 19 20 27 30 31 32 34 36 38 40 47 50 
a
1 1 0 0 0 0 
0 1 1 0 0 0 
0 1 1 0 0 0 
1 1 1 0 0 0 
0 1 1 0 0 0 
0 0 0 1 1 1 
0 0 0 1 1 1 
0 0 0 1 1 1 
0 0 0 1 0 1 
0 0 0 1 0 1 
x
-30.2276 -30.0297 -30.2276 -29.9899 -30.1546 -29.9982 -30.0037 -30.1106 -30.0052 -30.0441 -29.994 -30.0464 -29.9825 -30.04 -30.0119 -30.0046 -30.018 -30.0527 -30.1629 -29.9887 -29.9848 -30.0366 -30.1535 -30.1608 -30.0735 -30.0906 -30.0198 -30.0093 -30.0542 -30.0293 -29.9819 -30.161 -30.0597 -30.0085 -30.0156 -30.1212 -30.0102 -30.0141 -30.0286 -29.9924 -30.0123 -30.061 -30.0292 -30.1251 -30.1039 -30.0162 -30.0569 -30.0332 -30.0265 -30.0081 -29.9899 -30.2276
y
-51.0578 -51.1923 -51.0578 -51.1227 -51.1693 -51.1963 -51.2053 -51.1525 -51.1434 -51.2156 -51.1055 -51.2059 -51.1346 -51.1594 -51.1199 -51.1261 -51.1004 -51.1515 -51.2005 -51.1365 -51.1136 -51.2233 -51.2189 -51.221 -51.1993 -51.1281 -51.1053 -51.1182 -51.2226 -51.1843 -51.1943 -51.144 -51.1593 -51.1975 -51.1413 -51.2537 -51.1245 -51.1274 -51.1697 -51.1198 -51.1079 -51.1448 -51.2285 -51.2374 -51.2478 -51.1947 -51.1513 -51.1101 -51.1285 -51.1459 -51.1221 -51.0578
d
0.00000 53.00000 0.00000 59.00000 23.00000 57.00000 57.00000 38.00000 58.00000 48.00000 54.00000 48.00000 62.00000 53.00000 54.00000 57.00000 53.00000 49.00000 29.00000 60.00000 58.00000 50.00000 33.00000 32.00000 42.00000 41.00000 55.00000 54.00000 49.00000 53.00000 60.00000 23.00000 48.00000 55.00000 57.00000 39.00000 56.00000 56.00000 52.00000 59.00000 53.00000 49.00000 54.00000 36.00000 40.00000 54.00000 47.00000 53.00000 55.00000 58.00000 60.00000 0.00000
53.00000 0.00000 53.00000 16.00000 33.00000 9.00000 9.00000 27.00000 12.00000 8.00000 19.00000 6.00000 18.00000 11.00000 17.00000 15.00000 19.00000 14.00000 31.00000 17.00000 18.00000 9.00000 27.00000 28.00000 12.00000 21.00000 19.00000 17.00000 9.00000 4.00000 12.00000 36.00000 12.00000 7.00000 13.00000 22.00000 19.00000 14.00000 6.00000 17.00000 19.00000 17.00000 10.00000 25.00000 19.00000 5.00000 15.00000 19.00000 16.00000 12.00000 17.00000 53.00000
0.00000 53.00000 0.00000 59.00000 23.00000 57.00000 57.00000 38.00000 58.00000 48.00000 54.00000 48.00000 62.00000 53.00000 54.00000 57.00000 53.00000 49.00000 29.00000 60.00000 58.00000 50.00000 33.00000 32.00000 42.00000 41.00000 55.00000 54.00000 49.00000 53.00000 60.00000 23.00000 48.00000 55.00000 57.00000 39.00000 56.00000 56.00000 52.00000 59.00000 53.00000 49.00000 54.00000 36.00000 40.00000 54.00000 47.00000 53.00000 55.00000 58.00000 60.00000 0.00000
57.00000 15.00000 57.00000 0.00000 46.00000 13.00000 15.00000 32.00000 6.00000 20.00000 6.00000 18.00000 5.00000 15.00000 8.00000 6.00000 11.00000 17.00000 43.00000 5.00000 3.00000 22.00000 39.00000 41.00000 25.00000 26.00000 12.00000 7.00000 22.00000 15.00000 16.00000 47.00000 20.00000 15.00000 8.00000 35.00000 9.00000 7.00000 14.00000 4.00000 10.00000 21.00000 20.00000 37.00000 32.00000 15.00000 18.00000 15.00000 11.00000 6.00000 3.00000 57.00000
24.00000 33.00000 24.00000 44.00000 0.00000 37.00000 37.00000 18.00000 40.00000 29.00000 45.00000 29.00000 46.00000 33.00000 41.00000 43.00000 42.00000 32.00000 8.00000 45.00000 46.00000 31.00000 11.00000 13.00000 22.00000 25.00000 42.00000 40.00000 30.00000 33.00000 40.00000 7.00000 30.00000 35.00000 39.00000 18.00000 42.00000 42.00000 32.00000 46.00000 43.00000 33.00000 34.00000 15.00000 21.00000 34.00000 31.00000 41.00000 39.00000 40.00000 45.00000 24.00000
59.00000 9.00000 59.00000 13.00000 38.00000 0.00000 4.00000 31.00000 11.00000 13.00000 15.00000 11.00000 15.00000 13.00000 16.00000 12.00000 18.00000 17.00000 36.00000 13.00000 14.00000 11.00000 32.00000 34.00000 18.00000 25.00000 18.00000 15.00000 14.00000 8.00000 5.00000 42.00000 16.00000 5.00000 12.00000 26.00000 17.00000 14.00000 11.00000 15.00000 17.00000 21.00000 9.00000 30.00000 23.00000 7.00000 19.00000 21.00000 17.00000 12.00000 15.00000 59.00000
58.00000 9.00000 58.00000 15.00000 38.00000 4.00000 0.00000 31.00000 12.00000 12.00000 17.00000 10.00000 16.00000 13.00000 17.00000 14.00000 18.00000 17.00000 35.00000 15.00000 16.00000 11.00000 31.00000 33.00000 17.00000 25.00000 18.00000 16.00000 13.00000 9.00000 6.00000 41.00000 16.00000 4.00000 12.00000 25.00000 18.00000 14.00000 11.00000 17.00000 19.00000 21.00000 8.00000 29.00000 22.00000 6.00000 19.00000 21.00000 17.00000 12.00000 16.00000 58.00000
38.00000 27.00000 38.00000 32.00000 18.00000 30.00000 31.00000 0.00000 29.00000 23.00000 31.00000 23.00000 34.00000 22.00000 27.00000 29.00000 28.00000 18.00000 22.00000 33.00000 32.00000 25.00000 24.00000 26.00000 17.00000 11.00000 28.00000 26.00000 25.00000 25.00000 33.00000 22.00000 17.00000 30.00000 26.00000 25.00000 28.00000 28.00000 25.00000 32.00000 29.00000 18.00000 29.00000 22.00000 23.00000 28.00000 16.00000 26.00000 25.00000 29.00000 33.00000 38.00000
58.00000 12.00000 58.00000 6.00000 42.00000 11.00000 12.00000 30.00000 0.00000 17.00000 10.00000 15.00000 8.00000 11.00000 9.00000 5.00000 11.00000 14.00000 40.00000 6.00000 8.00000 18.00000 36.00000 37.00000 22.00000 24.00000 11.00000 8.00000 19.00000 11.00000 14.00000 45.00000 15.00000 11.00000 5.00000 31.00000 10.00000 6.00000 10.00000 8.00000 10.00000 18.00000 18.00000 34.00000 29.00000 11.00000 16.00000 14.00000 9.00000 2.00000 8.00000 58.00000
48.00000 8.00000 48.00000 21.00000 28.00000 11.00000 10.00000 22.00000 18.00000 0.00000 22.00000 3.00000 23.00000 13.00000 20.00000 20.00000 21.00000 14.00000 25.00000 22.00000 21.00000 4.00000 22.00000 23.00000 7.00000 19.00000 22.00000 20.00000 4.00000 9.00000 13.00000 31.00000 11.00000 10.00000 18.00000 17.00000 22.00000 19.00000 11.00000 23.00000 23.00000 16.00000 8.00000 19.00000 14.00000 9.00000 14.00000 20.00000 19.00000 18.00000 22.00000 48.00000
53.00000 19.00000 53.00000 6.00000 45.00000 16.00000 18.00000 31.00000 10.00000 24.00000 0.00000 22.00000 10.00000 15.00000 7.00000 8.00000 7.00000 16.00000 45.00000 9.00000 5.00000 23.00000 41.00000 43.00000 27.00000 25.00000 9.00000 6.00000 25.00000 18.00000 18.00000 45.00000 19.00000 18.00000 11.00000 38.00000 9.00000 9.00000 17.00000 6.00000 7.00000 19.00000 21.00000 39.00000 35.00000 18.00000 17.00000 13.00000 10.00000 10.00000 7.00000 53.00000
49.00000 7.00000 49.00000 20.00000 28.00000 11.00000 11.00000 23.00000 16.00000 3.00000 23.00000 0.00000 22.00000 12.00000 20.00000 19.00000 21.00000 12.00000 26.00000 20.00000 22.00000 6.00000 22.00000 24.00000 8.00000 18.00000 21.00000 19.00000 5.00000 7.00000 13.00000 32.00000 10.00000 8.00000 16.00000 18.00000 21.00000 18.00000 10.00000 21.00000 22.00000 14.00000 9.00000 20.00000 15.00000 8.00000 12.00000 20.00000 18.00000 16.00000 21.00000 49.00000
60.00000 17.00000 60.00000 5.00000 48.00000 14.00000 16.00000 34.00000 8.00000 22.00000 9.00000 20.00000 0.00000 17.00000 10.00000 8.00000 14.00000 19.00000 45.00000 3.00000 7.00000 23.00000 41.00000 43.00000 27.00000 28.00000 14.00000 9.00000 24.00000 17.00000 17.00000 49.00000 21.00000 16.00000 10.00000 37.00000 11.00000 9.00000 16.00000 8.00000 12.00000 22.00000 21.00000 39.00000 34.00000 17.00000 20.00000 17.00000 13.00000 8.00000 6.00000 60.00000
54.00000 9.00000 54.00000 14.00000 34.00000 11.00000 13.00000 23.00000 11.00000 12.00000 17.00000 11.00000 16.00000 0.00000 13.00000 13.00000 14.00000 8.00000 31.00000 15.00000 16.00000 14.00000 28.00000 29.00000 14.00000 17.00000 14.00000 13.00000 14.00000 7.00000 14.00000 37.00000 9.00000 12.00000 9.00000 24.00000 14.00000 12.00000 5.00000 16.00000 15.00000 12.00000 14.00000 25.00000 21.00000 10.00000 9.00000 13.00000 10.00000 11.00000 15.00000 54.00000
53.00000 16.00000 53.00000 8.00000 40.00000 15.00000 16.00000 26.00000 7.00000 21.00000 7.00000 19.00000 10.00000 11.00000 0.00000 5.00000 6.00000 12.00000 40.00000 9.00000 8.00000 22.00000 37.00000 38.00000 23.00000 20.00000 6.00000 2.00000 23.00000 16.00000 18.00000 42.00000 14.00000 15.00000 8.00000 33.00000 4.00000 5.00000 14.00000 8.00000 5.00000 15.00000 22.00000 34.00000 30.00000 16.00000 12.00000 9.00000 6.00000 7.00000 9.00000 53.00000
55.00000 15.00000 55.00000 5.00000 43.00000 12.00000 14.00000 29.00000 6.00000 20.00000 7.00000 18.00000 7.00000 13.00000 5.00000 0.00000 8.00000 14.00000 42.00000 6.00000 7.00000 21.00000 39.00000 40.00000 25.00000 23.00000 8.00000 3.00000 21.00000 14.00000 15.00000 44.00000 17.00000 14.00000 7.00000 34.00000 5.00000 4.00000 13.00000 5.00000 6.00000 17.00000 19.00000 36.00000 32.00000 14.00000 15.00000 11.00000 7.00000 6.00000 6.00000 55.00000
50.00000 19.00000 50.00000 11.00000 42.00000 18.00000 19.00000 27.00000 10.00000 23.00000 7.00000 21.00000 13.00000 12.00000 6.00000 8.00000 0.00000 13.00000 42.00000 12.00000 11.00000 25.00000 38.00000 39.00000 24.00000 21.00000 3.00000 5.00000 25.00000 18.00000 21.00000 42.00000 16.00000 18.00000 11.00000 34.00000 7.00000 7.00000 16.00000 11.00000 6.00000 16.00000 25.00000 36.00000 31.00000 18.00000 14.00000 7.00000 7.00000 10.00000 12.00000 50.00000
50.00000 14.00000 50.00000 17.00000 33.00000 16.00000 18.00000 19.00000 13.00000 14.00000 17.00000 13.00000 19.00000 6.00000 13.00000 15.00000 14.00000 0.00000 32.00000 18.00000 18.00000 17.00000 28.00000 30.00000 14.00000 13.00000 14.00000 12.00000 16.00000 12.00000 19.00000 34.00000 6.00000 17.00000 11.00000 25.00000 14.00000 14.00000 10.00000 18.00000 15.00000 7.00000 19.00000 26.00000 22.00000 15.00000 5.00000 13.00000 11.00000 13.00000 18.00000 50.00000
30.00000 32.00000 30.00000 42.00000 8.00000 36.00000 35.00000 22.00000 39.00000 27.00000 44.00000 27.00000 44.00000 32.00000 40.00000 41.00000 40.00000 31.00000 0.00000 43.00000 44.00000 29.00000 8.00000 10.00000 20.00000 29.00000 41.00000 39.00000 28.00000 31.00000 38.00000 13.00000 28.00000 33.00000 37.00000 14.00000 41.00000 40.00000 31.00000 44.00000 42.00000 33.00000 32.00000 12.00000 18.00000 33.00000 31.00000 39.00000 38.00000 39.00000 43.00000 30.00000
60.00000 16.00000 60.00000 5.00000 46.00000 12.00000 15.00000 32.00000 7.00000 21.00000 9.00000 19.00000 3.00000 15.00000 10.00000 6.00000 12.00000 17.00000 44.00000 0.00000 7.00000 22.00000 40.00000 41.00000 26.00000 26.00000 12.00000 8.00000 23.00000 15.00000 15.00000 47.00000 19.00000 15.00000 8.00000 36.00000 10.00000 8.00000 14.00000 8.00000 11.00000 20.00000 19.00000 38.00000 33.00000 15.00000 18.00000 15.00000 11.00000 7.00000 6.00000 60.00000
55.00000 17.00000 55.00000 3.00000 46.00000 15.00000 17.00000 32.00000 8.00000 22.00000 4.00000 20.00000 7.00000 16.00000 8.00000 7.00000 9.00000 17.00000 45.00000 7.00000 0.00000 21.00000 41.00000 43.00000 27.00000 26.00000 11.00000 6.00000 24.00000 17.00000 17.00000 47.00000 20.00000 17.00000 10.00000 36.00000 10.00000 9.00000 16.00000 5.00000 9.00000 20.00000 19.00000 39.00000 33.00000 17.00000 18.00000 14.00000 11.00000 8.00000 4.00000 55.00000
50.00000 8.00000 50.00000 20.00000 30.00000 10.00000 9.00000 24.00000 17.00000 4.00000 21.00000 5.00000 22.00000 13.00000 21.00000 19.00000 22.00000 16.00000 27.00000 20.00000 20.00000 0.00000 24.00000 25.00000 9.00000 21.00000 23.00000 21.00000 5.00000 9.00000 12.00000 33.00000 13.00000 9.00000 18.00000 17.00000 23.00000 19.00000 11.00000 22.00000 24.00000 18.00000 6.00000 21.00000 15.00000 9.00000 16.00000 21.00000 20.00000 17.00000 21.00000 50.00000
33.00000 28.00000 33.00000 38.00000 11.00000 32.00000 32.00000 24.00000 35.00000 23.00000 40.00000 23.00000 41.00000 28.00000 36.00000 37.00000 37.00000 27.00000 8.00000 39.00000 40.00000 25.00000 0.00000 3.00000 17.00000 31.00000 37.00000 35.00000 24.00000 28.00000 34.00000 16.00000 25.00000 30.00000 33.00000 11.00000 37.00000 37.00000 27.00000 40.00000 38.00000 29.00000 28.00000 8.00000 14.00000 29.00000 27.00000 36.00000 34.00000 35.00000 40.00000 33.00000
32.00000 29.00000 32.00000 40.00000 13.00000 33.00000 33.00000 25.00000 37.00000 25.00000 42.00000 25.00000 42.00000 30.00000 37.00000 39.00000 38.00000 29.00000 10.00000 41.00000 42.00000 27.00000 3.00000 0.00000 18.00000 33.00000 39.00000 37.00000 26.00000 29.00000 36.00000 18.00000 26.00000 31.00000 35.00000 12.00000 39.00000 38.00000 29.00000 42.00000 40.00000 31.00000 30.00000 10.00000 15.00000 31.00000 29.00000 37.00000 36.00000 37.00000 41.00000 32.00000
45.00000 12.00000 45.00000 22.00000 25.00000 16.00000 17.00000 20.00000 19.00000 10.00000 24.00000 9.00000 24.00000 12.00000 20.00000 21.00000 20.00000 11.00000 23.00000 23.00000 24.00000 12.00000 19.00000 21.00000 0.00000 16.00000 21.00000 19.00000 11.00000 11.00000 18.00000 28.00000 8.00000 16.00000 17.00000 16.00000 21.00000 20.00000 11.00000 24.00000 22.00000 13.00000 16.00000 17.00000 13.00000 14.00000 11.00000 19.00000 18.00000 19.00000 23.00000 45.00000
42.00000 21.00000 42.00000 26.00000 26.00000 23.00000 25.00000 12.00000 22.00000 19.00000 25.00000 18.00000 28.00000 15.00000 20.00000 23.00000 21.00000 12.00000 30.00000 27.00000 26.00000 21.00000 32.00000 33.00000 19.00000 0.00000 22.00000 20.00000 21.00000 19.00000 26.00000 26.00000 10.00000 24.00000 19.00000 29.00000 22.00000 21.00000 18.00000 26.00000 23.00000 12.00000 25.00000 30.00000 26.00000 22.00000 10.00000 20.00000 19.00000 22.00000 27.00000 42.00000
52.00000 19.00000 52.00000 11.00000 41.00000 18.00000 19.00000 27.00000 10.00000 23.00000 9.00000 21.00000 13.00000 12.00000 5.00000 8.00000 3.00000 13.00000 41.00000 12.00000 11.00000 24.00000 38.00000 39.00000 24.00000 21.00000 0.00000 5.00000 24.00000 18.00000 21.00000 42.00000 16.00000 18.00000 10.00000 34.00000 7.00000 7.00000 16.00000 11.00000 5.00000 16.00000 25.00000 35.00000 31.00000 18.00000 14.00000 7.00000 7.00000 10.00000 12.00000 52.00000
53.00000 16.00000 53.00000 7.00000 40.00000 14.00000 16.00000 26.00000 7.00000 21.00000 5.00000 19.00000 9.00000 10.00000 2.00000 4.00000 5.00000 11.00000 40.00000 8.00000 6.00000 22.00000 36.00000 38.00000 22.00000 20.00000 5.00000 0.00000 22.00000 15.00000 17.00000 41.00000 14.00000 15.00000 7.00000 33.00000 4.00000 5.00000 14.00000 7.00000 3.00000 14.00000 21.00000 34.00000 30.00000 15.00000 12.00000 8.00000 5.00000 7.00000 8.00000 53.00000
49.00000 11.00000 49.00000 23.00000 29.00000 15.00000 14.00000 24.00000 20.00000 4.00000 26.00000 5.00000 26.00000 16.00000 24.00000 22.00000 25.00000 16.00000 26.00000 24.00000 25.00000 6.00000 23.00000 24.00000 8.00000 21.00000 25.00000 23.00000 0.00000 11.00000 17.00000 32.00000 13.00000 12.00000 20.00000 15.00000 25.00000 22.00000 13.00000 25.00000 26.00000 18.00000 10.00000 19.00000 12.00000 12.00000 16.00000 23.00000 22.00000 20.00000 25.00000 49.00000
53.00000 2.00000 53.00000 15.00000 33.00000 8.00000 10.00000 25.00000 11.00000 9.00000 18.00000 7.00000 17.00000 9.00000 16.00000 14.00000 18.00000 12.00000 30.00000 15.00000 17.00000 10.00000 27.00000 28.00000 12.00000 19.00000 18.00000 16.00000 11.00000 0.00000 11.00000 36.00000 10.00000 8.00000 12.00000 23.00000 17.00000 13.00000 5.00000 16.00000 18.00000 15.00000 11.00000 24.00000 20.00000 6.00000 13.00000 17.00000 14.00000 11.00000 16.00000 53.00000
61.00000 12.00000 61.00000 15.00000 41.00000 6.00000 6.00000 33.00000 14.00000 15.00000 16.00000 13.00000 18.00000 16.00000 18.00000 15.00000 21.00000 20.00000 38.00000 16.00000 15.00000 14.00000 34.00000 36.00000 20.00000 28.00000 21.00000 17.00000 16.00000 11.00000 0.00000 44.00000 19.00000 7.00000 15.00000 28.00000 19.00000 16.00000 14.00000 17.00000 20.00000 24.00000 11.00000 32.00000 25.00000 9.00000 22.00000 24.00000 19.00000 14.00000 16.00000 61.00000
23.00000 36.00000 23.00000 47.00000 7.00000 40.00000 40.00000 21.00000 43.00000 32.00000 45.00000 32.00000 49.00000 36.00000 42.00000 44.00000 42.00000 33.00000 13.00000 48.00000 47.00000 34.00000 16.00000 17.00000 25.00000 25.00000 43.00000 41.00000 33.00000 36.00000 43.00000 0.00000 32.00000 38.00000 41.00000 22.00000 43.00000 43.00000 36.00000 47.00000 44.00000 34.00000 37.00000 20.00000 24.00000 37.00000 32.00000 41.00000 40.00000 43.00000 48.00000 23.00000
49.00000 13.00000 49.00000 18.00000 31.00000 16.00000 17.00000 17.00000 15.00000 11.00000 20.00000 10.00000 20.00000 8.00000 15.00000 17.00000 16.00000 6.00000 28.00000 19.00000 20.00000 13.00000 24.00000 26.00000 10.00000 11.00000 17.00000 15.00000 12.00000 11.00000 19.00000 32.00000 0.00000 16.00000 13.00000 21.00000 17.00000 16.00000 11.00000 20.00000 18.00000 7.00000 17.00000 22.00000 18.00000 14.00000 5.00000 15.00000 14.00000 15.00000 19.00000 49.00000
57.00000 7.00000 57.00000 14.00000 36.00000 4.00000 4.00000 30.00000 11.00000 11.00000 17.00000 9.00000 16.00000 12.00000 15.00000 13.00000 17.00000 16.00000 34.00000 14.00000 16.00000 11.00000 30.00000 32.00000 16.00000 24.00000 17.00000 15.00000 12.00000 7.00000 6.00000 40.00000 15.00000 0.00000 11.00000 25.00000 17.00000 12.00000 9.00000 16.00000 18.00000 20.00000 10.00000 28.00000 22.00000 4.00000 18.00000 20.00000 15.00000 11.00000 15.00000 57.00000
57.00000 13.00000 57.00000 7.00000 40.00000 12.00000 13.00000 26.00000 4.00000 18.00000 11.00000 16.00000 9.00000 9.00000 8.00000 6.00000 10.00000 11.00000 39.00000 8.00000 9.00000 19.00000 35.00000 37.00000 21.00000 20.00000 9.00000 8.00000 20.00000 12.00000 15.00000 41.00000 13.00000 12.00000 0.00000 32.00000 9.00000 5.00000 9.00000 9.00000 10.00000 14.00000 19.00000 33.00000 29.00000 12.00000 12.00000 12.00000 7.00000 4.00000 9.00000 57.00000
39.00000 23.00000 39.00000 35.00000 18.00000 26.00000 25.00000 25.00000 32.00000 17.00000 37.00000 18.00000 37.00000 25.00000 32.00000 34.00000 33.00000 24.00000 15.00000 36.00000 36.00000 17.00000 11.00000 12.00000 13.00000 29.00000 34.00000 32.00000 16.00000 24.00000 28.00000 22.00000 21.00000 25.00000 30.00000 0.00000 34.00000 33.00000 24.00000 37.00000 35.00000 26.00000 20.00000 5.00000 5.00000 24.00000 24.00000 32.00000 31.00000 32.00000 36.00000 39.00000
58.00000 15.00000 58.00000 7.00000 45.00000 14.00000 15.00000 31.00000 6.00000 20.00000 10.00000 19.00000 10.00000 15.00000 8.00000 5.00000 10.00000 16.00000 43.00000 8.00000 10.00000 22.00000 39.00000 41.00000 25.00000 25.00000 10.00000 7.00000 22.00000 15.00000 18.00000 46.00000 19.00000 15.00000 7.00000 35.00000 0.00000 5.00000 14.00000 8.00000 10.00000 19.00000 21.00000 37.00000 32.00000 15.00000 17.00000 13.00000 9.00000 6.00000 9.00000 58.00000
54.00000 14.00000 54.00000 7.00000 41.00000 14.00000 14.00000 27.00000 5.00000 19.00000 9.00000 18.00000 9.00000 12.00000 5.00000 4.00000 7.00000 12.00000 41.00000 7.00000 9.00000 21.00000 37.00000 39.00000 23.00000 21.00000 7.00000 5.00000 21.00000 14.00000 17.00000 42.00000 15.00000 14.00000 6.00000 34.00000 7.00000 0.00000 13.00000 7.00000 7.00000 15.00000 20.00000 35.00000 31.00000 14.00000 13.00000 9.00000 4.00000 5.00000 8.00000 54.00000
56.00000 6.00000 56.00000 13.00000 36.00000 10.00000 12.00000 24.00000 10.00000 12.00000 16.00000 10.00000 15.00000 5.00000 14.00000 12.00000 15.00000 9.00000 33.00000 14.00000 15.00000 14.00000 29.00000 31.00000 15.00000 19.00000 15.00000 14.00000 14.00000 5.00000 13.00000 39.00000 10.00000 11.00000 9.00000 26.00000 16.00000 11.00000 0.00000 15.00000 17.00000 13.00000 14.00000 27.00000 23.00000 9.00000 11.00000 14.00000 10.00000 10.00000 14.00000 56.00000
56.00000 17.00000 56.00000 4.00000 46.00000 14.00000 17.00000 32.00000 8.00000 22.00000 5.00000 20.00000 8.00000 16.00000 7.00000 6.00000 11.00000 17.00000 45.00000 7.00000 5.00000 23.00000 41.00000 42.00000 27.00000 26.00000 11.00000 6.00000 23.00000 16.00000 17.00000 47.00000 20.00000 16.00000 9.00000 36.00000 9.00000 7.00000 15.00000 0.00000 9.00000 20.00000 21.00000 39.00000 34.00000 16.00000 18.00000 14.00000 11.00000 8.00000 4.00000 56.00000
51.00000 17.00000 51.00000 10.00000 42.00000 17.00000 18.00000 28.00000 8.00000 23.00000 7.00000 21.00000 12.00000 13.00000 4.00000 7.00000 4.00000 14.00000 42.00000 11.00000 9.00000 24.00000 38.00000 40.00000 24.00000 22.00000 4.00000 4.00000 24.00000 17.00000 20.00000 43.00000 16.00000 17.00000 9.00000 35.00000 6.00000 7.00000 16.00000 9.00000 0.00000 17.00000 24.00000 36.00000 32.00000 17.00000 14.00000 8.00000 7.00000 8.00000 11.00000 51.00000
50.00000 15.00000 50.00000 20.00000 33.00000 18.00000 20.00000 18.00000 17.00000 15.00000 19.00000 13.00000 22.00000 10.00000 15.00000 17.00000 16.00000 6.00000 33.00000 21.00000 20.00000 17.00000 29.00000 30.00000 15.00000 12.00000 16.00000 14.00000 16.00000 14.00000 21.00000 34.00000 7.00000 19.00000 14.00000 25.00000 16.00000 16.00000 13.00000 20.00000 17.00000 0.00000 20.00000 27.00000 22.00000 17.00000 5.00000 14.00000 13.00000 17.00000 21.00000 50.00000
54.00000 9.00000 54.00000 19.00000 33.00000 9.00000 7.00000 28.00000 16.00000 8.00000 19.00000 8.00000 20.00000 16.00000 21.00000 18.00000 24.00000 18.00000 31.00000 19.00000 18.00000 6.00000 27.00000 28.00000 12.00000 25.00000 24.00000 20.00000 9.00000 10.00000 10.00000 37.00000 16.00000 8.00000 18.00000 20.00000 22.00000 19.00000 12.00000 20.00000 23.00000 21.00000 0.00000 24.00000 17.00000 9.00000 19.00000 24.00000 22.00000 17.00000 20.00000 54.00000
37.00000 25.00000 37.00000 36.00000 15.00000 29.00000 27.00000 22.00000 33.00000 19.00000 38.00000 20.00000 38.00000 26.00000 34.00000 35.00000 35.00000 25.00000 12.00000 37.00000 38.00000 20.00000 8.00000 10.00000 15.00000 29.00000 35.00000 33.00000 18.00000 26.00000 30.00000 20.00000 22.00000 27.00000 31.00000 4.00000 35.00000 34.00000 25.00000 38.00000 36.00000 27.00000 22.00000 0.00000 7.00000 26.00000 25.00000 34.00000 32.00000 33.00000 38.00000 37.00000
41.00000 20.00000 41.00000 32.00000 20.00000 23.00000 22.00000 23.00000 29.00000 14.00000 34.00000 15.00000 35.00000 22.00000 30.00000 31.00000 31.00000 21.00000 17.00000 33.00000 33.00000 14.00000 13.00000 15.00000 11.00000 27.00000 31.00000 30.00000 13.00000 21.00000 25.00000 24.00000 19.00000 22.00000 28.00000 5.00000 31.00000 31.00000 21.00000 34.00000 32.00000 23.00000 16.00000 9.00000 0.00000 21.00000 21.00000 30.00000 28.00000 29.00000 34.00000 41.00000
54.00000 4.00000 54.00000 14.00000 34.00000 6.00000 6.00000 27.00000 11.00000 9.00000 18.00000 7.00000 16.00000 11.00000 16.00000 13.00000 17.00000 14.00000 32.00000 15.00000 16.00000 9.00000 28.00000 29.00000 13.00000 21.00000 17.00000 15.00000 10.00000 5.00000 9.00000 38.00000 13.00000 4.00000 11.00000 23.00000 17.00000 13.00000 7.00000 16.00000 18.00000 17.00000 9.00000 26.00000 20.00000 0.00000 15.00000 19.00000 16.00000 11.00000 16.00000 54.00000
49.00000 13.00000 49.00000 18.00000 32.00000 15.00000 17.00000 18.00000 15.00000 12.00000 19.00000 10.00000 20.00000 8.00000 15.00000 17.00000 16.00000 6.00000 30.00000 19.00000 20.00000 14.00000 26.00000 27.00000 12.00000 12.00000 16.00000 14.00000 14.00000 11.00000 18.00000 33.00000 4.00000 16.00000 13.00000 23.00000 16.00000 16.00000 11.00000 20.00000 17.00000 7.00000 17.00000 24.00000 20.00000 14.00000 0.00000 15.00000 13.00000 15.00000 19.00000 49.00000
51.00000 18.00000 51.00000 14.00000 41.00000 21.00000 22.00000 26.00000 13.00000 22.00000 13.00000 20.00000 16.00000 11.00000 8.00000 11.00000 7.00000 12.00000 40.00000 15.00000 14.00000 23.00000 37.00000 38.00000 23.00000 20.00000 7.00000 8.00000 23.00000 17.00000 24.00000 41.00000 15.00000 21.00000 13.00000 33.00000 10.00000 10.00000 15.00000 14.00000 9.00000 15.00000 24.00000 34.00000 30.00000 20.00000 13.00000 0.00000 9.00000 13.00000 15.00000 51.00000
53.00000 15.00000 53.00000 10.00000 39.00000 17.00000 18.00000 24.00000 9.00000 20.00000 10.00000 18.00000 12.00000 9.00000 6.00000 7.00000 7.00000 10.00000 39.00000 11.00000 11.00000 22.00000 35.00000 36.00000 21.00000 19.00000 7.00000 5.00000 22.00000 13.00000 20.00000 40.00000 13.00000 17.00000 7.00000 31.00000 7.00000 4.00000 11.00000 11.00000 8.00000 13.00000 22.00000 33.00000 28.00000 17.00000 11.00000 9.00000 0.00000 9.00000 11.00000 53.00000
58.00000 11.00000 58.00000 7.00000 42.00000 10.00000 11.00000 28.00000 2.00000 16.00000 10.00000 14.00000 9.00000 10.00000 9.00000 6.00000 10.00000 13.00000 39.00000 7.00000 9.00000 17.00000 35.00000 36.00000 21.00000 23.00000 10.00000 8.00000 18.00000 10.00000 13.00000 44.00000 14.00000 10.00000 4.00000 31.00000 10.00000 6.00000 9.00000 9.00000 11.00000 17.00000 17.00000 33.00000 28.00000 10.00000 15.00000 13.00000 9.00000 0.00000 8.00000 58.00000
58.00000 17.00000 58.00000 3.00000 47.00000 14.00000 17.00000 33.00000 8.00000 22.00000 6.00000 20.00000 7.00000 17.00000 9.00000 7.00000 12.00000 19.00000 45.00000 6.00000 4.00000 23.00000 41.00000 42.00000 27.00000 27.00000 13.00000 8.00000 23.00000 16.00000 17.00000 48.00000 21.00000 16.00000 9.00000 36.00000 11.00000 9.00000 15.00000 4.00000 11.00000 22.00000 21.00000 39.00000 34.00000 16.00000 19.00000 15.00000 12.00000 8.00000 0.00000 58.00000
0.00000 53.00000 0.00000 59.00000 23.00000 57.00000 57.00000 38.00000 58.00000 48.00000 54.00000 48.00000 62.00000 53.00000 54.00000 57.00000 53.00000 49.00000 29.00000 60.00000 58.00000 50.00000 33.00000 32.00000 42.00000 41.00000 55.00000 54.00000 49.00000 53.00000 60.00000 23.00000 48.00000 55.00000 57.00000 39.00000 56.00000 56.00000 52.00000 59.00000 53.00000 49.00000 54.00000 36.00000 40.00000 54.00000 47.00000 53.00000 55.00000 58.00000 60.00000 0.00000
p
0.0 0.0 0.0 0.0 0.0 0.0 
0.0 0.0 0.0 0.0 0.0 0.0 
0.0 0.0 0.0 0.0 0.0 0.0 
0.0 0.0 0.0 0.0 0.0 0.0 
0.0 0.0 0.0 0.0 0.0 0.0 
0.0 0.0 0.0 0.0 0.0 0.0 
0.0 0.0 0.0 0.0 0.0 0.0 
0.0 0.0 0.0 0.0 0.0 0.0 
0.0 0.0 0.0 0.0 0.0 0.0 
0.0 0.0 0.0 0.0 0.0 0.0 
0 52 0 49 0 0 
0 52 0 49 0 0 
0 52 0 49 0 0 
0 52 0 49 0 0 
0 52 0 49 0 0 
0 52 0 49 0 0 
0 52 0 49 0 0 
0 52 0 49 0 0 
0 52 0 49 0 0 
0 52 0 49 0 0 
0 0 0 0 30 0 
0 0 0 0 30 0 
0 0 0 0 30 0 
0 0 0 0 30 0 
0 0 0 0 30 0 
0 0 0 0 30 0 
0 0 0 0 30 0 
0 0 0 0 30 0 
0 0 0 0 30 0 
0 0 0 0 30 0 
0 53 0 0 0 0 
0 53 0 0 0 0 
0 53 0 0 0 0 
0 53 0 0 0 0 
0 53 0 0 0 0 
0 53 0 0 0 0 
0 53 0 0 0 0 
0 53 0 0 0 0 
0 53 0 0 0 0 
0 53 0 0 0 0 
0 37 0 0 0 0 
0 37 0 0 0 0 
0 37 0 0 0 0 
0 37 0 0 0 0 
0 37 0 0 0 0 
0 37 0 0 0 0 
0 37 0 0 0 0 
0 37 0 0 0 0 
0 37 0 0 0 0 
0 37 0 0 0 0 
0 0 0 23 0 0 
0 0 0 23 0 0 
0 0 0 23 0 0 
0 0 0 23 0 0 
0 0 0 23 0 0 
0 0 0 23 0 0 
0 0 0 23 0 0 
0 0 0 23 0 0 
0 0 0 23 0 0 
0 0 0 23 0 0 
0 0 17 0 0 46 
0 0 17 0 0 46 
0 0 17 0 0 46 
0 0 17 0 0 46 
0 0 17 0 0 46 
0 0 17 0 0 46 
0 0 17 0 0 46 
0 0 17 0 0 46 
0 0 17 0 0 46 
0 0 17 0 0 46 
0 15 0 48 0 0 
0 15 0 48 0 0 
0 15 0 48 0 0 
0 15 0 48 0 0 
0 15 0 48 0 0 
0 15 0 48 0 0 
0 15 0 48 0 0 
0 15 0 48 0 0 
0 15 0 48 0 0 
0 15 0 48 0 0 
0 18 0 35 0 0 
0 18 0 35 0 0 
0 18 0 35 0 0 
0 18 0 35 0 0 
0 18 0 35 0 0 
0 18 0 35 0 0 
0 18 0 35 0 0 
0 18 0 35 0 0 
0 18 0 35 0 0 
0 18 0 35 0 0 
0 0 0 0 0 52 
0 0 0 0 0 52 
0 0 0 0 0 52 
0 0 0 0 0 52 
0 0 0 0 0 52 
0 0 0 0 0 52 
0 0 0 0 0 52 
0 0 0 0 0 52 
0 0 0 0 0 52 
0 0 0 0 0 52 
0 0 59 0 0 0 
0 0 59 0 0 0 
0 0 59 0 0 0 
0 0 59 0 0 0 
0 0 59 0 0 0 
0 0 59 0 0 0 
0 0 59 0 0 0 
0 0 59 0 0 0 
0 0 59 0 0 0 
0 0 59 0 0 0 
0 38 0 0 0 0 
0 38 0 0 0 0 
0 38 0 0 0 0 
0 38 0 0 0 0 
0 38 0 0 0 0 
0 38 0 0 0 0 
0 38 0 0 0 0 
0 38 0 0 0 0 
0 38 0 0 0 0 
0 38 0 0 0 0 
0 59 0 0 0 0 
0 59 0 0 0 0 
0 59 0 0 0 0 
0 59 0 0 0 0 
0 59 0 0 0 0 
0 59 0 0 0 0 
0 59 0 0 0 0 
0 59 0 0 0 0 
0 59 0 0 0 0 
0 59 0 0 0 0 
0 0 48 0 0 0 
0 0 48 0 0 0 
0 0 48 0 0 0 
0 0 48 0 0 0 
0 0 48 0 0 0 
0 0 48 0 0 0 
0 0 48 0 0 0 
0 0 48 0 0 0 
0 0 48 0 0 0 
0 0 48 0 0 0 
0 56 0 0 0 0 
0 56 0 0 0 0 
0 56 0 0 0 0 
0 56 0 0 0 0 
0 56 0 0 0 0 
0 56 0 0 0 0 
0 56 0 0 0 0 
0 56 0 0 0 0 
0 56 0 0 0 0 
0 56 0 0 0 0 
0 40 0 0 0 0 
0 40 0 0 0 0 
0 40 0 0 0 0 
0 40 0 0 0 0 
0 40 0 0 0 0 
0 40 0 0 0 0 
0 40 0 0 0 0 
0 40 0 0 0 0 
0 40 0 0 0 0 
0 40 0 0 0 0 
0 40 0 0 0 0 
0 40 0 0 0 0 
0 40 0 0 0 0 
0 40 0 0 0 0 
0 40 0 0 0 0 
0 40 0 0 0 0 
0 40 0 0 0 0 
0 40 0 0 0 0 
0 40 0 0 0 0 
0 40 0 0 0 0 
0 0 0 0 0 31 
0 0 0 0 0 31 
0 0 0 0 0 31 
0 0 0 0 0 31 
0 0 0 0 0 31 
0 0 0 0 0 31 
0 0 0 0 0 31 
0 0 0 0 0 31 
0 0 0 0 0 31 
0 0 0 0 0 31 
0 30 0 0 0 29 
0 30 0 0 0 29 
0 30 0 0 0 29 
0 30 0 0 0 29 
0 30 0 0 0 29 
0 30 0 0 0 29 
0 30 0 0 0 29 
0 30 0 0 0 29 
0 30 0 0 0 29 
0 30 0 0 0 29 
40 0 0 21 0 0 
40 0 0 21 0 0 
40 0 0 21 0 0 
40 0 0 21 0 0 
40 0 0 21 0 0 
40 0 0 21 0 0 
40 0 0 21 0 0 
40 0 0 21 0 0 
40 0 0 21 0 0 
40 0 0 21 0 0 
0 0 0 0 17 0 
0 0 0 0 17 0 
0 0 0 0 17 0 
0 0 0 0 17 0 
0 0 0 0 17 0 
0 0 0 0 17 0 
0 0 0 0 17 0 
0 0 0 0 17 0 
0 0 0 0 17 0 
0 0 0 0 17 0 
0 0 0 0 33 0 
0 0 0 0 33 0 
0 0 0 0 33 0 
0 0 0 0 33 0 
0 0 0 0 33 0 
0 0 0 0 33 0 
0 0 0 0 33 0 
0 0 0 0 33 0 
0 0 0 0 33 0 
0 0 0 0 33 0 
0 23 0 0 0 0 
0 23 0 0 0 0 
0 23 0 0 0 0 
0 23 0 0 0 0 
0 23 0 0 0 0 
0 23 0 0 0 0 
0 23 0 0 0 0 
0 23 0 0 0 0 
0 23 0 0 0 0 
0 23 0 0 0 0 
0 0 0 0 0 41 
0 0 0 0 0 41 
0 0 0 0 0 41 
0 0 0 0 0 41 
0 0 0 0 0 41 
0 0 0 0 0 41 
0 0 0 0 0 41 
0 0 0 0 0 41 
0 0 0 0 0 41 
0 0 0 0 0 41 
0 0 0 0 52 0 
0 0 0 0 52 0 
0 0 0 0 52 0 
0 0 0 0 52 0 
0 0 0 0 52 0 
0 0 0 0 52 0 
0 0 0 0 52 0 
0 0 0 0 52 0 
0 0 0 0 52 0 
0 0 0 0 52 0 
0 0 19 0 0 0 
0 0 19 0 0 0 
0 0 19 0 0 0 
0 0 19 0 0 0 
0 0 19 0 0 0 
0 0 19 0 0 0 
0 0 19 0 0 0 
0 0 19 0 0 0 
0 0 19 0 0 0 
0 0 19 0 0 0 
0 34 0 25 0 0 
0 34 0 25 0 0 
0 34 0 25 0 0 
0 34 0 25 0 0 
0 34 0 25 0 0 
0 34 0 25 0 0 
0 34 0 25 0 0 
0 34 0 25 0 0 
0 34 0 25 0 0 
0 34 0 25 0 0 
0 0 0 0 28 0 
0 0 0 0 28 0 
0 0 0 0 28 0 
0 0 0 0 28 0 
0 0 0 0 28 0 
0 0 0 0 28 0 
0 0 0 0 28 0 
0 0 0 0 28 0 
0 0 0 0 28 0 
0 0 0 0 28 0 
0 0 0 0 0 19 
0 0 0 0 0 19 
0 0 0 0 0 19 
0 0 0 0 0 19 
0 0 0 0 0 19 
0 0 0 0 0 19 
0 0 0 0 0 19 
0 0 0 0 0 19 
0 0 0 0 0 19 
0 0 0 0 0 19 
0 36 0 40 0 0 
0 36 0 40 0 0 
0 36 0 40 0 0 
0 36 0 40 0 0 
0 36 0 40 0 0 
0 36 0 40 0 0 
0 36 0 40 0 0 
0 36 0 40 0 0 
0 36 0 40 0 0 
0 36 0 40 0 0 
0 20 0 0 0 40 
0 20 0 0 0 40 
0 20 0 0 0 40 
0 20 0 0 0 40 
0 20 0 0 0 40 
0 20 0 0 0 40 
0 20 0 0 0 40 
0 20 0 0 0 40 
0 20 0 0 0 40 
0 20 0 0 0 40 
0 29 0 51 0 0 
0 29 0 51 0 0 
0 29 0 51 0 0 
0 29 0 51 0 0 
0 29 0 51 0 0 
0 29 0 51 0 0 
0 29 0 51 0 0 
0 29 0 51 0 0 
0 29 0 51 0 0 
0 29 0 51 0 0 
0 0 0 15 0 0 
0 0 0 15 0 0 
0 0 0 15 0 0 
0 0 0 15 0 0 
0 0 0 15 0 0 
0 0 0 15 0 0 
0 0 0 15 0 0 
0 0 0 15 0 0 
0 0 0 15 0 0 
0 0 0 15 0 0 
0 22 0 30 0 0 
0 22 0 30 0 0 
0 22 0 30 0 0 
0 22 0 30 0 0 
0 22 0 30 0 0 
0 22 0 30 0 0 
0 22 0 30 0 0 
0 22 0 30 0 0 
0 22 0 30 0 0 
0 22 0 30 0 0 
0 0 0 0 26 0 
0 0 0 0 26 0 
0 0 0 0 26 0 
0 0 0 0 26 0 
0 0 0 0 26 0 
0 0 0 0 26 0 
0 0 0 0 26 0 
0 0 0 0 26 0 
0 0 0 0 26 0 
0 0 0 0 26 0 
0 0 49 0 18 0 
0 0 49 0 18 0 
0 0 49 0 18 0 
0 0 49 0 18 0 
0 0 49 0 18 0 
0 0 49 0 18 0 
0 0 49 0 18 0 
0 0 49 0 18 0 
0 0 49 0 18 0 
0 0 49 0 18 0 
0 0 0 0 50 0 
0 0 0 0 50 0 
0 0 0 0 50 0 
0 0 0 0 50 0 
0 0 0 0 50 0 
0 0 0 0 50 0 
0 0 0 0 50 0 
0 0 0 0 50 0 
0 0 0 0 50 0 
0 0 0 0 50 0 
0 16 0 36 0 0 
0 16 0 36 0 0 
0 16 0 36 0 0 
0 16 0 36 0 0 
0 16 0 36 0 0 
0 16 0 36 0 0 
0 16 0 36 0 0 
0 16 0 36 0 0 
0 16 0 36 0 0 
0 16 0 36 0 0 
0 0 29 0 0 0 
0 0 29 0 0 0 
0 0 29 0 0 0 
0 0 29 0 0 0 
0 0 29 0 0 0 
0 0 29 0 0 0 
0 0 29 0 0 0 
0 0 29 0 0 0 
0 0 29 0 0 0 
0 0 29 0 0 0 
0 43 0 44 0 0 
0 43 0 44 0 0 
0 43 0 44 0 0 
0 43 0 44 0 0 
0 43 0 44 0 0 
0 43 0 44 0 0 
0 43 0 44 0 0 
0 43 0 44 0 0 
0 43 0 44 0 0 
0 43 0 44 0 0 
0 0 0 0 16 0 
0 0 0 0 16 0 
0 0 0 0 16 0 
0 0 0 0 16 0 
0 0 0 0 16 0 
0 0 0 0 16 0 
0 0 0 0 16 0 
0 0 0 0 16 0 
0 0 0 0 16 0 
0 0 0 0 16 0 
0 0 46 0 0 0 
0 0 46 0 0 0 
0 0 46 0 0 0 
0 0 46 0 0 0 
0 0 46 0 0 0 
0 0 46 0 0 0 
0 0 46 0 0 0 
0 0 46 0 0 0 
0 0 46 0 0 0 
0 0 46 0 0 0 
0 0 0 0 0 36 
0 0 0 0 0 36 
0 0 0 0 0 36 
0 0 0 0 0 36 
0 0 0 0 0 36 
0 0 0 0 0 36 
0 0 0 0 0 36 
0 0 0 0 0 36 
0 0 0 0 0 36 
0 0 0 0 0 36 
0 53 0 0 0 0 
0 53 0 0 0 0 
0 53 0 0 0 0 
0 53 0 0 0 0 
0 53 0 0 0 0 
0 53 0 0 0 0 
0 53 0 0 0 0 
0 53 0 0 0 0 
0 53 0 0 0 0 
0 53 0 0 0 0 
0 0 0 46 0 0 
0 0 0 46 0 0 
0 0 0 46 0 0 
0 0 0 46 0 0 
0 0 0 46 0 0 
0 0 0 46 0 0 
0 0 0 46 0 0 
0 0 0 46 0 0 
0 0 0 46 0 0 
0 0 0 46 0 0 
0 0 0 0 37 0 
0 0 0 0 37 0 
0 0 0 0 37 0 
0 0 0 0 37 0 
0 0 0 0 37 0 
0 0 0 0 37 0 
0 0 0 0 37 0 
0 0 0 0 37 0 
0 0 0 0 37 0 
0 0 0 0 37 0 
58 0 0 37 0 0 
58 0 0 37 0 0 
58 0 0 37 0 0 
58 0 0 37 0 0 
58 0 0 37 0 0 
58 0 0 37 0 0 
58 0 0 37 0 0 
58 0 0 37 0 0 
58 0 0 37 0 0 
58 0 0 37 0 0 
0 0 0 0 46 0 
0 0 0 0 46 0 
0 0 0 0 46 0 
0 0 0 0 46 0 
0 0 0 0 46 0 
0 0 0 0 46 0 
0 0 0 0 46 0 
0 0 0 0 46 0 
0 0 0 0 46 0 
0 0 0 0 46 0 
0 0 43 0 0 0 
0 0 43 0 0 0 
0 0 43 0 0 0 
0 0 43 0 0 0 
0 0 43 0 0 0 
0 0 43 0 0 0 
0 0 43 0 0 0 
0 0 43 0 0 0 
0 0 43 0 0 0 
0 0 43 0 0 0 
0 47 0 0 0 48 
0 47 0 0 0 48 
0 47 0 0 0 48 
0 47 0 0 0 48 
0 47 0 0 0 48 
0 47 0 0 0 48 
0 47 0 0 0 48 
0 47 0 0 0 48 
0 47 0 0 0 48 
0 47 0 0 0 48 
0 0 0 43 0 0 
0 0 0 43 0 0 
0 0 0 43 0 0 
0 0 0 43 0 0 
0 0 0 43 0 0 
0 0 0 43 0 0 
0 0 0 43 0 0 
0 0 0 43 0 0 
0 0 0 43 0 0 
0 0 0 43 0 0 
0.0 0.0 0.0 0.0 0.0 0.0 
0.0 0.0 0.0 0.0 0.0 0.0 
0.0 0.0 0.0 0.0 0.0 0.0 
0.0 0.0 0.0 0.0 0.0 0.0 
0.0 0.0 0.0 0.0 0.0 0.0 
0.0 0.0 0.0 0.0 0.0 0.0 
0.0 0.0 0.0 0.0 0.0 0.0 
0.0 0.0 0.0 0.0 0.0 0.0 
0.0 0.0 0.0 0.0 0.0 0.0 
0.0 0.0 0.0 0.0 0.0 0.0 
mind
0 0 0 0 0 0 23 19 0 0 0 0 0 0 0 0 0 0 0 10 0 0 0 0 0 0 11 0 0 0 0 0 0 19 0 0 0 14 0 10 0 0 0 0 0 0 18 0 0 0 0 0
maxd
0 0 0 0 0 0 27 28 0 0 0 0 0 0 0 0 0 0 0 28 0 0 0 0 0 0 16 0 0 0 0 0 0 23 0 0 0 15 0 19 0 0 0 0 0 0 25 0 0 0 0 0
e
0 557 600 597 696 537 733 533 825 634 778 572 633 515 532 747 638 756 885 905 649 586 638 833 597 894 904 700 856 626 619 581 677 664 555 749 920 919 486 930 865 607 798 693 923 745 759 557 626 897 794 0
l
99999 677 720 717 816 657 853 653 945 754 898 692 753 635 652 867 758 876 1005 1025 769 706 758 953 717 1014 1024 820 976 746 739 701 797 784 675 869 1040 1039 606 1050 985 727 918 813 1043 865 879 677 746 1017 914 99999
