nbNodes
52
nbVehi
10
nbServi
6
r
1 1 1 1 1 1 
0 0 1 0 0 1 
0 0 1 0 0 0 
0 1 0 0 0 0 
1 0 0 0 0 0 
0 0 1 0 1 0 
1 0 0 0 1 0 
1 0 0 0 0 0 
0 0 0 1 0 0 
0 0 1 1 0 0 
0 1 0 1 0 0 
0 1 0 0 0 0 
0 0 0 0 1 0 
0 1 0 0 0 1 
0 0 1 0 0 0 
0 1 0 0 1 0 
0 0 1 1 0 0 
0 1 0 0 1 0 
0 1 0 0 1 0 
0 0 1 0 0 0 
0 0 0 0 0 1 
0 0 1 0 0 0 
0 0 0 1 0 0 
1 0 0 0 0 0 
0 1 0 0 0 0 
0 1 0 0 0 1 
0 0 0 0 0 1 
1 0 0 0 0 0 
1 0 0 0 0 0 
0 1 0 0 0 0 
0 0 0 0 1 0 
1 0 0 0 0 0 
0 0 1 0 1 0 
0 0 0 0 1 0 
0 0 0 0 0 1 
0 0 0 1 0 0 
0 1 0 0 1 0 
0 0 0 0 0 1 
0 0 1 0 0 0 
0 1 0 0 0 0 
0 0 1 0 0 1 
0 0 0 0 0 1 
1 0 0 0 1 0 
0 0 0 0 0 1 
1 0 0 0 0 0 
1 0 0 0 0 0 
0 0 0 0 0 1 
0 0 0 0 1 0 
0 0 1 1 0 0 
0 0 1 0 0 0 
0 0 0 0 0 1 
1 1 1 1 1 1 
DS
2 6 7 10 11 14 16 17 18 19 26 33 37 41 43 49 
a
1 0 0 0 0 0 
1 1 0 0 0 0 
1 1 1 0 0 0 
1 0 1 0 0 0 
1 1 1 0 0 0 
0 0 0 1 0 1 
0 0 0 1 0 1 
0 0 0 0 1 0 
0 0 0 1 1 0 
0 0 0 1 0 1 
x
-30.0981 -30.028 -30.0993 -30.0634 -30.0626 -30.1105 -30.0697 -30.0485 -30.0623 -30.0163 -30.0768 -30.0356 -29.9867 -30.0026 -29.9966 -30.0501 -30.0053 -30.0996 -30.0077 -30.0097 -30.0162 -30.1454 -30.0093 -29.9808 -30.1035 -30.0457 -30.0543 -29.9899 -30.074 -30.0618 -30.0328 -30.0069 -30.0424 -30.215 -30.0179 -30.0978 -30.0619 -30.0119 -30.0091 -30.0432 -30.0106 -30.01 -30.0036 -30.0981 -30.0317 -30.0357 -30.0539 -30.0841 -30.0028 -30.1526 -30.0493 -30.0981
y
-51.1774 -51.211 -51.1276 -51.2026 -51.1967 -51.223 -51.1612 -51.161 -51.2294 -51.2042 -51.2258 -51.1926 -51.1346 -51.1359 -51.1465 -51.1556 -51.1318 -51.1316 -51.1212 -51.1967 -51.1976 -51.1995 -51.2016 -51.1981 -51.2488 -51.2239 -51.1685 -51.1961 -51.184 -51.2088 -51.1119 -51.1549 -51.1276 -51.1765 -51.1806 -51.2457 -51.1978 -51.112 -51.1566 -51.2299 -51.2014 -51.1587 -51.2046 -51.1774 -51.1641 -51.1076 -51.2141 -51.2098 -51.1906 -51.1427 -51.1504 -51.1774
d
0.00000 18.00000 13.00000 13.00000 11.00000 13.00000 16.00000 17.00000 15.00000 19.00000 14.00000 17.00000 31.00000 26.00000 29.00000 17.00000 28.00000 13.00000 27.00000 20.00000 19.00000 21.00000 20.00000 25.00000 17.00000 15.00000 14.00000 23.00000 11.00000 10.00000 25.00000 24.00000 22.00000 27.00000 20.00000 16.00000 11.00000 29.00000 24.00000 16.00000 20.00000 23.00000 22.00000 0.00000 19.00000 26.00000 13.00000 9.00000 21.00000 18.00000 18.00000 0.00000
18.00000 0.00000 23.00000 11.00000 11.00000 21.00000 16.00000 15.00000 11.00000 5.00000 14.00000 7.00000 19.00000 15.00000 17.00000 15.00000 16.00000 24.00000 18.00000 6.00000 6.00000 29.00000 6.00000 10.00000 18.00000 7.00000 13.00000 8.00000 15.00000 10.00000 20.00000 13.00000 17.00000 42.00000 7.00000 17.00000 10.00000 21.00000 13.00000 7.00000 5.00000 12.00000 7.00000 18.00000 12.00000 21.00000 9.00000 15.00000 7.00000 36.00000 16.00000 18.00000
13.00000 23.00000 0.00000 20.00000 18.00000 25.00000 14.00000 13.00000 23.00000 24.00000 24.00000 20.00000 28.00000 23.00000 26.00000 13.00000 23.00000 4.00000 21.00000 24.00000 23.00000 30.00000 25.00000 27.00000 27.00000 21.00000 13.00000 25.00000 18.00000 21.00000 19.00000 21.00000 17.00000 35.00000 21.00000 27.00000 18.00000 23.00000 21.00000 22.00000 24.00000 21.00000 25.00000 13.00000 18.00000 20.00000 20.00000 21.00000 22.00000 22.00000 14.00000 13.00000
13.00000 11.00000 19.00000 0.00000 4.00000 15.00000 11.00000 13.00000 10.00000 13.00000 11.00000 10.00000 26.00000 22.00000 24.00000 12.00000 23.00000 20.00000 23.00000 13.00000 12.00000 23.00000 13.00000 18.00000 15.00000 8.00000 10.00000 17.00000 10.00000 5.00000 21.00000 19.00000 18.00000 36.00000 14.00000 15.00000 4.00000 24.00000 20.00000 9.00000 13.00000 18.00000 15.00000 13.00000 15.00000 22.00000 7.00000 9.00000 15.00000 30.00000 14.00000 13.00000
11.00000 11.00000 16.00000 4.00000 0.00000 13.00000 9.00000 11.00000 9.00000 12.00000 10.00000 8.00000 25.00000 20.00000 23.00000 11.00000 22.00000 17.00000 21.00000 13.00000 11.00000 21.00000 13.00000 17.00000 14.00000 8.00000 8.00000 16.00000 7.00000 5.00000 19.00000 18.00000 16.00000 35.00000 13.00000 13.00000 1.00000 23.00000 18.00000 8.00000 12.00000 17.00000 14.00000 11.00000 13.00000 20.00000 7.00000 7.00000 14.00000 29.00000 12.00000 11.00000
13.00000 20.00000 25.00000 15.00000 13.00000 0.00000 18.00000 18.00000 15.00000 21.00000 11.00000 19.00000 32.00000 28.00000 31.00000 18.00000 29.00000 24.00000 29.00000 22.00000 21.00000 12.00000 22.00000 27.00000 7.00000 17.00000 16.00000 25.00000 13.00000 12.00000 27.00000 26.00000 24.00000 25.00000 21.00000 7.00000 13.00000 30.00000 26.00000 16.00000 22.00000 24.00000 24.00000 13.00000 20.00000 28.00000 14.00000 8.00000 22.00000 19.00000 19.00000 13.00000
18.00000 16.00000 12.00000 13.00000 11.00000 20.00000 0.00000 8.00000 16.00000 17.00000 17.00000 13.00000 23.00000 18.00000 21.00000 8.00000 20.00000 13.00000 17.00000 18.00000 16.00000 28.00000 18.00000 21.00000 20.00000 14.00000 6.00000 18.00000 10.00000 13.00000 15.00000 16.00000 13.00000 41.00000 14.00000 19.00000 11.00000 19.00000 16.00000 15.00000 18.00000 16.00000 18.00000 18.00000 12.00000 16.00000 13.00000 14.00000 15.00000 31.00000 9.00000 18.00000
18.00000 14.00000 13.00000 13.00000 11.00000 20.00000 8.00000 0.00000 16.00000 14.00000 17.00000 10.00000 16.00000 12.00000 15.00000 3.00000 13.00000 14.00000 13.00000 14.00000 13.00000 28.00000 14.00000 17.00000 20.00000 13.00000 4.00000 15.00000 11.00000 13.00000 11.00000 10.00000 8.00000 41.00000 10.00000 19.00000 11.00000 14.00000 10.00000 14.00000 14.00000 10.00000 15.00000 18.00000 6.00000 12.00000 13.00000 14.00000 12.00000 32.00000 5.00000 18.00000
14.00000 11.00000 22.00000 9.00000 9.00000 15.00000 15.00000 16.00000 0.00000 13.00000 6.00000 11.00000 26.00000 22.00000 24.00000 16.00000 23.00000 23.00000 25.00000 14.00000 13.00000 23.00000 14.00000 17.00000 10.00000 5.00000 14.00000 16.00000 12.00000 6.00000 23.00000 20.00000 21.00000 36.00000 14.00000 9.00000 9.00000 27.00000 20.00000 6.00000 13.00000 18.00000 15.00000 14.00000 17.00000 24.00000 4.00000 10.00000 15.00000 31.00000 17.00000 14.00000
19.00000 5.00000 23.00000 11.00000 11.00000 21.00000 16.00000 13.00000 12.00000 0.00000 14.00000 6.00000 16.00000 13.00000 14.00000 14.00000 14.00000 24.00000 16.00000 4.00000 4.00000 29.00000 3.00000 8.00000 19.00000 9.00000 12.00000 6.00000 15.00000 11.00000 19.00000 11.00000 16.00000 42.00000 5.00000 18.00000 10.00000 19.00000 11.00000 8.00000 3.00000 9.00000 4.00000 19.00000 10.00000 20.00000 9.00000 15.00000 5.00000 36.00000 14.00000 19.00000
14.00000 14.00000 24.00000 11.00000 10.00000 12.00000 16.00000 17.00000 6.00000 16.00000 0.00000 14.00000 29.00000 25.00000 27.00000 16.00000 26.00000 25.00000 27.00000 17.00000 15.00000 20.00000 17.00000 21.00000 10.00000 10.00000 14.00000 20.00000 11.00000 8.00000 25.00000 23.00000 22.00000 34.00000 17.00000 9.00000 10.00000 28.00000 23.00000 11.00000 16.00000 21.00000 18.00000 14.00000 19.00000 26.00000 7.00000 7.00000 18.00000 28.00000 18.00000 14.00000
17.00000 6.00000 20.00000 9.00000 8.00000 19.00000 13.00000 10.00000 12.00000 7.00000 14.00000 0.00000 18.00000 14.00000 17.00000 11.00000 15.00000 21.00000 17.00000 8.00000 6.00000 27.00000 8.00000 13.00000 19.00000 9.00000 9.00000 11.00000 13.00000 9.00000 16.00000 12.00000 13.00000 41.00000 7.00000 18.00000 8.00000 19.00000 12.00000 10.00000 7.00000 10.00000 9.00000 17.00000 8.00000 17.00000 9.00000 13.00000 8.00000 35.00000 11.00000 17.00000
32.00000 18.00000 27.00000 25.00000 24.00000 34.00000 24.00000 18.00000 25.00000 16.00000 28.00000 18.00000 0.00000 6.00000 6.00000 17.00000 7.00000 28.00000 8.00000 15.00000 15.00000 42.00000 16.00000 17.00000 33.00000 22.00000 20.00000 14.00000 27.00000 24.00000 15.00000 9.00000 15.00000 55.00000 14.00000 32.00000 24.00000 11.00000 9.00000 23.00000 16.00000 9.00000 14.00000 32.00000 14.00000 15.00000 22.00000 28.00000 13.00000 46.00000 17.00000 32.00000
28.00000 14.00000 23.00000 21.00000 20.00000 30.00000 20.00000 14.00000 21.00000 13.00000 24.00000 14.00000 6.00000 0.00000 4.00000 14.00000 4.00000 24.00000 5.00000 11.00000 11.00000 38.00000 12.00000 15.00000 29.00000 18.00000 16.00000 12.00000 23.00000 20.00000 12.00000 5.00000 12.00000 51.00000 10.00000 28.00000 20.00000 8.00000 5.00000 19.00000 12.00000 5.00000 11.00000 28.00000 10.00000 12.00000 18.00000 24.00000 10.00000 42.00000 13.00000 28.00000
28.00000 14.00000 26.00000 21.00000 20.00000 30.00000 19.00000 15.00000 22.00000 12.00000 24.00000 14.00000 10.00000 8.00000 0.00000 15.00000 9.00000 27.00000 10.00000 10.00000 11.00000 38.00000 11.00000 12.00000 30.00000 19.00000 16.00000 10.00000 22.00000 20.00000 17.00000 6.00000 16.00000 52.00000 9.00000 28.00000 20.00000 13.00000 6.00000 18.00000 11.00000 7.00000 10.00000 28.00000 10.00000 17.00000 19.00000 24.00000 9.00000 45.00000 15.00000 28.00000
18.00000 14.00000 13.00000 13.00000 11.00000 19.00000 8.00000 3.00000 16.00000 15.00000 16.00000 12.00000 17.00000 12.00000 15.00000 0.00000 14.00000 14.00000 12.00000 16.00000 14.00000 28.00000 16.00000 19.00000 20.00000 13.00000 4.00000 16.00000 11.00000 13.00000 10.00000 10.00000 8.00000 41.00000 12.00000 19.00000 11.00000 14.00000 10.00000 14.00000 15.00000 10.00000 16.00000 18.00000 7.00000 11.00000 13.00000 14.00000 13.00000 32.00000 2.00000 18.00000
29.00000 15.00000 23.00000 22.00000 21.00000 31.00000 20.00000 14.00000 22.00000 14.00000 25.00000 15.00000 7.00000 3.00000 5.00000 14.00000 0.00000 24.00000 5.00000 13.00000 13.00000 39.00000 13.00000 16.00000 30.00000 20.00000 17.00000 14.00000 24.00000 21.00000 11.00000 6.00000 10.00000 52.00000 11.00000 29.00000 21.00000 8.00000 6.00000 20.00000 13.00000 6.00000 13.00000 29.00000 11.00000 11.00000 20.00000 25.00000 11.00000 42.00000 13.00000 29.00000
13.00000 23.00000 4.00000 21.00000 19.00000 24.00000 15.00000 14.00000 24.00000 25.00000 25.00000 21.00000 29.00000 24.00000 27.00000 14.00000 24.00000 0.00000 22.00000 25.00000 24.00000 30.00000 26.00000 28.00000 28.00000 22.00000 13.00000 26.00000 19.00000 22.00000 20.00000 22.00000 17.00000 36.00000 22.00000 27.00000 19.00000 24.00000 22.00000 23.00000 25.00000 22.00000 26.00000 13.00000 19.00000 21.00000 21.00000 21.00000 23.00000 23.00000 15.00000 13.00000
29.00000 18.00000 21.00000 24.00000 22.00000 30.00000 18.00000 13.00000 25.00000 17.00000 27.00000 18.00000 8.00000 6.00000 6.00000 13.00000 6.00000 22.00000 0.00000 15.00000 15.00000 39.00000 16.00000 17.00000 31.00000 22.00000 15.00000 15.00000 22.00000 24.00000 9.00000 8.00000 8.00000 52.00000 14.00000 30.00000 22.00000 4.00000 9.00000 23.00000 16.00000 9.00000 15.00000 29.00000 13.00000 9.00000 22.00000 25.00000 14.00000 40.00000 12.00000 29.00000
21.00000 7.00000 23.00000 13.00000 13.00000 23.00000 16.00000 14.00000 14.00000 5.00000 17.00000 8.00000 15.00000 11.00000 13.00000 14.00000 12.00000 24.00000 14.00000 0.00000 3.00000 31.00000 3.00000 8.00000 22.00000 11.00000 13.00000 5.00000 18.00000 13.00000 19.00000 9.00000 17.00000 45.00000 5.00000 21.00000 13.00000 17.00000 9.00000 11.00000 3.00000 7.00000 3.00000 21.00000 9.00000 19.00000 11.00000 17.00000 3.00000 39.00000 15.00000 21.00000
19.00000 5.00000 23.00000 12.00000 11.00000 21.00000 16.00000 14.00000 13.00000 3.00000 15.00000 6.00000 16.00000 12.00000 14.00000 14.00000 14.00000 24.00000 16.00000 3.00000 0.00000 30.00000 3.00000 9.00000 20.00000 10.00000 12.00000 6.00000 16.00000 11.00000 19.00000 10.00000 17.00000 43.00000 5.00000 19.00000 11.00000 18.00000 11.00000 9.00000 3.00000 9.00000 5.00000 19.00000 10.00000 20.00000 10.00000 16.00000 5.00000 37.00000 15.00000 19.00000
20.00000 29.00000 30.00000 23.00000 22.00000 11.00000 26.00000 27.00000 23.00000 30.00000 20.00000 28.00000 41.00000 37.00000 39.00000 27.00000 38.00000 30.00000 38.00000 31.00000 30.00000 0.00000 31.00000 35.00000 15.00000 25.00000 24.00000 34.00000 22.00000 21.00000 35.00000 34.00000 33.00000 18.00000 30.00000 15.00000 22.00000 39.00000 35.00000 24.00000 30.00000 33.00000 32.00000 20.00000 29.00000 36.00000 23.00000 16.00000 31.00000 16.00000 28.00000 20.00000
22.00000 8.00000 25.00000 15.00000 14.00000 25.00000 17.00000 15.00000 16.00000 5.00000 18.00000 9.00000 15.00000 12.00000 13.00000 15.00000 13.00000 26.00000 14.00000 2.00000 4.00000 33.00000 0.00000 6.00000 23.00000 13.00000 14.00000 4.00000 19.00000 14.00000 20.00000 10.00000 17.00000 46.00000 6.00000 22.00000 14.00000 17.00000 10.00000 12.00000 2.00000 8.00000 3.00000 22.00000 10.00000 20.00000 13.00000 19.00000 4.00000 40.00000 15.00000 22.00000
25.00000 11.00000 29.00000 18.00000 18.00000 27.00000 21.00000 19.00000 17.00000 8.00000 21.00000 14.00000 17.00000 15.00000 16.00000 20.00000 16.00000 30.00000 17.00000 8.00000 9.00000 35.00000 8.00000 0.00000 24.00000 14.00000 18.00000 4.00000 23.00000 17.00000 25.00000 14.00000 22.00000 49.00000 11.00000 23.00000 18.00000 20.00000 14.00000 13.00000 9.00000 13.00000 6.00000 25.00000 15.00000 24.00000 16.00000 21.00000 7.00000 43.00000 20.00000 25.00000
17.00000 18.00000 27.00000 17.00000 15.00000 7.00000 19.00000 20.00000 10.00000 20.00000 10.00000 19.00000 34.00000 30.00000 32.00000 20.00000 31.00000 28.00000 31.00000 22.00000 20.00000 15.00000 21.00000 24.00000 0.00000 13.00000 18.00000 23.00000 15.00000 14.00000 28.00000 27.00000 26.00000 28.00000 22.00000 2.00000 15.00000 32.00000 28.00000 12.00000 21.00000 26.00000 22.00000 17.00000 22.00000 30.00000 14.00000 10.00000 23.00000 24.00000 21.00000 17.00000
14.00000 7.00000 21.00000 8.00000 7.00000 16.00000 13.00000 14.00000 5.00000 10.00000 10.00000 9.00000 23.00000 20.00000 21.00000 14.00000 21.00000 22.00000 23.00000 11.00000 10.00000 25.00000 11.00000 14.00000 12.00000 0.00000 11.00000 13.00000 12.00000 6.00000 20.00000 18.00000 18.00000 38.00000 12.00000 11.00000 7.00000 24.00000 18.00000 2.00000 10.00000 16.00000 12.00000 14.00000 14.00000 21.00000 5.00000 11.00000 13.00000 32.00000 15.00000 14.00000
15.00000 12.00000 13.00000 10.00000 8.00000 17.00000 5.00000 4.00000 13.00000 12.00000 14.00000 8.00000 19.00000 14.00000 17.00000 5.00000 16.00000 14.00000 15.00000 12.00000 11.00000 25.00000 13.00000 15.00000 18.00000 11.00000 0.00000 13.00000 8.00000 11.00000 13.00000 12.00000 10.00000 39.00000 9.00000 17.00000 8.00000 16.00000 12.00000 12.00000 12.00000 11.00000 13.00000 15.00000 6.00000 14.00000 10.00000 11.00000 10.00000 32.00000 6.00000 15.00000
24.00000 10.00000 26.00000 17.00000 16.00000 26.00000 19.00000 17.00000 16.00000 6.00000 20.00000 12.00000 15.00000 13.00000 13.00000 17.00000 14.00000 27.00000 15.00000 6.00000 7.00000 34.00000 6.00000 4.00000 24.00000 13.00000 15.00000 0.00000 21.00000 16.00000 22.00000 11.00000 19.00000 48.00000 9.00000 22.00000 16.00000 18.00000 11.00000 12.00000 6.00000 10.00000 4.00000 24.00000 12.00000 22.00000 14.00000 20.00000 5.00000 42.00000 17.00000 24.00000
11.00000 15.00000 18.00000 10.00000 7.00000 14.00000 10.00000 12.00000 13.00000 17.00000 11.00000 13.00000 25.00000 21.00000 24.00000 11.00000 22.00000 18.00000 22.00000 17.00000 16.00000 22.00000 17.00000 21.00000 14.00000 12.00000 9.00000 19.00000 0.00000 8.00000 20.00000 19.00000 17.00000 35.00000 14.00000 14.00000 7.00000 23.00000 19.00000 13.00000 17.00000 18.00000 19.00000 11.00000 14.00000 21.00000 10.00000 8.00000 16.00000 29.00000 13.00000 11.00000
10.00000 10.00000 20.00000 5.00000 4.00000 12.00000 12.00000 13.00000 7.00000 11.00000 8.00000 9.00000 24.00000 20.00000 23.00000 13.00000 21.00000 21.00000 23.00000 12.00000 11.00000 21.00000 12.00000 16.00000 13.00000 7.00000 11.00000 15.00000 8.00000 0.00000 21.00000 18.00000 19.00000 34.00000 12.00000 12.00000 4.00000 25.00000 18.00000 7.00000 11.00000 17.00000 14.00000 10.00000 14.00000 23.00000 3.00000 7.00000 13.00000 28.00000 15.00000 10.00000
27.00000 20.00000 19.00000 22.00000 20.00000 29.00000 16.00000 11.00000 24.00000 19.00000 26.00000 16.00000 14.00000 11.00000 13.00000 11.00000 10.00000 20.00000 8.00000 20.00000 19.00000 37.00000 20.00000 23.00000 29.00000 21.00000 13.00000 21.00000 20.00000 22.00000 0.00000 13.00000 6.00000 50.00000 16.00000 28.00000 20.00000 8.00000 13.00000 22.00000 20.00000 13.00000 20.00000 27.00000 12.00000 5.00000 21.00000 23.00000 18.00000 37.00000 10.00000 27.00000
25.00000 11.00000 22.00000 18.00000 17.00000 27.00000 17.00000 11.00000 19.00000 11.00000 21.00000 11.00000 9.00000 6.00000 7.00000 12.00000 7.00000 23.00000 9.00000 9.00000 9.00000 35.00000 10.00000 12.00000 27.00000 16.00000 14.00000 10.00000 20.00000 17.00000 14.00000 0.00000 13.00000 49.00000 7.00000 25.00000 17.00000 11.00000 1.00000 17.00000 10.00000 2.00000 9.00000 25.00000 7.00000 14.00000 16.00000 21.00000 7.00000 41.00000 12.00000 25.00000
24.00000 17.00000 17.00000 19.00000 17.00000 26.00000 14.00000 9.00000 22.00000 17.00000 23.00000 14.00000 14.00000 11.00000 13.00000 8.00000 10.00000 18.00000 8.00000 18.00000 16.00000 34.00000 18.00000 21.00000 27.00000 19.00000 11.00000 18.00000 18.00000 20.00000 6.00000 12.00000 0.00000 48.00000 14.00000 26.00000 17.00000 9.00000 12.00000 20.00000 17.00000 12.00000 18.00000 24.00000 9.00000 7.00000 19.00000 20.00000 15.00000 36.00000 8.00000 24.00000
26.00000 42.00000 36.00000 37.00000 35.00000 24.00000 39.00000 40.00000 36.00000 43.00000 33.00000 41.00000 54.00000 50.00000 53.00000 40.00000 51.00000 35.00000 51.00000 44.00000 43.00000 17.00000 44.00000 49.00000 28.00000 38.00000 38.00000 47.00000 35.00000 34.00000 49.00000 47.00000 46.00000 0.00000 43.00000 28.00000 35.00000 52.00000 48.00000 37.00000 44.00000 46.00000 46.00000 26.00000 42.00000 50.00000 36.00000 30.00000 44.00000 17.00000 41.00000 26.00000
21.00000 7.00000 22.00000 13.00000 13.00000 22.00000 14.00000 12.00000 14.00000 5.00000 16.00000 6.00000 14.00000 9.00000 12.00000 12.00000 11.00000 23.00000 13.00000 6.00000 4.00000 31.00000 6.00000 10.00000 22.00000 11.00000 11.00000 7.00000 16.00000 13.00000 17.00000 7.00000 14.00000 44.00000 0.00000 21.00000 12.00000 15.00000 8.00000 11.00000 6.00000 6.00000 6.00000 21.00000 6.00000 18.00000 11.00000 17.00000 4.00000 38.00000 12.00000 21.00000
16.00000 16.00000 26.00000 16.00000 14.00000 7.00000 18.00000 19.00000 9.00000 19.00000 9.00000 18.00000 33.00000 29.00000 31.00000 19.00000 30.00000 27.00000 30.00000 21.00000 19.00000 15.00000 20.00000 23.00000 3.00000 12.00000 17.00000 22.00000 14.00000 13.00000 27.00000 26.00000 25.00000 29.00000 21.00000 0.00000 14.00000 31.00000 27.00000 10.00000 20.00000 25.00000 21.00000 16.00000 21.00000 28.00000 12.00000 9.00000 22.00000 24.00000 20.00000 16.00000
11.00000 10.00000 17.00000 4.00000 1.00000 13.00000 9.00000 10.00000 9.00000 12.00000 10.00000 8.00000 24.00000 20.00000 23.00000 10.00000 21.00000 17.00000 21.00000 12.00000 11.00000 21.00000 12.00000 17.00000 14.00000 7.00000 8.00000 16.00000 7.00000 5.00000 19.00000 18.00000 16.00000 34.00000 13.00000 13.00000 0.00000 22.00000 18.00000 8.00000 12.00000 16.00000 14.00000 11.00000 13.00000 20.00000 7.00000 7.00000 14.00000 29.00000 12.00000 11.00000
30.00000 19.00000 22.00000 25.00000 23.00000 31.00000 19.00000 14.00000 26.00000 18.00000 29.00000 18.00000 10.00000 8.00000 9.00000 14.00000 6.00000 23.00000 3.00000 16.00000 16.00000 40.00000 17.00000 20.00000 32.00000 23.00000 16.00000 17.00000 23.00000 25.00000 9.00000 9.00000 9.00000 53.00000 15.00000 31.00000 23.00000 0.00000 10.00000 24.00000 17.00000 10.00000 16.00000 30.00000 14.00000 8.00000 23.00000 26.00000 15.00000 41.00000 13.00000 30.00000
25.00000 11.00000 22.00000 17.00000 17.00000 26.00000 17.00000 10.00000 18.00000 10.00000 21.00000 10.00000 9.00000 5.00000 8.00000 11.00000 6.00000 23.00000 8.00000 8.00000 8.00000 35.00000 9.00000 12.00000 26.00000 15.00000 13.00000 10.00000 19.00000 17.00000 13.00000 2.00000 12.00000 48.00000 7.00000 25.00000 16.00000 11.00000 0.00000 16.00000 9.00000 2.00000 8.00000 25.00000 7.00000 13.00000 15.00000 21.00000 7.00000 41.00000 11.00000 25.00000
15.00000 8.00000 22.00000 9.00000 9.00000 17.00000 14.00000 15.00000 5.00000 11.00000 10.00000 10.00000 24.00000 21.00000 22.00000 15.00000 22.00000 23.00000 24.00000 12.00000 11.00000 25.00000 12.00000 14.00000 12.00000 3.00000 12.00000 14.00000 13.00000 7.00000 22.00000 19.00000 19.00000 39.00000 13.00000 11.00000 8.00000 25.00000 19.00000 0.00000 11.00000 17.00000 13.00000 15.00000 15.00000 23.00000 6.00000 12.00000 14.00000 33.00000 16.00000 15.00000
22.00000 8.00000 25.00000 14.00000 14.00000 24.00000 17.00000 15.00000 15.00000 4.00000 17.00000 8.00000 15.00000 12.00000 13.00000 16.00000 13.00000 26.00000 15.00000 2.00000 3.00000 32.00000 1.00000 7.00000 23.00000 12.00000 14.00000 4.00000 18.00000 14.00000 20.00000 10.00000 18.00000 45.00000 6.00000 21.00000 13.00000 18.00000 10.00000 11.00000 0.00000 8.00000 3.00000 22.00000 10.00000 20.00000 12.00000 18.00000 4.00000 39.00000 16.00000 22.00000
25.00000 11.00000 22.00000 17.00000 17.00000 27.00000 17.00000 11.00000 18.00000 10.00000 21.00000 11.00000 10.00000 5.00000 8.00000 11.00000 7.00000 23.00000 9.00000 8.00000 8.00000 35.00000 9.00000 12.00000 26.00000 15.00000 13.00000 9.00000 19.00000 17.00000 14.00000 2.00000 13.00000 48.00000 7.00000 25.00000 17.00000 11.00000 2.00000 16.00000 9.00000 0.00000 8.00000 25.00000 7.00000 14.00000 15.00000 21.00000 7.00000 41.00000 11.00000 25.00000
22.00000 8.00000 25.00000 15.00000 14.00000 24.00000 18.00000 16.00000 14.00000 4.00000 18.00000 10.00000 15.00000 12.00000 13.00000 16.00000 14.00000 26.00000 15.00000 4.00000 5.00000 33.00000 4.00000 5.00000 22.00000 12.00000 14.00000 5.00000 19.00000 14.00000 21.00000 10.00000 18.00000 46.00000 7.00000 21.00000 14.00000 18.00000 11.00000 11.00000 4.00000 9.00000 0.00000 22.00000 11.00000 21.00000 13.00000 19.00000 5.00000 40.00000 16.00000 22.00000
0.00000 18.00000 13.00000 13.00000 11.00000 13.00000 16.00000 17.00000 15.00000 19.00000 14.00000 17.00000 31.00000 26.00000 29.00000 17.00000 28.00000 13.00000 27.00000 20.00000 19.00000 21.00000 20.00000 25.00000 17.00000 15.00000 14.00000 23.00000 11.00000 10.00000 25.00000 24.00000 22.00000 27.00000 20.00000 16.00000 11.00000 29.00000 24.00000 16.00000 20.00000 23.00000 22.00000 0.00000 19.00000 26.00000 13.00000 9.00000 21.00000 18.00000 18.00000 0.00000
20.00000 12.00000 18.00000 14.00000 13.00000 22.00000 11.00000 6.00000 17.00000 11.00000 19.00000 8.00000 14.00000 10.00000 13.00000 7.00000 11.00000 19.00000 13.00000 12.00000 11.00000 30.00000 12.00000 15.00000 22.00000 14.00000 7.00000 13.00000 14.00000 15.00000 12.00000 8.00000 9.00000 43.00000 8.00000 21.00000 13.00000 15.00000 8.00000 15.00000 12.00000 6.00000 12.00000 20.00000 0.00000 13.00000 14.00000 16.00000 10.00000 37.00000 7.00000 20.00000
28.00000 21.00000 20.00000 23.00000 21.00000 30.00000 18.00000 12.00000 25.00000 21.00000 27.00000 17.00000 14.00000 11.00000 13.00000 12.00000 10.00000 21.00000 8.00000 20.00000 20.00000 38.00000 21.00000 24.00000 30.00000 23.00000 14.00000 21.00000 21.00000 23.00000 5.00000 13.00000 7.00000 50.00000 17.00000 29.00000 21.00000 7.00000 13.00000 23.00000 21.00000 13.00000 20.00000 28.00000 13.00000 0.00000 23.00000 24.00000 18.00000 36.00000 11.00000 28.00000
12.00000 8.00000 19.00000 5.00000 5.00000 14.00000 11.00000 12.00000 7.00000 9.00000 10.00000 8.00000 22.00000 18.00000 21.00000 12.00000 19.00000 20.00000 21.00000 10.00000 9.00000 22.00000 10.00000 14.00000 15.00000 5.00000 10.00000 13.00000 10.00000 4.00000 19.00000 16.00000 17.00000 36.00000 10.00000 14.00000 5.00000 23.00000 16.00000 5.00000 9.00000 15.00000 12.00000 12.00000 13.00000 21.00000 0.00000 8.00000 11.00000 30.00000 13.00000 12.00000
9.00000 14.00000 20.00000 9.00000 8.00000 11.00000 12.00000 12.00000 11.00000 16.00000 8.00000 14.00000 26.00000 22.00000 25.00000 12.00000 23.00000 20.00000 23.00000 16.00000 15.00000 19.00000 16.00000 21.00000 11.00000 11.00000 10.00000 20.00000 7.00000 7.00000 21.00000 20.00000 18.00000 32.00000 15.00000 10.00000 7.00000 24.00000 20.00000 12.00000 16.00000 19.00000 18.00000 9.00000 15.00000 22.00000 8.00000 0.00000 17.00000 26.00000 14.00000 9.00000
23.00000 9.00000 24.00000 15.00000 15.00000 25.00000 17.00000 14.00000 16.00000 6.00000 19.00000 10.00000 12.00000 10.00000 10.00000 14.00000 11.00000 25.00000 12.00000 4.00000 4.00000 33.00000 5.00000 6.00000 24.00000 13.00000 14.00000 4.00000 19.00000 15.00000 19.00000 8.00000 16.00000 46.00000 6.00000 22.00000 15.00000 15.00000 8.00000 12.00000 5.00000 7.00000 4.00000 23.00000 9.00000 19.00000 13.00000 19.00000 0.00000 41.00000 14.00000 23.00000
18.00000 36.00000 22.00000 30.00000 29.00000 19.00000 33.00000 32.00000 30.00000 37.00000 27.00000 35.00000 47.00000 42.00000 45.00000 32.00000 42.00000 23.00000 40.00000 38.00000 36.00000 15.00000 38.00000 42.00000 24.00000 32.00000 31.00000 41.00000 29.00000 28.00000 37.00000 40.00000 35.00000 16.00000 37.00000 24.00000 29.00000 42.00000 40.00000 32.00000 37.00000 40.00000 39.00000 18.00000 36.00000 36.00000 30.00000 23.00000 38.00000 0.00000 33.00000 18.00000
19.00000 15.00000 14.00000 14.00000 12.00000 21.00000 10.00000 5.00000 17.00000 15.00000 18.00000 11.00000 16.00000 12.00000 15.00000 2.00000 13.00000 15.00000 12.00000 15.00000 14.00000 29.00000 16.00000 18.00000 21.00000 15.00000 5.00000 16.00000 12.00000 14.00000 9.00000 10.00000 7.00000 42.00000 11.00000 20.00000 12.00000 13.00000 10.00000 16.00000 15.00000 10.00000 16.00000 19.00000 7.00000 10.00000 15.00000 15.00000 13.00000 33.00000 0.00000 19.00000
0.00000 18.00000 13.00000 13.00000 11.00000 13.00000 16.00000 17.00000 15.00000 19.00000 14.00000 17.00000 31.00000 26.00000 29.00000 17.00000 28.00000 13.00000 27.00000 20.00000 19.00000 21.00000 20.00000 25.00000 17.00000 15.00000 14.00000 23.00000 11.00000 10.00000 25.00000 24.00000 22.00000 27.00000 20.00000 16.00000 11.00000 29.00000 24.00000 16.00000 20.00000 23.00000 22.00000 0.00000 19.00000 26.00000 13.00000 9.00000 21.00000 18.00000 18.00000 0.00000
p
0.0 0.0 0.0 0.0 0.0 0.0 
0.0 0.0 0.0 0.0 0.0 0.0 
0.0 0.0 0.0 0.0 0.0 0.0 
0.0 0.0 0.0 0.0 0.0 0.0 
0.0 0.0 0.0 0.0 0.0 0.0 
0.0 0.0 0.0 0.0 0.0 0.0 
0.0 0.0 0.0 0.0 0.0 0.0 
0.0 0.0 0.0 0.0 0.0 0.0 
0.0 0.0 0.0 0.0 0.0 0.0 
0.0 0.0 0.0 0.0 0.0 0.0 
0 0 48 0 0 57 
0 0 48 0 0 57 
0 0 48 0 0 57 
0 0 48 0 0 57 
0 0 48 0 0 57 
0 0 48 0 0 57 
0 0 48 0 0 57 
0 0 48 0 0 57 
0 0 48 0 0 57 
0 0 48 0 0 57 
0 0 58 0 0 0 
0 0 58 0 0 0 
0 0 58 0 0 0 
0 0 58 0 0 0 
0 0 58 0 0 0 
0 0 58 0 0 0 
0 0 58 0 0 0 
0 0 58 0 0 0 
0 0 58 0 0 0 
0 0 58 0 0 0 
0 24 0 0 0 0 
0 24 0 0 0 0 
0 24 0 0 0 0 
0 24 0 0 0 0 
0 24 0 0 0 0 
0 24 0 0 0 0 
0 24 0 0 0 0 
0 24 0 0 0 0 
0 24 0 0 0 0 
0 24 0 0 0 0 
40 0 0 0 0 0 
40 0 0 0 0 0 
40 0 0 0 0 0 
40 0 0 0 0 0 
40 0 0 0 0 0 
40 0 0 0 0 0 
40 0 0 0 0 0 
40 0 0 0 0 0 
40 0 0 0 0 0 
40 0 0 0 0 0 
0 0 52 0 59 0 
0 0 52 0 59 0 
0 0 52 0 59 0 
0 0 52 0 59 0 
0 0 52 0 59 0 
0 0 52 0 59 0 
0 0 52 0 59 0 
0 0 52 0 59 0 
0 0 52 0 59 0 
0 0 52 0 59 0 
59 0 0 0 18 0 
59 0 0 0 18 0 
59 0 0 0 18 0 
59 0 0 0 18 0 
59 0 0 0 18 0 
59 0 0 0 18 0 
59 0 0 0 18 0 
59 0 0 0 18 0 
59 0 0 0 18 0 
59 0 0 0 18 0 
25 0 0 0 0 0 
25 0 0 0 0 0 
25 0 0 0 0 0 
25 0 0 0 0 0 
25 0 0 0 0 0 
25 0 0 0 0 0 
25 0 0 0 0 0 
25 0 0 0 0 0 
25 0 0 0 0 0 
25 0 0 0 0 0 
0 0 0 57 0 0 
0 0 0 57 0 0 
0 0 0 57 0 0 
0 0 0 57 0 0 
0 0 0 57 0 0 
0 0 0 57 0 0 
0 0 0 57 0 0 
0 0 0 57 0 0 
0 0 0 57 0 0 
0 0 0 57 0 0 
0 0 52 42 0 0 
0 0 52 42 0 0 
0 0 52 42 0 0 
0 0 52 42 0 0 
0 0 52 42 0 0 
0 0 52 42 0 0 
0 0 52 42 0 0 
0 0 52 42 0 0 
0 0 52 42 0 0 
0 0 52 42 0 0 
0 15 0 44 0 0 
0 15 0 44 0 0 
0 15 0 44 0 0 
0 15 0 44 0 0 
0 15 0 44 0 0 
0 15 0 44 0 0 
0 15 0 44 0 0 
0 15 0 44 0 0 
0 15 0 44 0 0 
0 15 0 44 0 0 
0 25 0 0 0 0 
0 25 0 0 0 0 
0 25 0 0 0 0 
0 25 0 0 0 0 
0 25 0 0 0 0 
0 25 0 0 0 0 
0 25 0 0 0 0 
0 25 0 0 0 0 
0 25 0 0 0 0 
0 25 0 0 0 0 
0 0 0 0 33 0 
0 0 0 0 33 0 
0 0 0 0 33 0 
0 0 0 0 33 0 
0 0 0 0 33 0 
0 0 0 0 33 0 
0 0 0 0 33 0 
0 0 0 0 33 0 
0 0 0 0 33 0 
0 0 0 0 33 0 
0 51 0 0 0 16 
0 51 0 0 0 16 
0 51 0 0 0 16 
0 51 0 0 0 16 
0 51 0 0 0 16 
0 51 0 0 0 16 
0 51 0 0 0 16 
0 51 0 0 0 16 
0 51 0 0 0 16 
0 51 0 0 0 16 
0 0 16 0 0 0 
0 0 16 0 0 0 
0 0 16 0 0 0 
0 0 16 0 0 0 
0 0 16 0 0 0 
0 0 16 0 0 0 
0 0 16 0 0 0 
0 0 16 0 0 0 
0 0 16 0 0 0 
0 0 16 0 0 0 
0 16 0 0 29 0 
0 16 0 0 29 0 
0 16 0 0 29 0 
0 16 0 0 29 0 
0 16 0 0 29 0 
0 16 0 0 29 0 
0 16 0 0 29 0 
0 16 0 0 29 0 
0 16 0 0 29 0 
0 16 0 0 29 0 
0 0 21 51 0 0 
0 0 21 51 0 0 
0 0 21 51 0 0 
0 0 21 51 0 0 
0 0 21 51 0 0 
0 0 21 51 0 0 
0 0 21 51 0 0 
0 0 21 51 0 0 
0 0 21 51 0 0 
0 0 21 51 0 0 
0 29 0 0 49 0 
0 29 0 0 49 0 
0 29 0 0 49 0 
0 29 0 0 49 0 
0 29 0 0 49 0 
0 29 0 0 49 0 
0 29 0 0 49 0 
0 29 0 0 49 0 
0 29 0 0 49 0 
0 29 0 0 49 0 
0 52 0 0 41 0 
0 52 0 0 41 0 
0 52 0 0 41 0 
0 52 0 0 41 0 
0 52 0 0 41 0 
0 52 0 0 41 0 
0 52 0 0 41 0 
0 52 0 0 41 0 
0 52 0 0 41 0 
0 52 0 0 41 0 
0 0 28 0 0 0 
0 0 28 0 0 0 
0 0 28 0 0 0 
0 0 28 0 0 0 
0 0 28 0 0 0 
0 0 28 0 0 0 
0 0 28 0 0 0 
0 0 28 0 0 0 
0 0 28 0 0 0 
0 0 28 0 0 0 
0 0 0 0 0 40 
0 0 0 0 0 40 
0 0 0 0 0 40 
0 0 0 0 0 40 
0 0 0 0 0 40 
0 0 0 0 0 40 
0 0 0 0 0 40 
0 0 0 0 0 40 
0 0 0 0 0 40 
0 0 0 0 0 40 
0 0 35 0 0 0 
0 0 35 0 0 0 
0 0 35 0 0 0 
0 0 35 0 0 0 
0 0 35 0 0 0 
0 0 35 0 0 0 
0 0 35 0 0 0 
0 0 35 0 0 0 
0 0 35 0 0 0 
0 0 35 0 0 0 
0 0 0 51 0 0 
0 0 0 51 0 0 
0 0 0 51 0 0 
0 0 0 51 0 0 
0 0 0 51 0 0 
0 0 0 51 0 0 
0 0 0 51 0 0 
0 0 0 51 0 0 
0 0 0 51 0 0 
0 0 0 51 0 0 
59 0 0 0 0 0 
59 0 0 0 0 0 
59 0 0 0 0 0 
59 0 0 0 0 0 
59 0 0 0 0 0 
59 0 0 0 0 0 
59 0 0 0 0 0 
59 0 0 0 0 0 
59 0 0 0 0 0 
59 0 0 0 0 0 
0 45 0 0 0 0 
0 45 0 0 0 0 
0 45 0 0 0 0 
0 45 0 0 0 0 
0 45 0 0 0 0 
0 45 0 0 0 0 
0 45 0 0 0 0 
0 45 0 0 0 0 
0 45 0 0 0 0 
0 45 0 0 0 0 
0 15 0 0 0 31 
0 15 0 0 0 31 
0 15 0 0 0 31 
0 15 0 0 0 31 
0 15 0 0 0 31 
0 15 0 0 0 31 
0 15 0 0 0 31 
0 15 0 0 0 31 
0 15 0 0 0 31 
0 15 0 0 0 31 
0 0 0 0 0 40 
0 0 0 0 0 40 
0 0 0 0 0 40 
0 0 0 0 0 40 
0 0 0 0 0 40 
0 0 0 0 0 40 
0 0 0 0 0 40 
0 0 0 0 0 40 
0 0 0 0 0 40 
0 0 0 0 0 40 
47 0 0 0 0 0 
47 0 0 0 0 0 
47 0 0 0 0 0 
47 0 0 0 0 0 
47 0 0 0 0 0 
47 0 0 0 0 0 
47 0 0 0 0 0 
47 0 0 0 0 0 
47 0 0 0 0 0 
47 0 0 0 0 0 
51 0 0 0 0 0 
51 0 0 0 0 0 
51 0 0 0 0 0 
51 0 0 0 0 0 
51 0 0 0 0 0 
51 0 0 0 0 0 
51 0 0 0 0 0 
51 0 0 0 0 0 
51 0 0 0 0 0 
51 0 0 0 0 0 
0 37 0 0 0 0 
0 37 0 0 0 0 
0 37 0 0 0 0 
0 37 0 0 0 0 
0 37 0 0 0 0 
0 37 0 0 0 0 
0 37 0 0 0 0 
0 37 0 0 0 0 
0 37 0 0 0 0 
0 37 0 0 0 0 
0 0 0 0 19 0 
0 0 0 0 19 0 
0 0 0 0 19 0 
0 0 0 0 19 0 
0 0 0 0 19 0 
0 0 0 0 19 0 
0 0 0 0 19 0 
0 0 0 0 19 0 
0 0 0 0 19 0 
0 0 0 0 19 0 
44 0 0 0 0 0 
44 0 0 0 0 0 
44 0 0 0 0 0 
44 0 0 0 0 0 
44 0 0 0 0 0 
44 0 0 0 0 0 
44 0 0 0 0 0 
44 0 0 0 0 0 
44 0 0 0 0 0 
44 0 0 0 0 0 
0 0 24 0 55 0 
0 0 24 0 55 0 
0 0 24 0 55 0 
0 0 24 0 55 0 
0 0 24 0 55 0 
0 0 24 0 55 0 
0 0 24 0 55 0 
0 0 24 0 55 0 
0 0 24 0 55 0 
0 0 24 0 55 0 
0 0 0 0 33 0 
0 0 0 0 33 0 
0 0 0 0 33 0 
0 0 0 0 33 0 
0 0 0 0 33 0 
0 0 0 0 33 0 
0 0 0 0 33 0 
0 0 0 0 33 0 
0 0 0 0 33 0 
0 0 0 0 33 0 
0 0 0 0 0 58 
0 0 0 0 0 58 
0 0 0 0 0 58 
0 0 0 0 0 58 
0 0 0 0 0 58 
0 0 0 0 0 58 
0 0 0 0 0 58 
0 0 0 0 0 58 
0 0 0 0 0 58 
0 0 0 0 0 58 
0 0 0 44 0 0 
0 0 0 44 0 0 
0 0 0 44 0 0 
0 0 0 44 0 0 
0 0 0 44 0 0 
0 0 0 44 0 0 
0 0 0 44 0 0 
0 0 0 44 0 0 
0 0 0 44 0 0 
0 0 0 44 0 0 
0 59 0 0 30 0 
0 59 0 0 30 0 
0 59 0 0 30 0 
0 59 0 0 30 0 
0 59 0 0 30 0 
0 59 0 0 30 0 
0 59 0 0 30 0 
0 59 0 0 30 0 
0 59 0 0 30 0 
0 59 0 0 30 0 
0 0 0 0 0 60 
0 0 0 0 0 60 
0 0 0 0 0 60 
0 0 0 0 0 60 
0 0 0 0 0 60 
0 0 0 0 0 60 
0 0 0 0 0 60 
0 0 0 0 0 60 
0 0 0 0 0 60 
0 0 0 0 0 60 
0 0 23 0 0 0 
0 0 23 0 0 0 
0 0 23 0 0 0 
0 0 23 0 0 0 
0 0 23 0 0 0 
0 0 23 0 0 0 
0 0 23 0 0 0 
0 0 23 0 0 0 
0 0 23 0 0 0 
0 0 23 0 0 0 
0 31 0 0 0 0 
0 31 0 0 0 0 
0 31 0 0 0 0 
0 31 0 0 0 0 
0 31 0 0 0 0 
0 31 0 0 0 0 
0 31 0 0 0 0 
0 31 0 0 0 0 
0 31 0 0 0 0 
0 31 0 0 0 0 
0 0 37 0 0 54 
0 0 37 0 0 54 
0 0 37 0 0 54 
0 0 37 0 0 54 
0 0 37 0 0 54 
0 0 37 0 0 54 
0 0 37 0 0 54 
0 0 37 0 0 54 
0 0 37 0 0 54 
0 0 37 0 0 54 
0 0 0 0 0 44 
0 0 0 0 0 44 
0 0 0 0 0 44 
0 0 0 0 0 44 
0 0 0 0 0 44 
0 0 0 0 0 44 
0 0 0 0 0 44 
0 0 0 0 0 44 
0 0 0 0 0 44 
0 0 0 0 0 44 
25 0 0 0 57 0 
25 0 0 0 57 0 
25 0 0 0 57 0 
25 0 0 0 57 0 
25 0 0 0 57 0 
25 0 0 0 57 0 
25 0 0 0 57 0 
25 0 0 0 57 0 
25 0 0 0 57 0 
25 0 0 0 57 0 
0 0 0 0 0 32 
0 0 0 0 0 32 
0 0 0 0 0 32 
0 0 0 0 0 32 
0 0 0 0 0 32 
0 0 0 0 0 32 
0 0 0 0 0 32 
0 0 0 0 0 32 
0 0 0 0 0 32 
0 0 0 0 0 32 
33 0 0 0 0 0 
33 0 0 0 0 0 
33 0 0 0 0 0 
33 0 0 0 0 0 
33 0 0 0 0 0 
33 0 0 0 0 0 
33 0 0 0 0 0 
33 0 0 0 0 0 
33 0 0 0 0 0 
33 0 0 0 0 0 
55 0 0 0 0 0 
55 0 0 0 0 0 
55 0 0 0 0 0 
55 0 0 0 0 0 
55 0 0 0 0 0 
55 0 0 0 0 0 
55 0 0 0 0 0 
55 0 0 0 0 0 
55 0 0 0 0 0 
55 0 0 0 0 0 
0 0 0 0 0 45 
0 0 0 0 0 45 
0 0 0 0 0 45 
0 0 0 0 0 45 
0 0 0 0 0 45 
0 0 0 0 0 45 
0 0 0 0 0 45 
0 0 0 0 0 45 
0 0 0 0 0 45 
0 0 0 0 0 45 
0 0 0 0 54 0 
0 0 0 0 54 0 
0 0 0 0 54 0 
0 0 0 0 54 0 
0 0 0 0 54 0 
0 0 0 0 54 0 
0 0 0 0 54 0 
0 0 0 0 54 0 
0 0 0 0 54 0 
0 0 0 0 54 0 
0 0 38 42 0 0 
0 0 38 42 0 0 
0 0 38 42 0 0 
0 0 38 42 0 0 
0 0 38 42 0 0 
0 0 38 42 0 0 
0 0 38 42 0 0 
0 0 38 42 0 0 
0 0 38 42 0 0 
0 0 38 42 0 0 
0 0 18 0 0 0 
0 0 18 0 0 0 
0 0 18 0 0 0 
0 0 18 0 0 0 
0 0 18 0 0 0 
0 0 18 0 0 0 
0 0 18 0 0 0 
0 0 18 0 0 0 
0 0 18 0 0 0 
0 0 18 0 0 0 
0 0 0 0 0 40 
0 0 0 0 0 40 
0 0 0 0 0 40 
0 0 0 0 0 40 
0 0 0 0 0 40 
0 0 0 0 0 40 
0 0 0 0 0 40 
0 0 0 0 0 40 
0 0 0 0 0 40 
0 0 0 0 0 40 
0.0 0.0 0.0 0.0 0.0 0.0 
0.0 0.0 0.0 0.0 0.0 0.0 
0.0 0.0 0.0 0.0 0.0 0.0 
0.0 0.0 0.0 0.0 0.0 0.0 
0.0 0.0 0.0 0.0 0.0 0.0 
0.0 0.0 0.0 0.0 0.0 0.0 
0.0 0.0 0.0 0.0 0.0 0.0 
0.0 0.0 0.0 0.0 0.0 0.0 
0.0 0.0 0.0 0.0 0.0 0.0 
0.0 0.0 0.0 0.0 0.0 0.0 
mind
0 14 0 0 0 28 0 0 0 11 0 0 0 0 0 0 0 17 10 0 0 0 0 0 0 20 0 0 0 0 0 0 16 0 0 0 0 0 0 0 14 0 0 0 0 0 0 0 0 0 0 0
maxd
0 28 0 0 0 29 0 0 0 12 0 0 0 0 0 0 0 24 19 0 0 0 0 0 0 24 0 0 0 0 0 0 20 0 0 0 0 0 0 0 18 0 0 0 0 0 0 0 0 0 0 0
e
0 480 782 950 572 559 615 801 486 613 488 804 637 908 921 797 790 610 903 907 562 820 886 570 590 646 718 903 656 481 960 823 514 632 677 682 665 591 591 715 912 691 923 822 528 946 622 550 849 671 904 0
l
99999 600 902 1070 692 679 735 921 606 733 608 924 757 1028 1041 917 910 730 1023 1027 682 940 1006 690 710 766 838 1023 776 601 1080 943 634 752 797 802 785 711 711 835 1032 811 1043 942 648 1066 742 670 969 791 1024 99999
