nbNodes
12
nbVehi
3
nbServi
6
r
1 1 1 1 1 1 
0 0 0 0 0 1 
0 0 1 0 0 1 
0 0 0 1 0 0 
0 1 0 0 0 0 
0 0 0 1 0 0 
1 0 0 1 0 0 
0 0 0 1 0 0 
1 0 0 1 0 0 
0 0 0 0 1 0 
0 0 1 1 0 0 
1 1 1 1 1 1 
DS
3 7 9 11 
a
1 1 1 0 0 0 
0 0 0 1 0 1 
0 0 0 1 1 1 
x
-30.1019 -30.2118 -30.1586 -30.1526 -29.9912 -30.0665 -30.0084 -30.0051 -30.1019 -30.0279 -30.0469 -30.1019
y
-51.1654 -51.1752 -51.1385 -51.1448 -51.1347 -51.1686 -51.1147 -51.1158 -51.1654 -51.0984 -51.192 -51.1654
d
0.00000 27.00000 21.00000 19.00000 32.00000 17.00000 27.00000 27.00000 0.00000 28.00000 19.00000 0.00000
27.00000 0.00000 16.00000 16.00000 52.00000 37.00000 50.00000 51.00000 27.00000 51.00000 38.00000 27.00000
21.00000 16.00000 0.00000 4.00000 46.00000 33.00000 41.00000 41.00000 21.00000 40.00000 34.00000 21.00000
19.00000 16.00000 4.00000 0.00000 46.00000 31.00000 41.00000 42.00000 19.00000 40.00000 33.00000 19.00000
31.00000 54.00000 45.00000 46.00000 0.00000 21.00000 9.00000 9.00000 31.00000 14.00000 20.00000 31.00000
18.00000 39.00000 31.00000 32.00000 21.00000 0.00000 18.00000 18.00000 18.00000 19.00000 10.00000 18.00000
27.00000 52.00000 41.00000 41.00000 8.00000 18.00000 0.00000 3.00000 27.00000 9.00000 18.00000 27.00000
27.00000 52.00000 41.00000 42.00000 9.00000 18.00000 3.00000 0.00000 27.00000 9.00000 19.00000 27.00000
0.00000 27.00000 21.00000 19.00000 32.00000 17.00000 27.00000 27.00000 0.00000 28.00000 19.00000 0.00000
28.00000 53.00000 39.00000 40.00000 13.00000 19.00000 8.00000 8.00000 28.00000 0.00000 20.00000 28.00000
19.00000 39.00000 35.00000 33.00000 20.00000 9.00000 18.00000 18.00000 19.00000 19.00000 0.00000 19.00000
0.00000 27.00000 21.00000 19.00000 32.00000 17.00000 27.00000 27.00000 0.00000 28.00000 19.00000 0.00000
p
0.0 0.0 0.0 0.0 0.0 0.0 
0.0 0.0 0.0 0.0 0.0 0.0 
0.0 0.0 0.0 0.0 0.0 0.0 
0 0 0 0 0 25 
0 0 0 0 0 25 
0 0 0 0 0 25 
0 0 47 0 0 17 
0 0 47 0 0 17 
0 0 47 0 0 17 
0 0 0 53 0 0 
0 0 0 53 0 0 
0 0 0 53 0 0 
0 43 0 0 0 0 
0 43 0 0 0 0 
0 43 0 0 0 0 
0 0 0 19 0 0 
0 0 0 19 0 0 
0 0 0 19 0 0 
22 0 0 33 0 0 
22 0 0 33 0 0 
22 0 0 33 0 0 
0 0 0 36 0 0 
0 0 0 36 0 0 
0 0 0 36 0 0 
45 0 0 48 0 0 
45 0 0 48 0 0 
45 0 0 48 0 0 
0 0 0 0 24 0 
0 0 0 0 24 0 
0 0 0 0 24 0 
0 0 43 60 0 0 
0 0 43 60 0 0 
0 0 43 60 0 0 
0.0 0.0 0.0 0.0 0.0 0.0 
0.0 0.0 0.0 0.0 0.0 0.0 
0.0 0.0 0.0 0.0 0.0 0.0 
mind
0 0 0 0 0 0 12 0 0 0 18 0
maxd
0 0 0 0 0 0 14 0 0 0 25 0
e
0 874 839 894 789 621 575 635 875 569 646 0
l
99999 994 959 1014 909 741 695 755 995 689 766 99999
