nbNodes
12
nbVehi
3
nbServi
6
r
1 1 1 1 1 1 
0 0 0 1 0 0 
0 0 1 0 1 0 
0 0 0 0 1 0 
0 0 0 1 0 0 
0 0 1 1 0 0 
0 0 0 0 0 1 
1 0 0 0 1 0 
0 1 0 0 0 0 
0 0 1 0 0 1 
0 0 0 0 0 1 
1 1 1 1 1 1 
DS
3 6 8 10 
a
1 1 1 0 0 0 
0 0 0 0 1 1 
0 0 0 1 1 1 
x
-29.9929 -30.0033 -30.2112 -30.0056 -30.0137 -30.0106 -30.2075 -30.1306 -29.9929 -30.0067 -30.1011 -29.9929
y
-51.1033 -51.2037 -51.1766 -51.1495 -51.2038 -51.2014 -51.1712 -51.197 -51.1033 -51.1767 -51.2512 -51.1033
d
0.00000 19.00000 56.00000 12.00000 20.00000 19.00000 57.00000 41.00000 0.00000 15.00000 35.00000 0.00000
18.00000 0.00000 45.00000 11.00000 4.00000 4.00000 46.00000 30.00000 18.00000 6.00000 22.00000 18.00000
55.00000 46.00000 0.00000 48.00000 43.00000 43.00000 4.00000 19.00000 55.00000 45.00000 28.00000 55.00000
12.00000 11.00000 49.00000 0.00000 12.00000 11.00000 50.00000 34.00000 12.00000 6.00000 28.00000 12.00000
19.00000 4.00000 42.00000 12.00000 0.00000 2.00000 43.00000 27.00000 19.00000 7.00000 20.00000 19.00000
19.00000 3.00000 45.00000 11.00000 5.00000 0.00000 46.00000 30.00000 19.00000 7.00000 22.00000 19.00000
56.00000 47.00000 4.00000 49.00000 44.00000 44.00000 0.00000 20.00000 56.00000 46.00000 29.00000 56.00000
39.00000 30.00000 19.00000 32.00000 27.00000 27.00000 20.00000 0.00000 39.00000 29.00000 15.00000 39.00000
0.00000 19.00000 56.00000 12.00000 20.00000 19.00000 57.00000 41.00000 0.00000 15.00000 35.00000 0.00000
15.00000 6.00000 46.00000 7.00000 7.00000 6.00000 48.00000 32.00000 15.00000 0.00000 24.00000 15.00000
35.00000 23.00000 29.00000 29.00000 20.00000 21.00000 30.00000 15.00000 35.00000 26.00000 0.00000 35.00000
0.00000 19.00000 56.00000 12.00000 20.00000 19.00000 57.00000 41.00000 0.00000 15.00000 35.00000 0.00000
p
0.0 0.0 0.0 0.0 0.0 0.0 
0.0 0.0 0.0 0.0 0.0 0.0 
0.0 0.0 0.0 0.0 0.0 0.0 
0 0 0 56 0 0 
0 0 0 56 0 0 
0 0 0 56 0 0 
0 0 38 0 19 0 
0 0 38 0 19 0 
0 0 38 0 19 0 
0 0 0 0 50 0 
0 0 0 0 50 0 
0 0 0 0 50 0 
0 0 0 46 0 0 
0 0 0 46 0 0 
0 0 0 46 0 0 
0 0 21 46 0 0 
0 0 21 46 0 0 
0 0 21 46 0 0 
0 0 0 0 0 15 
0 0 0 0 0 15 
0 0 0 0 0 15 
29 0 0 0 16 0 
29 0 0 0 16 0 
29 0 0 0 16 0 
0 31 0 0 0 0 
0 31 0 0 0 0 
0 31 0 0 0 0 
0 0 27 0 0 32 
0 0 27 0 0 32 
0 0 27 0 0 32 
0 0 0 0 0 25 
0 0 0 0 0 25 
0 0 0 0 0 25 
0.0 0.0 0.0 0.0 0.0 0.0 
0.0 0.0 0.0 0.0 0.0 0.0 
0.0 0.0 0.0 0.0 0.0 0.0 
mind
0 0 15 0 0 0 0 12 0 0 0 0
maxd
0 0 18 0 0 0 0 19 0 0 0 0
e
0 918 929 850 791 861 664 570 650 556 953 0
l
99999 1038 1049 970 911 981 784 690 770 676 1073 99999
