nbNodes
12
nbVehi
3
nbServi
6
r
1 1 1 1 1 1 
0 0 1 0 0 0 
0 1 0 0 1 0 
1 0 0 0 0 0 
0 1 0 0 0 1 
0 0 0 0 1 0 
0 0 0 0 1 0 
0 0 0 0 0 1 
0 1 0 1 0 0 
1 0 0 0 1 0 
0 0 0 0 1 0 
1 1 1 1 1 1 
DS
3 5 9 10 
a
1 1 1 0 0 0 
0 0 0 1 1 1 
0 0 0 1 1 1 
x
-30.0297 -30.1593 -30.1151 -30.0937 -30.0927 -30.0734 -30.0297 -30.0875 -30.0858 -30.0303 -30.066 -30.0297
y
-51.2325 -51.1971 -51.2579 -51.2376 -51.224 -51.2154 -51.2325 -51.2235 -51.2406 -51.225 -51.2033 -51.2325
d
0.00000 30.00000 18.00000 15.00000 16.00000 13.00000 0.00000 16.00000 13.00000 5.00000 11.00000 0.00000
30.00000 0.00000 15.00000 17.00000 16.00000 20.00000 30.00000 17.00000 18.00000 29.00000 22.00000 30.00000
18.00000 15.00000 0.00000 8.00000 9.00000 14.00000 18.00000 11.00000 7.00000 19.00000 15.00000 18.00000
15.00000 16.00000 8.00000 0.00000 5.00000 9.00000 15.00000 5.00000 3.00000 16.00000 11.00000 15.00000
17.00000 15.00000 8.00000 5.00000 0.00000 6.00000 17.00000 3.00000 5.00000 15.00000 8.00000 17.00000
13.00000 20.00000 13.00000 9.00000 6.00000 0.00000 13.00000 5.00000 8.00000 12.00000 5.00000 13.00000
0.00000 30.00000 18.00000 15.00000 16.00000 13.00000 0.00000 16.00000 13.00000 5.00000 11.00000 0.00000
16.00000 18.00000 11.00000 5.00000 3.00000 5.00000 16.00000 0.00000 5.00000 16.00000 9.00000 16.00000
12.00000 19.00000 8.00000 4.00000 6.00000 7.00000 12.00000 5.00000 0.00000 13.00000 11.00000 12.00000
3.00000 27.00000 17.00000 15.00000 13.00000 10.00000 3.00000 14.00000 13.00000 0.00000 8.00000 3.00000
11.00000 21.00000 14.00000 10.00000 7.00000 5.00000 11.00000 8.00000 11.00000 9.00000 0.00000 11.00000
0.00000 30.00000 18.00000 15.00000 16.00000 13.00000 0.00000 16.00000 13.00000 5.00000 11.00000 0.00000
p
0.0 0.0 0.0 0.0 0.0 0.0 
0.0 0.0 0.0 0.0 0.0 0.0 
0.0 0.0 0.0 0.0 0.0 0.0 
0 0 26 0 0 0 
0 0 26 0 0 0 
0 0 26 0 0 0 
0 54 0 0 34 0 
0 54 0 0 34 0 
0 54 0 0 34 0 
46 0 0 0 0 0 
46 0 0 0 0 0 
46 0 0 0 0 0 
0 44 0 0 0 46 
0 44 0 0 0 46 
0 44 0 0 0 46 
0 0 0 0 28 0 
0 0 0 0 28 0 
0 0 0 0 28 0 
0 0 0 0 51 0 
0 0 0 0 51 0 
0 0 0 0 51 0 
0 0 0 0 0 34 
0 0 0 0 0 34 
0 0 0 0 0 34 
0 35 0 21 0 0 
0 35 0 21 0 0 
0 35 0 21 0 0 
51 0 0 0 42 0 
51 0 0 0 42 0 
51 0 0 0 42 0 
0 0 0 0 39 0 
0 0 0 0 39 0 
0 0 0 0 39 0 
0.0 0.0 0.0 0.0 0.0 0.0 
0.0 0.0 0.0 0.0 0.0 0.0 
0.0 0.0 0.0 0.0 0.0 0.0 
mind
0 0 13 0 16 0 0 0 0 0 0 0
maxd
0 0 20 0 26 0 0 0 0 0 0 0
e
0 515 739 481 766 836 564 862 561 483 746 0
l
99999 635 859 601 886 956 684 982 681 603 866 99999
