nbNodes
12
nbVehi
3
nbServi
6
r
1 1 1 1 1 1 
0 0 0 0 1 0 
0 0 1 0 0 1 
0 1 0 0 0 1 
0 0 1 0 0 0 
0 1 0 0 0 0 
0 0 1 0 0 1 
0 0 0 0 0 1 
0 1 0 1 0 0 
0 0 1 0 0 0 
0 0 0 0 0 1 
1 1 1 1 1 1 
DS
3 4 7 9 
a
1 1 1 0 0 0 
0 0 0 0 1 1 
0 0 0 1 0 1 
x
-30.156 -30.1075 -30.1578 -30.156 -30.1522 -30.155 -30.1186 -30.108 -30.0983 -30.2146 -30.0934 -30.156
y
-51.1986 -51.2374 -51.1674 -51.1986 -51.1376 -51.2065 -51.2591 -51.1389 -51.1334 -51.1759 -51.1744 -51.1986
d
0.00000 14.00000 7.00000 0.00000 13.00000 6.00000 15.00000 22.00000 25.00000 15.00000 20.00000 0.00000
13.00000 0.00000 19.00000 13.00000 23.00000 14.00000 6.00000 25.00000 25.00000 27.00000 17.00000 13.00000
8.00000 18.00000 0.00000 8.00000 9.00000 11.00000 20.00000 22.00000 25.00000 17.00000 20.00000 8.00000
0.00000 14.00000 7.00000 0.00000 13.00000 6.00000 15.00000 22.00000 25.00000 15.00000 20.00000 0.00000
14.00000 23.00000 9.00000 14.00000 0.00000 16.00000 25.00000 16.00000 22.00000 18.00000 22.00000 14.00000
4.00000 15.00000 10.00000 4.00000 16.00000 0.00000 16.00000 26.00000 28.00000 18.00000 23.00000 4.00000
14.00000 6.00000 20.00000 14.00000 26.00000 16.00000 0.00000 30.00000 29.00000 28.00000 21.00000 14.00000
24.00000 25.00000 22.00000 24.00000 16.00000 26.00000 30.00000 0.00000 7.00000 32.00000 13.00000 24.00000
26.00000 26.00000 25.00000 26.00000 22.00000 29.00000 30.00000 7.00000 0.00000 35.00000 14.00000 26.00000
16.00000 26.00000 17.00000 16.00000 18.00000 19.00000 28.00000 32.00000 35.00000 0.00000 30.00000 16.00000
22.00000 17.00000 20.00000 22.00000 22.00000 24.00000 22.00000 14.00000 14.00000 30.00000 0.00000 22.00000
0.00000 14.00000 7.00000 0.00000 13.00000 6.00000 15.00000 22.00000 25.00000 15.00000 20.00000 0.00000
p
0.0 0.0 0.0 0.0 0.0 0.0 
0.0 0.0 0.0 0.0 0.0 0.0 
0.0 0.0 0.0 0.0 0.0 0.0 
0 0 0 0 30 0 
0 0 0 0 30 0 
0 0 0 0 30 0 
0 0 32 0 0 31 
0 0 32 0 0 31 
0 0 32 0 0 31 
0 19 0 0 0 27 
0 19 0 0 0 27 
0 19 0 0 0 27 
0 0 39 0 0 0 
0 0 39 0 0 0 
0 0 39 0 0 0 
0 16 0 0 0 0 
0 16 0 0 0 0 
0 16 0 0 0 0 
0 0 30 0 0 46 
0 0 30 0 0 46 
0 0 30 0 0 46 
0 0 0 0 0 36 
0 0 0 0 0 36 
0 0 0 0 0 36 
0 22 0 45 0 0 
0 22 0 45 0 0 
0 22 0 45 0 0 
0 0 49 0 0 0 
0 0 49 0 0 0 
0 0 49 0 0 0 
0 0 0 0 0 19 
0 0 0 0 0 19 
0 0 0 0 0 19 
0.0 0.0 0.0 0.0 0.0 0.0 
0.0 0.0 0.0 0.0 0.0 0.0 
0.0 0.0 0.0 0.0 0.0 0.0 
mind
0 0 13 0 0 0 12 0 0 0 0 0
maxd
0 0 17 0 0 0 13 0 0 0 0 0
e
0 616 892 563 795 535 586 578 576 689 705 0
l
99999 736 1012 683 915 655 706 698 696 809 825 99999
