nbNodes
12
nbVehi
3
nbServi
6
r
1 1 1 1 1 1 
0 0 0 0 1 0 
1 0 0 0 1 0 
0 1 0 0 0 1 
0 0 1 0 0 0 
0 0 0 0 0 1 
0 0 1 0 0 1 
0 1 0 0 0 0 
0 0 1 0 0 0 
0 0 0 1 0 0 
0 0 1 1 0 0 
1 1 1 1 1 1 
DS
3 4 7 11 
a
1 1 1 0 0 0 
0 0 0 1 1 0 
0 0 0 0 1 1 
x
-30.044 -30.0718 -30.0248 -30.0733 -29.9849 -30.0195 -29.9933 -29.9898 -30.044 -30.0068 -29.9772 -30.044
y
-51.1567 -51.1957 -51.0892 -51.2243 -51.1966 -51.1865 -51.1011 -51.1348 -51.1567 -51.1827 -51.1967 -51.1567
d
0.00000 11.00000 15.00000 18.00000 16.00000 11.00000 16.00000 14.00000 0.00000 13.00000 18.00000 0.00000
10.00000 0.00000 23.00000 8.00000 18.00000 13.00000 25.00000 23.00000 10.00000 15.00000 20.00000 10.00000
15.00000 24.00000 0.00000 31.00000 24.00000 20.00000 11.00000 15.00000 15.00000 19.00000 26.00000 15.00000
18.00000 10.00000 30.00000 0.00000 20.00000 15.00000 31.00000 27.00000 18.00000 19.00000 21.00000 18.00000
17.00000 19.00000 25.00000 20.00000 0.00000 8.00000 17.00000 16.00000 17.00000 7.00000 3.00000 17.00000
9.00000 11.00000 21.00000 14.00000 10.00000 0.00000 19.00000 15.00000 9.00000 7.00000 11.00000 9.00000
17.00000 26.00000 11.00000 30.00000 20.00000 18.00000 0.00000 9.00000 17.00000 16.00000 19.00000 17.00000
15.00000 23.00000 16.00000 26.00000 15.00000 14.00000 9.00000 0.00000 15.00000 11.00000 17.00000 15.00000
0.00000 11.00000 15.00000 18.00000 16.00000 11.00000 16.00000 14.00000 0.00000 13.00000 18.00000 0.00000
12.00000 16.00000 19.00000 17.00000 7.00000 6.00000 16.00000 11.00000 12.00000 0.00000 9.00000 12.00000
19.00000 20.00000 25.00000 20.00000 3.00000 10.00000 17.00000 17.00000 19.00000 9.00000 0.00000 19.00000
0.00000 11.00000 15.00000 18.00000 16.00000 11.00000 16.00000 14.00000 0.00000 13.00000 18.00000 0.00000
p
0.0 0.0 0.0 0.0 0.0 0.0 
0.0 0.0 0.0 0.0 0.0 0.0 
0.0 0.0 0.0 0.0 0.0 0.0 
0 0 0 0 24 0 
0 0 0 0 24 0 
0 0 0 0 24 0 
47 0 0 0 43 0 
47 0 0 0 43 0 
47 0 0 0 43 0 
0 50 0 0 0 48 
0 50 0 0 0 48 
0 50 0 0 0 48 
0 0 22 0 0 0 
0 0 22 0 0 0 
0 0 22 0 0 0 
0 0 0 0 0 58 
0 0 0 0 0 58 
0 0 0 0 0 58 
0 0 40 0 0 53 
0 0 40 0 0 53 
0 0 40 0 0 53 
0 24 0 0 0 0 
0 24 0 0 0 0 
0 24 0 0 0 0 
0 0 37 0 0 0 
0 0 37 0 0 0 
0 0 37 0 0 0 
0 0 0 33 0 0 
0 0 0 33 0 0 
0 0 0 33 0 0 
0 0 28 26 0 0 
0 0 28 26 0 0 
0 0 28 26 0 0 
0.0 0.0 0.0 0.0 0.0 0.0 
0.0 0.0 0.0 0.0 0.0 0.0 
0.0 0.0 0.0 0.0 0.0 0.0 
mind
0 0 0 0 0 0 25 0 0 0 10 0
maxd
0 0 0 0 0 0 27 0 0 0 26 0
e
0 676 491 741 622 658 787 539 533 504 530 0
l
99999 796 611 861 742 778 907 659 653 624 650 99999
