nbNodes
12
nbVehi
3
nbServi
6
r
1 1 1 1 1 1 
0 1 0 0 0 0 
0 1 0 0 1 0 
0 0 0 0 0 1 
0 0 0 0 0 1 
1 0 0 1 0 0 
1 0 0 0 0 0 
0 1 0 1 0 0 
1 0 0 0 0 0 
0 1 0 1 0 0 
0 0 0 1 0 0 
1 1 1 1 1 1 
DS
3 6 8 10 
a
1 1 1 0 0 0 
0 0 0 1 0 0 
0 0 0 1 1 1 
x
-30.0226 -30.0226 -30.1533 -30.0131 -30.0447 -29.9942 -30.1443 -30.0137 -30.0311 -30.0324 -29.9797 -30.0226
y
-51.1242 -51.1242 -51.2026 -51.1945 -51.0961 -51.1375 -51.142 -51.1251 -51.1035 -51.1029 -51.1351 -51.1242
d
0.00000 0.00000 37.00000 17.00000 9.00000 9.00000 38.00000 4.00000 8.00000 8.00000 12.00000 0.00000
0.00000 0.00000 37.00000 17.00000 9.00000 9.00000 38.00000 4.00000 8.00000 8.00000 12.00000 0.00000
36.00000 36.00000 0.00000 30.00000 37.00000 39.00000 14.00000 38.00000 39.00000 38.00000 43.00000 36.00000
15.00000 15.00000 31.00000 0.00000 20.00000 12.00000 39.00000 12.00000 19.00000 20.00000 16.00000 15.00000
9.00000 9.00000 38.00000 20.00000 0.00000 15.00000 34.00000 10.00000 8.00000 6.00000 18.00000 9.00000
9.00000 9.00000 39.00000 13.00000 15.00000 0.00000 43.00000 6.00000 13.00000 14.00000 5.00000 9.00000
39.00000 39.00000 15.00000 36.00000 34.00000 45.00000 0.00000 40.00000 39.00000 37.00000 48.00000 39.00000
4.00000 4.00000 38.00000 14.00000 10.00000 6.00000 40.00000 0.00000 9.00000 10.00000 10.00000 4.00000
8.00000 8.00000 39.00000 21.00000 8.00000 13.00000 39.00000 9.00000 0.00000 2.00000 17.00000 8.00000
8.00000 8.00000 39.00000 21.00000 6.00000 14.00000 37.00000 9.00000 3.00000 0.00000 17.00000 8.00000
13.00000 13.00000 43.00000 17.00000 19.00000 5.00000 48.00000 10.00000 18.00000 18.00000 0.00000 13.00000
0.00000 0.00000 37.00000 17.00000 9.00000 9.00000 38.00000 4.00000 8.00000 8.00000 12.00000 0.00000
p
0.0 0.0 0.0 0.0 0.0 0.0 
0.0 0.0 0.0 0.0 0.0 0.0 
0.0 0.0 0.0 0.0 0.0 0.0 
0 16 0 0 0 0 
0 16 0 0 0 0 
0 16 0 0 0 0 
0 56 0 0 57 0 
0 56 0 0 57 0 
0 56 0 0 57 0 
0 0 0 0 0 19 
0 0 0 0 0 19 
0 0 0 0 0 19 
0 0 0 0 0 30 
0 0 0 0 0 30 
0 0 0 0 0 30 
22 0 0 52 0 0 
22 0 0 52 0 0 
22 0 0 52 0 0 
47 0 0 0 0 0 
47 0 0 0 0 0 
47 0 0 0 0 0 
0 33 0 20 0 0 
0 33 0 20 0 0 
0 33 0 20 0 0 
23 0 0 0 0 0 
23 0 0 0 0 0 
23 0 0 0 0 0 
0 57 0 38 0 0 
0 57 0 38 0 0 
0 57 0 38 0 0 
0 0 0 38 0 0 
0 0 0 38 0 0 
0 0 0 38 0 0 
0.0 0.0 0.0 0.0 0.0 0.0 
0.0 0.0 0.0 0.0 0.0 0.0 
0.0 0.0 0.0 0.0 0.0 0.0 
mind
0 0 18 0 0 10 0 0 0 0 0 0
maxd
0 0 30 0 0 28 0 0 0 0 0 0
e
0 631 722 756 785 838 717 834 609 514 622 0
l
99999 751 842 876 905 958 837 954 729 634 742 99999
