nbNodes
12
nbVehi
3
nbServi
6
r
1 1 1 1 1 1 
1 0 0 1 0 0 
0 0 0 0 1 0 
0 0 0 0 0 1 
0 1 0 0 1 0 
0 0 1 0 0 0 
0 0 0 0 1 0 
0 0 0 0 0 1 
0 0 1 0 0 0 
1 0 0 0 0 1 
0 1 0 1 0 0 
1 1 1 1 1 1 
DS
2 5 10 11 
a
1 1 1 0 0 0 
0 0 0 1 0 1 
0 0 0 0 1 1 
x
-29.9832 -29.9977 -30.0158 -30.0496 -29.9783 -29.9832 -30.0149 -30.0178 -29.9825 -30.1182 -30.118 -29.9832
y
-51.2234 -51.2005 -51.1487 -51.1505 -51.1985 -51.2234 -51.1369 -51.1154 -51.2007 -51.1055 -51.0966 -51.2234
d
0.00000 9.00000 17.00000 22.00000 12.00000 0.00000 19.00000 22.00000 11.00000 37.00000 38.00000 0.00000
7.00000 0.00000 11.00000 16.00000 6.00000 7.00000 13.00000 16.00000 5.00000 31.00000 32.00000 7.00000
18.00000 12.00000 0.00000 9.00000 16.00000 18.00000 5.00000 8.00000 14.00000 27.00000 27.00000 18.00000
21.00000 15.00000 10.00000 0.00000 19.00000 21.00000 11.00000 10.00000 18.00000 20.00000 21.00000 21.00000
11.00000 5.00000 15.00000 20.00000 0.00000 11.00000 17.00000 19.00000 2.00000 35.00000 36.00000 11.00000
0.00000 9.00000 17.00000 22.00000 12.00000 0.00000 19.00000 22.00000 11.00000 37.00000 38.00000 0.00000
20.00000 14.00000 5.00000 11.00000 17.00000 20.00000 0.00000 6.00000 16.00000 27.00000 28.00000 20.00000
22.00000 16.00000 10.00000 11.00000 20.00000 22.00000 7.00000 0.00000 19.00000 26.00000 27.00000 22.00000
11.00000 5.00000 14.00000 19.00000 2.00000 11.00000 16.00000 19.00000 0.00000 34.00000 35.00000 11.00000
37.00000 31.00000 27.00000 20.00000 34.00000 37.00000 27.00000 26.00000 33.00000 0.00000 3.00000 37.00000
37.00000 31.00000 28.00000 21.00000 35.00000 37.00000 28.00000 27.00000 34.00000 3.00000 0.00000 37.00000
0.00000 9.00000 17.00000 22.00000 12.00000 0.00000 19.00000 22.00000 11.00000 37.00000 38.00000 0.00000
p
0.0 0.0 0.0 0.0 0.0 0.0 
0.0 0.0 0.0 0.0 0.0 0.0 
0.0 0.0 0.0 0.0 0.0 0.0 
22 0 0 60 0 0 
22 0 0 60 0 0 
22 0 0 60 0 0 
0 0 0 0 45 0 
0 0 0 0 45 0 
0 0 0 0 45 0 
0 0 0 0 0 33 
0 0 0 0 0 33 
0 0 0 0 0 33 
0 44 0 0 56 0 
0 44 0 0 56 0 
0 44 0 0 56 0 
0 0 34 0 0 0 
0 0 34 0 0 0 
0 0 34 0 0 0 
0 0 0 0 57 0 
0 0 0 0 57 0 
0 0 0 0 57 0 
0 0 0 0 0 42 
0 0 0 0 0 42 
0 0 0 0 0 42 
0 0 21 0 0 0 
0 0 21 0 0 0 
0 0 21 0 0 0 
21 0 0 0 0 51 
21 0 0 0 0 51 
21 0 0 0 0 51 
0 31 0 59 0 0 
0 31 0 59 0 0 
0 31 0 59 0 0 
0.0 0.0 0.0 0.0 0.0 0.0 
0.0 0.0 0.0 0.0 0.0 0.0 
0.0 0.0 0.0 0.0 0.0 0.0 
mind
0 0 0 0 11 0 0 0 0 0 17 0
maxd
0 0 0 0 13 0 0 0 0 0 25 0
e
0 522 514 764 634 506 732 509 866 736 493 0
l
99999 642 634 884 754 626 852 629 986 856 613 99999
