nbNodes
12
nbVehi
3
nbServi
6
r
1 1 1 1 1 1 
0 0 0 1 0 0 
0 0 1 0 1 0 
0 1 0 0 0 1 
0 1 0 1 0 0 
1 0 0 0 1 0 
0 0 0 0 0 1 
0 0 0 0 0 1 
0 0 0 0 1 0 
1 0 0 0 0 0 
0 0 0 0 0 1 
1 1 1 1 1 1 
DS
3 4 5 6 
a
1 1 1 0 0 0 
0 0 0 1 1 1 
0 0 0 0 1 1 
x
-30.0064 -30.0882 -30.0064 -30.0452 -30.0423 -30.0336 -30.058 -30.0444 -30.084 -29.9845 -30.1011 -30.0064
y
-51.1607 -51.1822 -51.1607 -51.1691 -51.1284 -51.1576 -51.1428 -51.147 -51.1946 -51.1956 -51.1699 -51.1607
d
0.00000 24.00000 0.00000 11.00000 14.00000 8.00000 15.00000 11.00000 20.00000 10.00000 27.00000 0.00000
23.00000 0.00000 23.00000 15.00000 21.00000 19.00000 18.00000 17.00000 4.00000 24.00000 6.00000 23.00000
0.00000 24.00000 0.00000 11.00000 14.00000 8.00000 15.00000 11.00000 20.00000 10.00000 27.00000 0.00000
11.00000 15.00000 11.00000 0.00000 8.00000 6.00000 9.00000 6.00000 12.00000 14.00000 19.00000 11.00000
14.00000 24.00000 14.00000 11.00000 0.00000 9.00000 9.00000 7.00000 20.00000 20.00000 24.00000 14.00000
8.00000 20.00000 8.00000 6.00000 8.00000 0.00000 9.00000 5.00000 17.00000 15.00000 23.00000 8.00000
14.00000 18.00000 14.00000 8.00000 8.00000 9.00000 0.00000 6.00000 15.00000 20.00000 18.00000 14.00000
10.00000 19.00000 10.00000 7.00000 5.00000 5.00000 6.00000 0.00000 15.00000 17.00000 21.00000 10.00000
20.00000 4.00000 20.00000 11.00000 18.00000 16.00000 14.00000 14.00000 0.00000 20.00000 7.00000 20.00000
11.00000 24.00000 11.00000 15.00000 21.00000 15.00000 22.00000 18.00000 21.00000 0.00000 27.00000 11.00000
26.00000 6.00000 26.00000 18.00000 23.00000 23.00000 18.00000 21.00000 7.00000 27.00000 0.00000 26.00000
0.00000 24.00000 0.00000 11.00000 14.00000 8.00000 15.00000 11.00000 20.00000 10.00000 27.00000 0.00000
p
0.0 0.0 0.0 0.0 0.0 0.0 
0.0 0.0 0.0 0.0 0.0 0.0 
0.0 0.0 0.0 0.0 0.0 0.0 
0 0 0 15 0 0 
0 0 0 15 0 0 
0 0 0 15 0 0 
0 0 22 0 57 0 
0 0 22 0 57 0 
0 0 22 0 57 0 
0 34 0 0 0 21 
0 34 0 0 0 21 
0 34 0 0 0 21 
0 22 0 29 0 0 
0 22 0 29 0 0 
0 22 0 29 0 0 
46 0 0 0 34 0 
46 0 0 0 34 0 
46 0 0 0 34 0 
0 0 0 0 0 41 
0 0 0 0 0 41 
0 0 0 0 0 41 
0 0 0 0 0 22 
0 0 0 0 0 22 
0 0 0 0 0 22 
0 0 0 0 18 0 
0 0 0 0 18 0 
0 0 0 0 18 0 
15 0 0 0 0 0 
15 0 0 0 0 0 
15 0 0 0 0 0 
0 0 0 0 0 34 
0 0 0 0 0 34 
0 0 0 0 0 34 
0.0 0.0 0.0 0.0 0.0 0.0 
0.0 0.0 0.0 0.0 0.0 0.0 
0.0 0.0 0.0 0.0 0.0 0.0 
mind
0 0 17 0 0 13 0 0 0 0 0 0
maxd
0 0 29 0 0 29 0 0 0 0 0 0
e
0 844 707 675 772 907 701 604 807 694 815 0
l
99999 964 827 795 892 1027 821 724 927 814 935 99999
