nbNodes
12
nbVehi
3
nbServi
6
r
1 1 1 1 1 1 
1 0 0 1 0 0 
1 0 0 0 1 0 
0 0 0 1 0 0 
0 1 0 0 0 0 
0 0 0 0 0 1 
1 0 0 0 0 0 
1 0 0 1 0 0 
1 0 0 0 0 0 
1 0 0 0 1 0 
0 0 0 0 1 0 
1 1 1 1 1 1 
DS
2 3 8 10 
a
1 1 1 0 0 0 
0 0 0 0 1 0 
0 0 0 1 1 1 
x
-30.0921 -30.0212 -30.0734 -30.0081 -30.0252 -30.0172 -30.0921 -30.0755 -30.1559 -30.0659 -30.0926 -30.0921
y
-51.2382 -51.1392 -51.2228 -51.1853 -51.181 -51.1646 -51.2382 -51.178 -51.1802 -51.1901 -51.1773 -51.2382
d
0.00000 25.00000 8.00000 21.00000 19.00000 22.00000 0.00000 16.00000 20.00000 14.00000 16.00000 0.00000
26.00000 0.00000 24.00000 14.00000 11.00000 10.00000 26.00000 20.00000 39.00000 17.00000 26.00000 26.00000
7.00000 24.00000 0.00000 17.00000 16.00000 18.00000 7.00000 14.00000 24.00000 11.00000 14.00000 7.00000
23.00000 10.00000 18.00000 0.00000 7.00000 5.00000 23.00000 20.00000 36.00000 14.00000 23.00000 23.00000
20.00000 11.00000 16.00000 6.00000 0.00000 4.00000 20.00000 16.00000 33.00000 11.00000 20.00000 20.00000
22.00000 8.00000 19.00000 8.00000 5.00000 0.00000 22.00000 16.00000 35.00000 13.00000 22.00000 22.00000
0.00000 25.00000 8.00000 21.00000 19.00000 22.00000 0.00000 16.00000 20.00000 14.00000 16.00000 0.00000
14.00000 19.00000 13.00000 17.00000 13.00000 17.00000 14.00000 0.00000 27.00000 8.00000 14.00000 14.00000
18.00000 37.00000 24.00000 34.00000 31.00000 34.00000 18.00000 27.00000 0.00000 25.00000 18.00000 18.00000
11.00000 16.00000 10.00000 14.00000 11.00000 14.00000 11.00000 7.00000 24.00000 0.00000 12.00000 11.00000
15.00000 24.00000 14.00000 21.00000 18.00000 21.00000 15.00000 14.00000 18.00000 12.00000 0.00000 15.00000
0.00000 25.00000 8.00000 21.00000 19.00000 22.00000 0.00000 16.00000 20.00000 14.00000 16.00000 0.00000
p
0.0 0.0 0.0 0.0 0.0 0.0 
0.0 0.0 0.0 0.0 0.0 0.0 
0.0 0.0 0.0 0.0 0.0 0.0 
51 0 0 45 0 0 
51 0 0 45 0 0 
51 0 0 45 0 0 
15 0 0 0 24 0 
15 0 0 0 24 0 
15 0 0 0 24 0 
0 0 0 19 0 0 
0 0 0 19 0 0 
0 0 0 19 0 0 
0 32 0 0 0 0 
0 32 0 0 0 0 
0 32 0 0 0 0 
0 0 0 0 0 58 
0 0 0 0 0 58 
0 0 0 0 0 58 
45 0 0 0 0 0 
45 0 0 0 0 0 
45 0 0 0 0 0 
40 0 0 28 0 0 
40 0 0 28 0 0 
40 0 0 28 0 0 
49 0 0 0 0 0 
49 0 0 0 0 0 
49 0 0 0 0 0 
31 0 0 0 16 0 
31 0 0 0 16 0 
31 0 0 0 16 0 
0 0 0 0 20 0 
0 0 0 0 20 0 
0 0 0 0 20 0 
0.0 0.0 0.0 0.0 0.0 0.0 
0.0 0.0 0.0 0.0 0.0 0.0 
0.0 0.0 0.0 0.0 0.0 0.0 
mind
0 0 0 0 0 0 0 15 0 26 0 0
maxd
0 0 0 0 0 0 0 26 0 28 0 0
e
0 577 551 504 624 888 514 873 639 512 870 0
l
99999 697 671 624 744 1008 634 993 759 632 990 99999
