nbNodes
12
nbVehi
3
nbServi
6
r
1 1 1 1 1 1 
0 0 0 1 0 0 
0 0 1 1 0 0 
0 1 0 0 0 0 
1 0 0 0 1 0 
0 0 0 0 1 0 
0 1 0 0 0 1 
0 0 0 0 1 0 
0 0 0 0 0 1 
1 0 0 0 0 0 
0 0 1 0 0 1 
1 1 1 1 1 1 
DS
3 5 7 11 
a
1 1 1 0 0 0 
0 0 0 0 1 0 
0 0 0 1 1 1 
x
-30.023 -30.0081 -30.023 -30.0172 -30.0212 -30.0926 -30.1559 -30.0734 -30.0659 -30.0252 -30.0755 -30.023
y
-51.1888 -51.1853 -51.1888 -51.1646 -51.1392 -51.1773 -51.1802 -51.2228 -51.1901 -51.181 -51.178 -51.1888
d
0.00000 5.00000 0.00000 7.00000 13.00000 19.00000 32.00000 14.00000 12.00000 5.00000 16.00000 0.00000
6.00000 0.00000 6.00000 5.00000 10.00000 23.00000 36.00000 18.00000 14.00000 7.00000 20.00000 6.00000
0.00000 5.00000 0.00000 7.00000 13.00000 19.00000 32.00000 14.00000 12.00000 5.00000 16.00000 0.00000
7.00000 8.00000 7.00000 0.00000 8.00000 22.00000 35.00000 19.00000 13.00000 5.00000 16.00000 7.00000
13.00000 14.00000 13.00000 10.00000 0.00000 26.00000 39.00000 24.00000 17.00000 11.00000 20.00000 13.00000
19.00000 21.00000 19.00000 21.00000 24.00000 0.00000 18.00000 14.00000 12.00000 18.00000 14.00000 19.00000
33.00000 34.00000 33.00000 34.00000 37.00000 18.00000 0.00000 24.00000 25.00000 31.00000 27.00000 33.00000
15.00000 17.00000 15.00000 18.00000 24.00000 14.00000 24.00000 0.00000 11.00000 16.00000 14.00000 15.00000
12.00000 14.00000 12.00000 14.00000 16.00000 12.00000 24.00000 10.00000 0.00000 11.00000 7.00000 12.00000
5.00000 6.00000 5.00000 4.00000 11.00000 20.00000 33.00000 16.00000 11.00000 0.00000 16.00000 5.00000
16.00000 17.00000 16.00000 17.00000 19.00000 14.00000 27.00000 13.00000 8.00000 13.00000 0.00000 16.00000
0.00000 5.00000 0.00000 7.00000 13.00000 19.00000 32.00000 14.00000 12.00000 5.00000 16.00000 0.00000
p
0.0 0.0 0.0 0.0 0.0 0.0 
0.0 0.0 0.0 0.0 0.0 0.0 
0.0 0.0 0.0 0.0 0.0 0.0 
0 0 0 27 0 0 
0 0 0 27 0 0 
0 0 0 27 0 0 
0 0 31 53 0 0 
0 0 31 53 0 0 
0 0 31 53 0 0 
0 17 0 0 0 0 
0 17 0 0 0 0 
0 17 0 0 0 0 
27 0 0 0 45 0 
27 0 0 0 45 0 
27 0 0 0 45 0 
0 0 0 0 28 0 
0 0 0 0 28 0 
0 0 0 0 28 0 
0 50 0 0 0 28 
0 50 0 0 0 28 
0 50 0 0 0 28 
0 0 0 0 16 0 
0 0 0 0 16 0 
0 0 0 0 16 0 
0 0 0 0 0 51 
0 0 0 0 0 51 
0 0 0 0 0 51 
54 0 0 0 0 0 
54 0 0 0 0 0 
54 0 0 0 0 0 
0 0 56 0 0 23 
0 0 56 0 0 23 
0 0 56 0 0 23 
0.0 0.0 0.0 0.0 0.0 0.0 
0.0 0.0 0.0 0.0 0.0 0.0 
0.0 0.0 0.0 0.0 0.0 0.0 
mind
0 0 12 0 0 0 0 0 0 0 16 0
maxd
0 0 22 0 0 0 0 0 0 0 24 0
e
0 913 939 553 799 603 741 598 843 561 648 0
l
99999 1033 1059 673 919 723 861 718 963 681 768 99999
