nbNodes
12
nbVehi
3
nbServi
6
r
1 1 1 1 1 1 
1 0 0 0 1 0 
0 0 0 0 1 0 
0 0 0 1 0 0 
1 0 0 1 0 0 
1 0 0 0 0 0 
0 1 0 1 0 0 
0 0 0 0 0 1 
1 0 0 0 0 0 
0 1 0 0 0 1 
1 0 0 0 0 0 
1 1 1 1 1 1 
DS
2 5 7 10 
a
1 1 1 0 0 0 
0 0 0 1 1 1 
0 0 0 0 1 0 
x
-30.1551 -30.1591 -30.1551 -30.1574 -30.1634 -30.1519 -30.1831 -30.1594 -30.1625 -30.1663 -30.1578 -30.1551
y
-51.2069 -51.1348 -51.2069 -51.1692 -51.1904 -51.1397 -51.181 -51.1775 -51.1742 -51.1403 -51.1674 -51.2069
d
0.00000 16.00000 0.00000 9.00000 7.00000 16.00000 13.00000 9.00000 10.00000 15.00000 10.00000 0.00000
17.00000 0.00000 17.00000 9.00000 13.00000 4.00000 13.00000 10.00000 9.00000 5.00000 9.00000 17.00000
0.00000 16.00000 0.00000 9.00000 7.00000 16.00000 13.00000 9.00000 10.00000 15.00000 10.00000 0.00000
10.00000 9.00000 10.00000 0.00000 6.00000 9.00000 11.00000 4.00000 4.00000 7.00000 3.00000 10.00000
8.00000 13.00000 8.00000 6.00000 0.00000 13.00000 9.00000 6.00000 5.00000 11.00000 7.00000 8.00000
16.00000 3.00000 16.00000 8.00000 12.00000 0.00000 13.00000 10.00000 9.00000 7.00000 9.00000 16.00000
14.00000 13.00000 14.00000 10.00000 9.00000 13.00000 0.00000 10.00000 9.00000 12.00000 11.00000 14.00000
10.00000 10.00000 10.00000 3.00000 6.00000 11.00000 10.00000 0.00000 2.00000 9.00000 5.00000 10.00000
10.00000 9.00000 10.00000 3.00000 5.00000 10.00000 9.00000 2.00000 0.00000 8.00000 4.00000 10.00000
15.00000 5.00000 15.00000 7.00000 11.00000 7.00000 12.00000 9.00000 8.00000 0.00000 8.00000 15.00000
11.00000 9.00000 11.00000 3.00000 7.00000 9.00000 12.00000 5.00000 5.00000 8.00000 0.00000 11.00000
0.00000 16.00000 0.00000 9.00000 7.00000 16.00000 13.00000 9.00000 10.00000 15.00000 10.00000 0.00000
p
0.0 0.0 0.0 0.0 0.0 0.0 
0.0 0.0 0.0 0.0 0.0 0.0 
0.0 0.0 0.0 0.0 0.0 0.0 
31 0 0 0 32 0 
31 0 0 0 32 0 
31 0 0 0 32 0 
0 0 0 0 22 0 
0 0 0 0 22 0 
0 0 0 0 22 0 
0 0 0 18 0 0 
0 0 0 18 0 0 
0 0 0 18 0 0 
37 0 0 32 0 0 
37 0 0 32 0 0 
37 0 0 32 0 0 
24 0 0 0 0 0 
24 0 0 0 0 0 
24 0 0 0 0 0 
0 47 0 33 0 0 
0 47 0 33 0 0 
0 47 0 33 0 0 
0 0 0 0 0 18 
0 0 0 0 0 18 
0 0 0 0 0 18 
45 0 0 0 0 0 
45 0 0 0 0 0 
45 0 0 0 0 0 
0 59 0 0 0 22 
0 59 0 0 0 22 
0 59 0 0 0 22 
26 0 0 0 0 0 
26 0 0 0 0 0 
26 0 0 0 0 0 
0.0 0.0 0.0 0.0 0.0 0.0 
0.0 0.0 0.0 0.0 0.0 0.0 
0.0 0.0 0.0 0.0 0.0 0.0 
mind
0 0 0 0 14 0 11 0 0 0 0 0
maxd
0 0 0 0 24 0 27 0 0 0 0 0
e
0 540 518 530 561 640 691 559 618 533 748 0
l
99999 660 638 650 681 760 811 679 738 653 868 99999
