nbNodes
12
nbVehi
3
nbServi
6
r
1 1 1 1 1 1 
0 0 0 0 0 1 
0 0 1 0 0 0 
0 0 1 0 0 0 
0 1 0 0 0 0 
0 1 0 0 0 0 
0 0 1 1 0 0 
0 0 1 0 1 0 
0 0 1 0 0 1 
0 0 0 0 1 0 
0 0 1 0 1 0 
1 1 1 1 1 1 
DS
7 8 9 11 
a
1 1 1 0 0 0 
0 0 0 0 1 1 
0 0 0 1 1 1 
x
-30.0013 -30.0378 -30.0543 -30.0495 -30.1245 -30.0698 -30.1158 -30.0569 -30.0013 -30.0437 -30.1567 -30.0013
y
-51.0929 -51.2047 -51.1798 -51.1571 -51.1097 -51.2112 -51.1115 -51.1923 -51.0929 -51.1537 -51.1439 -51.0929
d
0.00000 25.00000 24.00000 18.00000 32.00000 29.00000 31.00000 25.00000 0.00000 16.00000 42.00000 0.00000
24.00000 0.00000 7.00000 11.00000 25.00000 8.00000 23.00000 5.00000 24.00000 9.00000 32.00000 24.00000
22.00000 8.00000 0.00000 8.00000 22.00000 9.00000 21.00000 5.00000 22.00000 7.00000 32.00000 22.00000
18.00000 11.00000 7.00000 0.00000 19.00000 13.00000 18.00000 9.00000 18.00000 3.00000 32.00000 18.00000
32.00000 26.00000 22.00000 19.00000 0.00000 26.00000 4.00000 22.00000 32.00000 21.00000 16.00000 32.00000
29.00000 9.00000 9.00000 13.00000 26.00000 0.00000 25.00000 9.00000 29.00000 14.00000 27.00000 29.00000
32.00000 25.00000 20.00000 18.00000 3.00000 25.00000 0.00000 21.00000 32.00000 19.00000 17.00000 32.00000
24.00000 7.00000 4.00000 8.00000 22.00000 8.00000 21.00000 0.00000 24.00000 10.00000 31.00000 24.00000
0.00000 25.00000 24.00000 18.00000 32.00000 29.00000 31.00000 25.00000 0.00000 16.00000 42.00000 0.00000
16.00000 11.00000 9.00000 3.00000 20.00000 14.00000 19.00000 11.00000 16.00000 0.00000 34.00000 16.00000
41.00000 33.00000 29.00000 32.00000 17.00000 26.00000 17.00000 30.00000 41.00000 33.00000 0.00000 41.00000
0.00000 25.00000 24.00000 18.00000 32.00000 29.00000 31.00000 25.00000 0.00000 16.00000 42.00000 0.00000
p
0.0 0.0 0.0 0.0 0.0 0.0 
0.0 0.0 0.0 0.0 0.0 0.0 
0.0 0.0 0.0 0.0 0.0 0.0 
0 0 0 0 0 56 
0 0 0 0 0 56 
0 0 0 0 0 56 
0 0 17 0 0 0 
0 0 17 0 0 0 
0 0 17 0 0 0 
0 0 28 0 0 0 
0 0 28 0 0 0 
0 0 28 0 0 0 
0 40 0 0 0 0 
0 40 0 0 0 0 
0 40 0 0 0 0 
0 55 0 0 0 0 
0 55 0 0 0 0 
0 55 0 0 0 0 
0 0 39 36 0 0 
0 0 39 36 0 0 
0 0 39 36 0 0 
0 0 47 0 41 0 
0 0 47 0 41 0 
0 0 47 0 41 0 
0 0 59 0 0 50 
0 0 59 0 0 50 
0 0 59 0 0 50 
0 0 0 0 41 0 
0 0 0 0 41 0 
0 0 0 0 41 0 
0 0 33 0 55 0 
0 0 33 0 55 0 
0 0 33 0 55 0 
0.0 0.0 0.0 0.0 0.0 0.0 
0.0 0.0 0.0 0.0 0.0 0.0 
0.0 0.0 0.0 0.0 0.0 0.0 
mind
0 0 0 0 0 0 13 0 14 0 0 0
maxd
0 0 0 0 0 0 22 0 16 0 0 0
e
0 898 626 688 548 496 836 898 621 686 782 0
l
99999 1018 746 808 668 616 956 1018 741 806 902 99999
