nbNodes
12
nbVehi
3
nbServi
6
r
1 1 1 1 1 1 
0 1 0 0 0 1 
0 0 0 0 0 1 
1 0 0 0 1 0 
1 0 0 0 1 0 
0 0 0 0 0 1 
0 0 1 0 0 0 
1 0 0 0 1 0 
0 0 0 0 0 1 
0 0 0 0 0 1 
0 0 0 1 0 0 
1 1 1 1 1 1 
DS
2 4 5 8 
a
1 1 1 0 0 0 
0 0 0 1 1 1 
0 0 0 0 1 1 
x
-30.0803 -30.0036 -30.0756 -30.0501 -30.0234 -30.1583 -30.0803 -30.0804 -30.0779 -30.0711 -30.1583 -30.0803
y
-51.1606 -51.1912 -51.2253 -51.1873 -51.0886 -51.1997 -51.1606 -51.1661 -51.191 -51.2233 -51.182 -51.1606
d
0.00000 20.00000 21.00000 15.00000 26.00000 32.00000 0.00000 9.00000 18.00000 21.00000 30.00000 0.00000
21.00000 0.00000 17.00000 11.00000 21.00000 33.00000 21.00000 20.00000 18.00000 16.00000 36.00000 21.00000
20.00000 17.00000 0.00000 13.00000 31.00000 21.00000 20.00000 19.00000 11.00000 2.00000 24.00000 20.00000
14.00000 12.00000 13.00000 0.00000 22.00000 25.00000 14.00000 14.00000 10.00000 12.00000 28.00000 14.00000
26.00000 20.00000 31.00000 22.00000 0.00000 44.00000 26.00000 28.00000 29.00000 31.00000 46.00000 26.00000
32.00000 32.00000 21.00000 25.00000 42.00000 0.00000 32.00000 31.00000 22.00000 22.00000 5.00000 32.00000
0.00000 20.00000 21.00000 15.00000 26.00000 32.00000 0.00000 9.00000 18.00000 21.00000 30.00000 0.00000
9.00000 20.00000 19.00000 14.00000 28.00000 31.00000 9.00000 0.00000 15.00000 20.00000 29.00000 9.00000
16.00000 16.00000 11.00000 9.00000 26.00000 23.00000 16.00000 15.00000 0.00000 10.00000 24.00000 16.00000
20.00000 16.00000 2.00000 12.00000 30.00000 22.00000 20.00000 20.00000 11.00000 0.00000 25.00000 20.00000
30.00000 35.00000 24.00000 28.00000 45.00000 5.00000 30.00000 29.00000 24.00000 25.00000 0.00000 30.00000
0.00000 20.00000 21.00000 15.00000 26.00000 32.00000 0.00000 9.00000 18.00000 21.00000 30.00000 0.00000
p
0.0 0.0 0.0 0.0 0.0 0.0 
0.0 0.0 0.0 0.0 0.0 0.0 
0.0 0.0 0.0 0.0 0.0 0.0 
0 15 0 0 0 39 
0 15 0 0 0 39 
0 15 0 0 0 39 
0 0 0 0 0 59 
0 0 0 0 0 59 
0 0 0 0 0 59 
22 0 0 0 58 0 
22 0 0 0 58 0 
22 0 0 0 58 0 
39 0 0 0 40 0 
39 0 0 0 40 0 
39 0 0 0 40 0 
0 0 0 0 0 36 
0 0 0 0 0 36 
0 0 0 0 0 36 
0 0 46 0 0 0 
0 0 46 0 0 0 
0 0 46 0 0 0 
46 0 0 0 39 0 
46 0 0 0 39 0 
46 0 0 0 39 0 
0 0 0 0 0 36 
0 0 0 0 0 36 
0 0 0 0 0 36 
0 0 0 0 0 44 
0 0 0 0 0 44 
0 0 0 0 0 44 
0 0 0 17 0 0 
0 0 0 17 0 0 
0 0 0 17 0 0 
0.0 0.0 0.0 0.0 0.0 0.0 
0.0 0.0 0.0 0.0 0.0 0.0 
0.0 0.0 0.0 0.0 0.0 0.0 
mind
0 0 0 20 22 0 0 0 0 0 0 0
maxd
0 0 0 28 30 0 0 0 0 0 0 0
e
0 732 762 845 729 746 506 704 855 723 778 0
l
99999 852 882 965 849 866 626 824 975 843 898 99999
