nbNodes
12
nbVehi
3
nbServi
6
r
1 1 1 1 1 1 
0 0 1 0 1 0 
0 0 0 0 0 1 
0 0 0 0 0 1 
1 0 0 0 0 0 
0 0 0 0 1 0 
0 0 1 0 0 0 
0 0 0 0 0 1 
0 1 0 0 1 0 
1 0 0 0 1 0 
1 0 0 0 0 1 
1 1 1 1 1 1 
DS
2 9 10 11 
a
1 1 1 0 0 0 
0 0 0 1 0 1 
0 0 0 1 1 1 
x
-30.071 -30.0379 -30.0679 -30.028 -30.0156 -30.1453 -30.0248 -30.071 -30.0721 -30.1314 -30.1256 -30.071
y
-51.2209 -51.1252 -51.223 -51.1095 -51.1127 -51.2095 -51.1094 -51.2209 -51.2199 -51.2026 -51.2182 -51.2209
d
0.00000 22.00000 2.00000 27.00000 25.00000 19.00000 26.00000 0.00000 1.00000 19.00000 15.00000 0.00000
22.00000 0.00000 21.00000 8.00000 6.00000 32.00000 6.00000 22.00000 22.00000 32.00000 28.00000 22.00000
2.00000 21.00000 0.00000 27.00000 25.00000 20.00000 25.00000 2.00000 3.00000 20.00000 16.00000 2.00000
28.00000 8.00000 27.00000 0.00000 7.00000 38.00000 4.00000 28.00000 28.00000 38.00000 34.00000 28.00000
27.00000 7.00000 26.00000 7.00000 0.00000 37.00000 4.00000 27.00000 27.00000 37.00000 33.00000 27.00000
18.00000 31.00000 20.00000 37.00000 35.00000 0.00000 35.00000 18.00000 18.00000 8.00000 6.00000 18.00000
27.00000 6.00000 26.00000 4.00000 4.00000 36.00000 0.00000 27.00000 26.00000 36.00000 32.00000 27.00000
0.00000 22.00000 2.00000 27.00000 25.00000 19.00000 26.00000 0.00000 1.00000 19.00000 15.00000 0.00000
1.00000 22.00000 3.00000 27.00000 25.00000 18.00000 26.00000 1.00000 0.00000 18.00000 14.00000 1.00000
18.00000 31.00000 19.00000 36.00000 34.00000 9.00000 35.00000 18.00000 17.00000 0.00000 7.00000 18.00000
14.00000 27.00000 15.00000 33.00000 31.00000 7.00000 31.00000 14.00000 14.00000 7.00000 0.00000 14.00000
0.00000 22.00000 2.00000 27.00000 25.00000 19.00000 26.00000 0.00000 1.00000 19.00000 15.00000 0.00000
p
0.0 0.0 0.0 0.0 0.0 0.0 
0.0 0.0 0.0 0.0 0.0 0.0 
0.0 0.0 0.0 0.0 0.0 0.0 
0 0 42 0 59 0 
0 0 42 0 59 0 
0 0 42 0 59 0 
0 0 0 0 0 53 
0 0 0 0 0 53 
0 0 0 0 0 53 
0 0 0 0 0 42 
0 0 0 0 0 42 
0 0 0 0 0 42 
54 0 0 0 0 0 
54 0 0 0 0 0 
54 0 0 0 0 0 
0 0 0 0 34 0 
0 0 0 0 34 0 
0 0 0 0 34 0 
0 0 49 0 0 0 
0 0 49 0 0 0 
0 0 49 0 0 0 
0 0 0 0 0 22 
0 0 0 0 0 22 
0 0 0 0 0 22 
0 33 0 0 24 0 
0 33 0 0 24 0 
0 33 0 0 24 0 
34 0 0 0 24 0 
34 0 0 0 24 0 
34 0 0 0 24 0 
34 0 0 0 0 53 
34 0 0 0 0 53 
34 0 0 0 0 53 
0.0 0.0 0.0 0.0 0.0 0.0 
0.0 0.0 0.0 0.0 0.0 0.0 
0.0 0.0 0.0 0.0 0.0 0.0 
mind
0 0 0 0 0 0 0 0 0 15 11 0
maxd
0 0 0 0 0 0 0 0 0 16 20 0
e
0 607 550 717 912 895 680 630 527 650 948 0
l
99999 727 670 837 1032 1015 800 750 647 770 1068 99999
