nbNodes
12
nbVehi
3
nbServi
6
r
1 1 1 1 1 1 
0 0 0 0 1 0 
1 0 0 0 0 0 
0 0 1 0 0 0 
0 0 1 0 1 0 
0 1 0 0 1 0 
0 1 0 0 1 0 
0 0 0 0 1 0 
0 0 1 0 0 0 
0 0 1 0 0 1 
0 1 0 0 0 0 
1 1 1 1 1 1 
DS
5 6 7 10 
a
1 1 1 0 0 0 
0 0 0 1 0 1 
0 0 0 0 1 0 
x
-30.1564 -30.0311 -30.0157 -30.1564 -30.0495 -30.1638 -29.9847 -30.1281 -30.0263 -30.1029 -30.0757 -30.1564
y
-51.1399 -51.1176 -51.1448 -51.1399 -51.1608 -51.1743 -51.0944 -51.1099 -51.2071 -51.139 -51.1839 -51.1399
d
0.00000 38.00000 39.00000 0.00000 31.00000 8.00000 43.00000 13.00000 37.00000 19.00000 30.00000 0.00000
38.00000 0.00000 12.00000 38.00000 12.00000 42.00000 13.00000 25.00000 20.00000 21.00000 20.00000 38.00000
39.00000 11.00000 0.00000 39.00000 10.00000 41.00000 14.00000 27.00000 15.00000 23.00000 19.00000 39.00000
0.00000 38.00000 39.00000 0.00000 31.00000 8.00000 43.00000 13.00000 37.00000 19.00000 30.00000 0.00000
32.00000 11.00000 10.00000 32.00000 0.00000 33.00000 20.00000 19.00000 15.00000 15.00000 11.00000 32.00000
8.00000 40.00000 39.00000 8.00000 32.00000 0.00000 49.00000 20.00000 35.00000 23.00000 27.00000 8.00000
44.00000 14.00000 15.00000 44.00000 20.00000 50.00000 0.00000 34.00000 24.00000 30.00000 29.00000 44.00000
13.00000 25.00000 27.00000 13.00000 19.00000 20.00000 34.00000 0.00000 29.00000 12.00000 24.00000 13.00000
36.00000 18.00000 14.00000 36.00000 13.00000 33.00000 23.00000 27.00000 0.00000 23.00000 14.00000 36.00000
20.00000 21.00000 23.00000 20.00000 15.00000 23.00000 30.00000 12.00000 25.00000 0.00000 20.00000 20.00000
30.00000 20.00000 19.00000 30.00000 12.00000 28.00000 29.00000 24.00000 16.00000 20.00000 0.00000 30.00000
0.00000 38.00000 39.00000 0.00000 31.00000 8.00000 43.00000 13.00000 37.00000 19.00000 30.00000 0.00000
p
0.0 0.0 0.0 0.0 0.0 0.0 
0.0 0.0 0.0 0.0 0.0 0.0 
0.0 0.0 0.0 0.0 0.0 0.0 
0 0 0 0 35 0 
0 0 0 0 35 0 
0 0 0 0 35 0 
33 0 0 0 0 0 
33 0 0 0 0 0 
33 0 0 0 0 0 
0 0 36 0 0 0 
0 0 36 0 0 0 
0 0 36 0 0 0 
0 0 59 0 60 0 
0 0 59 0 60 0 
0 0 59 0 60 0 
0 43 0 0 50 0 
0 43 0 0 50 0 
0 43 0 0 50 0 
0 37 0 0 43 0 
0 37 0 0 43 0 
0 37 0 0 43 0 
0 0 0 0 33 0 
0 0 0 0 33 0 
0 0 0 0 33 0 
0 0 34 0 0 0 
0 0 34 0 0 0 
0 0 34 0 0 0 
0 0 39 0 0 55 
0 0 39 0 0 55 
0 0 39 0 0 55 
0 20 0 0 0 0 
0 20 0 0 0 0 
0 20 0 0 0 0 
0.0 0.0 0.0 0.0 0.0 0.0 
0.0 0.0 0.0 0.0 0.0 0.0 
0.0 0.0 0.0 0.0 0.0 0.0 
mind
0 0 0 0 25 18 0 0 0 0 0 0
maxd
0 0 0 0 30 22 0 0 0 0 0 0
e
0 524 912 688 946 786 793 790 669 760 930 0
l
99999 644 1032 808 1066 906 913 910 789 880 1050 99999
