nbNodes
12
nbVehi
3
nbServi
6
r
1 1 1 1 1 1 
0 1 0 0 1 0 
0 0 1 0 0 0 
1 0 0 1 0 0 
0 0 0 1 0 0 
0 0 0 0 1 0 
1 0 0 0 0 0 
0 1 0 0 0 0 
0 0 1 1 0 0 
0 1 0 1 0 0 
0 1 0 0 0 0 
1 1 1 1 1 1 
DS
2 4 9 10 
a
1 1 1 0 0 0 
0 0 0 1 1 0 
0 0 0 1 1 1 
x
-30.1168 -30.1447 -30.1459 -30.1168 -30.1311 -30.0798 -30.074 -30.0354 -29.9851 -30.0695 -30.0398 -30.1168
y
-51.2489 -51.2079 -51.2075 -51.2489 -51.2037 -51.2 -51.1697 -51.1797 -51.1985 -51.1991 -51.222 -51.2489
d
0.00000 12.00000 12.00000 0.00000 15.00000 14.00000 21.00000 23.00000 27.00000 16.00000 19.00000 0.00000
12.00000 0.00000 1.00000 12.00000 9.00000 17.00000 24.00000 26.00000 33.00000 19.00000 25.00000 12.00000
12.00000 1.00000 0.00000 12.00000 8.00000 16.00000 24.00000 26.00000 33.00000 19.00000 24.00000 12.00000
0.00000 12.00000 12.00000 0.00000 15.00000 14.00000 21.00000 23.00000 27.00000 16.00000 19.00000 0.00000
15.00000 9.00000 9.00000 15.00000 0.00000 16.00000 24.00000 26.00000 33.00000 19.00000 24.00000 15.00000
14.00000 17.00000 17.00000 14.00000 18.00000 0.00000 10.00000 12.00000 19.00000 4.00000 10.00000 14.00000
22.00000 25.00000 25.00000 22.00000 26.00000 11.00000 0.00000 12.00000 20.00000 10.00000 14.00000 22.00000
21.00000 25.00000 25.00000 21.00000 26.00000 12.00000 11.00000 0.00000 12.00000 10.00000 12.00000 21.00000
27.00000 32.00000 32.00000 27.00000 33.00000 19.00000 20.00000 12.00000 0.00000 18.00000 12.00000 27.00000
14.00000 17.00000 17.00000 14.00000 18.00000 4.00000 9.00000 12.00000 18.00000 0.00000 10.00000 14.00000
17.00000 23.00000 23.00000 17.00000 24.00000 10.00000 13.00000 11.00000 13.00000 9.00000 0.00000 17.00000
0.00000 12.00000 12.00000 0.00000 15.00000 14.00000 21.00000 23.00000 27.00000 16.00000 19.00000 0.00000
p
0.0 0.0 0.0 0.0 0.0 0.0 
0.0 0.0 0.0 0.0 0.0 0.0 
0.0 0.0 0.0 0.0 0.0 0.0 
0 15 0 0 60 0 
0 15 0 0 60 0 
0 15 0 0 60 0 
0 0 26 0 0 0 
0 0 26 0 0 0 
0 0 26 0 0 0 
34 0 0 21 0 0 
34 0 0 21 0 0 
34 0 0 21 0 0 
0 0 0 49 0 0 
0 0 0 49 0 0 
0 0 0 49 0 0 
0 0 0 0 20 0 
0 0 0 0 20 0 
0 0 0 0 20 0 
57 0 0 0 0 0 
57 0 0 0 0 0 
57 0 0 0 0 0 
0 54 0 0 0 0 
0 54 0 0 0 0 
0 54 0 0 0 0 
0 0 31 58 0 0 
0 0 31 58 0 0 
0 0 31 58 0 0 
0 35 0 33 0 0 
0 35 0 33 0 0 
0 35 0 33 0 0 
0 54 0 0 0 0 
0 54 0 0 0 0 
0 54 0 0 0 0 
0.0 0.0 0.0 0.0 0.0 0.0 
0.0 0.0 0.0 0.0 0.0 0.0 
0.0 0.0 0.0 0.0 0.0 0.0 
mind
0 0 0 0 0 0 0 0 12 18 0 0
maxd
0 0 0 0 0 0 0 0 29 26 0 0
e
0 698 761 661 602 523 694 532 618 939 480 0
l
99999 818 881 781 722 643 814 652 738 1059 600 99999
