nbNodes
12
nbVehi
3
nbServi
6
r
1 1 1 1 1 1 
0 0 0 0 1 0 
0 1 0 0 1 0 
1 0 0 1 0 0 
1 0 0 1 0 0 
0 0 1 0 0 0 
1 0 0 0 0 0 
0 0 0 0 0 1 
0 0 0 0 0 1 
1 0 0 0 0 0 
1 0 0 1 0 0 
1 1 1 1 1 1 
DS
3 4 5 11 
a
1 1 1 0 0 0 
0 0 0 1 1 0 
0 0 0 0 1 1 
x
-30.0366 -29.9898 -30.0766 -30.0733 -30.0032 -29.9849 -29.9953 -29.9933 -30.0603 -30.0366 -30.0248 -30.0366
y
-51.2233 -51.1348 -51.2429 -51.2243 -51.1866 -51.1966 -51.1047 -51.1011 -51.1587 -51.2233 -51.0892 -51.2233
d
0.00000 20.00000 11.00000 10.00000 10.00000 11.00000 22.00000 22.00000 13.00000 0.00000 25.00000 0.00000
22.00000 0.00000 29.00000 26.00000 12.00000 15.00000 9.00000 9.00000 19.00000 22.00000 16.00000 22.00000
9.00000 28.00000 0.00000 8.00000 18.00000 19.00000 29.00000 30.00000 18.00000 9.00000 32.00000 9.00000
11.00000 27.00000 7.00000 0.00000 17.00000 20.00000 30.00000 31.00000 16.00000 11.00000 30.00000 11.00000
12.00000 11.00000 20.00000 17.00000 0.00000 7.00000 15.00000 16.00000 16.00000 12.00000 19.00000 12.00000
13.00000 16.00000 20.00000 20.00000 6.00000 0.00000 17.00000 17.00000 19.00000 13.00000 25.00000 13.00000
24.00000 9.00000 32.00000 30.00000 17.00000 20.00000 0.00000 2.00000 20.00000 24.00000 11.00000 24.00000
24.00000 9.00000 32.00000 30.00000 17.00000 20.00000 2.00000 0.00000 20.00000 24.00000 11.00000 24.00000
13.00000 19.00000 19.00000 15.00000 15.00000 19.00000 20.00000 21.00000 0.00000 13.00000 19.00000 13.00000
0.00000 20.00000 11.00000 10.00000 10.00000 11.00000 22.00000 22.00000 13.00000 0.00000 25.00000 0.00000
28.00000 15.00000 34.00000 31.00000 19.00000 24.00000 11.00000 11.00000 19.00000 28.00000 0.00000 28.00000
0.00000 20.00000 11.00000 10.00000 10.00000 11.00000 22.00000 22.00000 13.00000 0.00000 25.00000 0.00000
p
0.0 0.0 0.0 0.0 0.0 0.0 
0.0 0.0 0.0 0.0 0.0 0.0 
0.0 0.0 0.0 0.0 0.0 0.0 
0 0 0 0 24 0 
0 0 0 0 24 0 
0 0 0 0 24 0 
0 33 0 0 30 0 
0 33 0 0 30 0 
0 33 0 0 30 0 
52 0 0 30 0 0 
52 0 0 30 0 0 
52 0 0 30 0 0 
52 0 0 60 0 0 
52 0 0 60 0 0 
52 0 0 60 0 0 
0 0 37 0 0 0 
0 0 37 0 0 0 
0 0 37 0 0 0 
25 0 0 0 0 0 
25 0 0 0 0 0 
25 0 0 0 0 0 
0 0 0 0 0 54 
0 0 0 0 0 54 
0 0 0 0 0 54 
0 0 0 0 0 40 
0 0 0 0 0 40 
0 0 0 0 0 40 
16 0 0 0 0 0 
16 0 0 0 0 0 
16 0 0 0 0 0 
21 0 0 15 0 0 
21 0 0 15 0 0 
21 0 0 15 0 0 
0.0 0.0 0.0 0.0 0.0 0.0 
0.0 0.0 0.0 0.0 0.0 0.0 
0.0 0.0 0.0 0.0 0.0 0.0 
mind
0 0 0 12 0 0 0 0 0 0 19 0
maxd
0 0 0 24 0 0 0 0 0 0 26 0
e
0 653 625 482 867 861 717 656 597 681 819 0
l
99999 773 745 602 987 981 837 776 717 801 939 99999
