nbNodes
12
nbVehi
3
nbServi
6
r
1 1 1 1 1 1 
1 0 0 0 0 1 
0 0 0 0 0 1 
0 0 1 0 0 0 
0 0 1 0 0 1 
1 0 0 0 0 0 
0 0 0 1 0 0 
0 0 0 1 0 0 
0 0 0 1 0 0 
0 1 0 0 0 1 
1 0 0 0 0 1 
1 1 1 1 1 1 
DS
2 5 10 11 
a
1 1 1 0 0 0 
0 0 0 0 0 1 
0 0 0 1 1 0 
x
-30.0802 -30.1007 -30.0293 -30.1678 -30.0989 -29.9986 -30.0802 -30.0001 -30.0428 -30.0751 -30.0929 -30.0802
y
-51.1599 -51.1364 -51.2082 -51.2142 -51.1354 -51.0982 -51.1599 -51.1038 -51.2175 -51.2156 -51.124 -51.1599
d
0.00000 18.00000 19.00000 34.00000 17.00000 26.00000 0.00000 25.00000 18.00000 19.00000 17.00000 0.00000
19.00000 0.00000 22.00000 31.00000 2.00000 27.00000 19.00000 26.00000 21.00000 21.00000 6.00000 19.00000
19.00000 22.00000 0.00000 29.00000 21.00000 21.00000 19.00000 22.00000 7.00000 11.00000 21.00000 19.00000
33.00000 31.00000 29.00000 0.00000 32.00000 43.00000 33.00000 43.00000 26.00000 20.00000 34.00000 33.00000
18.00000 2.00000 21.00000 32.00000 0.00000 25.00000 18.00000 25.00000 20.00000 21.00000 5.00000 18.00000
26.00000 26.00000 23.00000 44.00000 25.00000 0.00000 26.00000 2.00000 26.00000 29.00000 25.00000 26.00000
0.00000 18.00000 19.00000 34.00000 17.00000 26.00000 0.00000 25.00000 18.00000 19.00000 17.00000 0.00000
25.00000 26.00000 22.00000 43.00000 24.00000 2.00000 25.00000 0.00000 26.00000 28.00000 24.00000 25.00000
17.00000 21.00000 4.00000 25.00000 20.00000 24.00000 17.00000 24.00000 0.00000 8.00000 20.00000 17.00000
18.00000 21.00000 12.00000 19.00000 21.00000 29.00000 18.00000 28.00000 9.00000 0.00000 21.00000 18.00000
17.00000 6.00000 21.00000 34.00000 4.00000 25.00000 17.00000 24.00000 20.00000 21.00000 0.00000 17.00000
0.00000 18.00000 19.00000 34.00000 17.00000 26.00000 0.00000 25.00000 18.00000 19.00000 17.00000 0.00000
p
0.0 0.0 0.0 0.0 0.0 0.0 
0.0 0.0 0.0 0.0 0.0 0.0 
0.0 0.0 0.0 0.0 0.0 0.0 
34 0 0 0 0 37 
34 0 0 0 0 37 
34 0 0 0 0 37 
0 0 0 0 0 20 
0 0 0 0 0 20 
0 0 0 0 0 20 
0 0 37 0 0 0 
0 0 37 0 0 0 
0 0 37 0 0 0 
0 0 24 0 0 35 
0 0 24 0 0 35 
0 0 24 0 0 35 
60 0 0 0 0 0 
60 0 0 0 0 0 
60 0 0 0 0 0 
0 0 0 38 0 0 
0 0 0 38 0 0 
0 0 0 38 0 0 
0 0 0 39 0 0 
0 0 0 39 0 0 
0 0 0 39 0 0 
0 0 0 28 0 0 
0 0 0 28 0 0 
0 0 0 28 0 0 
0 35 0 0 0 36 
0 35 0 0 0 36 
0 35 0 0 0 36 
51 0 0 0 0 59 
51 0 0 0 0 59 
51 0 0 0 0 59 
0.0 0.0 0.0 0.0 0.0 0.0 
0.0 0.0 0.0 0.0 0.0 0.0 
0.0 0.0 0.0 0.0 0.0 0.0 
mind
0 19 0 0 21 0 0 0 0 0 0 0
maxd
0 20 0 0 23 0 0 0 0 0 0 0
e
0 484 721 626 915 538 818 772 851 676 693 0
l
99999 604 841 746 1035 658 938 892 971 796 813 99999
