nbNodes
12
nbVehi
3
nbServi
6
r
1 1 1 1 1 1 
0 0 1 1 0 0 
0 1 0 0 0 1 
0 1 0 0 0 0 
0 0 0 0 1 0 
0 0 0 1 0 0 
0 1 0 0 0 1 
0 1 0 0 0 0 
0 0 1 0 1 0 
0 0 0 0 1 0 
1 0 0 0 0 0 
1 1 1 1 1 1 
DS
2 3 7 9 
a
1 1 1 0 0 0 
0 0 0 1 1 0 
0 0 0 1 1 1 
x
-30.0536 -29.9798 -30.079 -30.0897 -30.1273 -30.1143 -30.0846 -30.0338 -30.0536 -30.0901 -30.0038 -30.0536
y
-51.1835 -51.1373 -51.2306 -51.2287 -51.2114 -51.2167 -51.2215 -51.163 -51.1835 -51.2234 -51.1722 -51.1835
d
0.00000 23.00000 13.00000 11.00000 17.00000 16.00000 10.00000 9.00000 0.00000 10.00000 13.00000 0.00000
22.00000 0.00000 30.00000 32.00000 38.00000 37.00000 31.00000 17.00000 22.00000 31.00000 13.00000 22.00000
14.00000 31.00000 0.00000 5.00000 13.00000 12.00000 4.00000 20.00000 14.00000 5.00000 21.00000 14.00000
12.00000 32.00000 5.00000 0.00000 10.00000 9.00000 3.00000 18.00000 12.00000 2.00000 22.00000 12.00000
17.00000 36.00000 12.00000 9.00000 0.00000 4.00000 10.00000 23.00000 17.00000 8.00000 26.00000 17.00000
16.00000 36.00000 11.00000 8.00000 4.00000 0.00000 9.00000 22.00000 16.00000 7.00000 26.00000 16.00000
11.00000 31.00000 4.00000 3.00000 10.00000 9.00000 0.00000 17.00000 11.00000 3.00000 21.00000 11.00000
8.00000 17.00000 20.00000 18.00000 24.00000 23.00000 17.00000 0.00000 8.00000 17.00000 9.00000 8.00000
0.00000 23.00000 13.00000 11.00000 17.00000 16.00000 10.00000 9.00000 0.00000 10.00000 13.00000 0.00000
12.00000 31.00000 5.00000 2.00000 9.00000 8.00000 3.00000 18.00000 12.00000 0.00000 21.00000 12.00000
14.00000 11.00000 21.00000 23.00000 29.00000 28.00000 22.00000 8.00000 14.00000 22.00000 0.00000 14.00000
0.00000 23.00000 13.00000 11.00000 17.00000 16.00000 10.00000 9.00000 0.00000 10.00000 13.00000 0.00000
p
0.0 0.0 0.0 0.0 0.0 0.0 
0.0 0.0 0.0 0.0 0.0 0.0 
0.0 0.0 0.0 0.0 0.0 0.0 
0 0 21 51 0 0 
0 0 21 51 0 0 
0 0 21 51 0 0 
0 39 0 0 0 53 
0 39 0 0 0 53 
0 39 0 0 0 53 
0 29 0 0 0 0 
0 29 0 0 0 0 
0 29 0 0 0 0 
0 0 0 0 45 0 
0 0 0 0 45 0 
0 0 0 0 45 0 
0 0 0 52 0 0 
0 0 0 52 0 0 
0 0 0 52 0 0 
0 38 0 0 0 55 
0 38 0 0 0 55 
0 38 0 0 0 55 
0 34 0 0 0 0 
0 34 0 0 0 0 
0 34 0 0 0 0 
0 0 52 0 29 0 
0 0 52 0 29 0 
0 0 52 0 29 0 
0 0 0 0 42 0 
0 0 0 0 42 0 
0 0 0 0 42 0 
55 0 0 0 0 0 
55 0 0 0 0 0 
55 0 0 0 0 0 
0.0 0.0 0.0 0.0 0.0 0.0 
0.0 0.0 0.0 0.0 0.0 0.0 
0.0 0.0 0.0 0.0 0.0 0.0 
mind
0 16 15 0 0 0 0 0 0 0 0 0
maxd
0 20 27 0 0 0 0 0 0 0 0 0
e
0 573 932 702 937 948 960 959 556 720 830 0
l
99999 693 1052 822 1057 1068 1080 1079 676 840 950 99999
