nbNodes
12
nbVehi
3
nbServi
6
r
1 1 1 1 1 1 
1 0 0 0 0 0 
0 0 0 0 1 0 
1 0 0 0 1 0 
0 1 0 0 1 0 
1 0 0 0 1 0 
0 0 0 0 0 1 
0 0 1 0 0 0 
0 1 0 0 0 0 
0 0 0 1 0 0 
0 0 1 0 1 0 
1 1 1 1 1 1 
DS
4 5 6 11 
a
1 1 1 0 0 0 
0 0 0 1 1 1 
0 0 0 0 1 0 
x
-30.1154 -30.1574 -30.0936 -30.0261 -30.1519 -30.1831 -30.1594 -30.036 -30.1605 -30.099 -30.1154 -30.1154
y
-51.2543 -51.1692 -51.2156 -51.1395 -51.1397 -51.181 -51.1775 -51.1199 -51.1966 -51.1283 -51.2543 -51.2543
d
0.00000 18.00000 13.00000 29.00000 25.00000 22.00000 18.00000 29.00000 14.00000 31.00000 0.00000 0.00000
19.00000 0.00000 21.00000 38.00000 9.00000 11.00000 4.00000 38.00000 7.00000 25.00000 19.00000 19.00000
10.00000 21.00000 0.00000 21.00000 25.00000 25.00000 22.00000 21.00000 18.00000 22.00000 10.00000 10.00000
29.00000 39.00000 23.00000 0.00000 36.00000 43.00000 40.00000 8.00000 36.00000 19.00000 29.00000 29.00000
25.00000 8.00000 24.00000 36.00000 0.00000 13.00000 10.00000 35.00000 14.00000 22.00000 25.00000 25.00000
23.00000 10.00000 25.00000 42.00000 13.00000 0.00000 10.00000 42.00000 11.00000 31.00000 23.00000 23.00000
19.00000 3.00000 21.00000 38.00000 11.00000 10.00000 0.00000 38.00000 7.00000 26.00000 19.00000 19.00000
28.00000 38.00000 22.00000 8.00000 35.00000 43.00000 39.00000 0.00000 36.00000 18.00000 28.00000 28.00000
16.00000 5.00000 18.00000 35.00000 13.00000 9.00000 6.00000 35.00000 0.00000 26.00000 16.00000 16.00000
29.00000 25.00000 23.00000 19.00000 21.00000 31.00000 27.00000 17.00000 27.00000 0.00000 29.00000 29.00000
0.00000 18.00000 13.00000 29.00000 25.00000 22.00000 18.00000 29.00000 14.00000 31.00000 0.00000 0.00000
0.00000 18.00000 13.00000 29.00000 25.00000 22.00000 18.00000 29.00000 14.00000 31.00000 0.00000 0.00000
p
0.0 0.0 0.0 0.0 0.0 0.0 
0.0 0.0 0.0 0.0 0.0 0.0 
0.0 0.0 0.0 0.0 0.0 0.0 
18 0 0 0 0 0 
18 0 0 0 0 0 
18 0 0 0 0 0 
0 0 0 0 19 0 
0 0 0 0 19 0 
0 0 0 0 19 0 
37 0 0 0 45 0 
37 0 0 0 45 0 
37 0 0 0 45 0 
0 43 0 0 24 0 
0 43 0 0 24 0 
0 43 0 0 24 0 
22 0 0 0 42 0 
22 0 0 0 42 0 
22 0 0 0 42 0 
0 0 0 0 0 49 
0 0 0 0 0 49 
0 0 0 0 0 49 
0 0 57 0 0 0 
0 0 57 0 0 0 
0 0 57 0 0 0 
0 55 0 0 0 0 
0 55 0 0 0 0 
0 55 0 0 0 0 
0 0 0 19 0 0 
0 0 0 19 0 0 
0 0 0 19 0 0 
0 0 53 0 50 0 
0 0 53 0 50 0 
0 0 53 0 50 0 
0.0 0.0 0.0 0.0 0.0 0.0 
0.0 0.0 0.0 0.0 0.0 0.0 
0.0 0.0 0.0 0.0 0.0 0.0 
mind
0 0 0 11 20 0 0 0 0 0 0 0
maxd
0 0 0 16 23 0 0 0 0 0 0 0
e
0 840 917 898 912 737 673 538 503 590 602 0
l
99999 960 1037 1018 1032 857 793 658 623 710 722 99999
