nbNodes
77
nbVehi
15
nbServi
6
r
1 1 1 1 1 1 
0 1 0 0 0 0 
0 0 0 0 1 0 
1 0 0 0 1 0 
0 0 0 0 0 1 
0 0 0 0 1 0 
1 0 0 1 0 0 
0 0 1 0 0 0 
0 0 0 1 0 0 
0 0 0 0 1 0 
0 0 1 0 1 0 
0 0 0 0 1 0 
0 0 1 0 0 0 
0 0 1 0 1 0 
0 0 1 0 0 0 
0 1 0 0 1 0 
0 0 0 0 0 1 
1 0 0 0 0 0 
0 0 1 0 0 0 
0 0 0 0 1 0 
0 1 0 0 1 0 
0 0 1 0 0 0 
1 0 0 0 1 0 
0 0 1 1 0 0 
0 0 0 0 1 0 
0 0 0 0 1 0 
0 0 0 1 0 0 
0 1 0 0 0 0 
0 1 0 0 1 0 
0 0 0 0 1 0 
0 0 0 1 0 0 
1 0 0 0 0 0 
0 1 0 0 1 0 
0 0 0 1 0 0 
0 0 0 0 1 0 
0 0 0 0 0 1 
0 0 0 0 0 1 
1 0 0 0 0 0 
0 0 1 0 1 0 
0 0 0 0 1 0 
1 0 0 0 0 0 
0 0 0 1 0 0 
1 0 0 0 0 1 
0 1 0 0 0 0 
1 0 0 0 0 0 
0 0 1 1 0 0 
0 1 0 0 0 0 
0 0 0 0 0 1 
0 0 0 0 0 1 
0 0 1 0 1 0 
0 0 0 0 1 0 
0 0 1 0 0 0 
1 0 0 0 1 0 
0 1 0 0 1 0 
1 0 0 0 0 0 
1 0 0 0 1 0 
0 1 0 0 0 0 
1 0 0 0 0 1 
0 0 0 1 0 0 
0 0 0 0 0 1 
0 0 0 0 0 1 
1 0 0 1 0 0 
0 0 0 0 1 0 
0 0 0 1 0 0 
0 0 1 0 0 1 
0 0 0 0 1 0 
0 1 0 0 1 0 
0 0 0 0 1 0 
0 0 1 1 0 0 
0 0 0 1 0 0 
0 0 0 0 0 1 
0 0 0 1 0 0 
1 0 0 0 1 0 
1 0 0 0 0 1 
0 1 0 0 0 0 
0 0 0 0 1 0 
1 1 1 1 1 1 
DS
4 7 11 14 16 21 23 24 29 33 39 43 46 50 53 54 56 58 62 65 67 69 73 74 
a
1 0 0 0 0 0 
1 1 0 0 0 0 
1 1 1 0 0 0 
1 1 1 0 0 0 
1 0 1 0 0 0 
1 1 0 0 0 0 
1 0 0 0 0 0 
0 0 0 1 1 1 
0 0 0 1 1 1 
0 0 0 1 1 1 
0 0 0 1 1 1 
0 0 0 0 1 1 
0 0 0 1 1 1 
0 0 0 1 1 0 
0 0 0 1 1 1 
x
-30.0457 -30.101 -30.0064 -30.017 -30.0439 -30.0454 -30.0457 -30.1053 -30.1523 -29.9923 -29.9833 -30.0994 -30.1563 -30.02 -29.9867 -29.9836 -29.9926 -30.0377 -30.1631 -29.9798 -30.0326 -30.0313 -30.106 -29.9939 -30.1669 -29.9882 -30.0315 -29.984 -29.9998 -30.1594 -30.008 -30.1589 -30.0056 -30.0382 -30.0058 -30.0434 -30.051 -30.0438 -30.1554 -30.0967 -30.0982 -30.1585 -30.1621 -30.0046 -30.0286 -30.0133 -30.0527 -30.0441 -30.0084 -30.0102 -30.0476 -29.9849 -30.0038 -30.0977 -30.1462 -30.1045 -29.9898 -29.9896 -30.1638 -30.0449 -30.0057 -29.9859 -30.15 -30.0682 -29.9825 -29.982 -30.1007 -30.1583 -30.1512 -29.9905 -30.1569 -29.9809 -30.1616 -29.9911 -30.0945 -30.0067 -30.0457
y
-51.1557 -51.1277 -51.1716 -51.1721 -51.1723 -51.1691 -51.1557 -51.1329 -51.1359 -51.1959 -51.1248 -51.1269 -51.1339 -51.1677 -51.1346 -51.1376 -51.1376 -51.18 -51.1357 -51.1279 -51.1681 -51.1711 -51.1149 -51.1377 -51.1502 -51.1283 -51.1744 -51.1276 -51.1584 -51.1366 -51.1765 -51.1343 -51.1754 -51.1729 -51.1829 -51.1672 -51.1497 -51.1803 -51.1392 -51.1336 -51.1245 -51.1364 -51.1397 -51.1815 -51.1697 -51.1843 -51.1868 -51.1863 -51.1731 -51.1731 -51.1627 -51.1324 -51.1817 -51.1266 -51.1452 -51.1301 -51.1348 -51.1325 -51.1306 -51.1649 -51.1732 -51.115 -51.1374 -51.1688 -51.1346 -51.1277 -51.1376 -51.1353 -51.146 -51.1202 -51.1401 -51.1269 -51.1363 -51.1224 -51.1308 -51.1767 -51.1557
d
0.00000 14.00000 12.00000 10.00000 6.00000 6.00000 0.00000 15.00000 31.00000 15.00000 16.00000 13.00000 33.00000 10.00000 15.00000 16.00000 14.00000 7.00000 35.00000 16.00000 7.00000 8.00000 15.00000 13.00000 35.00000 14.00000 7.00000 15.00000 11.00000 33.00000 12.00000 33.00000 12.00000 6.00000 14.00000 5.00000 5.00000 9.00000 32.00000 13.00000 14.00000 33.00000 34.00000 13.00000 8.00000 11.00000 8.00000 10.00000 11.00000 12.00000 3.00000 16.00000 13.00000 13.00000 33.00000 17.00000 15.00000 14.00000 36.00000 5.00000 12.00000 15.00000 31.00000 7.00000 16.00000 16.00000 16.00000 33.00000 34.00000 16.00000 33.00000 16.00000 34.00000 15.00000 12.00000 12.00000 0.00000
14.00000 0.00000 23.00000 21.00000 16.00000 15.00000 14.00000 3.00000 20.00000 25.00000 28.00000 2.00000 22.00000 21.00000 28.00000 29.00000 26.00000 18.00000 24.00000 29.00000 17.00000 18.00000 4.00000 26.00000 25.00000 26.00000 18.00000 28.00000 24.00000 22.00000 23.00000 22.00000 24.00000 17.00000 24.00000 15.00000 13.00000 18.00000 21.00000 5.00000 3.00000 22.00000 23.00000 23.00000 19.00000 21.00000 16.00000 19.00000 23.00000 23.00000 14.00000 28.00000 24.00000 3.00000 22.00000 5.00000 27.00000 27.00000 25.00000 15.00000 23.00000 26.00000 20.00000 14.00000 29.00000 28.00000 6.00000 22.00000 23.00000 27.00000 22.00000 29.00000 23.00000 27.00000 4.00000 24.00000 14.00000
11.00000 23.00000 0.00000 5.00000 10.00000 10.00000 11.00000 24.00000 40.00000 6.00000 12.00000 22.00000 42.00000 5.00000 10.00000 11.00000 8.00000 10.00000 44.00000 12.00000 7.00000 7.00000 24.00000 8.00000 41.00000 10.00000 8.00000 11.00000 4.00000 42.00000 2.00000 42.00000 2.00000 8.00000 4.00000 10.00000 13.00000 13.00000 41.00000 22.00000 23.00000 42.00000 43.00000 3.00000 7.00000 5.00000 14.00000 13.00000 2.00000 3.00000 12.00000 11.00000 3.00000 22.00000 41.00000 25.00000 9.00000 10.00000 45.00000 10.00000 1.00000 11.00000 40.00000 15.00000 12.00000 12.00000 25.00000 42.00000 42.00000 12.00000 42.00000 12.00000 43.00000 11.00000 21.00000 2.00000 11.00000
9.00000 22.00000 3.00000 0.00000 9.00000 9.00000 9.00000 23.00000 39.00000 8.00000 12.00000 21.00000 40.00000 2.00000 12.00000 13.00000 10.00000 7.00000 41.00000 13.00000 5.00000 6.00000 23.00000 10.00000 39.00000 10.00000 5.00000 12.00000 6.00000 41.00000 3.00000 41.00000 4.00000 7.00000 5.00000 9.00000 12.00000 9.00000 40.00000 21.00000 21.00000 41.00000 40.00000 5.00000 4.00000 4.00000 11.00000 9.00000 3.00000 3.00000 10.00000 12.00000 5.00000 20.00000 38.00000 24.00000 11.00000 11.00000 42.00000 9.00000 3.00000 12.00000 39.00000 13.00000 13.00000 12.00000 23.00000 41.00000 39.00000 12.00000 40.00000 13.00000 41.00000 11.00000 20.00000 3.00000 9.00000
5.00000 14.00000 10.00000 7.00000 0.00000 2.00000 5.00000 15.00000 32.00000 11.00000 17.00000 13.00000 33.00000 7.00000 17.00000 18.00000 16.00000 4.00000 35.00000 18.00000 4.00000 5.00000 16.00000 15.00000 32.00000 16.00000 4.00000 17.00000 12.00000 33.00000 10.00000 34.00000 10.00000 3.00000 10.00000 3.00000 8.00000 4.00000 32.00000 13.00000 14.00000 33.00000 34.00000 10.00000 6.00000 7.00000 5.00000 6.00000 9.00000 10.00000 5.00000 17.00000 10.00000 13.00000 32.00000 17.00000 17.00000 16.00000 36.00000 3.00000 10.00000 17.00000 31.00000 5.00000 18.00000 18.00000 16.00000 33.00000 32.00000 17.00000 33.00000 18.00000 34.00000 17.00000 13.00000 10.00000 5.00000
5.00000 15.00000 10.00000 8.00000 2.00000 0.00000 5.00000 16.00000 32.00000 12.00000 17.00000 14.00000 33.00000 8.00000 17.00000 18.00000 15.00000 5.00000 35.00000 18.00000 4.00000 5.00000 16.00000 15.00000 33.00000 15.00000 5.00000 17.00000 13.00000 34.00000 10.00000 34.00000 11.00000 3.00000 11.00000 2.00000 7.00000 5.00000 33.00000 14.00000 15.00000 34.00000 35.00000 10.00000 6.00000 8.00000 6.00000 7.00000 10.00000 10.00000 3.00000 17.00000 11.00000 14.00000 33.00000 17.00000 16.00000 16.00000 37.00000 2.00000 10.00000 17.00000 32.00000 6.00000 18.00000 17.00000 17.00000 34.00000 33.00000 17.00000 34.00000 18.00000 35.00000 16.00000 13.00000 11.00000 5.00000
0.00000 14.00000 12.00000 10.00000 6.00000 6.00000 0.00000 15.00000 31.00000 15.00000 16.00000 13.00000 33.00000 10.00000 15.00000 16.00000 14.00000 7.00000 35.00000 16.00000 7.00000 8.00000 15.00000 13.00000 35.00000 14.00000 7.00000 15.00000 11.00000 33.00000 12.00000 33.00000 12.00000 6.00000 14.00000 5.00000 5.00000 9.00000 32.00000 13.00000 14.00000 33.00000 34.00000 13.00000 8.00000 11.00000 8.00000 10.00000 11.00000 12.00000 3.00000 16.00000 13.00000 13.00000 33.00000 17.00000 15.00000 14.00000 36.00000 5.00000 12.00000 15.00000 31.00000 7.00000 16.00000 16.00000 16.00000 33.00000 34.00000 16.00000 33.00000 16.00000 34.00000 15.00000 12.00000 12.00000 0.00000
15.00000 3.00000 24.00000 22.00000 17.00000 16.00000 15.00000 0.00000 20.00000 26.00000 29.00000 3.00000 21.00000 22.00000 29.00000 30.00000 27.00000 19.00000 23.00000 30.00000 18.00000 19.00000 5.00000 27.00000 24.00000 27.00000 19.00000 29.00000 25.00000 22.00000 24.00000 22.00000 25.00000 18.00000 25.00000 17.00000 14.00000 19.00000 21.00000 6.00000 4.00000 22.00000 23.00000 24.00000 20.00000 22.00000 17.00000 20.00000 24.00000 24.00000 15.00000 29.00000 25.00000 4.00000 21.00000 2.00000 28.00000 28.00000 25.00000 16.00000 24.00000 27.00000 20.00000 15.00000 30.00000 29.00000 4.00000 22.00000 23.00000 28.00000 22.00000 30.00000 23.00000 28.00000 5.00000 25.00000 15.00000
31.00000 21.00000 40.00000 38.00000 33.00000 32.00000 31.00000 20.00000 0.00000 42.00000 45.00000 20.00000 3.00000 38.00000 45.00000 46.00000 43.00000 35.00000 5.00000 46.00000 34.00000 36.00000 18.00000 43.00000 6.00000 43.00000 35.00000 45.00000 41.00000 4.00000 40.00000 4.00000 41.00000 34.00000 41.00000 33.00000 30.00000 35.00000 3.00000 22.00000 20.00000 4.00000 5.00000 40.00000 36.00000 38.00000 33.00000 35.00000 40.00000 41.00000 31.00000 45.00000 41.00000 20.00000 4.00000 21.00000 44.00000 44.00000 6.00000 32.00000 40.00000 43.00000 2.00000 31.00000 46.00000 45.00000 19.00000 4.00000 4.00000 44.00000 3.00000 46.00000 4.00000 44.00000 21.00000 41.00000 31.00000
16.00000 26.00000 8.00000 10.00000 13.00000 14.00000 16.00000 28.00000 43.00000 0.00000 16.00000 25.00000 44.00000 11.00000 15.00000 15.00000 13.00000 10.00000 43.00000 17.00000 12.00000 13.00000 28.00000 12.00000 40.00000 14.00000 12.00000 16.00000 8.00000 43.00000 7.00000 44.00000 6.00000 12.00000 5.00000 14.00000 19.00000 13.00000 42.00000 26.00000 26.00000 43.00000 42.00000 6.00000 12.00000 9.00000 14.00000 13.00000 8.00000 8.00000 16.00000 15.00000 5.00000 25.00000 40.00000 29.00000 14.00000 14.00000 44.00000 15.00000 7.00000 14.00000 42.00000 17.00000 16.00000 16.00000 28.00000 43.00000 40.00000 15.00000 42.00000 17.00000 43.00000 15.00000 25.00000 6.00000 16.00000
17.00000 28.00000 11.00000 12.00000 17.00000 18.00000 17.00000 29.00000 45.00000 15.00000 0.00000 27.00000 46.00000 13.00000 3.00000 6.00000 5.00000 17.00000 48.00000 2.00000 14.00000 15.00000 29.00000 6.00000 49.00000 3.00000 16.00000 1.00000 9.00000 47.00000 11.00000 47.00000 12.00000 16.00000 13.00000 17.00000 19.00000 20.00000 46.00000 27.00000 28.00000 47.00000 48.00000 12.00000 15.00000 14.00000 21.00000 20.00000 11.00000 12.00000 19.00000 3.00000 12.00000 27.00000 46.00000 30.00000 4.00000 4.00000 50.00000 18.00000 11.00000 5.00000 45.00000 22.00000 3.00000 2.00000 30.00000 47.00000 47.00000 5.00000 46.00000 2.00000 47.00000 5.00000 26.00000 12.00000 17.00000
13.00000 2.00000 22.00000 20.00000 14.00000 14.00000 13.00000 3.00000 19.00000 24.00000 27.00000 0.00000 21.00000 20.00000 27.00000 28.00000 25.00000 17.00000 23.00000 28.00000 16.00000 17.00000 3.00000 25.00000 24.00000 25.00000 17.00000 27.00000 23.00000 21.00000 22.00000 21.00000 23.00000 15.00000 23.00000 14.00000 12.00000 17.00000 20.00000 4.00000 2.00000 21.00000 22.00000 22.00000 18.00000 20.00000 15.00000 18.00000 22.00000 22.00000 13.00000 27.00000 23.00000 2.00000 21.00000 4.00000 26.00000 26.00000 24.00000 14.00000 22.00000 25.00000 19.00000 13.00000 28.00000 27.00000 5.00000 21.00000 22.00000 25.00000 21.00000 28.00000 22.00000 26.00000 3.00000 22.00000 13.00000
32.00000 22.00000 42.00000 39.00000 34.00000 33.00000 32.00000 21.00000 3.00000 43.00000 47.00000 21.00000 0.00000 39.00000 46.00000 47.00000 45.00000 36.00000 4.00000 47.00000 36.00000 37.00000 19.00000 44.00000 7.00000 45.00000 36.00000 46.00000 42.00000 2.00000 42.00000 2.00000 42.00000 35.00000 42.00000 34.00000 32.00000 36.00000 3.00000 23.00000 22.00000 2.00000 3.00000 42.00000 38.00000 40.00000 34.00000 36.00000 41.00000 42.00000 32.00000 47.00000 42.00000 21.00000 6.00000 23.00000 46.00000 45.00000 5.00000 33.00000 42.00000 45.00000 4.00000 33.00000 47.00000 47.00000 21.00000 2.00000 5.00000 45.00000 3.00000 47.00000 3.00000 45.00000 22.00000 42.00000 32.00000
8.00000 20.00000 5.00000 3.00000 7.00000 8.00000 8.00000 21.00000 37.00000 10.00000 13.00000 19.00000 39.00000 0.00000 13.00000 14.00000 11.00000 7.00000 41.00000 14.00000 4.00000 5.00000 21.00000 11.00000 39.00000 11.00000 5.00000 13.00000 8.00000 39.00000 5.00000 39.00000 5.00000 6.00000 7.00000 7.00000 11.00000 9.00000 38.00000 19.00000 20.00000 39.00000 40.00000 6.00000 4.00000 5.00000 11.00000 9.00000 4.00000 5.00000 9.00000 13.00000 6.00000 19.00000 39.00000 23.00000 12.00000 12.00000 42.00000 8.00000 5.00000 13.00000 37.00000 12.00000 14.00000 13.00000 22.00000 39.00000 39.00000 13.00000 39.00000 13.00000 40.00000 12.00000 18.00000 5.00000 8.00000
17.00000 27.00000 10.00000 12.00000 18.00000 18.00000 17.00000 28.00000 44.00000 14.00000 3.00000 26.00000 46.00000 13.00000 0.00000 3.00000 3.00000 17.00000 48.00000 4.00000 14.00000 15.00000 28.00000 3.00000 49.00000 2.00000 16.00000 3.00000 9.00000 46.00000 11.00000 46.00000 11.00000 16.00000 12.00000 17.00000 18.00000 20.00000 45.00000 26.00000 27.00000 46.00000 47.00000 11.00000 15.00000 14.00000 21.00000 20.00000 11.00000 12.00000 18.00000 2.00000 12.00000 26.00000 46.00000 30.00000 1.00000 2.00000 49.00000 18.00000 11.00000 6.00000 44.00000 22.00000 2.00000 3.00000 29.00000 46.00000 47.00000 6.00000 46.00000 4.00000 47.00000 5.00000 25.00000 12.00000 17.00000
17.00000 28.00000 11.00000 13.00000 18.00000 19.00000 17.00000 29.00000 45.00000 14.00000 5.00000 27.00000 46.00000 13.00000 3.00000 0.00000 3.00000 18.00000 48.00000 5.00000 15.00000 16.00000 29.00000 4.00000 49.00000 4.00000 17.00000 5.00000 9.00000 47.00000 12.00000 47.00000 12.00000 17.00000 12.00000 18.00000 19.00000 21.00000 46.00000 27.00000 28.00000 47.00000 48.00000 12.00000 16.00000 15.00000 22.00000 21.00000 12.00000 13.00000 19.00000 4.00000 12.00000 27.00000 46.00000 30.00000 3.00000 3.00000 50.00000 19.00000 11.00000 7.00000 45.00000 23.00000 3.00000 4.00000 30.00000 47.00000 47.00000 8.00000 46.00000 5.00000 47.00000 7.00000 26.00000 12.00000 17.00000
15.00000 25.00000 8.00000 10.00000 16.00000 16.00000 15.00000 26.00000 42.00000 12.00000 5.00000 24.00000 44.00000 11.00000 3.00000 3.00000 0.00000 15.00000 46.00000 6.00000 12.00000 13.00000 26.00000 1.00000 47.00000 3.00000 14.00000 4.00000 6.00000 44.00000 10.00000 44.00000 9.00000 14.00000 10.00000 15.00000 16.00000 18.00000 43.00000 24.00000 25.00000 44.00000 45.00000 9.00000 13.00000 12.00000 20.00000 18.00000 9.00000 10.00000 16.00000 3.00000 10.00000 24.00000 44.00000 28.00000 2.00000 2.00000 47.00000 16.00000 9.00000 6.00000 42.00000 20.00000 4.00000 5.00000 27.00000 44.00000 45.00000 6.00000 44.00000 6.00000 45.00000 5.00000 23.00000 9.00000 15.00000
6.00000 17.00000 9.00000 6.00000 3.00000 4.00000 6.00000 18.00000 34.00000 10.00000 18.00000 16.00000 35.00000 6.00000 17.00000 18.00000 16.00000 0.00000 36.00000 18.00000 4.00000 4.00000 18.00000 15.00000 34.00000 16.00000 3.00000 17.00000 11.00000 36.00000 9.00000 36.00000 9.00000 3.00000 9.00000 4.00000 9.00000 4.00000 35.00000 16.00000 17.00000 36.00000 36.00000 9.00000 5.00000 6.00000 6.00000 5.00000 8.00000 9.00000 6.00000 17.00000 9.00000 16.00000 33.00000 19.00000 17.00000 16.00000 37.00000 5.00000 9.00000 17.00000 34.00000 7.00000 18.00000 18.00000 19.00000 36.00000 34.00000 18.00000 35.00000 18.00000 36.00000 17.00000 15.00000 9.00000 6.00000
34.00000 24.00000 41.00000 38.00000 34.00000 34.00000 34.00000 23.00000 5.00000 42.00000 48.00000 23.00000 4.00000 38.00000 48.00000 49.00000 47.00000 36.00000 0.00000 49.00000 36.00000 36.00000 21.00000 46.00000 6.00000 46.00000 35.00000 48.00000 43.00000 2.00000 41.00000 3.00000 41.00000 35.00000 41.00000 35.00000 33.00000 34.00000 4.00000 25.00000 23.00000 3.00000 2.00000 41.00000 37.00000 39.00000 33.00000 34.00000 40.00000 41.00000 34.00000 48.00000 41.00000 23.00000 7.00000 24.00000 47.00000 47.00000 3.00000 35.00000 41.00000 46.00000 6.00000 33.00000 49.00000 48.00000 22.00000 3.00000 6.00000 47.00000 3.00000 49.00000 2.00000 47.00000 24.00000 41.00000 34.00000
18.00000 29.00000 12.00000 13.00000 18.00000 19.00000 18.00000 30.00000 46.00000 16.00000 3.00000 28.00000 47.00000 14.00000 4.00000 5.00000 6.00000 18.00000 49.00000 0.00000 15.00000 16.00000 30.00000 6.00000 50.00000 3.00000 17.00000 2.00000 10.00000 48.00000 12.00000 48.00000 13.00000 17.00000 14.00000 18.00000 20.00000 21.00000 47.00000 28.00000 29.00000 48.00000 49.00000 13.00000 16.00000 15.00000 22.00000 21.00000 12.00000 13.00000 20.00000 3.00000 13.00000 28.00000 47.00000 31.00000 4.00000 4.00000 51.00000 19.00000 12.00000 6.00000 46.00000 23.00000 3.00000 2.00000 30.00000 48.00000 48.00000 6.00000 47.00000 2.00000 48.00000 6.00000 27.00000 13.00000 18.00000
6.00000 18.00000 8.00000 7.00000 4.00000 4.00000 6.00000 19.00000 35.00000 11.00000 15.00000 17.00000 36.00000 6.00000 14.00000 15.00000 13.00000 4.00000 38.00000 15.00000 0.00000 2.00000 19.00000 12.00000 36.00000 13.00000 3.00000 14.00000 9.00000 37.00000 8.00000 37.00000 9.00000 2.00000 10.00000 4.00000 10.00000 6.00000 36.00000 17.00000 18.00000 37.00000 38.00000 10.00000 3.00000 7.00000 8.00000 7.00000 8.00000 8.00000 6.00000 15.00000 10.00000 17.00000 35.00000 20.00000 14.00000 13.00000 39.00000 5.00000 8.00000 14.00000 35.00000 8.00000 15.00000 15.00000 19.00000 37.00000 36.00000 15.00000 36.00000 15.00000 37.00000 14.00000 16.00000 8.00000 6.00000
7.00000 19.00000 8.00000 6.00000 5.00000 6.00000 7.00000 20.00000 36.00000 11.00000 16.00000 18.00000 38.00000 5.00000 15.00000 16.00000 14.00000 5.00000 39.00000 16.00000 2.00000 0.00000 20.00000 13.00000 36.00000 14.00000 3.00000 15.00000 10.00000 38.00000 8.00000 38.00000 9.00000 3.00000 10.00000 5.00000 10.00000 7.00000 37.00000 18.00000 19.00000 38.00000 38.00000 9.00000 2.00000 7.00000 9.00000 8.00000 8.00000 8.00000 7.00000 15.00000 9.00000 18.00000 36.00000 22.00000 15.00000 14.00000 40.00000 6.00000 8.00000 15.00000 36.00000 10.00000 16.00000 16.00000 21.00000 38.00000 36.00000 16.00000 38.00000 16.00000 39.00000 15.00000 17.00000 8.00000 7.00000
16.00000 6.00000 25.00000 23.00000 18.00000 17.00000 16.00000 7.00000 17.00000 27.00000 30.00000 5.00000 18.00000 23.00000 30.00000 31.00000 28.00000 20.00000 20.00000 31.00000 19.00000 20.00000 0.00000 28.00000 21.00000 28.00000 20.00000 30.00000 26.00000 19.00000 25.00000 19.00000 26.00000 19.00000 26.00000 17.00000 15.00000 20.00000 17.00000 7.00000 5.00000 18.00000 20.00000 25.00000 21.00000 23.00000 18.00000 21.00000 25.00000 25.00000 16.00000 30.00000 26.00000 5.00000 18.00000 8.00000 29.00000 29.00000 21.00000 17.00000 25.00000 28.00000 16.00000 16.00000 31.00000 30.00000 9.00000 18.00000 19.00000 29.00000 18.00000 31.00000 19.00000 29.00000 6.00000 26.00000 16.00000
14.00000 25.00000 8.00000 10.00000 15.00000 16.00000 14.00000 26.00000 42.00000 11.00000 6.00000 24.00000 43.00000 10.00000 3.00000 4.00000 1.00000 15.00000 45.00000 6.00000 12.00000 13.00000 26.00000 0.00000 46.00000 4.00000 13.00000 5.00000 6.00000 44.00000 9.00000 44.00000 9.00000 13.00000 9.00000 15.00000 16.00000 18.00000 43.00000 24.00000 24.00000 44.00000 45.00000 9.00000 12.00000 11.00000 19.00000 18.00000 9.00000 9.00000 16.00000 4.00000 9.00000 23.00000 43.00000 27.00000 2.00000 3.00000 46.00000 15.00000 8.00000 6.00000 42.00000 20.00000 4.00000 5.00000 26.00000 43.00000 44.00000 7.00000 43.00000 6.00000 44.00000 6.00000 23.00000 9.00000 14.00000
34.00000 26.00000 38.00000 36.00000 32.00000 32.00000 34.00000 24.00000 7.00000 39.00000 47.00000 25.00000 7.00000 36.00000 47.00000 48.00000 45.00000 34.00000 6.00000 48.00000 34.00000 34.00000 23.00000 45.00000 0.00000 45.00000 32.00000 47.00000 41.00000 6.00000 38.00000 7.00000 39.00000 33.00000 39.00000 33.00000 34.00000 32.00000 5.00000 24.00000 25.00000 6.00000 5.00000 38.00000 34.00000 36.00000 30.00000 32.00000 38.00000 38.00000 34.00000 47.00000 39.00000 25.00000 7.00000 25.00000 46.00000 46.00000 7.00000 33.00000 38.00000 47.00000 8.00000 31.00000 48.00000 47.00000 23.00000 7.00000 6.00000 47.00000 5.00000 48.00000 5.00000 46.00000 26.00000 38.00000 34.00000
16.00000 27.00000 10.00000 11.00000 16.00000 17.00000 16.00000 28.00000 44.00000 14.00000 3.00000 26.00000 45.00000 12.00000 2.00000 4.00000 4.00000 16.00000 47.00000 3.00000 13.00000 14.00000 28.00000 4.00000 48.00000 0.00000 15.00000 2.00000 8.00000 46.00000 10.00000 46.00000 11.00000 15.00000 11.00000 16.00000 18.00000 19.00000 45.00000 26.00000 27.00000 46.00000 47.00000 11.00000 14.00000 13.00000 20.00000 19.00000 10.00000 11.00000 18.00000 2.00000 11.00000 25.00000 45.00000 29.00000 2.00000 2.00000 48.00000 17.00000 10.00000 4.00000 44.00000 21.00000 3.00000 3.00000 28.00000 46.00000 46.00000 4.00000 45.00000 3.00000 46.00000 4.00000 25.00000 11.00000 16.00000
8.00000 19.00000 7.00000 5.00000 5.00000 6.00000 8.00000 20.00000 36.00000 10.00000 16.00000 18.00000 38.00000 4.00000 16.00000 17.00000 14.00000 4.00000 38.00000 17.00000 3.00000 3.00000 20.00000 14.00000 36.00000 14.00000 0.00000 16.00000 10.00000 38.00000 7.00000 38.00000 8.00000 3.00000 9.00000 6.00000 11.00000 7.00000 37.00000 18.00000 19.00000 38.00000 38.00000 8.00000 2.00000 6.00000 9.00000 8.00000 7.00000 7.00000 8.00000 16.00000 8.00000 18.00000 36.00000 22.00000 15.00000 15.00000 40.00000 7.00000 7.00000 16.00000 36.00000 10.00000 17.00000 16.00000 21.00000 38.00000 36.00000 16.00000 38.00000 17.00000 38.00000 15.00000 17.00000 8.00000 8.00000
17.00000 27.00000 11.00000 11.00000 17.00000 18.00000 17.00000 28.00000 45.00000 14.00000 2.00000 26.00000 46.00000 12.00000 3.00000 5.00000 5.00000 17.00000 48.00000 2.00000 14.00000 14.00000 29.00000 5.00000 48.00000 2.00000 15.00000 0.00000 9.00000 46.00000 11.00000 47.00000 11.00000 15.00000 12.00000 17.00000 19.00000 19.00000 45.00000 26.00000 27.00000 46.00000 48.00000 12.00000 14.00000 14.00000 21.00000 20.00000 11.00000 11.00000 18.00000 2.00000 12.00000 26.00000 46.00000 30.00000 3.00000 3.00000 49.00000 17.00000 11.00000 5.00000 44.00000 22.00000 3.00000 1.00000 29.00000 46.00000 47.00000 5.00000 46.00000 2.00000 47.00000 4.00000 26.00000 11.00000 17.00000
13.00000 25.00000 5.00000 6.00000 12.00000 13.00000 13.00000 26.00000 42.00000 8.00000 9.00000 24.00000 44.00000 7.00000 8.00000 8.00000 6.00000 12.00000 46.00000 10.00000 9.00000 10.00000 26.00000 5.00000 43.00000 7.00000 10.00000 8.00000 0.00000 44.00000 6.00000 44.00000 6.00000 10.00000 6.00000 12.00000 15.00000 14.00000 43.00000 24.00000 25.00000 44.00000 45.00000 6.00000 9.00000 9.00000 16.00000 15.00000 6.00000 6.00000 14.00000 8.00000 6.00000 24.00000 43.00000 27.00000 7.00000 7.00000 47.00000 12.00000 5.00000 9.00000 42.00000 17.00000 9.00000 9.00000 27.00000 44.00000 43.00000 9.00000 44.00000 9.00000 45.00000 8.00000 23.00000 6.00000 13.00000
33.00000 23.00000 41.00000 39.00000 35.00000 34.00000 33.00000 22.00000 4.00000 42.00000 47.00000 22.00000 2.00000 39.00000 47.00000 48.00000 45.00000 36.00000 2.00000 48.00000 36.00000 37.00000 20.00000 45.00000 6.00000 45.00000 35.00000 47.00000 43.00000 0.00000 41.00000 2.00000 42.00000 36.00000 42.00000 35.00000 32.00000 35.00000 2.00000 24.00000 22.00000 1.00000 2.00000 41.00000 37.00000 39.00000 33.00000 35.00000 41.00000 41.00000 33.00000 47.00000 42.00000 22.00000 5.00000 23.00000 46.00000 46.00000 4.00000 34.00000 41.00000 45.00000 5.00000 33.00000 48.00000 47.00000 21.00000 1.00000 5.00000 46.00000 2.00000 48.00000 2.00000 46.00000 23.00000 41.00000 33.00000
11.00000 24.00000 3.00000 5.00000 11.00000 11.00000 11.00000 25.00000 41.00000 6.00000 12.00000 23.00000 42.00000 6.00000 11.00000 12.00000 9.00000 9.00000 43.00000 13.00000 7.00000 8.00000 25.00000 8.00000 40.00000 10.00000 9.00000 12.00000 5.00000 43.00000 0.00000 43.00000 1.00000 9.00000 3.00000 10.00000 14.00000 12.00000 41.00000 23.00000 23.00000 43.00000 42.00000 2.00000 7.00000 5.00000 14.00000 12.00000 2.00000 2.00000 12.00000 12.00000 3.00000 22.00000 40.00000 26.00000 10.00000 11.00000 44.00000 11.00000 2.00000 12.00000 41.00000 15.00000 12.00000 12.00000 25.00000 42.00000 40.00000 12.00000 42.00000 13.00000 42.00000 11.00000 22.00000 1.00000 11.00000
33.00000 23.00000 42.00000 39.00000 35.00000 34.00000 33.00000 22.00000 4.00000 43.00000 47.00000 22.00000 2.00000 39.00000 47.00000 48.00000 46.00000 37.00000 3.00000 48.00000 37.00000 37.00000 20.00000 45.00000 7.00000 45.00000 36.00000 47.00000 43.00000 2.00000 42.00000 0.00000 42.00000 36.00000 42.00000 35.00000 32.00000 35.00000 3.00000 24.00000 22.00000 2.00000 3.00000 42.00000 38.00000 39.00000 33.00000 35.00000 41.00000 42.00000 33.00000 47.00000 42.00000 22.00000 6.00000 23.00000 47.00000 46.00000 4.00000 34.00000 42.00000 45.00000 5.00000 34.00000 48.00000 48.00000 21.00000 1.00000 5.00000 46.00000 3.00000 48.00000 2.00000 46.00000 23.00000 42.00000 33.00000
12.00000 24.00000 2.00000 5.00000 11.00000 11.00000 12.00000 25.00000 41.00000 6.00000 12.00000 23.00000 42.00000 6.00000 10.00000 11.00000 8.00000 10.00000 43.00000 12.00000 7.00000 8.00000 25.00000 8.00000 41.00000 10.00000 9.00000 11.00000 4.00000 43.00000 1.00000 43.00000 0.00000 9.00000 3.00000 11.00000 14.00000 12.00000 42.00000 23.00000 24.00000 43.00000 43.00000 2.00000 8.00000 5.00000 14.00000 12.00000 2.00000 2.00000 12.00000 11.00000 2.00000 23.00000 41.00000 26.00000 10.00000 10.00000 45.00000 11.00000 1.00000 11.00000 41.00000 15.00000 12.00000 12.00000 26.00000 43.00000 41.00000 12.00000 43.00000 12.00000 43.00000 11.00000 22.00000 1.00000 12.00000
7.00000 18.00000 8.00000 6.00000 4.00000 5.00000 7.00000 19.00000 35.00000 10.00000 17.00000 17.00000 36.00000 6.00000 17.00000 18.00000 15.00000 3.00000 36.00000 18.00000 3.00000 4.00000 19.00000 15.00000 34.00000 15.00000 3.00000 17.00000 11.00000 37.00000 8.00000 37.00000 9.00000 0.00000 9.00000 5.00000 10.00000 5.00000 36.00000 17.00000 17.00000 37.00000 36.00000 8.00000 4.00000 6.00000 7.00000 6.00000 8.00000 9.00000 7.00000 17.00000 9.00000 16.00000 34.00000 20.00000 16.00000 16.00000 38.00000 6.00000 8.00000 17.00000 35.00000 8.00000 18.00000 17.00000 19.00000 36.00000 34.00000 17.00000 36.00000 18.00000 36.00000 16.00000 16.00000 9.00000 7.00000
13.00000 25.00000 4.00000 6.00000 12.00000 13.00000 13.00000 26.00000 42.00000 5.00000 13.00000 24.00000 43.00000 7.00000 12.00000 12.00000 10.00000 10.00000 42.00000 14.00000 9.00000 9.00000 26.00000 9.00000 40.00000 11.00000 9.00000 12.00000 5.00000 43.00000 3.00000 43.00000 2.00000 11.00000 0.00000 12.00000 16.00000 12.00000 41.00000 24.00000 25.00000 43.00000 42.00000 1.00000 8.00000 5.00000 14.00000 12.00000 3.00000 4.00000 14.00000 12.00000 2.00000 24.00000 39.00000 28.00000 11.00000 11.00000 44.00000 12.00000 3.00000 13.00000 41.00000 17.00000 13.00000 13.00000 27.00000 43.00000 40.00000 13.00000 42.00000 13.00000 42.00000 12.00000 23.00000 2.00000 13.00000
4.00000 16.00000 10.00000 8.00000 2.00000 2.00000 4.00000 17.00000 33.00000 12.00000 16.00000 15.00000 34.00000 8.00000 16.00000 17.00000 15.00000 5.00000 36.00000 17.00000 4.00000 5.00000 17.00000 14.00000 34.00000 14.00000 5.00000 16.00000 12.00000 35.00000 10.00000 35.00000 11.00000 4.00000 11.00000 0.00000 8.00000 6.00000 33.00000 15.00000 15.00000 35.00000 36.00000 10.00000 6.00000 8.00000 7.00000 7.00000 10.00000 10.00000 3.00000 16.00000 11.00000 14.00000 34.00000 18.00000 16.00000 15.00000 37.00000 2.00000 10.00000 16.00000 33.00000 7.00000 17.00000 17.00000 17.00000 34.00000 34.00000 16.00000 34.00000 17.00000 35.00000 16.00000 14.00000 11.00000 4.00000
5.00000 13.00000 14.00000 13.00000 9.00000 7.00000 5.00000 14.00000 30.00000 17.00000 18.00000 12.00000 32.00000 12.00000 18.00000 19.00000 16.00000 10.00000 34.00000 19.00000 9.00000 10.00000 14.00000 16.00000 34.00000 16.00000 10.00000 18.00000 14.00000 32.00000 14.00000 32.00000 15.00000 9.00000 16.00000 8.00000 0.00000 11.00000 31.00000 12.00000 13.00000 32.00000 33.00000 15.00000 10.00000 13.00000 9.00000 12.00000 14.00000 14.00000 6.00000 18.00000 16.00000 12.00000 32.00000 15.00000 17.00000 17.00000 35.00000 7.00000 14.00000 18.00000 30.00000 8.00000 19.00000 18.00000 15.00000 32.00000 33.00000 18.00000 32.00000 19.00000 33.00000 17.00000 11.00000 15.00000 5.00000
7.00000 16.00000 11.00000 8.00000 3.00000 4.00000 7.00000 17.00000 33.00000 12.00000 19.00000 15.00000 35.00000 8.00000 19.00000 20.00000 17.00000 4.00000 34.00000 19.00000 6.00000 6.00000 18.00000 16.00000 32.00000 17.00000 5.00000 18.00000 13.00000 34.00000 11.00000 35.00000 11.00000 5.00000 11.00000 4.00000 10.00000 0.00000 33.00000 15.00000 16.00000 34.00000 33.00000 11.00000 7.00000 8.00000 4.00000 5.00000 10.00000 11.00000 6.00000 19.00000 11.00000 15.00000 31.00000 19.00000 18.00000 18.00000 35.00000 6.00000 11.00000 18.00000 33.00000 7.00000 19.00000 19.00000 18.00000 35.00000 32.00000 19.00000 34.00000 19.00000 34.00000 18.00000 14.00000 11.00000 7.00000
32.00000 22.00000 40.00000 38.00000 33.00000 33.00000 32.00000 21.00000 3.00000 41.00000 46.00000 21.00000 3.00000 38.00000 46.00000 47.00000 44.00000 35.00000 4.00000 47.00000 35.00000 36.00000 19.00000 44.00000 5.00000 44.00000 34.00000 46.00000 42.00000 2.00000 40.00000 3.00000 41.00000 34.00000 41.00000 33.00000 31.00000 34.00000 0.00000 22.00000 21.00000 2.00000 3.00000 40.00000 36.00000 38.00000 32.00000 34.00000 40.00000 40.00000 32.00000 46.00000 40.00000 21.00000 4.00000 22.00000 45.00000 45.00000 5.00000 33.00000 40.00000 44.00000 4.00000 32.00000 47.00000 46.00000 20.00000 2.00000 3.00000 44.00000 1.00000 47.00000 3.00000 45.00000 22.00000 40.00000 32.00000
13.00000 5.00000 23.00000 20.00000 15.00000 14.00000 13.00000 6.00000 22.00000 24.00000 27.00000 4.00000 23.00000 20.00000 27.00000 28.00000 26.00000 17.00000 25.00000 28.00000 17.00000 18.00000 6.00000 25.00000 24.00000 25.00000 17.00000 27.00000 23.00000 24.00000 22.00000 24.00000 23.00000 16.00000 23.00000 15.00000 12.00000 17.00000 22.00000 0.00000 4.00000 24.00000 25.00000 23.00000 18.00000 20.00000 15.00000 18.00000 22.00000 23.00000 13.00000 27.00000 23.00000 3.00000 23.00000 7.00000 26.00000 26.00000 26.00000 14.00000 22.00000 25.00000 22.00000 14.00000 28.00000 27.00000 3.00000 23.00000 24.00000 26.00000 23.00000 28.00000 24.00000 26.00000 2.00000 23.00000 13.00000
14.00000 5.00000 23.00000 20.00000 15.00000 14.00000 14.00000 6.00000 22.00000 24.00000 28.00000 4.00000 23.00000 20.00000 27.00000 28.00000 26.00000 17.00000 26.00000 28.00000 17.00000 18.00000 6.00000 25.00000 27.00000 26.00000 17.00000 27.00000 23.00000 24.00000 23.00000 24.00000 23.00000 16.00000 23.00000 15.00000 13.00000 18.00000 23.00000 4.00000 0.00000 24.00000 25.00000 23.00000 19.00000 21.00000 15.00000 18.00000 22.00000 23.00000 13.00000 28.00000 23.00000 4.00000 23.00000 7.00000 27.00000 26.00000 27.00000 14.00000 23.00000 26.00000 22.00000 14.00000 28.00000 28.00000 7.00000 24.00000 25.00000 26.00000 24.00000 28.00000 25.00000 26.00000 3.00000 23.00000 14.00000
33.00000 23.00000 41.00000 39.00000 34.00000 34.00000 33.00000 22.00000 4.00000 43.00000 47.00000 22.00000 2.00000 39.00000 47.00000 48.00000 45.00000 36.00000 3.00000 48.00000 36.00000 37.00000 20.00000 45.00000 6.00000 45.00000 36.00000 46.00000 43.00000 1.00000 41.00000 2.00000 42.00000 35.00000 42.00000 34.00000 32.00000 35.00000 2.00000 23.00000 22.00000 0.00000 2.00000 41.00000 37.00000 39.00000 33.00000 35.00000 41.00000 42.00000 33.00000 47.00000 42.00000 21.00000 5.00000 23.00000 46.00000 46.00000 4.00000 33.00000 41.00000 45.00000 4.00000 33.00000 47.00000 47.00000 21.00000 1.00000 4.00000 45.00000 2.00000 47.00000 2.00000 46.00000 22.00000 42.00000 33.00000
34.00000 24.00000 40.00000 37.00000 34.00000 34.00000 34.00000 23.00000 5.00000 41.00000 48.00000 23.00000 3.00000 37.00000 48.00000 49.00000 46.00000 35.00000 2.00000 49.00000 35.00000 36.00000 21.00000 46.00000 5.00000 46.00000 34.00000 48.00000 43.00000 2.00000 40.00000 3.00000 40.00000 35.00000 41.00000 34.00000 33.00000 34.00000 3.00000 24.00000 23.00000 2.00000 0.00000 40.00000 36.00000 38.00000 32.00000 34.00000 40.00000 40.00000 34.00000 48.00000 40.00000 23.00000 6.00000 24.00000 47.00000 47.00000 3.00000 35.00000 40.00000 46.00000 6.00000 32.00000 49.00000 48.00000 22.00000 3.00000 5.00000 46.00000 2.00000 49.00000 2.00000 47.00000 24.00000 40.00000 34.00000
12.00000 24.00000 4.00000 6.00000 11.00000 12.00000 12.00000 26.00000 42.00000 4.00000 12.00000 23.00000 43.00000 7.00000 11.00000 11.00000 9.00000 10.00000 43.00000 13.00000 8.00000 9.00000 26.00000 8.00000 41.00000 10.00000 9.00000 12.00000 4.00000 44.00000 3.00000 44.00000 2.00000 10.00000 2.00000 11.00000 15.00000 12.00000 42.00000 24.00000 24.00000 43.00000 43.00000 0.00000 8.00000 5.00000 14.00000 13.00000 3.00000 4.00000 13.00000 11.00000 1.00000 23.00000 41.00000 27.00000 10.00000 10.00000 45.00000 12.00000 3.00000 12.00000 41.00000 16.00000 12.00000 12.00000 26.00000 43.00000 41.00000 12.00000 43.00000 13.00000 43.00000 11.00000 23.00000 2.00000 12.00000
7.00000 19.00000 8.00000 6.00000 6.00000 6.00000 7.00000 20.00000 36.00000 11.00000 15.00000 18.00000 38.00000 5.00000 14.00000 15.00000 13.00000 6.00000 40.00000 15.00000 2.00000 2.00000 20.00000 12.00000 37.00000 13.00000 3.00000 14.00000 9.00000 38.00000 8.00000 38.00000 8.00000 4.00000 10.00000 5.00000 9.00000 8.00000 37.00000 18.00000 19.00000 38.00000 39.00000 9.00000 0.00000 7.00000 10.00000 9.00000 8.00000 8.00000 7.00000 14.00000 9.00000 18.00000 37.00000 22.00000 14.00000 13.00000 41.00000 6.00000 8.00000 14.00000 36.00000 10.00000 15.00000 15.00000 21.00000 38.00000 38.00000 15.00000 38.00000 15.00000 39.00000 14.00000 17.00000 8.00000 7.00000
12.00000 24.00000 6.00000 4.00000 10.00000 11.00000 12.00000 25.00000 41.00000 6.00000 14.00000 23.00000 43.00000 6.00000 14.00000 14.00000 12.00000 8.00000 42.00000 15.00000 8.00000 8.00000 25.00000 11.00000 39.00000 12.00000 8.00000 14.00000 7.00000 42.00000 4.00000 43.00000 4.00000 10.00000 4.00000 11.00000 15.00000 11.00000 41.00000 23.00000 24.00000 42.00000 41.00000 3.00000 7.00000 0.00000 12.00000 11.00000 5.00000 5.00000 13.00000 14.00000 4.00000 23.00000 39.00000 27.00000 13.00000 13.00000 43.00000 12.00000 5.00000 14.00000 41.00000 15.00000 15.00000 14.00000 26.00000 43.00000 40.00000 14.00000 41.00000 15.00000 42.00000 13.00000 22.00000 4.00000 12.00000
9.00000 17.00000 13.00000 10.00000 6.00000 6.00000 9.00000 18.00000 34.00000 14.00000 21.00000 16.00000 35.00000 10.00000 21.00000 22.00000 20.00000 7.00000 33.00000 22.00000 8.00000 8.00000 18.00000 19.00000 31.00000 19.00000 7.00000 21.00000 15.00000 34.00000 13.00000 34.00000 13.00000 7.00000 13.00000 7.00000 11.00000 4.00000 33.00000 16.00000 17.00000 34.00000 33.00000 13.00000 9.00000 10.00000 0.00000 3.00000 12.00000 13.00000 8.00000 21.00000 13.00000 16.00000 31.00000 19.00000 20.00000 20.00000 35.00000 7.00000 13.00000 21.00000 33.00000 8.00000 22.00000 21.00000 19.00000 34.00000 31.00000 21.00000 33.00000 22.00000 33.00000 21.00000 15.00000 13.00000 9.00000
7.00000 17.00000 11.00000 9.00000 4.00000 5.00000 7.00000 19.00000 35.00000 13.00000 19.00000 16.00000 36.00000 9.00000 19.00000 20.00000 17.00000 5.00000 35.00000 20.00000 6.00000 7.00000 19.00000 17.00000 32.00000 17.00000 5.00000 19.00000 14.00000 35.00000 11.00000 36.00000 12.00000 5.00000 12.00000 5.00000 10.00000 2.00000 34.00000 17.00000 17.00000 35.00000 34.00000 11.00000 7.00000 9.00000 4.00000 0.00000 11.00000 11.00000 7.00000 19.00000 12.00000 16.00000 32.00000 20.00000 18.00000 18.00000 36.00000 6.00000 11.00000 19.00000 34.00000 8.00000 20.00000 19.00000 19.00000 36.00000 32.00000 19.00000 34.00000 19.00000 35.00000 18.00000 16.00000 11.00000 7.00000
11.00000 23.00000 2.00000 5.00000 10.00000 11.00000 11.00000 25.00000 41.00000 6.00000 13.00000 22.00000 42.00000 6.00000 11.00000 12.00000 9.00000 10.00000 43.00000 13.00000 7.00000 8.00000 25.00000 9.00000 40.00000 11.00000 9.00000 12.00000 5.00000 42.00000 1.00000 43.00000 2.00000 9.00000 3.00000 10.00000 14.00000 12.00000 41.00000 22.00000 23.00000 42.00000 42.00000 3.00000 8.00000 5.00000 14.00000 12.00000 0.00000 1.00000 12.00000 12.00000 3.00000 22.00000 40.00000 26.00000 11.00000 11.00000 44.00000 11.00000 2.00000 12.00000 40.00000 15.00000 13.00000 13.00000 25.00000 42.00000 41.00000 13.00000 42.00000 13.00000 43.00000 12.00000 22.00000 2.00000 11.00000
11.00000 23.00000 2.00000 4.00000 10.00000 11.00000 11.00000 24.00000 41.00000 7.00000 13.00000 22.00000 42.00000 5.00000 11.00000 12.00000 9.00000 10.00000 44.00000 13.00000 7.00000 8.00000 25.00000 9.00000 41.00000 11.00000 9.00000 12.00000 5.00000 42.00000 2.00000 42.00000 2.00000 9.00000 4.00000 10.00000 14.00000 12.00000 41.00000 22.00000 23.00000 42.00000 43.00000 3.00000 8.00000 6.00000 14.00000 13.00000 1.00000 0.00000 12.00000 12.00000 4.00000 22.00000 41.00000 26.00000 11.00000 11.00000 45.00000 11.00000 2.00000 12.00000 40.00000 15.00000 13.00000 13.00000 25.00000 42.00000 41.00000 13.00000 42.00000 13.00000 43.00000 12.00000 22.00000 2.00000 11.00000
3.00000 14.00000 12.00000 10.00000 4.00000 3.00000 3.00000 15.00000 31.00000 14.00000 17.00000 13.00000 32.00000 10.00000 17.00000 18.00000 16.00000 6.00000 35.00000 18.00000 6.00000 7.00000 15.00000 15.00000 35.00000 15.00000 6.00000 17.00000 13.00000 33.00000 12.00000 33.00000 12.00000 5.00000 13.00000 3.00000 6.00000 8.00000 32.00000 13.00000 14.00000 33.00000 34.00000 12.00000 7.00000 10.00000 8.00000 9.00000 12.00000 12.00000 0.00000 17.00000 12.00000 13.00000 32.00000 16.00000 16.00000 16.00000 36.00000 2.00000 12.00000 17.00000 31.00000 7.00000 18.00000 17.00000 16.00000 33.00000 34.00000 17.00000 33.00000 18.00000 34.00000 16.00000 12.00000 12.00000 3.00000
17.00000 28.00000 11.00000 12.00000 17.00000 18.00000 17.00000 29.00000 45.00000 14.00000 2.00000 27.00000 46.00000 12.00000 2.00000 4.00000 4.00000 17.00000 48.00000 3.00000 14.00000 15.00000 29.00000 4.00000 48.00000 2.00000 16.00000 2.00000 9.00000 47.00000 11.00000 47.00000 12.00000 16.00000 12.00000 17.00000 19.00000 20.00000 46.00000 27.00000 27.00000 47.00000 48.00000 12.00000 15.00000 14.00000 21.00000 20.00000 11.00000 11.00000 19.00000 0.00000 12.00000 26.00000 46.00000 30.00000 3.00000 2.00000 49.00000 18.00000 11.00000 5.00000 45.00000 22.00000 2.00000 2.00000 29.00000 47.00000 47.00000 6.00000 46.00000 3.00000 47.00000 5.00000 26.00000 12.00000 17.00000
12.00000 24.00000 4.00000 6.00000 11.00000 12.00000 12.00000 26.00000 42.00000 4.00000 12.00000 23.00000 43.00000 7.00000 11.00000 11.00000 9.00000 10.00000 43.00000 13.00000 8.00000 9.00000 26.00000 8.00000 41.00000 10.00000 9.00000 12.00000 4.00000 43.00000 3.00000 44.00000 2.00000 10.00000 1.00000 11.00000 15.00000 12.00000 42.00000 24.00000 24.00000 43.00000 42.00000 1.00000 8.00000 5.00000 14.00000 12.00000 3.00000 4.00000 13.00000 11.00000 0.00000 23.00000 40.00000 27.00000 10.00000 10.00000 44.00000 12.00000 3.00000 12.00000 41.00000 16.00000 12.00000 12.00000 26.00000 43.00000 41.00000 12.00000 43.00000 13.00000 43.00000 11.00000 23.00000 2.00000 12.00000
14.00000 2.00000 23.00000 21.00000 15.00000 15.00000 14.00000 3.00000 19.00000 25.00000 28.00000 1.00000 21.00000 21.00000 28.00000 29.00000 26.00000 18.00000 23.00000 29.00000 17.00000 18.00000 4.00000 26.00000 24.00000 26.00000 18.00000 28.00000 24.00000 21.00000 23.00000 21.00000 24.00000 16.00000 24.00000 15.00000 13.00000 18.00000 20.00000 5.00000 3.00000 21.00000 22.00000 23.00000 19.00000 21.00000 16.00000 19.00000 23.00000 23.00000 14.00000 28.00000 24.00000 0.00000 21.00000 5.00000 27.00000 27.00000 24.00000 15.00000 23.00000 26.00000 19.00000 14.00000 29.00000 28.00000 6.00000 21.00000 22.00000 26.00000 21.00000 29.00000 22.00000 27.00000 4.00000 23.00000 14.00000
33.00000 22.00000 38.00000 35.00000 32.00000 32.00000 33.00000 21.00000 4.00000 39.00000 47.00000 21.00000 6.00000 35.00000 47.00000 47.00000 45.00000 33.00000 7.00000 47.00000 33.00000 34.00000 20.00000 44.00000 7.00000 45.00000 32.00000 46.00000 41.00000 5.00000 38.00000 6.00000 38.00000 33.00000 39.00000 32.00000 32.00000 32.00000 4.00000 23.00000 22.00000 5.00000 6.00000 38.00000 34.00000 36.00000 30.00000 32.00000 38.00000 38.00000 33.00000 47.00000 38.00000 21.00000 0.00000 23.00000 46.00000 46.00000 8.00000 33.00000 38.00000 45.00000 3.00000 30.00000 47.00000 47.00000 21.00000 5.00000 2.00000 45.00000 4.00000 47.00000 6.00000 46.00000 22.00000 38.00000 33.00000
16.00000 4.00000 26.00000 23.00000 18.00000 17.00000 16.00000 2.00000 21.00000 27.00000 30.00000 4.00000 23.00000 23.00000 30.00000 31.00000 29.00000 20.00000 25.00000 31.00000 20.00000 21.00000 7.00000 28.00000 25.00000 28.00000 20.00000 30.00000 26.00000 23.00000 26.00000 23.00000 26.00000 19.00000 26.00000 18.00000 15.00000 20.00000 22.00000 7.00000 5.00000 23.00000 24.00000 26.00000 21.00000 23.00000 18.00000 21.00000 25.00000 26.00000 16.00000 30.00000 26.00000 5.00000 23.00000 0.00000 30.00000 29.00000 26.00000 17.00000 26.00000 28.00000 21.00000 17.00000 31.00000 31.00000 5.00000 23.00000 24.00000 29.00000 23.00000 31.00000 24.00000 29.00000 6.00000 26.00000 16.00000
16.00000 26.00000 10.00000 11.00000 17.00000 17.00000 16.00000 27.00000 44.00000 13.00000 4.00000 25.00000 45.00000 12.00000 1.00000 3.00000 2.00000 17.00000 47.00000 4.00000 14.00000 14.00000 28.00000 2.00000 48.00000 2.00000 15.00000 3.00000 8.00000 45.00000 11.00000 46.00000 10.00000 15.00000 11.00000 17.00000 18.00000 19.00000 44.00000 25.00000 26.00000 45.00000 47.00000 10.00000 14.00000 13.00000 21.00000 20.00000 11.00000 11.00000 17.00000 2.00000 11.00000 25.00000 45.00000 29.00000 0.00000 2.00000 48.00000 17.00000 10.00000 5.00000 43.00000 21.00000 3.00000 4.00000 28.00000 45.00000 46.00000 5.00000 45.00000 4.00000 46.00000 5.00000 25.00000 11.00000 16.00000
16.00000 27.00000 10.00000 11.00000 17.00000 17.00000 16.00000 28.00000 44.00000 13.00000 4.00000 26.00000 45.00000 12.00000 2.00000 4.00000 2.00000 16.00000 47.00000 4.00000 13.00000 14.00000 28.00000 3.00000 48.00000 2.00000 15.00000 3.00000 8.00000 46.00000 10.00000 46.00000 11.00000 15.00000 11.00000 16.00000 18.00000 19.00000 45.00000 26.00000 27.00000 46.00000 47.00000 11.00000 14.00000 13.00000 21.00000 19.00000 10.00000 11.00000 18.00000 2.00000 11.00000 26.00000 45.00000 29.00000 2.00000 0.00000 49.00000 17.00000 10.00000 5.00000 44.00000 21.00000 3.00000 3.00000 29.00000 46.00000 46.00000 5.00000 46.00000 4.00000 47.00000 4.00000 25.00000 11.00000 16.00000
35.00000 25.00000 42.00000 39.00000 36.00000 36.00000 35.00000 24.00000 6.00000 43.00000 49.00000 24.00000 5.00000 40.00000 49.00000 50.00000 48.00000 37.00000 3.00000 50.00000 37.00000 38.00000 22.00000 47.00000 7.00000 48.00000 36.00000 49.00000 45.00000 4.00000 42.00000 4.00000 42.00000 37.00000 43.00000 36.00000 34.00000 36.00000 5.00000 26.00000 25.00000 4.00000 3.00000 42.00000 38.00000 40.00000 34.00000 36.00000 42.00000 42.00000 35.00000 49.00000 42.00000 24.00000 8.00000 25.00000 49.00000 48.00000 0.00000 36.00000 42.00000 47.00000 7.00000 34.00000 50.00000 50.00000 23.00000 4.00000 7.00000 48.00000 5.00000 50.00000 3.00000 48.00000 25.00000 42.00000 35.00000
4.00000 16.00000 11.00000 8.00000 3.00000 3.00000 4.00000 17.00000 33.00000 13.00000 16.00000 15.00000 35.00000 8.00000 16.00000 17.00000 15.00000 5.00000 37.00000 17.00000 5.00000 6.00000 17.00000 14.00000 35.00000 14.00000 5.00000 16.00000 12.00000 35.00000 11.00000 35.00000 11.00000 4.00000 12.00000 2.00000 8.00000 7.00000 34.00000 15.00000 16.00000 35.00000 36.00000 11.00000 6.00000 9.00000 7.00000 8.00000 11.00000 11.00000 3.00000 16.00000 11.00000 15.00000 34.00000 18.00000 15.00000 15.00000 38.00000 0.00000 11.00000 16.00000 33.00000 7.00000 17.00000 16.00000 18.00000 35.00000 35.00000 16.00000 35.00000 17.00000 36.00000 16.00000 14.00000 11.00000 4.00000
11.00000 23.00000 2.00000 5.00000 10.00000 11.00000 11.00000 24.00000 41.00000 6.00000 11.00000 22.00000 42.00000 6.00000 10.00000 11.00000 8.00000 10.00000 43.00000 12.00000 7.00000 8.00000 25.00000 7.00000 41.00000 9.00000 9.00000 11.00000 4.00000 42.00000 2.00000 43.00000 1.00000 9.00000 3.00000 10.00000 14.00000 12.00000 41.00000 22.00000 23.00000 42.00000 43.00000 2.00000 8.00000 5.00000 14.00000 13.00000 1.00000 2.00000 12.00000 11.00000 3.00000 22.00000 41.00000 26.00000 9.00000 10.00000 45.00000 11.00000 0.00000 11.00000 40.00000 15.00000 11.00000 11.00000 25.00000 42.00000 41.00000 11.00000 42.00000 12.00000 43.00000 10.00000 22.00000 1.00000 11.00000
17.00000 26.00000 11.00000 12.00000 18.00000 18.00000 17.00000 27.00000 43.00000 15.00000 5.00000 25.00000 44.00000 13.00000 6.00000 7.00000 6.00000 17.00000 46.00000 6.00000 14.00000 15.00000 27.00000 6.00000 47.00000 4.00000 16.00000 5.00000 10.00000 45.00000 12.00000 45.00000 12.00000 16.00000 13.00000 18.00000 17.00000 20.00000 44.00000 25.00000 26.00000 45.00000 46.00000 12.00000 15.00000 14.00000 22.00000 20.00000 11.00000 12.00000 18.00000 6.00000 13.00000 25.00000 44.00000 28.00000 5.00000 5.00000 47.00000 18.00000 12.00000 0.00000 43.00000 22.00000 6.00000 5.00000 27.00000 45.00000 45.00000 3.00000 44.00000 5.00000 45.00000 3.00000 24.00000 12.00000 17.00000
31.00000 21.00000 40.00000 37.00000 33.00000 32.00000 31.00000 20.00000 2.00000 41.00000 45.00000 20.00000 4.00000 38.00000 45.00000 46.00000 43.00000 35.00000 6.00000 46.00000 34.00000 35.00000 18.00000 43.00000 7.00000 43.00000 34.00000 45.00000 41.00000 4.00000 40.00000 4.00000 40.00000 34.00000 41.00000 32.00000 30.00000 34.00000 3.00000 22.00000 20.00000 4.00000 5.00000 40.00000 36.00000 38.00000 32.00000 34.00000 40.00000 40.00000 31.00000 45.00000 40.00000 20.00000 3.00000 21.00000 44.00000 44.00000 7.00000 32.00000 40.00000 43.00000 0.00000 31.00000 46.00000 45.00000 19.00000 4.00000 4.00000 44.00000 4.00000 46.00000 5.00000 44.00000 21.00000 40.00000 31.00000
8.00000 13.00000 15.00000 13.00000 7.00000 7.00000 8.00000 14.00000 30.00000 17.00000 22.00000 12.00000 32.00000 13.00000 22.00000 23.00000 21.00000 10.00000 34.00000 23.00000 9.00000 10.00000 14.00000 20.00000 33.00000 20.00000 9.00000 22.00000 18.00000 32.00000 15.00000 32.00000 16.00000 8.00000 16.00000 8.00000 9.00000 10.00000 31.00000 12.00000 13.00000 32.00000 33.00000 15.00000 11.00000 13.00000 8.00000 11.00000 15.00000 15.00000 8.00000 22.00000 16.00000 12.00000 31.00000 15.00000 22.00000 21.00000 35.00000 8.00000 15.00000 22.00000 30.00000 0.00000 23.00000 23.00000 15.00000 32.00000 33.00000 22.00000 32.00000 23.00000 33.00000 22.00000 11.00000 15.00000 8.00000
18.00000 28.00000 12.00000 13.00000 18.00000 19.00000 18.00000 30.00000 46.00000 15.00000 3.00000 27.00000 47.00000 13.00000 2.00000 3.00000 4.00000 18.00000 49.00000 3.00000 15.00000 16.00000 30.00000 4.00000 50.00000 3.00000 17.00000 3.00000 10.00000 48.00000 12.00000 48.00000 12.00000 17.00000 13.00000 18.00000 20.00000 21.00000 46.00000 28.00000 28.00000 47.00000 49.00000 12.00000 16.00000 15.00000 22.00000 21.00000 12.00000 12.00000 20.00000 2.00000 13.00000 27.00000 47.00000 31.00000 3.00000 3.00000 50.00000 19.00000 12.00000 6.00000 45.00000 23.00000 0.00000 2.00000 30.00000 47.00000 48.00000 7.00000 47.00000 3.00000 48.00000 6.00000 27.00000 13.00000 18.00000
17.00000 28.00000 11.00000 12.00000 18.00000 18.00000 17.00000 29.00000 45.00000 15.00000 2.00000 27.00000 46.00000 13.00000 3.00000 5.00000 5.00000 17.00000 48.00000 2.00000 14.00000 15.00000 29.00000 6.00000 49.00000 3.00000 16.00000 1.00000 9.00000 47.00000 11.00000 47.00000 12.00000 16.00000 13.00000 17.00000 19.00000 20.00000 46.00000 27.00000 28.00000 47.00000 48.00000 12.00000 15.00000 14.00000 21.00000 20.00000 11.00000 12.00000 19.00000 2.00000 12.00000 27.00000 46.00000 30.00000 4.00000 3.00000 50.00000 18.00000 11.00000 5.00000 45.00000 22.00000 2.00000 0.00000 30.00000 47.00000 47.00000 5.00000 46.00000 2.00000 48.00000 5.00000 26.00000 12.00000 17.00000
16.00000 6.00000 25.00000 22.00000 17.00000 17.00000 16.00000 4.00000 19.00000 27.00000 30.00000 5.00000 21.00000 23.00000 30.00000 31.00000 28.00000 19.00000 23.00000 31.00000 19.00000 20.00000 8.00000 28.00000 23.00000 28.00000 19.00000 29.00000 26.00000 21.00000 25.00000 21.00000 25.00000 18.00000 26.00000 17.00000 15.00000 20.00000 20.00000 3.00000 7.00000 21.00000 22.00000 25.00000 21.00000 23.00000 18.00000 20.00000 25.00000 25.00000 16.00000 30.00000 25.00000 6.00000 21.00000 5.00000 29.00000 29.00000 24.00000 16.00000 25.00000 28.00000 19.00000 16.00000 30.00000 30.00000 0.00000 21.00000 22.00000 28.00000 21.00000 30.00000 22.00000 29.00000 5.00000 25.00000 16.00000
33.00000 22.00000 42.00000 39.00000 34.00000 33.00000 33.00000 21.00000 4.00000 43.00000 47.00000 21.00000 2.00000 39.00000 46.00000 47.00000 45.00000 36.00000 3.00000 47.00000 36.00000 37.00000 20.00000 44.00000 7.00000 45.00000 36.00000 46.00000 42.00000 1.00000 42.00000 1.00000 42.00000 35.00000 42.00000 34.00000 32.00000 35.00000 2.00000 23.00000 22.00000 1.00000 3.00000 42.00000 38.00000 39.00000 34.00000 35.00000 41.00000 42.00000 32.00000 47.00000 42.00000 21.00000 6.00000 23.00000 46.00000 45.00000 4.00000 33.00000 42.00000 45.00000 4.00000 33.00000 47.00000 47.00000 21.00000 0.00000 5.00000 45.00000 2.00000 47.00000 2.00000 45.00000 22.00000 42.00000 33.00000
34.00000 23.00000 38.00000 36.00000 32.00000 32.00000 34.00000 22.00000 4.00000 39.00000 47.00000 22.00000 5.00000 36.00000 47.00000 48.00000 45.00000 34.00000 6.00000 48.00000 34.00000 34.00000 20.00000 45.00000 6.00000 45.00000 33.00000 47.00000 41.00000 4.00000 38.00000 5.00000 39.00000 33.00000 39.00000 33.00000 33.00000 32.00000 3.00000 24.00000 23.00000 4.00000 5.00000 38.00000 34.00000 36.00000 30.00000 32.00000 38.00000 38.00000 33.00000 47.00000 39.00000 22.00000 2.00000 24.00000 46.00000 46.00000 7.00000 33.00000 38.00000 46.00000 4.00000 31.00000 48.00000 47.00000 22.00000 4.00000 0.00000 46.00000 3.00000 48.00000 5.00000 46.00000 23.00000 39.00000 34.00000
17.00000 26.00000 12.00000 12.00000 18.00000 18.00000 17.00000 27.00000 43.00000 15.00000 5.00000 25.00000 45.00000 13.00000 6.00000 8.00000 6.00000 18.00000 47.00000 6.00000 15.00000 15.00000 27.00000 6.00000 48.00000 5.00000 16.00000 5.00000 10.00000 45.00000 12.00000 45.00000 12.00000 16.00000 13.00000 18.00000 17.00000 20.00000 44.00000 25.00000 26.00000 45.00000 46.00000 13.00000 15.00000 15.00000 22.00000 21.00000 12.00000 12.00000 19.00000 6.00000 13.00000 25.00000 45.00000 29.00000 6.00000 5.00000 48.00000 18.00000 12.00000 3.00000 43.00000 22.00000 7.00000 5.00000 28.00000 45.00000 46.00000 0.00000 45.00000 6.00000 46.00000 3.00000 24.00000 12.00000 17.00000
33.00000 22.00000 40.00000 38.00000 34.00000 33.00000 33.00000 21.00000 4.00000 41.00000 47.00000 21.00000 3.00000 38.00000 47.00000 47.00000 45.00000 35.00000 3.00000 47.00000 36.00000 36.00000 20.00000 44.00000 5.00000 45.00000 34.00000 46.00000 42.00000 2.00000 40.00000 3.00000 40.00000 35.00000 41.00000 34.00000 32.00000 34.00000 1.00000 23.00000 22.00000 2.00000 2.00000 40.00000 36.00000 38.00000 32.00000 34.00000 40.00000 40.00000 33.00000 47.00000 40.00000 21.00000 5.00000 23.00000 46.00000 46.00000 5.00000 33.00000 40.00000 45.00000 4.00000 32.00000 47.00000 47.00000 21.00000 2.00000 3.00000 45.00000 0.00000 47.00000 3.00000 46.00000 22.00000 40.00000 33.00000
17.00000 28.00000 11.00000 12.00000 17.00000 18.00000 17.00000 29.00000 45.00000 15.00000 2.00000 27.00000 46.00000 13.00000 3.00000 4.00000 5.00000 17.00000 48.00000 1.00000 14.00000 15.00000 29.00000 6.00000 49.00000 3.00000 16.00000 2.00000 9.00000 47.00000 11.00000 47.00000 12.00000 16.00000 13.00000 17.00000 19.00000 20.00000 46.00000 27.00000 28.00000 47.00000 48.00000 12.00000 15.00000 14.00000 21.00000 20.00000 11.00000 12.00000 19.00000 3.00000 12.00000 27.00000 46.00000 30.00000 4.00000 4.00000 50.00000 18.00000 11.00000 5.00000 45.00000 22.00000 2.00000 1.00000 29.00000 47.00000 47.00000 5.00000 46.00000 0.00000 47.00000 5.00000 26.00000 12.00000 17.00000
33.00000 23.00000 40.00000 38.00000 34.00000 34.00000 33.00000 22.00000 4.00000 42.00000 48.00000 22.00000 3.00000 38.00000 47.00000 48.00000 46.00000 36.00000 2.00000 48.00000 36.00000 36.00000 20.00000 45.00000 5.00000 46.00000 35.00000 47.00000 43.00000 2.00000 40.00000 2.00000 41.00000 35.00000 41.00000 35.00000 32.00000 34.00000 3.00000 24.00000 23.00000 2.00000 2.00000 40.00000 36.00000 38.00000 32.00000 34.00000 40.00000 41.00000 33.00000 47.00000 41.00000 22.00000 6.00000 24.00000 47.00000 46.00000 3.00000 34.00000 40.00000 45.00000 5.00000 33.00000 48.00000 48.00000 21.00000 2.00000 5.00000 46.00000 3.00000 48.00000 0.00000 46.00000 23.00000 41.00000 33.00000
17.00000 27.00000 11.00000 12.00000 17.00000 18.00000 17.00000 28.00000 44.00000 14.00000 4.00000 26.00000 46.00000 12.00000 5.00000 7.00000 6.00000 17.00000 48.00000 5.00000 14.00000 15.00000 28.00000 6.00000 48.00000 4.00000 16.00000 4.00000 9.00000 46.00000 11.00000 46.00000 12.00000 16.00000 12.00000 17.00000 18.00000 20.00000 45.00000 26.00000 27.00000 46.00000 47.00000 12.00000 14.00000 14.00000 21.00000 20.00000 11.00000 11.00000 19.00000 5.00000 12.00000 26.00000 46.00000 29.00000 5.00000 4.00000 49.00000 18.00000 11.00000 3.00000 44.00000 22.00000 6.00000 5.00000 29.00000 46.00000 47.00000 3.00000 46.00000 5.00000 47.00000 0.00000 25.00000 11.00000 17.00000
12.00000 4.00000 22.00000 19.00000 14.00000 13.00000 12.00000 5.00000 21.00000 23.00000 26.00000 3.00000 22.00000 19.00000 26.00000 27.00000 25.00000 16.00000 24.00000 27.00000 16.00000 17.00000 5.00000 24.00000 25.00000 24.00000 16.00000 26.00000 22.00000 23.00000 22.00000 23.00000 22.00000 15.00000 22.00000 14.00000 11.00000 16.00000 22.00000 2.00000 3.00000 23.00000 24.00000 22.00000 17.00000 19.00000 14.00000 17.00000 21.00000 22.00000 12.00000 26.00000 22.00000 2.00000 22.00000 6.00000 26.00000 25.00000 25.00000 13.00000 21.00000 24.00000 21.00000 13.00000 27.00000 27.00000 5.00000 23.00000 23.00000 25.00000 22.00000 27.00000 23.00000 25.00000 0.00000 22.00000 12.00000
12.00000 24.00000 3.00000 5.00000 11.00000 11.00000 12.00000 25.00000 41.00000 6.00000 12.00000 23.00000 42.00000 6.00000 11.00000 11.00000 9.00000 9.00000 43.00000 13.00000 8.00000 8.00000 25.00000 8.00000 40.00000 10.00000 8.00000 12.00000 4.00000 43.00000 1.00000 43.00000 1.00000 9.00000 3.00000 11.00000 14.00000 12.00000 42.00000 23.00000 24.00000 43.00000 42.00000 2.00000 7.00000 4.00000 13.00000 12.00000 2.00000 3.00000 12.00000 11.00000 2.00000 23.00000 40.00000 26.00000 10.00000 10.00000 44.00000 11.00000 1.00000 12.00000 41.00000 15.00000 12.00000 12.00000 26.00000 43.00000 40.00000 12.00000 42.00000 12.00000 43.00000 11.00000 22.00000 0.00000 12.00000
0.00000 14.00000 12.00000 10.00000 6.00000 6.00000 0.00000 15.00000 31.00000 15.00000 16.00000 13.00000 33.00000 10.00000 15.00000 16.00000 14.00000 7.00000 35.00000 16.00000 7.00000 8.00000 15.00000 13.00000 35.00000 14.00000 7.00000 15.00000 11.00000 33.00000 12.00000 33.00000 12.00000 6.00000 14.00000 5.00000 5.00000 9.00000 32.00000 13.00000 14.00000 33.00000 34.00000 13.00000 8.00000 11.00000 8.00000 10.00000 11.00000 12.00000 3.00000 16.00000 13.00000 13.00000 33.00000 17.00000 15.00000 14.00000 36.00000 5.00000 12.00000 15.00000 31.00000 7.00000 16.00000 16.00000 16.00000 33.00000 34.00000 16.00000 33.00000 16.00000 34.00000 15.00000 12.00000 12.00000 0.00000
p
0.0 0.0 0.0 0.0 0.0 0.0 
0.0 0.0 0.0 0.0 0.0 0.0 
0.0 0.0 0.0 0.0 0.0 0.0 
0.0 0.0 0.0 0.0 0.0 0.0 
0.0 0.0 0.0 0.0 0.0 0.0 
0.0 0.0 0.0 0.0 0.0 0.0 
0.0 0.0 0.0 0.0 0.0 0.0 
0.0 0.0 0.0 0.0 0.0 0.0 
0.0 0.0 0.0 0.0 0.0 0.0 
0.0 0.0 0.0 0.0 0.0 0.0 
0.0 0.0 0.0 0.0 0.0 0.0 
0.0 0.0 0.0 0.0 0.0 0.0 
0.0 0.0 0.0 0.0 0.0 0.0 
0.0 0.0 0.0 0.0 0.0 0.0 
0.0 0.0 0.0 0.0 0.0 0.0 
0 47 0 0 0 0 
0 47 0 0 0 0 
0 47 0 0 0 0 
0 47 0 0 0 0 
0 47 0 0 0 0 
0 47 0 0 0 0 
0 47 0 0 0 0 
0 47 0 0 0 0 
0 47 0 0 0 0 
0 47 0 0 0 0 
0 47 0 0 0 0 
0 47 0 0 0 0 
0 47 0 0 0 0 
0 47 0 0 0 0 
0 47 0 0 0 0 
0 0 0 0 33 0 
0 0 0 0 33 0 
0 0 0 0 33 0 
0 0 0 0 33 0 
0 0 0 0 33 0 
0 0 0 0 33 0 
0 0 0 0 33 0 
0 0 0 0 33 0 
0 0 0 0 33 0 
0 0 0 0 33 0 
0 0 0 0 33 0 
0 0 0 0 33 0 
0 0 0 0 33 0 
0 0 0 0 33 0 
0 0 0 0 33 0 
24 0 0 0 20 0 
24 0 0 0 20 0 
24 0 0 0 20 0 
24 0 0 0 20 0 
24 0 0 0 20 0 
24 0 0 0 20 0 
24 0 0 0 20 0 
24 0 0 0 20 0 
24 0 0 0 20 0 
24 0 0 0 20 0 
24 0 0 0 20 0 
24 0 0 0 20 0 
24 0 0 0 20 0 
24 0 0 0 20 0 
24 0 0 0 20 0 
0 0 0 0 0 44 
0 0 0 0 0 44 
0 0 0 0 0 44 
0 0 0 0 0 44 
0 0 0 0 0 44 
0 0 0 0 0 44 
0 0 0 0 0 44 
0 0 0 0 0 44 
0 0 0 0 0 44 
0 0 0 0 0 44 
0 0 0 0 0 44 
0 0 0 0 0 44 
0 0 0 0 0 44 
0 0 0 0 0 44 
0 0 0 0 0 44 
0 0 0 0 21 0 
0 0 0 0 21 0 
0 0 0 0 21 0 
0 0 0 0 21 0 
0 0 0 0 21 0 
0 0 0 0 21 0 
0 0 0 0 21 0 
0 0 0 0 21 0 
0 0 0 0 21 0 
0 0 0 0 21 0 
0 0 0 0 21 0 
0 0 0 0 21 0 
0 0 0 0 21 0 
0 0 0 0 21 0 
0 0 0 0 21 0 
36 0 0 58 0 0 
36 0 0 58 0 0 
36 0 0 58 0 0 
36 0 0 58 0 0 
36 0 0 58 0 0 
36 0 0 58 0 0 
36 0 0 58 0 0 
36 0 0 58 0 0 
36 0 0 58 0 0 
36 0 0 58 0 0 
36 0 0 58 0 0 
36 0 0 58 0 0 
36 0 0 58 0 0 
36 0 0 58 0 0 
36 0 0 58 0 0 
0 0 44 0 0 0 
0 0 44 0 0 0 
0 0 44 0 0 0 
0 0 44 0 0 0 
0 0 44 0 0 0 
0 0 44 0 0 0 
0 0 44 0 0 0 
0 0 44 0 0 0 
0 0 44 0 0 0 
0 0 44 0 0 0 
0 0 44 0 0 0 
0 0 44 0 0 0 
0 0 44 0 0 0 
0 0 44 0 0 0 
0 0 44 0 0 0 
0 0 0 17 0 0 
0 0 0 17 0 0 
0 0 0 17 0 0 
0 0 0 17 0 0 
0 0 0 17 0 0 
0 0 0 17 0 0 
0 0 0 17 0 0 
0 0 0 17 0 0 
0 0 0 17 0 0 
0 0 0 17 0 0 
0 0 0 17 0 0 
0 0 0 17 0 0 
0 0 0 17 0 0 
0 0 0 17 0 0 
0 0 0 17 0 0 
0 0 0 0 47 0 
0 0 0 0 47 0 
0 0 0 0 47 0 
0 0 0 0 47 0 
0 0 0 0 47 0 
0 0 0 0 47 0 
0 0 0 0 47 0 
0 0 0 0 47 0 
0 0 0 0 47 0 
0 0 0 0 47 0 
0 0 0 0 47 0 
0 0 0 0 47 0 
0 0 0 0 47 0 
0 0 0 0 47 0 
0 0 0 0 47 0 
0 0 46 0 18 0 
0 0 46 0 18 0 
0 0 46 0 18 0 
0 0 46 0 18 0 
0 0 46 0 18 0 
0 0 46 0 18 0 
0 0 46 0 18 0 
0 0 46 0 18 0 
0 0 46 0 18 0 
0 0 46 0 18 0 
0 0 46 0 18 0 
0 0 46 0 18 0 
0 0 46 0 18 0 
0 0 46 0 18 0 
0 0 46 0 18 0 
0 0 0 0 44 0 
0 0 0 0 44 0 
0 0 0 0 44 0 
0 0 0 0 44 0 
0 0 0 0 44 0 
0 0 0 0 44 0 
0 0 0 0 44 0 
0 0 0 0 44 0 
0 0 0 0 44 0 
0 0 0 0 44 0 
0 0 0 0 44 0 
0 0 0 0 44 0 
0 0 0 0 44 0 
0 0 0 0 44 0 
0 0 0 0 44 0 
0 0 25 0 0 0 
0 0 25 0 0 0 
0 0 25 0 0 0 
0 0 25 0 0 0 
0 0 25 0 0 0 
0 0 25 0 0 0 
0 0 25 0 0 0 
0 0 25 0 0 0 
0 0 25 0 0 0 
0 0 25 0 0 0 
0 0 25 0 0 0 
0 0 25 0 0 0 
0 0 25 0 0 0 
0 0 25 0 0 0 
0 0 25 0 0 0 
0 0 56 0 26 0 
0 0 56 0 26 0 
0 0 56 0 26 0 
0 0 56 0 26 0 
0 0 56 0 26 0 
0 0 56 0 26 0 
0 0 56 0 26 0 
0 0 56 0 26 0 
0 0 56 0 26 0 
0 0 56 0 26 0 
0 0 56 0 26 0 
0 0 56 0 26 0 
0 0 56 0 26 0 
0 0 56 0 26 0 
0 0 56 0 26 0 
0 0 54 0 0 0 
0 0 54 0 0 0 
0 0 54 0 0 0 
0 0 54 0 0 0 
0 0 54 0 0 0 
0 0 54 0 0 0 
0 0 54 0 0 0 
0 0 54 0 0 0 
0 0 54 0 0 0 
0 0 54 0 0 0 
0 0 54 0 0 0 
0 0 54 0 0 0 
0 0 54 0 0 0 
0 0 54 0 0 0 
0 0 54 0 0 0 
0 16 0 0 38 0 
0 16 0 0 38 0 
0 16 0 0 38 0 
0 16 0 0 38 0 
0 16 0 0 38 0 
0 16 0 0 38 0 
0 16 0 0 38 0 
0 16 0 0 38 0 
0 16 0 0 38 0 
0 16 0 0 38 0 
0 16 0 0 38 0 
0 16 0 0 38 0 
0 16 0 0 38 0 
0 16 0 0 38 0 
0 16 0 0 38 0 
0 0 0 0 0 31 
0 0 0 0 0 31 
0 0 0 0 0 31 
0 0 0 0 0 31 
0 0 0 0 0 31 
0 0 0 0 0 31 
0 0 0 0 0 31 
0 0 0 0 0 31 
0 0 0 0 0 31 
0 0 0 0 0 31 
0 0 0 0 0 31 
0 0 0 0 0 31 
0 0 0 0 0 31 
0 0 0 0 0 31 
0 0 0 0 0 31 
23 0 0 0 0 0 
23 0 0 0 0 0 
23 0 0 0 0 0 
23 0 0 0 0 0 
23 0 0 0 0 0 
23 0 0 0 0 0 
23 0 0 0 0 0 
23 0 0 0 0 0 
23 0 0 0 0 0 
23 0 0 0 0 0 
23 0 0 0 0 0 
23 0 0 0 0 0 
23 0 0 0 0 0 
23 0 0 0 0 0 
23 0 0 0 0 0 
0 0 50 0 0 0 
0 0 50 0 0 0 
0 0 50 0 0 0 
0 0 50 0 0 0 
0 0 50 0 0 0 
0 0 50 0 0 0 
0 0 50 0 0 0 
0 0 50 0 0 0 
0 0 50 0 0 0 
0 0 50 0 0 0 
0 0 50 0 0 0 
0 0 50 0 0 0 
0 0 50 0 0 0 
0 0 50 0 0 0 
0 0 50 0 0 0 
0 0 0 0 18 0 
0 0 0 0 18 0 
0 0 0 0 18 0 
0 0 0 0 18 0 
0 0 0 0 18 0 
0 0 0 0 18 0 
0 0 0 0 18 0 
0 0 0 0 18 0 
0 0 0 0 18 0 
0 0 0 0 18 0 
0 0 0 0 18 0 
0 0 0 0 18 0 
0 0 0 0 18 0 
0 0 0 0 18 0 
0 0 0 0 18 0 
0 22 0 0 15 0 
0 22 0 0 15 0 
0 22 0 0 15 0 
0 22 0 0 15 0 
0 22 0 0 15 0 
0 22 0 0 15 0 
0 22 0 0 15 0 
0 22 0 0 15 0 
0 22 0 0 15 0 
0 22 0 0 15 0 
0 22 0 0 15 0 
0 22 0 0 15 0 
0 22 0 0 15 0 
0 22 0 0 15 0 
0 22 0 0 15 0 
0 0 32 0 0 0 
0 0 32 0 0 0 
0 0 32 0 0 0 
0 0 32 0 0 0 
0 0 32 0 0 0 
0 0 32 0 0 0 
0 0 32 0 0 0 
0 0 32 0 0 0 
0 0 32 0 0 0 
0 0 32 0 0 0 
0 0 32 0 0 0 
0 0 32 0 0 0 
0 0 32 0 0 0 
0 0 32 0 0 0 
0 0 32 0 0 0 
19 0 0 0 27 0 
19 0 0 0 27 0 
19 0 0 0 27 0 
19 0 0 0 27 0 
19 0 0 0 27 0 
19 0 0 0 27 0 
19 0 0 0 27 0 
19 0 0 0 27 0 
19 0 0 0 27 0 
19 0 0 0 27 0 
19 0 0 0 27 0 
19 0 0 0 27 0 
19 0 0 0 27 0 
19 0 0 0 27 0 
19 0 0 0 27 0 
0 0 40 40 0 0 
0 0 40 40 0 0 
0 0 40 40 0 0 
0 0 40 40 0 0 
0 0 40 40 0 0 
0 0 40 40 0 0 
0 0 40 40 0 0 
0 0 40 40 0 0 
0 0 40 40 0 0 
0 0 40 40 0 0 
0 0 40 40 0 0 
0 0 40 40 0 0 
0 0 40 40 0 0 
0 0 40 40 0 0 
0 0 40 40 0 0 
0 0 0 0 23 0 
0 0 0 0 23 0 
0 0 0 0 23 0 
0 0 0 0 23 0 
0 0 0 0 23 0 
0 0 0 0 23 0 
0 0 0 0 23 0 
0 0 0 0 23 0 
0 0 0 0 23 0 
0 0 0 0 23 0 
0 0 0 0 23 0 
0 0 0 0 23 0 
0 0 0 0 23 0 
0 0 0 0 23 0 
0 0 0 0 23 0 
0 0 0 0 37 0 
0 0 0 0 37 0 
0 0 0 0 37 0 
0 0 0 0 37 0 
0 0 0 0 37 0 
0 0 0 0 37 0 
0 0 0 0 37 0 
0 0 0 0 37 0 
0 0 0 0 37 0 
0 0 0 0 37 0 
0 0 0 0 37 0 
0 0 0 0 37 0 
0 0 0 0 37 0 
0 0 0 0 37 0 
0 0 0 0 37 0 
0 0 0 59 0 0 
0 0 0 59 0 0 
0 0 0 59 0 0 
0 0 0 59 0 0 
0 0 0 59 0 0 
0 0 0 59 0 0 
0 0 0 59 0 0 
0 0 0 59 0 0 
0 0 0 59 0 0 
0 0 0 59 0 0 
0 0 0 59 0 0 
0 0 0 59 0 0 
0 0 0 59 0 0 
0 0 0 59 0 0 
0 0 0 59 0 0 
0 59 0 0 0 0 
0 59 0 0 0 0 
0 59 0 0 0 0 
0 59 0 0 0 0 
0 59 0 0 0 0 
0 59 0 0 0 0 
0 59 0 0 0 0 
0 59 0 0 0 0 
0 59 0 0 0 0 
0 59 0 0 0 0 
0 59 0 0 0 0 
0 59 0 0 0 0 
0 59 0 0 0 0 
0 59 0 0 0 0 
0 59 0 0 0 0 
0 27 0 0 28 0 
0 27 0 0 28 0 
0 27 0 0 28 0 
0 27 0 0 28 0 
0 27 0 0 28 0 
0 27 0 0 28 0 
0 27 0 0 28 0 
0 27 0 0 28 0 
0 27 0 0 28 0 
0 27 0 0 28 0 
0 27 0 0 28 0 
0 27 0 0 28 0 
0 27 0 0 28 0 
0 27 0 0 28 0 
0 27 0 0 28 0 
0 0 0 0 43 0 
0 0 0 0 43 0 
0 0 0 0 43 0 
0 0 0 0 43 0 
0 0 0 0 43 0 
0 0 0 0 43 0 
0 0 0 0 43 0 
0 0 0 0 43 0 
0 0 0 0 43 0 
0 0 0 0 43 0 
0 0 0 0 43 0 
0 0 0 0 43 0 
0 0 0 0 43 0 
0 0 0 0 43 0 
0 0 0 0 43 0 
0 0 0 20 0 0 
0 0 0 20 0 0 
0 0 0 20 0 0 
0 0 0 20 0 0 
0 0 0 20 0 0 
0 0 0 20 0 0 
0 0 0 20 0 0 
0 0 0 20 0 0 
0 0 0 20 0 0 
0 0 0 20 0 0 
0 0 0 20 0 0 
0 0 0 20 0 0 
0 0 0 20 0 0 
0 0 0 20 0 0 
0 0 0 20 0 0 
42 0 0 0 0 0 
42 0 0 0 0 0 
42 0 0 0 0 0 
42 0 0 0 0 0 
42 0 0 0 0 0 
42 0 0 0 0 0 
42 0 0 0 0 0 
42 0 0 0 0 0 
42 0 0 0 0 0 
42 0 0 0 0 0 
42 0 0 0 0 0 
42 0 0 0 0 0 
42 0 0 0 0 0 
42 0 0 0 0 0 
42 0 0 0 0 0 
0 56 0 0 19 0 
0 56 0 0 19 0 
0 56 0 0 19 0 
0 56 0 0 19 0 
0 56 0 0 19 0 
0 56 0 0 19 0 
0 56 0 0 19 0 
0 56 0 0 19 0 
0 56 0 0 19 0 
0 56 0 0 19 0 
0 56 0 0 19 0 
0 56 0 0 19 0 
0 56 0 0 19 0 
0 56 0 0 19 0 
0 56 0 0 19 0 
0 0 0 47 0 0 
0 0 0 47 0 0 
0 0 0 47 0 0 
0 0 0 47 0 0 
0 0 0 47 0 0 
0 0 0 47 0 0 
0 0 0 47 0 0 
0 0 0 47 0 0 
0 0 0 47 0 0 
0 0 0 47 0 0 
0 0 0 47 0 0 
0 0 0 47 0 0 
0 0 0 47 0 0 
0 0 0 47 0 0 
0 0 0 47 0 0 
0 0 0 0 24 0 
0 0 0 0 24 0 
0 0 0 0 24 0 
0 0 0 0 24 0 
0 0 0 0 24 0 
0 0 0 0 24 0 
0 0 0 0 24 0 
0 0 0 0 24 0 
0 0 0 0 24 0 
0 0 0 0 24 0 
0 0 0 0 24 0 
0 0 0 0 24 0 
0 0 0 0 24 0 
0 0 0 0 24 0 
0 0 0 0 24 0 
0 0 0 0 0 54 
0 0 0 0 0 54 
0 0 0 0 0 54 
0 0 0 0 0 54 
0 0 0 0 0 54 
0 0 0 0 0 54 
0 0 0 0 0 54 
0 0 0 0 0 54 
0 0 0 0 0 54 
0 0 0 0 0 54 
0 0 0 0 0 54 
0 0 0 0 0 54 
0 0 0 0 0 54 
0 0 0 0 0 54 
0 0 0 0 0 54 
0 0 0 0 0 44 
0 0 0 0 0 44 
0 0 0 0 0 44 
0 0 0 0 0 44 
0 0 0 0 0 44 
0 0 0 0 0 44 
0 0 0 0 0 44 
0 0 0 0 0 44 
0 0 0 0 0 44 
0 0 0 0 0 44 
0 0 0 0 0 44 
0 0 0 0 0 44 
0 0 0 0 0 44 
0 0 0 0 0 44 
0 0 0 0 0 44 
59 0 0 0 0 0 
59 0 0 0 0 0 
59 0 0 0 0 0 
59 0 0 0 0 0 
59 0 0 0 0 0 
59 0 0 0 0 0 
59 0 0 0 0 0 
59 0 0 0 0 0 
59 0 0 0 0 0 
59 0 0 0 0 0 
59 0 0 0 0 0 
59 0 0 0 0 0 
59 0 0 0 0 0 
59 0 0 0 0 0 
59 0 0 0 0 0 
0 0 22 0 28 0 
0 0 22 0 28 0 
0 0 22 0 28 0 
0 0 22 0 28 0 
0 0 22 0 28 0 
0 0 22 0 28 0 
0 0 22 0 28 0 
0 0 22 0 28 0 
0 0 22 0 28 0 
0 0 22 0 28 0 
0 0 22 0 28 0 
0 0 22 0 28 0 
0 0 22 0 28 0 
0 0 22 0 28 0 
0 0 22 0 28 0 
0 0 0 0 54 0 
0 0 0 0 54 0 
0 0 0 0 54 0 
0 0 0 0 54 0 
0 0 0 0 54 0 
0 0 0 0 54 0 
0 0 0 0 54 0 
0 0 0 0 54 0 
0 0 0 0 54 0 
0 0 0 0 54 0 
0 0 0 0 54 0 
0 0 0 0 54 0 
0 0 0 0 54 0 
0 0 0 0 54 0 
0 0 0 0 54 0 
60 0 0 0 0 0 
60 0 0 0 0 0 
60 0 0 0 0 0 
60 0 0 0 0 0 
60 0 0 0 0 0 
60 0 0 0 0 0 
60 0 0 0 0 0 
60 0 0 0 0 0 
60 0 0 0 0 0 
60 0 0 0 0 0 
60 0 0 0 0 0 
60 0 0 0 0 0 
60 0 0 0 0 0 
60 0 0 0 0 0 
60 0 0 0 0 0 
0 0 0 57 0 0 
0 0 0 57 0 0 
0 0 0 57 0 0 
0 0 0 57 0 0 
0 0 0 57 0 0 
0 0 0 57 0 0 
0 0 0 57 0 0 
0 0 0 57 0 0 
0 0 0 57 0 0 
0 0 0 57 0 0 
0 0 0 57 0 0 
0 0 0 57 0 0 
0 0 0 57 0 0 
0 0 0 57 0 0 
0 0 0 57 0 0 
43 0 0 0 0 25 
43 0 0 0 0 25 
43 0 0 0 0 25 
43 0 0 0 0 25 
43 0 0 0 0 25 
43 0 0 0 0 25 
43 0 0 0 0 25 
43 0 0 0 0 25 
43 0 0 0 0 25 
43 0 0 0 0 25 
43 0 0 0 0 25 
43 0 0 0 0 25 
43 0 0 0 0 25 
43 0 0 0 0 25 
43 0 0 0 0 25 
0 52 0 0 0 0 
0 52 0 0 0 0 
0 52 0 0 0 0 
0 52 0 0 0 0 
0 52 0 0 0 0 
0 52 0 0 0 0 
0 52 0 0 0 0 
0 52 0 0 0 0 
0 52 0 0 0 0 
0 52 0 0 0 0 
0 52 0 0 0 0 
0 52 0 0 0 0 
0 52 0 0 0 0 
0 52 0 0 0 0 
0 52 0 0 0 0 
56 0 0 0 0 0 
56 0 0 0 0 0 
56 0 0 0 0 0 
56 0 0 0 0 0 
56 0 0 0 0 0 
56 0 0 0 0 0 
56 0 0 0 0 0 
56 0 0 0 0 0 
56 0 0 0 0 0 
56 0 0 0 0 0 
56 0 0 0 0 0 
56 0 0 0 0 0 
56 0 0 0 0 0 
56 0 0 0 0 0 
56 0 0 0 0 0 
0 0 31 18 0 0 
0 0 31 18 0 0 
0 0 31 18 0 0 
0 0 31 18 0 0 
0 0 31 18 0 0 
0 0 31 18 0 0 
0 0 31 18 0 0 
0 0 31 18 0 0 
0 0 31 18 0 0 
0 0 31 18 0 0 
0 0 31 18 0 0 
0 0 31 18 0 0 
0 0 31 18 0 0 
0 0 31 18 0 0 
0 0 31 18 0 0 
0 51 0 0 0 0 
0 51 0 0 0 0 
0 51 0 0 0 0 
0 51 0 0 0 0 
0 51 0 0 0 0 
0 51 0 0 0 0 
0 51 0 0 0 0 
0 51 0 0 0 0 
0 51 0 0 0 0 
0 51 0 0 0 0 
0 51 0 0 0 0 
0 51 0 0 0 0 
0 51 0 0 0 0 
0 51 0 0 0 0 
0 51 0 0 0 0 
0 0 0 0 0 16 
0 0 0 0 0 16 
0 0 0 0 0 16 
0 0 0 0 0 16 
0 0 0 0 0 16 
0 0 0 0 0 16 
0 0 0 0 0 16 
0 0 0 0 0 16 
0 0 0 0 0 16 
0 0 0 0 0 16 
0 0 0 0 0 16 
0 0 0 0 0 16 
0 0 0 0 0 16 
0 0 0 0 0 16 
0 0 0 0 0 16 
0 0 0 0 0 54 
0 0 0 0 0 54 
0 0 0 0 0 54 
0 0 0 0 0 54 
0 0 0 0 0 54 
0 0 0 0 0 54 
0 0 0 0 0 54 
0 0 0 0 0 54 
0 0 0 0 0 54 
0 0 0 0 0 54 
0 0 0 0 0 54 
0 0 0 0 0 54 
0 0 0 0 0 54 
0 0 0 0 0 54 
0 0 0 0 0 54 
0 0 35 0 53 0 
0 0 35 0 53 0 
0 0 35 0 53 0 
0 0 35 0 53 0 
0 0 35 0 53 0 
0 0 35 0 53 0 
0 0 35 0 53 0 
0 0 35 0 53 0 
0 0 35 0 53 0 
0 0 35 0 53 0 
0 0 35 0 53 0 
0 0 35 0 53 0 
0 0 35 0 53 0 
0 0 35 0 53 0 
0 0 35 0 53 0 
0 0 0 0 53 0 
0 0 0 0 53 0 
0 0 0 0 53 0 
0 0 0 0 53 0 
0 0 0 0 53 0 
0 0 0 0 53 0 
0 0 0 0 53 0 
0 0 0 0 53 0 
0 0 0 0 53 0 
0 0 0 0 53 0 
0 0 0 0 53 0 
0 0 0 0 53 0 
0 0 0 0 53 0 
0 0 0 0 53 0 
0 0 0 0 53 0 
0 0 55 0 0 0 
0 0 55 0 0 0 
0 0 55 0 0 0 
0 0 55 0 0 0 
0 0 55 0 0 0 
0 0 55 0 0 0 
0 0 55 0 0 0 
0 0 55 0 0 0 
0 0 55 0 0 0 
0 0 55 0 0 0 
0 0 55 0 0 0 
0 0 55 0 0 0 
0 0 55 0 0 0 
0 0 55 0 0 0 
0 0 55 0 0 0 
48 0 0 0 30 0 
48 0 0 0 30 0 
48 0 0 0 30 0 
48 0 0 0 30 0 
48 0 0 0 30 0 
48 0 0 0 30 0 
48 0 0 0 30 0 
48 0 0 0 30 0 
48 0 0 0 30 0 
48 0 0 0 30 0 
48 0 0 0 30 0 
48 0 0 0 30 0 
48 0 0 0 30 0 
48 0 0 0 30 0 
48 0 0 0 30 0 
0 60 0 0 26 0 
0 60 0 0 26 0 
0 60 0 0 26 0 
0 60 0 0 26 0 
0 60 0 0 26 0 
0 60 0 0 26 0 
0 60 0 0 26 0 
0 60 0 0 26 0 
0 60 0 0 26 0 
0 60 0 0 26 0 
0 60 0 0 26 0 
0 60 0 0 26 0 
0 60 0 0 26 0 
0 60 0 0 26 0 
0 60 0 0 26 0 
49 0 0 0 0 0 
49 0 0 0 0 0 
49 0 0 0 0 0 
49 0 0 0 0 0 
49 0 0 0 0 0 
49 0 0 0 0 0 
49 0 0 0 0 0 
49 0 0 0 0 0 
49 0 0 0 0 0 
49 0 0 0 0 0 
49 0 0 0 0 0 
49 0 0 0 0 0 
49 0 0 0 0 0 
49 0 0 0 0 0 
49 0 0 0 0 0 
49 0 0 0 47 0 
49 0 0 0 47 0 
49 0 0 0 47 0 
49 0 0 0 47 0 
49 0 0 0 47 0 
49 0 0 0 47 0 
49 0 0 0 47 0 
49 0 0 0 47 0 
49 0 0 0 47 0 
49 0 0 0 47 0 
49 0 0 0 47 0 
49 0 0 0 47 0 
49 0 0 0 47 0 
49 0 0 0 47 0 
49 0 0 0 47 0 
0 59 0 0 0 0 
0 59 0 0 0 0 
0 59 0 0 0 0 
0 59 0 0 0 0 
0 59 0 0 0 0 
0 59 0 0 0 0 
0 59 0 0 0 0 
0 59 0 0 0 0 
0 59 0 0 0 0 
0 59 0 0 0 0 
0 59 0 0 0 0 
0 59 0 0 0 0 
0 59 0 0 0 0 
0 59 0 0 0 0 
0 59 0 0 0 0 
16 0 0 0 0 38 
16 0 0 0 0 38 
16 0 0 0 0 38 
16 0 0 0 0 38 
16 0 0 0 0 38 
16 0 0 0 0 38 
16 0 0 0 0 38 
16 0 0 0 0 38 
16 0 0 0 0 38 
16 0 0 0 0 38 
16 0 0 0 0 38 
16 0 0 0 0 38 
16 0 0 0 0 38 
16 0 0 0 0 38 
16 0 0 0 0 38 
0 0 0 46 0 0 
0 0 0 46 0 0 
0 0 0 46 0 0 
0 0 0 46 0 0 
0 0 0 46 0 0 
0 0 0 46 0 0 
0 0 0 46 0 0 
0 0 0 46 0 0 
0 0 0 46 0 0 
0 0 0 46 0 0 
0 0 0 46 0 0 
0 0 0 46 0 0 
0 0 0 46 0 0 
0 0 0 46 0 0 
0 0 0 46 0 0 
0 0 0 0 0 19 
0 0 0 0 0 19 
0 0 0 0 0 19 
0 0 0 0 0 19 
0 0 0 0 0 19 
0 0 0 0 0 19 
0 0 0 0 0 19 
0 0 0 0 0 19 
0 0 0 0 0 19 
0 0 0 0 0 19 
0 0 0 0 0 19 
0 0 0 0 0 19 
0 0 0 0 0 19 
0 0 0 0 0 19 
0 0 0 0 0 19 
0 0 0 0 0 27 
0 0 0 0 0 27 
0 0 0 0 0 27 
0 0 0 0 0 27 
0 0 0 0 0 27 
0 0 0 0 0 27 
0 0 0 0 0 27 
0 0 0 0 0 27 
0 0 0 0 0 27 
0 0 0 0 0 27 
0 0 0 0 0 27 
0 0 0 0 0 27 
0 0 0 0 0 27 
0 0 0 0 0 27 
0 0 0 0 0 27 
27 0 0 52 0 0 
27 0 0 52 0 0 
27 0 0 52 0 0 
27 0 0 52 0 0 
27 0 0 52 0 0 
27 0 0 52 0 0 
27 0 0 52 0 0 
27 0 0 52 0 0 
27 0 0 52 0 0 
27 0 0 52 0 0 
27 0 0 52 0 0 
27 0 0 52 0 0 
27 0 0 52 0 0 
27 0 0 52 0 0 
27 0 0 52 0 0 
0 0 0 0 59 0 
0 0 0 0 59 0 
0 0 0 0 59 0 
0 0 0 0 59 0 
0 0 0 0 59 0 
0 0 0 0 59 0 
0 0 0 0 59 0 
0 0 0 0 59 0 
0 0 0 0 59 0 
0 0 0 0 59 0 
0 0 0 0 59 0 
0 0 0 0 59 0 
0 0 0 0 59 0 
0 0 0 0 59 0 
0 0 0 0 59 0 
0 0 0 20 0 0 
0 0 0 20 0 0 
0 0 0 20 0 0 
0 0 0 20 0 0 
0 0 0 20 0 0 
0 0 0 20 0 0 
0 0 0 20 0 0 
0 0 0 20 0 0 
0 0 0 20 0 0 
0 0 0 20 0 0 
0 0 0 20 0 0 
0 0 0 20 0 0 
0 0 0 20 0 0 
0 0 0 20 0 0 
0 0 0 20 0 0 
0 0 58 0 0 20 
0 0 58 0 0 20 
0 0 58 0 0 20 
0 0 58 0 0 20 
0 0 58 0 0 20 
0 0 58 0 0 20 
0 0 58 0 0 20 
0 0 58 0 0 20 
0 0 58 0 0 20 
0 0 58 0 0 20 
0 0 58 0 0 20 
0 0 58 0 0 20 
0 0 58 0 0 20 
0 0 58 0 0 20 
0 0 58 0 0 20 
0 0 0 0 33 0 
0 0 0 0 33 0 
0 0 0 0 33 0 
0 0 0 0 33 0 
0 0 0 0 33 0 
0 0 0 0 33 0 
0 0 0 0 33 0 
0 0 0 0 33 0 
0 0 0 0 33 0 
0 0 0 0 33 0 
0 0 0 0 33 0 
0 0 0 0 33 0 
0 0 0 0 33 0 
0 0 0 0 33 0 
0 0 0 0 33 0 
0 37 0 0 39 0 
0 37 0 0 39 0 
0 37 0 0 39 0 
0 37 0 0 39 0 
0 37 0 0 39 0 
0 37 0 0 39 0 
0 37 0 0 39 0 
0 37 0 0 39 0 
0 37 0 0 39 0 
0 37 0 0 39 0 
0 37 0 0 39 0 
0 37 0 0 39 0 
0 37 0 0 39 0 
0 37 0 0 39 0 
0 37 0 0 39 0 
0 0 0 0 32 0 
0 0 0 0 32 0 
0 0 0 0 32 0 
0 0 0 0 32 0 
0 0 0 0 32 0 
0 0 0 0 32 0 
0 0 0 0 32 0 
0 0 0 0 32 0 
0 0 0 0 32 0 
0 0 0 0 32 0 
0 0 0 0 32 0 
0 0 0 0 32 0 
0 0 0 0 32 0 
0 0 0 0 32 0 
0 0 0 0 32 0 
0 0 57 28 0 0 
0 0 57 28 0 0 
0 0 57 28 0 0 
0 0 57 28 0 0 
0 0 57 28 0 0 
0 0 57 28 0 0 
0 0 57 28 0 0 
0 0 57 28 0 0 
0 0 57 28 0 0 
0 0 57 28 0 0 
0 0 57 28 0 0 
0 0 57 28 0 0 
0 0 57 28 0 0 
0 0 57 28 0 0 
0 0 57 28 0 0 
0 0 0 28 0 0 
0 0 0 28 0 0 
0 0 0 28 0 0 
0 0 0 28 0 0 
0 0 0 28 0 0 
0 0 0 28 0 0 
0 0 0 28 0 0 
0 0 0 28 0 0 
0 0 0 28 0 0 
0 0 0 28 0 0 
0 0 0 28 0 0 
0 0 0 28 0 0 
0 0 0 28 0 0 
0 0 0 28 0 0 
0 0 0 28 0 0 
0 0 0 0 0 39 
0 0 0 0 0 39 
0 0 0 0 0 39 
0 0 0 0 0 39 
0 0 0 0 0 39 
0 0 0 0 0 39 
0 0 0 0 0 39 
0 0 0 0 0 39 
0 0 0 0 0 39 
0 0 0 0 0 39 
0 0 0 0 0 39 
0 0 0 0 0 39 
0 0 0 0 0 39 
0 0 0 0 0 39 
0 0 0 0 0 39 
0 0 0 48 0 0 
0 0 0 48 0 0 
0 0 0 48 0 0 
0 0 0 48 0 0 
0 0 0 48 0 0 
0 0 0 48 0 0 
0 0 0 48 0 0 
0 0 0 48 0 0 
0 0 0 48 0 0 
0 0 0 48 0 0 
0 0 0 48 0 0 
0 0 0 48 0 0 
0 0 0 48 0 0 
0 0 0 48 0 0 
0 0 0 48 0 0 
47 0 0 0 18 0 
47 0 0 0 18 0 
47 0 0 0 18 0 
47 0 0 0 18 0 
47 0 0 0 18 0 
47 0 0 0 18 0 
47 0 0 0 18 0 
47 0 0 0 18 0 
47 0 0 0 18 0 
47 0 0 0 18 0 
47 0 0 0 18 0 
47 0 0 0 18 0 
47 0 0 0 18 0 
47 0 0 0 18 0 
47 0 0 0 18 0 
42 0 0 0 0 44 
42 0 0 0 0 44 
42 0 0 0 0 44 
42 0 0 0 0 44 
42 0 0 0 0 44 
42 0 0 0 0 44 
42 0 0 0 0 44 
42 0 0 0 0 44 
42 0 0 0 0 44 
42 0 0 0 0 44 
42 0 0 0 0 44 
42 0 0 0 0 44 
42 0 0 0 0 44 
42 0 0 0 0 44 
42 0 0 0 0 44 
0 37 0 0 0 0 
0 37 0 0 0 0 
0 37 0 0 0 0 
0 37 0 0 0 0 
0 37 0 0 0 0 
0 37 0 0 0 0 
0 37 0 0 0 0 
0 37 0 0 0 0 
0 37 0 0 0 0 
0 37 0 0 0 0 
0 37 0 0 0 0 
0 37 0 0 0 0 
0 37 0 0 0 0 
0 37 0 0 0 0 
0 37 0 0 0 0 
0 0 0 0 40 0 
0 0 0 0 40 0 
0 0 0 0 40 0 
0 0 0 0 40 0 
0 0 0 0 40 0 
0 0 0 0 40 0 
0 0 0 0 40 0 
0 0 0 0 40 0 
0 0 0 0 40 0 
0 0 0 0 40 0 
0 0 0 0 40 0 
0 0 0 0 40 0 
0 0 0 0 40 0 
0 0 0 0 40 0 
0 0 0 0 40 0 
0.0 0.0 0.0 0.0 0.0 0.0 
0.0 0.0 0.0 0.0 0.0 0.0 
0.0 0.0 0.0 0.0 0.0 0.0 
0.0 0.0 0.0 0.0 0.0 0.0 
0.0 0.0 0.0 0.0 0.0 0.0 
0.0 0.0 0.0 0.0 0.0 0.0 
0.0 0.0 0.0 0.0 0.0 0.0 
0.0 0.0 0.0 0.0 0.0 0.0 
0.0 0.0 0.0 0.0 0.0 0.0 
0.0 0.0 0.0 0.0 0.0 0.0 
0.0 0.0 0.0 0.0 0.0 0.0 
0.0 0.0 0.0 0.0 0.0 0.0 
0.0 0.0 0.0 0.0 0.0 0.0 
0.0 0.0 0.0 0.0 0.0 0.0 
0.0 0.0 0.0 0.0 0.0 0.0 
mind
0 0 0 21 0 0 0 0 0 0 21 0 0 0 0 0 0 0 0 0 0 0 22 0 0 0 0 0 22 0 0 0 11 0 0 0 0 0 10 0 0 0 20 0 0 0 0 0 0 13 0 0 0 16 0 12 0 18 0 0 0 0 0 0 0 0 0 0 26 0 0 0 0 0 0 0 0
maxd
0 0 0 23 0 0 0 0 0 0 29 0 0 0 0 0 0 0 0 0 0 0 28 0 0 0 0 0 29 0 0 0 21 0 0 0 0 0 24 0 0 0 21 0 0 0 0 0 0 22 0 0 0 28 0 27 0 28 0 0 0 0 0 0 0 0 0 0 27 0 0 0 0 0 0 0 0
e
0 622 857 705 607 512 826 773 752 576 617 875 754 945 528 823 662 831 847 656 884 852 544 669 634 915 955 636 855 860 717 793 786 664 567 945 868 567 647 604 561 846 886 928 761 559 847 876 727 913 607 545 531 556 673 833 894 790 546 781 833 634 911 529 865 528 814 714 937 494 715 644 714 822 570 935 0
l
99999 742 977 825 727 632 946 893 872 696 737 995 874 1065 648 943 782 951 967 776 1004 972 664 789 754 1035 1075 756 975 980 837 913 906 784 687 1065 988 687 767 724 681 966 1006 1048 881 679 967 996 847 1033 727 665 651 676 793 953 1014 910 666 901 953 754 1031 649 985 648 934 834 1057 614 835 764 834 942 690 1055 99999
