nbNodes
77
nbVehi
15
nbServi
6
r
1 1 1 1 1 1 
1 0 0 0 0 0 
1 0 0 0 0 0 
0 0 0 0 1 0 
1 0 0 1 0 0 
0 1 0 0 1 0 
1 0 0 1 0 0 
0 0 1 0 1 0 
1 0 0 0 1 0 
0 0 1 1 0 0 
0 0 0 0 1 0 
0 0 0 0 1 0 
0 0 1 1 0 0 
0 0 0 0 0 1 
0 0 1 0 0 0 
0 1 0 0 0 0 
0 0 0 0 1 0 
1 0 0 0 0 0 
0 1 0 0 0 0 
0 0 0 1 0 0 
1 0 0 0 0 0 
1 0 0 0 0 0 
1 0 0 0 0 0 
0 0 0 0 1 0 
0 0 0 0 1 0 
0 0 0 0 1 0 
0 0 0 1 0 0 
0 0 1 0 0 0 
0 0 0 1 0 0 
0 0 1 1 0 0 
1 0 0 0 0 0 
0 1 0 0 0 0 
0 0 1 0 1 0 
0 0 0 0 1 0 
0 0 0 1 0 0 
0 0 0 0 1 0 
0 0 0 0 1 0 
0 0 1 0 0 0 
0 0 0 1 0 0 
1 0 0 0 0 0 
1 0 0 0 0 0 
0 0 0 0 0 1 
0 1 0 1 0 0 
0 0 0 1 0 0 
0 0 0 0 1 0 
1 0 0 0 0 0 
1 0 0 0 0 0 
0 1 0 0 0 0 
1 0 0 1 0 0 
1 0 0 0 0 1 
0 0 1 1 0 0 
1 0 0 0 0 1 
0 0 1 0 1 0 
0 0 1 0 1 0 
1 0 0 0 0 0 
0 0 1 0 0 0 
0 0 0 1 0 0 
1 0 0 0 0 1 
0 1 0 0 0 0 
0 1 0 0 0 0 
1 0 0 0 0 1 
1 0 0 1 0 0 
0 1 0 0 0 0 
1 0 0 0 0 0 
0 1 0 0 1 0 
1 0 0 0 1 0 
0 0 1 0 0 0 
0 0 0 0 1 0 
0 1 0 1 0 0 
0 1 0 1 0 0 
1 0 0 0 0 1 
0 0 0 0 1 0 
1 0 0 0 0 0 
0 0 1 0 0 0 
0 0 0 0 0 1 
0 0 1 0 0 0 
1 1 1 1 1 1 
DS
5 6 7 8 9 10 13 30 33 43 49 50 51 52 53 54 58 61 62 65 66 69 70 71 
a
1 0 1 0 0 0 
1 0 0 0 0 0 
1 1 1 0 0 0 
1 1 1 0 0 0 
1 1 1 0 0 0 
1 1 1 0 0 0 
1 1 1 0 0 0 
0 0 0 1 1 1 
0 0 0 1 0 0 
0 0 0 0 1 0 
0 0 0 1 1 1 
0 0 0 1 1 0 
0 0 0 1 1 1 
0 0 0 1 0 1 
0 0 0 0 1 0 
x
-30.0793 -30.0866 -30.0822 -30.11 -30.0039 -29.9976 -30.0997 -30.0871 -29.9817 -30.0913 -29.9979 -30.057 -30.133 -30.0729 -30.0083 -30.072 -30.1019 -30.1518 -30.1301 -30.065 -30.0793 -30.0928 -30.0665 -30.0479 -30.0594 -30.0739 -30.0014 -30.0732 -30.0405 -30.1104 -30.1186 -30.0926 -30.1173 -30.0715 -30.024 -30.1797 -30.0369 -30.1527 -29.9806 -30.0529 -30.069 -29.9798 -30.0117 -30.0173 -30.0096 -30.0384 -30.1152 -30.0326 -29.983 -30.0054 -30.0105 -30.0052 -30.0896 -30.0962 -30.0028 -30.01 -30.1347 -30.0089 -30.1092 -30.0045 -30.0669 -29.9895 -30.0413 -30.0486 -30.0054 -30.062 -29.986 -30.0449 -30.0149 -30.0053 -30.0933 -30.0168 -30.074 -29.9819 -30.0129 -30.078 -30.0793
y
-51.1731 -51.1831 -51.1927 -51.2189 -51.1146 -51.1064 -51.1718 -51.1246 -51.1342 -51.1768 -51.1301 -51.2163 -51.2039 -51.1777 -51.1144 -51.1742 -51.2395 -51.2037 -51.203 -51.1761 -51.1731 -51.1771 -51.1686 -51.1768 -51.1459 -51.1519 -51.0984 -51.1727 -51.1811 -51.2286 -51.1007 -51.234 -51.1098 -51.1719 -51.0988 -51.1682 -51.1434 -51.203 -51.1365 -51.1484 -51.1704 -51.1369 -51.1148 -51.1735 -51.1064 -51.1095 -51.2476 -51.1048 -51.1215 -51.1146 -51.1136 -51.1169 -51.2289 -51.2036 -51.1132 -51.1703 -51.2146 -51.1068 -51.2095 -51.1967 -51.1801 -51.1955 -51.1326 -51.1643 -51.1286 -51.1695 -51.137 -51.1996 -51.1963 -51.1557 -51.1796 -51.101 -51.1765 -51.137 -51.2017 -51.1901 -51.1731
d
0.00000 16.00000 14.00000 19.00000 25.00000 28.00000 16.00000 18.00000 29.00000 14.00000 25.00000 14.00000 27.00000 5.00000 25.00000 5.00000 18.00000 27.00000 26.00000 7.00000 0.00000 14.00000 8.00000 11.00000 14.00000 13.00000 28.00000 5.00000 13.00000 19.00000 26.00000 17.00000 23.00000 6.00000 25.00000 36.00000 18.00000 27.00000 30.00000 14.00000 7.00000 30.00000 25.00000 17.00000 26.00000 22.00000 22.00000 24.00000 30.00000 25.00000 25.00000 24.00000 16.00000 18.00000 25.00000 19.00000 24.00000 26.00000 21.00000 20.00000 6.00000 21.00000 19.00000 13.00000 26.00000 8.00000 28.00000 13.00000 19.00000 22.00000 14.00000 26.00000 6.00000 29.00000 19.00000 12.00000 0.00000
15.00000 0.00000 6.00000 15.00000 27.00000 29.00000 6.00000 19.00000 30.00000 4.00000 27.00000 12.00000 19.00000 11.00000 26.00000 12.00000 14.00000 23.00000 18.00000 11.00000 15.00000 4.00000 13.00000 12.00000 18.00000 17.00000 30.00000 13.00000 15.00000 15.00000 24.00000 12.00000 21.00000 13.00000 27.00000 25.00000 19.00000 23.00000 31.00000 18.00000 13.00000 31.00000 27.00000 18.00000 28.00000 24.00000 18.00000 26.00000 31.00000 27.00000 27.00000 26.00000 12.00000 12.00000 27.00000 20.00000 20.00000 28.00000 16.00000 19.00000 10.00000 22.00000 20.00000 15.00000 27.00000 12.00000 30.00000 12.00000 18.00000 24.00000 3.00000 28.00000 12.00000 31.00000 18.00000 7.00000 15.00000
13.00000 6.00000 0.00000 14.00000 26.00000 28.00000 9.00000 20.00000 29.00000 8.00000 25.00000 11.00000 22.00000 9.00000 25.00000 10.00000 13.00000 22.00000 21.00000 10.00000 13.00000 8.00000 11.00000 11.00000 16.00000 15.00000 29.00000 11.00000 13.00000 14.00000 28.00000 12.00000 25.00000 12.00000 26.00000 29.00000 18.00000 22.00000 29.00000 16.00000 11.00000 30.00000 26.00000 17.00000 26.00000 22.00000 17.00000 24.00000 29.00000 25.00000 25.00000 24.00000 11.00000 11.00000 26.00000 19.00000 19.00000 26.00000 16.00000 19.00000 9.00000 21.00000 19.00000 14.00000 25.00000 10.00000 28.00000 12.00000 18.00000 22.00000 6.00000 26.00000 10.00000 29.00000 17.00000 5.00000 13.00000
17.00000 13.00000 13.00000 0.00000 29.00000 31.00000 14.00000 24.00000 32.00000 14.00000 29.00000 13.00000 9.00000 13.00000 28.00000 14.00000 6.00000 12.00000 9.00000 13.00000 17.00000 14.00000 15.00000 14.00000 19.00000 19.00000 32.00000 15.00000 17.00000 4.00000 31.00000 5.00000 28.00000 15.00000 29.00000 21.00000 21.00000 12.00000 33.00000 20.00000 15.00000 33.00000 29.00000 20.00000 30.00000 25.00000 8.00000 28.00000 33.00000 29.00000 29.00000 28.00000 6.00000 12.00000 29.00000 22.00000 9.00000 30.00000 3.00000 22.00000 12.00000 25.00000 22.00000 17.00000 29.00000 14.00000 32.00000 15.00000 21.00000 25.00000 13.00000 29.00000 14.00000 33.00000 20.00000 12.00000 17.00000
26.00000 30.00000 29.00000 32.00000 0.00000 5.00000 31.00000 23.00000 11.00000 31.00000 8.00000 25.00000 40.00000 23.00000 4.00000 23.00000 31.00000 40.00000 39.00000 21.00000 26.00000 32.00000 19.00000 18.00000 16.00000 18.00000 6.00000 24.00000 17.00000 32.00000 30.00000 30.00000 28.00000 21.00000 10.00000 49.00000 13.00000 41.00000 12.00000 13.00000 20.00000 12.00000 6.00000 14.00000 6.00000 11.00000 35.00000 12.00000 11.00000 2.00000 5.00000 3.00000 29.00000 32.00000 2.00000 14.00000 37.00000 5.00000 34.00000 17.00000 21.00000 19.00000 10.00000 17.00000 8.00000 18.00000 11.00000 22.00000 18.00000 12.00000 30.00000 8.00000 24.00000 12.00000 19.00000 27.00000 26.00000
27.00000 31.00000 30.00000 33.00000 5.00000 0.00000 32.00000 24.00000 11.00000 32.00000 8.00000 25.00000 41.00000 24.00000 5.00000 24.00000 33.00000 41.00000 40.00000 22.00000 27.00000 33.00000 21.00000 19.00000 17.00000 19.00000 3.00000 25.00000 19.00000 33.00000 32.00000 31.00000 29.00000 22.00000 8.00000 50.00000 14.00000 42.00000 11.00000 15.00000 22.00000 12.00000 6.00000 15.00000 5.00000 12.00000 36.00000 11.00000 9.00000 6.00000 5.00000 4.00000 31.00000 33.00000 4.00000 14.00000 38.00000 5.00000 35.00000 18.00000 22.00000 19.00000 11.00000 18.00000 9.00000 19.00000 10.00000 23.00000 19.00000 13.00000 31.00000 9.00000 25.00000 11.00000 19.00000 28.00000 27.00000
16.00000 6.00000 9.00000 14.00000 30.00000 32.00000 0.00000 14.00000 33.00000 5.00000 29.00000 14.00000 16.00000 14.00000 29.00000 15.00000 17.00000 20.00000 15.00000 14.00000 16.00000 4.00000 15.00000 15.00000 18.00000 19.00000 33.00000 16.00000 17.00000 16.00000 19.00000 15.00000 16.00000 16.00000 30.00000 21.00000 22.00000 19.00000 34.00000 19.00000 16.00000 34.00000 30.00000 21.00000 30.00000 26.00000 20.00000 28.00000 34.00000 30.00000 29.00000 29.00000 15.00000 14.00000 30.00000 23.00000 18.00000 30.00000 14.00000 22.00000 13.00000 25.00000 23.00000 18.00000 30.00000 14.00000 32.00000 15.00000 21.00000 26.00000 3.00000 30.00000 15.00000 34.00000 20.00000 10.00000 16.00000
19.00000 19.00000 22.00000 25.00000 22.00000 24.00000 14.00000 0.00000 28.00000 18.00000 23.00000 19.00000 28.00000 16.00000 21.00000 16.00000 24.00000 31.00000 28.00000 14.00000 19.00000 17.00000 13.00000 14.00000 10.00000 11.00000 25.00000 16.00000 17.00000 25.00000 12.00000 23.00000 9.00000 15.00000 22.00000 32.00000 14.00000 30.00000 28.00000 10.00000 14.00000 29.00000 22.00000 20.00000 22.00000 18.00000 28.00000 19.00000 29.00000 21.00000 21.00000 20.00000 22.00000 25.00000 22.00000 22.00000 30.00000 22.00000 27.00000 23.00000 14.00000 24.00000 15.00000 13.00000 23.00000 12.00000 27.00000 18.00000 22.00000 21.00000 16.00000 22.00000 17.00000 28.00000 23.00000 20.00000 19.00000
29.00000 32.00000 30.00000 34.00000 11.00000 10.00000 34.00000 28.00000 0.00000 33.00000 6.00000 23.00000 42.00000 26.00000 11.00000 26.00000 33.00000 42.00000 41.00000 24.00000 29.00000 33.00000 23.00000 20.00000 21.00000 23.00000 12.00000 27.00000 19.00000 34.00000 35.00000 32.00000 32.00000 24.00000 15.00000 52.00000 15.00000 42.00000 1.00000 18.00000 23.00000 2.00000 11.00000 12.00000 12.00000 17.00000 37.00000 17.00000 4.00000 11.00000 11.00000 10.00000 31.00000 34.00000 10.00000 12.00000 39.00000 12.00000 36.00000 16.00000 24.00000 16.00000 15.00000 20.00000 9.00000 21.00000 2.00000 21.00000 16.00000 10.00000 32.00000 13.00000 27.00000 1.00000 17.00000 29.00000 29.00000
14.00000 4.00000 8.00000 15.00000 28.00000 31.00000 5.00000 18.00000 32.00000 0.00000 28.00000 13.00000 18.00000 13.00000 28.00000 13.00000 15.00000 22.00000 18.00000 12.00000 14.00000 2.00000 14.00000 13.00000 19.00000 18.00000 31.00000 14.00000 16.00000 16.00000 24.00000 14.00000 21.00000 14.00000 28.00000 25.00000 20.00000 22.00000 32.00000 19.00000 14.00000 32.00000 29.00000 19.00000 29.00000 25.00000 19.00000 27.00000 32.00000 28.00000 28.00000 27.00000 13.00000 13.00000 29.00000 21.00000 19.00000 29.00000 15.00000 21.00000 12.00000 23.00000 22.00000 16.00000 28.00000 13.00000 31.00000 14.00000 20.00000 25.00000 3.00000 29.00000 14.00000 32.00000 19.00000 9.00000 14.00000
26.00000 28.00000 27.00000 31.00000 7.00000 7.00000 31.00000 23.00000 5.00000 29.00000 0.00000 20.00000 38.00000 23.00000 6.00000 22.00000 30.00000 39.00000 38.00000 20.00000 26.00000 30.00000 19.00000 16.00000 16.00000 18.00000 10.00000 23.00000 16.00000 31.00000 31.00000 28.00000 28.00000 21.00000 10.00000 49.00000 11.00000 39.00000 6.00000 14.00000 20.00000 6.00000 7.00000 9.00000 8.00000 12.00000 34.00000 12.00000 6.00000 7.00000 6.00000 6.00000 28.00000 30.00000 7.00000 8.00000 35.00000 8.00000 33.00000 12.00000 21.00000 13.00000 10.00000 16.00000 4.00000 18.00000 5.00000 17.00000 13.00000 7.00000 28.00000 8.00000 23.00000 6.00000 14.00000 26.00000 26.00000
13.00000 11.00000 10.00000 14.00000 24.00000 26.00000 14.00000 19.00000 24.00000 12.00000 21.00000 0.00000 22.00000 10.00000 23.00000 9.00000 13.00000 22.00000 21.00000 8.00000 13.00000 13.00000 10.00000 10.00000 14.00000 14.00000 27.00000 10.00000 11.00000 14.00000 26.00000 12.00000 23.00000 10.00000 24.00000 32.00000 16.00000 22.00000 25.00000 15.00000 10.00000 25.00000 24.00000 12.00000 24.00000 20.00000 16.00000 22.00000 25.00000 23.00000 23.00000 22.00000 11.00000 13.00000 24.00000 14.00000 19.00000 24.00000 16.00000 11.00000 8.00000 14.00000 17.00000 13.00000 21.00000 8.00000 23.00000 4.00000 10.00000 18.00000 11.00000 24.00000 10.00000 25.00000 10.00000 10.00000 13.00000
25.00000 19.00000 20.00000 9.00000 37.00000 39.00000 16.00000 28.00000 40.00000 18.00000 37.00000 21.00000 0.00000 21.00000 36.00000 22.00000 14.00000 9.00000 3.00000 21.00000 25.00000 17.00000 23.00000 22.00000 27.00000 27.00000 40.00000 23.00000 24.00000 11.00000 33.00000 13.00000 30.00000 23.00000 37.00000 19.00000 29.00000 9.00000 41.00000 27.00000 23.00000 41.00000 37.00000 28.00000 38.00000 33.00000 15.00000 35.00000 41.00000 37.00000 36.00000 36.00000 14.00000 19.00000 37.00000 30.00000 10.00000 38.00000 11.00000 30.00000 20.00000 32.00000 30.00000 25.00000 37.00000 21.00000 39.00000 23.00000 29.00000 33.00000 16.00000 37.00000 22.00000 41.00000 28.00000 20.00000 25.00000
5.00000 12.00000 9.00000 15.00000 22.00000 24.00000 14.00000 15.00000 25.00000 13.00000 22.00000 10.00000 22.00000 0.00000 21.00000 2.00000 14.00000 23.00000 22.00000 4.00000 5.00000 13.00000 5.00000 7.00000 11.00000 10.00000 25.00000 3.00000 10.00000 15.00000 23.00000 12.00000 20.00000 5.00000 22.00000 33.00000 14.00000 23.00000 26.00000 11.00000 5.00000 26.00000 22.00000 13.00000 23.00000 19.00000 18.00000 21.00000 26.00000 22.00000 22.00000 21.00000 12.00000 14.00000 22.00000 15.00000 20.00000 23.00000 17.00000 17.00000 3.00000 18.00000 15.00000 10.00000 22.00000 5.00000 25.00000 10.00000 15.00000 18.00000 12.00000 22.00000 2.00000 26.00000 15.00000 8.00000 5.00000
24.00000 28.00000 27.00000 30.00000 4.00000 5.00000 29.00000 21.00000 11.00000 29.00000 6.00000 23.00000 38.00000 21.00000 0.00000 21.00000 29.00000 38.00000 37.00000 19.00000 24.00000 30.00000 18.00000 16.00000 14.00000 16.00000 6.00000 22.00000 16.00000 30.00000 29.00000 28.00000 26.00000 19.00000 8.00000 47.00000 11.00000 39.00000 11.00000 12.00000 19.00000 11.00000 3.00000 12.00000 4.00000 9.00000 33.00000 10.00000 11.00000 2.00000 3.00000 2.00000 28.00000 30.00000 3.00000 12.00000 35.00000 3.00000 32.00000 15.00000 19.00000 17.00000 8.00000 15.00000 6.00000 16.00000 10.00000 21.00000 16.00000 10.00000 28.00000 6.00000 22.00000 11.00000 17.00000 25.00000 24.00000
5.00000 13.00000 10.00000 15.00000 22.00000 24.00000 15.00000 15.00000 26.00000 14.00000 22.00000 10.00000 23.00000 2.00000 21.00000 0.00000 15.00000 23.00000 23.00000 3.00000 5.00000 14.00000 5.00000 7.00000 11.00000 10.00000 25.00000 2.00000 10.00000 16.00000 23.00000 13.00000 20.00000 5.00000 22.00000 34.00000 14.00000 24.00000 26.00000 11.00000 4.00000 26.00000 22.00000 13.00000 23.00000 18.00000 18.00000 20.00000 26.00000 22.00000 21.00000 21.00000 13.00000 15.00000 22.00000 15.00000 20.00000 23.00000 18.00000 17.00000 3.00000 18.00000 15.00000 10.00000 22.00000 5.00000 25.00000 10.00000 16.00000 19.00000 13.00000 22.00000 3.00000 26.00000 15.00000 9.00000 5.00000
19.00000 15.00000 14.00000 6.00000 31.00000 33.00000 17.00000 25.00000 34.00000 16.00000 30.00000 14.00000 14.00000 15.00000 30.00000 15.00000 0.00000 13.00000 13.00000 15.00000 19.00000 16.00000 16.00000 15.00000 21.00000 20.00000 34.00000 16.00000 18.00000 5.00000 33.00000 6.00000 30.00000 17.00000 31.00000 23.00000 22.00000 13.00000 34.00000 21.00000 16.00000 35.00000 31.00000 22.00000 31.00000 27.00000 5.00000 29.00000 34.00000 30.00000 30.00000 29.00000 6.00000 13.00000 31.00000 24.00000 10.00000 31.00000 8.00000 23.00000 14.00000 24.00000 24.00000 19.00000 30.00000 15.00000 33.00000 16.00000 22.00000 27.00000 15.00000 31.00000 16.00000 34.00000 22.00000 14.00000 19.00000
27.00000 23.00000 23.00000 13.00000 39.00000 41.00000 19.00000 30.00000 42.00000 23.00000 39.00000 23.00000 10.00000 23.00000 38.00000 24.00000 14.00000 0.00000 10.00000 23.00000 27.00000 22.00000 25.00000 24.00000 30.00000 29.00000 42.00000 25.00000 27.00000 12.00000 28.00000 14.00000 28.00000 25.00000 39.00000 12.00000 31.00000 2.00000 43.00000 30.00000 25.00000 43.00000 39.00000 30.00000 40.00000 36.00000 14.00000 38.00000 43.00000 39.00000 39.00000 38.00000 15.00000 22.00000 39.00000 32.00000 7.00000 40.00000 14.00000 32.00000 22.00000 35.00000 32.00000 27.00000 39.00000 24.00000 42.00000 25.00000 31.00000 36.00000 21.00000 39.00000 24.00000 43.00000 30.00000 22.00000 27.00000
24.00000 18.00000 20.00000 9.00000 36.00000 38.00000 15.00000 27.00000 39.00000 18.00000 36.00000 20.00000 3.00000 20.00000 35.00000 21.00000 12.00000 9.00000 0.00000 20.00000 24.00000 17.00000 22.00000 21.00000 26.00000 26.00000 39.00000 22.00000 24.00000 10.00000 33.00000 12.00000 30.00000 22.00000 36.00000 19.00000 28.00000 10.00000 40.00000 27.00000 22.00000 40.00000 36.00000 27.00000 37.00000 32.00000 14.00000 35.00000 40.00000 36.00000 36.00000 35.00000 13.00000 19.00000 36.00000 29.00000 10.00000 37.00000 10.00000 29.00000 19.00000 32.00000 29.00000 24.00000 36.00000 21.00000 39.00000 22.00000 28.00000 32.00000 16.00000 36.00000 21.00000 40.00000 27.00000 19.00000 24.00000
7.00000 13.00000 11.00000 16.00000 20.00000 22.00000 16.00000 12.00000 24.00000 14.00000 20.00000 10.00000 24.00000 4.00000 19.00000 4.00000 15.00000 24.00000 23.00000 0.00000 7.00000 15.00000 3.00000 7.00000 8.00000 8.00000 23.00000 5.00000 9.00000 16.00000 20.00000 14.00000 17.00000 3.00000 20.00000 35.00000 12.00000 24.00000 24.00000 8.00000 3.00000 25.00000 20.00000 13.00000 20.00000 16.00000 19.00000 18.00000 24.00000 19.00000 19.00000 18.00000 13.00000 16.00000 20.00000 15.00000 21.00000 20.00000 18.00000 16.00000 3.00000 18.00000 13.00000 8.00000 20.00000 2.00000 23.00000 9.00000 15.00000 17.00000 13.00000 20.00000 5.00000 24.00000 15.00000 10.00000 7.00000
0.00000 16.00000 14.00000 19.00000 25.00000 28.00000 16.00000 18.00000 29.00000 14.00000 25.00000 14.00000 27.00000 5.00000 25.00000 5.00000 18.00000 27.00000 26.00000 7.00000 0.00000 14.00000 8.00000 11.00000 14.00000 13.00000 28.00000 5.00000 13.00000 19.00000 26.00000 17.00000 23.00000 6.00000 25.00000 36.00000 18.00000 27.00000 30.00000 14.00000 7.00000 30.00000 25.00000 17.00000 26.00000 22.00000 22.00000 24.00000 30.00000 25.00000 25.00000 24.00000 16.00000 18.00000 25.00000 19.00000 24.00000 26.00000 21.00000 20.00000 6.00000 21.00000 19.00000 13.00000 26.00000 8.00000 28.00000 13.00000 19.00000 22.00000 14.00000 26.00000 6.00000 29.00000 19.00000 12.00000 0.00000
14.00000 4.00000 8.00000 14.00000 29.00000 31.00000 4.00000 17.00000 32.00000 2.00000 29.00000 13.00000 17.00000 13.00000 28.00000 14.00000 16.00000 22.00000 17.00000 13.00000 14.00000 0.00000 14.00000 14.00000 19.00000 19.00000 32.00000 15.00000 16.00000 16.00000 23.00000 14.00000 20.00000 15.00000 29.00000 24.00000 21.00000 21.00000 33.00000 19.00000 15.00000 33.00000 29.00000 20.00000 30.00000 25.00000 19.00000 27.00000 33.00000 29.00000 28.00000 28.00000 14.00000 13.00000 29.00000 22.00000 18.00000 30.00000 14.00000 21.00000 12.00000 24.00000 22.00000 17.00000 29.00000 13.00000 31.00000 14.00000 20.00000 25.00000 2.00000 29.00000 14.00000 33.00000 19.00000 9.00000 14.00000
8.00000 15.00000 13.00000 17.00000 19.00000 21.00000 18.00000 12.00000 23.00000 16.00000 19.00000 11.00000 25.00000 6.00000 18.00000 5.00000 16.00000 25.00000 24.00000 3.00000 8.00000 17.00000 0.00000 7.00000 7.00000 7.00000 22.00000 6.00000 9.00000 17.00000 19.00000 15.00000 16.00000 3.00000 19.00000 36.00000 11.00000 26.00000 23.00000 8.00000 2.00000 24.00000 19.00000 12.00000 19.00000 15.00000 20.00000 17.00000 23.00000 19.00000 18.00000 18.00000 14.00000 17.00000 19.00000 14.00000 22.00000 19.00000 19.00000 16.00000 5.00000 17.00000 12.00000 7.00000 19.00000 2.00000 22.00000 10.00000 15.00000 16.00000 15.00000 19.00000 6.00000 23.00000 15.00000 11.00000 8.00000
12.00000 13.00000 12.00000 15.00000 16.00000 18.00000 16.00000 14.00000 19.00000 14.00000 16.00000 10.00000 23.00000 8.00000 15.00000 8.00000 15.00000 23.00000 23.00000 6.00000 12.00000 15.00000 5.00000 0.00000 9.00000 9.00000 19.00000 9.00000 3.00000 16.00000 22.00000 13.00000 19.00000 7.00000 16.00000 34.00000 8.00000 24.00000 20.00000 9.00000 6.00000 20.00000 16.00000 7.00000 17.00000 12.00000 18.00000 14.00000 20.00000 16.00000 16.00000 15.00000 13.00000 15.00000 16.00000 9.00000 20.00000 17.00000 18.00000 11.00000 7.00000 12.00000 9.00000 4.00000 16.00000 4.00000 18.00000 7.00000 10.00000 12.00000 13.00000 16.00000 9.00000 20.00000 10.00000 10.00000 12.00000
13.00000 17.00000 16.00000 19.00000 14.00000 16.00000 18.00000 10.00000 20.00000 18.00000 16.00000 13.00000 27.00000 10.00000 13.00000 10.00000 19.00000 27.00000 26.00000 8.00000 13.00000 19.00000 7.00000 8.00000 0.00000 5.00000 17.00000 11.00000 10.00000 19.00000 18.00000 17.00000 15.00000 8.00000 14.00000 36.00000 7.00000 28.00000 21.00000 3.00000 8.00000 21.00000 14.00000 13.00000 15.00000 11.00000 22.00000 13.00000 21.00000 14.00000 14.00000 13.00000 17.00000 19.00000 14.00000 15.00000 24.00000 15.00000 21.00000 16.00000 8.00000 17.00000 7.00000 6.00000 15.00000 5.00000 19.00000 11.00000 15.00000 13.00000 17.00000 14.00000 11.00000 21.00000 16.00000 14.00000 13.00000
13.00000 19.00000 18.00000 21.00000 18.00000 20.00000 18.00000 10.00000 24.00000 20.00000 20.00000 15.00000 29.00000 12.00000 17.00000 12.00000 21.00000 29.00000 28.00000 10.00000 13.00000 20.00000 7.00000 11.00000 6.00000 0.00000 21.00000 11.00000 13.00000 21.00000 18.00000 19.00000 15.00000 9.00000 18.00000 37.00000 10.00000 30.00000 25.00000 7.00000 8.00000 25.00000 18.00000 16.00000 18.00000 14.00000 24.00000 16.00000 25.00000 18.00000 17.00000 17.00000 19.00000 21.00000 18.00000 18.00000 26.00000 18.00000 23.00000 19.00000 10.00000 20.00000 11.00000 9.00000 19.00000 8.00000 23.00000 14.00000 18.00000 17.00000 19.00000 18.00000 13.00000 24.00000 19.00000 16.00000 13.00000
28.00000 32.00000 31.00000 34.00000 6.00000 3.00000 33.00000 25.00000 13.00000 33.00000 10.00000 27.00000 42.00000 25.00000 6.00000 25.00000 34.00000 42.00000 41.00000 23.00000 28.00000 34.00000 22.00000 20.00000 18.00000 20.00000 0.00000 26.00000 20.00000 34.00000 32.00000 32.00000 30.00000 23.00000 7.00000 49.00000 15.00000 43.00000 14.00000 16.00000 23.00000 14.00000 7.00000 16.00000 4.00000 11.00000 37.00000 10.00000 11.00000 6.00000 6.00000 5.00000 32.00000 34.00000 5.00000 16.00000 39.00000 4.00000 36.00000 19.00000 23.00000 21.00000 12.00000 19.00000 10.00000 20.00000 13.00000 24.00000 20.00000 14.00000 32.00000 8.00000 26.00000 14.00000 21.00000 29.00000 28.00000
5.00000 13.00000 11.00000 16.00000 23.00000 25.00000 16.00000 16.00000 26.00000 15.00000 23.00000 11.00000 24.00000 3.00000 22.00000 2.00000 16.00000 24.00000 23.00000 4.00000 5.00000 15.00000 6.00000 8.00000 11.00000 11.00000 26.00000 0.00000 11.00000 16.00000 23.00000 14.00000 20.00000 4.00000 23.00000 35.00000 15.00000 25.00000 27.00000 12.00000 5.00000 27.00000 23.00000 14.00000 23.00000 19.00000 19.00000 21.00000 27.00000 23.00000 22.00000 22.00000 14.00000 16.00000 23.00000 16.00000 21.00000 23.00000 18.00000 18.00000 4.00000 19.00000 16.00000 11.00000 23.00000 5.00000 26.00000 11.00000 17.00000 20.00000 14.00000 23.00000 4.00000 27.00000 16.00000 10.00000 5.00000
14.00000 16.00000 15.00000 19.00000 16.00000 19.00000 19.00000 16.00000 19.00000 17.00000 15.00000 10.00000 26.00000 11.00000 16.00000 11.00000 18.00000 27.00000 26.00000 9.00000 14.00000 18.00000 8.00000 5.00000 11.00000 12.00000 20.00000 12.00000 0.00000 19.00000 24.00000 16.00000 21.00000 10.00000 17.00000 37.00000 8.00000 27.00000 19.00000 9.00000 9.00000 20.00000 17.00000 7.00000 17.00000 13.00000 22.00000 15.00000 20.00000 16.00000 16.00000 15.00000 16.00000 18.00000 17.00000 9.00000 24.00000 17.00000 21.00000 10.00000 9.00000 11.00000 10.00000 6.00000 15.00000 7.00000 18.00000 7.00000 9.00000 12.00000 16.00000 17.00000 12.00000 19.00000 10.00000 14.00000 14.00000
19.00000 15.00000 14.00000 4.00000 31.00000 33.00000 16.00000 25.00000 34.00000 16.00000 30.00000 15.00000 11.00000 15.00000 30.00000 16.00000 5.00000 10.00000 10.00000 15.00000 19.00000 16.00000 16.00000 16.00000 21.00000 21.00000 34.00000 17.00000 18.00000 0.00000 33.00000 6.00000 30.00000 17.00000 31.00000 21.00000 23.00000 11.00000 35.00000 21.00000 17.00000 35.00000 31.00000 22.00000 31.00000 27.00000 6.00000 29.00000 35.00000 31.00000 30.00000 30.00000 7.00000 13.00000 31.00000 24.00000 7.00000 31.00000 6.00000 24.00000 14.00000 26.00000 24.00000 19.00000 31.00000 15.00000 33.00000 17.00000 23.00000 27.00000 15.00000 31.00000 16.00000 35.00000 22.00000 14.00000 19.00000
27.00000 25.00000 28.00000 32.00000 29.00000 32.00000 20.00000 12.00000 36.00000 24.00000 31.00000 27.00000 33.00000 23.00000 29.00000 23.00000 32.00000 29.00000 33.00000 22.00000 27.00000 23.00000 21.00000 22.00000 18.00000 18.00000 32.00000 24.00000 24.00000 33.00000 0.00000 31.00000 4.00000 22.00000 30.00000 24.00000 22.00000 28.00000 36.00000 18.00000 22.00000 36.00000 30.00000 27.00000 30.00000 26.00000 36.00000 28.00000 36.00000 29.00000 29.00000 28.00000 30.00000 33.00000 30.00000 29.00000 32.00000 30.00000 32.00000 31.00000 21.00000 32.00000 23.00000 20.00000 30.00000 19.00000 35.00000 25.00000 30.00000 29.00000 22.00000 30.00000 24.00000 36.00000 31.00000 28.00000 27.00000
18.00000 14.00000 13.00000 7.00000 30.00000 32.00000 17.00000 24.00000 33.00000 15.00000 29.00000 12.00000 14.00000 14.00000 29.00000 15.00000 6.00000 15.00000 14.00000 14.00000 18.00000 16.00000 15.00000 15.00000 20.00000 19.00000 33.00000 15.00000 17.00000 7.00000 32.00000 0.00000 29.00000 16.00000 30.00000 26.00000 22.00000 16.00000 34.00000 20.00000 16.00000 34.00000 30.00000 21.00000 30.00000 26.00000 9.00000 28.00000 34.00000 30.00000 29.00000 29.00000 4.00000 12.00000 30.00000 23.00000 12.00000 30.00000 9.00000 22.00000 13.00000 23.00000 23.00000 18.00000 30.00000 14.00000 32.00000 15.00000 21.00000 26.00000 14.00000 30.00000 15.00000 33.00000 20.00000 13.00000 18.00000
24.00000 22.00000 26.00000 29.00000 27.00000 29.00000 17.00000 10.00000 33.00000 22.00000 29.00000 24.00000 31.00000 21.00000 26.00000 21.00000 30.00000 28.00000 31.00000 20.00000 24.00000 21.00000 18.00000 20.00000 16.00000 16.00000 30.00000 22.00000 22.00000 31.00000 4.00000 28.00000 0.00000 20.00000 27.00000 24.00000 20.00000 27.00000 34.00000 16.00000 19.00000 34.00000 27.00000 25.00000 28.00000 23.00000 34.00000 25.00000 34.00000 27.00000 27.00000 26.00000 28.00000 30.00000 27.00000 27.00000 32.00000 28.00000 30.00000 29.00000 19.00000 30.00000 20.00000 18.00000 28.00000 17.00000 32.00000 23.00000 27.00000 26.00000 20.00000 27.00000 22.00000 34.00000 28.00000 26.00000 24.00000
6.00000 14.00000 12.00000 17.00000 21.00000 23.00000 17.00000 13.00000 24.00000 15.00000 21.00000 11.00000 25.00000 5.00000 20.00000 5.00000 16.00000 25.00000 24.00000 3.00000 6.00000 15.00000 3.00000 8.00000 9.00000 9.00000 24.00000 4.00000 11.00000 17.00000 21.00000 15.00000 18.00000 0.00000 21.00000 36.00000 13.00000 26.00000 25.00000 9.00000 2.00000 25.00000 21.00000 14.00000 21.00000 17.00000 20.00000 19.00000 25.00000 20.00000 20.00000 19.00000 14.00000 17.00000 21.00000 16.00000 22.00000 21.00000 19.00000 17.00000 4.00000 19.00000 14.00000 9.00000 21.00000 4.00000 24.00000 11.00000 16.00000 18.00000 15.00000 21.00000 6.00000 25.00000 16.00000 11.00000 6.00000
25.00000 29.00000 28.00000 31.00000 8.00000 8.00000 30.00000 22.00000 14.00000 30.00000 10.00000 24.00000 39.00000 22.00000 7.00000 22.00000 30.00000 39.00000 38.00000 20.00000 25.00000 31.00000 19.00000 17.00000 15.00000 17.00000 7.00000 23.00000 17.00000 31.00000 30.00000 29.00000 27.00000 20.00000 0.00000 48.00000 12.00000 40.00000 15.00000 13.00000 20.00000 15.00000 7.00000 15.00000 7.00000 7.00000 34.00000 6.00000 15.00000 8.00000 8.00000 7.00000 29.00000 31.00000 8.00000 14.00000 36.00000 7.00000 33.00000 18.00000 20.00000 20.00000 9.00000 16.00000 9.00000 17.00000 13.00000 22.00000 19.00000 13.00000 29.00000 6.00000 23.00000 15.00000 19.00000 26.00000 25.00000
36.00000 25.00000 29.00000 21.00000 48.00000 50.00000 21.00000 32.00000 52.00000 25.00000 48.00000 32.00000 19.00000 32.00000 47.00000 33.00000 23.00000 13.00000 19.00000 32.00000 36.00000 24.00000 34.00000 33.00000 37.00000 37.00000 48.00000 34.00000 36.00000 21.00000 24.00000 23.00000 24.00000 34.00000 48.00000 0.00000 40.00000 12.00000 52.00000 37.00000 34.00000 52.00000 48.00000 39.00000 49.00000 44.00000 24.00000 44.00000 52.00000 48.00000 48.00000 47.00000 24.00000 31.00000 48.00000 41.00000 17.00000 49.00000 22.00000 41.00000 32.00000 44.00000 42.00000 36.00000 48.00000 33.00000 51.00000 34.00000 40.00000 45.00000 23.00000 49.00000 34.00000 52.00000 39.00000 30.00000 36.00000
17.00000 21.00000 20.00000 23.00000 12.00000 14.00000 22.00000 14.00000 15.00000 22.00000 11.00000 16.00000 31.00000 14.00000 11.00000 14.00000 23.00000 31.00000 30.00000 12.00000 17.00000 23.00000 11.00000 9.00000 8.00000 9.00000 15.00000 15.00000 8.00000 23.00000 22.00000 21.00000 19.00000 13.00000 12.00000 41.00000 0.00000 32.00000 15.00000 5.00000 12.00000 16.00000 12.00000 10.00000 13.00000 8.00000 26.00000 10.00000 15.00000 12.00000 12.00000 11.00000 21.00000 23.00000 12.00000 11.00000 28.00000 13.00000 26.00000 14.00000 12.00000 16.00000 5.00000 7.00000 11.00000 10.00000 14.00000 14.00000 14.00000 9.00000 21.00000 12.00000 15.00000 15.00000 14.00000 18.00000 17.00000
27.00000 23.00000 22.00000 12.00000 39.00000 41.00000 19.00000 30.00000 42.00000 22.00000 38.00000 23.00000 10.00000 23.00000 38.00000 24.00000 13.00000 3.00000 10.00000 23.00000 27.00000 21.00000 24.00000 24.00000 29.00000 28.00000 42.00000 24.00000 26.00000 11.00000 27.00000 14.00000 27.00000 25.00000 39.00000 12.00000 31.00000 0.00000 42.00000 29.00000 25.00000 43.00000 39.00000 30.00000 39.00000 35.00000 14.00000 37.00000 43.00000 38.00000 38.00000 37.00000 14.00000 21.00000 39.00000 32.00000 7.00000 39.00000 13.00000 31.00000 22.00000 34.00000 32.00000 27.00000 38.00000 23.00000 41.00000 24.00000 30.00000 35.00000 20.00000 39.00000 24.00000 42.00000 30.00000 22.00000 27.00000
30.00000 32.00000 31.00000 35.00000 12.00000 11.00000 35.00000 28.00000 1.00000 33.00000 7.00000 24.00000 42.00000 27.00000 11.00000 27.00000 34.00000 43.00000 42.00000 25.00000 30.00000 34.00000 23.00000 21.00000 21.00000 23.00000 13.00000 27.00000 20.00000 35.00000 36.00000 32.00000 33.00000 25.00000 16.00000 53.00000 15.00000 43.00000 0.00000 19.00000 24.00000 1.00000 12.00000 13.00000 13.00000 17.00000 38.00000 18.00000 5.00000 12.00000 12.00000 11.00000 32.00000 34.00000 11.00000 13.00000 40.00000 13.00000 37.00000 16.00000 25.00000 16.00000 16.00000 20.00000 10.00000 22.00000 2.00000 21.00000 17.00000 11.00000 32.00000 14.00000 28.00000 2.00000 18.00000 30.00000 30.00000
14.00000 18.00000 16.00000 20.00000 13.00000 15.00000 18.00000 11.00000 19.00000 19.00000 15.00000 14.00000 28.00000 11.00000 12.00000 11.00000 19.00000 28.00000 27.00000 9.00000 14.00000 19.00000 7.00000 8.00000 4.00000 6.00000 16.00000 11.00000 10.00000 20.00000 18.00000 18.00000 15.00000 9.00000 13.00000 37.00000 6.00000 28.00000 20.00000 0.00000 8.00000 20.00000 13.00000 13.00000 14.00000 9.00000 23.00000 11.00000 20.00000 13.00000 13.00000 12.00000 17.00000 20.00000 13.00000 14.00000 25.00000 14.00000 22.00000 17.00000 9.00000 18.00000 6.00000 6.00000 14.00000 6.00000 18.00000 11.00000 15.00000 12.00000 18.00000 13.00000 12.00000 20.00000 16.00000 15.00000 14.00000
7.00000 14.00000 12.00000 17.00000 20.00000 22.00000 17.00000 13.00000 24.00000 16.00000 20.00000 11.00000 25.00000 5.00000 19.00000 5.00000 16.00000 25.00000 24.00000 3.00000 7.00000 16.00000 2.00000 8.00000 8.00000 8.00000 23.00000 5.00000 10.00000 17.00000 20.00000 15.00000 17.00000 2.00000 20.00000 36.00000 12.00000 25.00000 24.00000 9.00000 0.00000 24.00000 20.00000 13.00000 20.00000 16.00000 20.00000 18.00000 24.00000 20.00000 19.00000 19.00000 14.00000 17.00000 20.00000 15.00000 22.00000 20.00000 19.00000 17.00000 4.00000 18.00000 13.00000 8.00000 20.00000 3.00000 23.00000 10.00000 15.00000 17.00000 15.00000 20.00000 6.00000 24.00000 16.00000 11.00000 7.00000
30.00000 32.00000 31.00000 35.00000 12.00000 11.00000 35.00000 28.00000 2.00000 34.00000 7.00000 24.00000 43.00000 27.00000 11.00000 27.00000 34.00000 43.00000 42.00000 25.00000 30.00000 34.00000 23.00000 21.00000 21.00000 23.00000 13.00000 28.00000 20.00000 35.00000 36.00000 33.00000 33.00000 25.00000 16.00000 53.00000 15.00000 43.00000 1.00000 19.00000 24.00000 0.00000 12.00000 13.00000 13.00000 18.00000 38.00000 18.00000 5.00000 12.00000 12.00000 11.00000 32.00000 34.00000 11.00000 13.00000 40.00000 13.00000 37.00000 16.00000 25.00000 16.00000 16.00000 20.00000 10.00000 22.00000 2.00000 22.00000 17.00000 11.00000 33.00000 14.00000 28.00000 1.00000 18.00000 30.00000 30.00000
25.00000 29.00000 28.00000 31.00000 5.00000 6.00000 30.00000 22.00000 12.00000 30.00000 7.00000 24.00000 39.00000 22.00000 3.00000 22.00000 30.00000 39.00000 38.00000 20.00000 25.00000 31.00000 18.00000 17.00000 15.00000 17.00000 7.00000 23.00000 16.00000 31.00000 29.00000 29.00000 26.00000 20.00000 8.00000 48.00000 12.00000 39.00000 12.00000 12.00000 19.00000 12.00000 0.00000 13.00000 4.00000 10.00000 34.00000 9.00000 12.00000 4.00000 3.00000 4.00000 28.00000 31.00000 5.00000 13.00000 36.00000 4.00000 33.00000 16.00000 20.00000 18.00000 9.00000 16.00000 7.00000 17.00000 11.00000 21.00000 17.00000 11.00000 29.00000 6.00000 23.00000 12.00000 18.00000 26.00000 25.00000
19.00000 20.00000 19.00000 23.00000 14.00000 15.00000 23.00000 22.00000 13.00000 21.00000 10.00000 11.00000 30.00000 16.00000 13.00000 16.00000 22.00000 30.00000 30.00000 14.00000 19.00000 22.00000 13.00000 9.00000 15.00000 17.00000 17.00000 17.00000 8.00000 23.00000 29.00000 20.00000 26.00000 15.00000 15.00000 41.00000 10.00000 31.00000 14.00000 12.00000 14.00000 14.00000 14.00000 0.00000 15.00000 16.00000 25.00000 17.00000 14.00000 14.00000 14.00000 13.00000 20.00000 22.00000 14.00000 3.00000 27.00000 15.00000 25.00000 6.00000 14.00000 8.00000 13.00000 11.00000 10.00000 12.00000 13.00000 9.00000 6.00000 7.00000 20.00000 13.00000 17.00000 14.00000 6.00000 18.00000 19.00000
26.00000 29.00000 28.00000 32.00000 5.00000 5.00000 30.00000 22.00000 12.00000 30.00000 8.00000 24.00000 39.00000 22.00000 4.00000 22.00000 31.00000 40.00000 39.00000 20.00000 26.00000 31.00000 19.00000 17.00000 16.00000 17.00000 5.00000 23.00000 17.00000 32.00000 30.00000 29.00000 27.00000 21.00000 6.00000 49.00000 12.00000 40.00000 13.00000 13.00000 20.00000 13.00000 4.00000 14.00000 0.00000 9.00000 35.00000 8.00000 13.00000 5.00000 3.00000 4.00000 29.00000 31.00000 5.00000 13.00000 37.00000 1.00000 34.00000 17.00000 20.00000 18.00000 10.00000 16.00000 8.00000 18.00000 11.00000 22.00000 17.00000 11.00000 29.00000 4.00000 23.00000 13.00000 18.00000 27.00000 26.00000
22.00000 25.00000 24.00000 28.00000 10.00000 12.00000 26.00000 18.00000 16.00000 26.00000 12.00000 21.00000 35.00000 18.00000 9.00000 18.00000 27.00000 36.00000 35.00000 16.00000 22.00000 27.00000 15.00000 13.00000 11.00000 13.00000 12.00000 19.00000 13.00000 28.00000 26.00000 25.00000 23.00000 17.00000 7.00000 43.00000 8.00000 36.00000 17.00000 9.00000 16.00000 17.00000 10.00000 16.00000 10.00000 0.00000 31.00000 4.00000 17.00000 10.00000 10.00000 9.00000 25.00000 27.00000 10.00000 16.00000 32.00000 10.00000 30.00000 19.00000 16.00000 21.00000 5.00000 12.00000 11.00000 14.00000 15.00000 18.00000 18.00000 15.00000 25.00000 9.00000 19.00000 17.00000 19.00000 23.00000 22.00000
22.00000 17.00000 17.00000 8.00000 33.00000 36.00000 19.00000 28.00000 37.00000 19.00000 33.00000 17.00000 15.00000 17.00000 32.00000 18.00000 6.00000 13.00000 14.00000 17.00000 22.00000 19.00000 19.00000 18.00000 24.00000 23.00000 36.00000 19.00000 21.00000 5.00000 36.00000 8.00000 33.00000 19.00000 33.00000 24.00000 25.00000 13.00000 37.00000 24.00000 19.00000 37.00000 33.00000 24.00000 34.00000 30.00000 0.00000 32.00000 37.00000 33.00000 33.00000 32.00000 9.00000 16.00000 33.00000 26.00000 11.00000 34.00000 10.00000 26.00000 17.00000 27.00000 27.00000 21.00000 33.00000 18.00000 36.00000 19.00000 25.00000 30.00000 18.00000 34.00000 19.00000 37.00000 24.00000 16.00000 22.00000
24.00000 27.00000 26.00000 30.00000 10.00000 12.00000 28.00000 19.00000 16.00000 28.00000 12.00000 23.00000 37.00000 20.00000 9.00000 20.00000 29.00000 38.00000 37.00000 18.00000 24.00000 29.00000 17.00000 15.00000 13.00000 15.00000 10.00000 21.00000 15.00000 30.00000 28.00000 27.00000 25.00000 19.00000 5.00000 44.00000 10.00000 38.00000 17.00000 11.00000 18.00000 17.00000 9.00000 17.00000 8.00000 4.00000 33.00000 0.00000 17.00000 10.00000 9.00000 9.00000 27.00000 29.00000 10.00000 16.00000 35.00000 8.00000 32.00000 20.00000 18.00000 22.00000 7.00000 14.00000 11.00000 16.00000 15.00000 20.00000 20.00000 14.00000 27.00000 8.00000 21.00000 17.00000 21.00000 25.00000 24.00000
29.00000 32.00000 31.00000 34.00000 12.00000 10.00000 34.00000 28.00000 4.00000 33.00000 7.00000 23.00000 42.00000 26.00000 11.00000 26.00000 33.00000 42.00000 41.00000 24.00000 29.00000 33.00000 23.00000 20.00000 21.00000 23.00000 12.00000 27.00000 19.00000 34.00000 36.00000 32.00000 33.00000 25.00000 15.00000 53.00000 15.00000 43.00000 5.00000 19.00000 24.00000 5.00000 12.00000 13.00000 12.00000 17.00000 37.00000 17.00000 0.00000 11.00000 11.00000 10.00000 31.00000 34.00000 11.00000 12.00000 39.00000 12.00000 36.00000 16.00000 24.00000 16.00000 16.00000 20.00000 10.00000 22.00000 5.00000 21.00000 16.00000 10.00000 32.00000 14.00000 27.00000 5.00000 17.00000 29.00000 29.00000
25.00000 28.00000 27.00000 31.00000 2.00000 5.00000 29.00000 21.00000 11.00000 30.00000 7.00000 23.00000 39.00000 22.00000 2.00000 22.00000 30.00000 39.00000 38.00000 19.00000 25.00000 30.00000 18.00000 17.00000 15.00000 17.00000 6.00000 22.00000 16.00000 31.00000 29.00000 29.00000 26.00000 20.00000 9.00000 48.00000 12.00000 39.00000 12.00000 12.00000 19.00000 12.00000 4.00000 13.00000 5.00000 10.00000 34.00000 10.00000 11.00000 0.00000 4.00000 3.00000 28.00000 30.00000 3.00000 12.00000 36.00000 4.00000 33.00000 16.00000 20.00000 18.00000 9.00000 15.00000 7.00000 17.00000 10.00000 21.00000 17.00000 11.00000 29.00000 7.00000 22.00000 12.00000 18.00000 26.00000 25.00000
25.00000 28.00000 27.00000 31.00000 4.00000 5.00000 29.00000 21.00000 11.00000 30.00000 7.00000 23.00000 38.00000 21.00000 3.00000 21.00000 30.00000 39.00000 38.00000 19.00000 25.00000 30.00000 18.00000 16.00000 15.00000 16.00000 6.00000 22.00000 16.00000 31.00000 29.00000 28.00000 26.00000 20.00000 8.00000 48.00000 11.00000 39.00000 12.00000 12.00000 19.00000 12.00000 3.00000 13.00000 3.00000 10.00000 34.00000 9.00000 12.00000 4.00000 0.00000 3.00000 28.00000 30.00000 4.00000 12.00000 36.00000 3.00000 33.00000 16.00000 19.00000 17.00000 9.00000 15.00000 7.00000 17.00000 10.00000 21.00000 17.00000 11.00000 28.00000 6.00000 22.00000 12.00000 17.00000 26.00000 25.00000
24.00000 27.00000 26.00000 30.00000 3.00000 5.00000 28.00000 20.00000 10.00000 28.00000 6.00000 22.00000 37.00000 20.00000 2.00000 20.00000 29.00000 37.00000 37.00000 18.00000 24.00000 29.00000 17.00000 15.00000 13.00000 15.00000 6.00000 21.00000 15.00000 30.00000 28.00000 27.00000 25.00000 19.00000 7.00000 47.00000 10.00000 38.00000 11.00000 11.00000 18.00000 11.00000 3.00000 12.00000 4.00000 9.00000 32.00000 9.00000 10.00000 3.00000 3.00000 0.00000 27.00000 29.00000 3.00000 11.00000 34.00000 4.00000 32.00000 15.00000 18.00000 16.00000 7.00000 14.00000 6.00000 16.00000 9.00000 20.00000 15.00000 9.00000 27.00000 5.00000 21.00000 10.00000 16.00000 25.00000 24.00000
16.00000 12.00000 11.00000 6.00000 28.00000 30.00000 15.00000 22.00000 31.00000 13.00000 27.00000 12.00000 14.00000 12.00000 27.00000 13.00000 6.00000 14.00000 13.00000 12.00000 16.00000 14.00000 13.00000 13.00000 18.00000 17.00000 31.00000 13.00000 15.00000 7.00000 30.00000 3.00000 27.00000 14.00000 28.00000 25.00000 20.00000 15.00000 32.00000 18.00000 14.00000 32.00000 28.00000 19.00000 28.00000 24.00000 9.00000 26.00000 32.00000 28.00000 27.00000 27.00000 0.00000 10.00000 28.00000 21.00000 11.00000 28.00000 9.00000 20.00000 11.00000 23.00000 21.00000 16.00000 28.00000 12.00000 30.00000 14.00000 19.00000 24.00000 12.00000 28.00000 13.00000 31.00000 19.00000 11.00000 16.00000
17.00000 12.00000 11.00000 14.00000 29.00000 31.00000 14.00000 24.00000 32.00000 13.00000 29.00000 13.00000 22.00000 13.00000 28.00000 14.00000 14.00000 22.00000 21.00000 13.00000 17.00000 13.00000 15.00000 14.00000 19.00000 19.00000 32.00000 15.00000 17.00000 14.00000 31.00000 12.00000 28.00000 15.00000 29.00000 33.00000 21.00000 23.00000 33.00000 20.00000 15.00000 33.00000 29.00000 20.00000 30.00000 25.00000 17.00000 27.00000 33.00000 29.00000 29.00000 28.00000 12.00000 0.00000 29.00000 22.00000 19.00000 30.00000 16.00000 22.00000 12.00000 24.00000 22.00000 17.00000 29.00000 13.00000 31.00000 15.00000 21.00000 25.00000 12.00000 29.00000 14.00000 33.00000 20.00000 11.00000 17.00000
26.00000 29.00000 28.00000 32.00000 2.00000 3.00000 30.00000 22.00000 12.00000 30.00000 8.00000 24.00000 39.00000 22.00000 3.00000 22.00000 31.00000 40.00000 39.00000 20.00000 26.00000 31.00000 19.00000 17.00000 15.00000 17.00000 4.00000 23.00000 17.00000 32.00000 30.00000 29.00000 27.00000 21.00000 8.00000 49.00000 12.00000 40.00000 12.00000 13.00000 20.00000 12.00000 5.00000 14.00000 5.00000 11.00000 35.00000 11.00000 11.00000 2.00000 4.00000 3.00000 29.00000 31.00000 0.00000 13.00000 36.00000 4.00000 34.00000 17.00000 20.00000 18.00000 9.00000 16.00000 8.00000 18.00000 11.00000 22.00000 17.00000 11.00000 29.00000 8.00000 23.00000 12.00000 18.00000 27.00000 26.00000
21.00000 23.00000 22.00000 25.00000 14.00000 15.00000 26.00000 22.00000 13.00000 24.00000 10.00000 14.00000 33.00000 17.00000 13.00000 17.00000 25.00000 33.00000 32.00000 15.00000 21.00000 25.00000 14.00000 11.00000 15.00000 17.00000 17.00000 18.00000 11.00000 25.00000 30.00000 23.00000 27.00000 16.00000 15.00000 44.00000 10.00000 34.00000 13.00000 13.00000 15.00000 13.00000 14.00000 4.00000 15.00000 16.00000 28.00000 17.00000 14.00000 14.00000 13.00000 13.00000 23.00000 25.00000 14.00000 0.00000 30.00000 15.00000 28.00000 5.00000 16.00000 8.00000 13.00000 11.00000 10.00000 13.00000 12.00000 12.00000 6.00000 6.00000 23.00000 13.00000 18.00000 13.00000 7.00000 20.00000 21.00000
23.00000 19.00000 18.00000 8.00000 34.00000 37.00000 17.00000 29.00000 38.00000 19.00000 34.00000 18.00000 9.00000 19.00000 34.00000 19.00000 9.00000 6.00000 8.00000 19.00000 23.00000 18.00000 20.00000 19.00000 25.00000 24.00000 38.00000 20.00000 22.00000 7.00000 32.00000 9.00000 32.00000 21.00000 35.00000 17.00000 26.00000 7.00000 38.00000 25.00000 20.00000 38.00000 35.00000 25.00000 35.00000 31.00000 10.00000 33.00000 38.00000 34.00000 34.00000 33.00000 10.00000 17.00000 35.00000 28.00000 0.00000 35.00000 9.00000 27.00000 18.00000 30.00000 28.00000 22.00000 34.00000 19.00000 37.00000 20.00000 26.00000 31.00000 17.00000 35.00000 20.00000 38.00000 26.00000 17.00000 23.00000
26.00000 30.00000 29.00000 32.00000 5.00000 5.00000 31.00000 23.00000 12.00000 31.00000 8.00000 25.00000 40.00000 23.00000 4.00000 23.00000 31.00000 40.00000 39.00000 21.00000 26.00000 32.00000 19.00000 18.00000 16.00000 18.00000 4.00000 24.00000 17.00000 32.00000 30.00000 30.00000 28.00000 21.00000 6.00000 49.00000 13.00000 41.00000 13.00000 14.00000 20.00000 13.00000 4.00000 14.00000 2.00000 10.00000 35.00000 9.00000 13.00000 4.00000 3.00000 5.00000 29.00000 32.00000 4.00000 13.00000 37.00000 0.00000 34.00000 17.00000 21.00000 19.00000 10.00000 17.00000 8.00000 18.00000 12.00000 22.00000 18.00000 12.00000 30.00000 5.00000 24.00000 13.00000 19.00000 27.00000 26.00000
19.00000 15.00000 15.00000 3.00000 31.00000 33.00000 14.00000 26.00000 34.00000 16.00000 31.00000 15.00000 10.00000 15.00000 30.00000 16.00000 8.00000 13.00000 10.00000 15.00000 19.00000 15.00000 17.00000 16.00000 22.00000 21.00000 34.00000 17.00000 19.00000 6.00000 32.00000 7.00000 29.00000 17.00000 31.00000 22.00000 23.00000 14.00000 35.00000 22.00000 17.00000 35.00000 31.00000 22.00000 32.00000 28.00000 10.00000 30.00000 35.00000 31.00000 31.00000 30.00000 8.00000 14.00000 31.00000 24.00000 10.00000 32.00000 0.00000 24.00000 14.00000 27.00000 24.00000 19.00000 31.00000 16.00000 34.00000 17.00000 23.00000 28.00000 14.00000 32.00000 16.00000 35.00000 22.00000 14.00000 19.00000
21.00000 21.00000 20.00000 24.00000 17.00000 18.00000 23.00000 23.00000 15.00000 22.00000 12.00000 12.00000 31.00000 18.00000 16.00000 17.00000 23.00000 32.00000 31.00000 16.00000 21.00000 23.00000 15.00000 11.00000 18.00000 19.00000 20.00000 18.00000 10.00000 24.00000 31.00000 21.00000 28.00000 17.00000 18.00000 42.00000 14.00000 32.00000 16.00000 16.00000 16.00000 16.00000 17.00000 7.00000 17.00000 19.00000 26.00000 20.00000 17.00000 17.00000 16.00000 16.00000 21.00000 23.00000 17.00000 8.00000 28.00000 17.00000 26.00000 0.00000 16.00000 4.00000 16.00000 13.00000 13.00000 14.00000 14.00000 10.00000 4.00000 9.00000 21.00000 17.00000 18.00000 16.00000 3.00000 19.00000 21.00000
6.00000 11.00000 10.00000 14.00000 20.00000 22.00000 14.00000 13.00000 24.00000 12.00000 20.00000 8.00000 21.00000 3.00000 19.00000 3.00000 13.00000 22.00000 21.00000 3.00000 6.00000 13.00000 4.00000 5.00000 9.00000 8.00000 23.00000 4.00000 8.00000 14.00000 21.00000 11.00000 18.00000 4.00000 20.00000 32.00000 12.00000 22.00000 24.00000 9.00000 4.00000 24.00000 20.00000 11.00000 21.00000 17.00000 17.00000 19.00000 24.00000 20.00000 20.00000 19.00000 11.00000 13.00000 20.00000 13.00000 19.00000 21.00000 16.00000 15.00000 0.00000 16.00000 14.00000 8.00000 20.00000 3.00000 23.00000 8.00000 14.00000 17.00000 11.00000 21.00000 4.00000 24.00000 13.00000 8.00000 6.00000
23.00000 23.00000 22.00000 25.00000 18.00000 16.00000 25.00000 26.00000 16.00000 24.00000 13.00000 14.00000 33.00000 19.00000 17.00000 19.00000 25.00000 33.00000 33.00000 18.00000 23.00000 24.00000 17.00000 13.00000 21.00000 21.00000 19.00000 20.00000 12.00000 26.00000 33.00000 23.00000 30.00000 19.00000 21.00000 44.00000 16.00000 34.00000 17.00000 18.00000 18.00000 17.00000 18.00000 10.00000 18.00000 22.00000 27.00000 23.00000 16.00000 18.00000 17.00000 17.00000 23.00000 25.00000 18.00000 10.00000 30.00000 18.00000 28.00000 5.00000 17.00000 0.00000 19.00000 16.00000 15.00000 16.00000 15.00000 12.00000 6.00000 10.00000 23.00000 19.00000 20.00000 17.00000 7.00000 21.00000 23.00000
17.00000 21.00000 20.00000 23.00000 9.00000 11.00000 22.00000 14.00000 15.00000 22.00000 10.00000 16.00000 31.00000 14.00000 8.00000 14.00000 22.00000 31.00000 30.00000 12.00000 17.00000 23.00000 11.00000 9.00000 7.00000 9.00000 12.00000 15.00000 8.00000 23.00000 22.00000 21.00000 19.00000 12.00000 9.00000 40.00000 4.00000 32.00000 15.00000 5.00000 11.00000 16.00000 9.00000 11.00000 9.00000 5.00000 26.00000 7.00000 16.00000 9.00000 8.00000 8.00000 20.00000 23.00000 9.00000 12.00000 28.00000 9.00000 25.00000 15.00000 12.00000 16.00000 0.00000 8.00000 10.00000 9.00000 14.00000 14.00000 14.00000 11.00000 21.00000 9.00000 15.00000 15.00000 15.00000 18.00000 17.00000
12.00000 16.00000 14.00000 18.00000 15.00000 17.00000 18.00000 13.00000 18.00000 17.00000 14.00000 12.00000 26.00000 9.00000 14.00000 9.00000 17.00000 26.00000 25.00000 7.00000 12.00000 17.00000 5.00000 4.00000 8.00000 8.00000 18.00000 9.00000 6.00000 18.00000 21.00000 16.00000 18.00000 7.00000 15.00000 36.00000 7.00000 26.00000 19.00000 6.00000 6.00000 19.00000 15.00000 9.00000 15.00000 11.00000 21.00000 13.00000 19.00000 15.00000 14.00000 14.00000 15.00000 17.00000 15.00000 11.00000 23.00000 15.00000 20.00000 13.00000 7.00000 14.00000 8.00000 0.00000 15.00000 4.00000 17.00000 9.00000 12.00000 11.00000 16.00000 15.00000 10.00000 19.00000 12.00000 13.00000 12.00000
26.00000 28.00000 27.00000 31.00000 8.00000 10.00000 30.00000 22.00000 9.00000 30.00000 4.00000 20.00000 39.00000 23.00000 8.00000 23.00000 30.00000 39.00000 38.00000 21.00000 26.00000 30.00000 19.00000 17.00000 16.00000 18.00000 11.00000 23.00000 16.00000 31.00000 30.00000 29.00000 27.00000 21.00000 10.00000 49.00000 10.00000 39.00000 9.00000 13.00000 20.00000 9.00000 9.00000 9.00000 9.00000 11.00000 34.00000 12.00000 9.00000 8.00000 8.00000 7.00000 28.00000 30.00000 9.00000 9.00000 36.00000 9.00000 33.00000 12.00000 21.00000 15.00000 10.00000 16.00000 0.00000 18.00000 8.00000 18.00000 13.00000 7.00000 29.00000 8.00000 24.00000 9.00000 14.00000 26.00000 26.00000
8.00000 14.00000 12.00000 17.00000 19.00000 21.00000 17.00000 12.00000 22.00000 16.00000 19.00000 10.00000 25.00000 5.00000 18.00000 5.00000 16.00000 25.00000 24.00000 3.00000 8.00000 16.00000 2.00000 7.00000 7.00000 7.00000 22.00000 6.00000 9.00000 17.00000 19.00000 14.00000 16.00000 3.00000 19.00000 35.00000 11.00000 25.00000 23.00000 7.00000 3.00000 23.00000 19.00000 12.00000 19.00000 15.00000 20.00000 17.00000 23.00000 18.00000 18.00000 17.00000 14.00000 16.00000 19.00000 14.00000 22.00000 19.00000 19.00000 15.00000 4.00000 17.00000 12.00000 7.00000 19.00000 0.00000 22.00000 10.00000 14.00000 16.00000 15.00000 19.00000 6.00000 23.00000 15.00000 11.00000 8.00000
29.00000 31.00000 30.00000 33.00000 11.00000 10.00000 34.00000 26.00000 2.00000 32.00000 6.00000 22.00000 41.00000 25.00000 10.00000 25.00000 33.00000 41.00000 40.00000 23.00000 29.00000 33.00000 22.00000 19.00000 20.00000 22.00000 12.00000 26.00000 19.00000 33.00000 34.00000 31.00000 31.00000 24.00000 14.00000 52.00000 13.00000 42.00000 2.00000 17.00000 23.00000 2.00000 11.00000 12.00000 12.00000 16.00000 36.00000 16.00000 5.00000 11.00000 11.00000 10.00000 31.00000 33.00000 10.00000 11.00000 38.00000 12.00000 35.00000 14.00000 24.00000 14.00000 14.00000 19.00000 8.00000 21.00000 0.00000 20.00000 15.00000 10.00000 31.00000 12.00000 26.00000 2.00000 16.00000 28.00000 29.00000
11.00000 13.00000 12.00000 16.00000 20.00000 23.00000 15.00000 16.00000 22.00000 14.00000 19.00000 5.00000 23.00000 8.00000 20.00000 8.00000 15.00000 23.00000 23.00000 7.00000 11.00000 14.00000 8.00000 6.00000 11.00000 11.00000 23.00000 9.00000 7.00000 16.00000 24.00000 13.00000 21.00000 9.00000 20.00000 34.00000 12.00000 24.00000 23.00000 11.00000 9.00000 23.00000 21.00000 10.00000 21.00000 17.00000 18.00000 19.00000 23.00000 20.00000 20.00000 19.00000 13.00000 15.00000 21.00000 12.00000 20.00000 21.00000 18.00000 10.00000 6.00000 13.00000 14.00000 9.00000 19.00000 7.00000 21.00000 0.00000 9.00000 16.00000 13.00000 21.00000 9.00000 23.00000 8.00000 11.00000 11.00000
19.00000 19.00000 18.00000 22.00000 18.00000 19.00000 22.00000 23.00000 17.00000 20.00000 14.00000 11.00000 30.00000 16.00000 17.00000 16.00000 21.00000 30.00000 29.00000 15.00000 19.00000 21.00000 14.00000 11.00000 18.00000 18.00000 21.00000 17.00000 9.00000 22.00000 31.00000 20.00000 28.00000 16.00000 19.00000 41.00000 14.00000 30.00000 18.00000 16.00000 15.00000 18.00000 18.00000 7.00000 19.00000 20.00000 25.00000 21.00000 18.00000 18.00000 18.00000 17.00000 19.00000 21.00000 18.00000 9.00000 27.00000 19.00000 24.00000 3.00000 14.00000 6.00000 17.00000 13.00000 14.00000 13.00000 16.00000 8.00000 0.00000 11.00000 19.00000 17.00000 17.00000 18.00000 2.00000 18.00000 19.00000
22.00000 25.00000 24.00000 27.00000 12.00000 12.00000 27.00000 22.00000 10.00000 26.00000 7.00000 16.00000 35.00000 19.00000 11.00000 19.00000 26.00000 35.00000 34.00000 17.00000 22.00000 27.00000 16.00000 13.00000 16.00000 18.00000 15.00000 20.00000 12.00000 27.00000 30.00000 25.00000 27.00000 18.00000 13.00000 46.00000 10.00000 36.00000 10.00000 13.00000 17.00000 11.00000 12.00000 6.00000 12.00000 15.00000 30.00000 15.00000 11.00000 11.00000 11.00000 10.00000 25.00000 27.00000 12.00000 5.00000 32.00000 12.00000 29.00000 9.00000 17.00000 10.00000 13.00000 13.00000 8.00000 15.00000 9.00000 14.00000 9.00000 0.00000 25.00000 12.00000 20.00000 10.00000 10.00000 22.00000 22.00000
14.00000 3.00000 6.00000 13.00000 27.00000 30.00000 3.00000 16.00000 31.00000 3.00000 27.00000 12.00000 16.00000 11.00000 27.00000 12.00000 14.00000 20.00000 16.00000 11.00000 14.00000 2.00000 13.00000 12.00000 18.00000 17.00000 30.00000 13.00000 15.00000 15.00000 22.00000 13.00000 19.00000 13.00000 27.00000 23.00000 19.00000 20.00000 31.00000 18.00000 13.00000 31.00000 27.00000 18.00000 28.00000 24.00000 18.00000 26.00000 31.00000 27.00000 27.00000 26.00000 12.00000 12.00000 27.00000 20.00000 17.00000 28.00000 13.00000 20.00000 11.00000 22.00000 21.00000 15.00000 27.00000 12.00000 30.00000 13.00000 18.00000 24.00000 0.00000 28.00000 13.00000 31.00000 18.00000 8.00000 14.00000
26.00000 30.00000 29.00000 32.00000 9.00000 6.00000 31.00000 23.00000 15.00000 31.00000 11.00000 26.00000 40.00000 23.00000 8.00000 23.00000 32.00000 40.00000 39.00000 21.00000 26.00000 32.00000 20.00000 18.00000 16.00000 18.00000 5.00000 24.00000 18.00000 32.00000 31.00000 30.00000 28.00000 22.00000 4.00000 48.00000 13.00000 41.00000 16.00000 14.00000 21.00000 16.00000 7.00000 16.00000 6.00000 9.00000 35.00000 8.00000 14.00000 9.00000 7.00000 8.00000 30.00000 32.00000 8.00000 15.00000 37.00000 6.00000 35.00000 19.00000 21.00000 21.00000 10.00000 17.00000 10.00000 19.00000 14.00000 23.00000 19.00000 13.00000 30.00000 0.00000 24.00000 16.00000 20.00000 27.00000 26.00000
6.00000 13.00000 10.00000 16.00000 23.00000 25.00000 15.00000 16.00000 26.00000 14.00000 23.00000 11.00000 23.00000 2.00000 22.00000 3.00000 15.00000 24.00000 23.00000 4.00000 6.00000 14.00000 6.00000 8.00000 12.00000 11.00000 26.00000 4.00000 11.00000 16.00000 24.00000 13.00000 21.00000 6.00000 23.00000 34.00000 15.00000 24.00000 27.00000 12.00000 5.00000 27.00000 23.00000 14.00000 24.00000 19.00000 19.00000 21.00000 27.00000 23.00000 22.00000 22.00000 13.00000 15.00000 23.00000 16.00000 21.00000 24.00000 18.00000 18.00000 4.00000 19.00000 16.00000 11.00000 23.00000 6.00000 26.00000 11.00000 17.00000 20.00000 13.00000 23.00000 0.00000 27.00000 16.00000 9.00000 6.00000
30.00000 32.00000 31.00000 35.00000 12.00000 11.00000 35.00000 28.00000 1.00000 33.00000 7.00000 24.00000 42.00000 27.00000 11.00000 27.00000 34.00000 43.00000 42.00000 24.00000 30.00000 34.00000 23.00000 21.00000 21.00000 23.00000 13.00000 27.00000 20.00000 35.00000 36.00000 32.00000 33.00000 25.00000 16.00000 53.00000 15.00000 43.00000 2.00000 19.00000 24.00000 2.00000 12.00000 13.00000 13.00000 17.00000 38.00000 18.00000 5.00000 12.00000 12.00000 11.00000 32.00000 34.00000 11.00000 12.00000 40.00000 13.00000 37.00000 16.00000 25.00000 16.00000 16.00000 20.00000 10.00000 22.00000 2.00000 21.00000 17.00000 11.00000 32.00000 14.00000 27.00000 0.00000 17.00000 30.00000 30.00000
20.00000 20.00000 19.00000 23.00000 18.00000 18.00000 23.00000 24.00000 17.00000 21.00000 14.00000 12.00000 31.00000 17.00000 17.00000 17.00000 22.00000 31.00000 30.00000 16.00000 20.00000 22.00000 15.00000 11.00000 19.00000 19.00000 21.00000 18.00000 10.00000 23.00000 32.00000 21.00000 29.00000 17.00000 20.00000 42.00000 15.00000 31.00000 17.00000 17.00000 16.00000 17.00000 18.00000 7.00000 19.00000 20.00000 26.00000 21.00000 18.00000 18.00000 18.00000 17.00000 20.00000 22.00000 18.00000 9.00000 28.00000 19.00000 25.00000 3.00000 15.00000 5.00000 17.00000 14.00000 14.00000 14.00000 15.00000 9.00000 3.00000 10.00000 20.00000 18.00000 18.00000 17.00000 0.00000 19.00000 20.00000
12.00000 7.00000 5.00000 14.00000 24.00000 26.00000 10.00000 19.00000 27.00000 9.00000 24.00000 10.00000 22.00000 8.00000 23.00000 9.00000 13.00000 22.00000 21.00000 8.00000 12.00000 9.00000 9.00000 9.00000 14.00000 14.00000 27.00000 9.00000 11.00000 14.00000 26.00000 12.00000 23.00000 10.00000 24.00000 30.00000 16.00000 22.00000 28.00000 14.00000 10.00000 28.00000 24.00000 15.00000 25.00000 20.00000 17.00000 22.00000 28.00000 24.00000 23.00000 23.00000 11.00000 11.00000 24.00000 17.00000 19.00000 25.00000 16.00000 18.00000 7.00000 20.00000 17.00000 12.00000 24.00000 8.00000 26.00000 11.00000 17.00000 20.00000 8.00000 24.00000 9.00000 28.00000 16.00000 0.00000 12.00000
0.00000 16.00000 14.00000 19.00000 25.00000 28.00000 16.00000 18.00000 29.00000 14.00000 25.00000 14.00000 27.00000 5.00000 25.00000 5.00000 18.00000 27.00000 26.00000 7.00000 0.00000 14.00000 8.00000 11.00000 14.00000 13.00000 28.00000 5.00000 13.00000 19.00000 26.00000 17.00000 23.00000 6.00000 25.00000 36.00000 18.00000 27.00000 30.00000 14.00000 7.00000 30.00000 25.00000 17.00000 26.00000 22.00000 22.00000 24.00000 30.00000 25.00000 25.00000 24.00000 16.00000 18.00000 25.00000 19.00000 24.00000 26.00000 21.00000 20.00000 6.00000 21.00000 19.00000 13.00000 26.00000 8.00000 28.00000 13.00000 19.00000 22.00000 14.00000 26.00000 6.00000 29.00000 19.00000 12.00000 0.00000
p
0.0 0.0 0.0 0.0 0.0 0.0 
0.0 0.0 0.0 0.0 0.0 0.0 
0.0 0.0 0.0 0.0 0.0 0.0 
0.0 0.0 0.0 0.0 0.0 0.0 
0.0 0.0 0.0 0.0 0.0 0.0 
0.0 0.0 0.0 0.0 0.0 0.0 
0.0 0.0 0.0 0.0 0.0 0.0 
0.0 0.0 0.0 0.0 0.0 0.0 
0.0 0.0 0.0 0.0 0.0 0.0 
0.0 0.0 0.0 0.0 0.0 0.0 
0.0 0.0 0.0 0.0 0.0 0.0 
0.0 0.0 0.0 0.0 0.0 0.0 
0.0 0.0 0.0 0.0 0.0 0.0 
0.0 0.0 0.0 0.0 0.0 0.0 
0.0 0.0 0.0 0.0 0.0 0.0 
24 0 0 0 0 0 
24 0 0 0 0 0 
24 0 0 0 0 0 
24 0 0 0 0 0 
24 0 0 0 0 0 
24 0 0 0 0 0 
24 0 0 0 0 0 
24 0 0 0 0 0 
24 0 0 0 0 0 
24 0 0 0 0 0 
24 0 0 0 0 0 
24 0 0 0 0 0 
24 0 0 0 0 0 
24 0 0 0 0 0 
24 0 0 0 0 0 
23 0 0 0 0 0 
23 0 0 0 0 0 
23 0 0 0 0 0 
23 0 0 0 0 0 
23 0 0 0 0 0 
23 0 0 0 0 0 
23 0 0 0 0 0 
23 0 0 0 0 0 
23 0 0 0 0 0 
23 0 0 0 0 0 
23 0 0 0 0 0 
23 0 0 0 0 0 
23 0 0 0 0 0 
23 0 0 0 0 0 
23 0 0 0 0 0 
0 0 0 0 24 0 
0 0 0 0 24 0 
0 0 0 0 24 0 
0 0 0 0 24 0 
0 0 0 0 24 0 
0 0 0 0 24 0 
0 0 0 0 24 0 
0 0 0 0 24 0 
0 0 0 0 24 0 
0 0 0 0 24 0 
0 0 0 0 24 0 
0 0 0 0 24 0 
0 0 0 0 24 0 
0 0 0 0 24 0 
0 0 0 0 24 0 
18 0 0 27 0 0 
18 0 0 27 0 0 
18 0 0 27 0 0 
18 0 0 27 0 0 
18 0 0 27 0 0 
18 0 0 27 0 0 
18 0 0 27 0 0 
18 0 0 27 0 0 
18 0 0 27 0 0 
18 0 0 27 0 0 
18 0 0 27 0 0 
18 0 0 27 0 0 
18 0 0 27 0 0 
18 0 0 27 0 0 
18 0 0 27 0 0 
0 39 0 0 23 0 
0 39 0 0 23 0 
0 39 0 0 23 0 
0 39 0 0 23 0 
0 39 0 0 23 0 
0 39 0 0 23 0 
0 39 0 0 23 0 
0 39 0 0 23 0 
0 39 0 0 23 0 
0 39 0 0 23 0 
0 39 0 0 23 0 
0 39 0 0 23 0 
0 39 0 0 23 0 
0 39 0 0 23 0 
0 39 0 0 23 0 
28 0 0 49 0 0 
28 0 0 49 0 0 
28 0 0 49 0 0 
28 0 0 49 0 0 
28 0 0 49 0 0 
28 0 0 49 0 0 
28 0 0 49 0 0 
28 0 0 49 0 0 
28 0 0 49 0 0 
28 0 0 49 0 0 
28 0 0 49 0 0 
28 0 0 49 0 0 
28 0 0 49 0 0 
28 0 0 49 0 0 
28 0 0 49 0 0 
0 0 25 0 21 0 
0 0 25 0 21 0 
0 0 25 0 21 0 
0 0 25 0 21 0 
0 0 25 0 21 0 
0 0 25 0 21 0 
0 0 25 0 21 0 
0 0 25 0 21 0 
0 0 25 0 21 0 
0 0 25 0 21 0 
0 0 25 0 21 0 
0 0 25 0 21 0 
0 0 25 0 21 0 
0 0 25 0 21 0 
0 0 25 0 21 0 
46 0 0 0 20 0 
46 0 0 0 20 0 
46 0 0 0 20 0 
46 0 0 0 20 0 
46 0 0 0 20 0 
46 0 0 0 20 0 
46 0 0 0 20 0 
46 0 0 0 20 0 
46 0 0 0 20 0 
46 0 0 0 20 0 
46 0 0 0 20 0 
46 0 0 0 20 0 
46 0 0 0 20 0 
46 0 0 0 20 0 
46 0 0 0 20 0 
0 0 59 16 0 0 
0 0 59 16 0 0 
0 0 59 16 0 0 
0 0 59 16 0 0 
0 0 59 16 0 0 
0 0 59 16 0 0 
0 0 59 16 0 0 
0 0 59 16 0 0 
0 0 59 16 0 0 
0 0 59 16 0 0 
0 0 59 16 0 0 
0 0 59 16 0 0 
0 0 59 16 0 0 
0 0 59 16 0 0 
0 0 59 16 0 0 
0 0 0 0 23 0 
0 0 0 0 23 0 
0 0 0 0 23 0 
0 0 0 0 23 0 
0 0 0 0 23 0 
0 0 0 0 23 0 
0 0 0 0 23 0 
0 0 0 0 23 0 
0 0 0 0 23 0 
0 0 0 0 23 0 
0 0 0 0 23 0 
0 0 0 0 23 0 
0 0 0 0 23 0 
0 0 0 0 23 0 
0 0 0 0 23 0 
0 0 0 0 26 0 
0 0 0 0 26 0 
0 0 0 0 26 0 
0 0 0 0 26 0 
0 0 0 0 26 0 
0 0 0 0 26 0 
0 0 0 0 26 0 
0 0 0 0 26 0 
0 0 0 0 26 0 
0 0 0 0 26 0 
0 0 0 0 26 0 
0 0 0 0 26 0 
0 0 0 0 26 0 
0 0 0 0 26 0 
0 0 0 0 26 0 
0 0 40 58 0 0 
0 0 40 58 0 0 
0 0 40 58 0 0 
0 0 40 58 0 0 
0 0 40 58 0 0 
0 0 40 58 0 0 
0 0 40 58 0 0 
0 0 40 58 0 0 
0 0 40 58 0 0 
0 0 40 58 0 0 
0 0 40 58 0 0 
0 0 40 58 0 0 
0 0 40 58 0 0 
0 0 40 58 0 0 
0 0 40 58 0 0 
0 0 0 0 0 24 
0 0 0 0 0 24 
0 0 0 0 0 24 
0 0 0 0 0 24 
0 0 0 0 0 24 
0 0 0 0 0 24 
0 0 0 0 0 24 
0 0 0 0 0 24 
0 0 0 0 0 24 
0 0 0 0 0 24 
0 0 0 0 0 24 
0 0 0 0 0 24 
0 0 0 0 0 24 
0 0 0 0 0 24 
0 0 0 0 0 24 
0 0 50 0 0 0 
0 0 50 0 0 0 
0 0 50 0 0 0 
0 0 50 0 0 0 
0 0 50 0 0 0 
0 0 50 0 0 0 
0 0 50 0 0 0 
0 0 50 0 0 0 
0 0 50 0 0 0 
0 0 50 0 0 0 
0 0 50 0 0 0 
0 0 50 0 0 0 
0 0 50 0 0 0 
0 0 50 0 0 0 
0 0 50 0 0 0 
0 48 0 0 0 0 
0 48 0 0 0 0 
0 48 0 0 0 0 
0 48 0 0 0 0 
0 48 0 0 0 0 
0 48 0 0 0 0 
0 48 0 0 0 0 
0 48 0 0 0 0 
0 48 0 0 0 0 
0 48 0 0 0 0 
0 48 0 0 0 0 
0 48 0 0 0 0 
0 48 0 0 0 0 
0 48 0 0 0 0 
0 48 0 0 0 0 
0 0 0 0 36 0 
0 0 0 0 36 0 
0 0 0 0 36 0 
0 0 0 0 36 0 
0 0 0 0 36 0 
0 0 0 0 36 0 
0 0 0 0 36 0 
0 0 0 0 36 0 
0 0 0 0 36 0 
0 0 0 0 36 0 
0 0 0 0 36 0 
0 0 0 0 36 0 
0 0 0 0 36 0 
0 0 0 0 36 0 
0 0 0 0 36 0 
48 0 0 0 0 0 
48 0 0 0 0 0 
48 0 0 0 0 0 
48 0 0 0 0 0 
48 0 0 0 0 0 
48 0 0 0 0 0 
48 0 0 0 0 0 
48 0 0 0 0 0 
48 0 0 0 0 0 
48 0 0 0 0 0 
48 0 0 0 0 0 
48 0 0 0 0 0 
48 0 0 0 0 0 
48 0 0 0 0 0 
48 0 0 0 0 0 
0 47 0 0 0 0 
0 47 0 0 0 0 
0 47 0 0 0 0 
0 47 0 0 0 0 
0 47 0 0 0 0 
0 47 0 0 0 0 
0 47 0 0 0 0 
0 47 0 0 0 0 
0 47 0 0 0 0 
0 47 0 0 0 0 
0 47 0 0 0 0 
0 47 0 0 0 0 
0 47 0 0 0 0 
0 47 0 0 0 0 
0 47 0 0 0 0 
0 0 0 15 0 0 
0 0 0 15 0 0 
0 0 0 15 0 0 
0 0 0 15 0 0 
0 0 0 15 0 0 
0 0 0 15 0 0 
0 0 0 15 0 0 
0 0 0 15 0 0 
0 0 0 15 0 0 
0 0 0 15 0 0 
0 0 0 15 0 0 
0 0 0 15 0 0 
0 0 0 15 0 0 
0 0 0 15 0 0 
0 0 0 15 0 0 
30 0 0 0 0 0 
30 0 0 0 0 0 
30 0 0 0 0 0 
30 0 0 0 0 0 
30 0 0 0 0 0 
30 0 0 0 0 0 
30 0 0 0 0 0 
30 0 0 0 0 0 
30 0 0 0 0 0 
30 0 0 0 0 0 
30 0 0 0 0 0 
30 0 0 0 0 0 
30 0 0 0 0 0 
30 0 0 0 0 0 
30 0 0 0 0 0 
24 0 0 0 0 0 
24 0 0 0 0 0 
24 0 0 0 0 0 
24 0 0 0 0 0 
24 0 0 0 0 0 
24 0 0 0 0 0 
24 0 0 0 0 0 
24 0 0 0 0 0 
24 0 0 0 0 0 
24 0 0 0 0 0 
24 0 0 0 0 0 
24 0 0 0 0 0 
24 0 0 0 0 0 
24 0 0 0 0 0 
24 0 0 0 0 0 
45 0 0 0 0 0 
45 0 0 0 0 0 
45 0 0 0 0 0 
45 0 0 0 0 0 
45 0 0 0 0 0 
45 0 0 0 0 0 
45 0 0 0 0 0 
45 0 0 0 0 0 
45 0 0 0 0 0 
45 0 0 0 0 0 
45 0 0 0 0 0 
45 0 0 0 0 0 
45 0 0 0 0 0 
45 0 0 0 0 0 
45 0 0 0 0 0 
0 0 0 0 40 0 
0 0 0 0 40 0 
0 0 0 0 40 0 
0 0 0 0 40 0 
0 0 0 0 40 0 
0 0 0 0 40 0 
0 0 0 0 40 0 
0 0 0 0 40 0 
0 0 0 0 40 0 
0 0 0 0 40 0 
0 0 0 0 40 0 
0 0 0 0 40 0 
0 0 0 0 40 0 
0 0 0 0 40 0 
0 0 0 0 40 0 
0 0 0 0 38 0 
0 0 0 0 38 0 
0 0 0 0 38 0 
0 0 0 0 38 0 
0 0 0 0 38 0 
0 0 0 0 38 0 
0 0 0 0 38 0 
0 0 0 0 38 0 
0 0 0 0 38 0 
0 0 0 0 38 0 
0 0 0 0 38 0 
0 0 0 0 38 0 
0 0 0 0 38 0 
0 0 0 0 38 0 
0 0 0 0 38 0 
0 0 0 0 54 0 
0 0 0 0 54 0 
0 0 0 0 54 0 
0 0 0 0 54 0 
0 0 0 0 54 0 
0 0 0 0 54 0 
0 0 0 0 54 0 
0 0 0 0 54 0 
0 0 0 0 54 0 
0 0 0 0 54 0 
0 0 0 0 54 0 
0 0 0 0 54 0 
0 0 0 0 54 0 
0 0 0 0 54 0 
0 0 0 0 54 0 
0 0 0 51 0 0 
0 0 0 51 0 0 
0 0 0 51 0 0 
0 0 0 51 0 0 
0 0 0 51 0 0 
0 0 0 51 0 0 
0 0 0 51 0 0 
0 0 0 51 0 0 
0 0 0 51 0 0 
0 0 0 51 0 0 
0 0 0 51 0 0 
0 0 0 51 0 0 
0 0 0 51 0 0 
0 0 0 51 0 0 
0 0 0 51 0 0 
0 0 43 0 0 0 
0 0 43 0 0 0 
0 0 43 0 0 0 
0 0 43 0 0 0 
0 0 43 0 0 0 
0 0 43 0 0 0 
0 0 43 0 0 0 
0 0 43 0 0 0 
0 0 43 0 0 0 
0 0 43 0 0 0 
0 0 43 0 0 0 
0 0 43 0 0 0 
0 0 43 0 0 0 
0 0 43 0 0 0 
0 0 43 0 0 0 
0 0 0 24 0 0 
0 0 0 24 0 0 
0 0 0 24 0 0 
0 0 0 24 0 0 
0 0 0 24 0 0 
0 0 0 24 0 0 
0 0 0 24 0 0 
0 0 0 24 0 0 
0 0 0 24 0 0 
0 0 0 24 0 0 
0 0 0 24 0 0 
0 0 0 24 0 0 
0 0 0 24 0 0 
0 0 0 24 0 0 
0 0 0 24 0 0 
0 0 24 56 0 0 
0 0 24 56 0 0 
0 0 24 56 0 0 
0 0 24 56 0 0 
0 0 24 56 0 0 
0 0 24 56 0 0 
0 0 24 56 0 0 
0 0 24 56 0 0 
0 0 24 56 0 0 
0 0 24 56 0 0 
0 0 24 56 0 0 
0 0 24 56 0 0 
0 0 24 56 0 0 
0 0 24 56 0 0 
0 0 24 56 0 0 
53 0 0 0 0 0 
53 0 0 0 0 0 
53 0 0 0 0 0 
53 0 0 0 0 0 
53 0 0 0 0 0 
53 0 0 0 0 0 
53 0 0 0 0 0 
53 0 0 0 0 0 
53 0 0 0 0 0 
53 0 0 0 0 0 
53 0 0 0 0 0 
53 0 0 0 0 0 
53 0 0 0 0 0 
53 0 0 0 0 0 
53 0 0 0 0 0 
0 30 0 0 0 0 
0 30 0 0 0 0 
0 30 0 0 0 0 
0 30 0 0 0 0 
0 30 0 0 0 0 
0 30 0 0 0 0 
0 30 0 0 0 0 
0 30 0 0 0 0 
0 30 0 0 0 0 
0 30 0 0 0 0 
0 30 0 0 0 0 
0 30 0 0 0 0 
0 30 0 0 0 0 
0 30 0 0 0 0 
0 30 0 0 0 0 
0 0 52 0 51 0 
0 0 52 0 51 0 
0 0 52 0 51 0 
0 0 52 0 51 0 
0 0 52 0 51 0 
0 0 52 0 51 0 
0 0 52 0 51 0 
0 0 52 0 51 0 
0 0 52 0 51 0 
0 0 52 0 51 0 
0 0 52 0 51 0 
0 0 52 0 51 0 
0 0 52 0 51 0 
0 0 52 0 51 0 
0 0 52 0 51 0 
0 0 0 0 18 0 
0 0 0 0 18 0 
0 0 0 0 18 0 
0 0 0 0 18 0 
0 0 0 0 18 0 
0 0 0 0 18 0 
0 0 0 0 18 0 
0 0 0 0 18 0 
0 0 0 0 18 0 
0 0 0 0 18 0 
0 0 0 0 18 0 
0 0 0 0 18 0 
0 0 0 0 18 0 
0 0 0 0 18 0 
0 0 0 0 18 0 
0 0 0 25 0 0 
0 0 0 25 0 0 
0 0 0 25 0 0 
0 0 0 25 0 0 
0 0 0 25 0 0 
0 0 0 25 0 0 
0 0 0 25 0 0 
0 0 0 25 0 0 
0 0 0 25 0 0 
0 0 0 25 0 0 
0 0 0 25 0 0 
0 0 0 25 0 0 
0 0 0 25 0 0 
0 0 0 25 0 0 
0 0 0 25 0 0 
0 0 0 0 47 0 
0 0 0 0 47 0 
0 0 0 0 47 0 
0 0 0 0 47 0 
0 0 0 0 47 0 
0 0 0 0 47 0 
0 0 0 0 47 0 
0 0 0 0 47 0 
0 0 0 0 47 0 
0 0 0 0 47 0 
0 0 0 0 47 0 
0 0 0 0 47 0 
0 0 0 0 47 0 
0 0 0 0 47 0 
0 0 0 0 47 0 
0 0 0 0 37 0 
0 0 0 0 37 0 
0 0 0 0 37 0 
0 0 0 0 37 0 
0 0 0 0 37 0 
0 0 0 0 37 0 
0 0 0 0 37 0 
0 0 0 0 37 0 
0 0 0 0 37 0 
0 0 0 0 37 0 
0 0 0 0 37 0 
0 0 0 0 37 0 
0 0 0 0 37 0 
0 0 0 0 37 0 
0 0 0 0 37 0 
0 0 27 0 0 0 
0 0 27 0 0 0 
0 0 27 0 0 0 
0 0 27 0 0 0 
0 0 27 0 0 0 
0 0 27 0 0 0 
0 0 27 0 0 0 
0 0 27 0 0 0 
0 0 27 0 0 0 
0 0 27 0 0 0 
0 0 27 0 0 0 
0 0 27 0 0 0 
0 0 27 0 0 0 
0 0 27 0 0 0 
0 0 27 0 0 0 
0 0 0 20 0 0 
0 0 0 20 0 0 
0 0 0 20 0 0 
0 0 0 20 0 0 
0 0 0 20 0 0 
0 0 0 20 0 0 
0 0 0 20 0 0 
0 0 0 20 0 0 
0 0 0 20 0 0 
0 0 0 20 0 0 
0 0 0 20 0 0 
0 0 0 20 0 0 
0 0 0 20 0 0 
0 0 0 20 0 0 
0 0 0 20 0 0 
43 0 0 0 0 0 
43 0 0 0 0 0 
43 0 0 0 0 0 
43 0 0 0 0 0 
43 0 0 0 0 0 
43 0 0 0 0 0 
43 0 0 0 0 0 
43 0 0 0 0 0 
43 0 0 0 0 0 
43 0 0 0 0 0 
43 0 0 0 0 0 
43 0 0 0 0 0 
43 0 0 0 0 0 
43 0 0 0 0 0 
43 0 0 0 0 0 
23 0 0 0 0 0 
23 0 0 0 0 0 
23 0 0 0 0 0 
23 0 0 0 0 0 
23 0 0 0 0 0 
23 0 0 0 0 0 
23 0 0 0 0 0 
23 0 0 0 0 0 
23 0 0 0 0 0 
23 0 0 0 0 0 
23 0 0 0 0 0 
23 0 0 0 0 0 
23 0 0 0 0 0 
23 0 0 0 0 0 
23 0 0 0 0 0 
0 0 0 0 0 43 
0 0 0 0 0 43 
0 0 0 0 0 43 
0 0 0 0 0 43 
0 0 0 0 0 43 
0 0 0 0 0 43 
0 0 0 0 0 43 
0 0 0 0 0 43 
0 0 0 0 0 43 
0 0 0 0 0 43 
0 0 0 0 0 43 
0 0 0 0 0 43 
0 0 0 0 0 43 
0 0 0 0 0 43 
0 0 0 0 0 43 
0 48 0 19 0 0 
0 48 0 19 0 0 
0 48 0 19 0 0 
0 48 0 19 0 0 
0 48 0 19 0 0 
0 48 0 19 0 0 
0 48 0 19 0 0 
0 48 0 19 0 0 
0 48 0 19 0 0 
0 48 0 19 0 0 
0 48 0 19 0 0 
0 48 0 19 0 0 
0 48 0 19 0 0 
0 48 0 19 0 0 
0 48 0 19 0 0 
0 0 0 31 0 0 
0 0 0 31 0 0 
0 0 0 31 0 0 
0 0 0 31 0 0 
0 0 0 31 0 0 
0 0 0 31 0 0 
0 0 0 31 0 0 
0 0 0 31 0 0 
0 0 0 31 0 0 
0 0 0 31 0 0 
0 0 0 31 0 0 
0 0 0 31 0 0 
0 0 0 31 0 0 
0 0 0 31 0 0 
0 0 0 31 0 0 
0 0 0 0 15 0 
0 0 0 0 15 0 
0 0 0 0 15 0 
0 0 0 0 15 0 
0 0 0 0 15 0 
0 0 0 0 15 0 
0 0 0 0 15 0 
0 0 0 0 15 0 
0 0 0 0 15 0 
0 0 0 0 15 0 
0 0 0 0 15 0 
0 0 0 0 15 0 
0 0 0 0 15 0 
0 0 0 0 15 0 
0 0 0 0 15 0 
45 0 0 0 0 0 
45 0 0 0 0 0 
45 0 0 0 0 0 
45 0 0 0 0 0 
45 0 0 0 0 0 
45 0 0 0 0 0 
45 0 0 0 0 0 
45 0 0 0 0 0 
45 0 0 0 0 0 
45 0 0 0 0 0 
45 0 0 0 0 0 
45 0 0 0 0 0 
45 0 0 0 0 0 
45 0 0 0 0 0 
45 0 0 0 0 0 
29 0 0 0 0 0 
29 0 0 0 0 0 
29 0 0 0 0 0 
29 0 0 0 0 0 
29 0 0 0 0 0 
29 0 0 0 0 0 
29 0 0 0 0 0 
29 0 0 0 0 0 
29 0 0 0 0 0 
29 0 0 0 0 0 
29 0 0 0 0 0 
29 0 0 0 0 0 
29 0 0 0 0 0 
29 0 0 0 0 0 
29 0 0 0 0 0 
0 20 0 0 0 0 
0 20 0 0 0 0 
0 20 0 0 0 0 
0 20 0 0 0 0 
0 20 0 0 0 0 
0 20 0 0 0 0 
0 20 0 0 0 0 
0 20 0 0 0 0 
0 20 0 0 0 0 
0 20 0 0 0 0 
0 20 0 0 0 0 
0 20 0 0 0 0 
0 20 0 0 0 0 
0 20 0 0 0 0 
0 20 0 0 0 0 
31 0 0 36 0 0 
31 0 0 36 0 0 
31 0 0 36 0 0 
31 0 0 36 0 0 
31 0 0 36 0 0 
31 0 0 36 0 0 
31 0 0 36 0 0 
31 0 0 36 0 0 
31 0 0 36 0 0 
31 0 0 36 0 0 
31 0 0 36 0 0 
31 0 0 36 0 0 
31 0 0 36 0 0 
31 0 0 36 0 0 
31 0 0 36 0 0 
53 0 0 0 0 49 
53 0 0 0 0 49 
53 0 0 0 0 49 
53 0 0 0 0 49 
53 0 0 0 0 49 
53 0 0 0 0 49 
53 0 0 0 0 49 
53 0 0 0 0 49 
53 0 0 0 0 49 
53 0 0 0 0 49 
53 0 0 0 0 49 
53 0 0 0 0 49 
53 0 0 0 0 49 
53 0 0 0 0 49 
53 0 0 0 0 49 
0 0 34 42 0 0 
0 0 34 42 0 0 
0 0 34 42 0 0 
0 0 34 42 0 0 
0 0 34 42 0 0 
0 0 34 42 0 0 
0 0 34 42 0 0 
0 0 34 42 0 0 
0 0 34 42 0 0 
0 0 34 42 0 0 
0 0 34 42 0 0 
0 0 34 42 0 0 
0 0 34 42 0 0 
0 0 34 42 0 0 
0 0 34 42 0 0 
48 0 0 0 0 60 
48 0 0 0 0 60 
48 0 0 0 0 60 
48 0 0 0 0 60 
48 0 0 0 0 60 
48 0 0 0 0 60 
48 0 0 0 0 60 
48 0 0 0 0 60 
48 0 0 0 0 60 
48 0 0 0 0 60 
48 0 0 0 0 60 
48 0 0 0 0 60 
48 0 0 0 0 60 
48 0 0 0 0 60 
48 0 0 0 0 60 
0 0 56 0 59 0 
0 0 56 0 59 0 
0 0 56 0 59 0 
0 0 56 0 59 0 
0 0 56 0 59 0 
0 0 56 0 59 0 
0 0 56 0 59 0 
0 0 56 0 59 0 
0 0 56 0 59 0 
0 0 56 0 59 0 
0 0 56 0 59 0 
0 0 56 0 59 0 
0 0 56 0 59 0 
0 0 56 0 59 0 
0 0 56 0 59 0 
0 0 31 0 27 0 
0 0 31 0 27 0 
0 0 31 0 27 0 
0 0 31 0 27 0 
0 0 31 0 27 0 
0 0 31 0 27 0 
0 0 31 0 27 0 
0 0 31 0 27 0 
0 0 31 0 27 0 
0 0 31 0 27 0 
0 0 31 0 27 0 
0 0 31 0 27 0 
0 0 31 0 27 0 
0 0 31 0 27 0 
0 0 31 0 27 0 
58 0 0 0 0 0 
58 0 0 0 0 0 
58 0 0 0 0 0 
58 0 0 0 0 0 
58 0 0 0 0 0 
58 0 0 0 0 0 
58 0 0 0 0 0 
58 0 0 0 0 0 
58 0 0 0 0 0 
58 0 0 0 0 0 
58 0 0 0 0 0 
58 0 0 0 0 0 
58 0 0 0 0 0 
58 0 0 0 0 0 
58 0 0 0 0 0 
0 0 21 0 0 0 
0 0 21 0 0 0 
0 0 21 0 0 0 
0 0 21 0 0 0 
0 0 21 0 0 0 
0 0 21 0 0 0 
0 0 21 0 0 0 
0 0 21 0 0 0 
0 0 21 0 0 0 
0 0 21 0 0 0 
0 0 21 0 0 0 
0 0 21 0 0 0 
0 0 21 0 0 0 
0 0 21 0 0 0 
0 0 21 0 0 0 
0 0 0 26 0 0 
0 0 0 26 0 0 
0 0 0 26 0 0 
0 0 0 26 0 0 
0 0 0 26 0 0 
0 0 0 26 0 0 
0 0 0 26 0 0 
0 0 0 26 0 0 
0 0 0 26 0 0 
0 0 0 26 0 0 
0 0 0 26 0 0 
0 0 0 26 0 0 
0 0 0 26 0 0 
0 0 0 26 0 0 
0 0 0 26 0 0 
35 0 0 0 0 35 
35 0 0 0 0 35 
35 0 0 0 0 35 
35 0 0 0 0 35 
35 0 0 0 0 35 
35 0 0 0 0 35 
35 0 0 0 0 35 
35 0 0 0 0 35 
35 0 0 0 0 35 
35 0 0 0 0 35 
35 0 0 0 0 35 
35 0 0 0 0 35 
35 0 0 0 0 35 
35 0 0 0 0 35 
35 0 0 0 0 35 
0 45 0 0 0 0 
0 45 0 0 0 0 
0 45 0 0 0 0 
0 45 0 0 0 0 
0 45 0 0 0 0 
0 45 0 0 0 0 
0 45 0 0 0 0 
0 45 0 0 0 0 
0 45 0 0 0 0 
0 45 0 0 0 0 
0 45 0 0 0 0 
0 45 0 0 0 0 
0 45 0 0 0 0 
0 45 0 0 0 0 
0 45 0 0 0 0 
0 27 0 0 0 0 
0 27 0 0 0 0 
0 27 0 0 0 0 
0 27 0 0 0 0 
0 27 0 0 0 0 
0 27 0 0 0 0 
0 27 0 0 0 0 
0 27 0 0 0 0 
0 27 0 0 0 0 
0 27 0 0 0 0 
0 27 0 0 0 0 
0 27 0 0 0 0 
0 27 0 0 0 0 
0 27 0 0 0 0 
0 27 0 0 0 0 
18 0 0 0 0 16 
18 0 0 0 0 16 
18 0 0 0 0 16 
18 0 0 0 0 16 
18 0 0 0 0 16 
18 0 0 0 0 16 
18 0 0 0 0 16 
18 0 0 0 0 16 
18 0 0 0 0 16 
18 0 0 0 0 16 
18 0 0 0 0 16 
18 0 0 0 0 16 
18 0 0 0 0 16 
18 0 0 0 0 16 
18 0 0 0 0 16 
57 0 0 47 0 0 
57 0 0 47 0 0 
57 0 0 47 0 0 
57 0 0 47 0 0 
57 0 0 47 0 0 
57 0 0 47 0 0 
57 0 0 47 0 0 
57 0 0 47 0 0 
57 0 0 47 0 0 
57 0 0 47 0 0 
57 0 0 47 0 0 
57 0 0 47 0 0 
57 0 0 47 0 0 
57 0 0 47 0 0 
57 0 0 47 0 0 
0 44 0 0 0 0 
0 44 0 0 0 0 
0 44 0 0 0 0 
0 44 0 0 0 0 
0 44 0 0 0 0 
0 44 0 0 0 0 
0 44 0 0 0 0 
0 44 0 0 0 0 
0 44 0 0 0 0 
0 44 0 0 0 0 
0 44 0 0 0 0 
0 44 0 0 0 0 
0 44 0 0 0 0 
0 44 0 0 0 0 
0 44 0 0 0 0 
57 0 0 0 0 0 
57 0 0 0 0 0 
57 0 0 0 0 0 
57 0 0 0 0 0 
57 0 0 0 0 0 
57 0 0 0 0 0 
57 0 0 0 0 0 
57 0 0 0 0 0 
57 0 0 0 0 0 
57 0 0 0 0 0 
57 0 0 0 0 0 
57 0 0 0 0 0 
57 0 0 0 0 0 
57 0 0 0 0 0 
57 0 0 0 0 0 
0 57 0 0 30 0 
0 57 0 0 30 0 
0 57 0 0 30 0 
0 57 0 0 30 0 
0 57 0 0 30 0 
0 57 0 0 30 0 
0 57 0 0 30 0 
0 57 0 0 30 0 
0 57 0 0 30 0 
0 57 0 0 30 0 
0 57 0 0 30 0 
0 57 0 0 30 0 
0 57 0 0 30 0 
0 57 0 0 30 0 
0 57 0 0 30 0 
48 0 0 0 32 0 
48 0 0 0 32 0 
48 0 0 0 32 0 
48 0 0 0 32 0 
48 0 0 0 32 0 
48 0 0 0 32 0 
48 0 0 0 32 0 
48 0 0 0 32 0 
48 0 0 0 32 0 
48 0 0 0 32 0 
48 0 0 0 32 0 
48 0 0 0 32 0 
48 0 0 0 32 0 
48 0 0 0 32 0 
48 0 0 0 32 0 
0 0 37 0 0 0 
0 0 37 0 0 0 
0 0 37 0 0 0 
0 0 37 0 0 0 
0 0 37 0 0 0 
0 0 37 0 0 0 
0 0 37 0 0 0 
0 0 37 0 0 0 
0 0 37 0 0 0 
0 0 37 0 0 0 
0 0 37 0 0 0 
0 0 37 0 0 0 
0 0 37 0 0 0 
0 0 37 0 0 0 
0 0 37 0 0 0 
0 0 0 0 43 0 
0 0 0 0 43 0 
0 0 0 0 43 0 
0 0 0 0 43 0 
0 0 0 0 43 0 
0 0 0 0 43 0 
0 0 0 0 43 0 
0 0 0 0 43 0 
0 0 0 0 43 0 
0 0 0 0 43 0 
0 0 0 0 43 0 
0 0 0 0 43 0 
0 0 0 0 43 0 
0 0 0 0 43 0 
0 0 0 0 43 0 
0 60 0 41 0 0 
0 60 0 41 0 0 
0 60 0 41 0 0 
0 60 0 41 0 0 
0 60 0 41 0 0 
0 60 0 41 0 0 
0 60 0 41 0 0 
0 60 0 41 0 0 
0 60 0 41 0 0 
0 60 0 41 0 0 
0 60 0 41 0 0 
0 60 0 41 0 0 
0 60 0 41 0 0 
0 60 0 41 0 0 
0 60 0 41 0 0 
0 32 0 28 0 0 
0 32 0 28 0 0 
0 32 0 28 0 0 
0 32 0 28 0 0 
0 32 0 28 0 0 
0 32 0 28 0 0 
0 32 0 28 0 0 
0 32 0 28 0 0 
0 32 0 28 0 0 
0 32 0 28 0 0 
0 32 0 28 0 0 
0 32 0 28 0 0 
0 32 0 28 0 0 
0 32 0 28 0 0 
0 32 0 28 0 0 
31 0 0 0 0 20 
31 0 0 0 0 20 
31 0 0 0 0 20 
31 0 0 0 0 20 
31 0 0 0 0 20 
31 0 0 0 0 20 
31 0 0 0 0 20 
31 0 0 0 0 20 
31 0 0 0 0 20 
31 0 0 0 0 20 
31 0 0 0 0 20 
31 0 0 0 0 20 
31 0 0 0 0 20 
31 0 0 0 0 20 
31 0 0 0 0 20 
0 0 0 0 58 0 
0 0 0 0 58 0 
0 0 0 0 58 0 
0 0 0 0 58 0 
0 0 0 0 58 0 
0 0 0 0 58 0 
0 0 0 0 58 0 
0 0 0 0 58 0 
0 0 0 0 58 0 
0 0 0 0 58 0 
0 0 0 0 58 0 
0 0 0 0 58 0 
0 0 0 0 58 0 
0 0 0 0 58 0 
0 0 0 0 58 0 
22 0 0 0 0 0 
22 0 0 0 0 0 
22 0 0 0 0 0 
22 0 0 0 0 0 
22 0 0 0 0 0 
22 0 0 0 0 0 
22 0 0 0 0 0 
22 0 0 0 0 0 
22 0 0 0 0 0 
22 0 0 0 0 0 
22 0 0 0 0 0 
22 0 0 0 0 0 
22 0 0 0 0 0 
22 0 0 0 0 0 
22 0 0 0 0 0 
0 0 55 0 0 0 
0 0 55 0 0 0 
0 0 55 0 0 0 
0 0 55 0 0 0 
0 0 55 0 0 0 
0 0 55 0 0 0 
0 0 55 0 0 0 
0 0 55 0 0 0 
0 0 55 0 0 0 
0 0 55 0 0 0 
0 0 55 0 0 0 
0 0 55 0 0 0 
0 0 55 0 0 0 
0 0 55 0 0 0 
0 0 55 0 0 0 
0 0 0 0 0 19 
0 0 0 0 0 19 
0 0 0 0 0 19 
0 0 0 0 0 19 
0 0 0 0 0 19 
0 0 0 0 0 19 
0 0 0 0 0 19 
0 0 0 0 0 19 
0 0 0 0 0 19 
0 0 0 0 0 19 
0 0 0 0 0 19 
0 0 0 0 0 19 
0 0 0 0 0 19 
0 0 0 0 0 19 
0 0 0 0 0 19 
0 0 39 0 0 0 
0 0 39 0 0 0 
0 0 39 0 0 0 
0 0 39 0 0 0 
0 0 39 0 0 0 
0 0 39 0 0 0 
0 0 39 0 0 0 
0 0 39 0 0 0 
0 0 39 0 0 0 
0 0 39 0 0 0 
0 0 39 0 0 0 
0 0 39 0 0 0 
0 0 39 0 0 0 
0 0 39 0 0 0 
0 0 39 0 0 0 
0.0 0.0 0.0 0.0 0.0 0.0 
0.0 0.0 0.0 0.0 0.0 0.0 
0.0 0.0 0.0 0.0 0.0 0.0 
0.0 0.0 0.0 0.0 0.0 0.0 
0.0 0.0 0.0 0.0 0.0 0.0 
0.0 0.0 0.0 0.0 0.0 0.0 
0.0 0.0 0.0 0.0 0.0 0.0 
0.0 0.0 0.0 0.0 0.0 0.0 
0.0 0.0 0.0 0.0 0.0 0.0 
0.0 0.0 0.0 0.0 0.0 0.0 
0.0 0.0 0.0 0.0 0.0 0.0 
0.0 0.0 0.0 0.0 0.0 0.0 
0.0 0.0 0.0 0.0 0.0 0.0 
0.0 0.0 0.0 0.0 0.0 0.0 
0.0 0.0 0.0 0.0 0.0 0.0 
mind
0 0 0 0 16 0 0 0 0 19 0 0 0 0 0 0 0 0 0 0 0 0 0 0 0 0 0 0 0 17 0 0 0 0 0 0 0 0 0 0 0 0 19 0 0 0 0 0 15 15 16 0 10 16 0 0 0 16 0 0 12 0 0 0 0 0 0 0 16 0 0 0 0 0 0 0 0
maxd
0 0 0 0 24 0 0 0 0 30 0 0 0 0 0 0 0 0 0 0 0 0 0 0 0 0 0 0 0 21 0 0 0 0 0 0 0 0 0 0 0 0 23 0 0 0 0 0 26 27 16 0 20 19 0 0 0 17 0 0 27 0 0 0 0 0 0 0 23 0 0 0 0 0 0 0 0
e
0 782 727 494 598 895 714 550 941 527 636 602 480 820 531 703 676 737 722 583 577 868 659 514 921 859 696 557 820 940 526 897 757 789 880 912 540 879 483 763 810 769 610 914 556 758 593 547 512 667 668 801 581 756 849 638 960 758 551 551 628 834 704 771 852 539 632 535 703 562 851 576 533 644 538 701 0
l
99999 902 847 614 718 1015 834 670 1061 647 756 722 600 940 651 823 796 857 842 703 697 988 779 634 1041 979 816 677 940 1060 646 1017 877 909 1000 1032 660 999 603 883 930 889 730 1034 676 878 713 667 632 787 788 921 701 876 969 758 1080 878 671 671 748 954 824 891 972 659 752 655 823 682 971 696 653 764 658 821 99999
