nbNodes
77
nbVehi
15
nbServi
6
r
1 1 1 1 1 1 
0 0 0 0 1 0 
1 0 0 1 0 0 
1 0 0 0 0 1 
0 0 0 0 1 0 
0 0 1 0 0 0 
0 0 0 0 1 0 
0 0 0 0 0 1 
0 0 0 0 0 1 
0 1 0 1 0 0 
0 0 0 0 0 1 
0 0 1 0 0 1 
0 1 0 0 0 0 
0 0 0 0 0 1 
0 1 0 0 0 0 
1 0 0 0 1 0 
0 0 1 0 1 0 
0 1 0 0 0 0 
1 0 0 0 0 0 
1 0 0 0 0 0 
0 0 1 0 1 0 
1 0 0 0 0 0 
0 0 0 0 1 0 
0 0 1 0 0 0 
0 0 0 0 0 1 
0 0 0 0 1 0 
0 0 0 0 1 0 
0 0 0 0 0 1 
1 0 0 0 0 1 
0 0 1 0 1 0 
0 0 1 0 1 0 
0 0 1 0 0 0 
0 0 1 0 0 1 
0 1 0 0 0 0 
0 0 0 0 1 0 
0 0 0 1 0 0 
1 0 0 1 0 0 
0 0 1 0 0 1 
0 1 0 0 0 0 
0 1 0 1 0 0 
0 0 0 0 1 0 
0 1 0 0 0 0 
1 0 0 0 0 1 
0 0 0 0 1 0 
0 0 0 0 0 1 
0 1 0 0 1 0 
0 0 1 0 1 0 
1 0 0 0 0 0 
0 1 0 0 0 0 
1 0 0 0 0 0 
0 0 0 0 0 1 
0 0 0 0 0 1 
1 0 0 0 0 1 
0 0 0 0 1 0 
1 0 0 0 0 0 
0 0 0 0 1 0 
0 1 0 0 0 0 
1 0 0 0 0 0 
1 0 0 1 0 0 
0 1 0 1 0 0 
0 1 0 0 0 0 
0 1 0 0 0 1 
0 1 0 0 0 0 
0 1 0 1 0 0 
0 1 0 0 0 0 
0 1 0 1 0 0 
0 0 0 0 1 0 
0 1 0 0 0 0 
0 1 0 0 0 0 
0 0 0 0 0 1 
1 0 0 0 0 0 
0 1 0 0 0 0 
0 0 0 0 0 1 
0 1 0 0 1 0 
0 1 0 0 0 0 
0 0 0 0 0 1 
1 1 1 1 1 1 
DS
3 4 10 12 16 17 21 29 30 31 33 37 38 40 43 46 47 53 59 60 62 64 66 74 
a
0 1 1 0 0 0 
1 1 0 0 0 0 
1 1 0 0 0 0 
1 1 1 0 0 0 
1 0 1 0 0 0 
1 1 0 0 0 0 
1 0 0 0 0 0 
0 0 0 0 1 1 
0 0 0 1 1 1 
0 0 0 1 1 1 
0 0 0 1 1 0 
0 0 0 0 1 1 
0 0 0 0 1 0 
0 0 0 1 0 1 
0 0 0 1 1 1 
x
-29.9805 -30.0384 -30.0377 -30.086 -30.0417 -30.0095 -29.9969 -30.008 -30.0229 -30.0653 -30.0065 -30.0069 -30.0045 -30.0452 -30.025 -30.0373 -30.0671 -30.029 -30.0327 -29.9805 -29.991 -30.013 -30.0422 -30.0106 -30.0784 -30.0348 -30.0065 -30.0706 -29.9942 -30.0244 -30.0736 -30.0241 -30.0238 -30.0038 -30.0494 -30.0423 -30.0621 -30.0587 -30.0424 -30.0697 -30.0119 -30.0315 -29.9784 -30.0068 -29.9879 -30.0703 -30.0894 -30.0187 -30.1271 -30.013 -30.1535 -30.0364 -30.0785 -30.0332 -30.1267 -29.9793 -29.9865 -30.0303 -30.146 -30.1329 -30.0215 -30.0726 -30.0321 -30.0478 -29.9971 -30.0291 -30.0704 -30.0351 -30.0629 -30.0124 -30.1245 -30.0248 -30.0733 -30.0258 -30.0332 -30.031 -29.9805
y
-51.198 -51.1775 -51.1532 -51.1928 -51.185 -51.2024 -51.2026 -51.2024 -51.1286 -51.1967 -51.1515 -51.1949 -51.1906 -51.1838 -51.1889 -51.1709 -51.1914 -51.142 -51.2146 -51.198 -51.1912 -51.1512 -51.1476 -51.1783 -51.218 -51.1186 -51.1631 -51.2013 -51.1943 -51.152 -51.2187 -51.1801 -51.151 -51.1944 -51.2005 -51.1996 -51.1974 -51.2164 -51.106 -51.2051 -51.1901 -51.1603 -51.1972 -51.152 -51.1971 -51.2009 -51.2141 -51.1515 -51.2349 -51.21 -51.2013 -51.1856 -51.2222 -51.1692 -51.2237 -51.1917 -51.1308 -51.1495 -51.2034 -51.2018 -51.1301 -51.2197 -51.1584 -51.1621 -51.1942 -51.1971 -51.203 -51.1856 -51.2103 -51.162 -51.2192 -51.1445 -51.2069 -51.1377 -51.19 -51.1921 -51.198
d
0.00000 13.00000 16.00000 22.00000 14.00000 6.00000 5.00000 6.00000 20.00000 19.00000 14.00000 7.00000 7.00000 15.00000 11.00000 16.00000 19.00000 18.00000 11.00000 0.00000 5.00000 14.00000 18.00000 10.00000 21.00000 23.00000 11.00000 20.00000 5.00000 16.00000 20.00000 12.00000 16.00000 7.00000 16.00000 14.00000 18.00000 15.00000 24.00000 17.00000 9.00000 15.00000 2.00000 14.00000 3.00000 19.00000 22.00000 15.00000 31.00000 8.00000 35.00000 13.00000 22.00000 15.00000 28.00000 3.00000 17.00000 16.00000 34.00000 33.00000 20.00000 20.00000 15.00000 19.00000 6.00000 12.00000 19.00000 12.00000 17.00000 12.00000 29.00000 18.00000 19.00000 19.00000 13.00000 13.00000 0.00000
13.00000 0.00000 5.00000 14.00000 3.00000 10.00000 10.00000 10.00000 14.00000 9.00000 11.00000 9.00000 7.00000 4.00000 6.00000 4.00000 8.00000 9.00000 8.00000 13.00000 10.00000 10.00000 6.00000 7.00000 13.00000 11.00000 10.00000 10.00000 11.00000 8.00000 14.00000 4.00000 8.00000 8.00000 8.00000 6.00000 9.00000 11.00000 12.00000 11.00000 8.00000 6.00000 13.00000 12.00000 10.00000 9.00000 13.00000 9.00000 22.00000 10.00000 26.00000 3.00000 14.00000 4.00000 20.00000 12.00000 16.00000 7.00000 25.00000 24.00000 13.00000 14.00000 7.00000 6.00000 10.00000 8.00000 10.00000 5.00000 12.00000 8.00000 20.00000 9.00000 11.00000 10.00000 5.00000 6.00000 13.00000
16.00000 5.00000 0.00000 17.00000 6.00000 14.00000 14.00000 13.00000 9.00000 12.00000 7.00000 12.00000 10.00000 7.00000 9.00000 5.00000 12.00000 4.00000 12.00000 16.00000 13.00000 6.00000 3.00000 10.00000 17.00000 7.00000 8.00000 14.00000 14.00000 3.00000 18.00000 7.00000 3.00000 12.00000 11.00000 10.00000 13.00000 14.00000 8.00000 15.00000 11.00000 4.00000 17.00000 7.00000 14.00000 13.00000 16.00000 4.00000 26.00000 13.00000 29.00000 7.00000 18.00000 5.00000 23.00000 15.00000 12.00000 2.00000 29.00000 28.00000 8.00000 18.00000 3.00000 4.00000 13.00000 11.00000 14.00000 8.00000 15.00000 6.00000 24.00000 4.00000 14.00000 5.00000 9.00000 9.00000 16.00000
22.00000 14.00000 16.00000 0.00000 14.00000 18.00000 20.00000 19.00000 24.00000 8.00000 22.00000 18.00000 18.00000 12.00000 16.00000 15.00000 9.00000 19.00000 14.00000 22.00000 21.00000 21.00000 16.00000 18.00000 9.00000 21.00000 21.00000 7.00000 21.00000 18.00000 10.00000 15.00000 18.00000 19.00000 10.00000 12.00000 8.00000 10.00000 22.00000 7.00000 18.00000 17.00000 23.00000 22.00000 21.00000 6.00000 8.00000 19.00000 18.00000 17.00000 22.00000 14.00000 10.00000 15.00000 15.00000 22.00000 27.00000 17.00000 21.00000 19.00000 23.00000 10.00000 18.00000 15.00000 20.00000 14.00000 6.00000 16.00000 8.00000 20.00000 16.00000 19.00000 7.00000 21.00000 16.00000 16.00000 22.00000
15.00000 3.00000 7.00000 14.00000 0.00000 11.00000 13.00000 12.00000 15.00000 7.00000 13.00000 11.00000 9.00000 2.00000 5.00000 6.00000 8.00000 11.00000 7.00000 15.00000 12.00000 12.00000 8.00000 9.00000 13.00000 12.00000 12.00000 10.00000 13.00000 10.00000 14.00000 6.00000 10.00000 10.00000 6.00000 5.00000 7.00000 9.00000 14.00000 10.00000 10.00000 8.00000 15.00000 13.00000 13.00000 9.00000 13.00000 10.00000 22.00000 10.00000 26.00000 2.00000 14.00000 7.00000 19.00000 14.00000 18.00000 9.00000 25.00000 24.00000 15.00000 14.00000 8.00000 8.00000 12.00000 6.00000 10.00000 4.00000 10.00000 10.00000 20.00000 11.00000 11.00000 12.00000 4.00000 5.00000 15.00000
8.00000 9.00000 13.00000 18.00000 10.00000 0.00000 5.00000 2.00000 17.00000 13.00000 12.00000 3.00000 5.00000 11.00000 7.00000 12.00000 14.00000 15.00000 6.00000 8.00000 7.00000 11.00000 15.00000 6.00000 17.00000 19.00000 9.00000 16.00000 6.00000 13.00000 15.00000 8.00000 13.00000 4.00000 10.00000 8.00000 12.00000 11.00000 20.00000 13.00000 5.00000 12.00000 8.00000 12.00000 6.00000 14.00000 17.00000 12.00000 27.00000 2.00000 30.00000 10.00000 17.00000 12.00000 24.00000 7.00000 16.00000 13.00000 29.00000 29.00000 17.00000 15.00000 12.00000 15.00000 5.00000 6.00000 14.00000 8.00000 12.00000 9.00000 25.00000 14.00000 14.00000 16.00000 9.00000 7.00000 8.00000
5.00000 11.00000 14.00000 20.00000 12.00000 3.00000 0.00000 3.00000 18.00000 16.00000 11.00000 5.00000 5.00000 13.00000 9.00000 14.00000 17.00000 16.00000 9.00000 5.00000 5.00000 12.00000 16.00000 7.00000 19.00000 21.00000 9.00000 18.00000 4.00000 14.00000 18.00000 10.00000 14.00000 5.00000 13.00000 11.00000 15.00000 13.00000 22.00000 15.00000 6.00000 12.00000 5.00000 11.00000 4.00000 17.00000 20.00000 13.00000 29.00000 5.00000 33.00000 11.00000 20.00000 13.00000 26.00000 5.00000 15.00000 14.00000 32.00000 31.00000 18.00000 18.00000 13.00000 17.00000 4.00000 9.00000 17.00000 10.00000 15.00000 10.00000 27.00000 15.00000 17.00000 17.00000 11.00000 10.00000 5.00000
7.00000 9.00000 12.00000 18.00000 10.00000 1.00000 5.00000 0.00000 16.00000 14.00000 11.00000 2.00000 4.00000 11.00000 7.00000 12.00000 14.00000 14.00000 7.00000 7.00000 6.00000 10.00000 14.00000 5.00000 17.00000 19.00000 8.00000 16.00000 5.00000 12.00000 16.00000 8.00000 12.00000 3.00000 10.00000 9.00000 13.00000 11.00000 20.00000 13.00000 4.00000 11.00000 8.00000 11.00000 5.00000 15.00000 18.00000 11.00000 27.00000 3.00000 31.00000 10.00000 17.00000 11.00000 24.00000 6.00000 15.00000 12.00000 30.00000 29.00000 16.00000 16.00000 11.00000 15.00000 4.00000 6.00000 15.00000 8.00000 13.00000 8.00000 25.00000 14.00000 15.00000 15.00000 9.00000 8.00000 7.00000
21.00000 13.00000 9.00000 25.00000 15.00000 17.00000 19.00000 17.00000 0.00000 21.00000 10.00000 16.00000 15.00000 15.00000 16.00000 13.00000 19.00000 6.00000 20.00000 21.00000 18.00000 10.00000 10.00000 14.00000 25.00000 7.00000 11.00000 22.00000 19.00000 9.00000 25.00000 14.00000 9.00000 16.00000 19.00000 18.00000 21.00000 22.00000 8.00000 23.00000 17.00000 11.00000 21.00000 10.00000 19.00000 21.00000 24.00000 10.00000 34.00000 19.00000 37.00000 15.00000 26.00000 12.00000 31.00000 20.00000 10.00000 8.00000 36.00000 36.00000 4.00000 25.00000 10.00000 13.00000 18.00000 18.00000 21.00000 15.00000 23.00000 13.00000 32.00000 8.00000 22.00000 7.00000 17.00000 16.00000 21.00000
18.00000 11.00000 13.00000 8.00000 10.00000 14.00000 16.00000 15.00000 21.00000 0.00000 19.00000 14.00000 14.00000 8.00000 11.00000 12.00000 2.00000 16.00000 11.00000 18.00000 17.00000 18.00000 13.00000 15.00000 8.00000 18.00000 18.00000 4.00000 18.00000 15.00000 8.00000 12.00000 15.00000 15.00000 5.00000 7.00000 2.00000 7.00000 19.00000 4.00000 14.00000 14.00000 19.00000 19.00000 17.00000 2.00000 7.00000 16.00000 16.00000 13.00000 20.00000 9.00000 8.00000 12.00000 14.00000 18.00000 24.00000 14.00000 19.00000 19.00000 20.00000 8.00000 15.00000 12.00000 16.00000 10.00000 3.00000 11.00000 4.00000 17.00000 14.00000 16.00000 5.00000 18.00000 10.00000 10.00000 18.00000
13.00000 12.00000 9.00000 23.00000 13.00000 10.00000 11.00000 10.00000 9.00000 19.00000 0.00000 9.00000 8.00000 14.00000 9.00000 10.00000 18.00000 8.00000 13.00000 13.00000 11.00000 4.00000 11.00000 7.00000 22.00000 12.00000 4.00000 20.00000 12.00000 7.00000 21.00000 8.00000 6.00000 9.00000 15.00000 14.00000 18.00000 16.00000 14.00000 19.00000 10.00000 9.00000 14.00000 1.00000 11.00000 19.00000 22.00000 6.00000 32.00000 12.00000 36.00000 12.00000 23.00000 9.00000 29.00000 13.00000 9.00000 8.00000 35.00000 34.00000 9.00000 21.00000 9.00000 12.00000 11.00000 11.00000 20.00000 11.00000 18.00000 6.00000 30.00000 7.00000 20.00000 8.00000 11.00000 11.00000 13.00000
7.00000 9.00000 11.00000 19.00000 9.00000 3.00000 4.00000 2.00000 16.00000 15.00000 10.00000 0.00000 2.00000 10.00000 7.00000 11.00000 15.00000 13.00000 8.00000 7.00000 5.00000 9.00000 13.00000 5.00000 18.00000 18.00000 7.00000 17.00000 5.00000 11.00000 17.00000 7.00000 11.00000 2.00000 11.00000 10.00000 14.00000 12.00000 19.00000 14.00000 3.00000 10.00000 7.00000 10.00000 5.00000 16.00000 19.00000 10.00000 28.00000 4.00000 32.00000 9.00000 18.00000 10.00000 25.00000 6.00000 14.00000 12.00000 31.00000 30.00000 15.00000 17.00000 10.00000 14.00000 4.00000 6.00000 16.00000 8.00000 14.00000 7.00000 26.00000 13.00000 16.00000 14.00000 9.00000 8.00000 7.00000
6.00000 8.00000 11.00000 20.00000 9.00000 4.00000 4.00000 4.00000 15.00000 15.00000 8.00000 3.00000 0.00000 10.00000 6.00000 11.00000 14.00000 13.00000 9.00000 6.00000 4.00000 9.00000 13.00000 4.00000 19.00000 18.00000 6.00000 17.00000 4.00000 11.00000 17.00000 7.00000 11.00000 2.00000 12.00000 10.00000 14.00000 13.00000 19.00000 15.00000 4.00000 10.00000 7.00000 9.00000 4.00000 16.00000 19.00000 10.00000 28.00000 6.00000 32.00000 8.00000 19.00000 10.00000 26.00000 6.00000 12.00000 11.00000 31.00000 31.00000 15.00000 17.00000 10.00000 14.00000 4.00000 7.00000 16.00000 7.00000 14.00000 7.00000 26.00000 12.00000 16.00000 14.00000 8.00000 8.00000 6.00000
16.00000 4.00000 7.00000 13.00000 4.00000 13.00000 14.00000 13.00000 15.00000 6.00000 13.00000 12.00000 10.00000 0.00000 8.00000 6.00000 7.00000 10.00000 8.00000 16.00000 13.00000 12.00000 7.00000 10.00000 12.00000 12.00000 13.00000 9.00000 14.00000 9.00000 13.00000 7.00000 9.00000 11.00000 6.00000 5.00000 7.00000 9.00000 13.00000 9.00000 11.00000 9.00000 17.00000 13.00000 14.00000 8.00000 12.00000 10.00000 21.00000 12.00000 25.00000 5.00000 13.00000 7.00000 18.00000 15.00000 18.00000 8.00000 24.00000 23.00000 15.00000 13.00000 9.00000 7.00000 13.00000 8.00000 9.00000 6.00000 10.00000 11.00000 19.00000 10.00000 9.00000 12.00000 7.00000 7.00000 16.00000
11.00000 4.00000 9.00000 16.00000 5.00000 7.00000 9.00000 7.00000 15.00000 11.00000 10.00000 6.00000 6.00000 6.00000 0.00000 7.00000 10.00000 11.00000 6.00000 11.00000 9.00000 9.00000 10.00000 6.00000 15.00000 14.00000 8.00000 13.00000 9.00000 9.00000 14.00000 3.00000 9.00000 7.00000 8.00000 7.00000 10.00000 9.00000 15.00000 12.00000 5.00000 7.00000 12.00000 10.00000 9.00000 12.00000 15.00000 9.00000 25.00000 6.00000 28.00000 4.00000 16.00000 7.00000 22.00000 11.00000 14.00000 9.00000 27.00000 27.00000 15.00000 14.00000 8.00000 10.00000 9.00000 4.00000 12.00000 3.00000 11.00000 7.00000 23.00000 11.00000 13.00000 12.00000 3.00000 3.00000 11.00000
14.00000 3.00000 5.00000 15.00000 5.00000 12.00000 12.00000 12.00000 13.00000 11.00000 11.00000 10.00000 9.00000 6.00000 8.00000 0.00000 9.00000 8.00000 10.00000 14.00000 12.00000 10.00000 5.00000 8.00000 15.00000 10.00000 10.00000 12.00000 12.00000 7.00000 15.00000 6.00000 7.00000 10.00000 9.00000 8.00000 11.00000 12.00000 11.00000 12.00000 10.00000 5.00000 15.00000 11.00000 12.00000 11.00000 14.00000 8.00000 23.00000 11.00000 27.00000 5.00000 15.00000 4.00000 21.00000 14.00000 16.00000 6.00000 26.00000 26.00000 12.00000 15.00000 6.00000 6.00000 12.00000 9.00000 11.00000 7.00000 13.00000 8.00000 21.00000 8.00000 12.00000 10.00000 7.00000 8.00000 14.00000
19.00000 10.00000 12.00000 8.00000 9.00000 15.00000 17.00000 16.00000 20.00000 2.00000 18.00000 15.00000 14.00000 7.00000 12.00000 11.00000 0.00000 15.00000 11.00000 19.00000 17.00000 17.00000 12.00000 14.00000 8.00000 17.00000 17.00000 5.00000 18.00000 14.00000 8.00000 11.00000 14.00000 16.00000 6.00000 7.00000 3.00000 8.00000 18.00000 5.00000 14.00000 13.00000 20.00000 18.00000 18.00000 3.00000 7.00000 15.00000 17.00000 14.00000 20.00000 9.00000 9.00000 11.00000 14.00000 19.00000 23.00000 13.00000 19.00000 19.00000 19.00000 8.00000 14.00000 11.00000 17.00000 10.00000 4.00000 11.00000 6.00000 16.00000 15.00000 15.00000 5.00000 17.00000 10.00000 10.00000 19.00000
18.00000 9.00000 4.00000 21.00000 10.00000 14.00000 16.00000 14.00000 6.00000 16.00000 8.00000 13.00000 12.00000 11.00000 11.00000 9.00000 15.00000 0.00000 16.00000 18.00000 15.00000 7.00000 6.00000 11.00000 21.00000 8.00000 9.00000 18.00000 16.00000 4.00000 21.00000 9.00000 4.00000 13.00000 15.00000 13.00000 16.00000 18.00000 10.00000 19.00000 14.00000 6.00000 19.00000 8.00000 16.00000 17.00000 20.00000 5.00000 30.00000 16.00000 33.00000 11.00000 22.00000 7.00000 27.00000 17.00000 11.00000 3.00000 32.00000 32.00000 5.00000 21.00000 5.00000 8.00000 15.00000 13.00000 17.00000 10.00000 19.00000 8.00000 28.00000 2.00000 18.00000 2.00000 11.00000 11.00000 18.00000
10.00000 9.00000 11.00000 13.00000 8.00000 8.00000 8.00000 8.00000 19.00000 9.00000 15.00000 8.00000 9.00000 6.00000 6.00000 10.00000 10.00000 15.00000 0.00000 10.00000 11.00000 14.00000 12.00000 10.00000 12.00000 16.00000 13.00000 11.00000 10.00000 14.00000 11.00000 8.00000 14.00000 8.00000 6.00000 4.00000 8.00000 7.00000 18.00000 9.00000 8.00000 12.00000 11.00000 15.00000 10.00000 10.00000 13.00000 14.00000 22.00000 6.00000 26.00000 7.00000 13.00000 11.00000 20.00000 11.00000 20.00000 13.00000 25.00000 25.00000 19.00000 11.00000 13.00000 12.00000 9.00000 5.00000 10.00000 8.00000 8.00000 12.00000 20.00000 15.00000 10.00000 16.00000 7.00000 7.00000 10.00000
0.00000 13.00000 16.00000 22.00000 14.00000 6.00000 5.00000 6.00000 20.00000 19.00000 14.00000 7.00000 7.00000 15.00000 11.00000 16.00000 19.00000 18.00000 11.00000 0.00000 5.00000 14.00000 18.00000 10.00000 21.00000 23.00000 11.00000 20.00000 5.00000 16.00000 20.00000 12.00000 16.00000 7.00000 16.00000 14.00000 18.00000 15.00000 24.00000 17.00000 9.00000 15.00000 2.00000 14.00000 3.00000 19.00000 22.00000 15.00000 31.00000 8.00000 35.00000 13.00000 22.00000 15.00000 28.00000 3.00000 17.00000 16.00000 34.00000 33.00000 20.00000 20.00000 15.00000 19.00000 6.00000 12.00000 19.00000 12.00000 17.00000 12.00000 29.00000 18.00000 19.00000 19.00000 13.00000 13.00000 0.00000
5.00000 10.00000 13.00000 22.00000 11.00000 5.00000 3.00000 5.00000 18.00000 17.00000 11.00000 5.00000 4.00000 12.00000 8.00000 13.00000 16.00000 15.00000 10.00000 5.00000 0.00000 11.00000 16.00000 7.00000 21.00000 20.00000 8.00000 19.00000 3.00000 13.00000 20.00000 10.00000 13.00000 4.00000 14.00000 12.00000 16.00000 15.00000 21.00000 17.00000 6.00000 12.00000 5.00000 11.00000 3.00000 18.00000 21.00000 12.00000 31.00000 7.00000 34.00000 11.00000 21.00000 12.00000 28.00000 4.00000 15.00000 14.00000 33.00000 33.00000 17.00000 19.00000 13.00000 16.00000 3.00000 9.00000 18.00000 9.00000 17.00000 10.00000 29.00000 15.00000 18.00000 16.00000 10.00000 10.00000 5.00000
16.00000 11.00000 6.00000 23.00000 12.00000 12.00000 14.00000 12.00000 9.00000 18.00000 5.00000 11.00000 10.00000 13.00000 11.00000 10.00000 17.00000 6.00000 15.00000 16.00000 13.00000 0.00000 9.00000 9.00000 23.00000 12.00000 6.00000 20.00000 14.00000 4.00000 23.00000 9.00000 4.00000 11.00000 16.00000 14.00000 18.00000 18.00000 13.00000 20.00000 12.00000 7.00000 16.00000 5.00000 14.00000 19.00000 22.00000 3.00000 32.00000 14.00000 35.00000 12.00000 24.00000 8.00000 29.00000 15.00000 8.00000 5.00000 34.00000 34.00000 8.00000 23.00000 7.00000 10.00000 13.00000 13.00000 19.00000 11.00000 20.00000 6.00000 30.00000 5.00000 20.00000 7.00000 13.00000 13.00000 16.00000
16.00000 5.00000 2.00000 18.00000 7.00000 14.00000 14.00000 14.00000 9.00000 13.00000 8.00000 13.00000 11.00000 8.00000 10.00000 6.00000 12.00000 5.00000 12.00000 16.00000 14.00000 8.00000 0.00000 11.00000 17.00000 6.00000 9.00000 14.00000 15.00000 5.00000 18.00000 8.00000 4.00000 12.00000 12.00000 10.00000 13.00000 14.00000 7.00000 15.00000 12.00000 5.00000 17.00000 8.00000 14.00000 13.00000 17.00000 5.00000 26.00000 13.00000 30.00000 7.00000 18.00000 6.00000 24.00000 16.00000 14.00000 4.00000 29.00000 28.00000 8.00000 18.00000 4.00000 5.00000 14.00000 12.00000 14.00000 9.00000 16.00000 8.00000 24.00000 6.00000 15.00000 6.00000 10.00000 10.00000 16.00000
9.00000 8.00000 8.00000 20.00000 9.00000 6.00000 7.00000 6.00000 12.00000 15.00000 7.00000 5.00000 4.00000 10.00000 5.00000 8.00000 14.00000 10.00000 9.00000 9.00000 7.00000 6.00000 10.00000 0.00000 19.00000 15.00000 5.00000 16.00000 7.00000 8.00000 18.00000 4.00000 7.00000 5.00000 12.00000 10.00000 14.00000 13.00000 16.00000 15.00000 6.00000 6.00000 10.00000 7.00000 7.00000 15.00000 19.00000 7.00000 28.00000 8.00000 32.00000 8.00000 19.00000 7.00000 26.00000 9.00000 11.00000 8.00000 31.00000 30.00000 12.00000 17.00000 7.00000 12.00000 6.00000 7.00000 16.00000 7.00000 14.00000 4.00000 26.00000 9.00000 16.00000 11.00000 7.00000 7.00000 9.00000
22.00000 15.00000 16.00000 9.00000 14.00000 18.00000 20.00000 19.00000 25.00000 9.00000 23.00000 18.00000 18.00000 13.00000 15.00000 15.00000 10.00000 20.00000 14.00000 22.00000 21.00000 22.00000 17.00000 19.00000 0.00000 22.00000 22.00000 8.00000 21.00000 19.00000 4.00000 16.00000 19.00000 19.00000 10.00000 12.00000 9.00000 8.00000 23.00000 6.00000 17.00000 18.00000 23.00000 23.00000 21.00000 7.00000 5.00000 20.00000 15.00000 17.00000 18.00000 15.00000 3.00000 16.00000 12.00000 22.00000 28.00000 18.00000 17.00000 17.00000 24.00000 4.00000 19.00000 16.00000 20.00000 14.00000 7.00000 17.00000 6.00000 20.00000 13.00000 20.00000 6.00000 21.00000 16.00000 16.00000 22.00000
22.00000 11.00000 7.00000 23.00000 12.00000 19.00000 20.00000 18.00000 6.00000 18.00000 11.00000 18.00000 16.00000 13.00000 16.00000 11.00000 17.00000 8.00000 17.00000 22.00000 19.00000 13.00000 7.00000 16.00000 22.00000 0.00000 13.00000 19.00000 20.00000 10.00000 23.00000 13.00000 10.00000 17.00000 17.00000 15.00000 18.00000 20.00000 4.00000 20.00000 17.00000 10.00000 22.00000 11.00000 20.00000 18.00000 21.00000 11.00000 31.00000 19.00000 35.00000 13.00000 23.00000 11.00000 28.00000 21.00000 12.00000 9.00000 34.00000 33.00000 7.00000 23.00000 10.00000 10.00000 19.00000 17.00000 19.00000 14.00000 21.00000 13.00000 29.00000 10.00000 19.00000 9.00000 15.00000 16.00000 22.00000
11.00000 10.00000 8.00000 22.00000 11.00000 8.00000 8.00000 8.00000 11.00000 17.00000 5.00000 8.00000 7.00000 12.00000 8.00000 9.00000 17.00000 9.00000 12.00000 11.00000 8.00000 4.00000 10.00000 6.00000 21.00000 14.00000 0.00000 19.00000 9.00000 7.00000 20.00000 7.00000 7.00000 7.00000 14.00000 13.00000 17.00000 15.00000 15.00000 17.00000 9.00000 7.00000 11.00000 5.00000 8.00000 18.00000 21.00000 6.00000 31.00000 10.00000 34.00000 11.00000 22.00000 7.00000 28.00000 10.00000 10.00000 8.00000 34.00000 33.00000 11.00000 20.00000 8.00000 12.00000 8.00000 9.00000 19.00000 10.00000 17.00000 5.00000 29.00000 8.00000 19.00000 10.00000 10.00000 10.00000 11.00000
19.00000 11.00000 13.00000 7.00000 11.00000 15.00000 17.00000 16.00000 21.00000 4.00000 19.00000 15.00000 15.00000 10.00000 13.00000 12.00000 5.00000 16.00000 11.00000 19.00000 18.00000 19.00000 14.00000 15.00000 7.00000 18.00000 18.00000 0.00000 19.00000 16.00000 7.00000 12.00000 15.00000 16.00000 7.00000 9.00000 4.00000 7.00000 19.00000 4.00000 15.00000 15.00000 20.00000 19.00000 18.00000 2.00000 6.00000 16.00000 16.00000 14.00000 19.00000 11.00000 8.00000 12.00000 13.00000 19.00000 25.00000 14.00000 18.00000 18.00000 21.00000 7.00000 15.00000 12.00000 17.00000 11.00000 2.00000 13.00000 5.00000 17.00000 14.00000 16.00000 4.00000 18.00000 12.00000 13.00000 19.00000
5.00000 11.00000 14.00000 22.00000 12.00000 5.00000 4.00000 5.00000 18.00000 18.00000 11.00000 6.00000 5.00000 13.00000 9.00000 14.00000 17.00000 16.00000 11.00000 5.00000 3.00000 12.00000 16.00000 7.00000 21.00000 21.00000 9.00000 19.00000 0.00000 14.00000 20.00000 10.00000 14.00000 5.00000 15.00000 13.00000 17.00000 15.00000 22.00000 18.00000 7.00000 13.00000 6.00000 12.00000 3.00000 18.00000 22.00000 13.00000 31.00000 7.00000 35.00000 11.00000 22.00000 13.00000 28.00000 5.00000 15.00000 14.00000 34.00000 33.00000 18.00000 20.00000 13.00000 17.00000 3.00000 10.00000 19.00000 10.00000 17.00000 10.00000 29.00000 16.00000 19.00000 17.00000 11.00000 11.00000 5.00000
15.00000 8.00000 3.00000 20.00000 9.00000 11.00000 13.00000 11.00000 9.00000 15.00000 5.00000 10.00000 9.00000 10.00000 10.00000 7.00000 14.00000 4.00000 14.00000 15.00000 12.00000 4.00000 5.00000 8.00000 20.00000 10.00000 6.00000 17.00000 13.00000 0.00000 20.00000 7.00000 1.00000 11.00000 13.00000 11.00000 15.00000 16.00000 11.00000 17.00000 12.00000 4.00000 16.00000 5.00000 13.00000 16.00000 19.00000 2.00000 28.00000 13.00000 32.00000 9.00000 20.00000 5.00000 26.00000 14.00000 10.00000 2.00000 31.00000 31.00000 8.00000 20.00000 4.00000 7.00000 12.00000 12.00000 16.00000 8.00000 17.00000 5.00000 26.00000 3.00000 17.00000 5.00000 10.00000 10.00000 15.00000
20.00000 15.00000 17.00000 9.00000 14.00000 17.00000 19.00000 17.00000 25.00000 7.00000 23.00000 16.00000 17.00000 13.00000 14.00000 16.00000 9.00000 20.00000 13.00000 20.00000 20.00000 22.00000 17.00000 18.00000 4.00000 22.00000 21.00000 7.00000 20.00000 20.00000 0.00000 15.00000 19.00000 17.00000 9.00000 10.00000 7.00000 7.00000 23.00000 4.00000 16.00000 19.00000 21.00000 23.00000 19.00000 6.00000 6.00000 20.00000 15.00000 16.00000 19.00000 13.00000 3.00000 16.00000 13.00000 21.00000 27.00000 18.00000 18.00000 18.00000 25.00000 1.00000 19.00000 16.00000 18.00000 12.00000 5.00000 15.00000 5.00000 20.00000 13.00000 20.00000 5.00000 22.00000 14.00000 14.00000 20.00000
12.00000 6.00000 7.00000 17.00000 5.00000 9.00000 10.00000 9.00000 14.00000 11.00000 9.00000 8.00000 6.00000 6.00000 5.00000 7.00000 12.00000 9.00000 9.00000 12.00000 9.00000 7.00000 9.00000 4.00000 17.00000 14.00000 7.00000 14.00000 10.00000 7.00000 16.00000 0.00000 7.00000 7.00000 8.00000 7.00000 11.00000 12.00000 15.00000 13.00000 7.00000 5.00000 13.00000 9.00000 10.00000 13.00000 17.00000 7.00000 26.00000 8.00000 30.00000 5.00000 17.00000 5.00000 23.00000 11.00000 13.00000 7.00000 29.00000 28.00000 13.00000 16.00000 6.00000 10.00000 9.00000 7.00000 13.00000 4.00000 13.00000 6.00000 24.00000 9.00000 14.00000 10.00000 5.00000 5.00000 12.00000
15.00000 7.00000 3.00000 20.00000 9.00000 11.00000 13.00000 11.00000 9.00000 15.00000 4.00000 10.00000 9.00000 10.00000 10.00000 7.00000 14.00000 3.00000 14.00000 15.00000 12.00000 4.00000 5.00000 8.00000 19.00000 10.00000 5.00000 16.00000 13.00000 1.00000 20.00000 7.00000 0.00000 10.00000 13.00000 11.00000 15.00000 16.00000 11.00000 17.00000 11.00000 4.00000 15.00000 4.00000 13.00000 15.00000 19.00000 1.00000 28.00000 13.00000 32.00000 9.00000 20.00000 5.00000 26.00000 14.00000 10.00000 2.00000 31.00000 30.00000 8.00000 20.00000 3.00000 7.00000 12.00000 12.00000 16.00000 8.00000 17.00000 5.00000 26.00000 3.00000 17.00000 4.00000 10.00000 10.00000 15.00000
7.00000 8.00000 11.00000 19.00000 9.00000 3.00000 5.00000 3.00000 16.00000 15.00000 10.00000 2.00000 2.00000 10.00000 6.00000 11.00000 14.00000 13.00000 8.00000 7.00000 5.00000 9.00000 13.00000 5.00000 18.00000 18.00000 7.00000 16.00000 5.00000 11.00000 17.00000 8.00000 11.00000 0.00000 11.00000 10.00000 14.00000 12.00000 19.00000 14.00000 3.00000 10.00000 8.00000 10.00000 5.00000 15.00000 19.00000 10.00000 28.00000 5.00000 32.00000 8.00000 19.00000 10.00000 26.00000 6.00000 14.00000 12.00000 31.00000 30.00000 15.00000 17.00000 11.00000 14.00000 4.00000 6.00000 16.00000 7.00000 14.00000 8.00000 26.00000 13.00000 16.00000 14.00000 8.00000 8.00000 7.00000
15.00000 7.00000 10.00000 11.00000 6.00000 10.00000 13.00000 11.00000 19.00000 6.00000 16.00000 10.00000 10.00000 5.00000 8.00000 10.00000 6.00000 14.00000 7.00000 15.00000 13.00000 15.00000 11.00000 11.00000 11.00000 16.00000 14.00000 8.00000 13.00000 12.00000 10.00000 9.00000 13.00000 11.00000 0.00000 3.00000 4.00000 5.00000 17.00000 6.00000 10.00000 10.00000 16.00000 16.00000 13.00000 7.00000 10.00000 13.00000 20.00000 9.00000 24.00000 5.00000 11.00000 10.00000 17.00000 14.00000 21.00000 12.00000 23.00000 22.00000 18.00000 10.00000 11.00000 10.00000 12.00000 6.00000 7.00000 7.00000 6.00000 13.00000 18.00000 14.00000 7.00000 15.00000 6.00000 6.00000 15.00000
13.00000 6.00000 9.00000 12.00000 5.00000 9.00000 11.00000 10.00000 17.00000 7.00000 15.00000 9.00000 9.00000 4.00000 7.00000 8.00000 8.00000 12.00000 5.00000 13.00000 12.00000 14.00000 10.00000 11.00000 11.00000 14.00000 13.00000 9.00000 12.00000 12.00000 10.00000 8.00000 11.00000 10.00000 4.00000 0.00000 6.00000 5.00000 15.00000 7.00000 9.00000 10.00000 14.00000 15.00000 12.00000 8.00000 12.00000 12.00000 21.00000 8.00000 25.00000 4.00000 12.00000 9.00000 19.00000 13.00000 20.00000 10.00000 24.00000 23.00000 17.00000 10.00000 10.00000 10.00000 11.00000 5.00000 9.00000 6.00000 7.00000 12.00000 19.00000 13.00000 9.00000 14.00000 5.00000 5.00000 13.00000
17.00000 10.00000 12.00000 8.00000 9.00000 13.00000 15.00000 14.00000 20.00000 2.00000 18.00000 13.00000 13.00000 7.00000 10.00000 11.00000 3.00000 15.00000 9.00000 17.00000 16.00000 18.00000 13.00000 14.00000 8.00000 17.00000 17.00000 4.00000 16.00000 15.00000 7.00000 11.00000 14.00000 14.00000 4.00000 6.00000 0.00000 6.00000 18.00000 4.00000 12.00000 13.00000 18.00000 18.00000 16.00000 3.00000 7.00000 15.00000 17.00000 12.00000 20.00000 8.00000 9.00000 11.00000 14.00000 17.00000 23.00000 13.00000 19.00000 19.00000 20.00000 7.00000 14.00000 11.00000 15.00000 9.00000 3.00000 10.00000 4.00000 15.00000 15.00000 16.00000 5.00000 17.00000 9.00000 9.00000 17.00000
16.00000 11.00000 14.00000 9.00000 10.00000 12.00000 14.00000 13.00000 22.00000 6.00000 19.00000 12.00000 12.00000 9.00000 10.00000 13.00000 7.00000 18.00000 8.00000 16.00000 15.00000 17.00000 15.00000 14.00000 7.00000 19.00000 17.00000 7.00000 16.00000 17.00000 5.00000 11.00000 17.00000 13.00000 5.00000 6.00000 6.00000 0.00000 21.00000 4.00000 12.00000 15.00000 17.00000 19.00000 15.00000 6.00000 8.00000 17.00000 18.00000 11.00000 22.00000 9.00000 7.00000 14.00000 15.00000 16.00000 23.00000 16.00000 21.00000 20.00000 22.00000 5.00000 15.00000 14.00000 14.00000 8.00000 6.00000 11.00000 3.00000 16.00000 16.00000 18.00000 5.00000 19.00000 10.00000 10.00000 16.00000
23.00000 12.00000 8.00000 24.00000 13.00000 21.00000 21.00000 20.00000 8.00000 19.00000 14.00000 19.00000 17.00000 14.00000 17.00000 12.00000 18.00000 9.00000 19.00000 23.00000 20.00000 14.00000 8.00000 17.00000 23.00000 4.00000 15.00000 20.00000 21.00000 11.00000 24.00000 14.00000 11.00000 18.00000 18.00000 17.00000 20.00000 21.00000 0.00000 21.00000 18.00000 11.00000 24.00000 14.00000 21.00000 19.00000 23.00000 12.00000 32.00000 20.00000 36.00000 14.00000 24.00000 13.00000 30.00000 22.00000 15.00000 10.00000 35.00000 34.00000 10.00000 24.00000 11.00000 11.00000 20.00000 18.00000 20.00000 15.00000 22.00000 14.00000 30.00000 11.00000 21.00000 10.00000 16.00000 17.00000 23.00000
19.00000 11.00000 13.00000 5.00000 11.00000 15.00000 17.00000 16.00000 21.00000 5.00000 19.00000 15.00000 15.00000 10.00000 13.00000 12.00000 6.00000 16.00000 11.00000 19.00000 18.00000 19.00000 14.00000 15.00000 5.00000 18.00000 18.00000 5.00000 18.00000 16.00000 5.00000 13.00000 15.00000 16.00000 7.00000 9.00000 5.00000 6.00000 19.00000 0.00000 15.00000 15.00000 20.00000 19.00000 18.00000 4.00000 5.00000 16.00000 14.00000 14.00000 18.00000 12.00000 6.00000 13.00000 12.00000 19.00000 25.00000 15.00000 17.00000 17.00000 21.00000 5.00000 15.00000 12.00000 17.00000 11.00000 3.00000 13.00000 4.00000 17.00000 12.00000 17.00000 2.00000 18.00000 13.00000 13.00000 19.00000
9.00000 6.00000 11.00000 18.00000 7.00000 6.00000 6.00000 6.00000 15.00000 13.00000 10.00000 5.00000 3.00000 8.00000 5.00000 9.00000 12.00000 13.00000 8.00000 9.00000 6.00000 9.00000 12.00000 4.00000 17.00000 16.00000 8.00000 15.00000 7.00000 11.00000 16.00000 6.00000 11.00000 4.00000 10.00000 9.00000 13.00000 12.00000 17.00000 14.00000 0.00000 10.00000 9.00000 10.00000 6.00000 14.00000 17.00000 10.00000 27.00000 6.00000 30.00000 7.00000 18.00000 10.00000 24.00000 8.00000 15.00000 11.00000 29.00000 29.00000 15.00000 16.00000 10.00000 12.00000 6.00000 6.00000 14.00000 5.00000 13.00000 7.00000 25.00000 13.00000 15.00000 14.00000 6.00000 6.00000 9.00000
15.00000 6.00000 4.00000 18.00000 8.00000 12.00000 13.00000 12.00000 11.00000 14.00000 8.00000 11.00000 9.00000 8.00000 8.00000 5.00000 13.00000 6.00000 12.00000 15.00000 12.00000 7.00000 6.00000 8.00000 18.00000 10.00000 6.00000 15.00000 13.00000 4.00000 19.00000 6.00000 5.00000 11.00000 11.00000 10.00000 13.00000 14.00000 12.00000 15.00000 10.00000 0.00000 16.00000 8.00000 13.00000 14.00000 17.00000 5.00000 27.00000 12.00000 31.00000 7.00000 19.00000 4.00000 24.00000 14.00000 13.00000 4.00000 30.00000 29.00000 10.00000 19.00000 1.00000 7.00000 12.00000 10.00000 15.00000 6.00000 15.00000 5.00000 25.00000 6.00000 15.00000 7.00000 8.00000 8.00000 15.00000
2.00000 14.00000 17.00000 23.00000 15.00000 7.00000 5.00000 7.00000 21.00000 19.00000 14.00000 8.00000 8.00000 16.00000 12.00000 17.00000 20.00000 19.00000 12.00000 2.00000 5.00000 14.00000 19.00000 10.00000 22.00000 23.00000 11.00000 21.00000 6.00000 16.00000 21.00000 13.00000 16.00000 7.00000 16.00000 15.00000 18.00000 16.00000 25.00000 18.00000 9.00000 15.00000 0.00000 14.00000 4.00000 19.00000 22.00000 16.00000 31.00000 8.00000 35.00000 14.00000 22.00000 15.00000 29.00000 3.00000 17.00000 17.00000 34.00000 34.00000 21.00000 21.00000 16.00000 19.00000 6.00000 12.00000 19.00000 13.00000 18.00000 13.00000 30.00000 18.00000 19.00000 20.00000 14.00000 14.00000 2.00000
14.00000 12.00000 9.00000 23.00000 13.00000 10.00000 11.00000 10.00000 10.00000 19.00000 1.00000 9.00000 8.00000 14.00000 9.00000 10.00000 18.00000 8.00000 13.00000 14.00000 11.00000 4.00000 11.00000 7.00000 22.00000 13.00000 4.00000 20.00000 12.00000 7.00000 21.00000 8.00000 6.00000 9.00000 15.00000 14.00000 18.00000 16.00000 14.00000 19.00000 10.00000 9.00000 14.00000 0.00000 11.00000 19.00000 22.00000 6.00000 32.00000 12.00000 36.00000 12.00000 23.00000 9.00000 29.00000 13.00000 9.00000 8.00000 35.00000 34.00000 9.00000 21.00000 9.00000 13.00000 11.00000 11.00000 20.00000 11.00000 18.00000 6.00000 30.00000 7.00000 20.00000 8.00000 11.00000 11.00000 14.00000
3.00000 12.00000 15.00000 21.00000 13.00000 5.00000 3.00000 5.00000 19.00000 17.00000 12.00000 6.00000 5.00000 13.00000 10.00000 14.00000 18.00000 17.00000 10.00000 3.00000 3.00000 12.00000 17.00000 8.00000 20.00000 21.00000 9.00000 19.00000 4.00000 14.00000 19.00000 11.00000 14.00000 5.00000 14.00000 13.00000 16.00000 14.00000 23.00000 16.00000 7.00000 13.00000 4.00000 12.00000 0.00000 17.00000 20.00000 14.00000 30.00000 7.00000 34.00000 12.00000 21.00000 13.00000 27.00000 3.00000 16.00000 15.00000 33.00000 32.00000 18.00000 19.00000 14.00000 17.00000 4.00000 10.00000 17.00000 11.00000 16.00000 11.00000 28.00000 16.00000 18.00000 17.00000 12.00000 12.00000 3.00000
18.00000 10.00000 12.00000 6.00000 10.00000 15.00000 16.00000 15.00000 20.00000 3.00000 18.00000 14.00000 14.00000 8.00000 12.00000 11.00000 3.00000 15.00000 11.00000 18.00000 18.00000 18.00000 13.00000 14.00000 6.00000 17.00000 17.00000 2.00000 18.00000 15.00000 6.00000 12.00000 14.00000 15.00000 6.00000 8.00000 3.00000 6.00000 18.00000 3.00000 14.00000 14.00000 19.00000 18.00000 17.00000 0.00000 5.00000 15.00000 15.00000 14.00000 19.00000 10.00000 7.00000 12.00000 12.00000 19.00000 24.00000 14.00000 18.00000 17.00000 20.00000 6.00000 14.00000 11.00000 16.00000 10.00000 2.00000 12.00000 4.00000 16.00000 13.00000 16.00000 3.00000 17.00000 11.00000 11.00000 18.00000
22.00000 14.00000 15.00000 8.00000 13.00000 18.00000 20.00000 19.00000 23.00000 8.00000 22.00000 18.00000 18.00000 12.00000 16.00000 14.00000 9.00000 19.00000 14.00000 22.00000 21.00000 21.00000 16.00000 18.00000 5.00000 20.00000 21.00000 7.00000 22.00000 18.00000 6.00000 15.00000 18.00000 19.00000 10.00000 12.00000 8.00000 10.00000 22.00000 7.00000 18.00000 17.00000 23.00000 21.00000 21.00000 7.00000 0.00000 19.00000 12.00000 17.00000 16.00000 14.00000 5.00000 15.00000 10.00000 22.00000 27.00000 17.00000 15.00000 14.00000 23.00000 6.00000 17.00000 14.00000 20.00000 14.00000 6.00000 16.00000 7.00000 19.00000 10.00000 19.00000 5.00000 20.00000 16.00000 16.00000 22.00000
14.00000 9.00000 4.00000 21.00000 10.00000 10.00000 12.00000 10.00000 10.00000 16.00000 4.00000 9.00000 8.00000 11.00000 9.00000 8.00000 15.00000 5.00000 14.00000 14.00000 11.00000 3.00000 6.00000 7.00000 21.00000 11.00000 5.00000 18.00000 12.00000 2.00000 21.00000 8.00000 2.00000 10.00000 14.00000 12.00000 16.00000 17.00000 12.00000 18.00000 10.00000 5.00000 15.00000 4.00000 12.00000 17.00000 20.00000 0.00000 29.00000 12.00000 33.00000 10.00000 21.00000 6.00000 27.00000 13.00000 9.00000 3.00000 32.00000 32.00000 9.00000 21.00000 5.00000 8.00000 11.00000 11.00000 17.00000 9.00000 18.00000 4.00000 27.00000 4.00000 18.00000 6.00000 11.00000 11.00000 14.00000
30.00000 23.00000 25.00000 18.00000 23.00000 28.00000 28.00000 29.00000 33.00000 18.00000 31.00000 28.00000 27.00000 22.00000 25.00000 24.00000 19.00000 28.00000 23.00000 30.00000 30.00000 31.00000 26.00000 27.00000 15.00000 30.00000 30.00000 17.00000 30.00000 28.00000 16.00000 24.00000 27.00000 29.00000 20.00000 22.00000 18.00000 19.00000 31.00000 16.00000 27.00000 27.00000 31.00000 31.00000 30.00000 16.00000 12.00000 28.00000 0.00000 27.00000 9.00000 24.00000 15.00000 24.00000 3.00000 31.00000 37.00000 26.00000 8.00000 11.00000 33.00000 16.00000 27.00000 24.00000 29.00000 24.00000 16.00000 25.00000 17.00000 29.00000 5.00000 28.00000 15.00000 30.00000 26.00000 26.00000 30.00000
8.00000 9.00000 14.00000 18.00000 10.00000 3.00000 6.00000 4.00000 18.00000 13.00000 13.00000 4.00000 6.00000 11.00000 7.00000 12.00000 14.00000 16.00000 6.00000 8.00000 8.00000 12.00000 15.00000 7.00000 17.00000 19.00000 10.00000 16.00000 7.00000 14.00000 16.00000 8.00000 14.00000 5.00000 10.00000 8.00000 12.00000 11.00000 21.00000 13.00000 6.00000 12.00000 9.00000 13.00000 7.00000 14.00000 17.00000 13.00000 27.00000 0.00000 30.00000 10.00000 17.00000 12.00000 24.00000 8.00000 17.00000 14.00000 29.00000 29.00000 18.00000 15.00000 13.00000 15.00000 6.00000 6.00000 14.00000 8.00000 13.00000 10.00000 25.00000 16.00000 14.00000 17.00000 9.00000 8.00000 8.00000
36.00000 28.00000 29.00000 22.00000 27.00000 33.00000 34.00000 33.00000 38.00000 23.00000 36.00000 32.00000 32.00000 26.00000 30.00000 28.00000 23.00000 33.00000 29.00000 36.00000 35.00000 35.00000 30.00000 32.00000 19.00000 35.00000 35.00000 21.00000 36.00000 32.00000 20.00000 29.00000 32.00000 33.00000 24.00000 26.00000 22.00000 24.00000 36.00000 21.00000 32.00000 31.00000 37.00000 36.00000 35.00000 21.00000 17.00000 33.00000 10.00000 32.00000 0.00000 28.00000 19.00000 29.00000 8.00000 37.00000 41.00000 31.00000 4.00000 10.00000 37.00000 20.00000 32.00000 28.00000 34.00000 28.00000 20.00000 30.00000 21.00000 33.00000 9.00000 33.00000 20.00000 34.00000 30.00000 30.00000 36.00000
13.00000 3.00000 7.00000 15.00000 3.00000 10.00000 11.00000 11.00000 15.00000 9.00000 12.00000 9.00000 7.00000 4.00000 4.00000 6.00000 9.00000 10.00000 7.00000 13.00000 11.00000 11.00000 8.00000 7.00000 14.00000 13.00000 10.00000 12.00000 11.00000 8.00000 13.00000 5.00000 9.00000 9.00000 6.00000 4.00000 8.00000 9.00000 14.00000 10.00000 8.00000 6.00000 14.00000 12.00000 11.00000 10.00000 14.00000 9.00000 24.00000 9.00000 27.00000 0.00000 15.00000 6.00000 21.00000 13.00000 17.00000 8.00000 26.00000 26.00000 14.00000 13.00000 7.00000 8.00000 11.00000 6.00000 11.00000 3.00000 10.00000 9.00000 22.00000 10.00000 11.00000 12.00000 3.00000 4.00000 13.00000
22.00000 16.00000 17.00000 10.00000 15.00000 18.00000 20.00000 19.00000 25.00000 9.00000 24.00000 18.00000 19.00000 14.00000 16.00000 16.00000 10.00000 21.00000 15.00000 22.00000 22.00000 23.00000 18.00000 20.00000 3.00000 22.00000 23.00000 9.00000 22.00000 20.00000 3.00000 17.00000 20.00000 19.00000 11.00000 12.00000 9.00000 8.00000 24.00000 6.00000 18.00000 19.00000 23.00000 23.00000 21.00000 8.00000 6.00000 21.00000 14.00000 18.00000 18.00000 15.00000 0.00000 17.00000 11.00000 22.00000 29.00000 19.00000 17.00000 16.00000 25.00000 3.00000 19.00000 16.00000 20.00000 14.00000 7.00000 17.00000 6.00000 21.00000 12.00000 21.00000 6.00000 22.00000 16.00000 16.00000 22.00000
14.00000 4.00000 5.00000 17.00000 5.00000 12.00000 12.00000 12.00000 12.00000 11.00000 9.00000 11.00000 9.00000 6.00000 8.00000 3.00000 11.00000 7.00000 11.00000 14.00000 12.00000 8.00000 7.00000 8.00000 16.00000 11.00000 7.00000 13.00000 13.00000 5.00000 17.00000 6.00000 5.00000 10.00000 10.00000 9.00000 12.00000 13.00000 13.00000 14.00000 10.00000 3.00000 15.00000 9.00000 12.00000 12.00000 15.00000 6.00000 25.00000 11.00000 29.00000 6.00000 17.00000 0.00000 22.00000 14.00000 14.00000 5.00000 28.00000 27.00000 11.00000 17.00000 4.00000 7.00000 12.00000 10.00000 13.00000 6.00000 14.00000 5.00000 23.00000 7.00000 13.00000 8.00000 8.00000 8.00000 14.00000
29.00000 21.00000 22.00000 15.00000 20.00000 25.00000 27.00000 26.00000 30.00000 15.00000 29.00000 25.00000 25.00000 19.00000 23.00000 21.00000 16.00000 26.00000 21.00000 29.00000 28.00000 28.00000 23.00000 25.00000 12.00000 27.00000 27.00000 14.00000 28.00000 25.00000 13.00000 22.00000 25.00000 26.00000 17.00000 19.00000 15.00000 16.00000 29.00000 13.00000 25.00000 24.00000 30.00000 28.00000 28.00000 14.00000 9.00000 26.00000 3.00000 24.00000 7.00000 21.00000 12.00000 22.00000 0.00000 29.00000 34.00000 24.00000 6.00000 8.00000 30.00000 13.00000 24.00000 21.00000 27.00000 21.00000 13.00000 23.00000 14.00000 26.00000 2.00000 26.00000 12.00000 27.00000 23.00000 23.00000 29.00000
3.00000 12.00000 15.00000 23.00000 13.00000 6.00000 4.00000 6.00000 20.00000 18.00000 13.00000 7.00000 6.00000 14.00000 11.00000 15.00000 18.00000 17.00000 11.00000 3.00000 4.00000 13.00000 18.00000 9.00000 22.00000 22.00000 10.00000 21.00000 4.00000 15.00000 21.00000 12.00000 15.00000 6.00000 15.00000 13.00000 17.00000 16.00000 23.00000 18.00000 8.00000 14.00000 3.00000 13.00000 3.00000 19.00000 22.00000 14.00000 31.00000 7.00000 35.00000 13.00000 22.00000 14.00000 29.00000 0.00000 15.00000 16.00000 34.00000 34.00000 19.00000 20.00000 15.00000 18.00000 5.00000 11.00000 19.00000 11.00000 18.00000 12.00000 30.00000 17.00000 19.00000 18.00000 12.00000 12.00000 3.00000
17.00000 16.00000 14.00000 28.00000 18.00000 15.00000 15.00000 15.00000 11.00000 24.00000 8.00000 14.00000 13.00000 18.00000 14.00000 15.00000 23.00000 11.00000 18.00000 17.00000 14.00000 9.00000 16.00000 12.00000 27.00000 14.00000 9.00000 25.00000 15.00000 12.00000 26.00000 13.00000 12.00000 13.00000 20.00000 19.00000 23.00000 21.00000 15.00000 23.00000 15.00000 13.00000 17.00000 8.00000 15.00000 24.00000 27.00000 11.00000 37.00000 17.00000 41.00000 17.00000 28.00000 14.00000 34.00000 16.00000 0.00000 12.00000 40.00000 39.00000 12.00000 26.00000 14.00000 18.00000 14.00000 16.00000 25.00000 16.00000 23.00000 11.00000 35.00000 11.00000 25.00000 11.00000 16.00000 16.00000 17.00000
16.00000 7.00000 2.00000 19.00000 8.00000 13.00000 14.00000 13.00000 8.00000 14.00000 6.00000 12.00000 11.00000 9.00000 10.00000 7.00000 14.00000 3.00000 14.00000 16.00000 14.00000 5.00000 5.00000 10.00000 19.00000 9.00000 7.00000 16.00000 14.00000 2.00000 20.00000 7.00000 2.00000 12.00000 13.00000 11.00000 15.00000 16.00000 10.00000 17.00000 12.00000 4.00000 17.00000 6.00000 14.00000 15.00000 18.00000 3.00000 28.00000 14.00000 31.00000 9.00000 20.00000 5.00000 25.00000 16.00000 11.00000 0.00000 30.00000 30.00000 7.00000 20.00000 3.00000 6.00000 14.00000 12.00000 16.00000 8.00000 17.00000 6.00000 26.00000 3.00000 16.00000 4.00000 10.00000 10.00000 16.00000
34.00000 25.00000 27.00000 20.00000 25.00000 30.00000 32.00000 31.00000 35.00000 20.00000 33.00000 30.00000 30.00000 24.00000 28.00000 26.00000 21.00000 31.00000 26.00000 34.00000 33.00000 33.00000 28.00000 29.00000 17.00000 32.00000 32.00000 19.00000 33.00000 30.00000 18.00000 27.00000 30.00000 31.00000 22.00000 24.00000 20.00000 21.00000 34.00000 18.00000 30.00000 29.00000 35.00000 33.00000 33.00000 19.00000 14.00000 30.00000 7.00000 29.00000 2.00000 26.00000 17.00000 27.00000 6.00000 34.00000 39.00000 29.00000 0.00000 7.00000 35.00000 18.00000 29.00000 26.00000 32.00000 26.00000 18.00000 27.00000 19.00000 31.00000 6.00000 31.00000 17.00000 32.00000 28.00000 28.00000 34.00000
33.00000 24.00000 26.00000 19.00000 24.00000 29.00000 31.00000 30.00000 34.00000 19.00000 32.00000 29.00000 28.00000 22.00000 26.00000 25.00000 20.00000 29.00000 25.00000 33.00000 31.00000 32.00000 26.00000 28.00000 16.00000 31.00000 31.00000 18.00000 32.00000 29.00000 17.00000 25.00000 28.00000 30.00000 21.00000 23.00000 19.00000 20.00000 32.00000 17.00000 28.00000 28.00000 34.00000 32.00000 32.00000 17.00000 13.00000 29.00000 11.00000 28.00000 8.00000 25.00000 16.00000 25.00000 8.00000 33.00000 38.00000 27.00000 7.00000 0.00000 34.00000 17.00000 28.00000 25.00000 31.00000 25.00000 17.00000 26.00000 18.00000 30.00000 7.00000 29.00000 16.00000 31.00000 27.00000 27.00000 33.00000
20.00000 12.00000 8.00000 24.00000 13.00000 16.00000 18.00000 16.00000 4.00000 19.00000 9.00000 15.00000 14.00000 14.00000 15.00000 12.00000 18.00000 5.00000 19.00000 20.00000 17.00000 9.00000 8.00000 13.00000 23.00000 9.00000 10.00000 20.00000 18.00000 8.00000 24.00000 13.00000 7.00000 15.00000 18.00000 17.00000 20.00000 21.00000 10.00000 21.00000 16.00000 10.00000 20.00000 9.00000 18.00000 20.00000 23.00000 8.00000 32.00000 18.00000 36.00000 14.00000 24.00000 11.00000 30.00000 19.00000 11.00000 6.00000 35.00000 35.00000 0.00000 24.00000 9.00000 11.00000 17.00000 17.00000 20.00000 13.00000 22.00000 12.00000 30.00000 6.00000 21.00000 5.00000 15.00000 15.00000 20.00000
20.00000 15.00000 17.00000 9.00000 14.00000 16.00000 18.00000 17.00000 25.00000 8.00000 22.00000 16.00000 16.00000 13.00000 14.00000 16.00000 9.00000 21.00000 12.00000 20.00000 19.00000 21.00000 18.00000 17.00000 4.00000 22.00000 21.00000 7.00000 19.00000 20.00000 1.00000 15.00000 20.00000 17.00000 9.00000 10.00000 7.00000 6.00000 24.00000 5.00000 16.00000 18.00000 21.00000 23.00000 19.00000 6.00000 6.00000 20.00000 16.00000 15.00000 19.00000 13.00000 3.00000 17.00000 13.00000 20.00000 27.00000 19.00000 18.00000 18.00000 25.00000 0.00000 19.00000 16.00000 18.00000 12.00000 6.00000 15.00000 5.00000 19.00000 14.00000 21.00000 5.00000 22.00000 14.00000 14.00000 20.00000
16.00000 6.00000 3.00000 18.00000 7.00000 13.00000 14.00000 13.00000 10.00000 13.00000 8.00000 12.00000 10.00000 8.00000 9.00000 5.00000 13.00000 5.00000 13.00000 16.00000 13.00000 7.00000 5.00000 9.00000 18.00000 10.00000 7.00000 15.00000 14.00000 4.00000 19.00000 6.00000 4.00000 11.00000 12.00000 10.00000 14.00000 15.00000 11.00000 16.00000 11.00000 1.00000 17.00000 8.00000 14.00000 14.00000 17.00000 5.00000 27.00000 13.00000 31.00000 8.00000 19.00000 4.00000 24.00000 15.00000 13.00000 3.00000 30.00000 29.00000 9.00000 19.00000 0.00000 7.00000 13.00000 11.00000 15.00000 7.00000 16.00000 5.00000 25.00000 5.00000 15.00000 7.00000 9.00000 9.00000 16.00000
17.00000 6.00000 4.00000 16.00000 7.00000 15.00000 15.00000 14.00000 13.00000 11.00000 11.00000 13.00000 11.00000 7.00000 11.00000 6.00000 10.00000 8.00000 13.00000 17.00000 14.00000 10.00000 5.00000 11.00000 15.00000 10.00000 11.00000 12.00000 15.00000 7.00000 16.00000 8.00000 7.00000 12.00000 11.00000 10.00000 12.00000 13.00000 11.00000 13.00000 12.00000 7.00000 18.00000 11.00000 15.00000 11.00000 14.00000 8.00000 24.00000 14.00000 28.00000 8.00000 16.00000 7.00000 21.00000 16.00000 16.00000 6.00000 27.00000 26.00000 12.00000 16.00000 7.00000 0.00000 14.00000 12.00000 12.00000 9.00000 14.00000 10.00000 22.00000 8.00000 12.00000 9.00000 10.00000 11.00000 17.00000
5.00000 12.00000 14.00000 21.00000 12.00000 4.00000 3.00000 4.00000 19.00000 17.00000 12.00000 5.00000 5.00000 13.00000 10.00000 14.00000 17.00000 16.00000 10.00000 5.00000 4.00000 12.00000 17.00000 8.00000 20.00000 21.00000 9.00000 19.00000 3.00000 14.00000 19.00000 11.00000 14.00000 5.00000 13.00000 12.00000 16.00000 14.00000 22.00000 16.00000 7.00000 13.00000 6.00000 12.00000 3.00000 18.00000 20.00000 13.00000 30.00000 6.00000 34.00000 12.00000 20.00000 13.00000 27.00000 4.00000 16.00000 15.00000 33.00000 32.00000 18.00000 19.00000 14.00000 17.00000 0.00000 9.00000 18.00000 11.00000 16.00000 11.00000 28.00000 16.00000 18.00000 17.00000 12.00000 11.00000 5.00000
11.00000 7.00000 11.00000 14.00000 6.00000 6.00000 9.00000 7.00000 18.00000 9.00000 13.00000 6.00000 7.00000 6.00000 4.00000 9.00000 10.00000 13.00000 4.00000 11.00000 10.00000 11.00000 11.00000 8.00000 13.00000 16.00000 11.00000 12.00000 10.00000 11.00000 12.00000 5.00000 11.00000 7.00000 6.00000 5.00000 8.00000 7.00000 17.00000 9.00000 6.00000 9.00000 12.00000 13.00000 9.00000 10.00000 13.00000 11.00000 23.00000 6.00000 27.00000 5.00000 13.00000 9.00000 20.00000 10.00000 17.00000 11.00000 26.00000 25.00000 17.00000 11.00000 10.00000 12.00000 8.00000 0.00000 10.00000 5.00000 9.00000 10.00000 21.00000 13.00000 10.00000 14.00000 3.00000 3.00000 11.00000
17.00000 11.00000 12.00000 7.00000 10.00000 14.00000 16.00000 14.00000 21.00000 3.00000 19.00000 14.00000 14.00000 9.00000 11.00000 12.00000 4.00000 16.00000 10.00000 17.00000 17.00000 18.00000 13.00000 15.00000 6.00000 18.00000 18.00000 2.00000 17.00000 15.00000 5.00000 12.00000 15.00000 14.00000 6.00000 7.00000 3.00000 5.00000 19.00000 3.00000 13.00000 14.00000 18.00000 19.00000 16.00000 2.00000 6.00000 16.00000 15.00000 13.00000 19.00000 10.00000 7.00000 12.00000 13.00000 18.00000 24.00000 14.00000 18.00000 18.00000 20.00000 5.00000 15.00000 12.00000 15.00000 9.00000 0.00000 12.00000 3.00000 16.00000 13.00000 16.00000 2.00000 17.00000 11.00000 11.00000 17.00000
14.00000 4.00000 8.00000 16.00000 4.00000 10.00000 12.00000 10.00000 16.00000 10.00000 12.00000 9.00000 8.00000 4.00000 4.00000 7.00000 10.00000 11.00000 8.00000 14.00000 11.00000 10.00000 9.00000 7.00000 15.00000 14.00000 10.00000 12.00000 12.00000 9.00000 14.00000 4.00000 10.00000 9.00000 7.00000 5.00000 9.00000 10.00000 15.00000 11.00000 8.00000 7.00000 14.00000 12.00000 12.00000 11.00000 15.00000 10.00000 25.00000 9.00000 28.00000 3.00000 16.00000 7.00000 22.00000 13.00000 16.00000 9.00000 27.00000 27.00000 15.00000 14.00000 8.00000 9.00000 11.00000 6.00000 12.00000 0.00000 11.00000 9.00000 23.00000 11.00000 12.00000 13.00000 3.00000 3.00000 14.00000
17.00000 11.00000 15.00000 8.00000 10.00000 13.00000 15.00000 13.00000 23.00000 4.00000 19.00000 13.00000 13.00000 10.00000 10.00000 14.00000 6.00000 18.00000 9.00000 17.00000 16.00000 18.00000 15.00000 14.00000 6.00000 20.00000 17.00000 6.00000 16.00000 17.00000 5.00000 12.00000 17.00000 14.00000 5.00000 6.00000 4.00000 3.00000 21.00000 3.00000 12.00000 15.00000 17.00000 19.00000 16.00000 4.00000 7.00000 17.00000 17.00000 12.00000 20.00000 9.00000 6.00000 14.00000 14.00000 17.00000 24.00000 16.00000 19.00000 19.00000 22.00000 5.00000 15.00000 14.00000 15.00000 8.00000 4.00000 11.00000 0.00000 16.00000 15.00000 18.00000 4.00000 20.00000 10.00000 10.00000 17.00000
11.00000 9.00000 8.00000 21.00000 10.00000 8.00000 9.00000 8.00000 10.00000 16.00000 4.00000 7.00000 6.00000 11.00000 7.00000 8.00000 16.00000 8.00000 11.00000 11.00000 9.00000 3.00000 10.00000 5.00000 20.00000 13.00000 2.00000 18.00000 10.00000 6.00000 19.00000 6.00000 5.00000 7.00000 13.00000 12.00000 16.00000 14.00000 14.00000 16.00000 8.00000 6.00000 12.00000 5.00000 9.00000 17.00000 20.00000 5.00000 30.00000 10.00000 33.00000 10.00000 20.00000 6.00000 27.00000 11.00000 9.00000 7.00000 32.00000 32.00000 9.00000 19.00000 7.00000 11.00000 9.00000 8.00000 18.00000 9.00000 16.00000 0.00000 28.00000 7.00000 18.00000 8.00000 9.00000 9.00000 11.00000
29.00000 21.00000 22.00000 15.00000 20.00000 25.00000 27.00000 26.00000 31.00000 15.00000 29.00000 25.00000 25.00000 19.00000 23.00000 21.00000 16.00000 26.00000 22.00000 29.00000 28.00000 28.00000 23.00000 25.00000 12.00000 27.00000 28.00000 14.00000 29.00000 25.00000 13.00000 22.00000 25.00000 26.00000 17.00000 19.00000 15.00000 17.00000 29.00000 14.00000 25.00000 24.00000 30.00000 29.00000 28.00000 14.00000 10.00000 26.00000 5.00000 25.00000 8.00000 21.00000 12.00000 22.00000 2.00000 29.00000 34.00000 24.00000 8.00000 7.00000 30.00000 13.00000 25.00000 21.00000 27.00000 21.00000 13.00000 23.00000 14.00000 26.00000 0.00000 26.00000 12.00000 27.00000 23.00000 23.00000 29.00000
17.00000 9.00000 4.00000 21.00000 10.00000 13.00000 15.00000 13.00000 8.00000 16.00000 7.00000 12.00000 11.00000 11.00000 11.00000 9.00000 16.00000 2.00000 16.00000 17.00000 14.00000 5.00000 7.00000 10.00000 21.00000 10.00000 8.00000 18.00000 15.00000 3.00000 22.00000 9.00000 3.00000 13.00000 15.00000 13.00000 17.00000 18.00000 11.00000 19.00000 13.00000 6.00000 18.00000 7.00000 15.00000 17.00000 20.00000 4.00000 30.00000 15.00000 33.00000 11.00000 22.00000 7.00000 27.00000 16.00000 11.00000 3.00000 33.00000 32.00000 7.00000 22.00000 5.00000 8.00000 14.00000 13.00000 18.00000 10.00000 19.00000 7.00000 28.00000 0.00000 18.00000 3.00000 11.00000 11.00000 17.00000
18.00000 12.00000 14.00000 6.00000 12.00000 15.00000 16.00000 15.00000 22.00000 5.00000 20.00000 14.00000 15.00000 10.00000 12.00000 13.00000 6.00000 17.00000 11.00000 18.00000 18.00000 19.00000 14.00000 16.00000 6.00000 19.00000 19.00000 4.00000 18.00000 16.00000 6.00000 13.00000 16.00000 15.00000 6.00000 8.00000 5.00000 6.00000 20.00000 4.00000 14.00000 15.00000 19.00000 20.00000 17.00000 3.00000 5.00000 17.00000 15.00000 14.00000 18.00000 11.00000 7.00000 13.00000 12.00000 19.00000 25.00000 15.00000 17.00000 17.00000 21.00000 6.00000 16.00000 13.00000 16.00000 10.00000 2.00000 13.00000 4.00000 18.00000 13.00000 17.00000 0.00000 19.00000 12.00000 12.00000 18.00000
19.00000 10.00000 6.00000 23.00000 12.00000 16.00000 17.00000 16.00000 7.00000 18.00000 8.00000 15.00000 14.00000 13.00000 13.00000 10.00000 17.00000 2.00000 17.00000 19.00000 17.00000 7.00000 7.00000 13.00000 22.00000 9.00000 10.00000 19.00000 18.00000 5.00000 23.00000 11.00000 5.00000 15.00000 16.00000 15.00000 18.00000 19.00000 10.00000 20.00000 16.00000 7.00000 20.00000 9.00000 17.00000 18.00000 22.00000 6.00000 31.00000 17.00000 35.00000 12.00000 23.00000 9.00000 28.00000 19.00000 10.00000 4.00000 34.00000 33.00000 5.00000 23.00000 7.00000 10.00000 17.00000 15.00000 19.00000 11.00000 20.00000 10.00000 29.00000 4.00000 19.00000 0.00000 13.00000 13.00000 19.00000
14.00000 5.00000 9.00000 16.00000 4.00000 9.00000 12.00000 10.00000 17.00000 10.00000 12.00000 9.00000 8.00000 5.00000 3.00000 8.00000 11.00000 12.00000 7.00000 14.00000 11.00000 11.00000 10.00000 7.00000 15.00000 15.00000 10.00000 13.00000 12.00000 10.00000 14.00000 4.00000 10.00000 9.00000 7.00000 5.00000 9.00000 10.00000 16.00000 11.00000 8.00000 8.00000 14.00000 12.00000 12.00000 11.00000 15.00000 10.00000 25.00000 8.00000 28.00000 4.00000 16.00000 8.00000 22.00000 13.00000 16.00000 10.00000 28.00000 27.00000 16.00000 14.00000 9.00000 10.00000 11.00000 4.00000 12.00000 3.00000 11.00000 9.00000 23.00000 12.00000 12.00000 13.00000 0.00000 2.00000 14.00000
13.00000 6.00000 10.00000 16.00000 5.00000 8.00000 11.00000 9.00000 17.00000 10.00000 12.00000 8.00000 8.00000 6.00000 3.00000 8.00000 11.00000 12.00000 6.00000 13.00000 11.00000 10.00000 11.00000 7.00000 15.00000 15.00000 10.00000 13.00000 12.00000 10.00000 14.00000 4.00000 10.00000 9.00000 7.00000 6.00000 9.00000 9.00000 16.00000 11.00000 7.00000 8.00000 14.00000 12.00000 11.00000 11.00000 15.00000 10.00000 25.00000 7.00000 29.00000 4.00000 15.00000 8.00000 22.00000 12.00000 16.00000 10.00000 28.00000 27.00000 16.00000 14.00000 9.00000 11.00000 10.00000 4.00000 12.00000 4.00000 11.00000 9.00000 23.00000 12.00000 13.00000 13.00000 2.00000 0.00000 13.00000
0.00000 13.00000 16.00000 22.00000 14.00000 6.00000 5.00000 6.00000 20.00000 19.00000 14.00000 7.00000 7.00000 15.00000 11.00000 16.00000 19.00000 18.00000 11.00000 0.00000 5.00000 14.00000 18.00000 10.00000 21.00000 23.00000 11.00000 20.00000 5.00000 16.00000 20.00000 12.00000 16.00000 7.00000 16.00000 14.00000 18.00000 15.00000 24.00000 17.00000 9.00000 15.00000 2.00000 14.00000 3.00000 19.00000 22.00000 15.00000 31.00000 8.00000 35.00000 13.00000 22.00000 15.00000 28.00000 3.00000 17.00000 16.00000 34.00000 33.00000 20.00000 20.00000 15.00000 19.00000 6.00000 12.00000 19.00000 12.00000 17.00000 12.00000 29.00000 18.00000 19.00000 19.00000 13.00000 13.00000 0.00000
p
0.0 0.0 0.0 0.0 0.0 0.0 
0.0 0.0 0.0 0.0 0.0 0.0 
0.0 0.0 0.0 0.0 0.0 0.0 
0.0 0.0 0.0 0.0 0.0 0.0 
0.0 0.0 0.0 0.0 0.0 0.0 
0.0 0.0 0.0 0.0 0.0 0.0 
0.0 0.0 0.0 0.0 0.0 0.0 
0.0 0.0 0.0 0.0 0.0 0.0 
0.0 0.0 0.0 0.0 0.0 0.0 
0.0 0.0 0.0 0.0 0.0 0.0 
0.0 0.0 0.0 0.0 0.0 0.0 
0.0 0.0 0.0 0.0 0.0 0.0 
0.0 0.0 0.0 0.0 0.0 0.0 
0.0 0.0 0.0 0.0 0.0 0.0 
0.0 0.0 0.0 0.0 0.0 0.0 
0 0 0 0 55 0 
0 0 0 0 55 0 
0 0 0 0 55 0 
0 0 0 0 55 0 
0 0 0 0 55 0 
0 0 0 0 55 0 
0 0 0 0 55 0 
0 0 0 0 55 0 
0 0 0 0 55 0 
0 0 0 0 55 0 
0 0 0 0 55 0 
0 0 0 0 55 0 
0 0 0 0 55 0 
0 0 0 0 55 0 
0 0 0 0 55 0 
59 0 0 47 0 0 
59 0 0 47 0 0 
59 0 0 47 0 0 
59 0 0 47 0 0 
59 0 0 47 0 0 
59 0 0 47 0 0 
59 0 0 47 0 0 
59 0 0 47 0 0 
59 0 0 47 0 0 
59 0 0 47 0 0 
59 0 0 47 0 0 
59 0 0 47 0 0 
59 0 0 47 0 0 
59 0 0 47 0 0 
59 0 0 47 0 0 
36 0 0 0 0 24 
36 0 0 0 0 24 
36 0 0 0 0 24 
36 0 0 0 0 24 
36 0 0 0 0 24 
36 0 0 0 0 24 
36 0 0 0 0 24 
36 0 0 0 0 24 
36 0 0 0 0 24 
36 0 0 0 0 24 
36 0 0 0 0 24 
36 0 0 0 0 24 
36 0 0 0 0 24 
36 0 0 0 0 24 
36 0 0 0 0 24 
0 0 0 0 19 0 
0 0 0 0 19 0 
0 0 0 0 19 0 
0 0 0 0 19 0 
0 0 0 0 19 0 
0 0 0 0 19 0 
0 0 0 0 19 0 
0 0 0 0 19 0 
0 0 0 0 19 0 
0 0 0 0 19 0 
0 0 0 0 19 0 
0 0 0 0 19 0 
0 0 0 0 19 0 
0 0 0 0 19 0 
0 0 0 0 19 0 
0 0 52 0 0 0 
0 0 52 0 0 0 
0 0 52 0 0 0 
0 0 52 0 0 0 
0 0 52 0 0 0 
0 0 52 0 0 0 
0 0 52 0 0 0 
0 0 52 0 0 0 
0 0 52 0 0 0 
0 0 52 0 0 0 
0 0 52 0 0 0 
0 0 52 0 0 0 
0 0 52 0 0 0 
0 0 52 0 0 0 
0 0 52 0 0 0 
0 0 0 0 51 0 
0 0 0 0 51 0 
0 0 0 0 51 0 
0 0 0 0 51 0 
0 0 0 0 51 0 
0 0 0 0 51 0 
0 0 0 0 51 0 
0 0 0 0 51 0 
0 0 0 0 51 0 
0 0 0 0 51 0 
0 0 0 0 51 0 
0 0 0 0 51 0 
0 0 0 0 51 0 
0 0 0 0 51 0 
0 0 0 0 51 0 
0 0 0 0 0 31 
0 0 0 0 0 31 
0 0 0 0 0 31 
0 0 0 0 0 31 
0 0 0 0 0 31 
0 0 0 0 0 31 
0 0 0 0 0 31 
0 0 0 0 0 31 
0 0 0 0 0 31 
0 0 0 0 0 31 
0 0 0 0 0 31 
0 0 0 0 0 31 
0 0 0 0 0 31 
0 0 0 0 0 31 
0 0 0 0 0 31 
0 0 0 0 0 33 
0 0 0 0 0 33 
0 0 0 0 0 33 
0 0 0 0 0 33 
0 0 0 0 0 33 
0 0 0 0 0 33 
0 0 0 0 0 33 
0 0 0 0 0 33 
0 0 0 0 0 33 
0 0 0 0 0 33 
0 0 0 0 0 33 
0 0 0 0 0 33 
0 0 0 0 0 33 
0 0 0 0 0 33 
0 0 0 0 0 33 
0 58 0 41 0 0 
0 58 0 41 0 0 
0 58 0 41 0 0 
0 58 0 41 0 0 
0 58 0 41 0 0 
0 58 0 41 0 0 
0 58 0 41 0 0 
0 58 0 41 0 0 
0 58 0 41 0 0 
0 58 0 41 0 0 
0 58 0 41 0 0 
0 58 0 41 0 0 
0 58 0 41 0 0 
0 58 0 41 0 0 
0 58 0 41 0 0 
0 0 0 0 0 31 
0 0 0 0 0 31 
0 0 0 0 0 31 
0 0 0 0 0 31 
0 0 0 0 0 31 
0 0 0 0 0 31 
0 0 0 0 0 31 
0 0 0 0 0 31 
0 0 0 0 0 31 
0 0 0 0 0 31 
0 0 0 0 0 31 
0 0 0 0 0 31 
0 0 0 0 0 31 
0 0 0 0 0 31 
0 0 0 0 0 31 
0 0 34 0 0 43 
0 0 34 0 0 43 
0 0 34 0 0 43 
0 0 34 0 0 43 
0 0 34 0 0 43 
0 0 34 0 0 43 
0 0 34 0 0 43 
0 0 34 0 0 43 
0 0 34 0 0 43 
0 0 34 0 0 43 
0 0 34 0 0 43 
0 0 34 0 0 43 
0 0 34 0 0 43 
0 0 34 0 0 43 
0 0 34 0 0 43 
0 54 0 0 0 0 
0 54 0 0 0 0 
0 54 0 0 0 0 
0 54 0 0 0 0 
0 54 0 0 0 0 
0 54 0 0 0 0 
0 54 0 0 0 0 
0 54 0 0 0 0 
0 54 0 0 0 0 
0 54 0 0 0 0 
0 54 0 0 0 0 
0 54 0 0 0 0 
0 54 0 0 0 0 
0 54 0 0 0 0 
0 54 0 0 0 0 
0 0 0 0 0 38 
0 0 0 0 0 38 
0 0 0 0 0 38 
0 0 0 0 0 38 
0 0 0 0 0 38 
0 0 0 0 0 38 
0 0 0 0 0 38 
0 0 0 0 0 38 
0 0 0 0 0 38 
0 0 0 0 0 38 
0 0 0 0 0 38 
0 0 0 0 0 38 
0 0 0 0 0 38 
0 0 0 0 0 38 
0 0 0 0 0 38 
0 43 0 0 0 0 
0 43 0 0 0 0 
0 43 0 0 0 0 
0 43 0 0 0 0 
0 43 0 0 0 0 
0 43 0 0 0 0 
0 43 0 0 0 0 
0 43 0 0 0 0 
0 43 0 0 0 0 
0 43 0 0 0 0 
0 43 0 0 0 0 
0 43 0 0 0 0 
0 43 0 0 0 0 
0 43 0 0 0 0 
0 43 0 0 0 0 
18 0 0 0 35 0 
18 0 0 0 35 0 
18 0 0 0 35 0 
18 0 0 0 35 0 
18 0 0 0 35 0 
18 0 0 0 35 0 
18 0 0 0 35 0 
18 0 0 0 35 0 
18 0 0 0 35 0 
18 0 0 0 35 0 
18 0 0 0 35 0 
18 0 0 0 35 0 
18 0 0 0 35 0 
18 0 0 0 35 0 
18 0 0 0 35 0 
0 0 58 0 32 0 
0 0 58 0 32 0 
0 0 58 0 32 0 
0 0 58 0 32 0 
0 0 58 0 32 0 
0 0 58 0 32 0 
0 0 58 0 32 0 
0 0 58 0 32 0 
0 0 58 0 32 0 
0 0 58 0 32 0 
0 0 58 0 32 0 
0 0 58 0 32 0 
0 0 58 0 32 0 
0 0 58 0 32 0 
0 0 58 0 32 0 
0 44 0 0 0 0 
0 44 0 0 0 0 
0 44 0 0 0 0 
0 44 0 0 0 0 
0 44 0 0 0 0 
0 44 0 0 0 0 
0 44 0 0 0 0 
0 44 0 0 0 0 
0 44 0 0 0 0 
0 44 0 0 0 0 
0 44 0 0 0 0 
0 44 0 0 0 0 
0 44 0 0 0 0 
0 44 0 0 0 0 
0 44 0 0 0 0 
28 0 0 0 0 0 
28 0 0 0 0 0 
28 0 0 0 0 0 
28 0 0 0 0 0 
28 0 0 0 0 0 
28 0 0 0 0 0 
28 0 0 0 0 0 
28 0 0 0 0 0 
28 0 0 0 0 0 
28 0 0 0 0 0 
28 0 0 0 0 0 
28 0 0 0 0 0 
28 0 0 0 0 0 
28 0 0 0 0 0 
28 0 0 0 0 0 
47 0 0 0 0 0 
47 0 0 0 0 0 
47 0 0 0 0 0 
47 0 0 0 0 0 
47 0 0 0 0 0 
47 0 0 0 0 0 
47 0 0 0 0 0 
47 0 0 0 0 0 
47 0 0 0 0 0 
47 0 0 0 0 0 
47 0 0 0 0 0 
47 0 0 0 0 0 
47 0 0 0 0 0 
47 0 0 0 0 0 
47 0 0 0 0 0 
0 0 37 0 32 0 
0 0 37 0 32 0 
0 0 37 0 32 0 
0 0 37 0 32 0 
0 0 37 0 32 0 
0 0 37 0 32 0 
0 0 37 0 32 0 
0 0 37 0 32 0 
0 0 37 0 32 0 
0 0 37 0 32 0 
0 0 37 0 32 0 
0 0 37 0 32 0 
0 0 37 0 32 0 
0 0 37 0 32 0 
0 0 37 0 32 0 
55 0 0 0 0 0 
55 0 0 0 0 0 
55 0 0 0 0 0 
55 0 0 0 0 0 
55 0 0 0 0 0 
55 0 0 0 0 0 
55 0 0 0 0 0 
55 0 0 0 0 0 
55 0 0 0 0 0 
55 0 0 0 0 0 
55 0 0 0 0 0 
55 0 0 0 0 0 
55 0 0 0 0 0 
55 0 0 0 0 0 
55 0 0 0 0 0 
0 0 0 0 47 0 
0 0 0 0 47 0 
0 0 0 0 47 0 
0 0 0 0 47 0 
0 0 0 0 47 0 
0 0 0 0 47 0 
0 0 0 0 47 0 
0 0 0 0 47 0 
0 0 0 0 47 0 
0 0 0 0 47 0 
0 0 0 0 47 0 
0 0 0 0 47 0 
0 0 0 0 47 0 
0 0 0 0 47 0 
0 0 0 0 47 0 
0 0 27 0 0 0 
0 0 27 0 0 0 
0 0 27 0 0 0 
0 0 27 0 0 0 
0 0 27 0 0 0 
0 0 27 0 0 0 
0 0 27 0 0 0 
0 0 27 0 0 0 
0 0 27 0 0 0 
0 0 27 0 0 0 
0 0 27 0 0 0 
0 0 27 0 0 0 
0 0 27 0 0 0 
0 0 27 0 0 0 
0 0 27 0 0 0 
0 0 0 0 0 48 
0 0 0 0 0 48 
0 0 0 0 0 48 
0 0 0 0 0 48 
0 0 0 0 0 48 
0 0 0 0 0 48 
0 0 0 0 0 48 
0 0 0 0 0 48 
0 0 0 0 0 48 
0 0 0 0 0 48 
0 0 0 0 0 48 
0 0 0 0 0 48 
0 0 0 0 0 48 
0 0 0 0 0 48 
0 0 0 0 0 48 
0 0 0 0 51 0 
0 0 0 0 51 0 
0 0 0 0 51 0 
0 0 0 0 51 0 
0 0 0 0 51 0 
0 0 0 0 51 0 
0 0 0 0 51 0 
0 0 0 0 51 0 
0 0 0 0 51 0 
0 0 0 0 51 0 
0 0 0 0 51 0 
0 0 0 0 51 0 
0 0 0 0 51 0 
0 0 0 0 51 0 
0 0 0 0 51 0 
0 0 0 0 35 0 
0 0 0 0 35 0 
0 0 0 0 35 0 
0 0 0 0 35 0 
0 0 0 0 35 0 
0 0 0 0 35 0 
0 0 0 0 35 0 
0 0 0 0 35 0 
0 0 0 0 35 0 
0 0 0 0 35 0 
0 0 0 0 35 0 
0 0 0 0 35 0 
0 0 0 0 35 0 
0 0 0 0 35 0 
0 0 0 0 35 0 
0 0 0 0 0 18 
0 0 0 0 0 18 
0 0 0 0 0 18 
0 0 0 0 0 18 
0 0 0 0 0 18 
0 0 0 0 0 18 
0 0 0 0 0 18 
0 0 0 0 0 18 
0 0 0 0 0 18 
0 0 0 0 0 18 
0 0 0 0 0 18 
0 0 0 0 0 18 
0 0 0 0 0 18 
0 0 0 0 0 18 
0 0 0 0 0 18 
57 0 0 0 0 33 
57 0 0 0 0 33 
57 0 0 0 0 33 
57 0 0 0 0 33 
57 0 0 0 0 33 
57 0 0 0 0 33 
57 0 0 0 0 33 
57 0 0 0 0 33 
57 0 0 0 0 33 
57 0 0 0 0 33 
57 0 0 0 0 33 
57 0 0 0 0 33 
57 0 0 0 0 33 
57 0 0 0 0 33 
57 0 0 0 0 33 
0 0 28 0 50 0 
0 0 28 0 50 0 
0 0 28 0 50 0 
0 0 28 0 50 0 
0 0 28 0 50 0 
0 0 28 0 50 0 
0 0 28 0 50 0 
0 0 28 0 50 0 
0 0 28 0 50 0 
0 0 28 0 50 0 
0 0 28 0 50 0 
0 0 28 0 50 0 
0 0 28 0 50 0 
0 0 28 0 50 0 
0 0 28 0 50 0 
0 0 24 0 29 0 
0 0 24 0 29 0 
0 0 24 0 29 0 
0 0 24 0 29 0 
0 0 24 0 29 0 
0 0 24 0 29 0 
0 0 24 0 29 0 
0 0 24 0 29 0 
0 0 24 0 29 0 
0 0 24 0 29 0 
0 0 24 0 29 0 
0 0 24 0 29 0 
0 0 24 0 29 0 
0 0 24 0 29 0 
0 0 24 0 29 0 
0 0 20 0 0 0 
0 0 20 0 0 0 
0 0 20 0 0 0 
0 0 20 0 0 0 
0 0 20 0 0 0 
0 0 20 0 0 0 
0 0 20 0 0 0 
0 0 20 0 0 0 
0 0 20 0 0 0 
0 0 20 0 0 0 
0 0 20 0 0 0 
0 0 20 0 0 0 
0 0 20 0 0 0 
0 0 20 0 0 0 
0 0 20 0 0 0 
0 0 55 0 0 40 
0 0 55 0 0 40 
0 0 55 0 0 40 
0 0 55 0 0 40 
0 0 55 0 0 40 
0 0 55 0 0 40 
0 0 55 0 0 40 
0 0 55 0 0 40 
0 0 55 0 0 40 
0 0 55 0 0 40 
0 0 55 0 0 40 
0 0 55 0 0 40 
0 0 55 0 0 40 
0 0 55 0 0 40 
0 0 55 0 0 40 
0 18 0 0 0 0 
0 18 0 0 0 0 
0 18 0 0 0 0 
0 18 0 0 0 0 
0 18 0 0 0 0 
0 18 0 0 0 0 
0 18 0 0 0 0 
0 18 0 0 0 0 
0 18 0 0 0 0 
0 18 0 0 0 0 
0 18 0 0 0 0 
0 18 0 0 0 0 
0 18 0 0 0 0 
0 18 0 0 0 0 
0 18 0 0 0 0 
0 0 0 0 42 0 
0 0 0 0 42 0 
0 0 0 0 42 0 
0 0 0 0 42 0 
0 0 0 0 42 0 
0 0 0 0 42 0 
0 0 0 0 42 0 
0 0 0 0 42 0 
0 0 0 0 42 0 
0 0 0 0 42 0 
0 0 0 0 42 0 
0 0 0 0 42 0 
0 0 0 0 42 0 
0 0 0 0 42 0 
0 0 0 0 42 0 
0 0 0 33 0 0 
0 0 0 33 0 0 
0 0 0 33 0 0 
0 0 0 33 0 0 
0 0 0 33 0 0 
0 0 0 33 0 0 
0 0 0 33 0 0 
0 0 0 33 0 0 
0 0 0 33 0 0 
0 0 0 33 0 0 
0 0 0 33 0 0 
0 0 0 33 0 0 
0 0 0 33 0 0 
0 0 0 33 0 0 
0 0 0 33 0 0 
31 0 0 34 0 0 
31 0 0 34 0 0 
31 0 0 34 0 0 
31 0 0 34 0 0 
31 0 0 34 0 0 
31 0 0 34 0 0 
31 0 0 34 0 0 
31 0 0 34 0 0 
31 0 0 34 0 0 
31 0 0 34 0 0 
31 0 0 34 0 0 
31 0 0 34 0 0 
31 0 0 34 0 0 
31 0 0 34 0 0 
31 0 0 34 0 0 
0 0 28 0 0 40 
0 0 28 0 0 40 
0 0 28 0 0 40 
0 0 28 0 0 40 
0 0 28 0 0 40 
0 0 28 0 0 40 
0 0 28 0 0 40 
0 0 28 0 0 40 
0 0 28 0 0 40 
0 0 28 0 0 40 
0 0 28 0 0 40 
0 0 28 0 0 40 
0 0 28 0 0 40 
0 0 28 0 0 40 
0 0 28 0 0 40 
0 30 0 0 0 0 
0 30 0 0 0 0 
0 30 0 0 0 0 
0 30 0 0 0 0 
0 30 0 0 0 0 
0 30 0 0 0 0 
0 30 0 0 0 0 
0 30 0 0 0 0 
0 30 0 0 0 0 
0 30 0 0 0 0 
0 30 0 0 0 0 
0 30 0 0 0 0 
0 30 0 0 0 0 
0 30 0 0 0 0 
0 30 0 0 0 0 
0 28 0 58 0 0 
0 28 0 58 0 0 
0 28 0 58 0 0 
0 28 0 58 0 0 
0 28 0 58 0 0 
0 28 0 58 0 0 
0 28 0 58 0 0 
0 28 0 58 0 0 
0 28 0 58 0 0 
0 28 0 58 0 0 
0 28 0 58 0 0 
0 28 0 58 0 0 
0 28 0 58 0 0 
0 28 0 58 0 0 
0 28 0 58 0 0 
0 0 0 0 42 0 
0 0 0 0 42 0 
0 0 0 0 42 0 
0 0 0 0 42 0 
0 0 0 0 42 0 
0 0 0 0 42 0 
0 0 0 0 42 0 
0 0 0 0 42 0 
0 0 0 0 42 0 
0 0 0 0 42 0 
0 0 0 0 42 0 
0 0 0 0 42 0 
0 0 0 0 42 0 
0 0 0 0 42 0 
0 0 0 0 42 0 
0 34 0 0 0 0 
0 34 0 0 0 0 
0 34 0 0 0 0 
0 34 0 0 0 0 
0 34 0 0 0 0 
0 34 0 0 0 0 
0 34 0 0 0 0 
0 34 0 0 0 0 
0 34 0 0 0 0 
0 34 0 0 0 0 
0 34 0 0 0 0 
0 34 0 0 0 0 
0 34 0 0 0 0 
0 34 0 0 0 0 
0 34 0 0 0 0 
22 0 0 0 0 32 
22 0 0 0 0 32 
22 0 0 0 0 32 
22 0 0 0 0 32 
22 0 0 0 0 32 
22 0 0 0 0 32 
22 0 0 0 0 32 
22 0 0 0 0 32 
22 0 0 0 0 32 
22 0 0 0 0 32 
22 0 0 0 0 32 
22 0 0 0 0 32 
22 0 0 0 0 32 
22 0 0 0 0 32 
22 0 0 0 0 32 
0 0 0 0 43 0 
0 0 0 0 43 0 
0 0 0 0 43 0 
0 0 0 0 43 0 
0 0 0 0 43 0 
0 0 0 0 43 0 
0 0 0 0 43 0 
0 0 0 0 43 0 
0 0 0 0 43 0 
0 0 0 0 43 0 
0 0 0 0 43 0 
0 0 0 0 43 0 
0 0 0 0 43 0 
0 0 0 0 43 0 
0 0 0 0 43 0 
0 0 0 0 0 33 
0 0 0 0 0 33 
0 0 0 0 0 33 
0 0 0 0 0 33 
0 0 0 0 0 33 
0 0 0 0 0 33 
0 0 0 0 0 33 
0 0 0 0 0 33 
0 0 0 0 0 33 
0 0 0 0 0 33 
0 0 0 0 0 33 
0 0 0 0 0 33 
0 0 0 0 0 33 
0 0 0 0 0 33 
0 0 0 0 0 33 
0 16 0 0 31 0 
0 16 0 0 31 0 
0 16 0 0 31 0 
0 16 0 0 31 0 
0 16 0 0 31 0 
0 16 0 0 31 0 
0 16 0 0 31 0 
0 16 0 0 31 0 
0 16 0 0 31 0 
0 16 0 0 31 0 
0 16 0 0 31 0 
0 16 0 0 31 0 
0 16 0 0 31 0 
0 16 0 0 31 0 
0 16 0 0 31 0 
0 0 36 0 37 0 
0 0 36 0 37 0 
0 0 36 0 37 0 
0 0 36 0 37 0 
0 0 36 0 37 0 
0 0 36 0 37 0 
0 0 36 0 37 0 
0 0 36 0 37 0 
0 0 36 0 37 0 
0 0 36 0 37 0 
0 0 36 0 37 0 
0 0 36 0 37 0 
0 0 36 0 37 0 
0 0 36 0 37 0 
0 0 36 0 37 0 
18 0 0 0 0 0 
18 0 0 0 0 0 
18 0 0 0 0 0 
18 0 0 0 0 0 
18 0 0 0 0 0 
18 0 0 0 0 0 
18 0 0 0 0 0 
18 0 0 0 0 0 
18 0 0 0 0 0 
18 0 0 0 0 0 
18 0 0 0 0 0 
18 0 0 0 0 0 
18 0 0 0 0 0 
18 0 0 0 0 0 
18 0 0 0 0 0 
0 15 0 0 0 0 
0 15 0 0 0 0 
0 15 0 0 0 0 
0 15 0 0 0 0 
0 15 0 0 0 0 
0 15 0 0 0 0 
0 15 0 0 0 0 
0 15 0 0 0 0 
0 15 0 0 0 0 
0 15 0 0 0 0 
0 15 0 0 0 0 
0 15 0 0 0 0 
0 15 0 0 0 0 
0 15 0 0 0 0 
0 15 0 0 0 0 
28 0 0 0 0 0 
28 0 0 0 0 0 
28 0 0 0 0 0 
28 0 0 0 0 0 
28 0 0 0 0 0 
28 0 0 0 0 0 
28 0 0 0 0 0 
28 0 0 0 0 0 
28 0 0 0 0 0 
28 0 0 0 0 0 
28 0 0 0 0 0 
28 0 0 0 0 0 
28 0 0 0 0 0 
28 0 0 0 0 0 
28 0 0 0 0 0 
0 0 0 0 0 51 
0 0 0 0 0 51 
0 0 0 0 0 51 
0 0 0 0 0 51 
0 0 0 0 0 51 
0 0 0 0 0 51 
0 0 0 0 0 51 
0 0 0 0 0 51 
0 0 0 0 0 51 
0 0 0 0 0 51 
0 0 0 0 0 51 
0 0 0 0 0 51 
0 0 0 0 0 51 
0 0 0 0 0 51 
0 0 0 0 0 51 
0 0 0 0 0 37 
0 0 0 0 0 37 
0 0 0 0 0 37 
0 0 0 0 0 37 
0 0 0 0 0 37 
0 0 0 0 0 37 
0 0 0 0 0 37 
0 0 0 0 0 37 
0 0 0 0 0 37 
0 0 0 0 0 37 
0 0 0 0 0 37 
0 0 0 0 0 37 
0 0 0 0 0 37 
0 0 0 0 0 37 
0 0 0 0 0 37 
60 0 0 0 0 41 
60 0 0 0 0 41 
60 0 0 0 0 41 
60 0 0 0 0 41 
60 0 0 0 0 41 
60 0 0 0 0 41 
60 0 0 0 0 41 
60 0 0 0 0 41 
60 0 0 0 0 41 
60 0 0 0 0 41 
60 0 0 0 0 41 
60 0 0 0 0 41 
60 0 0 0 0 41 
60 0 0 0 0 41 
60 0 0 0 0 41 
0 0 0 0 32 0 
0 0 0 0 32 0 
0 0 0 0 32 0 
0 0 0 0 32 0 
0 0 0 0 32 0 
0 0 0 0 32 0 
0 0 0 0 32 0 
0 0 0 0 32 0 
0 0 0 0 32 0 
0 0 0 0 32 0 
0 0 0 0 32 0 
0 0 0 0 32 0 
0 0 0 0 32 0 
0 0 0 0 32 0 
0 0 0 0 32 0 
37 0 0 0 0 0 
37 0 0 0 0 0 
37 0 0 0 0 0 
37 0 0 0 0 0 
37 0 0 0 0 0 
37 0 0 0 0 0 
37 0 0 0 0 0 
37 0 0 0 0 0 
37 0 0 0 0 0 
37 0 0 0 0 0 
37 0 0 0 0 0 
37 0 0 0 0 0 
37 0 0 0 0 0 
37 0 0 0 0 0 
37 0 0 0 0 0 
0 0 0 0 20 0 
0 0 0 0 20 0 
0 0 0 0 20 0 
0 0 0 0 20 0 
0 0 0 0 20 0 
0 0 0 0 20 0 
0 0 0 0 20 0 
0 0 0 0 20 0 
0 0 0 0 20 0 
0 0 0 0 20 0 
0 0 0 0 20 0 
0 0 0 0 20 0 
0 0 0 0 20 0 
0 0 0 0 20 0 
0 0 0 0 20 0 
0 37 0 0 0 0 
0 37 0 0 0 0 
0 37 0 0 0 0 
0 37 0 0 0 0 
0 37 0 0 0 0 
0 37 0 0 0 0 
0 37 0 0 0 0 
0 37 0 0 0 0 
0 37 0 0 0 0 
0 37 0 0 0 0 
0 37 0 0 0 0 
0 37 0 0 0 0 
0 37 0 0 0 0 
0 37 0 0 0 0 
0 37 0 0 0 0 
54 0 0 0 0 0 
54 0 0 0 0 0 
54 0 0 0 0 0 
54 0 0 0 0 0 
54 0 0 0 0 0 
54 0 0 0 0 0 
54 0 0 0 0 0 
54 0 0 0 0 0 
54 0 0 0 0 0 
54 0 0 0 0 0 
54 0 0 0 0 0 
54 0 0 0 0 0 
54 0 0 0 0 0 
54 0 0 0 0 0 
54 0 0 0 0 0 
55 0 0 21 0 0 
55 0 0 21 0 0 
55 0 0 21 0 0 
55 0 0 21 0 0 
55 0 0 21 0 0 
55 0 0 21 0 0 
55 0 0 21 0 0 
55 0 0 21 0 0 
55 0 0 21 0 0 
55 0 0 21 0 0 
55 0 0 21 0 0 
55 0 0 21 0 0 
55 0 0 21 0 0 
55 0 0 21 0 0 
55 0 0 21 0 0 
0 41 0 34 0 0 
0 41 0 34 0 0 
0 41 0 34 0 0 
0 41 0 34 0 0 
0 41 0 34 0 0 
0 41 0 34 0 0 
0 41 0 34 0 0 
0 41 0 34 0 0 
0 41 0 34 0 0 
0 41 0 34 0 0 
0 41 0 34 0 0 
0 41 0 34 0 0 
0 41 0 34 0 0 
0 41 0 34 0 0 
0 41 0 34 0 0 
0 49 0 0 0 0 
0 49 0 0 0 0 
0 49 0 0 0 0 
0 49 0 0 0 0 
0 49 0 0 0 0 
0 49 0 0 0 0 
0 49 0 0 0 0 
0 49 0 0 0 0 
0 49 0 0 0 0 
0 49 0 0 0 0 
0 49 0 0 0 0 
0 49 0 0 0 0 
0 49 0 0 0 0 
0 49 0 0 0 0 
0 49 0 0 0 0 
0 19 0 0 0 34 
0 19 0 0 0 34 
0 19 0 0 0 34 
0 19 0 0 0 34 
0 19 0 0 0 34 
0 19 0 0 0 34 
0 19 0 0 0 34 
0 19 0 0 0 34 
0 19 0 0 0 34 
0 19 0 0 0 34 
0 19 0 0 0 34 
0 19 0 0 0 34 
0 19 0 0 0 34 
0 19 0 0 0 34 
0 19 0 0 0 34 
0 41 0 0 0 0 
0 41 0 0 0 0 
0 41 0 0 0 0 
0 41 0 0 0 0 
0 41 0 0 0 0 
0 41 0 0 0 0 
0 41 0 0 0 0 
0 41 0 0 0 0 
0 41 0 0 0 0 
0 41 0 0 0 0 
0 41 0 0 0 0 
0 41 0 0 0 0 
0 41 0 0 0 0 
0 41 0 0 0 0 
0 41 0 0 0 0 
0 15 0 20 0 0 
0 15 0 20 0 0 
0 15 0 20 0 0 
0 15 0 20 0 0 
0 15 0 20 0 0 
0 15 0 20 0 0 
0 15 0 20 0 0 
0 15 0 20 0 0 
0 15 0 20 0 0 
0 15 0 20 0 0 
0 15 0 20 0 0 
0 15 0 20 0 0 
0 15 0 20 0 0 
0 15 0 20 0 0 
0 15 0 20 0 0 
0 35 0 0 0 0 
0 35 0 0 0 0 
0 35 0 0 0 0 
0 35 0 0 0 0 
0 35 0 0 0 0 
0 35 0 0 0 0 
0 35 0 0 0 0 
0 35 0 0 0 0 
0 35 0 0 0 0 
0 35 0 0 0 0 
0 35 0 0 0 0 
0 35 0 0 0 0 
0 35 0 0 0 0 
0 35 0 0 0 0 
0 35 0 0 0 0 
0 31 0 34 0 0 
0 31 0 34 0 0 
0 31 0 34 0 0 
0 31 0 34 0 0 
0 31 0 34 0 0 
0 31 0 34 0 0 
0 31 0 34 0 0 
0 31 0 34 0 0 
0 31 0 34 0 0 
0 31 0 34 0 0 
0 31 0 34 0 0 
0 31 0 34 0 0 
0 31 0 34 0 0 
0 31 0 34 0 0 
0 31 0 34 0 0 
0 0 0 0 34 0 
0 0 0 0 34 0 
0 0 0 0 34 0 
0 0 0 0 34 0 
0 0 0 0 34 0 
0 0 0 0 34 0 
0 0 0 0 34 0 
0 0 0 0 34 0 
0 0 0 0 34 0 
0 0 0 0 34 0 
0 0 0 0 34 0 
0 0 0 0 34 0 
0 0 0 0 34 0 
0 0 0 0 34 0 
0 0 0 0 34 0 
0 41 0 0 0 0 
0 41 0 0 0 0 
0 41 0 0 0 0 
0 41 0 0 0 0 
0 41 0 0 0 0 
0 41 0 0 0 0 
0 41 0 0 0 0 
0 41 0 0 0 0 
0 41 0 0 0 0 
0 41 0 0 0 0 
0 41 0 0 0 0 
0 41 0 0 0 0 
0 41 0 0 0 0 
0 41 0 0 0 0 
0 41 0 0 0 0 
0 39 0 0 0 0 
0 39 0 0 0 0 
0 39 0 0 0 0 
0 39 0 0 0 0 
0 39 0 0 0 0 
0 39 0 0 0 0 
0 39 0 0 0 0 
0 39 0 0 0 0 
0 39 0 0 0 0 
0 39 0 0 0 0 
0 39 0 0 0 0 
0 39 0 0 0 0 
0 39 0 0 0 0 
0 39 0 0 0 0 
0 39 0 0 0 0 
0 0 0 0 0 21 
0 0 0 0 0 21 
0 0 0 0 0 21 
0 0 0 0 0 21 
0 0 0 0 0 21 
0 0 0 0 0 21 
0 0 0 0 0 21 
0 0 0 0 0 21 
0 0 0 0 0 21 
0 0 0 0 0 21 
0 0 0 0 0 21 
0 0 0 0 0 21 
0 0 0 0 0 21 
0 0 0 0 0 21 
0 0 0 0 0 21 
33 0 0 0 0 0 
33 0 0 0 0 0 
33 0 0 0 0 0 
33 0 0 0 0 0 
33 0 0 0 0 0 
33 0 0 0 0 0 
33 0 0 0 0 0 
33 0 0 0 0 0 
33 0 0 0 0 0 
33 0 0 0 0 0 
33 0 0 0 0 0 
33 0 0 0 0 0 
33 0 0 0 0 0 
33 0 0 0 0 0 
33 0 0 0 0 0 
0 21 0 0 0 0 
0 21 0 0 0 0 
0 21 0 0 0 0 
0 21 0 0 0 0 
0 21 0 0 0 0 
0 21 0 0 0 0 
0 21 0 0 0 0 
0 21 0 0 0 0 
0 21 0 0 0 0 
0 21 0 0 0 0 
0 21 0 0 0 0 
0 21 0 0 0 0 
0 21 0 0 0 0 
0 21 0 0 0 0 
0 21 0 0 0 0 
0 0 0 0 0 33 
0 0 0 0 0 33 
0 0 0 0 0 33 
0 0 0 0 0 33 
0 0 0 0 0 33 
0 0 0 0 0 33 
0 0 0 0 0 33 
0 0 0 0 0 33 
0 0 0 0 0 33 
0 0 0 0 0 33 
0 0 0 0 0 33 
0 0 0 0 0 33 
0 0 0 0 0 33 
0 0 0 0 0 33 
0 0 0 0 0 33 
0 46 0 0 23 0 
0 46 0 0 23 0 
0 46 0 0 23 0 
0 46 0 0 23 0 
0 46 0 0 23 0 
0 46 0 0 23 0 
0 46 0 0 23 0 
0 46 0 0 23 0 
0 46 0 0 23 0 
0 46 0 0 23 0 
0 46 0 0 23 0 
0 46 0 0 23 0 
0 46 0 0 23 0 
0 46 0 0 23 0 
0 46 0 0 23 0 
0 48 0 0 0 0 
0 48 0 0 0 0 
0 48 0 0 0 0 
0 48 0 0 0 0 
0 48 0 0 0 0 
0 48 0 0 0 0 
0 48 0 0 0 0 
0 48 0 0 0 0 
0 48 0 0 0 0 
0 48 0 0 0 0 
0 48 0 0 0 0 
0 48 0 0 0 0 
0 48 0 0 0 0 
0 48 0 0 0 0 
0 48 0 0 0 0 
0 0 0 0 0 18 
0 0 0 0 0 18 
0 0 0 0 0 18 
0 0 0 0 0 18 
0 0 0 0 0 18 
0 0 0 0 0 18 
0 0 0 0 0 18 
0 0 0 0 0 18 
0 0 0 0 0 18 
0 0 0 0 0 18 
0 0 0 0 0 18 
0 0 0 0 0 18 
0 0 0 0 0 18 
0 0 0 0 0 18 
0 0 0 0 0 18 
0.0 0.0 0.0 0.0 0.0 0.0 
0.0 0.0 0.0 0.0 0.0 0.0 
0.0 0.0 0.0 0.0 0.0 0.0 
0.0 0.0 0.0 0.0 0.0 0.0 
0.0 0.0 0.0 0.0 0.0 0.0 
0.0 0.0 0.0 0.0 0.0 0.0 
0.0 0.0 0.0 0.0 0.0 0.0 
0.0 0.0 0.0 0.0 0.0 0.0 
0.0 0.0 0.0 0.0 0.0 0.0 
0.0 0.0 0.0 0.0 0.0 0.0 
0.0 0.0 0.0 0.0 0.0 0.0 
0.0 0.0 0.0 0.0 0.0 0.0 
0.0 0.0 0.0 0.0 0.0 0.0 
0.0 0.0 0.0 0.0 0.0 0.0 
0.0 0.0 0.0 0.0 0.0 0.0 
mind
0 0 20 11 0 0 0 0 0 0 0 0 0 0 0 0 0 0 0 0 0 0 0 0 0 0 0 0 0 18 0 0 0 0 0 0 13 23 0 14 0 0 17 0 0 13 15 0 0 0 0 0 0 0 0 0 0 0 0 0 0 0 0 11 0 10 0 0 0 0 0 0 0 17 0 0 0
maxd
0 0 25 20 0 0 0 0 0 0 0 0 0 0 0 0 0 0 0 0 0 0 0 0 0 0 0 0 0 27 0 0 0 0 0 0 13 23 0 18 0 0 27 0 0 26 23 0 0 0 0 0 0 0 0 0 0 0 0 0 0 0 0 17 0 17 0 0 0 0 0 0 0 22 0 0 0
e
0 643 768 616 747 497 534 806 818 675 781 617 611 586 758 518 724 589 693 547 740 678 859 676 846 844 586 784 677 762 931 875 730 940 572 871 715 868 482 579 640 514 903 767 486 959 601 614 935 599 502 555 571 885 658 932 861 756 787 749 483 612 846 575 778 481 508 495 637 822 622 582 594 691 578 900 0
l
99999 763 888 736 867 617 654 926 938 795 901 737 731 706 878 638 844 709 813 667 860 798 979 796 966 964 706 904 797 882 1051 995 850 1060 692 991 835 988 602 699 760 634 1023 887 606 1079 721 734 1055 719 622 675 691 1005 778 1052 981 876 907 869 603 732 966 695 898 601 628 615 757 942 742 702 714 811 698 1020 99999
