nbNodes
77
nbVehi
15
nbServi
6
r
1 1 1 1 1 1 
0 1 0 0 1 0 
0 0 0 0 0 1 
0 0 0 0 0 1 
1 0 0 0 0 1 
1 0 0 1 0 0 
0 0 1 0 0 0 
0 0 0 0 0 1 
0 0 1 0 0 1 
0 0 1 0 0 0 
0 0 0 0 1 0 
0 0 1 0 0 0 
1 0 0 0 0 0 
0 0 1 0 0 1 
0 1 0 0 0 0 
0 1 0 0 1 0 
1 0 0 0 0 0 
1 0 0 1 0 0 
0 0 0 1 0 0 
0 0 1 0 0 1 
0 1 0 1 0 0 
0 0 0 0 1 0 
0 0 0 0 1 0 
0 0 0 0 1 0 
0 0 0 0 1 0 
0 0 0 0 1 0 
0 0 1 0 0 1 
1 0 0 0 0 0 
0 0 0 0 1 0 
1 0 0 0 0 0 
0 0 1 0 1 0 
0 0 0 0 0 1 
0 0 0 0 0 1 
1 0 0 0 0 0 
0 0 0 0 1 0 
0 0 0 0 1 0 
1 0 0 0 0 1 
0 0 0 1 0 0 
1 0 0 1 0 0 
0 0 1 1 0 0 
1 0 0 0 0 0 
1 0 0 0 0 0 
0 0 0 0 0 1 
0 0 0 0 1 0 
0 0 0 0 0 1 
1 0 0 0 0 0 
0 0 0 0 1 0 
0 0 0 0 1 0 
1 0 0 0 0 0 
0 0 0 1 0 0 
0 1 0 1 0 0 
0 0 1 0 0 0 
0 0 0 0 1 0 
1 0 0 0 0 0 
0 1 0 0 0 1 
1 0 0 0 0 0 
0 0 0 0 0 1 
0 0 0 0 0 1 
0 0 0 0 1 0 
0 0 0 0 1 0 
0 1 0 1 0 0 
0 0 0 1 0 0 
0 0 1 1 0 0 
0 0 1 0 0 0 
0 1 0 0 0 0 
0 0 1 0 0 0 
0 0 0 0 0 1 
0 1 0 0 0 1 
1 0 0 0 0 1 
1 0 0 0 0 1 
1 0 0 0 0 1 
1 0 0 0 0 1 
0 1 0 0 0 0 
1 0 0 0 0 0 
0 0 0 0 1 0 
0 0 1 1 0 0 
1 1 1 1 1 1 
DS
2 5 6 9 14 16 18 20 21 27 31 37 39 40 51 55 61 63 68 69 70 71 72 76 
a
0 0 1 0 0 0 
1 0 0 0 0 0 
1 1 1 0 0 0 
1 0 1 0 0 0 
0 1 1 0 0 0 
1 1 0 0 0 0 
1 0 1 0 0 0 
0 0 0 1 1 0 
0 0 0 1 0 0 
0 0 0 0 1 0 
0 0 0 1 1 1 
0 0 0 0 1 1 
0 0 0 1 1 1 
0 0 0 0 1 1 
0 0 0 1 1 1 
x
-30.1304 -30.155 -29.9998 -30.1107 -30.092 -30.0792 -30.0022 -30.0349 -30.0941 -30.0365 -30.1143 -30.0757 -30.0535 -30.0638 -30.1004 -30.0519 -30.1118 -30.0184 -30.0401 -30.0461 -30.0529 -30.0835 -30.0574 -30.0264 -30.0934 -30.1135 -30.0743 -30.0446 -30.1304 -29.9876 -30.0501 -30.0827 -30.021 -30.0243 -30.0561 -30.0667 -30.0097 -29.9742 -29.9856 -30.0208 -30.0163 -30.0628 -29.9891 -30.0582 -30.0886 -30.0614 -30.0905 -30.0071 -30.0576 -30.1273 -30.0861 -30.0115 -30.0771 -30.0166 -30.082 -30.0676 -30.0273 -30.0545 -30.0807 -30.011 -30.1182 -30.0745 -30.0312 -30.0665 -30.0699 -30.0775 -30.0744 -30.0696 -30.0237 -30.0221 -30.0293 -30.0726 -30.0662 -30.1835 -30.0568 -30.1104 -30.1304
y
-51.205 -51.2175 -51.1985 -51.2353 -51.1224 -51.1927 -51.2002 -51.2 -51.2453 -51.184 -51.2407 -51.2272 -51.1528 -51.1955 -51.2283 -51.1976 -51.1657 -51.1878 -51.1793 -51.2302 -51.2177 -51.2188 -51.1446 -51.1782 -51.1746 -51.1541 -51.1701 -51.2312 -51.205 -51.2026 -51.158 -51.1749 -51.1788 -51.1882 -51.1519 -51.1701 -51.1789 -51.1821 -51.1959 -51.2576 -51.192 -51.1601 -51.2012 -51.2205 -51.2367 -51.1459 -51.2137 -51.2039 -51.1407 -51.2342 -51.2226 -51.205 -51.2128 -51.1911 -51.2287 -51.2161 -51.1429 -51.1685 -51.1658 -51.1809 -51.1568 -51.2308 -51.1889 -51.2304 -51.1871 -51.1638 -51.1647 -51.2254 -51.1806 -51.1964 -51.1932 -51.2064 -51.1977 -51.1809 -51.1977 -51.1117 -51.205
d
0.00000 12.00000 31.00000 11.00000 27.00000 19.00000 31.00000 24.00000 15.00000 25.00000 13.00000 17.00000 27.00000 20.00000 10.00000 22.00000 16.00000 28.00000 24.00000 22.00000 21.00000 14.00000 27.00000 26.00000 18.00000 21.00000 23.00000 22.00000 0.00000 31.00000 23.00000 29.00000 26.00000 27.00000 27.00000 21.00000 29.00000 35.00000 33.00000 44.00000 27.00000 23.00000 31.00000 21.00000 14.00000 28.00000 13.00000 29.00000 27.00000 11.00000 13.00000 28.00000 15.00000 28.00000 15.00000 18.00000 30.00000 22.00000 28.00000 28.00000 18.00000 17.00000 27.00000 19.00000 18.00000 27.00000 27.00000 19.00000 25.00000 27.00000 26.00000 16.00000 19.00000 19.00000 21.00000 30.00000 0.00000
12.00000 0.00000 33.00000 12.00000 32.00000 21.00000 33.00000 26.00000 16.00000 27.00000 14.00000 19.00000 29.00000 22.00000 12.00000 24.00000 21.00000 30.00000 26.00000 24.00000 23.00000 16.00000 29.00000 28.00000 22.00000 25.00000 25.00000 23.00000 12.00000 33.00000 26.00000 31.00000 28.00000 29.00000 30.00000 24.00000 31.00000 37.00000 35.00000 46.00000 30.00000 25.00000 34.00000 23.00000 15.00000 30.00000 16.00000 31.00000 30.00000 9.00000 16.00000 31.00000 18.00000 30.00000 17.00000 20.00000 32.00000 24.00000 30.00000 30.00000 22.00000 19.00000 29.00000 21.00000 20.00000 29.00000 29.00000 21.00000 28.00000 29.00000 28.00000 18.00000 21.00000 15.00000 23.00000 33.00000 12.00000
31.00000 32.00000 0.00000 24.00000 25.00000 19.00000 1.00000 10.00000 21.00000 10.00000 26.00000 18.00000 19.00000 15.00000 22.00000 11.00000 30.00000 7.00000 11.00000 12.00000 13.00000 19.00000 20.00000 9.00000 23.00000 33.00000 19.00000 12.00000 31.00000 4.00000 17.00000 25.00000 8.00000 8.00000 19.00000 16.00000 6.00000 8.00000 5.00000 18.00000 6.00000 17.00000 5.00000 14.00000 21.00000 21.00000 19.00000 2.00000 20.00000 28.00000 20.00000 3.00000 17.00000 6.00000 20.00000 15.00000 15.00000 15.00000 23.00000 6.00000 33.00000 17.00000 10.00000 16.00000 16.00000 22.00000 21.00000 15.00000 9.00000 8.00000 8.00000 16.00000 15.00000 41.00000 13.00000 29.00000 31.00000
12.00000 12.00000 26.00000 0.00000 26.00000 13.00000 26.00000 19.00000 8.00000 20.00000 3.00000 12.00000 21.00000 15.00000 4.00000 17.00000 17.00000 23.00000 18.00000 15.00000 16.00000 9.00000 21.00000 21.00000 18.00000 21.00000 18.00000 15.00000 12.00000 26.00000 18.00000 23.00000 21.00000 22.00000 22.00000 16.00000 23.00000 30.00000 28.00000 39.00000 22.00000 18.00000 26.00000 16.00000 8.00000 22.00000 8.00000 24.00000 22.00000 8.00000 8.00000 23.00000 10.00000 22.00000 9.00000 13.00000 25.00000 17.00000 23.00000 23.00000 20.00000 12.00000 22.00000 13.00000 12.00000 22.00000 21.00000 14.00000 20.00000 21.00000 21.00000 11.00000 14.00000 21.00000 16.00000 29.00000 12.00000
27.00000 32.00000 24.00000 27.00000 0.00000 20.00000 24.00000 20.00000 26.00000 18.00000 28.00000 24.00000 13.00000 17.00000 24.00000 17.00000 13.00000 21.00000 17.00000 22.00000 20.00000 21.00000 11.00000 19.00000 17.00000 13.00000 16.00000 22.00000 27.00000 25.00000 12.00000 23.00000 19.00000 21.00000 12.00000 14.00000 22.00000 28.00000 26.00000 40.00000 21.00000 10.00000 26.00000 21.00000 25.00000 12.00000 21.00000 25.00000 12.00000 29.00000 22.00000 24.00000 20.00000 21.00000 24.00000 21.00000 17.00000 12.00000 20.00000 21.00000 15.00000 24.00000 20.00000 24.00000 15.00000 17.00000 17.00000 23.00000 18.00000 22.00000 22.00000 19.00000 18.00000 32.00000 18.00000 6.00000 27.00000
21.00000 22.00000 18.00000 14.00000 18.00000 0.00000 19.00000 13.00000 14.00000 12.00000 16.00000 12.00000 14.00000 7.00000 12.00000 10.00000 16.00000 16.00000 11.00000 13.00000 10.00000 9.00000 14.00000 13.00000 9.00000 20.00000 11.00000 12.00000 21.00000 20.00000 11.00000 16.00000 14.00000 15.00000 15.00000 9.00000 16.00000 22.00000 20.00000 33.00000 16.00000 10.00000 20.00000 10.00000 13.00000 15.00000 9.00000 18.00000 15.00000 18.00000 9.00000 17.00000 8.00000 16.00000 12.00000 8.00000 17.00000 9.00000 15.00000 16.00000 19.00000 12.00000 14.00000 13.00000 5.00000 15.00000 14.00000 11.00000 13.00000 15.00000 15.00000 6.00000 6.00000 30.00000 10.00000 22.00000 21.00000
30.00000 32.00000 3.00000 24.00000 25.00000 19.00000 0.00000 9.00000 21.00000 10.00000 26.00000 18.00000 18.00000 14.00000 22.00000 11.00000 29.00000 6.00000 11.00000 12.00000 12.00000 18.00000 20.00000 9.00000 23.00000 33.00000 18.00000 12.00000 30.00000 5.00000 16.00000 25.00000 8.00000 8.00000 19.00000 16.00000 6.00000 8.00000 5.00000 18.00000 6.00000 17.00000 5.00000 14.00000 20.00000 21.00000 19.00000 2.00000 20.00000 28.00000 19.00000 3.00000 17.00000 6.00000 20.00000 15.00000 14.00000 15.00000 23.00000 6.00000 33.00000 17.00000 10.00000 16.00000 16.00000 22.00000 21.00000 15.00000 9.00000 8.00000 8.00000 15.00000 15.00000 41.00000 13.00000 29.00000 30.00000
26.00000 27.00000 9.00000 20.00000 20.00000 14.00000 10.00000 0.00000 18.00000 5.00000 22.00000 13.00000 14.00000 9.00000 17.00000 6.00000 25.00000 6.00000 7.00000 9.00000 8.00000 14.00000 15.00000 6.00000 19.00000 28.00000 13.00000 9.00000 26.00000 11.00000 12.00000 19.00000 7.00000 5.00000 15.00000 12.00000 9.00000 14.00000 11.00000 25.00000 6.00000 12.00000 11.00000 9.00000 17.00000 16.00000 15.00000 8.00000 16.00000 24.00000 15.00000 7.00000 12.00000 6.00000 15.00000 11.00000 14.00000 10.00000 18.00000 9.00000 28.00000 13.00000 4.00000 12.00000 11.00000 17.00000 16.00000 11.00000 6.00000 5.00000 4.00000 11.00000 9.00000 37.00000 7.00000 24.00000 26.00000
15.00000 16.00000 22.00000 7.00000 26.00000 14.00000 21.00000 17.00000 0.00000 20.00000 7.00000 8.00000 22.00000 15.00000 6.00000 16.00000 20.00000 20.00000 19.00000 11.00000 13.00000 8.00000 22.00000 21.00000 18.00000 25.00000 18.00000 10.00000 15.00000 22.00000 18.00000 24.00000 21.00000 20.00000 22.00000 16.00000 23.00000 26.00000 24.00000 35.00000 20.00000 18.00000 22.00000 12.00000 4.00000 23.00000 8.00000 21.00000 22.00000 10.00000 7.00000 21.00000 10.00000 20.00000 6.00000 11.00000 25.00000 17.00000 23.00000 23.00000 23.00000 8.00000 20.00000 10.00000 13.00000 22.00000 22.00000 10.00000 20.00000 19.00000 19.00000 11.00000 14.00000 25.00000 15.00000 30.00000 15.00000
26.00000 27.00000 10.00000 19.00000 16.00000 13.00000 11.00000 5.00000 19.00000 0.00000 21.00000 15.00000 10.00000 9.00000 17.00000 6.00000 24.00000 6.00000 2.00000 11.00000 10.00000 14.00000 12.00000 5.00000 19.00000 25.00000 10.00000 11.00000 26.00000 12.00000 8.00000 17.00000 6.00000 5.00000 11.00000 8.00000 8.00000 14.00000 12.00000 26.00000 6.00000 9.00000 12.00000 11.00000 18.00000 13.00000 14.00000 10.00000 12.00000 24.00000 15.00000 10.00000 13.00000 6.00000 17.00000 12.00000 10.00000 6.00000 14.00000 8.00000 27.00000 14.00000 3.00000 13.00000 10.00000 14.00000 13.00000 12.00000 5.00000 7.00000 6.00000 11.00000 9.00000 36.00000 8.00000 20.00000 26.00000
13.00000 13.00000 26.00000 3.00000 27.00000 15.00000 25.00000 21.00000 9.00000 22.00000 0.00000 13.00000 23.00000 16.00000 6.00000 19.00000 18.00000 24.00000 20.00000 15.00000 17.00000 11.00000 23.00000 22.00000 19.00000 23.00000 20.00000 14.00000 13.00000 26.00000 20.00000 25.00000 23.00000 24.00000 24.00000 18.00000 25.00000 30.00000 28.00000 39.00000 24.00000 20.00000 26.00000 16.00000 9.00000 24.00000 10.00000 25.00000 24.00000 9.00000 10.00000 25.00000 12.00000 24.00000 11.00000 15.00000 26.00000 18.00000 24.00000 25.00000 21.00000 13.00000 23.00000 14.00000 14.00000 24.00000 23.00000 15.00000 22.00000 23.00000 23.00000 13.00000 15.00000 23.00000 18.00000 31.00000 13.00000
18.00000 19.00000 18.00000 12.00000 24.00000 11.00000 19.00000 12.00000 8.00000 15.00000 14.00000 0.00000 20.00000 11.00000 10.00000 11.00000 22.00000 16.00000 16.00000 10.00000 8.00000 5.00000 20.00000 16.00000 16.00000 26.00000 16.00000 9.00000 18.00000 19.00000 17.00000 22.00000 16.00000 15.00000 21.00000 15.00000 18.00000 23.00000 21.00000 32.00000 15.00000 16.00000 19.00000 7.00000 6.00000 21.00000 8.00000 17.00000 20.00000 16.00000 5.00000 16.00000 5.00000 15.00000 4.00000 5.00000 23.00000 15.00000 21.00000 18.00000 25.00000 2.00000 15.00000 3.00000 11.00000 20.00000 20.00000 3.00000 16.00000 14.00000 14.00000 7.00000 9.00000 29.00000 10.00000 28.00000 18.00000
28.00000 29.00000 17.00000 22.00000 13.00000 16.00000 18.00000 14.00000 22.00000 11.00000 24.00000 20.00000 0.00000 13.00000 20.00000 13.00000 20.00000 15.00000 10.00000 17.00000 16.00000 16.00000 6.00000 12.00000 21.00000 21.00000 11.00000 17.00000 28.00000 19.00000 4.00000 18.00000 13.00000 15.00000 5.00000 9.00000 15.00000 21.00000 19.00000 33.00000 14.00000 7.00000 19.00000 17.00000 21.00000 7.00000 17.00000 18.00000 6.00000 26.00000 17.00000 18.00000 15.00000 14.00000 20.00000 17.00000 9.00000 7.00000 15.00000 14.00000 23.00000 20.00000 14.00000 19.00000 11.00000 14.00000 13.00000 19.00000 12.00000 15.00000 15.00000 14.00000 13.00000 39.00000 14.00000 16.00000 28.00000
20.00000 21.00000 16.00000 13.00000 16.00000 7.00000 16.00000 9.00000 13.00000 10.00000 15.00000 11.00000 13.00000 0.00000 11.00000 5.00000 19.00000 13.00000 10.00000 10.00000 8.00000 8.00000 12.00000 12.00000 12.00000 23.00000 8.00000 10.00000 20.00000 17.00000 10.00000 14.00000 13.00000 12.00000 12.00000 6.00000 15.00000 21.00000 18.00000 30.00000 13.00000 8.00000 17.00000 8.00000 12.00000 13.00000 8.00000 14.00000 12.00000 17.00000 8.00000 14.00000 7.00000 13.00000 11.00000 7.00000 16.00000 8.00000 13.00000 15.00000 22.00000 11.00000 11.00000 10.00000 5.00000 12.00000 12.00000 10.00000 12.00000 12.00000 11.00000 5.00000 2.00000 30.00000 6.00000 20.00000 20.00000
10.00000 12.00000 22.00000 4.00000 22.00000 10.00000 22.00000 16.00000 7.00000 17.00000 6.00000 9.00000 18.00000 11.00000 0.00000 14.00000 15.00000 19.00000 15.00000 14.00000 13.00000 6.00000 18.00000 17.00000 14.00000 20.00000 15.00000 14.00000 10.00000 23.00000 15.00000 20.00000 18.00000 18.00000 19.00000 13.00000 20.00000 27.00000 24.00000 36.00000 19.00000 15.00000 23.00000 13.00000 5.00000 19.00000 5.00000 21.00000 19.00000 8.00000 5.00000 20.00000 7.00000 19.00000 7.00000 9.00000 21.00000 13.00000 19.00000 20.00000 18.00000 8.00000 18.00000 10.00000 9.00000 19.00000 18.00000 11.00000 17.00000 18.00000 18.00000 8.00000 10.00000 21.00000 13.00000 26.00000 10.00000
22.00000 23.00000 12.00000 15.00000 16.00000 10.00000 13.00000 5.00000 15.00000 6.00000 17.00000 10.00000 11.00000 5.00000 13.00000 0.00000 21.00000 9.00000 7.00000 7.00000 5.00000 10.00000 11.00000 9.00000 14.00000 24.00000 9.00000 7.00000 22.00000 13.00000 8.00000 15.00000 9.00000 8.00000 12.00000 7.00000 12.00000 17.00000 14.00000 27.00000 9.00000 8.00000 14.00000 7.00000 14.00000 12.00000 10.00000 11.00000 12.00000 19.00000 11.00000 10.00000 9.00000 9.00000 13.00000 8.00000 14.00000 6.00000 14.00000 11.00000 24.00000 10.00000 7.00000 9.00000 6.00000 13.00000 12.00000 8.00000 8.00000 8.00000 7.00000 7.00000 5.00000 32.00000 2.00000 20.00000 22.00000
16.00000 21.00000 30.00000 17.00000 13.00000 16.00000 30.00000 23.00000 19.00000 25.00000 19.00000 22.00000 21.00000 19.00000 15.00000 21.00000 0.00000 27.00000 24.00000 24.00000 21.00000 19.00000 18.00000 26.00000 11.00000 6.00000 22.00000 23.00000 16.00000 30.00000 19.00000 21.00000 26.00000 26.00000 19.00000 21.00000 28.00000 35.00000 32.00000 44.00000 27.00000 18.00000 31.00000 21.00000 18.00000 19.00000 18.00000 28.00000 19.00000 18.00000 18.00000 28.00000 18.00000 27.00000 20.00000 19.00000 25.00000 20.00000 21.00000 28.00000 5.00000 21.00000 26.00000 23.00000 17.00000 24.00000 24.00000 22.00000 25.00000 26.00000 25.00000 17.00000 18.00000 21.00000 20.00000 15.00000 16.00000
27.00000 29.00000 6.00000 21.00000 20.00000 15.00000 7.00000 7.00000 20.00000 5.00000 23.00000 15.00000 14.00000 12.00000 19.00000 9.00000 27.00000 0.00000 5.00000 11.00000 10.00000 15.00000 15.00000 4.00000 21.00000 28.00000 13.00000 11.00000 27.00000 8.00000 11.00000 21.00000 4.00000 2.00000 14.00000 11.00000 4.00000 11.00000 9.00000 23.00000 2.00000 12.00000 9.00000 11.00000 19.00000 16.00000 16.00000 6.00000 15.00000 25.00000 16.00000 5.00000 14.00000 2.00000 17.00000 13.00000 12.00000 9.00000 18.00000 4.00000 30.00000 15.00000 4.00000 14.00000 13.00000 17.00000 16.00000 13.00000 4.00000 3.00000 4.00000 13.00000 12.00000 38.00000 10.00000 23.00000 27.00000
25.00000 26.00000 9.00000 19.00000 16.00000 12.00000 10.00000 7.00000 18.00000 3.00000 20.00000 16.00000 10.00000 9.00000 16.00000 8.00000 24.00000 7.00000 0.00000 12.00000 11.00000 13.00000 11.00000 4.00000 18.00000 24.00000 9.00000 12.00000 25.00000 11.00000 7.00000 17.00000 5.00000 6.00000 10.00000 7.00000 7.00000 14.00000 12.00000 26.00000 7.00000 8.00000 12.00000 12.00000 17.00000 12.00000 13.00000 11.00000 11.00000 23.00000 14.00000 10.00000 12.00000 7.00000 17.00000 13.00000 9.00000 6.00000 14.00000 7.00000 26.00000 16.00000 5.00000 15.00000 9.00000 13.00000 12.00000 14.00000 4.00000 8.00000 7.00000 11.00000 9.00000 36.00000 9.00000 20.00000 25.00000
23.00000 25.00000 13.00000 15.00000 21.00000 12.00000 13.00000 8.00000 11.00000 11.00000 15.00000 8.00000 17.00000 9.00000 14.00000 8.00000 23.00000 12.00000 12.00000 0.00000 6.00000 11.00000 17.00000 12.00000 16.00000 26.00000 13.00000 2.00000 23.00000 13.00000 14.00000 19.00000 13.00000 11.00000 18.00000 12.00000 14.00000 18.00000 15.00000 26.00000 11.00000 13.00000 14.00000 5.00000 10.00000 18.00000 12.00000 13.00000 18.00000 18.00000 11.00000 12.00000 10.00000 12.00000 10.00000 8.00000 19.00000 12.00000 18.00000 14.00000 26.00000 7.00000 11.00000 6.00000 11.00000 18.00000 17.00000 7.00000 12.00000 11.00000 10.00000 9.00000 8.00000 34.00000 7.00000 25.00000 23.00000
22.00000 23.00000 13.00000 15.00000 19.00000 10.00000 13.00000 7.00000 13.00000 10.00000 17.00000 8.00000 16.00000 7.00000 13.00000 6.00000 21.00000 11.00000 11.00000 5.00000 0.00000 9.00000 15.00000 11.00000 14.00000 25.00000 12.00000 5.00000 22.00000 13.00000 13.00000 18.00000 12.00000 10.00000 16.00000 10.00000 13.00000 18.00000 16.00000 27.00000 10.00000 12.00000 14.00000 4.00000 12.00000 16.00000 10.00000 12.00000 16.00000 20.00000 10.00000 11.00000 7.00000 11.00000 10.00000 6.00000 18.00000 11.00000 17.00000 13.00000 24.00000 8.00000 10.00000 6.00000 9.00000 16.00000 15.00000 6.00000 11.00000 10.00000 9.00000 7.00000 6.00000 32.00000 5.00000 23.00000 22.00000
15.00000 16.00000 20.00000 8.00000 20.00000 8.00000 20.00000 13.00000 8.00000 15.00000 10.00000 5.00000 16.00000 10.00000 6.00000 12.00000 19.00000 17.00000 13.00000 12.00000 9.00000 0.00000 16.00000 15.00000 12.00000 23.00000 13.00000 12.00000 15.00000 20.00000 13.00000 18.00000 16.00000 16.00000 17.00000 11.00000 18.00000 25.00000 22.00000 34.00000 17.00000 13.00000 21.00000 9.00000 5.00000 17.00000 4.00000 18.00000 17.00000 12.00000 1.00000 18.00000 3.00000 17.00000 4.00000 6.00000 20.00000 12.00000 18.00000 18.00000 22.00000 5.00000 17.00000 7.00000 7.00000 17.00000 16.00000 7.00000 15.00000 16.00000 15.00000 6.00000 9.00000 25.00000 11.00000 24.00000 15.00000
27.00000 28.00000 17.00000 21.00000 11.00000 14.00000 18.00000 13.00000 20.00000 11.00000 23.00000 19.00000 6.00000 12.00000 18.00000 11.00000 18.00000 15.00000 10.00000 16.00000 15.00000 15.00000 0.00000 12.00000 20.00000 19.00000 10.00000 16.00000 27.00000 19.00000 5.00000 17.00000 12.00000 15.00000 4.00000 8.00000 15.00000 21.00000 19.00000 33.00000 14.00000 5.00000 19.00000 16.00000 19.00000 3.00000 15.00000 18.00000 3.00000 25.00000 16.00000 18.00000 14.00000 14.00000 19.00000 15.00000 10.00000 5.00000 14.00000 14.00000 21.00000 18.00000 14.00000 18.00000 9.00000 12.00000 11.00000 17.00000 12.00000 15.00000 15.00000 13.00000 12.00000 38.00000 12.00000 14.00000 27.00000
28.00000 29.00000 8.00000 21.00000 20.00000 15.00000 9.00000 7.00000 20.00000 4.00000 23.00000 16.00000 12.00000 10.00000 19.00000 8.00000 27.00000 6.00000 6.00000 12.00000 11.00000 16.00000 14.00000 0.00000 21.00000 28.00000 13.00000 12.00000 28.00000 10.00000 10.00000 21.00000 3.00000 5.00000 13.00000 11.00000 5.00000 12.00000 10.00000 24.00000 6.00000 12.00000 10.00000 12.00000 20.00000 15.00000 16.00000 9.00000 14.00000 26.00000 17.00000 9.00000 15.00000 6.00000 18.00000 14.00000 9.00000 10.00000 18.00000 5.00000 30.00000 16.00000 4.00000 15.00000 12.00000 17.00000 16.00000 14.00000 2.00000 7.00000 6.00000 13.00000 11.00000 38.00000 9.00000 24.00000 28.00000
18.00000 22.00000 24.00000 18.00000 17.00000 9.00000 24.00000 17.00000 18.00000 18.00000 20.00000 16.00000 20.00000 13.00000 16.00000 15.00000 11.00000 21.00000 17.00000 17.00000 15.00000 12.00000 20.00000 19.00000 0.00000 15.00000 14.00000 17.00000 18.00000 24.00000 17.00000 13.00000 20.00000 20.00000 21.00000 15.00000 22.00000 28.00000 26.00000 37.00000 20.00000 17.00000 24.00000 15.00000 17.00000 21.00000 13.00000 22.00000 21.00000 19.00000 13.00000 21.00000 11.00000 21.00000 16.00000 12.00000 23.00000 15.00000 13.00000 22.00000 14.00000 16.00000 20.00000 17.00000 11.00000 16.00000 17.00000 16.00000 19.00000 19.00000 19.00000 11.00000 12.00000 25.00000 14.00000 19.00000 18.00000
21.00000 26.00000 32.00000 22.00000 13.00000 20.00000 32.00000 27.00000 24.00000 26.00000 24.00000 26.00000 21.00000 23.00000 20.00000 25.00000 6.00000 29.00000 25.00000 27.00000 25.00000 23.00000 19.00000 27.00000 15.00000 0.00000 24.00000 27.00000 21.00000 33.00000 20.00000 25.00000 27.00000 29.00000 20.00000 22.00000 29.00000 36.00000 34.00000 47.00000 29.00000 18.00000 34.00000 25.00000 23.00000 20.00000 23.00000 32.00000 20.00000 23.00000 23.00000 32.00000 22.00000 29.00000 24.00000 23.00000 25.00000 20.00000 24.00000 29.00000 6.00000 26.00000 28.00000 28.00000 21.00000 25.00000 25.00000 26.00000 26.00000 30.00000 29.00000 21.00000 22.00000 26.00000 24.00000 16.00000 21.00000
25.00000 26.00000 18.00000 19.00000 14.00000 11.00000 19.00000 13.00000 18.00000 12.00000 20.00000 16.00000 11.00000 10.00000 16.00000 9.00000 22.00000 16.00000 11.00000 14.00000 12.00000 13.00000 10.00000 13.00000 14.00000 22.00000 0.00000 14.00000 25.00000 20.00000 8.00000 8.00000 14.00000 16.00000 11.00000 3.00000 16.00000 22.00000 20.00000 34.00000 15.00000 6.00000 20.00000 13.00000 17.00000 11.00000 13.00000 19.00000 11.00000 23.00000 14.00000 18.00000 12.00000 15.00000 16.00000 13.00000 15.00000 7.00000 6.00000 15.00000 24.00000 16.00000 15.00000 16.00000 7.00000 5.00000 4.00000 15.00000 13.00000 16.00000 15.00000 11.00000 10.00000 36.00000 10.00000 18.00000 25.00000
23.00000 24.00000 12.00000 15.00000 21.00000 12.00000 12.00000 8.00000 10.00000 11.00000 15.00000 9.00000 17.00000 9.00000 14.00000 8.00000 23.00000 12.00000 12.00000 2.00000 6.00000 12.00000 17.00000 12.00000 16.00000 27.00000 14.00000 0.00000 23.00000 12.00000 14.00000 19.00000 13.00000 11.00000 18.00000 12.00000 14.00000 17.00000 14.00000 25.00000 12.00000 14.00000 12.00000 6.00000 10.00000 18.00000 12.00000 12.00000 18.00000 18.00000 12.00000 11.00000 10.00000 12.00000 11.00000 8.00000 19.00000 12.00000 18.00000 14.00000 26.00000 8.00000 11.00000 6.00000 11.00000 18.00000 17.00000 7.00000 12.00000 11.00000 10.00000 9.00000 8.00000 34.00000 7.00000 25.00000 23.00000
0.00000 12.00000 31.00000 11.00000 27.00000 19.00000 31.00000 24.00000 15.00000 25.00000 13.00000 17.00000 27.00000 20.00000 10.00000 22.00000 16.00000 28.00000 24.00000 22.00000 21.00000 14.00000 27.00000 26.00000 18.00000 21.00000 23.00000 22.00000 0.00000 31.00000 23.00000 29.00000 26.00000 27.00000 27.00000 21.00000 29.00000 35.00000 33.00000 44.00000 27.00000 23.00000 31.00000 21.00000 14.00000 28.00000 13.00000 29.00000 27.00000 11.00000 13.00000 28.00000 15.00000 28.00000 15.00000 18.00000 30.00000 22.00000 28.00000 28.00000 18.00000 17.00000 27.00000 19.00000 18.00000 27.00000 27.00000 19.00000 25.00000 27.00000 26.00000 16.00000 19.00000 19.00000 21.00000 30.00000 0.00000
32.00000 34.00000 4.00000 26.00000 27.00000 21.00000 5.00000 13.00000 22.00000 12.00000 27.00000 20.00000 21.00000 18.00000 24.00000 15.00000 32.00000 9.00000 13.00000 13.00000 15.00000 20.00000 22.00000 11.00000 25.00000 35.00000 21.00000 13.00000 32.00000 0.00000 19.00000 28.00000 11.00000 10.00000 21.00000 18.00000 9.00000 5.00000 3.00000 20.00000 9.00000 19.00000 2.00000 16.00000 22.00000 23.00000 21.00000 6.00000 22.00000 30.00000 21.00000 6.00000 19.00000 9.00000 22.00000 18.00000 17.00000 17.00000 25.00000 9.00000 35.00000 19.00000 12.00000 17.00000 19.00000 24.00000 23.00000 17.00000 11.00000 11.00000 12.00000 17.00000 17.00000 43.00000 15.00000 31.00000 32.00000
25.00000 26.00000 15.00000 19.00000 11.00000 12.00000 16.00000 11.00000 18.00000 9.00000 20.00000 16.00000 4.00000 10.00000 16.00000 9.00000 19.00000 12.00000 8.00000 14.00000 13.00000 13.00000 6.00000 10.00000 18.00000 20.00000 8.00000 14.00000 25.00000 16.00000 0.00000 15.00000 10.00000 12.00000 5.00000 6.00000 13.00000 19.00000 17.00000 31.00000 12.00000 4.00000 17.00000 14.00000 17.00000 7.00000 13.00000 16.00000 7.00000 23.00000 14.00000 15.00000 12.00000 12.00000 17.00000 13.00000 8.00000 3.00000 12.00000 12.00000 22.00000 16.00000 12.00000 16.00000 8.00000 11.00000 10.00000 15.00000 9.00000 13.00000 13.00000 11.00000 10.00000 36.00000 10.00000 15.00000 25.00000
29.00000 31.00000 24.00000 24.00000 21.00000 16.00000 25.00000 19.00000 23.00000 19.00000 25.00000 21.00000 19.00000 15.00000 21.00000 15.00000 21.00000 22.00000 17.00000 20.00000 18.00000 18.00000 17.00000 19.00000 13.00000 25.00000 8.00000 20.00000 29.00000 26.00000 16.00000 0.00000 20.00000 22.00000 18.00000 10.00000 22.00000 29.00000 27.00000 40.00000 22.00000 13.00000 26.00000 19.00000 22.00000 18.00000 18.00000 24.00000 18.00000 28.00000 19.00000 24.00000 17.00000 22.00000 22.00000 18.00000 23.00000 14.00000 8.00000 22.00000 24.00000 21.00000 20.00000 22.00000 12.00000 11.00000 11.00000 21.00000 19.00000 22.00000 21.00000 16.00000 15.00000 35.00000 16.00000 25.00000 29.00000
30.00000 31.00000 7.00000 23.00000 21.00000 17.00000 8.00000 9.00000 22.00000 6.00000 25.00000 17.00000 13.00000 12.00000 21.00000 10.00000 29.00000 4.00000 8.00000 13.00000 12.00000 18.00000 14.00000 3.00000 23.00000 29.00000 15.00000 13.00000 30.00000 9.00000 11.00000 22.00000 0.00000 4.00000 13.00000 13.00000 3.00000 12.00000 10.00000 23.00000 4.00000 14.00000 9.00000 13.00000 21.00000 15.00000 18.00000 8.00000 14.00000 27.00000 19.00000 7.00000 16.00000 4.00000 19.00000 15.00000 10.00000 11.00000 19.00000 3.00000 31.00000 17.00000 6.00000 16.00000 14.00000 19.00000 18.00000 15.00000 2.00000 5.00000 6.00000 15.00000 13.00000 40.00000 11.00000 25.00000 30.00000
27.00000 28.00000 8.00000 21.00000 19.00000 15.00000 9.00000 7.00000 20.00000 4.00000 23.00000 16.00000 13.00000 11.00000 19.00000 8.00000 27.00000 3.00000 5.00000 12.00000 10.00000 15.00000 14.00000 4.00000 20.00000 28.00000 13.00000 11.00000 27.00000 10.00000 11.00000 20.00000 3.00000 0.00000 14.00000 11.00000 5.00000 12.00000 10.00000 24.00000 3.00000 12.00000 10.00000 12.00000 19.00000 15.00000 16.00000 7.00000 15.00000 25.00000 16.00000 6.00000 14.00000 3.00000 18.00000 13.00000 11.00000 9.00000 17.00000 5.00000 30.00000 15.00000 3.00000 14.00000 12.00000 17.00000 15.00000 13.00000 3.00000 4.00000 4.00000 13.00000 11.00000 38.00000 10.00000 23.00000 27.00000
27.00000 28.00000 17.00000 21.00000 11.00000 14.00000 17.00000 13.00000 20.00000 11.00000 22.00000 18.00000 4.00000 12.00000 18.00000 11.00000 19.00000 14.00000 10.00000 16.00000 14.00000 15.00000 5.00000 12.00000 20.00000 19.00000 10.00000 15.00000 27.00000 18.00000 5.00000 17.00000 12.00000 14.00000 0.00000 7.00000 15.00000 21.00000 19.00000 33.00000 14.00000 5.00000 19.00000 16.00000 19.00000 6.00000 15.00000 18.00000 5.00000 25.00000 16.00000 17.00000 14.00000 14.00000 18.00000 15.00000 10.00000 5.00000 14.00000 14.00000 22.00000 18.00000 13.00000 18.00000 9.00000 12.00000 12.00000 17.00000 11.00000 15.00000 15.00000 13.00000 11.00000 38.00000 12.00000 15.00000 27.00000
24.00000 25.00000 16.00000 17.00000 12.00000 10.00000 17.00000 11.00000 17.00000 10.00000 19.00000 15.00000 9.00000 8.00000 15.00000 8.00000 20.00000 14.00000 9.00000 13.00000 11.00000 12.00000 8.00000 11.00000 16.00000 20.00000 3.00000 12.00000 24.00000 18.00000 6.00000 10.00000 11.00000 13.00000 8.00000 0.00000 14.00000 20.00000 18.00000 32.00000 13.00000 4.00000 18.00000 12.00000 16.00000 9.00000 12.00000 17.00000 8.00000 22.00000 13.00000 16.00000 11.00000 13.00000 15.00000 12.00000 13.00000 4.00000 7.00000 13.00000 22.00000 15.00000 13.00000 14.00000 6.00000 6.00000 6.00000 14.00000 11.00000 14.00000 13.00000 10.00000 8.00000 34.00000 9.00000 16.00000 24.00000
32.00000 33.00000 5.00000 25.00000 22.00000 19.00000 6.00000 11.00000 23.00000 9.00000 27.00000 19.00000 14.00000 16.00000 23.00000 13.00000 30.00000 6.00000 10.00000 15.00000 14.00000 20.00000 15.00000 6.00000 25.00000 30.00000 16.00000 15.00000 32.00000 7.00000 12.00000 24.00000 4.00000 6.00000 14.00000 14.00000 0.00000 10.00000 8.00000 22.00000 6.00000 15.00000 8.00000 15.00000 23.00000 16.00000 20.00000 6.00000 15.00000 29.00000 20.00000 7.00000 18.00000 6.00000 21.00000 17.00000 10.00000 13.00000 21.00000 3.00000 32.00000 19.00000 8.00000 18.00000 16.00000 20.00000 19.00000 17.00000 5.00000 7.00000 8.00000 17.00000 16.00000 42.00000 14.00000 26.00000 32.00000
36.00000 37.00000 6.00000 30.00000 29.00000 24.00000 7.00000 15.00000 26.00000 14.00000 31.00000 23.00000 22.00000 20.00000 27.00000 17.00000 35.00000 10.00000 14.00000 17.00000 18.00000 24.00000 24.00000 13.00000 29.00000 37.00000 22.00000 17.00000 36.00000 6.00000 20.00000 30.00000 13.00000 12.00000 23.00000 20.00000 10.00000 0.00000 5.00000 22.00000 11.00000 21.00000 6.00000 19.00000 25.00000 25.00000 24.00000 8.00000 24.00000 34.00000 25.00000 9.00000 23.00000 10.00000 26.00000 21.00000 19.00000 18.00000 27.00000 11.00000 38.00000 23.00000 13.00000 21.00000 22.00000 26.00000 25.00000 21.00000 13.00000 13.00000 13.00000 21.00000 21.00000 47.00000 18.00000 32.00000 36.00000
33.00000 34.00000 4.00000 27.00000 27.00000 21.00000 4.00000 13.00000 23.00000 12.00000 28.00000 21.00000 21.00000 18.00000 25.00000 15.00000 32.00000 8.00000 13.00000 14.00000 16.00000 21.00000 22.00000 11.00000 26.00000 35.00000 21.00000 14.00000 33.00000 3.00000 18.00000 28.00000 11.00000 10.00000 21.00000 18.00000 8.00000 5.00000 0.00000 20.00000 9.00000 19.00000 3.00000 16.00000 23.00000 23.00000 22.00000 6.00000 22.00000 31.00000 22.00000 6.00000 20.00000 9.00000 23.00000 18.00000 17.00000 17.00000 25.00000 9.00000 35.00000 20.00000 12.00000 18.00000 19.00000 24.00000 23.00000 18.00000 11.00000 11.00000 12.00000 18.00000 18.00000 44.00000 16.00000 31.00000 33.00000
44.00000 45.00000 18.00000 38.00000 40.00000 32.00000 18.00000 25.00000 34.00000 25.00000 39.00000 31.00000 34.00000 30.00000 35.00000 26.00000 43.00000 22.00000 26.00000 25.00000 26.00000 32.00000 35.00000 25.00000 37.00000 47.00000 34.00000 25.00000 44.00000 20.00000 32.00000 40.00000 24.00000 24.00000 34.00000 32.00000 22.00000 23.00000 20.00000 0.00000 22.00000 32.00000 20.00000 27.00000 33.00000 36.00000 32.00000 19.00000 36.00000 42.00000 33.00000 20.00000 31.00000 22.00000 34.00000 29.00000 30.00000 30.00000 38.00000 22.00000 46.00000 30.00000 25.00000 29.00000 31.00000 38.00000 36.00000 29.00000 25.00000 24.00000 25.00000 29.00000 29.00000 55.00000 27.00000 44.00000 44.00000
28.00000 29.00000 6.00000 22.00000 20.00000 16.00000 6.00000 8.00000 20.00000 6.00000 24.00000 16.00000 14.00000 13.00000 20.00000 10.00000 28.00000 2.00000 6.00000 11.00000 11.00000 16.00000 16.00000 5.00000 21.00000 29.00000 14.00000 11.00000 28.00000 7.00000 12.00000 21.00000 4.00000 3.00000 15.00000 12.00000 5.00000 10.00000 8.00000 22.00000 0.00000 13.00000 8.00000 12.00000 19.00000 17.00000 17.00000 5.00000 16.00000 26.00000 17.00000 4.00000 15.00000 1.00000 18.00000 14.00000 12.00000 10.00000 18.00000 4.00000 31.00000 16.00000 5.00000 14.00000 14.00000 18.00000 17.00000 14.00000 4.00000 4.00000 5.00000 14.00000 13.00000 39.00000 11.00000 24.00000 28.00000
24.00000 25.00000 15.00000 18.00000 10.00000 11.00000 16.00000 11.00000 17.00000 10.00000 19.00000 15.00000 7.00000 8.00000 15.00000 8.00000 18.00000 13.00000 9.00000 13.00000 11.00000 12.00000 6.00000 10.00000 17.00000 18.00000 7.00000 13.00000 24.00000 17.00000 4.00000 14.00000 11.00000 13.00000 6.00000 5.00000 13.00000 20.00000 18.00000 32.00000 13.00000 0.00000 17.00000 12.00000 16.00000 7.00000 12.00000 17.00000 6.00000 22.00000 13.00000 16.00000 11.00000 13.00000 15.00000 12.00000 11.00000 4.00000 11.00000 13.00000 20.00000 15.00000 12.00000 15.00000 6.00000 10.00000 9.00000 14.00000 10.00000 14.00000 13.00000 10.00000 9.00000 35.00000 9.00000 14.00000 24.00000
32.00000 33.00000 3.00000 26.00000 26.00000 20.00000 3.00000 12.00000 22.00000 11.00000 27.00000 20.00000 20.00000 17.00000 23.00000 14.00000 31.00000 7.00000 12.00000 13.00000 14.00000 20.00000 21.00000 10.00000 25.00000 34.00000 19.00000 13.00000 32.00000 1.00000 17.00000 27.00000 10.00000 9.00000 20.00000 17.00000 7.00000 6.00000 3.00000 19.00000 8.00000 18.00000 0.00000 15.00000 21.00000 22.00000 20.00000 5.00000 21.00000 30.00000 21.00000 5.00000 19.00000 8.00000 22.00000 17.00000 16.00000 16.00000 24.00000 8.00000 34.00000 19.00000 11.00000 17.00000 18.00000 23.00000 22.00000 17.00000 10.00000 10.00000 11.00000 17.00000 17.00000 43.00000 15.00000 30.00000 32.00000
21.00000 22.00000 14.00000 15.00000 20.00000 9.00000 14.00000 8.00000 11.00000 11.00000 15.00000 7.00000 16.00000 7.00000 12.00000 7.00000 20.00000 11.00000 12.00000 5.00000 3.00000 8.00000 16.00000 12.00000 14.00000 24.00000 12.00000 5.00000 21.00000 15.00000 13.00000 18.00000 12.00000 11.00000 17.00000 11.00000 14.00000 19.00000 16.00000 28.00000 11.00000 12.00000 15.00000 0.00000 10.00000 17.00000 9.00000 13.00000 16.00000 18.00000 9.00000 12.00000 6.00000 11.00000 9.00000 4.00000 19.00000 12.00000 17.00000 14.00000 23.00000 6.00000 11.00000 4.00000 9.00000 16.00000 16.00000 4.00000 11.00000 10.00000 10.00000 6.00000 6.00000 32.00000 5.00000 24.00000 21.00000
14.00000 16.00000 21.00000 8.00000 25.00000 13.00000 20.00000 16.00000 4.00000 19.00000 9.00000 6.00000 21.00000 14.00000 6.00000 15.00000 19.00000 19.00000 18.00000 10.00000 12.00000 5.00000 21.00000 20.00000 17.00000 24.00000 17.00000 9.00000 14.00000 21.00000 18.00000 23.00000 20.00000 19.00000 22.00000 16.00000 22.00000 25.00000 23.00000 34.00000 19.00000 17.00000 21.00000 11.00000 0.00000 22.00000 8.00000 21.00000 22.00000 13.00000 5.00000 20.00000 7.00000 19.00000 3.00000 8.00000 24.00000 16.00000 22.00000 22.00000 22.00000 6.00000 19.00000 7.00000 12.00000 22.00000 21.00000 8.00000 19.00000 18.00000 18.00000 10.00000 12.00000 26.00000 14.00000 29.00000 14.00000
28.00000 29.00000 18.00000 22.00000 11.00000 15.00000 19.00000 14.00000 21.00000 12.00000 23.00000 19.00000 7.00000 13.00000 19.00000 12.00000 19.00000 15.00000 11.00000 17.00000 15.00000 16.00000 3.00000 13.00000 21.00000 20.00000 11.00000 16.00000 28.00000 19.00000 6.00000 18.00000 13.00000 15.00000 5.00000 9.00000 16.00000 22.00000 20.00000 34.00000 15.00000 6.00000 20.00000 17.00000 20.00000 0.00000 16.00000 19.00000 4.00000 26.00000 17.00000 19.00000 15.00000 15.00000 19.00000 16.00000 11.00000 6.00000 15.00000 15.00000 22.00000 19.00000 15.00000 19.00000 10.00000 13.00000 12.00000 18.00000 13.00000 16.00000 16.00000 14.00000 13.00000 39.00000 13.00000 15.00000 28.00000
15.00000 16.00000 20.00000 9.00000 20.00000 8.00000 20.00000 13.00000 8.00000 14.00000 10.00000 8.00000 16.00000 9.00000 6.00000 11.00000 19.00000 17.00000 13.00000 14.00000 10.00000 4.00000 16.00000 15.00000 12.00000 22.00000 13.00000 13.00000 15.00000 21.00000 13.00000 18.00000 16.00000 16.00000 17.00000 11.00000 18.00000 24.00000 22.00000 34.00000 17.00000 12.00000 21.00000 10.00000 7.00000 17.00000 0.00000 19.00000 17.00000 13.00000 4.00000 18.00000 5.00000 17.00000 6.00000 7.00000 19.00000 11.00000 17.00000 18.00000 22.00000 7.00000 16.00000 9.00000 7.00000 17.00000 16.00000 9.00000 15.00000 16.00000 15.00000 5.00000 8.00000 26.00000 11.00000 24.00000 15.00000
30.00000 31.00000 3.00000 24.00000 24.00000 18.00000 3.00000 9.00000 21.00000 9.00000 25.00000 17.00000 18.00000 14.00000 21.00000 11.00000 29.00000 6.00000 10.00000 12.00000 12.00000 18.00000 19.00000 8.00000 23.00000 32.00000 18.00000 12.00000 30.00000 5.00000 16.00000 24.00000 8.00000 7.00000 18.00000 16.00000 5.00000 8.00000 6.00000 19.00000 5.00000 16.00000 5.00000 13.00000 20.00000 20.00000 18.00000 0.00000 19.00000 28.00000 19.00000 2.00000 16.00000 6.00000 19.00000 15.00000 14.00000 14.00000 22.00000 5.00000 32.00000 17.00000 9.00000 16.00000 16.00000 21.00000 20.00000 15.00000 8.00000 7.00000 8.00000 15.00000 14.00000 41.00000 12.00000 28.00000 30.00000
28.00000 29.00000 18.00000 22.00000 11.00000 15.00000 18.00000 14.00000 21.00000 12.00000 23.00000 19.00000 6.00000 13.00000 19.00000 12.00000 19.00000 15.00000 11.00000 17.00000 15.00000 16.00000 3.00000 13.00000 21.00000 20.00000 11.00000 16.00000 28.00000 19.00000 6.00000 18.00000 13.00000 15.00000 4.00000 8.00000 16.00000 22.00000 20.00000 34.00000 15.00000 6.00000 20.00000 16.00000 20.00000 4.00000 16.00000 19.00000 0.00000 26.00000 17.00000 18.00000 15.00000 15.00000 19.00000 16.00000 10.00000 6.00000 15.00000 15.00000 22.00000 19.00000 14.00000 19.00000 10.00000 13.00000 12.00000 18.00000 12.00000 16.00000 16.00000 14.00000 12.00000 39.00000 13.00000 15.00000 28.00000
11.00000 9.00000 29.00000 9.00000 29.00000 17.00000 28.00000 23.00000 12.00000 24.00000 8.00000 16.00000 25.00000 19.00000 8.00000 21.00000 18.00000 27.00000 22.00000 18.00000 20.00000 13.00000 25.00000 25.00000 19.00000 22.00000 22.00000 17.00000 11.00000 29.00000 22.00000 27.00000 25.00000 26.00000 26.00000 20.00000 27.00000 33.00000 31.00000 42.00000 26.00000 22.00000 29.00000 19.00000 12.00000 26.00000 12.00000 28.00000 26.00000 0.00000 12.00000 27.00000 14.00000 26.00000 13.00000 17.00000 29.00000 21.00000 27.00000 27.00000 20.00000 16.00000 26.00000 17.00000 16.00000 26.00000 25.00000 18.00000 24.00000 25.00000 25.00000 15.00000 18.00000 18.00000 20.00000 32.00000 11.00000
14.00000 15.00000 21.00000 8.00000 21.00000 9.00000 21.00000 14.00000 7.00000 15.00000 10.00000 5.00000 17.00000 10.00000 5.00000 12.00000 19.00000 18.00000 14.00000 12.00000 10.00000 1.00000 17.00000 16.00000 13.00000 23.00000 13.00000 12.00000 14.00000 21.00000 14.00000 19.00000 17.00000 17.00000 18.00000 12.00000 19.00000 25.00000 23.00000 35.00000 18.00000 13.00000 22.00000 10.00000 5.00000 18.00000 4.00000 19.00000 18.00000 12.00000 0.00000 19.00000 4.00000 18.00000 3.00000 7.00000 20.00000 12.00000 18.00000 19.00000 22.00000 4.00000 17.00000 6.00000 8.00000 18.00000 17.00000 7.00000 16.00000 17.00000 16.00000 6.00000 9.00000 25.00000 11.00000 25.00000 14.00000
29.00000 30.00000 4.00000 22.00000 24.00000 17.00000 4.00000 7.00000 19.00000 9.00000 24.00000 16.00000 18.00000 13.00000 20.00000 9.00000 28.00000 5.00000 9.00000 10.00000 11.00000 17.00000 19.00000 8.00000 21.00000 31.00000 17.00000 11.00000 29.00000 6.00000 15.00000 23.00000 7.00000 6.00000 18.00000 15.00000 6.00000 9.00000 7.00000 20.00000 5.00000 16.00000 6.00000 12.00000 19.00000 20.00000 17.00000 2.00000 19.00000 26.00000 17.00000 0.00000 15.00000 5.00000 18.00000 13.00000 15.00000 13.00000 22.00000 6.00000 31.00000 15.00000 8.00000 14.00000 14.00000 21.00000 20.00000 13.00000 8.00000 6.00000 6.00000 14.00000 13.00000 39.00000 11.00000 27.00000 29.00000
16.00000 17.00000 18.00000 10.00000 19.00000 7.00000 18.00000 12.00000 9.00000 14.00000 11.00000 5.00000 15.00000 8.00000 7.00000 10.00000 18.00000 15.00000 12.00000 11.00000 7.00000 3.00000 15.00000 14.00000 11.00000 22.00000 12.00000 11.00000 16.00000 19.00000 12.00000 17.00000 15.00000 15.00000 16.00000 10.00000 17.00000 23.00000 20.00000 32.00000 15.00000 12.00000 19.00000 7.00000 8.00000 16.00000 4.00000 17.00000 16.00000 14.00000 4.00000 16.00000 0.00000 15.00000 5.00000 5.00000 18.00000 11.00000 16.00000 17.00000 21.00000 5.00000 15.00000 7.00000 6.00000 16.00000 15.00000 6.00000 14.00000 14.00000 14.00000 4.00000 7.00000 27.00000 9.00000 23.00000 16.00000
28.00000 29.00000 6.00000 22.00000 20.00000 16.00000 7.00000 8.00000 20.00000 6.00000 24.00000 16.00000 14.00000 12.00000 20.00000 10.00000 28.00000 2.00000 6.00000 11.00000 11.00000 16.00000 16.00000 5.00000 21.00000 29.00000 14.00000 11.00000 28.00000 8.00000 12.00000 21.00000 4.00000 3.00000 15.00000 12.00000 5.00000 10.00000 8.00000 22.00000 1.00000 13.00000 8.00000 12.00000 19.00000 16.00000 17.00000 5.00000 16.00000 26.00000 17.00000 5.00000 15.00000 0.00000 18.00000 14.00000 12.00000 10.00000 18.00000 4.00000 31.00000 15.00000 5.00000 14.00000 14.00000 18.00000 17.00000 14.00000 4.00000 4.00000 5.00000 14.00000 13.00000 39.00000 11.00000 24.00000 28.00000
16.00000 17.00000 21.00000 10.00000 24.00000 12.00000 21.00000 14.00000 6.00000 17.00000 11.00000 4.00000 19.00000 11.00000 7.00000 13.00000 21.00000 18.00000 16.00000 10.00000 10.00000 4.00000 19.00000 19.00000 16.00000 26.00000 16.00000 10.00000 16.00000 21.00000 16.00000 21.00000 19.00000 17.00000 20.00000 14.00000 21.00000 26.00000 23.00000 34.00000 18.00000 16.00000 21.00000 10.00000 3.00000 20.00000 6.00000 19.00000 20.00000 14.00000 3.00000 19.00000 5.00000 18.00000 0.00000 6.00000 23.00000 15.00000 21.00000 20.00000 24.00000 3.00000 18.00000 5.00000 10.00000 20.00000 19.00000 6.00000 18.00000 17.00000 16.00000 8.00000 10.00000 27.00000 12.00000 27.00000 16.00000
19.00000 20.00000 16.00000 13.00000 21.00000 8.00000 16.00000 10.00000 10.00000 13.00000 14.00000 5.00000 17.00000 7.00000 10.00000 9.00000 19.00000 13.00000 14.00000 9.00000 5.00000 6.00000 17.00000 14.00000 12.00000 23.00000 13.00000 9.00000 19.00000 17.00000 13.00000 19.00000 14.00000 13.00000 17.00000 11.00000 16.00000 21.00000 18.00000 30.00000 13.00000 13.00000 17.00000 5.00000 8.00000 18.00000 7.00000 15.00000 17.00000 17.00000 7.00000 14.00000 4.00000 13.00000 6.00000 0.00000 20.00000 12.00000 18.00000 16.00000 22.00000 5.00000 13.00000 7.00000 8.00000 17.00000 17.00000 5.00000 13.00000 12.00000 12.00000 4.00000 6.00000 30.00000 7.00000 25.00000 19.00000
33.00000 34.00000 15.00000 26.00000 17.00000 20.00000 15.00000 14.00000 26.00000 11.00000 28.00000 24.00000 10.00000 17.00000 24.00000 15.00000 25.00000 13.00000 11.00000 20.00000 19.00000 21.00000 10.00000 9.00000 26.00000 25.00000 15.00000 20.00000 33.00000 16.00000 9.00000 23.00000 10.00000 13.00000 9.00000 13.00000 12.00000 19.00000 17.00000 31.00000 13.00000 11.00000 17.00000 20.00000 25.00000 11.00000 21.00000 15.00000 10.00000 31.00000 22.00000 15.00000 20.00000 13.00000 24.00000 21.00000 0.00000 11.00000 20.00000 13.00000 27.00000 24.00000 12.00000 22.00000 15.00000 18.00000 18.00000 22.00000 10.00000 14.00000 14.00000 19.00000 17.00000 43.00000 17.00000 21.00000 33.00000
23.00000 25.00000 12.00000 17.00000 12.00000 11.00000 13.00000 9.00000 17.00000 6.00000 19.00000 15.00000 7.00000 8.00000 15.00000 7.00000 20.00000 10.00000 5.00000 12.00000 11.00000 12.00000 7.00000 7.00000 17.00000 20.00000 6.00000 12.00000 23.00000 14.00000 4.00000 13.00000 7.00000 10.00000 8.00000 3.00000 10.00000 16.00000 14.00000 28.00000 9.00000 4.00000 14.00000 12.00000 16.00000 8.00000 12.00000 13.00000 8.00000 21.00000 12.00000 13.00000 10.00000 9.00000 15.00000 12.00000 10.00000 0.00000 10.00000 9.00000 22.00000 15.00000 9.00000 14.00000 5.00000 9.00000 8.00000 13.00000 7.00000 10.00000 10.00000 9.00000 8.00000 34.00000 8.00000 16.00000 23.00000
28.00000 30.00000 22.00000 23.00000 18.00000 15.00000 23.00000 18.00000 23.00000 17.00000 25.00000 21.00000 16.00000 14.00000 21.00000 14.00000 21.00000 20.00000 16.00000 19.00000 17.00000 17.00000 14.00000 17.00000 13.00000 24.00000 5.00000 19.00000 28.00000 24.00000 12.00000 8.00000 18.00000 20.00000 15.00000 7.00000 20.00000 27.00000 25.00000 38.00000 20.00000 10.00000 24.00000 18.00000 22.00000 15.00000 18.00000 23.00000 15.00000 27.00000 18.00000 23.00000 16.00000 20.00000 21.00000 18.00000 20.00000 11.00000 0.00000 20.00000 24.00000 21.00000 19.00000 21.00000 11.00000 6.00000 8.00000 20.00000 17.00000 21.00000 20.00000 15.00000 14.00000 35.00000 15.00000 22.00000 28.00000
30.00000 31.00000 5.00000 24.00000 22.00000 18.00000 6.00000 10.00000 22.00000 7.00000 26.00000 18.00000 14.00000 14.00000 22.00000 11.00000 30.00000 4.00000 8.00000 13.00000 13.00000 18.00000 16.00000 5.00000 23.00000 31.00000 16.00000 13.00000 30.00000 7.00000 12.00000 23.00000 3.00000 5.00000 15.00000 14.00000 1.00000 9.00000 7.00000 21.00000 4.00000 15.00000 7.00000 14.00000 22.00000 17.00000 19.00000 5.00000 16.00000 28.00000 19.00000 6.00000 17.00000 4.00000 20.00000 15.00000 10.00000 12.00000 20.00000 0.00000 33.00000 17.00000 6.00000 16.00000 15.00000 20.00000 18.00000 15.00000 4.00000 6.00000 6.00000 16.00000 15.00000 41.00000 13.00000 26.00000 30.00000
18.00000 23.00000 33.00000 20.00000 15.00000 19.00000 33.00000 27.00000 22.00000 28.00000 22.00000 25.00000 23.00000 22.00000 18.00000 24.00000 5.00000 30.00000 27.00000 27.00000 24.00000 21.00000 21.00000 29.00000 14.00000 6.00000 26.00000 26.00000 18.00000 34.00000 22.00000 24.00000 29.00000 29.00000 22.00000 24.00000 32.00000 38.00000 35.00000 47.00000 30.00000 20.00000 34.00000 24.00000 21.00000 22.00000 21.00000 32.00000 22.00000 20.00000 21.00000 31.00000 21.00000 30.00000 22.00000 22.00000 27.00000 22.00000 24.00000 31.00000 0.00000 24.00000 30.00000 26.00000 21.00000 27.00000 27.00000 25.00000 28.00000 29.00000 28.00000 20.00000 21.00000 22.00000 24.00000 18.00000 18.00000
18.00000 19.00000 18.00000 12.00000 24.00000 12.00000 18.00000 12.00000 8.00000 14.00000 13.00000 2.00000 19.00000 11.00000 9.00000 11.00000 22.00000 15.00000 16.00000 8.00000 7.00000 5.00000 19.00000 16.00000 16.00000 26.00000 16.00000 8.00000 18.00000 18.00000 16.00000 21.00000 16.00000 14.00000 20.00000 14.00000 18.00000 23.00000 20.00000 31.00000 15.00000 16.00000 19.00000 7.00000 6.00000 20.00000 8.00000 17.00000 20.00000 16.00000 4.00000 16.00000 5.00000 15.00000 4.00000 5.00000 22.00000 15.00000 21.00000 17.00000 25.00000 0.00000 15.00000 2.00000 10.00000 20.00000 19.00000 3.00000 15.00000 14.00000 14.00000 8.00000 10.00000 29.00000 9.00000 27.00000 18.00000
27.00000 28.00000 10.00000 21.00000 19.00000 15.00000 10.00000 6.00000 19.00000 3.00000 23.00000 15.00000 13.00000 10.00000 19.00000 7.00000 26.00000 4.00000 5.00000 11.00000 10.00000 15.00000 14.00000 4.00000 20.00000 27.00000 13.00000 11.00000 27.00000 11.00000 11.00000 20.00000 4.00000 3.00000 13.00000 11.00000 7.00000 14.00000 12.00000 26.00000 5.00000 11.00000 12.00000 11.00000 19.00000 15.00000 16.00000 8.00000 15.00000 25.00000 16.00000 8.00000 14.00000 4.00000 17.00000 13.00000 12.00000 9.00000 17.00000 6.00000 29.00000 15.00000 0.00000 14.00000 11.00000 16.00000 15.00000 13.00000 4.00000 5.00000 4.00000 12.00000 10.00000 38.00000 9.00000 23.00000 27.00000
20.00000 21.00000 17.00000 13.00000 23.00000 13.00000 16.00000 11.00000 8.00000 14.00000 13.00000 3.00000 20.00000 11.00000 11.00000 10.00000 24.00000 15.00000 15.00000 7.00000 7.00000 7.00000 19.00000 15.00000 17.00000 27.00000 16.00000 6.00000 20.00000 17.00000 17.00000 21.00000 16.00000 14.00000 20.00000 14.00000 17.00000 21.00000 19.00000 30.00000 14.00000 15.00000 17.00000 5.00000 7.00000 20.00000 9.00000 16.00000 20.00000 16.00000 6.00000 15.00000 7.00000 15.00000 5.00000 7.00000 22.00000 15.00000 20.00000 17.00000 27.00000 2.00000 14.00000 0.00000 12.00000 20.00000 19.00000 3.00000 15.00000 13.00000 13.00000 9.00000 10.00000 30.00000 9.00000 27.00000 20.00000
19.00000 20.00000 14.00000 12.00000 14.00000 6.00000 15.00000 10.00000 12.00000 9.00000 14.00000 10.00000 10.00000 4.00000 10.00000 6.00000 18.00000 12.00000 7.00000 11.00000 9.00000 7.00000 10.00000 9.00000 12.00000 22.00000 7.00000 11.00000 19.00000 16.00000 7.00000 12.00000 10.00000 12.00000 11.00000 5.00000 12.00000 19.00000 17.00000 30.00000 12.00000 7.00000 16.00000 9.00000 11.00000 11.00000 7.00000 15.00000 11.00000 16.00000 7.00000 14.00000 6.00000 12.00000 10.00000 7.00000 13.00000 6.00000 11.00000 12.00000 21.00000 10.00000 10.00000 12.00000 0.00000 11.00000 10.00000 10.00000 9.00000 12.00000 11.00000 4.00000 3.00000 29.00000 7.00000 18.00000 19.00000
29.00000 30.00000 22.00000 23.00000 16.00000 15.00000 22.00000 17.00000 22.00000 16.00000 24.00000 20.00000 14.00000 14.00000 20.00000 13.00000 24.00000 19.00000 15.00000 18.00000 17.00000 17.00000 12.00000 17.00000 16.00000 24.00000 5.00000 18.00000 29.00000 23.00000 11.00000 11.00000 17.00000 19.00000 13.00000 6.00000 19.00000 26.00000 24.00000 38.00000 19.00000 8.00000 24.00000 18.00000 21.00000 13.00000 17.00000 23.00000 13.00000 27.00000 18.00000 22.00000 16.00000 19.00000 21.00000 17.00000 18.00000 10.00000 6.00000 19.00000 27.00000 20.00000 18.00000 20.00000 11.00000 0.00000 3.00000 19.00000 16.00000 20.00000 19.00000 15.00000 14.00000 38.00000 14.00000 20.00000 29.00000
28.00000 29.00000 21.00000 22.00000 15.00000 14.00000 21.00000 16.00000 22.00000 15.00000 24.00000 20.00000 13.00000 13.00000 20.00000 13.00000 23.00000 18.00000 14.00000 18.00000 16.00000 16.00000 11.00000 16.00000 17.00000 23.00000 4.00000 17.00000 28.00000 22.00000 10.00000 11.00000 16.00000 18.00000 12.00000 6.00000 18.00000 25.00000 23.00000 37.00000 18.00000 7.00000 23.00000 17.00000 21.00000 12.00000 17.00000 22.00000 12.00000 26.00000 17.00000 21.00000 15.00000 18.00000 20.00000 17.00000 17.00000 9.00000 8.00000 18.00000 25.00000 20.00000 17.00000 19.00000 10.00000 3.00000 0.00000 18.00000 15.00000 19.00000 18.00000 14.00000 13.00000 39.00000 14.00000 19.00000 28.00000
20.00000 21.00000 16.00000 14.00000 22.00000 11.00000 16.00000 10.00000 9.00000 13.00000 15.00000 3.00000 18.00000 9.00000 11.00000 9.00000 22.00000 13.00000 14.00000 8.00000 5.00000 7.00000 18.00000 14.00000 16.00000 26.00000 14.00000 8.00000 20.00000 17.00000 15.00000 20.00000 14.00000 13.00000 19.00000 13.00000 16.00000 21.00000 18.00000 30.00000 13.00000 14.00000 17.00000 5.00000 7.00000 19.00000 9.00000 15.00000 18.00000 18.00000 7.00000 14.00000 6.00000 13.00000 5.00000 5.00000 20.00000 14.00000 19.00000 16.00000 25.00000 3.00000 13.00000 3.00000 11.00000 18.00000 18.00000 0.00000 13.00000 12.00000 12.00000 7.00000 8.00000 31.00000 7.00000 26.00000 20.00000
29.00000 30.00000 8.00000 23.00000 21.00000 16.00000 9.00000 8.00000 22.00000 6.00000 24.00000 17.00000 13.00000 12.00000 20.00000 9.00000 28.00000 5.00000 7.00000 13.00000 12.00000 17.00000 14.00000 2.00000 22.00000 29.00000 15.00000 13.00000 29.00000 10.00000 11.00000 22.00000 2.00000 5.00000 13.00000 13.00000 4.00000 13.00000 11.00000 24.00000 5.00000 13.00000 10.00000 14.00000 21.00000 15.00000 17.00000 9.00000 14.00000 27.00000 18.00000 8.00000 16.00000 5.00000 20.00000 15.00000 10.00000 11.00000 19.00000 4.00000 31.00000 17.00000 5.00000 16.00000 13.00000 18.00000 17.00000 15.00000 0.00000 6.00000 7.00000 14.00000 12.00000 40.00000 10.00000 25.00000 29.00000
27.00000 28.00000 7.00000 20.00000 22.00000 15.00000 8.00000 5.00000 18.00000 7.00000 22.00000 14.00000 16.00000 11.00000 18.00000 7.00000 26.00000 3.00000 7.00000 10.00000 9.00000 15.00000 17.00000 6.00000 19.00000 29.00000 15.00000 10.00000 27.00000 9.00000 13.00000 21.00000 5.00000 3.00000 16.00000 13.00000 6.00000 12.00000 9.00000 23.00000 3.00000 14.00000 9.00000 10.00000 17.00000 18.00000 15.00000 6.00000 17.00000 24.00000 15.00000 5.00000 13.00000 3.00000 16.00000 11.00000 13.00000 11.00000 19.00000 5.00000 29.00000 13.00000 5.00000 12.00000 12.00000 19.00000 18.00000 11.00000 5.00000 0.00000 3.00000 12.00000 11.00000 37.00000 9.00000 25.00000 27.00000
27.00000 28.00000 9.00000 20.00000 20.00000 15.00000 10.00000 5.00000 18.00000 5.00000 22.00000 14.00000 14.00000 10.00000 18.00000 7.00000 26.00000 5.00000 6.00000 10.00000 9.00000 15.00000 15.00000 5.00000 19.00000 29.00000 14.00000 10.00000 27.00000 10.00000 12.00000 21.00000 5.00000 3.00000 15.00000 12.00000 7.00000 13.00000 11.00000 25.00000 5.00000 13.00000 11.00000 10.00000 18.00000 16.00000 15.00000 7.00000 16.00000 24.00000 16.00000 7.00000 13.00000 5.00000 16.00000 11.00000 12.00000 10.00000 18.00000 7.00000 29.00000 13.00000 2.00000 12.00000 12.00000 18.00000 17.00000 11.00000 4.00000 3.00000 0.00000 12.00000 11.00000 37.00000 9.00000 24.00000 27.00000
17.00000 18.00000 16.00000 11.00000 18.00000 5.00000 16.00000 9.00000 10.00000 12.00000 12.00000 8.00000 14.00000 5.00000 8.00000 7.00000 16.00000 13.00000 11.00000 9.00000 7.00000 5.00000 14.00000 13.00000 10.00000 20.00000 11.00000 9.00000 17.00000 16.00000 11.00000 16.00000 14.00000 12.00000 15.00000 9.00000 16.00000 21.00000 18.00000 29.00000 13.00000 11.00000 17.00000 7.00000 9.00000 15.00000 5.00000 14.00000 15.00000 15.00000 6.00000 14.00000 4.00000 13.00000 8.00000 4.00000 17.00000 10.00000 15.00000 15.00000 20.00000 8.00000 12.00000 9.00000 5.00000 15.00000 14.00000 8.00000 13.00000 12.00000 11.00000 0.00000 4.00000 28.00000 6.00000 22.00000 17.00000
19.00000 20.00000 16.00000 12.00000 16.00000 6.00000 16.00000 9.00000 12.00000 10.00000 14.00000 10.00000 13.00000 2.00000 10.00000 4.00000 18.00000 13.00000 10.00000 9.00000 7.00000 7.00000 12.00000 12.00000 12.00000 22.00000 8.00000 9.00000 19.00000 16.00000 10.00000 14.00000 13.00000 12.00000 13.00000 7.00000 15.00000 20.00000 18.00000 29.00000 12.00000 8.00000 16.00000 7.00000 11.00000 13.00000 7.00000 14.00000 13.00000 17.00000 8.00000 13.00000 6.00000 13.00000 10.00000 6.00000 16.00000 9.00000 13.00000 15.00000 21.00000 10.00000 10.00000 9.00000 4.00000 13.00000 12.00000 8.00000 12.00000 11.00000 11.00000 4.00000 0.00000 30.00000 5.00000 20.00000 19.00000
19.00000 14.00000 42.00000 21.00000 32.00000 30.00000 42.00000 36.00000 26.00000 37.00000 23.00000 29.00000 38.00000 31.00000 21.00000 34.00000 21.00000 39.00000 35.00000 33.00000 33.00000 26.00000 38.00000 37.00000 25.00000 25.00000 35.00000 33.00000 19.00000 43.00000 35.00000 35.00000 38.00000 39.00000 39.00000 33.00000 40.00000 47.00000 44.00000 56.00000 39.00000 35.00000 43.00000 33.00000 24.00000 39.00000 25.00000 41.00000 39.00000 18.00000 25.00000 40.00000 27.00000 39.00000 26.00000 30.00000 41.00000 33.00000 35.00000 40.00000 22.00000 28.00000 38.00000 30.00000 29.00000 38.00000 38.00000 31.00000 37.00000 38.00000 38.00000 28.00000 30.00000 0.00000 33.00000 29.00000 19.00000
21.00000 22.00000 15.00000 14.00000 15.00000 8.00000 15.00000 9.00000 14.00000 9.00000 16.00000 12.00000 12.00000 3.00000 12.00000 4.00000 20.00000 12.00000 9.00000 9.00000 7.00000 9.00000 11.00000 12.00000 14.00000 23.00000 7.00000 9.00000 21.00000 16.00000 9.00000 13.00000 12.00000 11.00000 12.00000 6.00000 14.00000 20.00000 17.00000 29.00000 12.00000 7.00000 16.00000 8.00000 13.00000 12.00000 9.00000 14.00000 12.00000 18.00000 10.00000 13.00000 8.00000 12.00000 12.00000 8.00000 16.00000 8.00000 12.00000 14.00000 23.00000 12.00000 10.00000 11.00000 5.00000 12.00000 11.00000 10.00000 11.00000 11.00000 10.00000 6.00000 3.00000 31.00000 0.00000 19.00000 21.00000
32.00000 33.00000 28.00000 31.00000 7.00000 25.00000 29.00000 24.00000 31.00000 23.00000 33.00000 29.00000 18.00000 22.00000 29.00000 21.00000 17.00000 26.00000 22.00000 26.00000 24.00000 25.00000 15.00000 23.00000 21.00000 18.00000 20.00000 26.00000 32.00000 30.00000 16.00000 28.00000 24.00000 26.00000 16.00000 18.00000 26.00000 33.00000 31.00000 44.00000 26.00000 15.00000 30.00000 26.00000 30.00000 16.00000 26.00000 30.00000 16.00000 34.00000 26.00000 29.00000 24.00000 26.00000 29.00000 26.00000 22.00000 17.00000 25.00000 26.00000 20.00000 29.00000 25.00000 28.00000 19.00000 22.00000 21.00000 27.00000 23.00000 27.00000 26.00000 23.00000 22.00000 28.00000 22.00000 0.00000 32.00000
0.00000 12.00000 31.00000 11.00000 27.00000 19.00000 31.00000 24.00000 15.00000 25.00000 13.00000 17.00000 27.00000 20.00000 10.00000 22.00000 16.00000 28.00000 24.00000 22.00000 21.00000 14.00000 27.00000 26.00000 18.00000 21.00000 23.00000 22.00000 0.00000 31.00000 23.00000 29.00000 26.00000 27.00000 27.00000 21.00000 29.00000 35.00000 33.00000 44.00000 27.00000 23.00000 31.00000 21.00000 14.00000 28.00000 13.00000 29.00000 27.00000 11.00000 13.00000 28.00000 15.00000 28.00000 15.00000 18.00000 30.00000 22.00000 28.00000 28.00000 18.00000 17.00000 27.00000 19.00000 18.00000 27.00000 27.00000 19.00000 25.00000 27.00000 26.00000 16.00000 19.00000 19.00000 21.00000 30.00000 0.00000
p
0.0 0.0 0.0 0.0 0.0 0.0 
0.0 0.0 0.0 0.0 0.0 0.0 
0.0 0.0 0.0 0.0 0.0 0.0 
0.0 0.0 0.0 0.0 0.0 0.0 
0.0 0.0 0.0 0.0 0.0 0.0 
0.0 0.0 0.0 0.0 0.0 0.0 
0.0 0.0 0.0 0.0 0.0 0.0 
0.0 0.0 0.0 0.0 0.0 0.0 
0.0 0.0 0.0 0.0 0.0 0.0 
0.0 0.0 0.0 0.0 0.0 0.0 
0.0 0.0 0.0 0.0 0.0 0.0 
0.0 0.0 0.0 0.0 0.0 0.0 
0.0 0.0 0.0 0.0 0.0 0.0 
0.0 0.0 0.0 0.0 0.0 0.0 
0.0 0.0 0.0 0.0 0.0 0.0 
0 29 0 0 17 0 
0 29 0 0 17 0 
0 29 0 0 17 0 
0 29 0 0 17 0 
0 29 0 0 17 0 
0 29 0 0 17 0 
0 29 0 0 17 0 
0 29 0 0 17 0 
0 29 0 0 17 0 
0 29 0 0 17 0 
0 29 0 0 17 0 
0 29 0 0 17 0 
0 29 0 0 17 0 
0 29 0 0 17 0 
0 29 0 0 17 0 
0 0 0 0 0 46 
0 0 0 0 0 46 
0 0 0 0 0 46 
0 0 0 0 0 46 
0 0 0 0 0 46 
0 0 0 0 0 46 
0 0 0 0 0 46 
0 0 0 0 0 46 
0 0 0 0 0 46 
0 0 0 0 0 46 
0 0 0 0 0 46 
0 0 0 0 0 46 
0 0 0 0 0 46 
0 0 0 0 0 46 
0 0 0 0 0 46 
0 0 0 0 0 32 
0 0 0 0 0 32 
0 0 0 0 0 32 
0 0 0 0 0 32 
0 0 0 0 0 32 
0 0 0 0 0 32 
0 0 0 0 0 32 
0 0 0 0 0 32 
0 0 0 0 0 32 
0 0 0 0 0 32 
0 0 0 0 0 32 
0 0 0 0 0 32 
0 0 0 0 0 32 
0 0 0 0 0 32 
0 0 0 0 0 32 
30 0 0 0 0 31 
30 0 0 0 0 31 
30 0 0 0 0 31 
30 0 0 0 0 31 
30 0 0 0 0 31 
30 0 0 0 0 31 
30 0 0 0 0 31 
30 0 0 0 0 31 
30 0 0 0 0 31 
30 0 0 0 0 31 
30 0 0 0 0 31 
30 0 0 0 0 31 
30 0 0 0 0 31 
30 0 0 0 0 31 
30 0 0 0 0 31 
16 0 0 60 0 0 
16 0 0 60 0 0 
16 0 0 60 0 0 
16 0 0 60 0 0 
16 0 0 60 0 0 
16 0 0 60 0 0 
16 0 0 60 0 0 
16 0 0 60 0 0 
16 0 0 60 0 0 
16 0 0 60 0 0 
16 0 0 60 0 0 
16 0 0 60 0 0 
16 0 0 60 0 0 
16 0 0 60 0 0 
16 0 0 60 0 0 
0 0 50 0 0 0 
0 0 50 0 0 0 
0 0 50 0 0 0 
0 0 50 0 0 0 
0 0 50 0 0 0 
0 0 50 0 0 0 
0 0 50 0 0 0 
0 0 50 0 0 0 
0 0 50 0 0 0 
0 0 50 0 0 0 
0 0 50 0 0 0 
0 0 50 0 0 0 
0 0 50 0 0 0 
0 0 50 0 0 0 
0 0 50 0 0 0 
0 0 0 0 0 36 
0 0 0 0 0 36 
0 0 0 0 0 36 
0 0 0 0 0 36 
0 0 0 0 0 36 
0 0 0 0 0 36 
0 0 0 0 0 36 
0 0 0 0 0 36 
0 0 0 0 0 36 
0 0 0 0 0 36 
0 0 0 0 0 36 
0 0 0 0 0 36 
0 0 0 0 0 36 
0 0 0 0 0 36 
0 0 0 0 0 36 
0 0 50 0 0 15 
0 0 50 0 0 15 
0 0 50 0 0 15 
0 0 50 0 0 15 
0 0 50 0 0 15 
0 0 50 0 0 15 
0 0 50 0 0 15 
0 0 50 0 0 15 
0 0 50 0 0 15 
0 0 50 0 0 15 
0 0 50 0 0 15 
0 0 50 0 0 15 
0 0 50 0 0 15 
0 0 50 0 0 15 
0 0 50 0 0 15 
0 0 51 0 0 0 
0 0 51 0 0 0 
0 0 51 0 0 0 
0 0 51 0 0 0 
0 0 51 0 0 0 
0 0 51 0 0 0 
0 0 51 0 0 0 
0 0 51 0 0 0 
0 0 51 0 0 0 
0 0 51 0 0 0 
0 0 51 0 0 0 
0 0 51 0 0 0 
0 0 51 0 0 0 
0 0 51 0 0 0 
0 0 51 0 0 0 
0 0 0 0 50 0 
0 0 0 0 50 0 
0 0 0 0 50 0 
0 0 0 0 50 0 
0 0 0 0 50 0 
0 0 0 0 50 0 
0 0 0 0 50 0 
0 0 0 0 50 0 
0 0 0 0 50 0 
0 0 0 0 50 0 
0 0 0 0 50 0 
0 0 0 0 50 0 
0 0 0 0 50 0 
0 0 0 0 50 0 
0 0 0 0 50 0 
0 0 15 0 0 0 
0 0 15 0 0 0 
0 0 15 0 0 0 
0 0 15 0 0 0 
0 0 15 0 0 0 
0 0 15 0 0 0 
0 0 15 0 0 0 
0 0 15 0 0 0 
0 0 15 0 0 0 
0 0 15 0 0 0 
0 0 15 0 0 0 
0 0 15 0 0 0 
0 0 15 0 0 0 
0 0 15 0 0 0 
0 0 15 0 0 0 
31 0 0 0 0 0 
31 0 0 0 0 0 
31 0 0 0 0 0 
31 0 0 0 0 0 
31 0 0 0 0 0 
31 0 0 0 0 0 
31 0 0 0 0 0 
31 0 0 0 0 0 
31 0 0 0 0 0 
31 0 0 0 0 0 
31 0 0 0 0 0 
31 0 0 0 0 0 
31 0 0 0 0 0 
31 0 0 0 0 0 
31 0 0 0 0 0 
0 0 45 0 0 50 
0 0 45 0 0 50 
0 0 45 0 0 50 
0 0 45 0 0 50 
0 0 45 0 0 50 
0 0 45 0 0 50 
0 0 45 0 0 50 
0 0 45 0 0 50 
0 0 45 0 0 50 
0 0 45 0 0 50 
0 0 45 0 0 50 
0 0 45 0 0 50 
0 0 45 0 0 50 
0 0 45 0 0 50 
0 0 45 0 0 50 
0 28 0 0 0 0 
0 28 0 0 0 0 
0 28 0 0 0 0 
0 28 0 0 0 0 
0 28 0 0 0 0 
0 28 0 0 0 0 
0 28 0 0 0 0 
0 28 0 0 0 0 
0 28 0 0 0 0 
0 28 0 0 0 0 
0 28 0 0 0 0 
0 28 0 0 0 0 
0 28 0 0 0 0 
0 28 0 0 0 0 
0 28 0 0 0 0 
0 51 0 0 28 0 
0 51 0 0 28 0 
0 51 0 0 28 0 
0 51 0 0 28 0 
0 51 0 0 28 0 
0 51 0 0 28 0 
0 51 0 0 28 0 
0 51 0 0 28 0 
0 51 0 0 28 0 
0 51 0 0 28 0 
0 51 0 0 28 0 
0 51 0 0 28 0 
0 51 0 0 28 0 
0 51 0 0 28 0 
0 51 0 0 28 0 
53 0 0 0 0 0 
53 0 0 0 0 0 
53 0 0 0 0 0 
53 0 0 0 0 0 
53 0 0 0 0 0 
53 0 0 0 0 0 
53 0 0 0 0 0 
53 0 0 0 0 0 
53 0 0 0 0 0 
53 0 0 0 0 0 
53 0 0 0 0 0 
53 0 0 0 0 0 
53 0 0 0 0 0 
53 0 0 0 0 0 
53 0 0 0 0 0 
39 0 0 27 0 0 
39 0 0 27 0 0 
39 0 0 27 0 0 
39 0 0 27 0 0 
39 0 0 27 0 0 
39 0 0 27 0 0 
39 0 0 27 0 0 
39 0 0 27 0 0 
39 0 0 27 0 0 
39 0 0 27 0 0 
39 0 0 27 0 0 
39 0 0 27 0 0 
39 0 0 27 0 0 
39 0 0 27 0 0 
39 0 0 27 0 0 
0 0 0 16 0 0 
0 0 0 16 0 0 
0 0 0 16 0 0 
0 0 0 16 0 0 
0 0 0 16 0 0 
0 0 0 16 0 0 
0 0 0 16 0 0 
0 0 0 16 0 0 
0 0 0 16 0 0 
0 0 0 16 0 0 
0 0 0 16 0 0 
0 0 0 16 0 0 
0 0 0 16 0 0 
0 0 0 16 0 0 
0 0 0 16 0 0 
0 0 26 0 0 39 
0 0 26 0 0 39 
0 0 26 0 0 39 
0 0 26 0 0 39 
0 0 26 0 0 39 
0 0 26 0 0 39 
0 0 26 0 0 39 
0 0 26 0 0 39 
0 0 26 0 0 39 
0 0 26 0 0 39 
0 0 26 0 0 39 
0 0 26 0 0 39 
0 0 26 0 0 39 
0 0 26 0 0 39 
0 0 26 0 0 39 
0 60 0 58 0 0 
0 60 0 58 0 0 
0 60 0 58 0 0 
0 60 0 58 0 0 
0 60 0 58 0 0 
0 60 0 58 0 0 
0 60 0 58 0 0 
0 60 0 58 0 0 
0 60 0 58 0 0 
0 60 0 58 0 0 
0 60 0 58 0 0 
0 60 0 58 0 0 
0 60 0 58 0 0 
0 60 0 58 0 0 
0 60 0 58 0 0 
0 0 0 0 44 0 
0 0 0 0 44 0 
0 0 0 0 44 0 
0 0 0 0 44 0 
0 0 0 0 44 0 
0 0 0 0 44 0 
0 0 0 0 44 0 
0 0 0 0 44 0 
0 0 0 0 44 0 
0 0 0 0 44 0 
0 0 0 0 44 0 
0 0 0 0 44 0 
0 0 0 0 44 0 
0 0 0 0 44 0 
0 0 0 0 44 0 
0 0 0 0 60 0 
0 0 0 0 60 0 
0 0 0 0 60 0 
0 0 0 0 60 0 
0 0 0 0 60 0 
0 0 0 0 60 0 
0 0 0 0 60 0 
0 0 0 0 60 0 
0 0 0 0 60 0 
0 0 0 0 60 0 
0 0 0 0 60 0 
0 0 0 0 60 0 
0 0 0 0 60 0 
0 0 0 0 60 0 
0 0 0 0 60 0 
0 0 0 0 58 0 
0 0 0 0 58 0 
0 0 0 0 58 0 
0 0 0 0 58 0 
0 0 0 0 58 0 
0 0 0 0 58 0 
0 0 0 0 58 0 
0 0 0 0 58 0 
0 0 0 0 58 0 
0 0 0 0 58 0 
0 0 0 0 58 0 
0 0 0 0 58 0 
0 0 0 0 58 0 
0 0 0 0 58 0 
0 0 0 0 58 0 
0 0 0 0 19 0 
0 0 0 0 19 0 
0 0 0 0 19 0 
0 0 0 0 19 0 
0 0 0 0 19 0 
0 0 0 0 19 0 
0 0 0 0 19 0 
0 0 0 0 19 0 
0 0 0 0 19 0 
0 0 0 0 19 0 
0 0 0 0 19 0 
0 0 0 0 19 0 
0 0 0 0 19 0 
0 0 0 0 19 0 
0 0 0 0 19 0 
0 0 0 0 20 0 
0 0 0 0 20 0 
0 0 0 0 20 0 
0 0 0 0 20 0 
0 0 0 0 20 0 
0 0 0 0 20 0 
0 0 0 0 20 0 
0 0 0 0 20 0 
0 0 0 0 20 0 
0 0 0 0 20 0 
0 0 0 0 20 0 
0 0 0 0 20 0 
0 0 0 0 20 0 
0 0 0 0 20 0 
0 0 0 0 20 0 
0 0 56 0 0 42 
0 0 56 0 0 42 
0 0 56 0 0 42 
0 0 56 0 0 42 
0 0 56 0 0 42 
0 0 56 0 0 42 
0 0 56 0 0 42 
0 0 56 0 0 42 
0 0 56 0 0 42 
0 0 56 0 0 42 
0 0 56 0 0 42 
0 0 56 0 0 42 
0 0 56 0 0 42 
0 0 56 0 0 42 
0 0 56 0 0 42 
59 0 0 0 0 0 
59 0 0 0 0 0 
59 0 0 0 0 0 
59 0 0 0 0 0 
59 0 0 0 0 0 
59 0 0 0 0 0 
59 0 0 0 0 0 
59 0 0 0 0 0 
59 0 0 0 0 0 
59 0 0 0 0 0 
59 0 0 0 0 0 
59 0 0 0 0 0 
59 0 0 0 0 0 
59 0 0 0 0 0 
59 0 0 0 0 0 
0 0 0 0 39 0 
0 0 0 0 39 0 
0 0 0 0 39 0 
0 0 0 0 39 0 
0 0 0 0 39 0 
0 0 0 0 39 0 
0 0 0 0 39 0 
0 0 0 0 39 0 
0 0 0 0 39 0 
0 0 0 0 39 0 
0 0 0 0 39 0 
0 0 0 0 39 0 
0 0 0 0 39 0 
0 0 0 0 39 0 
0 0 0 0 39 0 
22 0 0 0 0 0 
22 0 0 0 0 0 
22 0 0 0 0 0 
22 0 0 0 0 0 
22 0 0 0 0 0 
22 0 0 0 0 0 
22 0 0 0 0 0 
22 0 0 0 0 0 
22 0 0 0 0 0 
22 0 0 0 0 0 
22 0 0 0 0 0 
22 0 0 0 0 0 
22 0 0 0 0 0 
22 0 0 0 0 0 
22 0 0 0 0 0 
0 0 22 0 56 0 
0 0 22 0 56 0 
0 0 22 0 56 0 
0 0 22 0 56 0 
0 0 22 0 56 0 
0 0 22 0 56 0 
0 0 22 0 56 0 
0 0 22 0 56 0 
0 0 22 0 56 0 
0 0 22 0 56 0 
0 0 22 0 56 0 
0 0 22 0 56 0 
0 0 22 0 56 0 
0 0 22 0 56 0 
0 0 22 0 56 0 
0 0 0 0 0 21 
0 0 0 0 0 21 
0 0 0 0 0 21 
0 0 0 0 0 21 
0 0 0 0 0 21 
0 0 0 0 0 21 
0 0 0 0 0 21 
0 0 0 0 0 21 
0 0 0 0 0 21 
0 0 0 0 0 21 
0 0 0 0 0 21 
0 0 0 0 0 21 
0 0 0 0 0 21 
0 0 0 0 0 21 
0 0 0 0 0 21 
0 0 0 0 0 56 
0 0 0 0 0 56 
0 0 0 0 0 56 
0 0 0 0 0 56 
0 0 0 0 0 56 
0 0 0 0 0 56 
0 0 0 0 0 56 
0 0 0 0 0 56 
0 0 0 0 0 56 
0 0 0 0 0 56 
0 0 0 0 0 56 
0 0 0 0 0 56 
0 0 0 0 0 56 
0 0 0 0 0 56 
0 0 0 0 0 56 
38 0 0 0 0 0 
38 0 0 0 0 0 
38 0 0 0 0 0 
38 0 0 0 0 0 
38 0 0 0 0 0 
38 0 0 0 0 0 
38 0 0 0 0 0 
38 0 0 0 0 0 
38 0 0 0 0 0 
38 0 0 0 0 0 
38 0 0 0 0 0 
38 0 0 0 0 0 
38 0 0 0 0 0 
38 0 0 0 0 0 
38 0 0 0 0 0 
0 0 0 0 27 0 
0 0 0 0 27 0 
0 0 0 0 27 0 
0 0 0 0 27 0 
0 0 0 0 27 0 
0 0 0 0 27 0 
0 0 0 0 27 0 
0 0 0 0 27 0 
0 0 0 0 27 0 
0 0 0 0 27 0 
0 0 0 0 27 0 
0 0 0 0 27 0 
0 0 0 0 27 0 
0 0 0 0 27 0 
0 0 0 0 27 0 
0 0 0 0 47 0 
0 0 0 0 47 0 
0 0 0 0 47 0 
0 0 0 0 47 0 
0 0 0 0 47 0 
0 0 0 0 47 0 
0 0 0 0 47 0 
0 0 0 0 47 0 
0 0 0 0 47 0 
0 0 0 0 47 0 
0 0 0 0 47 0 
0 0 0 0 47 0 
0 0 0 0 47 0 
0 0 0 0 47 0 
0 0 0 0 47 0 
50 0 0 0 0 46 
50 0 0 0 0 46 
50 0 0 0 0 46 
50 0 0 0 0 46 
50 0 0 0 0 46 
50 0 0 0 0 46 
50 0 0 0 0 46 
50 0 0 0 0 46 
50 0 0 0 0 46 
50 0 0 0 0 46 
50 0 0 0 0 46 
50 0 0 0 0 46 
50 0 0 0 0 46 
50 0 0 0 0 46 
50 0 0 0 0 46 
0 0 0 38 0 0 
0 0 0 38 0 0 
0 0 0 38 0 0 
0 0 0 38 0 0 
0 0 0 38 0 0 
0 0 0 38 0 0 
0 0 0 38 0 0 
0 0 0 38 0 0 
0 0 0 38 0 0 
0 0 0 38 0 0 
0 0 0 38 0 0 
0 0 0 38 0 0 
0 0 0 38 0 0 
0 0 0 38 0 0 
0 0 0 38 0 0 
37 0 0 24 0 0 
37 0 0 24 0 0 
37 0 0 24 0 0 
37 0 0 24 0 0 
37 0 0 24 0 0 
37 0 0 24 0 0 
37 0 0 24 0 0 
37 0 0 24 0 0 
37 0 0 24 0 0 
37 0 0 24 0 0 
37 0 0 24 0 0 
37 0 0 24 0 0 
37 0 0 24 0 0 
37 0 0 24 0 0 
37 0 0 24 0 0 
0 0 45 44 0 0 
0 0 45 44 0 0 
0 0 45 44 0 0 
0 0 45 44 0 0 
0 0 45 44 0 0 
0 0 45 44 0 0 
0 0 45 44 0 0 
0 0 45 44 0 0 
0 0 45 44 0 0 
0 0 45 44 0 0 
0 0 45 44 0 0 
0 0 45 44 0 0 
0 0 45 44 0 0 
0 0 45 44 0 0 
0 0 45 44 0 0 
56 0 0 0 0 0 
56 0 0 0 0 0 
56 0 0 0 0 0 
56 0 0 0 0 0 
56 0 0 0 0 0 
56 0 0 0 0 0 
56 0 0 0 0 0 
56 0 0 0 0 0 
56 0 0 0 0 0 
56 0 0 0 0 0 
56 0 0 0 0 0 
56 0 0 0 0 0 
56 0 0 0 0 0 
56 0 0 0 0 0 
56 0 0 0 0 0 
37 0 0 0 0 0 
37 0 0 0 0 0 
37 0 0 0 0 0 
37 0 0 0 0 0 
37 0 0 0 0 0 
37 0 0 0 0 0 
37 0 0 0 0 0 
37 0 0 0 0 0 
37 0 0 0 0 0 
37 0 0 0 0 0 
37 0 0 0 0 0 
37 0 0 0 0 0 
37 0 0 0 0 0 
37 0 0 0 0 0 
37 0 0 0 0 0 
0 0 0 0 0 56 
0 0 0 0 0 56 
0 0 0 0 0 56 
0 0 0 0 0 56 
0 0 0 0 0 56 
0 0 0 0 0 56 
0 0 0 0 0 56 
0 0 0 0 0 56 
0 0 0 0 0 56 
0 0 0 0 0 56 
0 0 0 0 0 56 
0 0 0 0 0 56 
0 0 0 0 0 56 
0 0 0 0 0 56 
0 0 0 0 0 56 
0 0 0 0 53 0 
0 0 0 0 53 0 
0 0 0 0 53 0 
0 0 0 0 53 0 
0 0 0 0 53 0 
0 0 0 0 53 0 
0 0 0 0 53 0 
0 0 0 0 53 0 
0 0 0 0 53 0 
0 0 0 0 53 0 
0 0 0 0 53 0 
0 0 0 0 53 0 
0 0 0 0 53 0 
0 0 0 0 53 0 
0 0 0 0 53 0 
0 0 0 0 0 33 
0 0 0 0 0 33 
0 0 0 0 0 33 
0 0 0 0 0 33 
0 0 0 0 0 33 
0 0 0 0 0 33 
0 0 0 0 0 33 
0 0 0 0 0 33 
0 0 0 0 0 33 
0 0 0 0 0 33 
0 0 0 0 0 33 
0 0 0 0 0 33 
0 0 0 0 0 33 
0 0 0 0 0 33 
0 0 0 0 0 33 
21 0 0 0 0 0 
21 0 0 0 0 0 
21 0 0 0 0 0 
21 0 0 0 0 0 
21 0 0 0 0 0 
21 0 0 0 0 0 
21 0 0 0 0 0 
21 0 0 0 0 0 
21 0 0 0 0 0 
21 0 0 0 0 0 
21 0 0 0 0 0 
21 0 0 0 0 0 
21 0 0 0 0 0 
21 0 0 0 0 0 
21 0 0 0 0 0 
0 0 0 0 47 0 
0 0 0 0 47 0 
0 0 0 0 47 0 
0 0 0 0 47 0 
0 0 0 0 47 0 
0 0 0 0 47 0 
0 0 0 0 47 0 
0 0 0 0 47 0 
0 0 0 0 47 0 
0 0 0 0 47 0 
0 0 0 0 47 0 
0 0 0 0 47 0 
0 0 0 0 47 0 
0 0 0 0 47 0 
0 0 0 0 47 0 
0 0 0 0 31 0 
0 0 0 0 31 0 
0 0 0 0 31 0 
0 0 0 0 31 0 
0 0 0 0 31 0 
0 0 0 0 31 0 
0 0 0 0 31 0 
0 0 0 0 31 0 
0 0 0 0 31 0 
0 0 0 0 31 0 
0 0 0 0 31 0 
0 0 0 0 31 0 
0 0 0 0 31 0 
0 0 0 0 31 0 
0 0 0 0 31 0 
44 0 0 0 0 0 
44 0 0 0 0 0 
44 0 0 0 0 0 
44 0 0 0 0 0 
44 0 0 0 0 0 
44 0 0 0 0 0 
44 0 0 0 0 0 
44 0 0 0 0 0 
44 0 0 0 0 0 
44 0 0 0 0 0 
44 0 0 0 0 0 
44 0 0 0 0 0 
44 0 0 0 0 0 
44 0 0 0 0 0 
44 0 0 0 0 0 
0 0 0 29 0 0 
0 0 0 29 0 0 
0 0 0 29 0 0 
0 0 0 29 0 0 
0 0 0 29 0 0 
0 0 0 29 0 0 
0 0 0 29 0 0 
0 0 0 29 0 0 
0 0 0 29 0 0 
0 0 0 29 0 0 
0 0 0 29 0 0 
0 0 0 29 0 0 
0 0 0 29 0 0 
0 0 0 29 0 0 
0 0 0 29 0 0 
0 19 0 17 0 0 
0 19 0 17 0 0 
0 19 0 17 0 0 
0 19 0 17 0 0 
0 19 0 17 0 0 
0 19 0 17 0 0 
0 19 0 17 0 0 
0 19 0 17 0 0 
0 19 0 17 0 0 
0 19 0 17 0 0 
0 19 0 17 0 0 
0 19 0 17 0 0 
0 19 0 17 0 0 
0 19 0 17 0 0 
0 19 0 17 0 0 
0 0 25 0 0 0 
0 0 25 0 0 0 
0 0 25 0 0 0 
0 0 25 0 0 0 
0 0 25 0 0 0 
0 0 25 0 0 0 
0 0 25 0 0 0 
0 0 25 0 0 0 
0 0 25 0 0 0 
0 0 25 0 0 0 
0 0 25 0 0 0 
0 0 25 0 0 0 
0 0 25 0 0 0 
0 0 25 0 0 0 
0 0 25 0 0 0 
0 0 0 0 46 0 
0 0 0 0 46 0 
0 0 0 0 46 0 
0 0 0 0 46 0 
0 0 0 0 46 0 
0 0 0 0 46 0 
0 0 0 0 46 0 
0 0 0 0 46 0 
0 0 0 0 46 0 
0 0 0 0 46 0 
0 0 0 0 46 0 
0 0 0 0 46 0 
0 0 0 0 46 0 
0 0 0 0 46 0 
0 0 0 0 46 0 
27 0 0 0 0 0 
27 0 0 0 0 0 
27 0 0 0 0 0 
27 0 0 0 0 0 
27 0 0 0 0 0 
27 0 0 0 0 0 
27 0 0 0 0 0 
27 0 0 0 0 0 
27 0 0 0 0 0 
27 0 0 0 0 0 
27 0 0 0 0 0 
27 0 0 0 0 0 
27 0 0 0 0 0 
27 0 0 0 0 0 
27 0 0 0 0 0 
0 20 0 0 0 51 
0 20 0 0 0 51 
0 20 0 0 0 51 
0 20 0 0 0 51 
0 20 0 0 0 51 
0 20 0 0 0 51 
0 20 0 0 0 51 
0 20 0 0 0 51 
0 20 0 0 0 51 
0 20 0 0 0 51 
0 20 0 0 0 51 
0 20 0 0 0 51 
0 20 0 0 0 51 
0 20 0 0 0 51 
0 20 0 0 0 51 
27 0 0 0 0 0 
27 0 0 0 0 0 
27 0 0 0 0 0 
27 0 0 0 0 0 
27 0 0 0 0 0 
27 0 0 0 0 0 
27 0 0 0 0 0 
27 0 0 0 0 0 
27 0 0 0 0 0 
27 0 0 0 0 0 
27 0 0 0 0 0 
27 0 0 0 0 0 
27 0 0 0 0 0 
27 0 0 0 0 0 
27 0 0 0 0 0 
0 0 0 0 0 44 
0 0 0 0 0 44 
0 0 0 0 0 44 
0 0 0 0 0 44 
0 0 0 0 0 44 
0 0 0 0 0 44 
0 0 0 0 0 44 
0 0 0 0 0 44 
0 0 0 0 0 44 
0 0 0 0 0 44 
0 0 0 0 0 44 
0 0 0 0 0 44 
0 0 0 0 0 44 
0 0 0 0 0 44 
0 0 0 0 0 44 
0 0 0 0 0 56 
0 0 0 0 0 56 
0 0 0 0 0 56 
0 0 0 0 0 56 
0 0 0 0 0 56 
0 0 0 0 0 56 
0 0 0 0 0 56 
0 0 0 0 0 56 
0 0 0 0 0 56 
0 0 0 0 0 56 
0 0 0 0 0 56 
0 0 0 0 0 56 
0 0 0 0 0 56 
0 0 0 0 0 56 
0 0 0 0 0 56 
0 0 0 0 49 0 
0 0 0 0 49 0 
0 0 0 0 49 0 
0 0 0 0 49 0 
0 0 0 0 49 0 
0 0 0 0 49 0 
0 0 0 0 49 0 
0 0 0 0 49 0 
0 0 0 0 49 0 
0 0 0 0 49 0 
0 0 0 0 49 0 
0 0 0 0 49 0 
0 0 0 0 49 0 
0 0 0 0 49 0 
0 0 0 0 49 0 
0 0 0 0 39 0 
0 0 0 0 39 0 
0 0 0 0 39 0 
0 0 0 0 39 0 
0 0 0 0 39 0 
0 0 0 0 39 0 
0 0 0 0 39 0 
0 0 0 0 39 0 
0 0 0 0 39 0 
0 0 0 0 39 0 
0 0 0 0 39 0 
0 0 0 0 39 0 
0 0 0 0 39 0 
0 0 0 0 39 0 
0 0 0 0 39 0 
0 32 0 57 0 0 
0 32 0 57 0 0 
0 32 0 57 0 0 
0 32 0 57 0 0 
0 32 0 57 0 0 
0 32 0 57 0 0 
0 32 0 57 0 0 
0 32 0 57 0 0 
0 32 0 57 0 0 
0 32 0 57 0 0 
0 32 0 57 0 0 
0 32 0 57 0 0 
0 32 0 57 0 0 
0 32 0 57 0 0 
0 32 0 57 0 0 
0 0 0 36 0 0 
0 0 0 36 0 0 
0 0 0 36 0 0 
0 0 0 36 0 0 
0 0 0 36 0 0 
0 0 0 36 0 0 
0 0 0 36 0 0 
0 0 0 36 0 0 
0 0 0 36 0 0 
0 0 0 36 0 0 
0 0 0 36 0 0 
0 0 0 36 0 0 
0 0 0 36 0 0 
0 0 0 36 0 0 
0 0 0 36 0 0 
0 0 50 45 0 0 
0 0 50 45 0 0 
0 0 50 45 0 0 
0 0 50 45 0 0 
0 0 50 45 0 0 
0 0 50 45 0 0 
0 0 50 45 0 0 
0 0 50 45 0 0 
0 0 50 45 0 0 
0 0 50 45 0 0 
0 0 50 45 0 0 
0 0 50 45 0 0 
0 0 50 45 0 0 
0 0 50 45 0 0 
0 0 50 45 0 0 
0 0 15 0 0 0 
0 0 15 0 0 0 
0 0 15 0 0 0 
0 0 15 0 0 0 
0 0 15 0 0 0 
0 0 15 0 0 0 
0 0 15 0 0 0 
0 0 15 0 0 0 
0 0 15 0 0 0 
0 0 15 0 0 0 
0 0 15 0 0 0 
0 0 15 0 0 0 
0 0 15 0 0 0 
0 0 15 0 0 0 
0 0 15 0 0 0 
0 41 0 0 0 0 
0 41 0 0 0 0 
0 41 0 0 0 0 
0 41 0 0 0 0 
0 41 0 0 0 0 
0 41 0 0 0 0 
0 41 0 0 0 0 
0 41 0 0 0 0 
0 41 0 0 0 0 
0 41 0 0 0 0 
0 41 0 0 0 0 
0 41 0 0 0 0 
0 41 0 0 0 0 
0 41 0 0 0 0 
0 41 0 0 0 0 
0 0 34 0 0 0 
0 0 34 0 0 0 
0 0 34 0 0 0 
0 0 34 0 0 0 
0 0 34 0 0 0 
0 0 34 0 0 0 
0 0 34 0 0 0 
0 0 34 0 0 0 
0 0 34 0 0 0 
0 0 34 0 0 0 
0 0 34 0 0 0 
0 0 34 0 0 0 
0 0 34 0 0 0 
0 0 34 0 0 0 
0 0 34 0 0 0 
0 0 0 0 0 51 
0 0 0 0 0 51 
0 0 0 0 0 51 
0 0 0 0 0 51 
0 0 0 0 0 51 
0 0 0 0 0 51 
0 0 0 0 0 51 
0 0 0 0 0 51 
0 0 0 0 0 51 
0 0 0 0 0 51 
0 0 0 0 0 51 
0 0 0 0 0 51 
0 0 0 0 0 51 
0 0 0 0 0 51 
0 0 0 0 0 51 
0 36 0 0 0 17 
0 36 0 0 0 17 
0 36 0 0 0 17 
0 36 0 0 0 17 
0 36 0 0 0 17 
0 36 0 0 0 17 
0 36 0 0 0 17 
0 36 0 0 0 17 
0 36 0 0 0 17 
0 36 0 0 0 17 
0 36 0 0 0 17 
0 36 0 0 0 17 
0 36 0 0 0 17 
0 36 0 0 0 17 
0 36 0 0 0 17 
48 0 0 0 0 21 
48 0 0 0 0 21 
48 0 0 0 0 21 
48 0 0 0 0 21 
48 0 0 0 0 21 
48 0 0 0 0 21 
48 0 0 0 0 21 
48 0 0 0 0 21 
48 0 0 0 0 21 
48 0 0 0 0 21 
48 0 0 0 0 21 
48 0 0 0 0 21 
48 0 0 0 0 21 
48 0 0 0 0 21 
48 0 0 0 0 21 
19 0 0 0 0 24 
19 0 0 0 0 24 
19 0 0 0 0 24 
19 0 0 0 0 24 
19 0 0 0 0 24 
19 0 0 0 0 24 
19 0 0 0 0 24 
19 0 0 0 0 24 
19 0 0 0 0 24 
19 0 0 0 0 24 
19 0 0 0 0 24 
19 0 0 0 0 24 
19 0 0 0 0 24 
19 0 0 0 0 24 
19 0 0 0 0 24 
41 0 0 0 0 60 
41 0 0 0 0 60 
41 0 0 0 0 60 
41 0 0 0 0 60 
41 0 0 0 0 60 
41 0 0 0 0 60 
41 0 0 0 0 60 
41 0 0 0 0 60 
41 0 0 0 0 60 
41 0 0 0 0 60 
41 0 0 0 0 60 
41 0 0 0 0 60 
41 0 0 0 0 60 
41 0 0 0 0 60 
41 0 0 0 0 60 
30 0 0 0 0 17 
30 0 0 0 0 17 
30 0 0 0 0 17 
30 0 0 0 0 17 
30 0 0 0 0 17 
30 0 0 0 0 17 
30 0 0 0 0 17 
30 0 0 0 0 17 
30 0 0 0 0 17 
30 0 0 0 0 17 
30 0 0 0 0 17 
30 0 0 0 0 17 
30 0 0 0 0 17 
30 0 0 0 0 17 
30 0 0 0 0 17 
0 60 0 0 0 0 
0 60 0 0 0 0 
0 60 0 0 0 0 
0 60 0 0 0 0 
0 60 0 0 0 0 
0 60 0 0 0 0 
0 60 0 0 0 0 
0 60 0 0 0 0 
0 60 0 0 0 0 
0 60 0 0 0 0 
0 60 0 0 0 0 
0 60 0 0 0 0 
0 60 0 0 0 0 
0 60 0 0 0 0 
0 60 0 0 0 0 
53 0 0 0 0 0 
53 0 0 0 0 0 
53 0 0 0 0 0 
53 0 0 0 0 0 
53 0 0 0 0 0 
53 0 0 0 0 0 
53 0 0 0 0 0 
53 0 0 0 0 0 
53 0 0 0 0 0 
53 0 0 0 0 0 
53 0 0 0 0 0 
53 0 0 0 0 0 
53 0 0 0 0 0 
53 0 0 0 0 0 
53 0 0 0 0 0 
0 0 0 0 16 0 
0 0 0 0 16 0 
0 0 0 0 16 0 
0 0 0 0 16 0 
0 0 0 0 16 0 
0 0 0 0 16 0 
0 0 0 0 16 0 
0 0 0 0 16 0 
0 0 0 0 16 0 
0 0 0 0 16 0 
0 0 0 0 16 0 
0 0 0 0 16 0 
0 0 0 0 16 0 
0 0 0 0 16 0 
0 0 0 0 16 0 
0 0 24 29 0 0 
0 0 24 29 0 0 
0 0 24 29 0 0 
0 0 24 29 0 0 
0 0 24 29 0 0 
0 0 24 29 0 0 
0 0 24 29 0 0 
0 0 24 29 0 0 
0 0 24 29 0 0 
0 0 24 29 0 0 
0 0 24 29 0 0 
0 0 24 29 0 0 
0 0 24 29 0 0 
0 0 24 29 0 0 
0 0 24 29 0 0 
0.0 0.0 0.0 0.0 0.0 0.0 
0.0 0.0 0.0 0.0 0.0 0.0 
0.0 0.0 0.0 0.0 0.0 0.0 
0.0 0.0 0.0 0.0 0.0 0.0 
0.0 0.0 0.0 0.0 0.0 0.0 
0.0 0.0 0.0 0.0 0.0 0.0 
0.0 0.0 0.0 0.0 0.0 0.0 
0.0 0.0 0.0 0.0 0.0 0.0 
0.0 0.0 0.0 0.0 0.0 0.0 
0.0 0.0 0.0 0.0 0.0 0.0 
0.0 0.0 0.0 0.0 0.0 0.0 
0.0 0.0 0.0 0.0 0.0 0.0 
0.0 0.0 0.0 0.0 0.0 0.0 
0.0 0.0 0.0 0.0 0.0 0.0 
0.0 0.0 0.0 0.0 0.0 0.0 
mind
0 23 0 0 0 18 0 0 0 0 0 0 0 13 0 11 0 0 0 0 18 0 0 0 0 0 12 0 0 0 13 0 0 0 0 0 0 0 24 10 0 0 0 0 0 0 0 0 0 0 0 0 0 0 0 0 0 0 0 0 0 0 23 0 0 0 0 14 0 0 0 0 0 0 0 26 0
maxd
0 25 0 0 0 27 0 0 0 0 0 0 0 22 0 28 0 0 0 0 25 0 0 0 0 0 29 0 0 0 18 0 0 0 0 0 0 0 26 16 0 0 0 0 0 0 0 0 0 0 0 0 0 0 0 0 0 0 0 0 0 0 26 0 0 0 0 23 0 0 0 0 0 0 0 28 0
e
0 558 624 613 934 687 834 641 519 551 736 805 529 941 622 736 831 714 589 826 886 919 669 480 805 869 683 817 712 834 756 503 748 582 877 484 850 820 692 613 910 943 665 899 912 589 492 747 917 889 954 579 601 726 847 508 906 826 875 604 538 584 951 588 946 733 541 526 892 488 521 812 796 914 578 734 0
l
99999 678 744 733 1054 807 954 761 639 671 856 925 649 1061 742 856 951 834 709 946 1006 1039 789 600 925 989 803 937 832 954 876 623 868 702 997 604 970 940 812 733 1030 1063 785 1019 1032 709 612 867 1037 1009 1074 699 721 846 967 628 1026 946 995 724 658 704 1071 708 1066 853 661 646 1012 608 641 932 916 1034 698 854 99999
