nbNodes
77
nbVehi
15
nbServi
6
r
1 1 1 1 1 1 
0 1 0 0 1 0 
0 0 0 0 1 0 
0 1 0 1 0 0 
0 0 1 0 0 0 
0 1 0 0 0 1 
0 1 0 0 0 0 
1 0 0 0 0 1 
0 1 0 1 0 0 
0 0 0 0 1 0 
1 0 0 0 0 1 
0 0 1 0 0 0 
0 0 0 0 0 1 
0 1 0 0 0 0 
0 1 0 0 0 1 
1 0 0 0 0 0 
0 0 1 0 0 0 
1 0 0 0 0 1 
0 0 0 0 0 1 
1 0 0 0 0 1 
0 1 0 0 1 0 
0 0 0 1 0 0 
0 0 0 0 0 1 
1 0 0 0 0 0 
1 0 0 0 0 1 
1 0 0 0 0 0 
1 0 0 0 0 0 
0 0 0 0 0 1 
0 0 1 0 0 0 
0 0 0 1 0 0 
1 0 0 1 0 0 
0 0 0 1 0 0 
0 0 1 0 0 0 
0 1 0 1 0 0 
1 0 0 1 0 0 
0 0 0 0 0 1 
0 0 1 0 0 0 
1 0 0 0 0 1 
0 1 0 1 0 0 
0 0 0 1 0 0 
0 0 1 0 0 1 
0 0 0 0 0 1 
0 0 0 1 0 0 
0 0 0 0 1 0 
0 0 0 0 1 0 
0 0 0 0 0 1 
0 0 0 0 1 0 
0 0 0 0 1 0 
0 0 0 0 0 1 
0 0 1 0 0 0 
0 0 0 1 0 0 
1 0 0 0 0 0 
0 0 0 1 0 0 
0 0 0 1 0 0 
0 1 0 0 1 0 
0 0 0 1 0 0 
0 0 1 0 0 0 
0 0 0 0 0 1 
0 0 1 0 0 1 
0 0 0 0 0 1 
0 0 0 1 0 0 
0 1 0 0 0 0 
0 1 0 0 0 0 
0 0 0 1 0 0 
0 0 1 0 0 1 
1 0 0 1 0 0 
0 1 0 0 0 1 
1 0 0 0 0 0 
1 0 0 1 0 0 
1 0 0 0 0 0 
0 0 0 1 0 0 
1 0 0 1 0 0 
0 0 0 0 1 0 
0 0 0 0 0 1 
0 0 0 0 0 1 
0 0 0 0 1 0 
1 1 1 1 1 1 
DS
2 4 6 8 9 11 15 18 20 21 25 31 34 35 38 39 41 55 59 65 66 67 69 72 
a
1 1 1 0 0 0 
1 1 1 0 0 0 
1 0 0 0 0 0 
1 1 1 0 0 0 
1 1 1 0 0 0 
0 1 1 0 0 0 
1 1 1 0 0 0 
0 0 0 1 1 1 
0 0 0 1 1 1 
0 0 0 1 1 0 
0 0 0 1 1 1 
0 0 0 0 1 1 
0 0 0 1 1 1 
0 0 0 1 1 1 
0 0 0 1 1 1 
x
-30.0965 -30.0834 -30.0857 -30.0415 -30.0495 -30.0844 -30.084 -30.0843 -30.0892 -30.0385 -30.1548 -30.0706 -30.0358 -30.1164 -30.0881 -30.0311 -30.0405 -30.0833 -30.0499 -30.0784 -30.1537 -30.0843 -30.1036 -30.0821 -30.1015 -30.1219 -30.0832 -30.0813 -30.0934 -30.1533 -30.0179 -30.0806 -30.0785 -30.1081 -30.0832 -30.0647 -30.1486 -30.087 -30.1021 -30.1098 -30.0806 -30.0786 -30.083 -30.1611 -30.1102 -30.1174 -30.11 -30.0854 -30.1594 -30.031 -30.0312 -30.1661 -30.0984 -30.0875 -30.117 -30.1783 -30.1495 -30.0878 -30.0921 -30.0342 -30.1156 -30.0151 -30.1231 -30.1568 -30.0895 -30.1447 -30.0367 -30.0786 -30.0295 -30.1585 -30.0965 -30.1081 -30.0359 -30.0756 -30.0477 -30.1505 -30.0965
y
-51.1766 -51.2347 -51.2366 -51.1734 -51.1536 -51.2286 -51.2379 -51.22 -51.2248 -51.1409 -51.1698 -51.223 -51.1559 -51.0985 -51.2359 -51.1497 -51.1427 -51.2345 -51.2107 -51.2372 -51.1426 -51.2396 -51.2307 -51.2385 -51.2368 -51.0972 -51.2292 -51.2373 -51.2257 -51.1402 -51.1635 -51.2456 -51.2322 -51.1071 -51.2348 -51.217 -51.162 -51.1169 -51.2386 -51.2328 -51.2124 -51.2296 -51.2264 -51.1403 -51.1121 -51.0999 -51.2303 -51.2325 -51.1836 -51.165 -51.1486 -51.1447 -51.2415 -51.2188 -51.1044 -51.172 -51.1432 -51.2251 -51.2464 -51.1549 -51.1139 -51.1253 -51.1026 -51.1815 -51.2292 -51.1775 -51.1567 -51.23 -51.1612 -51.1343 -51.1766 -51.2561 -51.1609 -51.2278 -51.1573 -51.1464 -51.1766
d
0.00000 15.00000 16.00000 16.00000 17.00000 14.00000 16.00000 11.00000 12.00000 22.00000 18.00000 14.00000 19.00000 20.00000 15.00000 20.00000 21.00000 15.00000 11.00000 16.00000 20.00000 16.00000 14.00000 16.00000 14.00000 23.00000 15.00000 16.00000 12.00000 20.00000 22.00000 18.00000 16.00000 18.00000 15.00000 11.00000 14.00000 19.00000 15.00000 15.00000 10.00000 14.00000 14.00000 20.00000 17.00000 20.00000 15.00000 14.00000 17.00000 19.00000 20.00000 19.00000 15.00000 11.00000 19.00000 22.00000 20.00000 13.00000 16.00000 19.00000 19.00000 28.00000 21.00000 17.00000 13.00000 15.00000 20.00000 14.00000 19.00000 21.00000 0.00000 18.00000 19.00000 14.00000 16.00000 18.00000 0.00000
15.00000 0.00000 2.00000 18.00000 19.00000 2.00000 2.00000 5.00000 4.00000 23.00000 23.00000 7.00000 21.00000 32.00000 3.00000 21.00000 22.00000 1.00000 11.00000 3.00000 27.00000 2.00000 7.00000 2.00000 7.00000 34.00000 2.00000 2.00000 5.00000 26.00000 22.00000 3.00000 6.00000 30.00000 1.00000 8.00000 20.00000 27.00000 7.00000 9.00000 7.00000 4.00000 4.00000 27.00000 28.00000 31.00000 9.00000 1.00000 21.00000 20.00000 22.00000 26.00000 5.00000 5.00000 31.00000 26.00000 26.00000 4.00000 4.00000 21.00000 30.00000 29.00000 32.00000 21.00000 4.00000 20.00000 22.00000 4.00000 21.00000 28.00000 15.00000 7.00000 21.00000 4.00000 18.00000 24.00000 15.00000
16.00000 2.00000 0.00000 18.00000 19.00000 3.00000 2.00000 5.00000 4.00000 24.00000 22.00000 7.00000 21.00000 32.00000 1.00000 22.00000 23.00000 2.00000 12.00000 4.00000 26.00000 2.00000 7.00000 2.00000 7.00000 34.00000 3.00000 3.00000 5.00000 26.00000 23.00000 4.00000 6.00000 30.00000 2.00000 9.00000 20.00000 27.00000 6.00000 9.00000 7.00000 5.00000 4.00000 26.00000 29.00000 32.00000 9.00000 2.00000 21.00000 21.00000 22.00000 25.00000 5.00000 6.00000 31.00000 26.00000 25.00000 4.00000 3.00000 21.00000 30.00000 30.00000 32.00000 21.00000 5.00000 19.00000 22.00000 5.00000 21.00000 27.00000 16.00000 7.00000 21.00000 5.00000 19.00000 24.00000 16.00000
15.00000 15.00000 16.00000 0.00000 9.00000 14.00000 16.00000 11.00000 12.00000 10.00000 30.00000 14.00000 7.00000 23.00000 15.00000 8.00000 9.00000 15.00000 10.00000 16.00000 34.00000 16.00000 14.00000 16.00000 15.00000 25.00000 15.00000 16.00000 13.00000 33.00000 10.00000 17.00000 16.00000 21.00000 15.00000 11.00000 27.00000 18.00000 15.00000 16.00000 10.00000 14.00000 14.00000 34.00000 19.00000 22.00000 16.00000 14.00000 28.00000 7.00000 8.00000 33.00000 15.00000 11.00000 22.00000 33.00000 33.00000 13.00000 16.00000 8.00000 21.00000 16.00000 23.00000 28.00000 13.00000 27.00000 9.00000 14.00000 8.00000 35.00000 15.00000 18.00000 8.00000 14.00000 8.00000 32.00000 15.00000
18.00000 18.00000 19.00000 9.00000 0.00000 17.00000 19.00000 15.00000 16.00000 7.00000 33.00000 17.00000 6.00000 20.00000 19.00000 6.00000 6.00000 18.00000 13.00000 20.00000 34.00000 19.00000 18.00000 19.00000 18.00000 22.00000 18.00000 19.00000 16.00000 32.00000 10.00000 20.00000 19.00000 18.00000 18.00000 15.00000 31.00000 15.00000 18.00000 19.00000 13.00000 18.00000 17.00000 34.00000 16.00000 20.00000 19.00000 18.00000 31.00000 8.00000 6.00000 36.00000 19.00000 14.00000 19.00000 36.00000 33.00000 16.00000 20.00000 6.00000 18.00000 13.00000 20.00000 31.00000 17.00000 30.00000 7.00000 18.00000 8.00000 32.00000 18.00000 22.00000 6.00000 17.00000 3.00000 34.00000 18.00000
14.00000 2.00000 3.00000 17.00000 18.00000 0.00000 3.00000 3.00000 3.00000 22.00000 21.00000 6.00000 20.00000 30.00000 3.00000 20.00000 21.00000 2.00000 11.00000 4.00000 26.00000 3.00000 6.00000 3.00000 6.00000 33.00000 2.00000 3.00000 3.00000 25.00000 22.00000 5.00000 5.00000 29.00000 2.00000 8.00000 19.00000 25.00000 7.00000 8.00000 6.00000 3.00000 2.00000 25.00000 27.00000 30.00000 7.00000 2.00000 20.00000 19.00000 20.00000 25.00000 7.00000 4.00000 29.00000 25.00000 25.00000 2.00000 5.00000 20.00000 29.00000 28.00000 31.00000 20.00000 3.00000 19.00000 21.00000 3.00000 20.00000 27.00000 14.00000 9.00000 20.00000 4.00000 17.00000 23.00000 14.00000
16.00000 2.00000 2.00000 19.00000 20.00000 3.00000 0.00000 6.00000 5.00000 24.00000 23.00000 8.00000 22.00000 33.00000 3.00000 22.00000 23.00000 2.00000 11.00000 3.00000 27.00000 1.00000 8.00000 2.00000 6.00000 35.00000 3.00000 3.00000 6.00000 26.00000 22.00000 3.00000 6.00000 31.00000 2.00000 9.00000 20.00000 28.00000 6.00000 9.00000 8.00000 5.00000 5.00000 27.00000 29.00000 32.00000 9.00000 3.00000 21.00000 21.00000 23.00000 26.00000 5.00000 6.00000 32.00000 26.00000 26.00000 5.00000 3.00000 22.00000 31.00000 29.00000 33.00000 21.00000 5.00000 20.00000 23.00000 5.00000 21.00000 28.00000 16.00000 6.00000 22.00000 5.00000 19.00000 24.00000 16.00000
11.00000 5.00000 5.00000 14.00000 15.00000 3.00000 6.00000 0.00000 3.00000 20.00000 21.00000 6.00000 17.00000 28.00000 5.00000 17.00000 19.00000 5.00000 9.00000 6.00000 25.00000 6.00000 6.00000 6.00000 6.00000 30.00000 4.00000 5.00000 4.00000 25.00000 19.00000 7.00000 5.00000 26.00000 5.00000 6.00000 19.00000 23.00000 6.00000 7.00000 3.00000 3.00000 3.00000 25.00000 24.00000 27.00000 7.00000 4.00000 19.00000 17.00000 18.00000 24.00000 7.00000 1.00000 27.00000 24.00000 24.00000 2.00000 7.00000 17.00000 26.00000 25.00000 28.00000 19.00000 4.00000 18.00000 18.00000 3.00000 17.00000 26.00000 11.00000 10.00000 17.00000 5.00000 14.00000 23.00000 11.00000
13.00000 4.00000 4.00000 15.00000 16.00000 2.00000 5.00000 3.00000 0.00000 21.00000 20.00000 8.00000 18.00000 29.00000 4.00000 19.00000 20.00000 4.00000 11.00000 5.00000 24.00000 5.00000 5.00000 5.00000 5.00000 31.00000 4.00000 4.00000 2.00000 24.00000 21.00000 6.00000 6.00000 27.00000 4.00000 9.00000 18.00000 24.00000 5.00000 6.00000 5.00000 4.00000 3.00000 24.00000 25.00000 29.00000 6.00000 3.00000 18.00000 18.00000 19.00000 23.00000 6.00000 3.00000 28.00000 23.00000 23.00000 2.00000 6.00000 18.00000 27.00000 27.00000 29.00000 18.00000 2.00000 17.00000 19.00000 4.00000 18.00000 25.00000 13.00000 9.00000 18.00000 5.00000 15.00000 22.00000 13.00000
22.00000 22.00000 23.00000 8.00000 6.00000 21.00000 23.00000 19.00000 19.00000 0.00000 36.00000 20.00000 5.00000 21.00000 22.00000 5.00000 2.00000 22.00000 16.00000 24.00000 34.00000 23.00000 21.00000 23.00000 22.00000 23.00000 22.00000 23.00000 20.00000 33.00000 9.00000 23.00000 23.00000 19.00000 22.00000 18.00000 32.00000 16.00000 22.00000 23.00000 17.00000 21.00000 21.00000 35.00000 17.00000 20.00000 23.00000 22.00000 34.00000 7.00000 5.00000 37.00000 23.00000 18.00000 20.00000 40.00000 34.00000 20.00000 23.00000 5.00000 19.00000 11.00000 21.00000 35.00000 20.00000 33.00000 6.00000 21.00000 7.00000 33.00000 22.00000 25.00000 6.00000 21.00000 6.00000 35.00000 22.00000
18.00000 21.00000 21.00000 31.00000 32.00000 21.00000 22.00000 21.00000 20.00000 37.00000 0.00000 26.00000 34.00000 24.00000 20.00000 35.00000 36.00000 21.00000 27.00000 23.00000 9.00000 22.00000 17.00000 22.00000 18.00000 22.00000 22.00000 22.00000 20.00000 9.00000 37.00000 23.00000 25.00000 24.00000 21.00000 25.00000 5.00000 31.00000 18.00000 16.00000 21.00000 23.00000 22.00000 8.00000 24.00000 23.00000 15.00000 21.00000 4.00000 34.00000 35.00000 7.00000 19.00000 20.00000 23.00000 10.00000 11.00000 20.00000 21.00000 34.00000 23.00000 43.00000 21.00000 3.00000 19.00000 7.00000 35.00000 23.00000 34.00000 10.00000 18.00000 19.00000 34.00000 24.00000 31.00000 9.00000 18.00000
14.00000 6.00000 7.00000 14.00000 17.00000 6.00000 7.00000 6.00000 8.00000 21.00000 26.00000 0.00000 18.00000 30.00000 7.00000 19.00000 20.00000 6.00000 6.00000 7.00000 31.00000 7.00000 11.00000 7.00000 11.00000 32.00000 5.00000 7.00000 9.00000 30.00000 18.00000 8.00000 5.00000 28.00000 6.00000 5.00000 24.00000 25.00000 12.00000 13.00000 6.00000 4.00000 6.00000 30.00000 26.00000 29.00000 12.00000 6.00000 25.00000 17.00000 19.00000 29.00000 10.00000 7.00000 29.00000 30.00000 30.00000 7.00000 9.00000 19.00000 28.00000 24.00000 30.00000 25.00000 8.00000 24.00000 19.00000 4.00000 17.00000 31.00000 14.00000 12.00000 18.00000 3.00000 17.00000 28.00000 14.00000
20.00000 21.00000 21.00000 6.00000 6.00000 20.00000 22.00000 17.00000 18.00000 6.00000 35.00000 18.00000 0.00000 22.00000 21.00000 3.00000 5.00000 21.00000 14.00000 22.00000 36.00000 22.00000 20.00000 22.00000 20.00000 25.00000 20.00000 21.00000 18.00000 34.00000 6.00000 21.00000 21.00000 20.00000 21.00000 16.00000 33.00000 17.00000 20.00000 22.00000 16.00000 20.00000 19.00000 36.00000 19.00000 22.00000 21.00000 20.00000 34.00000 4.00000 3.00000 38.00000 21.00000 17.00000 21.00000 39.00000 35.00000 19.00000 22.00000 2.00000 20.00000 11.00000 22.00000 34.00000 19.00000 32.00000 2.00000 20.00000 4.00000 35.00000 20.00000 24.00000 3.00000 20.00000 4.00000 36.00000 20.00000
21.00000 31.00000 32.00000 24.00000 20.00000 30.00000 32.00000 28.00000 29.00000 21.00000 24.00000 30.00000 22.00000 0.00000 32.00000 23.00000 20.00000 31.00000 26.00000 33.00000 19.00000 32.00000 31.00000 32.00000 31.00000 4.00000 31.00000 32.00000 29.00000 17.00000 27.00000 34.00000 32.00000 5.00000 31.00000 28.00000 22.00000 14.00000 31.00000 32.00000 26.00000 31.00000 30.00000 19.00000 6.00000 2.00000 32.00000 31.00000 26.00000 24.00000 23.00000 22.00000 32.00000 27.00000 3.00000 25.00000 18.00000 29.00000 32.00000 23.00000 5.00000 28.00000 4.00000 25.00000 30.00000 29.00000 23.00000 31.00000 25.00000 18.00000 21.00000 35.00000 23.00000 30.00000 19.00000 19.00000 21.00000
16.00000 2.00000 1.00000 18.00000 19.00000 3.00000 3.00000 5.00000 4.00000 24.00000 22.00000 7.00000 21.00000 32.00000 0.00000 22.00000 23.00000 2.00000 12.00000 4.00000 25.00000 2.00000 6.00000 3.00000 6.00000 34.00000 3.00000 3.00000 5.00000 25.00000 23.00000 4.00000 7.00000 30.00000 2.00000 9.00000 19.00000 27.00000 6.00000 8.00000 7.00000 5.00000 4.00000 25.00000 28.00000 32.00000 8.00000 2.00000 20.00000 21.00000 22.00000 24.00000 5.00000 6.00000 31.00000 25.00000 24.00000 4.00000 3.00000 21.00000 30.00000 30.00000 32.00000 20.00000 4.00000 18.00000 22.00000 5.00000 21.00000 26.00000 16.00000 7.00000 21.00000 5.00000 18.00000 23.00000 16.00000
22.00000 22.00000 22.00000 8.00000 6.00000 21.00000 23.00000 18.00000 19.00000 5.00000 36.00000 19.00000 3.00000 23.00000 22.00000 0.00000 5.00000 22.00000 15.00000 23.00000 37.00000 23.00000 21.00000 23.00000 21.00000 25.00000 22.00000 23.00000 19.00000 35.00000 6.00000 22.00000 22.00000 21.00000 22.00000 18.00000 34.00000 18.00000 22.00000 23.00000 17.00000 21.00000 21.00000 37.00000 19.00000 23.00000 22.00000 21.00000 35.00000 5.00000 1.00000 39.00000 22.00000 18.00000 22.00000 40.00000 36.00000 20.00000 23.00000 2.00000 21.00000 9.00000 23.00000 35.00000 20.00000 34.00000 4.00000 21.00000 4.00000 36.00000 22.00000 25.00000 5.00000 21.00000 5.00000 37.00000 22.00000
22.00000 22.00000 22.00000 8.00000 5.00000 21.00000 23.00000 18.00000 19.00000 2.00000 35.00000 20.00000 4.00000 20.00000 22.00000 5.00000 0.00000 22.00000 15.00000 23.00000 34.00000 23.00000 21.00000 23.00000 21.00000 23.00000 22.00000 23.00000 19.00000 32.00000 8.00000 22.00000 22.00000 19.00000 22.00000 18.00000 32.00000 15.00000 22.00000 23.00000 17.00000 21.00000 21.00000 34.00000 17.00000 20.00000 23.00000 21.00000 34.00000 6.00000 5.00000 37.00000 22.00000 18.00000 19.00000 39.00000 33.00000 20.00000 23.00000 4.00000 19.00000 11.00000 21.00000 34.00000 20.00000 33.00000 5.00000 21.00000 7.00000 33.00000 22.00000 25.00000 5.00000 21.00000 5.00000 35.00000 22.00000
15.00000 1.00000 2.00000 18.00000 19.00000 2.00000 2.00000 5.00000 4.00000 23.00000 23.00000 7.00000 21.00000 32.00000 3.00000 21.00000 22.00000 0.00000 11.00000 3.00000 27.00000 2.00000 7.00000 2.00000 7.00000 34.00000 2.00000 2.00000 5.00000 26.00000 22.00000 3.00000 6.00000 30.00000 1.00000 8.00000 20.00000 27.00000 7.00000 9.00000 7.00000 4.00000 3.00000 27.00000 28.00000 31.00000 9.00000 1.00000 21.00000 20.00000 22.00000 26.00000 5.00000 5.00000 31.00000 26.00000 26.00000 4.00000 4.00000 21.00000 30.00000 29.00000 32.00000 21.00000 4.00000 20.00000 22.00000 4.00000 21.00000 28.00000 15.00000 7.00000 21.00000 4.00000 18.00000 24.00000 15.00000
13.00000 12.00000 12.00000 9.00000 12.00000 12.00000 12.00000 10.00000 11.00000 15.00000 28.00000 7.00000 13.00000 25.00000 13.00000 13.00000 14.00000 12.00000 0.00000 11.00000 32.00000 12.00000 13.00000 12.00000 13.00000 28.00000 11.00000 12.00000 11.00000 32.00000 12.00000 10.00000 10.00000 24.00000 12.00000 5.00000 26.00000 20.00000 14.00000 15.00000 9.00000 10.00000 12.00000 32.00000 22.00000 25.00000 14.00000 12.00000 27.00000 11.00000 13.00000 31.00000 14.00000 10.00000 24.00000 32.00000 32.00000 12.00000 13.00000 13.00000 24.00000 19.00000 26.00000 27.00000 12.00000 26.00000 14.00000 10.00000 11.00000 33.00000 13.00000 15.00000 13.00000 9.00000 11.00000 30.00000 13.00000
16.00000 3.00000 4.00000 18.00000 20.00000 4.00000 3.00000 6.00000 5.00000 25.00000 24.00000 8.00000 22.00000 33.00000 4.00000 22.00000 24.00000 3.00000 11.00000 0.00000 28.00000 3.00000 9.00000 2.00000 8.00000 35.00000 4.00000 2.00000 6.00000 28.00000 22.00000 4.00000 4.00000 31.00000 3.00000 9.00000 22.00000 28.00000 8.00000 10.00000 8.00000 5.00000 5.00000 28.00000 29.00000 32.00000 10.00000 3.00000 22.00000 21.00000 23.00000 27.00000 6.00000 6.00000 32.00000 28.00000 27.00000 5.00000 5.00000 22.00000 31.00000 28.00000 33.00000 23.00000 6.00000 21.00000 23.00000 5.00000 21.00000 29.00000 16.00000 8.00000 22.00000 5.00000 19.00000 26.00000 16.00000
21.00000 26.00000 25.00000 35.00000 33.00000 25.00000 26.00000 25.00000 23.00000 35.00000 9.00000 30.00000 36.00000 19.00000 25.00000 37.00000 34.00000 26.00000 31.00000 27.00000 0.00000 26.00000 22.00000 27.00000 23.00000 17.00000 26.00000 27.00000 23.00000 3.00000 40.00000 27.00000 28.00000 19.00000 26.00000 29.00000 8.00000 27.00000 23.00000 23.00000 25.00000 27.00000 26.00000 4.00000 19.00000 18.00000 22.00000 25.00000 11.00000 37.00000 37.00000 6.00000 25.00000 24.00000 18.00000 10.00000 5.00000 24.00000 26.00000 36.00000 18.00000 42.00000 16.00000 10.00000 24.00000 13.00000 37.00000 27.00000 38.00000 4.00000 21.00000 26.00000 37.00000 28.00000 33.00000 4.00000 21.00000
17.00000 2.00000 2.00000 18.00000 20.00000 4.00000 2.00000 6.00000 5.00000 25.00000 23.00000 8.00000 22.00000 33.00000 3.00000 23.00000 24.00000 2.00000 11.00000 3.00000 26.00000 0.00000 7.00000 1.00000 6.00000 35.00000 4.00000 3.00000 6.00000 26.00000 22.00000 2.00000 6.00000 31.00000 2.00000 10.00000 20.00000 28.00000 6.00000 8.00000 8.00000 6.00000 5.00000 26.00000 29.00000 33.00000 9.00000 3.00000 21.00000 21.00000 23.00000 25.00000 4.00000 7.00000 32.00000 26.00000 25.00000 5.00000 3.00000 22.00000 31.00000 28.00000 33.00000 21.00000 6.00000 19.00000 23.00000 6.00000 21.00000 27.00000 17.00000 6.00000 22.00000 6.00000 19.00000 24.00000 17.00000
15.00000 8.00000 8.00000 18.00000 19.00000 8.00000 8.00000 8.00000 6.00000 24.00000 16.00000 13.00000 21.00000 32.00000 7.00000 22.00000 23.00000 8.00000 14.00000 10.00000 22.00000 8.00000 0.00000 8.00000 3.00000 34.00000 9.00000 9.00000 6.00000 21.00000 24.00000 9.00000 11.00000 30.00000 8.00000 12.00000 15.00000 27.00000 3.00000 2.00000 8.00000 10.00000 9.00000 22.00000 28.00000 32.00000 2.00000 8.00000 14.00000 21.00000 22.00000 21.00000 5.00000 7.00000 31.00000 20.00000 21.00000 7.00000 8.00000 21.00000 30.00000 30.00000 32.00000 15.00000 6.00000 15.00000 22.00000 10.00000 21.00000 23.00000 15.00000 6.00000 21.00000 11.00000 18.00000 20.00000 15.00000
16.00000 2.00000 2.00000 18.00000 20.00000 3.00000 2.00000 6.00000 5.00000 25.00000 23.00000 8.00000 22.00000 33.00000 3.00000 22.00000 24.00000 2.00000 11.00000 2.00000 27.00000 1.00000 8.00000 0.00000 7.00000 35.00000 4.00000 2.00000 6.00000 26.00000 22.00000 3.00000 5.00000 31.00000 2.00000 9.00000 20.00000 28.00000 6.00000 9.00000 8.00000 5.00000 5.00000 27.00000 29.00000 32.00000 9.00000 3.00000 21.00000 21.00000 23.00000 26.00000 5.00000 6.00000 32.00000 27.00000 26.00000 5.00000 4.00000 22.00000 31.00000 28.00000 33.00000 22.00000 5.00000 20.00000 23.00000 5.00000 21.00000 28.00000 16.00000 7.00000 22.00000 5.00000 19.00000 25.00000 16.00000
16.00000 6.00000 6.00000 18.00000 19.00000 8.00000 6.00000 8.00000 6.00000 24.00000 18.00000 12.00000 21.00000 32.00000 6.00000 22.00000 23.00000 7.00000 14.00000 7.00000 24.00000 6.00000 3.00000 6.00000 0.00000 34.00000 8.00000 7.00000 7.00000 23.00000 24.00000 7.00000 11.00000 30.00000 6.00000 12.00000 17.00000 27.00000 1.00000 4.00000 8.00000 10.00000 9.00000 24.00000 29.00000 32.00000 4.00000 7.00000 17.00000 21.00000 22.00000 23.00000 2.00000 7.00000 31.00000 22.00000 23.00000 7.00000 5.00000 21.00000 30.00000 30.00000 32.00000 17.00000 6.00000 17.00000 22.00000 10.00000 21.00000 25.00000 16.00000 4.00000 21.00000 10.00000 18.00000 21.00000 16.00000
23.00000 33.00000 34.00000 26.00000 22.00000 32.00000 35.00000 30.00000 31.00000 24.00000 23.00000 32.00000 24.00000 4.00000 34.00000 25.00000 23.00000 33.00000 28.00000 35.00000 18.00000 35.00000 33.00000 35.00000 33.00000 0.00000 33.00000 34.00000 31.00000 16.00000 29.00000 36.00000 34.00000 7.00000 33.00000 30.00000 21.00000 16.00000 33.00000 34.00000 28.00000 33.00000 32.00000 18.00000 8.00000 3.00000 34.00000 33.00000 25.00000 26.00000 25.00000 20.00000 34.00000 29.00000 4.00000 24.00000 17.00000 31.00000 35.00000 25.00000 6.00000 30.00000 3.00000 24.00000 32.00000 27.00000 26.00000 33.00000 27.00000 17.00000 23.00000 37.00000 25.00000 33.00000 21.00000 18.00000 23.00000
15.00000 2.00000 3.00000 17.00000 18.00000 2.00000 3.00000 4.00000 4.00000 23.00000 23.00000 6.00000 20.00000 31.00000 3.00000 21.00000 22.00000 2.00000 10.00000 4.00000 27.00000 3.00000 7.00000 4.00000 8.00000 33.00000 0.00000 3.00000 5.00000 26.00000 22.00000 5.00000 5.00000 29.00000 2.00000 8.00000 20.00000 26.00000 8.00000 9.00000 6.00000 3.00000 2.00000 27.00000 27.00000 31.00000 9.00000 2.00000 21.00000 20.00000 21.00000 26.00000 7.00000 4.00000 30.00000 26.00000 26.00000 4.00000 6.00000 20.00000 29.00000 29.00000 31.00000 21.00000 4.00000 20.00000 21.00000 3.00000 20.00000 28.00000 15.00000 9.00000 20.00000 4.00000 17.00000 25.00000 15.00000
16.00000 2.00000 3.00000 18.00000 20.00000 3.00000 2.00000 5.00000 4.00000 24.00000 23.00000 7.00000 22.00000 32.00000 3.00000 22.00000 23.00000 2.00000 11.00000 2.00000 28.00000 2.00000 8.00000 2.00000 8.00000 35.00000 3.00000 0.00000 5.00000 27.00000 22.00000 4.00000 5.00000 30.00000 2.00000 9.00000 21.00000 27.00000 8.00000 10.00000 8.00000 5.00000 4.00000 27.00000 29.00000 32.00000 9.00000 2.00000 22.00000 21.00000 22.00000 26.00000 6.00000 6.00000 31.00000 27.00000 27.00000 4.00000 5.00000 22.00000 31.00000 28.00000 33.00000 22.00000 5.00000 21.00000 23.00000 5.00000 21.00000 28.00000 16.00000 8.00000 22.00000 5.00000 19.00000 25.00000 16.00000
12.00000 5.00000 5.00000 15.00000 15.00000 4.00000 6.00000 4.00000 2.00000 20.00000 19.00000 9.00000 17.00000 28.00000 5.00000 18.00000 19.00000 5.00000 10.00000 6.00000 23.00000 6.00000 4.00000 6.00000 4.00000 31.00000 5.00000 5.00000 0.00000 23.00000 20.00000 7.00000 7.00000 26.00000 5.00000 9.00000 17.00000 23.00000 4.00000 6.00000 4.00000 5.00000 4.00000 23.00000 25.00000 28.00000 5.00000 4.00000 17.00000 17.00000 18.00000 22.00000 5.00000 3.00000 27.00000 23.00000 22.00000 3.00000 6.00000 18.00000 26.00000 26.00000 29.00000 18.00000 2.00000 16.00000 18.00000 6.00000 17.00000 24.00000 12.00000 8.00000 18.00000 7.00000 15.00000 21.00000 12.00000
19.00000 24.00000 24.00000 34.00000 32.00000 23.00000 25.00000 23.00000 22.00000 34.00000 8.00000 28.00000 35.00000 17.00000 23.00000 35.00000 33.00000 24.00000 29.00000 26.00000 3.00000 25.00000 21.00000 25.00000 22.00000 16.00000 24.00000 25.00000 22.00000 0.00000 39.00000 26.00000 27.00000 18.00000 24.00000 28.00000 6.00000 26.00000 22.00000 21.00000 23.00000 25.00000 24.00000 4.00000 18.00000 16.00000 20.00000 24.00000 10.00000 36.00000 36.00000 6.00000 24.00000 23.00000 16.00000 10.00000 3.00000 23.00000 24.00000 35.00000 17.00000 40.00000 15.00000 9.00000 23.00000 13.00000 36.00000 25.00000 37.00000 3.00000 19.00000 25.00000 35.00000 26.00000 31.00000 3.00000 19.00000
22.00000 22.00000 23.00000 8.00000 9.00000 21.00000 23.00000 18.00000 19.00000 9.00000 37.00000 18.00000 6.00000 26.00000 22.00000 5.00000 9.00000 22.00000 14.00000 23.00000 40.00000 23.00000 21.00000 23.00000 22.00000 28.00000 22.00000 23.00000 20.00000 38.00000 0.00000 21.00000 21.00000 24.00000 22.00000 16.00000 34.00000 21.00000 22.00000 23.00000 17.00000 21.00000 21.00000 40.00000 22.00000 26.00000 23.00000 21.00000 35.00000 3.00000 6.00000 40.00000 22.00000 18.00000 25.00000 40.00000 39.00000 20.00000 23.00000 5.00000 24.00000 9.00000 26.00000 35.00000 20.00000 34.00000 6.00000 21.00000 3.00000 39.00000 22.00000 25.00000 5.00000 20.00000 8.00000 39.00000 22.00000
18.00000 3.00000 4.00000 17.00000 20.00000 5.00000 3.00000 7.00000 6.00000 24.00000 24.00000 8.00000 21.00000 33.00000 4.00000 21.00000 23.00000 3.00000 9.00000 3.00000 27.00000 3.00000 8.00000 2.00000 7.00000 35.00000 5.00000 3.00000 7.00000 27.00000 21.00000 0.00000 7.00000 31.00000 3.00000 9.00000 21.00000 28.00000 7.00000 9.00000 9.00000 7.00000 6.00000 27.00000 29.00000 33.00000 10.00000 4.00000 22.00000 20.00000 22.00000 26.00000 6.00000 7.00000 32.00000 27.00000 27.00000 6.00000 4.00000 21.00000 31.00000 27.00000 33.00000 22.00000 6.00000 21.00000 22.00000 7.00000 20.00000 28.00000 18.00000 7.00000 21.00000 7.00000 19.00000 25.00000 18.00000
16.00000 5.00000 5.00000 17.00000 19.00000 5.00000 6.00000 5.00000 6.00000 24.00000 25.00000 5.00000 21.00000 32.00000 6.00000 22.00000 23.00000 5.00000 9.00000 4.00000 29.00000 6.00000 9.00000 5.00000 10.00000 34.00000 4.00000 6.00000 7.00000 29.00000 21.00000 7.00000 0.00000 30.00000 5.00000 8.00000 22.00000 27.00000 10.00000 11.00000 7.00000 2.00000 4.00000 29.00000 28.00000 32.00000 11.00000 5.00000 23.00000 20.00000 22.00000 28.00000 9.00000 6.00000 31.00000 28.00000 28.00000 6.00000 8.00000 21.00000 30.00000 27.00000 32.00000 23.00000 7.00000 22.00000 22.00000 2.00000 20.00000 30.00000 16.00000 11.00000 21.00000 3.00000 18.00000 27.00000 16.00000
19.00000 29.00000 30.00000 22.00000 18.00000 28.00000 31.00000 26.00000 27.00000 20.00000 24.00000 28.00000 20.00000 5.00000 30.00000 21.00000 19.00000 29.00000 24.00000 31.00000 19.00000 30.00000 29.00000 31.00000 29.00000 7.00000 29.00000 30.00000 27.00000 17.00000 25.00000 32.00000 30.00000 0.00000 29.00000 26.00000 22.00000 12.00000 29.00000 30.00000 24.00000 29.00000 28.00000 19.00000 4.00000 4.00000 30.00000 29.00000 26.00000 22.00000 21.00000 22.00000 30.00000 25.00000 4.00000 25.00000 18.00000 27.00000 31.00000 21.00000 4.00000 26.00000 6.00000 25.00000 28.00000 29.00000 22.00000 29.00000 23.00000 18.00000 19.00000 33.00000 21.00000 29.00000 17.00000 19.00000 19.00000
15.00000 1.00000 2.00000 18.00000 19.00000 2.00000 2.00000 5.00000 4.00000 23.00000 23.00000 7.00000 21.00000 32.00000 3.00000 21.00000 22.00000 1.00000 11.00000 3.00000 27.00000 2.00000 7.00000 2.00000 7.00000 34.00000 2.00000 2.00000 5.00000 26.00000 22.00000 3.00000 6.00000 30.00000 0.00000 8.00000 20.00000 27.00000 7.00000 9.00000 7.00000 4.00000 4.00000 27.00000 28.00000 31.00000 9.00000 1.00000 21.00000 20.00000 22.00000 26.00000 5.00000 5.00000 31.00000 26.00000 26.00000 4.00000 4.00000 21.00000 30.00000 29.00000 32.00000 21.00000 4.00000 20.00000 22.00000 4.00000 21.00000 28.00000 15.00000 7.00000 21.00000 4.00000 18.00000 24.00000 15.00000
11.00000 8.00000 9.00000 12.00000 15.00000 8.00000 9.00000 6.00000 8.00000 19.00000 26.00000 5.00000 16.00000 28.00000 9.00000 17.00000 18.00000 8.00000 4.00000 9.00000 30.00000 9.00000 10.00000 9.00000 11.00000 30.00000 7.00000 9.00000 9.00000 30.00000 16.00000 11.00000 8.00000 26.00000 8.00000 0.00000 24.00000 23.00000 11.00000 12.00000 5.00000 7.00000 8.00000 30.00000 24.00000 27.00000 12.00000 8.00000 24.00000 15.00000 17.00000 29.00000 12.00000 7.00000 27.00000 29.00000 29.00000 8.00000 11.00000 17.00000 26.00000 23.00000 28.00000 24.00000 9.00000 23.00000 18.00000 7.00000 15.00000 31.00000 11.00000 14.00000 17.00000 6.00000 14.00000 28.00000 11.00000
14.00000 19.00000 19.00000 28.00000 29.00000 18.00000 20.00000 18.00000 17.00000 33.00000 5.00000 23.00000 31.00000 22.00000 18.00000 32.00000 32.00000 19.00000 24.00000 21.00000 7.00000 20.00000 16.00000 20.00000 17.00000 20.00000 19.00000 20.00000 17.00000 7.00000 34.00000 21.00000 22.00000 22.00000 19.00000 22.00000 0.00000 27.00000 17.00000 16.00000 18.00000 20.00000 19.00000 7.00000 22.00000 21.00000 15.00000 19.00000 7.00000 31.00000 32.00000 6.00000 18.00000 17.00000 21.00000 9.00000 7.00000 17.00000 19.00000 31.00000 21.00000 39.00000 19.00000 6.00000 17.00000 9.00000 32.00000 20.00000 31.00000 8.00000 14.00000 20.00000 31.00000 21.00000 29.00000 5.00000 14.00000
19.00000 27.00000 28.00000 19.00000 15.00000 26.00000 28.00000 23.00000 24.00000 17.00000 31.00000 26.00000 18.00000 14.00000 27.00000 19.00000 16.00000 27.00000 21.00000 29.00000 28.00000 28.00000 26.00000 28.00000 27.00000 16.00000 27.00000 28.00000 25.00000 26.00000 22.00000 29.00000 28.00000 12.00000 27.00000 24.00000 28.00000 0.00000 27.00000 28.00000 22.00000 26.00000 26.00000 28.00000 10.00000 14.00000 28.00000 26.00000 30.00000 20.00000 19.00000 30.00000 28.00000 23.00000 13.00000 34.00000 27.00000 25.00000 28.00000 18.00000 12.00000 24.00000 14.00000 30.00000 25.00000 29.00000 19.00000 26.00000 21.00000 27.00000 19.00000 30.00000 19.00000 26.00000 15.00000 28.00000 19.00000
16.00000 6.00000 6.00000 18.00000 19.00000 8.00000 6.00000 8.00000 7.00000 24.00000 19.00000 12.00000 21.00000 32.00000 6.00000 22.00000 23.00000 6.00000 14.00000 7.00000 24.00000 5.00000 3.00000 6.00000 3.00000 34.00000 8.00000 7.00000 7.00000 23.00000 24.00000 6.00000 11.00000 30.00000 6.00000 12.00000 17.00000 27.00000 0.00000 4.00000 8.00000 10.00000 9.00000 24.00000 29.00000 32.00000 5.00000 7.00000 17.00000 21.00000 22.00000 23.00000 2.00000 7.00000 31.00000 22.00000 23.00000 7.00000 5.00000 21.00000 30.00000 30.00000 32.00000 17.00000 6.00000 17.00000 22.00000 10.00000 21.00000 25.00000 16.00000 4.00000 21.00000 10.00000 18.00000 21.00000 16.00000
15.00000 8.00000 8.00000 18.00000 19.00000 8.00000 8.00000 8.00000 6.00000 24.00000 16.00000 13.00000 21.00000 32.00000 7.00000 22.00000 23.00000 8.00000 14.00000 10.00000 22.00000 8.00000 3.00000 9.00000 4.00000 34.00000 9.00000 9.00000 6.00000 22.00000 24.00000 9.00000 11.00000 30.00000 8.00000 12.00000 16.00000 27.00000 3.00000 0.00000 8.00000 10.00000 9.00000 22.00000 28.00000 32.00000 2.00000 8.00000 15.00000 21.00000 22.00000 21.00000 5.00000 7.00000 31.00000 20.00000 21.00000 7.00000 8.00000 21.00000 30.00000 30.00000 32.00000 15.00000 6.00000 15.00000 22.00000 10.00000 21.00000 23.00000 15.00000 6.00000 21.00000 11.00000 18.00000 20.00000 15.00000
9.00000 7.00000 8.00000 12.00000 13.00000 6.00000 8.00000 4.00000 4.00000 17.00000 22.00000 7.00000 15.00000 26.00000 7.00000 15.00000 16.00000 7.00000 8.00000 9.00000 26.00000 8.00000 6.00000 8.00000 7.00000 28.00000 7.00000 8.00000 5.00000 26.00000 17.00000 10.00000 8.00000 24.00000 7.00000 6.00000 20.00000 21.00000 7.00000 8.00000 0.00000 6.00000 6.00000 26.00000 22.00000 25.00000 8.00000 7.00000 20.00000 14.00000 16.00000 25.00000 8.00000 3.00000 25.00000 25.00000 25.00000 5.00000 8.00000 15.00000 24.00000 23.00000 26.00000 20.00000 5.00000 19.00000 16.00000 6.00000 15.00000 27.00000 9.00000 10.00000 15.00000 7.00000 12.00000 24.00000 9.00000
14.00000 3.00000 4.00000 17.00000 18.00000 3.00000 4.00000 3.00000 4.00000 22.00000 23.00000 4.00000 20.00000 30.00000 4.00000 20.00000 21.00000 3.00000 9.00000 4.00000 27.00000 4.00000 8.00000 4.00000 8.00000 33.00000 2.00000 4.00000 5.00000 27.00000 21.00000 6.00000 2.00000 28.00000 3.00000 7.00000 21.00000 25.00000 8.00000 9.00000 6.00000 0.00000 2.00000 27.00000 27.00000 30.00000 9.00000 3.00000 21.00000 19.00000 20.00000 26.00000 8.00000 4.00000 29.00000 27.00000 27.00000 4.00000 6.00000 20.00000 29.00000 27.00000 31.00000 21.00000 5.00000 20.00000 21.00000 1.00000 20.00000 28.00000 14.00000 9.00000 20.00000 2.00000 17.00000 25.00000 14.00000
14.00000 4.00000 4.00000 16.00000 17.00000 2.00000 5.00000 3.00000 3.00000 22.00000 22.00000 6.00000 19.00000 30.00000 4.00000 20.00000 21.00000 4.00000 10.00000 5.00000 26.00000 5.00000 7.00000 5.00000 7.00000 32.00000 2.00000 4.00000 4.00000 26.00000 22.00000 6.00000 4.00000 28.00000 4.00000 7.00000 20.00000 25.00000 7.00000 9.00000 5.00000 2.00000 0.00000 26.00000 26.00000 30.00000 8.00000 3.00000 20.00000 19.00000 20.00000 25.00000 8.00000 3.00000 29.00000 26.00000 26.00000 3.00000 7.00000 19.00000 28.00000 28.00000 30.00000 21.00000 4.00000 19.00000 20.00000 2.00000 19.00000 27.00000 14.00000 10.00000 19.00000 3.00000 16.00000 24.00000 14.00000
20.00000 25.00000 25.00000 34.00000 33.00000 24.00000 26.00000 24.00000 23.00000 35.00000 8.00000 29.00000 36.00000 19.00000 24.00000 37.00000 34.00000 25.00000 30.00000 27.00000 4.00000 26.00000 22.00000 26.00000 23.00000 17.00000 25.00000 26.00000 23.00000 4.00000 40.00000 27.00000 28.00000 19.00000 25.00000 28.00000 7.00000 27.00000 23.00000 22.00000 24.00000 26.00000 25.00000 0.00000 19.00000 18.00000 21.00000 25.00000 10.00000 37.00000 37.00000 4.00000 24.00000 23.00000 18.00000 9.00000 6.00000 23.00000 25.00000 36.00000 18.00000 42.00000 16.00000 9.00000 23.00000 13.00000 37.00000 26.00000 37.00000 3.00000 20.00000 25.00000 37.00000 27.00000 33.00000 5.00000 20.00000
19.00000 29.00000 30.00000 21.00000 17.00000 28.00000 30.00000 25.00000 26.00000 19.00000 23.00000 28.00000 20.00000 4.00000 29.00000 21.00000 18.00000 29.00000 23.00000 31.00000 18.00000 30.00000 28.00000 30.00000 29.00000 7.00000 29.00000 30.00000 27.00000 16.00000 24.00000 31.00000 30.00000 3.00000 29.00000 26.00000 21.00000 12.00000 29.00000 30.00000 24.00000 28.00000 28.00000 18.00000 0.00000 4.00000 30.00000 29.00000 25.00000 22.00000 21.00000 21.00000 30.00000 25.00000 3.00000 24.00000 17.00000 27.00000 30.00000 20.00000 2.00000 26.00000 5.00000 24.00000 27.00000 28.00000 21.00000 28.00000 23.00000 17.00000 19.00000 32.00000 21.00000 28.00000 17.00000 19.00000 19.00000
21.00000 31.00000 32.00000 23.00000 19.00000 30.00000 32.00000 27.00000 28.00000 21.00000 23.00000 30.00000 22.00000 2.00000 31.00000 23.00000 20.00000 31.00000 25.00000 32.00000 18.00000 32.00000 30.00000 32.00000 31.00000 3.00000 31.00000 32.00000 29.00000 16.00000 26.00000 33.00000 32.00000 4.00000 31.00000 27.00000 21.00000 13.00000 31.00000 32.00000 26.00000 30.00000 30.00000 18.00000 5.00000 0.00000 32.00000 30.00000 25.00000 24.00000 23.00000 21.00000 31.00000 27.00000 2.00000 24.00000 17.00000 29.00000 32.00000 22.00000 4.00000 28.00000 3.00000 24.00000 29.00000 28.00000 23.00000 30.00000 24.00000 17.00000 21.00000 34.00000 23.00000 30.00000 19.00000 18.00000 21.00000
15.00000 9.00000 8.00000 19.00000 19.00000 8.00000 9.00000 8.00000 7.00000 24.00000 16.00000 13.00000 21.00000 32.00000 7.00000 22.00000 23.00000 9.00000 14.00000 10.00000 22.00000 9.00000 4.00000 9.00000 4.00000 35.00000 9.00000 9.00000 7.00000 21.00000 24.00000 9.00000 12.00000 30.00000 9.00000 13.00000 15.00000 27.00000 4.00000 1.00000 8.00000 10.00000 9.00000 22.00000 29.00000 32.00000 0.00000 8.00000 14.00000 21.00000 22.00000 21.00000 5.00000 8.00000 31.00000 20.00000 21.00000 7.00000 8.00000 22.00000 31.00000 30.00000 33.00000 15.00000 7.00000 15.00000 23.00000 10.00000 22.00000 23.00000 15.00000 7.00000 22.00000 11.00000 19.00000 20.00000 15.00000
15.00000 1.00000 2.00000 17.00000 18.00000 2.00000 3.00000 4.00000 3.00000 23.00000 22.00000 6.00000 20.00000 31.00000 2.00000 21.00000 22.00000 1.00000 11.00000 3.00000 26.00000 3.00000 6.00000 3.00000 7.00000 33.00000 2.00000 2.00000 4.00000 26.00000 23.00000 4.00000 6.00000 29.00000 2.00000 8.00000 20.00000 26.00000 7.00000 8.00000 6.00000 4.00000 3.00000 26.00000 28.00000 31.00000 8.00000 0.00000 20.00000 20.00000 21.00000 25.00000 6.00000 5.00000 30.00000 25.00000 25.00000 3.00000 4.00000 20.00000 29.00000 29.00000 31.00000 20.00000 4.00000 19.00000 21.00000 4.00000 20.00000 27.00000 15.00000 7.00000 20.00000 4.00000 18.00000 24.00000 15.00000
17.00000 20.00000 19.00000 30.00000 31.00000 19.00000 20.00000 19.00000 18.00000 35.00000 4.00000 24.00000 33.00000 26.00000 19.00000 33.00000 34.00000 20.00000 25.00000 21.00000 11.00000 20.00000 16.00000 21.00000 16.00000 24.00000 20.00000 21.00000 18.00000 11.00000 35.00000 21.00000 23.00000 26.00000 20.00000 24.00000 7.00000 30.00000 16.00000 15.00000 19.00000 21.00000 20.00000 10.00000 26.00000 25.00000 14.00000 19.00000 0.00000 32.00000 33.00000 9.00000 18.00000 19.00000 25.00000 7.00000 12.00000 19.00000 19.00000 33.00000 25.00000 41.00000 23.00000 2.00000 18.00000 5.00000 34.00000 21.00000 33.00000 11.00000 17.00000 18.00000 33.00000 22.00000 30.00000 11.00000 17.00000
20.00000 20.00000 21.00000 6.00000 8.00000 19.00000 21.00000 16.00000 17.00000 8.00000 35.00000 18.00000 4.00000 25.00000 20.00000 4.00000 8.00000 20.00000 13.00000 22.00000 38.00000 21.00000 19.00000 21.00000 20.00000 27.00000 20.00000 21.00000 18.00000 37.00000 4.00000 20.00000 20.00000 23.00000 20.00000 16.00000 32.00000 20.00000 20.00000 21.00000 15.00000 19.00000 19.00000 39.00000 21.00000 24.00000 21.00000 19.00000 33.00000 0.00000 4.00000 38.00000 21.00000 16.00000 24.00000 38.00000 37.00000 18.00000 21.00000 4.00000 23.00000 11.00000 25.00000 33.00000 18.00000 32.00000 5.00000 19.00000 2.00000 37.00000 20.00000 23.00000 3.00000 19.00000 6.00000 37.00000 20.00000
22.00000 22.00000 23.00000 8.00000 7.00000 21.00000 23.00000 18.00000 19.00000 5.00000 37.00000 20.00000 3.00000 23.00000 22.00000 1.00000 5.00000 22.00000 15.00000 24.00000 37.00000 23.00000 21.00000 23.00000 22.00000 26.00000 22.00000 23.00000 20.00000 35.00000 6.00000 23.00000 22.00000 21.00000 22.00000 18.00000 34.00000 18.00000 22.00000 23.00000 17.00000 21.00000 21.00000 37.00000 20.00000 23.00000 23.00000 21.00000 35.00000 5.00000 0.00000 40.00000 23.00000 18.00000 22.00000 40.00000 36.00000 20.00000 23.00000 3.00000 21.00000 9.00000 23.00000 35.00000 20.00000 34.00000 4.00000 21.00000 4.00000 36.00000 22.00000 25.00000 5.00000 21.00000 5.00000 37.00000 22.00000
19.00000 24.00000 24.00000 34.00000 34.00000 23.00000 25.00000 23.00000 22.00000 38.00000 7.00000 28.00000 36.00000 22.00000 23.00000 37.00000 37.00000 24.00000 29.00000 26.00000 7.00000 25.00000 21.00000 25.00000 22.00000 20.00000 24.00000 25.00000 22.00000 6.00000 39.00000 26.00000 27.00000 22.00000 24.00000 28.00000 6.00000 30.00000 22.00000 21.00000 23.00000 25.00000 24.00000 4.00000 22.00000 20.00000 20.00000 24.00000 9.00000 36.00000 37.00000 0.00000 23.00000 22.00000 20.00000 8.00000 8.00000 22.00000 24.00000 37.00000 21.00000 44.00000 19.00000 8.00000 23.00000 12.00000 37.00000 25.00000 36.00000 5.00000 19.00000 24.00000 37.00000 26.00000 34.00000 8.00000 19.00000
15.00000 5.00000 5.00000 18.00000 19.00000 7.00000 5.00000 8.00000 6.00000 23.00000 19.00000 11.00000 21.00000 31.00000 5.00000 21.00000 22.00000 5.00000 14.00000 6.00000 25.00000 4.00000 4.00000 5.00000 3.00000 34.00000 7.00000 6.00000 6.00000 24.00000 23.00000 5.00000 10.00000 30.00000 5.00000 12.00000 18.00000 26.00000 3.00000 5.00000 8.00000 9.00000 8.00000 24.00000 28.00000 31.00000 5.00000 6.00000 18.00000 20.00000 21.00000 24.00000 0.00000 7.00000 30.00000 23.00000 24.00000 7.00000 4.00000 21.00000 30.00000 29.00000 32.00000 18.00000 6.00000 18.00000 22.00000 9.00000 21.00000 25.00000 15.00000 5.00000 21.00000 9.00000 18.00000 22.00000 15.00000
11.00000 5.00000 6.00000 14.00000 15.00000 4.00000 6.00000 1.00000 3.00000 20.00000 20.00000 7.00000 17.00000 28.00000 6.00000 17.00000 18.00000 5.00000 10.00000 6.00000 24.00000 6.00000 5.00000 6.00000 5.00000 30.00000 5.00000 6.00000 3.00000 24.00000 19.00000 8.00000 6.00000 26.00000 5.00000 7.00000 18.00000 23.00000 6.00000 7.00000 3.00000 4.00000 4.00000 24.00000 24.00000 27.00000 6.00000 5.00000 19.00000 16.00000 18.00000 23.00000 6.00000 0.00000 27.00000 24.00000 24.00000 3.00000 7.00000 17.00000 26.00000 25.00000 28.00000 19.00000 3.00000 18.00000 18.00000 4.00000 17.00000 25.00000 11.00000 9.00000 17.00000 5.00000 14.00000 22.00000 11.00000
20.00000 30.00000 31.00000 23.00000 19.00000 29.00000 31.00000 27.00000 28.00000 20.00000 23.00000 29.00000 21.00000 3.00000 31.00000 22.00000 19.00000 30.00000 25.00000 32.00000 18.00000 31.00000 30.00000 31.00000 30.00000 4.00000 30.00000 31.00000 28.00000 16.00000 26.00000 33.00000 31.00000 4.00000 30.00000 27.00000 21.00000 13.00000 30.00000 31.00000 25.00000 29.00000 29.00000 18.00000 5.00000 2.00000 31.00000 30.00000 25.00000 23.00000 22.00000 21.00000 31.00000 26.00000 0.00000 24.00000 17.00000 28.00000 31.00000 22.00000 3.00000 27.00000 3.00000 24.00000 29.00000 28.00000 22.00000 30.00000 24.00000 17.00000 20.00000 34.00000 22.00000 29.00000 18.00000 18.00000 20.00000
22.00000 25.00000 24.00000 35.00000 36.00000 24.00000 25.00000 25.00000 23.00000 40.00000 10.00000 29.00000 38.00000 25.00000 24.00000 38.00000 39.00000 25.00000 31.00000 26.00000 10.00000 25.00000 21.00000 26.00000 21.00000 24.00000 26.00000 26.00000 23.00000 10.00000 40.00000 26.00000 28.00000 25.00000 25.00000 29.00000 9.00000 34.00000 21.00000 20.00000 25.00000 26.00000 25.00000 9.00000 25.00000 24.00000 19.00000 24.00000 7.00000 37.00000 39.00000 8.00000 23.00000 24.00000 24.00000 0.00000 12.00000 24.00000 25.00000 38.00000 24.00000 46.00000 22.00000 8.00000 23.00000 11.00000 39.00000 26.00000 38.00000 11.00000 22.00000 23.00000 38.00000 27.00000 35.00000 11.00000 22.00000
19.00000 25.00000 24.00000 34.00000 32.00000 23.00000 25.00000 24.00000 22.00000 34.00000 10.00000 28.00000 35.00000 18.00000 24.00000 36.00000 33.00000 25.00000 30.00000 26.00000 4.00000 25.00000 21.00000 26.00000 22.00000 16.00000 25.00000 25.00000 22.00000 4.00000 39.00000 26.00000 27.00000 18.00000 25.00000 28.00000 7.00000 27.00000 22.00000 21.00000 24.00000 25.00000 24.00000 6.00000 18.00000 17.00000 21.00000 24.00000 12.00000 36.00000 36.00000 8.00000 24.00000 23.00000 17.00000 11.00000 0.00000 23.00000 24.00000 35.00000 17.00000 41.00000 15.00000 11.00000 23.00000 15.00000 36.00000 25.00000 37.00000 5.00000 19.00000 25.00000 36.00000 26.00000 32.00000 3.00000 19.00000
13.00000 4.00000 4.00000 15.00000 16.00000 2.00000 5.00000 2.00000 2.00000 21.00000 21.00000 7.00000 18.00000 29.00000 4.00000 19.00000 20.00000 3.00000 11.00000 5.00000 25.00000 5.00000 5.00000 5.00000 6.00000 31.00000 4.00000 4.00000 3.00000 24.00000 21.00000 6.00000 6.00000 27.00000 4.00000 8.00000 18.00000 24.00000 6.00000 7.00000 4.00000 4.00000 3.00000 25.00000 26.00000 29.00000 7.00000 3.00000 19.00000 18.00000 19.00000 24.00000 7.00000 3.00000 28.00000 24.00000 24.00000 0.00000 6.00000 18.00000 27.00000 27.00000 29.00000 19.00000 2.00000 18.00000 19.00000 4.00000 18.00000 26.00000 13.00000 9.00000 18.00000 5.00000 15.00000 23.00000 13.00000
19.00000 5.00000 5.00000 19.00000 22.00000 6.00000 4.00000 9.00000 8.00000 26.00000 23.00000 10.00000 23.00000 35.00000 5.00000 24.00000 25.00000 5.00000 12.00000 5.00000 28.00000 4.00000 8.00000 4.00000 6.00000 37.00000 6.00000 5.00000 9.00000 28.00000 23.00000 3.00000 9.00000 33.00000 5.00000 11.00000 22.00000 30.00000 6.00000 8.00000 11.00000 8.00000 8.00000 28.00000 32.00000 35.00000 9.00000 6.00000 21.00000 22.00000 24.00000 27.00000 5.00000 9.00000 34.00000 26.00000 27.00000 8.00000 0.00000 23.00000 33.00000 29.00000 35.00000 21.00000 8.00000 21.00000 24.00000 8.00000 22.00000 29.00000 19.00000 5.00000 23.00000 8.00000 21.00000 26.00000 19.00000
21.00000 21.00000 22.00000 7.00000 6.00000 20.00000 22.00000 18.00000 19.00000 6.00000 36.00000 19.00000 1.00000 22.00000 22.00000 2.00000 6.00000 21.00000 14.00000 23.00000 36.00000 22.00000 21.00000 22.00000 21.00000 25.00000 21.00000 22.00000 19.00000 34.00000 5.00000 22.00000 22.00000 21.00000 21.00000 17.00000 34.00000 17.00000 21.00000 22.00000 16.00000 21.00000 20.00000 36.00000 19.00000 22.00000 22.00000 21.00000 34.00000 4.00000 3.00000 39.00000 22.00000 17.00000 21.00000 39.00000 35.00000 19.00000 23.00000 0.00000 21.00000 11.00000 23.00000 34.00000 20.00000 33.00000 3.00000 21.00000 4.00000 35.00000 21.00000 25.00000 3.00000 20.00000 5.00000 37.00000 21.00000
20.00000 30.00000 31.00000 22.00000 18.00000 29.00000 31.00000 26.00000 27.00000 20.00000 23.00000 29.00000 21.00000 5.00000 30.00000 22.00000 19.00000 30.00000 24.00000 32.00000 18.00000 31.00000 29.00000 31.00000 30.00000 7.00000 30.00000 31.00000 28.00000 16.00000 25.00000 32.00000 31.00000 4.00000 30.00000 27.00000 21.00000 12.00000 30.00000 31.00000 25.00000 29.00000 29.00000 18.00000 2.00000 4.00000 31.00000 29.00000 25.00000 23.00000 22.00000 21.00000 31.00000 26.00000 3.00000 24.00000 17.00000 28.00000 31.00000 21.00000 0.00000 27.00000 4.00000 24.00000 28.00000 28.00000 22.00000 29.00000 24.00000 17.00000 20.00000 33.00000 22.00000 29.00000 18.00000 18.00000 20.00000
29.00000 29.00000 29.00000 15.00000 13.00000 28.00000 29.00000 25.00000 26.00000 10.00000 42.00000 25.00000 11.00000 27.00000 29.00000 9.00000 10.00000 29.00000 20.00000 29.00000 41.00000 29.00000 28.00000 29.00000 28.00000 30.00000 28.00000 29.00000 26.00000 39.00000 11.00000 28.00000 27.00000 25.00000 29.00000 23.00000 39.00000 22.00000 29.00000 30.00000 24.00000 27.00000 28.00000 41.00000 24.00000 27.00000 30.00000 28.00000 41.00000 12.00000 9.00000 44.00000 29.00000 25.00000 26.00000 46.00000 40.00000 27.00000 30.00000 11.00000 26.00000 0.00000 28.00000 41.00000 27.00000 40.00000 12.00000 27.00000 12.00000 40.00000 29.00000 32.00000 12.00000 26.00000 13.00000 41.00000 29.00000
21.00000 31.00000 32.00000 24.00000 20.00000 30.00000 32.00000 28.00000 29.00000 21.00000 21.00000 30.00000 22.00000 4.00000 32.00000 23.00000 20.00000 31.00000 26.00000 33.00000 16.00000 32.00000 31.00000 32.00000 31.00000 3.00000 31.00000 32.00000 29.00000 14.00000 27.00000 34.00000 32.00000 5.00000 31.00000 28.00000 19.00000 14.00000 31.00000 32.00000 26.00000 31.00000 30.00000 16.00000 5.00000 3.00000 32.00000 31.00000 23.00000 24.00000 23.00000 19.00000 32.00000 27.00000 3.00000 22.00000 15.00000 29.00000 33.00000 23.00000 4.00000 28.00000 0.00000 22.00000 30.00000 26.00000 23.00000 31.00000 25.00000 15.00000 21.00000 35.00000 23.00000 30.00000 19.00000 17.00000 21.00000
17.00000 20.00000 19.00000 30.00000 31.00000 19.00000 20.00000 20.00000 18.00000 35.00000 3.00000 24.00000 33.00000 25.00000 19.00000 33.00000 34.00000 20.00000 26.00000 21.00000 10.00000 20.00000 16.00000 21.00000 16.00000 23.00000 21.00000 21.00000 18.00000 10.00000 35.00000 21.00000 23.00000 25.00000 20.00000 24.00000 6.00000 30.00000 16.00000 15.00000 20.00000 21.00000 20.00000 9.00000 25.00000 24.00000 14.00000 19.00000 2.00000 32.00000 34.00000 8.00000 18.00000 19.00000 24.00000 8.00000 11.00000 19.00000 20.00000 33.00000 24.00000 41.00000 22.00000 0.00000 18.00000 5.00000 34.00000 21.00000 33.00000 10.00000 17.00000 18.00000 33.00000 22.00000 30.00000 10.00000 17.00000
13.00000 4.00000 5.00000 16.00000 16.00000 3.00000 5.00000 4.00000 2.00000 21.00000 20.00000 9.00000 18.00000 29.00000 4.00000 19.00000 20.00000 4.00000 11.00000 6.00000 24.00000 5.00000 5.00000 5.00000 5.00000 32.00000 4.00000 5.00000 2.00000 24.00000 21.00000 7.00000 7.00000 27.00000 4.00000 9.00000 18.00000 24.00000 5.00000 7.00000 5.00000 5.00000 4.00000 24.00000 26.00000 29.00000 6.00000 4.00000 18.00000 18.00000 19.00000 23.00000 6.00000 4.00000 28.00000 24.00000 24.00000 2.00000 5.00000 19.00000 28.00000 27.00000 30.00000 19.00000 0.00000 17.00000 19.00000 5.00000 18.00000 25.00000 13.00000 8.00000 19.00000 6.00000 16.00000 22.00000 13.00000
16.00000 18.00000 18.00000 28.00000 29.00000 17.00000 19.00000 17.00000 16.00000 33.00000 7.00000 22.00000 31.00000 28.00000 17.00000 31.00000 32.00000 18.00000 23.00000 20.00000 14.00000 19.00000 15.00000 20.00000 16.00000 27.00000 19.00000 19.00000 16.00000 13.00000 33.00000 20.00000 21.00000 29.00000 18.00000 22.00000 9.00000 29.00000 16.00000 15.00000 17.00000 19.00000 18.00000 13.00000 27.00000 27.00000 14.00000 18.00000 5.00000 30.00000 31.00000 12.00000 17.00000 17.00000 27.00000 11.00000 15.00000 17.00000 18.00000 31.00000 28.00000 39.00000 26.00000 5.00000 17.00000 0.00000 32.00000 19.00000 31.00000 14.00000 16.00000 19.00000 31.00000 20.00000 28.00000 14.00000 16.00000
21.00000 21.00000 22.00000 7.00000 7.00000 20.00000 22.00000 18.00000 19.00000 7.00000 36.00000 19.00000 2.00000 23.00000 22.00000 4.00000 6.00000 21.00000 14.00000 23.00000 37.00000 22.00000 21.00000 22.00000 21.00000 26.00000 21.00000 22.00000 19.00000 35.00000 7.00000 22.00000 22.00000 21.00000 21.00000 17.00000 34.00000 18.00000 21.00000 22.00000 16.00000 21.00000 20.00000 37.00000 20.00000 23.00000 22.00000 21.00000 34.00000 5.00000 4.00000 39.00000 22.00000 17.00000 22.00000 39.00000 36.00000 19.00000 23.00000 3.00000 21.00000 12.00000 24.00000 34.00000 20.00000 33.00000 0.00000 21.00000 5.00000 36.00000 21.00000 25.00000 4.00000 20.00000 5.00000 37.00000 21.00000
14.00000 3.00000 4.00000 17.00000 18.00000 3.00000 4.00000 4.00000 4.00000 22.00000 23.00000 4.00000 20.00000 30.00000 4.00000 20.00000 21.00000 3.00000 9.00000 4.00000 27.00000 4.00000 8.00000 4.00000 8.00000 33.00000 3.00000 4.00000 5.00000 27.00000 21.00000 6.00000 2.00000 29.00000 3.00000 7.00000 21.00000 25.00000 8.00000 9.00000 6.00000 1.00000 2.00000 27.00000 27.00000 30.00000 9.00000 3.00000 21.00000 19.00000 20.00000 26.00000 8.00000 4.00000 29.00000 27.00000 27.00000 4.00000 6.00000 20.00000 29.00000 27.00000 31.00000 22.00000 5.00000 20.00000 21.00000 0.00000 20.00000 28.00000 14.00000 9.00000 20.00000 2.00000 17.00000 25.00000 14.00000
21.00000 21.00000 21.00000 7.00000 8.00000 20.00000 22.00000 17.00000 18.00000 7.00000 35.00000 18.00000 4.00000 24.00000 21.00000 4.00000 8.00000 21.00000 13.00000 22.00000 38.00000 22.00000 20.00000 22.00000 20.00000 27.00000 20.00000 22.00000 18.00000 36.00000 4.00000 21.00000 21.00000 22.00000 21.00000 16.00000 33.00000 19.00000 21.00000 22.00000 16.00000 20.00000 20.00000 38.00000 21.00000 24.00000 21.00000 20.00000 34.00000 2.00000 4.00000 39.00000 21.00000 17.00000 23.00000 39.00000 37.00000 19.00000 22.00000 3.00000 23.00000 11.00000 25.00000 34.00000 19.00000 33.00000 5.00000 20.00000 0.00000 37.00000 21.00000 24.00000 2.00000 19.00000 6.00000 37.00000 21.00000
21.00000 26.00000 26.00000 36.00000 33.00000 25.00000 27.00000 25.00000 24.00000 35.00000 9.00000 30.00000 36.00000 18.00000 25.00000 36.00000 34.00000 26.00000 31.00000 28.00000 5.00000 27.00000 23.00000 27.00000 24.00000 17.00000 26.00000 27.00000 24.00000 4.00000 40.00000 28.00000 29.00000 19.00000 26.00000 30.00000 8.00000 27.00000 24.00000 23.00000 25.00000 27.00000 26.00000 3.00000 19.00000 17.00000 22.00000 26.00000 11.00000 38.00000 36.00000 5.00000 26.00000 25.00000 17.00000 10.00000 6.00000 24.00000 26.00000 36.00000 17.00000 41.00000 15.00000 10.00000 25.00000 14.00000 37.00000 27.00000 38.00000 0.00000 21.00000 26.00000 36.00000 28.00000 32.00000 6.00000 21.00000
0.00000 15.00000 16.00000 16.00000 17.00000 14.00000 16.00000 11.00000 12.00000 22.00000 18.00000 14.00000 19.00000 20.00000 15.00000 20.00000 21.00000 15.00000 11.00000 16.00000 20.00000 16.00000 14.00000 16.00000 14.00000 23.00000 15.00000 16.00000 12.00000 20.00000 22.00000 18.00000 16.00000 18.00000 15.00000 11.00000 14.00000 19.00000 15.00000 15.00000 10.00000 14.00000 14.00000 20.00000 17.00000 20.00000 15.00000 14.00000 17.00000 19.00000 20.00000 19.00000 15.00000 11.00000 19.00000 22.00000 20.00000 13.00000 16.00000 19.00000 19.00000 28.00000 21.00000 17.00000 13.00000 15.00000 20.00000 14.00000 19.00000 21.00000 0.00000 18.00000 19.00000 14.00000 16.00000 18.00000 0.00000
18.00000 7.00000 7.00000 21.00000 21.00000 9.00000 6.00000 10.00000 9.00000 26.00000 19.00000 13.00000 23.00000 34.00000 7.00000 24.00000 25.00000 7.00000 15.00000 8.00000 26.00000 6.00000 5.00000 7.00000 5.00000 37.00000 9.00000 8.00000 9.00000 25.00000 26.00000 6.00000 11.00000 32.00000 7.00000 14.00000 19.00000 29.00000 5.00000 6.00000 10.00000 10.00000 10.00000 25.00000 31.00000 34.00000 7.00000 8.00000 18.00000 23.00000 24.00000 24.00000 4.00000 9.00000 33.00000 23.00000 25.00000 9.00000 6.00000 24.00000 32.00000 32.00000 34.00000 18.00000 8.00000 19.00000 24.00000 11.00000 23.00000 27.00000 18.00000 0.00000 24.00000 10.00000 21.00000 24.00000 18.00000
20.00000 20.00000 21.00000 6.00000 8.00000 19.00000 21.00000 17.00000 18.00000 8.00000 35.00000 18.00000 3.00000 24.00000 21.00000 5.00000 8.00000 20.00000 13.00000 22.00000 38.00000 21.00000 19.00000 21.00000 20.00000 27.00000 20.00000 21.00000 18.00000 36.00000 6.00000 21.00000 21.00000 22.00000 20.00000 16.00000 33.00000 19.00000 20.00000 21.00000 15.00000 19.00000 19.00000 38.00000 21.00000 24.00000 21.00000 20.00000 33.00000 2.00000 5.00000 38.00000 21.00000 16.00000 23.00000 38.00000 37.00000 18.00000 21.00000 3.00000 23.00000 13.00000 25.00000 33.00000 19.00000 32.00000 4.00000 20.00000 2.00000 37.00000 20.00000 24.00000 0.00000 19.00000 6.00000 37.00000 20.00000
14.00000 4.00000 5.00000 16.00000 18.00000 4.00000 5.00000 5.00000 6.00000 22.00000 24.00000 3.00000 20.00000 30.00000 5.00000 20.00000 21.00000 4.00000 7.00000 5.00000 29.00000 5.00000 9.00000 5.00000 9.00000 33.00000 4.00000 5.00000 7.00000 28.00000 19.00000 7.00000 3.00000 28.00000 4.00000 6.00000 22.00000 25.00000 10.00000 11.00000 5.00000 2.00000 4.00000 28.00000 27.00000 30.00000 10.00000 4.00000 23.00000 18.00000 20.00000 28.00000 9.00000 5.00000 29.00000 28.00000 28.00000 5.00000 7.00000 20.00000 29.00000 26.00000 31.00000 23.00000 6.00000 22.00000 21.00000 2.00000 18.00000 29.00000 14.00000 10.00000 20.00000 0.00000 17.00000 26.00000 14.00000
17.00000 18.00000 18.00000 8.00000 3.00000 16.00000 19.00000 14.00000 15.00000 7.00000 32.00000 17.00000 4.00000 19.00000 18.00000 5.00000 6.00000 18.00000 12.00000 19.00000 33.00000 19.00000 17.00000 19.00000 17.00000 21.00000 17.00000 18.00000 15.00000 31.00000 9.00000 20.00000 18.00000 17.00000 18.00000 14.00000 30.00000 14.00000 17.00000 19.00000 12.00000 17.00000 16.00000 33.00000 16.00000 19.00000 18.00000 17.00000 30.00000 7.00000 5.00000 35.00000 18.00000 13.00000 18.00000 36.00000 32.00000 15.00000 19.00000 5.00000 17.00000 13.00000 19.00000 31.00000 16.00000 29.00000 6.00000 17.00000 7.00000 32.00000 17.00000 21.00000 5.00000 17.00000 0.00000 33.00000 17.00000
19.00000 24.00000 23.00000 33.00000 33.00000 23.00000 24.00000 23.00000 21.00000 35.00000 9.00000 28.00000 36.00000 19.00000 23.00000 36.00000 34.00000 24.00000 29.00000 25.00000 4.00000 24.00000 20.00000 25.00000 21.00000 17.00000 24.00000 25.00000 21.00000 3.00000 38.00000 25.00000 26.00000 19.00000 24.00000 27.00000 6.00000 28.00000 21.00000 21.00000 23.00000 25.00000 24.00000 5.00000 19.00000 18.00000 20.00000 23.00000 11.00000 35.00000 37.00000 7.00000 23.00000 22.00000 18.00000 10.00000 3.00000 22.00000 24.00000 36.00000 18.00000 42.00000 16.00000 10.00000 22.00000 14.00000 37.00000 25.00000 36.00000 4.00000 19.00000 24.00000 36.00000 26.00000 33.00000 0.00000 19.00000
0.00000 15.00000 16.00000 16.00000 17.00000 14.00000 16.00000 11.00000 12.00000 22.00000 18.00000 14.00000 19.00000 20.00000 15.00000 20.00000 21.00000 15.00000 11.00000 16.00000 20.00000 16.00000 14.00000 16.00000 14.00000 23.00000 15.00000 16.00000 12.00000 20.00000 22.00000 18.00000 16.00000 18.00000 15.00000 11.00000 14.00000 19.00000 15.00000 15.00000 10.00000 14.00000 14.00000 20.00000 17.00000 20.00000 15.00000 14.00000 17.00000 19.00000 20.00000 19.00000 15.00000 11.00000 19.00000 22.00000 20.00000 13.00000 16.00000 19.00000 19.00000 28.00000 21.00000 17.00000 13.00000 15.00000 20.00000 14.00000 19.00000 21.00000 0.00000 18.00000 19.00000 14.00000 16.00000 18.00000 0.00000
p
0.0 0.0 0.0 0.0 0.0 0.0 
0.0 0.0 0.0 0.0 0.0 0.0 
0.0 0.0 0.0 0.0 0.0 0.0 
0.0 0.0 0.0 0.0 0.0 0.0 
0.0 0.0 0.0 0.0 0.0 0.0 
0.0 0.0 0.0 0.0 0.0 0.0 
0.0 0.0 0.0 0.0 0.0 0.0 
0.0 0.0 0.0 0.0 0.0 0.0 
0.0 0.0 0.0 0.0 0.0 0.0 
0.0 0.0 0.0 0.0 0.0 0.0 
0.0 0.0 0.0 0.0 0.0 0.0 
0.0 0.0 0.0 0.0 0.0 0.0 
0.0 0.0 0.0 0.0 0.0 0.0 
0.0 0.0 0.0 0.0 0.0 0.0 
0.0 0.0 0.0 0.0 0.0 0.0 
0 49 0 0 25 0 
0 49 0 0 25 0 
0 49 0 0 25 0 
0 49 0 0 25 0 
0 49 0 0 25 0 
0 49 0 0 25 0 
0 49 0 0 25 0 
0 49 0 0 25 0 
0 49 0 0 25 0 
0 49 0 0 25 0 
0 49 0 0 25 0 
0 49 0 0 25 0 
0 49 0 0 25 0 
0 49 0 0 25 0 
0 49 0 0 25 0 
0 0 0 0 34 0 
0 0 0 0 34 0 
0 0 0 0 34 0 
0 0 0 0 34 0 
0 0 0 0 34 0 
0 0 0 0 34 0 
0 0 0 0 34 0 
0 0 0 0 34 0 
0 0 0 0 34 0 
0 0 0 0 34 0 
0 0 0 0 34 0 
0 0 0 0 34 0 
0 0 0 0 34 0 
0 0 0 0 34 0 
0 0 0 0 34 0 
0 19 0 17 0 0 
0 19 0 17 0 0 
0 19 0 17 0 0 
0 19 0 17 0 0 
0 19 0 17 0 0 
0 19 0 17 0 0 
0 19 0 17 0 0 
0 19 0 17 0 0 
0 19 0 17 0 0 
0 19 0 17 0 0 
0 19 0 17 0 0 
0 19 0 17 0 0 
0 19 0 17 0 0 
0 19 0 17 0 0 
0 19 0 17 0 0 
0 0 38 0 0 0 
0 0 38 0 0 0 
0 0 38 0 0 0 
0 0 38 0 0 0 
0 0 38 0 0 0 
0 0 38 0 0 0 
0 0 38 0 0 0 
0 0 38 0 0 0 
0 0 38 0 0 0 
0 0 38 0 0 0 
0 0 38 0 0 0 
0 0 38 0 0 0 
0 0 38 0 0 0 
0 0 38 0 0 0 
0 0 38 0 0 0 
0 59 0 0 0 40 
0 59 0 0 0 40 
0 59 0 0 0 40 
0 59 0 0 0 40 
0 59 0 0 0 40 
0 59 0 0 0 40 
0 59 0 0 0 40 
0 59 0 0 0 40 
0 59 0 0 0 40 
0 59 0 0 0 40 
0 59 0 0 0 40 
0 59 0 0 0 40 
0 59 0 0 0 40 
0 59 0 0 0 40 
0 59 0 0 0 40 
0 51 0 0 0 0 
0 51 0 0 0 0 
0 51 0 0 0 0 
0 51 0 0 0 0 
0 51 0 0 0 0 
0 51 0 0 0 0 
0 51 0 0 0 0 
0 51 0 0 0 0 
0 51 0 0 0 0 
0 51 0 0 0 0 
0 51 0 0 0 0 
0 51 0 0 0 0 
0 51 0 0 0 0 
0 51 0 0 0 0 
0 51 0 0 0 0 
28 0 0 0 0 15 
28 0 0 0 0 15 
28 0 0 0 0 15 
28 0 0 0 0 15 
28 0 0 0 0 15 
28 0 0 0 0 15 
28 0 0 0 0 15 
28 0 0 0 0 15 
28 0 0 0 0 15 
28 0 0 0 0 15 
28 0 0 0 0 15 
28 0 0 0 0 15 
28 0 0 0 0 15 
28 0 0 0 0 15 
28 0 0 0 0 15 
0 23 0 54 0 0 
0 23 0 54 0 0 
0 23 0 54 0 0 
0 23 0 54 0 0 
0 23 0 54 0 0 
0 23 0 54 0 0 
0 23 0 54 0 0 
0 23 0 54 0 0 
0 23 0 54 0 0 
0 23 0 54 0 0 
0 23 0 54 0 0 
0 23 0 54 0 0 
0 23 0 54 0 0 
0 23 0 54 0 0 
0 23 0 54 0 0 
0 0 0 0 22 0 
0 0 0 0 22 0 
0 0 0 0 22 0 
0 0 0 0 22 0 
0 0 0 0 22 0 
0 0 0 0 22 0 
0 0 0 0 22 0 
0 0 0 0 22 0 
0 0 0 0 22 0 
0 0 0 0 22 0 
0 0 0 0 22 0 
0 0 0 0 22 0 
0 0 0 0 22 0 
0 0 0 0 22 0 
0 0 0 0 22 0 
41 0 0 0 0 51 
41 0 0 0 0 51 
41 0 0 0 0 51 
41 0 0 0 0 51 
41 0 0 0 0 51 
41 0 0 0 0 51 
41 0 0 0 0 51 
41 0 0 0 0 51 
41 0 0 0 0 51 
41 0 0 0 0 51 
41 0 0 0 0 51 
41 0 0 0 0 51 
41 0 0 0 0 51 
41 0 0 0 0 51 
41 0 0 0 0 51 
0 0 50 0 0 0 
0 0 50 0 0 0 
0 0 50 0 0 0 
0 0 50 0 0 0 
0 0 50 0 0 0 
0 0 50 0 0 0 
0 0 50 0 0 0 
0 0 50 0 0 0 
0 0 50 0 0 0 
0 0 50 0 0 0 
0 0 50 0 0 0 
0 0 50 0 0 0 
0 0 50 0 0 0 
0 0 50 0 0 0 
0 0 50 0 0 0 
0 0 0 0 0 53 
0 0 0 0 0 53 
0 0 0 0 0 53 
0 0 0 0 0 53 
0 0 0 0 0 53 
0 0 0 0 0 53 
0 0 0 0 0 53 
0 0 0 0 0 53 
0 0 0 0 0 53 
0 0 0 0 0 53 
0 0 0 0 0 53 
0 0 0 0 0 53 
0 0 0 0 0 53 
0 0 0 0 0 53 
0 0 0 0 0 53 
0 19 0 0 0 0 
0 19 0 0 0 0 
0 19 0 0 0 0 
0 19 0 0 0 0 
0 19 0 0 0 0 
0 19 0 0 0 0 
0 19 0 0 0 0 
0 19 0 0 0 0 
0 19 0 0 0 0 
0 19 0 0 0 0 
0 19 0 0 0 0 
0 19 0 0 0 0 
0 19 0 0 0 0 
0 19 0 0 0 0 
0 19 0 0 0 0 
0 41 0 0 0 25 
0 41 0 0 0 25 
0 41 0 0 0 25 
0 41 0 0 0 25 
0 41 0 0 0 25 
0 41 0 0 0 25 
0 41 0 0 0 25 
0 41 0 0 0 25 
0 41 0 0 0 25 
0 41 0 0 0 25 
0 41 0 0 0 25 
0 41 0 0 0 25 
0 41 0 0 0 25 
0 41 0 0 0 25 
0 41 0 0 0 25 
23 0 0 0 0 0 
23 0 0 0 0 0 
23 0 0 0 0 0 
23 0 0 0 0 0 
23 0 0 0 0 0 
23 0 0 0 0 0 
23 0 0 0 0 0 
23 0 0 0 0 0 
23 0 0 0 0 0 
23 0 0 0 0 0 
23 0 0 0 0 0 
23 0 0 0 0 0 
23 0 0 0 0 0 
23 0 0 0 0 0 
23 0 0 0 0 0 
0 0 59 0 0 0 
0 0 59 0 0 0 
0 0 59 0 0 0 
0 0 59 0 0 0 
0 0 59 0 0 0 
0 0 59 0 0 0 
0 0 59 0 0 0 
0 0 59 0 0 0 
0 0 59 0 0 0 
0 0 59 0 0 0 
0 0 59 0 0 0 
0 0 59 0 0 0 
0 0 59 0 0 0 
0 0 59 0 0 0 
0 0 59 0 0 0 
36 0 0 0 0 30 
36 0 0 0 0 30 
36 0 0 0 0 30 
36 0 0 0 0 30 
36 0 0 0 0 30 
36 0 0 0 0 30 
36 0 0 0 0 30 
36 0 0 0 0 30 
36 0 0 0 0 30 
36 0 0 0 0 30 
36 0 0 0 0 30 
36 0 0 0 0 30 
36 0 0 0 0 30 
36 0 0 0 0 30 
36 0 0 0 0 30 
0 0 0 0 0 41 
0 0 0 0 0 41 
0 0 0 0 0 41 
0 0 0 0 0 41 
0 0 0 0 0 41 
0 0 0 0 0 41 
0 0 0 0 0 41 
0 0 0 0 0 41 
0 0 0 0 0 41 
0 0 0 0 0 41 
0 0 0 0 0 41 
0 0 0 0 0 41 
0 0 0 0 0 41 
0 0 0 0 0 41 
0 0 0 0 0 41 
23 0 0 0 0 21 
23 0 0 0 0 21 
23 0 0 0 0 21 
23 0 0 0 0 21 
23 0 0 0 0 21 
23 0 0 0 0 21 
23 0 0 0 0 21 
23 0 0 0 0 21 
23 0 0 0 0 21 
23 0 0 0 0 21 
23 0 0 0 0 21 
23 0 0 0 0 21 
23 0 0 0 0 21 
23 0 0 0 0 21 
23 0 0 0 0 21 
0 33 0 0 54 0 
0 33 0 0 54 0 
0 33 0 0 54 0 
0 33 0 0 54 0 
0 33 0 0 54 0 
0 33 0 0 54 0 
0 33 0 0 54 0 
0 33 0 0 54 0 
0 33 0 0 54 0 
0 33 0 0 54 0 
0 33 0 0 54 0 
0 33 0 0 54 0 
0 33 0 0 54 0 
0 33 0 0 54 0 
0 33 0 0 54 0 
0 0 0 48 0 0 
0 0 0 48 0 0 
0 0 0 48 0 0 
0 0 0 48 0 0 
0 0 0 48 0 0 
0 0 0 48 0 0 
0 0 0 48 0 0 
0 0 0 48 0 0 
0 0 0 48 0 0 
0 0 0 48 0 0 
0 0 0 48 0 0 
0 0 0 48 0 0 
0 0 0 48 0 0 
0 0 0 48 0 0 
0 0 0 48 0 0 
0 0 0 0 0 37 
0 0 0 0 0 37 
0 0 0 0 0 37 
0 0 0 0 0 37 
0 0 0 0 0 37 
0 0 0 0 0 37 
0 0 0 0 0 37 
0 0 0 0 0 37 
0 0 0 0 0 37 
0 0 0 0 0 37 
0 0 0 0 0 37 
0 0 0 0 0 37 
0 0 0 0 0 37 
0 0 0 0 0 37 
0 0 0 0 0 37 
42 0 0 0 0 0 
42 0 0 0 0 0 
42 0 0 0 0 0 
42 0 0 0 0 0 
42 0 0 0 0 0 
42 0 0 0 0 0 
42 0 0 0 0 0 
42 0 0 0 0 0 
42 0 0 0 0 0 
42 0 0 0 0 0 
42 0 0 0 0 0 
42 0 0 0 0 0 
42 0 0 0 0 0 
42 0 0 0 0 0 
42 0 0 0 0 0 
42 0 0 0 0 35 
42 0 0 0 0 35 
42 0 0 0 0 35 
42 0 0 0 0 35 
42 0 0 0 0 35 
42 0 0 0 0 35 
42 0 0 0 0 35 
42 0 0 0 0 35 
42 0 0 0 0 35 
42 0 0 0 0 35 
42 0 0 0 0 35 
42 0 0 0 0 35 
42 0 0 0 0 35 
42 0 0 0 0 35 
42 0 0 0 0 35 
45 0 0 0 0 0 
45 0 0 0 0 0 
45 0 0 0 0 0 
45 0 0 0 0 0 
45 0 0 0 0 0 
45 0 0 0 0 0 
45 0 0 0 0 0 
45 0 0 0 0 0 
45 0 0 0 0 0 
45 0 0 0 0 0 
45 0 0 0 0 0 
45 0 0 0 0 0 
45 0 0 0 0 0 
45 0 0 0 0 0 
45 0 0 0 0 0 
46 0 0 0 0 0 
46 0 0 0 0 0 
46 0 0 0 0 0 
46 0 0 0 0 0 
46 0 0 0 0 0 
46 0 0 0 0 0 
46 0 0 0 0 0 
46 0 0 0 0 0 
46 0 0 0 0 0 
46 0 0 0 0 0 
46 0 0 0 0 0 
46 0 0 0 0 0 
46 0 0 0 0 0 
46 0 0 0 0 0 
46 0 0 0 0 0 
0 0 0 0 0 51 
0 0 0 0 0 51 
0 0 0 0 0 51 
0 0 0 0 0 51 
0 0 0 0 0 51 
0 0 0 0 0 51 
0 0 0 0 0 51 
0 0 0 0 0 51 
0 0 0 0 0 51 
0 0 0 0 0 51 
0 0 0 0 0 51 
0 0 0 0 0 51 
0 0 0 0 0 51 
0 0 0 0 0 51 
0 0 0 0 0 51 
0 0 52 0 0 0 
0 0 52 0 0 0 
0 0 52 0 0 0 
0 0 52 0 0 0 
0 0 52 0 0 0 
0 0 52 0 0 0 
0 0 52 0 0 0 
0 0 52 0 0 0 
0 0 52 0 0 0 
0 0 52 0 0 0 
0 0 52 0 0 0 
0 0 52 0 0 0 
0 0 52 0 0 0 
0 0 52 0 0 0 
0 0 52 0 0 0 
0 0 0 50 0 0 
0 0 0 50 0 0 
0 0 0 50 0 0 
0 0 0 50 0 0 
0 0 0 50 0 0 
0 0 0 50 0 0 
0 0 0 50 0 0 
0 0 0 50 0 0 
0 0 0 50 0 0 
0 0 0 50 0 0 
0 0 0 50 0 0 
0 0 0 50 0 0 
0 0 0 50 0 0 
0 0 0 50 0 0 
0 0 0 50 0 0 
44 0 0 37 0 0 
44 0 0 37 0 0 
44 0 0 37 0 0 
44 0 0 37 0 0 
44 0 0 37 0 0 
44 0 0 37 0 0 
44 0 0 37 0 0 
44 0 0 37 0 0 
44 0 0 37 0 0 
44 0 0 37 0 0 
44 0 0 37 0 0 
44 0 0 37 0 0 
44 0 0 37 0 0 
44 0 0 37 0 0 
44 0 0 37 0 0 
0 0 0 44 0 0 
0 0 0 44 0 0 
0 0 0 44 0 0 
0 0 0 44 0 0 
0 0 0 44 0 0 
0 0 0 44 0 0 
0 0 0 44 0 0 
0 0 0 44 0 0 
0 0 0 44 0 0 
0 0 0 44 0 0 
0 0 0 44 0 0 
0 0 0 44 0 0 
0 0 0 44 0 0 
0 0 0 44 0 0 
0 0 0 44 0 0 
0 0 43 0 0 0 
0 0 43 0 0 0 
0 0 43 0 0 0 
0 0 43 0 0 0 
0 0 43 0 0 0 
0 0 43 0 0 0 
0 0 43 0 0 0 
0 0 43 0 0 0 
0 0 43 0 0 0 
0 0 43 0 0 0 
0 0 43 0 0 0 
0 0 43 0 0 0 
0 0 43 0 0 0 
0 0 43 0 0 0 
0 0 43 0 0 0 
0 23 0 46 0 0 
0 23 0 46 0 0 
0 23 0 46 0 0 
0 23 0 46 0 0 
0 23 0 46 0 0 
0 23 0 46 0 0 
0 23 0 46 0 0 
0 23 0 46 0 0 
0 23 0 46 0 0 
0 23 0 46 0 0 
0 23 0 46 0 0 
0 23 0 46 0 0 
0 23 0 46 0 0 
0 23 0 46 0 0 
0 23 0 46 0 0 
60 0 0 37 0 0 
60 0 0 37 0 0 
60 0 0 37 0 0 
60 0 0 37 0 0 
60 0 0 37 0 0 
60 0 0 37 0 0 
60 0 0 37 0 0 
60 0 0 37 0 0 
60 0 0 37 0 0 
60 0 0 37 0 0 
60 0 0 37 0 0 
60 0 0 37 0 0 
60 0 0 37 0 0 
60 0 0 37 0 0 
60 0 0 37 0 0 
0 0 0 0 0 22 
0 0 0 0 0 22 
0 0 0 0 0 22 
0 0 0 0 0 22 
0 0 0 0 0 22 
0 0 0 0 0 22 
0 0 0 0 0 22 
0 0 0 0 0 22 
0 0 0 0 0 22 
0 0 0 0 0 22 
0 0 0 0 0 22 
0 0 0 0 0 22 
0 0 0 0 0 22 
0 0 0 0 0 22 
0 0 0 0 0 22 
0 0 56 0 0 0 
0 0 56 0 0 0 
0 0 56 0 0 0 
0 0 56 0 0 0 
0 0 56 0 0 0 
0 0 56 0 0 0 
0 0 56 0 0 0 
0 0 56 0 0 0 
0 0 56 0 0 0 
0 0 56 0 0 0 
0 0 56 0 0 0 
0 0 56 0 0 0 
0 0 56 0 0 0 
0 0 56 0 0 0 
0 0 56 0 0 0 
59 0 0 0 0 22 
59 0 0 0 0 22 
59 0 0 0 0 22 
59 0 0 0 0 22 
59 0 0 0 0 22 
59 0 0 0 0 22 
59 0 0 0 0 22 
59 0 0 0 0 22 
59 0 0 0 0 22 
59 0 0 0 0 22 
59 0 0 0 0 22 
59 0 0 0 0 22 
59 0 0 0 0 22 
59 0 0 0 0 22 
59 0 0 0 0 22 
0 46 0 57 0 0 
0 46 0 57 0 0 
0 46 0 57 0 0 
0 46 0 57 0 0 
0 46 0 57 0 0 
0 46 0 57 0 0 
0 46 0 57 0 0 
0 46 0 57 0 0 
0 46 0 57 0 0 
0 46 0 57 0 0 
0 46 0 57 0 0 
0 46 0 57 0 0 
0 46 0 57 0 0 
0 46 0 57 0 0 
0 46 0 57 0 0 
0 0 0 52 0 0 
0 0 0 52 0 0 
0 0 0 52 0 0 
0 0 0 52 0 0 
0 0 0 52 0 0 
0 0 0 52 0 0 
0 0 0 52 0 0 
0 0 0 52 0 0 
0 0 0 52 0 0 
0 0 0 52 0 0 
0 0 0 52 0 0 
0 0 0 52 0 0 
0 0 0 52 0 0 
0 0 0 52 0 0 
0 0 0 52 0 0 
0 0 47 0 0 23 
0 0 47 0 0 23 
0 0 47 0 0 23 
0 0 47 0 0 23 
0 0 47 0 0 23 
0 0 47 0 0 23 
0 0 47 0 0 23 
0 0 47 0 0 23 
0 0 47 0 0 23 
0 0 47 0 0 23 
0 0 47 0 0 23 
0 0 47 0 0 23 
0 0 47 0 0 23 
0 0 47 0 0 23 
0 0 47 0 0 23 
0 0 0 0 0 18 
0 0 0 0 0 18 
0 0 0 0 0 18 
0 0 0 0 0 18 
0 0 0 0 0 18 
0 0 0 0 0 18 
0 0 0 0 0 18 
0 0 0 0 0 18 
0 0 0 0 0 18 
0 0 0 0 0 18 
0 0 0 0 0 18 
0 0 0 0 0 18 
0 0 0 0 0 18 
0 0 0 0 0 18 
0 0 0 0 0 18 
0 0 0 39 0 0 
0 0 0 39 0 0 
0 0 0 39 0 0 
0 0 0 39 0 0 
0 0 0 39 0 0 
0 0 0 39 0 0 
0 0 0 39 0 0 
0 0 0 39 0 0 
0 0 0 39 0 0 
0 0 0 39 0 0 
0 0 0 39 0 0 
0 0 0 39 0 0 
0 0 0 39 0 0 
0 0 0 39 0 0 
0 0 0 39 0 0 
0 0 0 0 21 0 
0 0 0 0 21 0 
0 0 0 0 21 0 
0 0 0 0 21 0 
0 0 0 0 21 0 
0 0 0 0 21 0 
0 0 0 0 21 0 
0 0 0 0 21 0 
0 0 0 0 21 0 
0 0 0 0 21 0 
0 0 0 0 21 0 
0 0 0 0 21 0 
0 0 0 0 21 0 
0 0 0 0 21 0 
0 0 0 0 21 0 
0 0 0 0 54 0 
0 0 0 0 54 0 
0 0 0 0 54 0 
0 0 0 0 54 0 
0 0 0 0 54 0 
0 0 0 0 54 0 
0 0 0 0 54 0 
0 0 0 0 54 0 
0 0 0 0 54 0 
0 0 0 0 54 0 
0 0 0 0 54 0 
0 0 0 0 54 0 
0 0 0 0 54 0 
0 0 0 0 54 0 
0 0 0 0 54 0 
0 0 0 0 0 15 
0 0 0 0 0 15 
0 0 0 0 0 15 
0 0 0 0 0 15 
0 0 0 0 0 15 
0 0 0 0 0 15 
0 0 0 0 0 15 
0 0 0 0 0 15 
0 0 0 0 0 15 
0 0 0 0 0 15 
0 0 0 0 0 15 
0 0 0 0 0 15 
0 0 0 0 0 15 
0 0 0 0 0 15 
0 0 0 0 0 15 
0 0 0 0 44 0 
0 0 0 0 44 0 
0 0 0 0 44 0 
0 0 0 0 44 0 
0 0 0 0 44 0 
0 0 0 0 44 0 
0 0 0 0 44 0 
0 0 0 0 44 0 
0 0 0 0 44 0 
0 0 0 0 44 0 
0 0 0 0 44 0 
0 0 0 0 44 0 
0 0 0 0 44 0 
0 0 0 0 44 0 
0 0 0 0 44 0 
0 0 0 0 28 0 
0 0 0 0 28 0 
0 0 0 0 28 0 
0 0 0 0 28 0 
0 0 0 0 28 0 
0 0 0 0 28 0 
0 0 0 0 28 0 
0 0 0 0 28 0 
0 0 0 0 28 0 
0 0 0 0 28 0 
0 0 0 0 28 0 
0 0 0 0 28 0 
0 0 0 0 28 0 
0 0 0 0 28 0 
0 0 0 0 28 0 
0 0 0 0 0 36 
0 0 0 0 0 36 
0 0 0 0 0 36 
0 0 0 0 0 36 
0 0 0 0 0 36 
0 0 0 0 0 36 
0 0 0 0 0 36 
0 0 0 0 0 36 
0 0 0 0 0 36 
0 0 0 0 0 36 
0 0 0 0 0 36 
0 0 0 0 0 36 
0 0 0 0 0 36 
0 0 0 0 0 36 
0 0 0 0 0 36 
0 0 40 0 0 0 
0 0 40 0 0 0 
0 0 40 0 0 0 
0 0 40 0 0 0 
0 0 40 0 0 0 
0 0 40 0 0 0 
0 0 40 0 0 0 
0 0 40 0 0 0 
0 0 40 0 0 0 
0 0 40 0 0 0 
0 0 40 0 0 0 
0 0 40 0 0 0 
0 0 40 0 0 0 
0 0 40 0 0 0 
0 0 40 0 0 0 
0 0 0 54 0 0 
0 0 0 54 0 0 
0 0 0 54 0 0 
0 0 0 54 0 0 
0 0 0 54 0 0 
0 0 0 54 0 0 
0 0 0 54 0 0 
0 0 0 54 0 0 
0 0 0 54 0 0 
0 0 0 54 0 0 
0 0 0 54 0 0 
0 0 0 54 0 0 
0 0 0 54 0 0 
0 0 0 54 0 0 
0 0 0 54 0 0 
17 0 0 0 0 0 
17 0 0 0 0 0 
17 0 0 0 0 0 
17 0 0 0 0 0 
17 0 0 0 0 0 
17 0 0 0 0 0 
17 0 0 0 0 0 
17 0 0 0 0 0 
17 0 0 0 0 0 
17 0 0 0 0 0 
17 0 0 0 0 0 
17 0 0 0 0 0 
17 0 0 0 0 0 
17 0 0 0 0 0 
17 0 0 0 0 0 
0 0 0 28 0 0 
0 0 0 28 0 0 
0 0 0 28 0 0 
0 0 0 28 0 0 
0 0 0 28 0 0 
0 0 0 28 0 0 
0 0 0 28 0 0 
0 0 0 28 0 0 
0 0 0 28 0 0 
0 0 0 28 0 0 
0 0 0 28 0 0 
0 0 0 28 0 0 
0 0 0 28 0 0 
0 0 0 28 0 0 
0 0 0 28 0 0 
0 0 0 50 0 0 
0 0 0 50 0 0 
0 0 0 50 0 0 
0 0 0 50 0 0 
0 0 0 50 0 0 
0 0 0 50 0 0 
0 0 0 50 0 0 
0 0 0 50 0 0 
0 0 0 50 0 0 
0 0 0 50 0 0 
0 0 0 50 0 0 
0 0 0 50 0 0 
0 0 0 50 0 0 
0 0 0 50 0 0 
0 0 0 50 0 0 
0 38 0 0 45 0 
0 38 0 0 45 0 
0 38 0 0 45 0 
0 38 0 0 45 0 
0 38 0 0 45 0 
0 38 0 0 45 0 
0 38 0 0 45 0 
0 38 0 0 45 0 
0 38 0 0 45 0 
0 38 0 0 45 0 
0 38 0 0 45 0 
0 38 0 0 45 0 
0 38 0 0 45 0 
0 38 0 0 45 0 
0 38 0 0 45 0 
0 0 0 17 0 0 
0 0 0 17 0 0 
0 0 0 17 0 0 
0 0 0 17 0 0 
0 0 0 17 0 0 
0 0 0 17 0 0 
0 0 0 17 0 0 
0 0 0 17 0 0 
0 0 0 17 0 0 
0 0 0 17 0 0 
0 0 0 17 0 0 
0 0 0 17 0 0 
0 0 0 17 0 0 
0 0 0 17 0 0 
0 0 0 17 0 0 
0 0 16 0 0 0 
0 0 16 0 0 0 
0 0 16 0 0 0 
0 0 16 0 0 0 
0 0 16 0 0 0 
0 0 16 0 0 0 
0 0 16 0 0 0 
0 0 16 0 0 0 
0 0 16 0 0 0 
0 0 16 0 0 0 
0 0 16 0 0 0 
0 0 16 0 0 0 
0 0 16 0 0 0 
0 0 16 0 0 0 
0 0 16 0 0 0 
0 0 0 0 0 52 
0 0 0 0 0 52 
0 0 0 0 0 52 
0 0 0 0 0 52 
0 0 0 0 0 52 
0 0 0 0 0 52 
0 0 0 0 0 52 
0 0 0 0 0 52 
0 0 0 0 0 52 
0 0 0 0 0 52 
0 0 0 0 0 52 
0 0 0 0 0 52 
0 0 0 0 0 52 
0 0 0 0 0 52 
0 0 0 0 0 52 
0 0 21 0 0 40 
0 0 21 0 0 40 
0 0 21 0 0 40 
0 0 21 0 0 40 
0 0 21 0 0 40 
0 0 21 0 0 40 
0 0 21 0 0 40 
0 0 21 0 0 40 
0 0 21 0 0 40 
0 0 21 0 0 40 
0 0 21 0 0 40 
0 0 21 0 0 40 
0 0 21 0 0 40 
0 0 21 0 0 40 
0 0 21 0 0 40 
0 0 0 0 0 37 
0 0 0 0 0 37 
0 0 0 0 0 37 
0 0 0 0 0 37 
0 0 0 0 0 37 
0 0 0 0 0 37 
0 0 0 0 0 37 
0 0 0 0 0 37 
0 0 0 0 0 37 
0 0 0 0 0 37 
0 0 0 0 0 37 
0 0 0 0 0 37 
0 0 0 0 0 37 
0 0 0 0 0 37 
0 0 0 0 0 37 
0 0 0 43 0 0 
0 0 0 43 0 0 
0 0 0 43 0 0 
0 0 0 43 0 0 
0 0 0 43 0 0 
0 0 0 43 0 0 
0 0 0 43 0 0 
0 0 0 43 0 0 
0 0 0 43 0 0 
0 0 0 43 0 0 
0 0 0 43 0 0 
0 0 0 43 0 0 
0 0 0 43 0 0 
0 0 0 43 0 0 
0 0 0 43 0 0 
0 39 0 0 0 0 
0 39 0 0 0 0 
0 39 0 0 0 0 
0 39 0 0 0 0 
0 39 0 0 0 0 
0 39 0 0 0 0 
0 39 0 0 0 0 
0 39 0 0 0 0 
0 39 0 0 0 0 
0 39 0 0 0 0 
0 39 0 0 0 0 
0 39 0 0 0 0 
0 39 0 0 0 0 
0 39 0 0 0 0 
0 39 0 0 0 0 
0 26 0 0 0 0 
0 26 0 0 0 0 
0 26 0 0 0 0 
0 26 0 0 0 0 
0 26 0 0 0 0 
0 26 0 0 0 0 
0 26 0 0 0 0 
0 26 0 0 0 0 
0 26 0 0 0 0 
0 26 0 0 0 0 
0 26 0 0 0 0 
0 26 0 0 0 0 
0 26 0 0 0 0 
0 26 0 0 0 0 
0 26 0 0 0 0 
0 0 0 24 0 0 
0 0 0 24 0 0 
0 0 0 24 0 0 
0 0 0 24 0 0 
0 0 0 24 0 0 
0 0 0 24 0 0 
0 0 0 24 0 0 
0 0 0 24 0 0 
0 0 0 24 0 0 
0 0 0 24 0 0 
0 0 0 24 0 0 
0 0 0 24 0 0 
0 0 0 24 0 0 
0 0 0 24 0 0 
0 0 0 24 0 0 
0 0 25 0 0 59 
0 0 25 0 0 59 
0 0 25 0 0 59 
0 0 25 0 0 59 
0 0 25 0 0 59 
0 0 25 0 0 59 
0 0 25 0 0 59 
0 0 25 0 0 59 
0 0 25 0 0 59 
0 0 25 0 0 59 
0 0 25 0 0 59 
0 0 25 0 0 59 
0 0 25 0 0 59 
0 0 25 0 0 59 
0 0 25 0 0 59 
20 0 0 33 0 0 
20 0 0 33 0 0 
20 0 0 33 0 0 
20 0 0 33 0 0 
20 0 0 33 0 0 
20 0 0 33 0 0 
20 0 0 33 0 0 
20 0 0 33 0 0 
20 0 0 33 0 0 
20 0 0 33 0 0 
20 0 0 33 0 0 
20 0 0 33 0 0 
20 0 0 33 0 0 
20 0 0 33 0 0 
20 0 0 33 0 0 
0 42 0 0 0 59 
0 42 0 0 0 59 
0 42 0 0 0 59 
0 42 0 0 0 59 
0 42 0 0 0 59 
0 42 0 0 0 59 
0 42 0 0 0 59 
0 42 0 0 0 59 
0 42 0 0 0 59 
0 42 0 0 0 59 
0 42 0 0 0 59 
0 42 0 0 0 59 
0 42 0 0 0 59 
0 42 0 0 0 59 
0 42 0 0 0 59 
40 0 0 0 0 0 
40 0 0 0 0 0 
40 0 0 0 0 0 
40 0 0 0 0 0 
40 0 0 0 0 0 
40 0 0 0 0 0 
40 0 0 0 0 0 
40 0 0 0 0 0 
40 0 0 0 0 0 
40 0 0 0 0 0 
40 0 0 0 0 0 
40 0 0 0 0 0 
40 0 0 0 0 0 
40 0 0 0 0 0 
40 0 0 0 0 0 
39 0 0 25 0 0 
39 0 0 25 0 0 
39 0 0 25 0 0 
39 0 0 25 0 0 
39 0 0 25 0 0 
39 0 0 25 0 0 
39 0 0 25 0 0 
39 0 0 25 0 0 
39 0 0 25 0 0 
39 0 0 25 0 0 
39 0 0 25 0 0 
39 0 0 25 0 0 
39 0 0 25 0 0 
39 0 0 25 0 0 
39 0 0 25 0 0 
40 0 0 0 0 0 
40 0 0 0 0 0 
40 0 0 0 0 0 
40 0 0 0 0 0 
40 0 0 0 0 0 
40 0 0 0 0 0 
40 0 0 0 0 0 
40 0 0 0 0 0 
40 0 0 0 0 0 
40 0 0 0 0 0 
40 0 0 0 0 0 
40 0 0 0 0 0 
40 0 0 0 0 0 
40 0 0 0 0 0 
40 0 0 0 0 0 
0 0 0 45 0 0 
0 0 0 45 0 0 
0 0 0 45 0 0 
0 0 0 45 0 0 
0 0 0 45 0 0 
0 0 0 45 0 0 
0 0 0 45 0 0 
0 0 0 45 0 0 
0 0 0 45 0 0 
0 0 0 45 0 0 
0 0 0 45 0 0 
0 0 0 45 0 0 
0 0 0 45 0 0 
0 0 0 45 0 0 
0 0 0 45 0 0 
49 0 0 21 0 0 
49 0 0 21 0 0 
49 0 0 21 0 0 
49 0 0 21 0 0 
49 0 0 21 0 0 
49 0 0 21 0 0 
49 0 0 21 0 0 
49 0 0 21 0 0 
49 0 0 21 0 0 
49 0 0 21 0 0 
49 0 0 21 0 0 
49 0 0 21 0 0 
49 0 0 21 0 0 
49 0 0 21 0 0 
49 0 0 21 0 0 
0 0 0 0 57 0 
0 0 0 0 57 0 
0 0 0 0 57 0 
0 0 0 0 57 0 
0 0 0 0 57 0 
0 0 0 0 57 0 
0 0 0 0 57 0 
0 0 0 0 57 0 
0 0 0 0 57 0 
0 0 0 0 57 0 
0 0 0 0 57 0 
0 0 0 0 57 0 
0 0 0 0 57 0 
0 0 0 0 57 0 
0 0 0 0 57 0 
0 0 0 0 0 50 
0 0 0 0 0 50 
0 0 0 0 0 50 
0 0 0 0 0 50 
0 0 0 0 0 50 
0 0 0 0 0 50 
0 0 0 0 0 50 
0 0 0 0 0 50 
0 0 0 0 0 50 
0 0 0 0 0 50 
0 0 0 0 0 50 
0 0 0 0 0 50 
0 0 0 0 0 50 
0 0 0 0 0 50 
0 0 0 0 0 50 
0 0 0 0 0 57 
0 0 0 0 0 57 
0 0 0 0 0 57 
0 0 0 0 0 57 
0 0 0 0 0 57 
0 0 0 0 0 57 
0 0 0 0 0 57 
0 0 0 0 0 57 
0 0 0 0 0 57 
0 0 0 0 0 57 
0 0 0 0 0 57 
0 0 0 0 0 57 
0 0 0 0 0 57 
0 0 0 0 0 57 
0 0 0 0 0 57 
0 0 0 0 27 0 
0 0 0 0 27 0 
0 0 0 0 27 0 
0 0 0 0 27 0 
0 0 0 0 27 0 
0 0 0 0 27 0 
0 0 0 0 27 0 
0 0 0 0 27 0 
0 0 0 0 27 0 
0 0 0 0 27 0 
0 0 0 0 27 0 
0 0 0 0 27 0 
0 0 0 0 27 0 
0 0 0 0 27 0 
0 0 0 0 27 0 
0.0 0.0 0.0 0.0 0.0 0.0 
0.0 0.0 0.0 0.0 0.0 0.0 
0.0 0.0 0.0 0.0 0.0 0.0 
0.0 0.0 0.0 0.0 0.0 0.0 
0.0 0.0 0.0 0.0 0.0 0.0 
0.0 0.0 0.0 0.0 0.0 0.0 
0.0 0.0 0.0 0.0 0.0 0.0 
0.0 0.0 0.0 0.0 0.0 0.0 
0.0 0.0 0.0 0.0 0.0 0.0 
0.0 0.0 0.0 0.0 0.0 0.0 
0.0 0.0 0.0 0.0 0.0 0.0 
0.0 0.0 0.0 0.0 0.0 0.0 
0.0 0.0 0.0 0.0 0.0 0.0 
0.0 0.0 0.0 0.0 0.0 0.0 
0.0 0.0 0.0 0.0 0.0 0.0 
mind
0 0 0 0 0 13 0 0 0 0 0 0 0 0 12 0 0 0 0 20 16 0 0 0 18 0 0 0 0 0 0 0 0 0 0 0 0 13 15 0 0 0 0 0 0 0 0 0 0 0 0 0 0 0 25 0 0 0 16 0 0 0 0 0 20 0 17 0 14 0 0 0 0 0 0 0 0
maxd
0 0 0 0 0 25 0 0 0 0 0 0 0 0 24 0 0 0 0 25 29 0 0 0 24 0 0 0 0 0 0 0 0 0 0 0 0 20 25 0 0 0 0 0 0 0 0 0 0 0 0 0 0 0 26 0 0 0 19 0 0 0 0 0 29 0 17 0 21 0 0 0 0 0 0 0 0
e
0 888 577 938 495 896 483 591 591 601 839 707 656 659 865 612 582 598 680 719 597 821 684 917 769 606 700 483 930 952 858 902 511 764 718 532 880 854 603 742 858 814 832 493 649 636 883 906 895 496 490 602 798 519 742 750 729 867 955 789 574 814 701 480 719 855 552 594 857 602 647 566 539 480 701 724 0
l
99999 1008 697 1058 615 1016 603 711 711 721 959 827 776 779 985 732 702 718 800 839 717 941 804 1037 889 726 820 603 1050 1072 978 1022 631 884 838 652 1000 974 723 862 978 934 952 613 769 756 1003 1026 1015 616 610 722 918 639 862 870 849 987 1075 909 694 934 821 600 839 975 672 714 977 722 767 686 659 600 821 844 99999
