nbNodes
77
nbVehi
15
nbServi
6
r
1 1 1 1 1 1 
0 0 1 0 1 0 
1 0 0 0 0 1 
0 0 1 0 1 0 
0 0 0 1 0 0 
0 0 0 0 0 1 
0 1 0 0 0 0 
0 0 0 1 0 0 
1 0 0 1 0 0 
0 1 0 0 1 0 
0 0 1 0 0 0 
0 0 1 0 0 0 
0 1 0 0 0 1 
0 1 0 0 0 1 
1 0 0 1 0 0 
1 0 0 0 0 0 
0 0 0 0 0 1 
0 0 0 1 0 0 
1 0 0 0 0 0 
1 0 0 0 0 0 
0 1 0 0 0 1 
0 1 0 0 0 0 
0 0 0 0 1 0 
0 1 0 0 0 0 
0 1 0 1 0 0 
0 0 0 0 0 1 
1 0 0 0 0 0 
0 0 1 0 1 0 
0 0 1 0 0 0 
0 0 0 1 0 0 
0 0 0 1 0 0 
0 1 0 0 1 0 
0 0 1 0 0 0 
1 0 0 0 0 0 
0 0 0 0 1 0 
0 1 0 0 1 0 
0 1 0 0 0 0 
0 0 1 0 0 0 
0 0 1 0 0 1 
1 0 0 0 0 0 
0 1 0 0 0 1 
0 1 0 0 0 1 
0 0 0 0 1 0 
0 0 0 0 1 0 
0 1 0 0 0 0 
0 0 0 0 1 0 
0 1 0 0 0 1 
0 0 0 1 0 0 
0 0 0 1 0 0 
0 0 0 0 1 0 
0 0 1 0 1 0 
0 1 0 0 0 0 
0 0 1 0 0 0 
1 0 0 0 0 0 
1 0 0 0 0 1 
0 1 0 1 0 0 
0 0 0 0 1 0 
0 1 0 0 0 0 
0 0 1 0 0 0 
0 0 0 1 0 0 
0 0 0 0 1 0 
1 0 0 0 0 0 
0 0 0 0 1 0 
0 1 0 0 0 0 
0 0 0 0 1 0 
1 0 0 1 0 0 
0 0 1 0 0 0 
0 1 0 0 0 0 
0 1 0 0 0 0 
1 0 0 0 1 0 
0 0 1 0 0 1 
0 1 0 0 0 1 
0 1 0 0 0 0 
0 1 0 0 0 0 
0 0 0 0 1 0 
0 0 0 0 0 1 
1 1 1 1 1 1 
DS
2 3 4 9 10 13 14 15 21 25 28 32 36 39 41 42 47 51 55 56 66 70 71 72 
a
0 1 1 0 0 0 
1 1 0 0 0 0 
1 0 1 0 0 0 
1 1 1 0 0 0 
0 1 0 0 0 0 
0 0 1 0 0 0 
1 1 1 0 0 0 
0 0 0 0 1 1 
0 0 0 0 1 0 
0 0 0 0 1 0 
0 0 0 1 0 0 
0 0 0 1 0 1 
0 0 0 1 1 0 
0 0 0 1 1 0 
0 0 0 0 1 1 
x
-30.0933 -29.9878 -30.0794 -29.9966 -30.1661 -30.0705 -30.0858 -30.0106 -30.0718 -30.0365 -30.0462 -30.1983 -30.0977 -30.0728 -30.0676 -30.0863 -30.0018 -30.136 -30.071 -30.0172 -30.0654 -30.024 -30.1065 -30.2105 -30.0027 -30.0395 -30.0785 -30.0803 -30.1017 -30.0057 -30.0661 -30.0277 -30.0721 -30.1626 -30.0333 -30.0676 -30.09 -29.9771 -30.1121 -30.0772 -30.0698 -30.0104 -30.099 -30.0001 -30.0248 -30.0295 -29.9985 -30.0724 -30.0066 -30.0732 -30.0307 -30.0799 -30.0771 -30.0709 -30.0933 -30.0848 -30.0326 -30.1559 -30.1785 -30.0767 -29.9854 -30.0308 -30.0421 -30.0217 -30.0001 -30.1276 -30.1852 -30.0243 -30.079 -30.0833 -30.0262 -30.0453 -30.0351 -30.0512 -29.9955 -30.0797 -30.0933
y
-51.1796 -51.2001 -51.2357 -51.1465 -51.2009 -51.2224 -51.2352 -51.1246 -51.2167 -51.1641 -51.1506 -51.131 -51.2536 -51.2238 -51.2146 -51.2171 -51.1482 -51.2145 -51.2211 -51.1183 -51.2169 -51.1186 -51.2311 -51.1769 -51.1438 -51.1099 -51.218 -51.2243 -51.2267 -51.2002 -51.2171 -51.1425 -51.2199 -51.1702 -51.1561 -51.2349 -51.2265 -51.1956 -51.2339 -51.226 -51.2179 -51.1658 -51.2325 -51.1514 -51.2186 -51.1591 -51.1559 -51.2197 -51.1429 -51.2284 -51.1602 -51.1934 -51.2241 -51.1966 -51.1796 -51.2216 -51.1382 -51.1817 -51.1804 -51.2242 -51.1358 -51.2343 -51.1062 -51.1249 -51.1498 -51.11 -51.1856 -51.1799 -51.2306 -51.2298 -51.2267 -51.1269 -51.1112 -51.1946 -51.1473 -51.2234 -51.1796
d
0.00000 23.00000 16.00000 28.00000 21.00000 13.00000 14.00000 27.00000 10.00000 17.00000 17.00000 25.00000 19.00000 12.00000 9.00000 10.00000 26.00000 18.00000 12.00000 25.00000 10.00000 23.00000 14.00000 27.00000 26.00000 22.00000 11.00000 12.00000 14.00000 20.00000 10.00000 21.00000 11.00000 19.00000 19.00000 18.00000 12.00000 24.00000 16.00000 12.00000 10.00000 22.00000 12.00000 25.00000 18.00000 18.00000 24.00000 11.00000 24.00000 14.00000 18.00000 7.00000 11.00000 9.00000 0.00000 11.00000 22.00000 17.00000 22.00000 12.00000 30.00000 18.00000 24.00000 25.00000 25.00000 21.00000 25.00000 17.00000 14.00000 14.00000 17.00000 22.00000 24.00000 13.00000 29.00000 12.00000 0.00000
22.00000 0.00000 21.00000 14.00000 37.00000 18.00000 22.00000 18.00000 18.00000 14.00000 17.00000 47.00000 24.00000 18.00000 17.00000 20.00000 11.00000 31.00000 18.00000 18.00000 16.00000 18.00000 24.00000 46.00000 12.00000 21.00000 20.00000 21.00000 24.00000 5.00000 16.00000 16.00000 19.00000 40.00000 14.00000 18.00000 22.00000 4.00000 26.00000 20.00000 18.00000 9.00000 23.00000 11.00000 9.00000 12.00000 9.00000 19.00000 13.00000 19.00000 13.00000 20.00000 20.00000 18.00000 22.00000 21.00000 17.00000 37.00000 41.00000 20.00000 16.00000 9.00000 22.00000 18.00000 10.00000 34.00000 43.00000 11.00000 20.00000 22.00000 8.00000 21.00000 22.00000 15.00000 14.00000 21.00000 22.00000
17.00000 22.00000 0.00000 30.00000 24.00000 8.00000 5.00000 32.00000 8.00000 22.00000 22.00000 33.00000 10.00000 6.00000 9.00000 8.00000 28.00000 17.00000 7.00000 30.00000 10.00000 28.00000 10.00000 33.00000 28.00000 27.00000 8.00000 6.00000 10.00000 20.00000 10.00000 26.00000 7.00000 26.00000 24.00000 6.00000 6.00000 23.00000 11.00000 7.00000 9.00000 24.00000 9.00000 27.00000 16.00000 22.00000 25.00000 7.00000 27.00000 6.00000 23.00000 14.00000 6.00000 15.00000 17.00000 7.00000 27.00000 24.00000 27.00000 7.00000 32.00000 14.00000 29.00000 30.00000 27.00000 34.00000 29.00000 19.00000 4.00000 4.00000 15.00000 27.00000 29.00000 16.00000 31.00000 6.00000 17.00000
27.00000 10.00000 28.00000 0.00000 41.00000 22.00000 27.00000 12.00000 22.00000 12.00000 14.00000 51.00000 30.00000 23.00000 21.00000 24.00000 6.00000 35.00000 22.00000 12.00000 21.00000 13.00000 28.00000 50.00000 7.00000 16.00000 24.00000 25.00000 28.00000 11.00000 21.00000 12.00000 23.00000 44.00000 11.00000 24.00000 26.00000 13.00000 30.00000 24.00000 22.00000 6.00000 27.00000 5.00000 15.00000 9.00000 3.00000 23.00000 7.00000 23.00000 10.00000 24.00000 24.00000 21.00000 27.00000 25.00000 14.00000 41.00000 45.00000 24.00000 10.00000 16.00000 17.00000 13.00000 5.00000 33.00000 47.00000 10.00000 25.00000 27.00000 14.00000 17.00000 17.00000 18.00000 1.00000 25.00000 27.00000
20.00000 38.00000 23.00000 43.00000 0.00000 25.00000 20.00000 42.00000 23.00000 32.00000 32.00000 17.00000 20.00000 24.00000 23.00000 20.00000 41.00000 11.00000 24.00000 40.00000 24.00000 38.00000 15.00000 15.00000 41.00000 37.00000 22.00000 21.00000 16.00000 35.00000 24.00000 36.00000 23.00000 8.00000 34.00000 25.00000 18.00000 40.00000 16.00000 23.00000 24.00000 37.00000 17.00000 40.00000 33.00000 33.00000 39.00000 23.00000 39.00000 24.00000 34.00000 25.00000 23.00000 25.00000 20.00000 20.00000 37.00000 5.00000 9.00000 23.00000 45.00000 32.00000 39.00000 40.00000 40.00000 25.00000 12.00000 32.00000 22.00000 21.00000 33.00000 37.00000 39.00000 28.00000 44.00000 22.00000 20.00000
13.00000 18.00000 8.00000 25.00000 24.00000 0.00000 7.00000 27.00000 3.00000 17.00000 18.00000 34.00000 13.00000 2.00000 4.00000 7.00000 23.00000 18.00000 1.00000 25.00000 5.00000 23.00000 11.00000 34.00000 23.00000 22.00000 6.00000 5.00000 11.00000 15.00000 5.00000 21.00000 2.00000 27.00000 19.00000 8.00000 8.00000 20.00000 13.00000 4.00000 3.00000 19.00000 10.00000 23.00000 13.00000 17.00000 21.00000 2.00000 21.00000 3.00000 17.00000 10.00000 3.00000 10.00000 13.00000 7.00000 22.00000 24.00000 28.00000 3.00000 27.00000 13.00000 24.00000 25.00000 22.00000 30.00000 30.00000 14.00000 5.00000 6.00000 13.00000 22.00000 24.00000 11.00000 26.00000 5.00000 13.00000
14.00000 22.00000 5.00000 30.00000 20.00000 7.00000 0.00000 29.00000 6.00000 20.00000 20.00000 30.00000 7.00000 6.00000 7.00000 6.00000 28.00000 14.00000 6.00000 27.00000 8.00000 26.00000 7.00000 30.00000 28.00000 25.00000 6.00000 4.00000 7.00000 20.00000 8.00000 23.00000 5.00000 23.00000 22.00000 7.00000 3.00000 23.00000 9.00000 4.00000 7.00000 24.00000 6.00000 28.00000 17.00000 21.00000 26.00000 5.00000 27.00000 6.00000 21.00000 12.00000 4.00000 12.00000 14.00000 4.00000 24.00000 20.00000 24.00000 4.00000 32.00000 14.00000 26.00000 28.00000 27.00000 32.00000 26.00000 19.00000 5.00000 2.00000 16.00000 25.00000 26.00000 16.00000 31.00000 4.00000 14.00000
29.00000 16.00000 30.00000 7.00000 44.00000 24.00000 30.00000 0.00000 25.00000 15.00000 15.00000 53.00000 33.00000 25.00000 24.00000 27.00000 8.00000 37.00000 25.00000 7.00000 23.00000 8.00000 31.00000 53.00000 7.00000 11.00000 27.00000 28.00000 31.00000 15.00000 23.00000 9.00000 25.00000 46.00000 13.00000 27.00000 28.00000 19.00000 33.00000 27.00000 25.00000 9.00000 29.00000 9.00000 19.00000 12.00000 9.00000 25.00000 5.00000 26.00000 13.00000 27.00000 26.00000 23.00000 29.00000 28.00000 10.00000 44.00000 48.00000 26.00000 9.00000 21.00000 13.00000 8.00000 8.00000 32.00000 50.00000 12.00000 27.00000 29.00000 20.00000 12.00000 13.00000 21.00000 8.00000 27.00000 29.00000
10.00000 19.00000 8.00000 26.00000 23.00000 3.00000 6.00000 26.00000 0.00000 16.00000 16.00000 33.00000 13.00000 2.00000 2.00000 6.00000 24.00000 17.00000 2.00000 24.00000 3.00000 22.00000 10.00000 32.00000 24.00000 21.00000 4.00000 4.00000 10.00000 16.00000 3.00000 20.00000 2.00000 26.00000 18.00000 9.00000 7.00000 20.00000 12.00000 4.00000 2.00000 20.00000 9.00000 23.00000 14.00000 17.00000 21.00000 2.00000 22.00000 4.00000 17.00000 8.00000 3.00000 8.00000 10.00000 6.00000 21.00000 23.00000 27.00000 3.00000 28.00000 14.00000 23.00000 24.00000 23.00000 28.00000 29.00000 15.00000 5.00000 5.00000 13.00000 21.00000 23.00000 11.00000 27.00000 4.00000 10.00000
18.00000 14.00000 22.00000 14.00000 33.00000 17.00000 19.00000 14.00000 16.00000 0.00000 6.00000 42.00000 24.00000 18.00000 15.00000 15.00000 12.00000 26.00000 17.00000 12.00000 16.00000 11.00000 19.00000 42.00000 11.00000 10.00000 16.00000 18.00000 19.00000 13.00000 16.00000 7.00000 17.00000 35.00000 4.00000 19.00000 17.00000 16.00000 22.00000 18.00000 16.00000 7.00000 18.00000 11.00000 13.00000 3.00000 10.00000 17.00000 10.00000 18.00000 3.00000 15.00000 17.00000 12.00000 18.00000 17.00000 9.00000 33.00000 36.00000 17.00000 16.00000 15.00000 11.00000 13.00000 11.00000 24.00000 39.00000 6.00000 19.00000 19.00000 13.00000 10.00000 11.00000 10.00000 14.00000 18.00000 18.00000
18.00000 16.00000 22.00000 14.00000 32.00000 18.00000 19.00000 12.00000 16.00000 5.00000 0.00000 42.00000 24.00000 18.00000 15.00000 15.00000 12.00000 26.00000 17.00000 10.00000 16.00000 8.00000 19.00000 42.00000 11.00000 7.00000 16.00000 17.00000 19.00000 15.00000 16.00000 6.00000 17.00000 35.00000 5.00000 21.00000 17.00000 18.00000 21.00000 18.00000 16.00000 10.00000 18.00000 11.00000 15.00000 6.00000 11.00000 17.00000 10.00000 19.00000 6.00000 15.00000 17.00000 12.00000 18.00000 16.00000 8.00000 32.00000 36.00000 17.00000 16.00000 17.00000 9.00000 10.00000 11.00000 21.00000 38.00000 9.00000 19.00000 19.00000 15.00000 7.00000 9.00000 9.00000 15.00000 17.00000 18.00000
25.00000 47.00000 32.00000 51.00000 18.00000 33.00000 29.00000 50.00000 31.00000 41.00000 40.00000 0.00000 31.00000 32.00000 32.00000 28.00000 49.00000 22.00000 32.00000 47.00000 32.00000 46.00000 25.00000 8.00000 49.00000 44.00000 31.00000 29.00000 25.00000 44.00000 32.00000 44.00000 32.00000 12.00000 42.00000 34.00000 27.00000 48.00000 27.00000 31.00000 32.00000 45.00000 27.00000 48.00000 41.00000 42.00000 47.00000 32.00000 48.00000 32.00000 42.00000 31.00000 31.00000 33.00000 25.00000 28.00000 45.00000 13.00000 13.00000 31.00000 53.00000 41.00000 45.00000 48.00000 48.00000 24.00000 16.00000 40.00000 31.00000 29.00000 41.00000 45.00000 46.00000 36.00000 52.00000 30.00000 25.00000
18.00000 25.00000 10.00000 33.00000 20.00000 13.00000 8.00000 33.00000 13.00000 23.00000 23.00000 32.00000 0.00000 12.00000 14.00000 11.00000 31.00000 15.00000 13.00000 31.00000 15.00000 29.00000 8.00000 29.00000 32.00000 28.00000 13.00000 10.00000 8.00000 23.00000 15.00000 27.00000 12.00000 23.00000 25.00000 10.00000 9.00000 27.00000 8.00000 11.00000 13.00000 28.00000 7.00000 31.00000 20.00000 24.00000 29.00000 12.00000 30.00000 12.00000 24.00000 16.00000 11.00000 16.00000 18.00000 11.00000 28.00000 20.00000 24.00000 11.00000 36.00000 17.00000 30.00000 31.00000 30.00000 35.00000 26.00000 23.00000 12.00000 9.00000 19.00000 28.00000 30.00000 19.00000 34.00000 11.00000 18.00000
12.00000 19.00000 6.00000 26.00000 24.00000 2.00000 5.00000 27.00000 3.00000 18.00000 18.00000 33.00000 12.00000 0.00000 3.00000 6.00000 23.00000 17.00000 2.00000 25.00000 5.00000 24.00000 10.00000 33.00000 23.00000 23.00000 5.00000 4.00000 10.00000 16.00000 5.00000 21.00000 2.00000 26.00000 19.00000 8.00000 7.00000 20.00000 13.00000 2.00000 3.00000 19.00000 9.00000 23.00000 14.00000 18.00000 21.00000 2.00000 22.00000 2.00000 18.00000 10.00000 2.00000 10.00000 12.00000 6.00000 22.00000 24.00000 27.00000 2.00000 28.00000 13.00000 24.00000 26.00000 23.00000 30.00000 30.00000 15.00000 3.00000 5.00000 13.00000 23.00000 24.00000 11.00000 26.00000 3.00000 12.00000
9.00000 18.00000 9.00000 24.00000 23.00000 4.00000 7.00000 25.00000 2.00000 15.00000 15.00000 33.00000 13.00000 3.00000 0.00000 6.00000 22.00000 17.00000 3.00000 23.00000 2.00000 21.00000 10.00000 32.00000 22.00000 20.00000 4.00000 5.00000 10.00000 14.00000 2.00000 19.00000 3.00000 26.00000 17.00000 10.00000 8.00000 19.00000 12.00000 5.00000 2.00000 18.00000 9.00000 22.00000 12.00000 16.00000 20.00000 3.00000 21.00000 5.00000 16.00000 7.00000 4.00000 7.00000 9.00000 6.00000 20.00000 23.00000 27.00000 4.00000 27.00000 12.00000 22.00000 23.00000 21.00000 27.00000 29.00000 13.00000 6.00000 6.00000 12.00000 20.00000 22.00000 10.00000 25.00000 5.00000 9.00000
11.00000 22.00000 8.00000 27.00000 19.00000 7.00000 5.00000 26.00000 6.00000 16.00000 16.00000 28.00000 10.00000 6.00000 6.00000 0.00000 25.00000 12.00000 6.00000 24.00000 7.00000 22.00000 5.00000 28.00000 25.00000 21.00000 4.00000 3.00000 5.00000 19.00000 7.00000 20.00000 6.00000 21.00000 18.00000 10.00000 3.00000 24.00000 8.00000 6.00000 7.00000 21.00000 4.00000 24.00000 17.00000 17.00000 23.00000 6.00000 23.00000 7.00000 18.00000 9.00000 5.00000 9.00000 11.00000 2.00000 21.00000 19.00000 22.00000 5.00000 29.00000 17.00000 23.00000 24.00000 24.00000 28.00000 24.00000 16.00000 5.00000 5.00000 17.00000 21.00000 23.00000 12.00000 28.00000 4.00000 11.00000
27.00000 11.00000 28.00000 5.00000 41.00000 22.00000 27.00000 10.00000 23.00000 12.00000 12.00000 51.00000 31.00000 23.00000 21.00000 24.00000 0.00000 35.00000 22.00000 9.00000 21.00000 10.00000 28.00000 51.00000 3.00000 13.00000 24.00000 26.00000 28.00000 11.00000 21.00000 9.00000 23.00000 44.00000 10.00000 25.00000 26.00000 14.00000 31.00000 25.00000 23.00000 6.00000 27.00000 3.00000 16.00000 10.00000 4.00000 23.00000 3.00000 23.00000 10.00000 24.00000 24.00000 21.00000 27.00000 26.00000 11.00000 41.00000 45.00000 24.00000 8.00000 17.00000 15.00000 10.00000 2.00000 31.00000 47.00000 10.00000 25.00000 27.00000 15.00000 14.00000 15.00000 19.00000 6.00000 25.00000 27.00000
18.00000 31.00000 16.00000 36.00000 11.00000 17.00000 12.00000 35.00000 16.00000 25.00000 25.00000 23.00000 14.00000 17.00000 16.00000 12.00000 34.00000 0.00000 17.00000 32.00000 17.00000 31.00000 7.00000 20.00000 34.00000 30.00000 15.00000 14.00000 9.00000 28.00000 17.00000 28.00000 16.00000 14.00000 27.00000 17.00000 11.00000 33.00000 9.00000 16.00000 17.00000 29.00000 9.00000 33.00000 26.00000 26.00000 32.00000 16.00000 32.00000 17.00000 26.00000 17.00000 15.00000 17.00000 18.00000 13.00000 30.00000 11.00000 15.00000 16.00000 38.00000 25.00000 32.00000 33.00000 33.00000 31.00000 17.00000 25.00000 15.00000 13.00000 26.00000 30.00000 32.00000 21.00000 37.00000 14.00000 18.00000
12.00000 18.00000 7.00000 25.00000 24.00000 1.00000 6.00000 27.00000 2.00000 17.00000 18.00000 34.00000 12.00000 1.00000 3.00000 6.00000 23.00000 17.00000 0.00000 25.00000 4.00000 24.00000 11.00000 33.00000 23.00000 22.00000 5.00000 4.00000 11.00000 15.00000 4.00000 21.00000 1.00000 26.00000 19.00000 8.00000 7.00000 20.00000 13.00000 3.00000 3.00000 19.00000 9.00000 23.00000 13.00000 17.00000 21.00000 1.00000 22.00000 3.00000 17.00000 9.00000 3.00000 9.00000 12.00000 6.00000 22.00000 24.00000 27.00000 3.00000 27.00000 13.00000 24.00000 25.00000 22.00000 30.00000 30.00000 14.00000 4.00000 5.00000 13.00000 22.00000 24.00000 11.00000 26.00000 4.00000 12.00000
26.00000 17.00000 30.00000 8.00000 40.00000 25.00000 27.00000 4.00000 24.00000 11.00000 10.00000 47.00000 32.00000 26.00000 23.00000 23.00000 9.00000 34.00000 25.00000 0.00000 24.00000 2.00000 27.00000 49.00000 8.00000 6.00000 24.00000 25.00000 27.00000 16.00000 24.00000 9.00000 25.00000 41.00000 11.00000 28.00000 25.00000 20.00000 29.00000 26.00000 24.00000 9.00000 26.00000 9.00000 20.00000 12.00000 10.00000 25.00000 6.00000 26.00000 12.00000 23.00000 25.00000 19.00000 26.00000 24.00000 8.00000 40.00000 44.00000 25.00000 10.00000 22.00000 7.00000 4.00000 9.00000 26.00000 46.00000 13.00000 27.00000 27.00000 20.00000 7.00000 7.00000 17.00000 9.00000 25.00000 26.00000
10.00000 17.00000 10.00000 24.00000 24.00000 5.00000 8.00000 25.00000 3.00000 16.00000 16.00000 34.00000 15.00000 5.00000 2.00000 7.00000 22.00000 18.00000 4.00000 23.00000 0.00000 22.00000 11.00000 33.00000 22.00000 21.00000 5.00000 6.00000 11.00000 14.00000 1.00000 19.00000 4.00000 27.00000 17.00000 10.00000 8.00000 18.00000 13.00000 6.00000 3.00000 17.00000 9.00000 21.00000 12.00000 16.00000 19.00000 4.00000 20.00000 6.00000 16.00000 8.00000 5.00000 8.00000 10.00000 7.00000 20.00000 24.00000 28.00000 5.00000 26.00000 12.00000 22.00000 24.00000 21.00000 28.00000 30.00000 13.00000 7.00000 8.00000 11.00000 21.00000 22.00000 9.00000 24.00000 6.00000 10.00000
25.00000 18.00000 29.00000 9.00000 39.00000 24.00000 26.00000 5.00000 23.00000 10.00000 9.00000 47.00000 31.00000 25.00000 22.00000 22.00000 10.00000 33.00000 24.00000 2.00000 23.00000 0.00000 26.00000 49.00000 9.00000 5.00000 23.00000 24.00000 26.00000 17.00000 23.00000 8.00000 24.00000 40.00000 10.00000 27.00000 24.00000 21.00000 28.00000 25.00000 23.00000 10.00000 25.00000 10.00000 21.00000 11.00000 11.00000 24.00000 7.00000 25.00000 11.00000 22.00000 24.00000 19.00000 25.00000 23.00000 7.00000 39.00000 43.00000 24.00000 11.00000 22.00000 6.00000 3.00000 10.00000 25.00000 45.00000 14.00000 26.00000 26.00000 20.00000 6.00000 7.00000 16.00000 10.00000 24.00000 25.00000
15.00000 26.00000 10.00000 31.00000 15.00000 13.00000 8.00000 30.00000 11.00000 20.00000 20.00000 26.00000 8.00000 12.00000 11.00000 8.00000 29.00000 9.00000 12.00000 28.00000 12.00000 26.00000 0.00000 24.00000 29.00000 25.00000 10.00000 9.00000 4.00000 23.00000 12.00000 24.00000 11.00000 18.00000 22.00000 11.00000 6.00000 28.00000 3.00000 11.00000 12.00000 25.00000 4.00000 28.00000 21.00000 21.00000 27.00000 11.00000 27.00000 12.00000 21.00000 13.00000 11.00000 13.00000 15.00000 8.00000 25.00000 15.00000 19.00000 11.00000 33.00000 19.00000 27.00000 28.00000 28.00000 32.00000 21.00000 20.00000 10.00000 9.00000 21.00000 25.00000 27.00000 16.00000 32.00000 10.00000 15.00000
27.00000 47.00000 31.00000 52.00000 16.00000 33.00000 28.00000 50.00000 32.00000 41.00000 41.00000 8.00000 29.00000 33.00000 32.00000 28.00000 50.00000 20.00000 32.00000 48.00000 33.00000 47.00000 23.00000 0.00000 49.00000 46.00000 31.00000 30.00000 24.00000 44.00000 33.00000 44.00000 32.00000 13.00000 43.00000 33.00000 27.00000 48.00000 24.00000 31.00000 32.00000 45.00000 25.00000 49.00000 42.00000 42.00000 47.00000 32.00000 48.00000 32.00000 42.00000 33.00000 31.00000 33.00000 27.00000 29.00000 45.00000 12.00000 7.00000 31.00000 54.00000 40.00000 47.00000 49.00000 49.00000 27.00000 9.00000 40.00000 31.00000 29.00000 41.00000 46.00000 47.00000 37.00000 52.00000 30.00000 27.00000
27.00000 13.00000 28.00000 4.00000 41.00000 22.00000 27.00000 9.00000 22.00000 12.00000 13.00000 51.00000 30.00000 23.00000 21.00000 24.00000 2.00000 35.00000 22.00000 9.00000 21.00000 10.00000 28.00000 50.00000 0.00000 13.00000 24.00000 25.00000 28.00000 12.00000 21.00000 8.00000 23.00000 44.00000 10.00000 24.00000 26.00000 15.00000 30.00000 24.00000 22.00000 6.00000 27.00000 4.00000 17.00000 10.00000 5.00000 23.00000 2.00000 23.00000 10.00000 24.00000 24.00000 21.00000 27.00000 25.00000 11.00000 41.00000 45.00000 24.00000 7.00000 18.00000 14.00000 10.00000 3.00000 31.00000 47.00000 10.00000 25.00000 26.00000 16.00000 13.00000 14.00000 18.00000 5.00000 25.00000 27.00000
24.00000 20.00000 28.00000 12.00000 38.00000 23.00000 25.00000 8.00000 22.00000 9.00000 8.00000 44.00000 30.00000 24.00000 21.00000 21.00000 13.00000 32.00000 23.00000 6.00000 22.00000 5.00000 25.00000 47.00000 12.00000 0.00000 22.00000 23.00000 25.00000 19.00000 22.00000 9.00000 23.00000 39.00000 9.00000 25.00000 23.00000 22.00000 27.00000 24.00000 22.00000 14.00000 24.00000 14.00000 19.00000 10.00000 15.00000 23.00000 11.00000 24.00000 10.00000 21.00000 23.00000 17.00000 24.00000 22.00000 8.00000 38.00000 42.00000 23.00000 14.00000 21.00000 2.00000 6.00000 14.00000 24.00000 44.00000 13.00000 25.00000 25.00000 19.00000 5.00000 2.00000 15.00000 13.00000 23.00000 24.00000
11.00000 21.00000 8.00000 27.00000 22.00000 5.00000 6.00000 26.00000 4.00000 16.00000 16.00000 32.00000 12.00000 5.00000 4.00000 5.00000 25.00000 16.00000 5.00000 24.00000 5.00000 23.00000 9.00000 31.00000 25.00000 22.00000 0.00000 3.00000 9.00000 18.00000 5.00000 20.00000 4.00000 25.00000 18.00000 10.00000 5.00000 22.00000 11.00000 5.00000 5.00000 21.00000 7.00000 24.00000 16.00000 18.00000 23.00000 4.00000 23.00000 7.00000 18.00000 9.00000 4.00000 9.00000 11.00000 4.00000 21.00000 22.00000 26.00000 4.00000 29.00000 16.00000 23.00000 24.00000 24.00000 29.00000 28.00000 16.00000 5.00000 6.00000 15.00000 21.00000 23.00000 12.00000 28.00000 3.00000 11.00000
12.00000 22.00000 6.00000 28.00000 20.00000 5.00000 4.00000 27.00000 4.00000 18.00000 18.00000 30.00000 10.00000 4.00000 5.00000 3.00000 26.00000 14.00000 4.00000 25.00000 6.00000 24.00000 7.00000 30.00000 26.00000 23.00000 3.00000 0.00000 7.00000 19.00000 6.00000 21.00000 3.00000 23.00000 19.00000 8.00000 4.00000 23.00000 10.00000 3.00000 5.00000 22.00000 6.00000 25.00000 16.00000 19.00000 24.00000 3.00000 25.00000 4.00000 19.00000 10.00000 2.00000 10.00000 12.00000 2.00000 22.00000 20.00000 24.00000 2.00000 30.00000 15.00000 24.00000 26.00000 25.00000 30.00000 26.00000 17.00000 3.00000 3.00000 16.00000 23.00000 24.00000 13.00000 29.00000 1.00000 12.00000
12.00000 24.00000 9.00000 29.00000 16.00000 10.00000 6.00000 27.00000 9.00000 18.00000 18.00000 25.00000 8.00000 10.00000 9.00000 5.00000 27.00000 10.00000 9.00000 25.00000 10.00000 24.00000 3.00000 25.00000 26.00000 23.00000 8.00000 7.00000 0.00000 21.00000 10.00000 21.00000 9.00000 19.00000 20.00000 11.00000 4.00000 25.00000 5.00000 9.00000 9.00000 22.00000 3.00000 26.00000 19.00000 19.00000 24.00000 9.00000 25.00000 10.00000 19.00000 10.00000 8.00000 10.00000 12.00000 6.00000 22.00000 16.00000 20.00000 9.00000 31.00000 18.00000 24.00000 26.00000 26.00000 30.00000 22.00000 17.00000 8.00000 6.00000 18.00000 23.00000 24.00000 14.00000 29.00000 7.00000 12.00000
21.00000 5.00000 21.00000 12.00000 35.00000 16.00000 21.00000 16.00000 16.00000 11.00000 14.00000 45.00000 23.00000 16.00000 15.00000 18.00000 10.00000 29.00000 16.00000 14.00000 14.00000 15.00000 22.00000 44.00000 11.00000 18.00000 18.00000 19.00000 22.00000 0.00000 14.00000 12.00000 17.00000 38.00000 11.00000 17.00000 20.00000 7.00000 24.00000 18.00000 16.00000 8.00000 21.00000 10.00000 7.00000 9.00000 8.00000 17.00000 10.00000 17.00000 9.00000 18.00000 17.00000 15.00000 21.00000 19.00000 14.00000 35.00000 39.00000 17.00000 15.00000 9.00000 19.00000 15.00000 9.00000 31.00000 41.00000 7.00000 18.00000 20.00000 8.00000 17.00000 19.00000 12.00000 13.00000 19.00000 21.00000
10.00000 17.00000 10.00000 24.00000 24.00000 5.00000 8.00000 26.00000 3.00000 16.00000 16.00000 34.00000 15.00000 4.00000 2.00000 7.00000 22.00000 17.00000 4.00000 23.00000 1.00000 22.00000 11.00000 33.00000 22.00000 21.00000 5.00000 6.00000 11.00000 14.00000 0.00000 19.00000 4.00000 27.00000 17.00000 10.00000 8.00000 19.00000 13.00000 6.00000 3.00000 18.00000 9.00000 21.00000 12.00000 16.00000 19.00000 4.00000 20.00000 6.00000 16.00000 8.00000 5.00000 8.00000 10.00000 7.00000 21.00000 24.00000 28.00000 5.00000 26.00000 12.00000 22.00000 24.00000 21.00000 28.00000 30.00000 13.00000 7.00000 7.00000 12.00000 21.00000 23.00000 10.00000 25.00000 6.00000 10.00000
23.00000 16.00000 27.00000 10.00000 37.00000 22.00000 24.00000 11.00000 21.00000 8.00000 7.00000 45.00000 29.00000 22.00000 20.00000 20.00000 9.00000 31.00000 22.00000 9.00000 20.00000 8.00000 24.00000 47.00000 8.00000 9.00000 21.00000 22.00000 24.00000 15.00000 21.00000 0.00000 22.00000 39.00000 5.00000 24.00000 22.00000 19.00000 26.00000 23.00000 21.00000 9.00000 23.00000 9.00000 18.00000 6.00000 10.00000 22.00000 6.00000 23.00000 6.00000 20.00000 22.00000 17.00000 23.00000 21.00000 3.00000 37.00000 41.00000 22.00000 12.00000 20.00000 10.00000 8.00000 9.00000 24.00000 43.00000 10.00000 24.00000 24.00000 18.00000 8.00000 10.00000 14.00000 11.00000 22.00000 23.00000
11.00000 19.00000 7.00000 26.00000 23.00000 2.00000 5.00000 27.00000 2.00000 17.00000 17.00000 33.00000 12.00000 2.00000 3.00000 6.00000 24.00000 17.00000 1.00000 25.00000 4.00000 24.00000 10.00000 32.00000 24.00000 23.00000 4.00000 4.00000 10.00000 16.00000 4.00000 21.00000 0.00000 26.00000 19.00000 9.00000 7.00000 21.00000 12.00000 3.00000 2.00000 20.00000 9.00000 24.00000 14.00000 18.00000 22.00000 1.00000 22.00000 3.00000 18.00000 9.00000 2.00000 9.00000 11.00000 6.00000 22.00000 23.00000 27.00000 2.00000 28.00000 14.00000 24.00000 25.00000 23.00000 30.00000 29.00000 15.00000 4.00000 5.00000 14.00000 22.00000 24.00000 12.00000 27.00000 4.00000 11.00000
19.00000 41.00000 25.00000 45.00000 9.00000 27.00000 22.00000 44.00000 25.00000 34.00000 34.00000 12.00000 22.00000 26.00000 25.00000 22.00000 43.00000 13.00000 26.00000 42.00000 26.00000 40.00000 17.00000 13.00000 43.00000 39.00000 24.00000 23.00000 18.00000 37.00000 26.00000 38.00000 25.00000 0.00000 36.00000 27.00000 20.00000 42.00000 18.00000 25.00000 26.00000 39.00000 19.00000 42.00000 35.00000 35.00000 41.00000 25.00000 41.00000 26.00000 36.00000 25.00000 25.00000 27.00000 19.00000 22.00000 39.00000 4.00000 8.00000 25.00000 47.00000 34.00000 41.00000 42.00000 42.00000 20.00000 11.00000 34.00000 24.00000 23.00000 35.00000 39.00000 41.00000 30.00000 46.00000 24.00000 19.00000
21.00000 14.00000 24.00000 12.00000 35.00000 19.00000 22.00000 13.00000 18.00000 4.00000 5.00000 44.00000 26.00000 19.00000 17.00000 17.00000 10.00000 28.00000 19.00000 11.00000 17.00000 10.00000 22.00000 44.00000 10.00000 9.00000 18.00000 20.00000 22.00000 13.00000 17.00000 5.00000 19.00000 37.00000 0.00000 21.00000 19.00000 17.00000 24.00000 20.00000 18.00000 7.00000 20.00000 9.00000 15.00000 3.00000 10.00000 19.00000 8.00000 20.00000 3.00000 17.00000 19.00000 14.00000 21.00000 19.00000 6.00000 35.00000 38.00000 19.00000 14.00000 17.00000 10.00000 11.00000 10.00000 24.00000 41.00000 7.00000 21.00000 22.00000 15.00000 9.00000 10.00000 12.00000 13.00000 20.00000 21.00000
16.00000 18.00000 9.00000 26.00000 27.00000 5.00000 9.00000 28.00000 7.00000 19.00000 20.00000 37.00000 13.00000 6.00000 7.00000 11.00000 24.00000 21.00000 5.00000 26.00000 7.00000 25.00000 14.00000 37.00000 25.00000 24.00000 10.00000 8.00000 14.00000 16.00000 7.00000 22.00000 6.00000 30.00000 20.00000 0.00000 11.00000 19.00000 16.00000 8.00000 8.00000 20.00000 13.00000 24.00000 13.00000 19.00000 22.00000 6.00000 23.00000 6.00000 19.00000 13.00000 7.00000 12.00000 16.00000 9.00000 23.00000 27.00000 31.00000 7.00000 29.00000 11.00000 25.00000 27.00000 23.00000 32.00000 33.00000 16.00000 6.00000 9.00000 13.00000 24.00000 25.00000 12.00000 27.00000 8.00000 16.00000
12.00000 24.00000 6.00000 28.00000 18.00000 8.00000 4.00000 27.00000 8.00000 17.00000 17.00000 28.00000 9.00000 7.00000 8.00000 4.00000 26.00000 12.00000 7.00000 25.00000 9.00000 24.00000 5.00000 28.00000 26.00000 23.00000 5.00000 4.00000 5.00000 20.00000 9.00000 21.00000 7.00000 21.00000 19.00000 9.00000 0.00000 25.00000 7.00000 6.00000 8.00000 22.00000 4.00000 25.00000 18.00000 19.00000 24.00000 7.00000 24.00000 7.00000 19.00000 10.00000 5.00000 10.00000 12.00000 3.00000 22.00000 18.00000 22.00000 6.00000 30.00000 16.00000 24.00000 25.00000 25.00000 30.00000 24.00000 17.00000 5.00000 4.00000 18.00000 22.00000 24.00000 13.00000 29.00000 5.00000 12.00000
24.00000 4.00000 23.00000 16.00000 39.00000 20.00000 24.00000 20.00000 20.00000 17.00000 19.00000 49.00000 26.00000 20.00000 19.00000 22.00000 14.00000 33.00000 20.00000 20.00000 18.00000 20.00000 26.00000 48.00000 15.00000 23.00000 22.00000 23.00000 26.00000 7.00000 18.00000 18.00000 21.00000 42.00000 16.00000 20.00000 24.00000 0.00000 28.00000 22.00000 20.00000 12.00000 25.00000 13.00000 11.00000 15.00000 11.00000 21.00000 15.00000 21.00000 15.00000 22.00000 21.00000 20.00000 24.00000 23.00000 20.00000 39.00000 43.00000 21.00000 17.00000 11.00000 25.00000 21.00000 13.00000 36.00000 45.00000 13.00000 22.00000 24.00000 10.00000 23.00000 25.00000 17.00000 17.00000 23.00000 24.00000
16.00000 27.00000 11.00000 32.00000 15.00000 13.00000 8.00000 31.00000 12.00000 21.00000 21.00000 27.00000 8.00000 13.00000 12.00000 8.00000 30.00000 9.00000 13.00000 28.00000 13.00000 27.00000 3.00000 25.00000 30.00000 26.00000 11.00000 10.00000 5.00000 24.00000 13.00000 25.00000 12.00000 18.00000 23.00000 12.00000 7.00000 29.00000 0.00000 12.00000 13.00000 25.00000 5.00000 29.00000 22.00000 22.00000 28.00000 12.00000 28.00000 13.00000 22.00000 13.00000 11.00000 13.00000 16.00000 9.00000 26.00000 15.00000 19.00000 12.00000 34.00000 19.00000 28.00000 29.00000 29.00000 33.00000 21.00000 21.00000 11.00000 10.00000 21.00000 26.00000 28.00000 17.00000 33.00000 10.00000 16.00000
12.00000 21.00000 6.00000 27.00000 23.00000 4.00000 4.00000 28.00000 4.00000 18.00000 18.00000 33.00000 11.00000 3.00000 5.00000 6.00000 25.00000 17.00000 3.00000 25.00000 6.00000 24.00000 10.00000 32.00000 25.00000 23.00000 5.00000 3.00000 10.00000 17.00000 6.00000 21.00000 3.00000 26.00000 20.00000 8.00000 6.00000 22.00000 12.00000 0.00000 4.00000 21.00000 9.00000 25.00000 15.00000 19.00000 23.00000 3.00000 24.00000 3.00000 19.00000 10.00000 2.00000 10.00000 12.00000 5.00000 23.00000 23.00000 27.00000 2.00000 30.00000 15.00000 25.00000 26.00000 24.00000 30.00000 29.00000 16.00000 3.00000 4.00000 15.00000 23.00000 25.00000 13.00000 28.00000 3.00000 12.00000
10.00000 19.00000 8.00000 26.00000 23.00000 3.00000 7.00000 26.00000 2.00000 16.00000 16.00000 33.00000 13.00000 3.00000 2.00000 6.00000 23.00000 17.00000 3.00000 24.00000 3.00000 23.00000 10.00000 33.00000 23.00000 22.00000 5.00000 5.00000 10.00000 16.00000 3.00000 20.00000 2.00000 26.00000 18.00000 10.00000 8.00000 20.00000 13.00000 4.00000 0.00000 19.00000 9.00000 23.00000 14.00000 18.00000 21.00000 2.00000 22.00000 4.00000 18.00000 8.00000 3.00000 8.00000 10.00000 6.00000 21.00000 24.00000 27.00000 3.00000 28.00000 13.00000 23.00000 24.00000 22.00000 29.00000 29.00000 15.00000 5.00000 6.00000 13.00000 21.00000 23.00000 11.00000 26.00000 5.00000 10.00000
22.00000 9.00000 23.00000 9.00000 36.00000 17.00000 22.00000 12.00000 18.00000 7.00000 9.00000 46.00000 25.00000 18.00000 16.00000 19.00000 7.00000 30.00000 17.00000 10.00000 16.00000 11.00000 23.00000 46.00000 7.00000 13.00000 19.00000 20.00000 23.00000 7.00000 16.00000 8.00000 18.00000 39.00000 6.00000 20.00000 21.00000 12.00000 25.00000 19.00000 18.00000 0.00000 22.00000 6.00000 12.00000 5.00000 5.00000 18.00000 5.00000 18.00000 5.00000 19.00000 19.00000 16.00000 22.00000 21.00000 10.00000 36.00000 40.00000 19.00000 11.00000 14.00000 14.00000 11.00000 6.00000 28.00000 42.00000 5.00000 20.00000 22.00000 12.00000 13.00000 15.00000 13.00000 10.00000 20.00000 22.00000
14.00000 26.00000 9.00000 30.00000 15.00000 12.00000 7.00000 29.00000 10.00000 20.00000 19.00000 27.00000 7.00000 11.00000 11.00000 7.00000 28.00000 9.00000 11.00000 27.00000 11.00000 26.00000 2.00000 25.00000 28.00000 25.00000 9.00000 8.00000 4.00000 22.00000 11.00000 23.00000 11.00000 18.00000 21.00000 10.00000 6.00000 27.00000 4.00000 10.00000 11.00000 24.00000 0.00000 27.00000 20.00000 21.00000 26.00000 10.00000 26.00000 11.00000 21.00000 12.00000 10.00000 12.00000 14.00000 7.00000 24.00000 15.00000 19.00000 10.00000 32.00000 18.00000 26.00000 27.00000 27.00000 32.00000 21.00000 19.00000 9.00000 8.00000 19.00000 24.00000 26.00000 15.00000 31.00000 9.00000 14.00000
27.00000 10.00000 27.00000 5.00000 41.00000 22.00000 27.00000 9.00000 22.00000 11.00000 13.00000 51.00000 30.00000 22.00000 21.00000 24.00000 2.00000 34.00000 22.00000 9.00000 20.00000 10.00000 28.00000 50.00000 3.00000 13.00000 24.00000 25.00000 28.00000 10.00000 20.00000 9.00000 23.00000 44.00000 11.00000 24.00000 25.00000 12.00000 30.00000 24.00000 22.00000 6.00000 26.00000 0.00000 15.00000 9.00000 3.00000 23.00000 4.00000 23.00000 9.00000 24.00000 23.00000 20.00000 27.00000 25.00000 11.00000 41.00000 45.00000 23.00000 7.00000 15.00000 14.00000 10.00000 1.00000 32.00000 47.00000 9.00000 24.00000 26.00000 14.00000 14.00000 14.00000 18.00000 6.00000 25.00000 27.00000
16.00000 8.00000 15.00000 16.00000 31.00000 12.00000 16.00000 21.00000 12.00000 13.00000 15.00000 40.00000 18.00000 12.00000 11.00000 14.00000 14.00000 25.00000 12.00000 19.00000 10.00000 20.00000 18.00000 40.00000 15.00000 19.00000 14.00000 15.00000 18.00000 6.00000 10.00000 16.00000 13.00000 34.00000 14.00000 12.00000 16.00000 9.00000 20.00000 14.00000 12.00000 12.00000 17.00000 13.00000 0.00000 12.00000 12.00000 13.00000 15.00000 13.00000 12.00000 14.00000 13.00000 12.00000 16.00000 15.00000 17.00000 31.00000 35.00000 13.00000 18.00000 4.00000 20.00000 20.00000 13.00000 30.00000 37.00000 8.00000 14.00000 16.00000 2.00000 19.00000 20.00000 9.00000 17.00000 15.00000 16.00000
20.00000 13.00000 23.00000 12.00000 34.00000 17.00000 21.00000 14.00000 17.00000 3.00000 6.00000 44.00000 26.00000 18.00000 16.00000 17.00000 10.00000 28.00000 17.00000 12.00000 16.00000 11.00000 21.00000 43.00000 10.00000 10.00000 18.00000 19.00000 21.00000 12.00000 16.00000 5.00000 18.00000 37.00000 3.00000 20.00000 19.00000 15.00000 23.00000 19.00000 17.00000 6.00000 20.00000 9.00000 14.00000 0.00000 8.00000 18.00000 8.00000 18.00000 1.00000 17.00000 18.00000 13.00000 20.00000 18.00000 7.00000 34.00000 38.00000 19.00000 14.00000 15.00000 11.00000 11.00000 9.00000 24.00000 40.00000 5.00000 20.00000 21.00000 13.00000 10.00000 11.00000 11.00000 13.00000 19.00000 20.00000
27.00000 10.00000 27.00000 5.00000 41.00000 21.00000 27.00000 10.00000 22.00000 11.00000 13.00000 51.00000 30.00000 22.00000 21.00000 24.00000 3.00000 34.00000 22.00000 9.00000 20.00000 10.00000 28.00000 50.00000 4.00000 13.00000 24.00000 25.00000 28.00000 10.00000 20.00000 9.00000 22.00000 44.00000 11.00000 24.00000 25.00000 13.00000 30.00000 24.00000 22.00000 6.00000 26.00000 2.00000 15.00000 9.00000 0.00000 22.00000 4.00000 23.00000 9.00000 24.00000 23.00000 20.00000 27.00000 25.00000 11.00000 41.00000 45.00000 23.00000 7.00000 16.00000 14.00000 10.00000 2.00000 32.00000 47.00000 9.00000 24.00000 26.00000 14.00000 14.00000 15.00000 18.00000 6.00000 24.00000 27.00000
11.00000 19.00000 7.00000 26.00000 23.00000 2.00000 5.00000 27.00000 2.00000 17.00000 17.00000 33.00000 12.00000 2.00000 3.00000 6.00000 24.00000 17.00000 1.00000 25.00000 4.00000 24.00000 10.00000 32.00000 24.00000 22.00000 4.00000 4.00000 10.00000 16.00000 4.00000 21.00000 1.00000 26.00000 19.00000 8.00000 7.00000 21.00000 12.00000 3.00000 2.00000 20.00000 9.00000 23.00000 14.00000 18.00000 21.00000 0.00000 22.00000 3.00000 18.00000 9.00000 2.00000 9.00000 11.00000 6.00000 22.00000 23.00000 27.00000 2.00000 28.00000 13.00000 24.00000 25.00000 23.00000 30.00000 29.00000 15.00000 4.00000 5.00000 14.00000 22.00000 24.00000 12.00000 27.00000 3.00000 11.00000
26.00000 13.00000 26.00000 5.00000 40.00000 21.00000 26.00000 9.00000 21.00000 11.00000 11.00000 50.00000 29.00000 21.00000 20.00000 23.00000 3.00000 34.00000 21.00000 8.00000 19.00000 9.00000 27.00000 49.00000 2.00000 12.00000 23.00000 24.00000 27.00000 11.00000 19.00000 7.00000 22.00000 43.00000 9.00000 23.00000 25.00000 15.00000 29.00000 23.00000 21.00000 5.00000 25.00000 4.00000 16.00000 9.00000 6.00000 22.00000 0.00000 22.00000 9.00000 23.00000 22.00000 19.00000 26.00000 24.00000 10.00000 40.00000 44.00000 22.00000 7.00000 17.00000 13.00000 9.00000 4.00000 30.00000 46.00000 9.00000 23.00000 25.00000 16.00000 12.00000 13.00000 17.00000 5.00000 24.00000 26.00000
14.00000 19.00000 6.00000 26.00000 24.00000 3.00000 6.00000 28.00000 4.00000 18.00000 19.00000 34.00000 12.00000 2.00000 5.00000 7.00000 24.00000 17.00000 3.00000 26.00000 6.00000 24.00000 11.00000 33.00000 24.00000 23.00000 6.00000 5.00000 11.00000 16.00000 6.00000 22.00000 3.00000 27.00000 20.00000 7.00000 7.00000 21.00000 13.00000 3.00000 4.00000 20.00000 9.00000 24.00000 14.00000 18.00000 22.00000 3.00000 23.00000 0.00000 18.00000 11.00000 3.00000 11.00000 14.00000 5.00000 23.00000 24.00000 28.00000 3.00000 28.00000 13.00000 25.00000 26.00000 23.00000 31.00000 30.00000 15.00000 3.00000 5.00000 14.00000 23.00000 25.00000 12.00000 27.00000 4.00000 14.00000
19.00000 13.00000 23.00000 12.00000 34.00000 18.00000 20.00000 15.00000 17.00000 3.00000 6.00000 43.00000 25.00000 18.00000 16.00000 16.00000 10.00000 27.00000 18.00000 12.00000 16.00000 11.00000 20.00000 43.00000 10.00000 10.00000 17.00000 19.00000 20.00000 12.00000 16.00000 6.00000 18.00000 36.00000 3.00000 20.00000 18.00000 16.00000 23.00000 19.00000 17.00000 6.00000 19.00000 9.00000 14.00000 1.00000 8.00000 18.00000 9.00000 19.00000 0.00000 16.00000 18.00000 13.00000 19.00000 18.00000 7.00000 34.00000 37.00000 18.00000 14.00000 15.00000 11.00000 12.00000 10.00000 25.00000 40.00000 5.00000 20.00000 20.00000 14.00000 10.00000 12.00000 11.00000 13.00000 19.00000 19.00000
7.00000 20.00000 15.00000 25.00000 25.00000 10.00000 12.00000 23.00000 8.00000 14.00000 14.00000 31.00000 17.00000 10.00000 7.00000 8.00000 22.00000 19.00000 9.00000 21.00000 8.00000 20.00000 12.00000 33.00000 22.00000 19.00000 9.00000 10.00000 12.00000 17.00000 8.00000 17.00000 9.00000 25.00000 16.00000 16.00000 10.00000 22.00000 14.00000 11.00000 8.00000 18.00000 11.00000 22.00000 15.00000 15.00000 20.00000 9.00000 21.00000 11.00000 15.00000 0.00000 10.00000 5.00000 7.00000 9.00000 18.00000 23.00000 28.00000 10.00000 26.00000 15.00000 20.00000 22.00000 21.00000 26.00000 31.00000 13.00000 12.00000 12.00000 15.00000 19.00000 20.00000 9.00000 25.00000 10.00000 7.00000
12.00000 20.00000 6.00000 27.00000 22.00000 4.00000 4.00000 27.00000 3.00000 17.00000 17.00000 32.00000 10.00000 2.00000 4.00000 5.00000 25.00000 16.00000 3.00000 25.00000 5.00000 23.00000 9.00000 32.00000 25.00000 22.00000 4.00000 2.00000 9.00000 17.00000 5.00000 21.00000 2.00000 25.00000 19.00000 8.00000 5.00000 22.00000 11.00000 2.00000 4.00000 21.00000 8.00000 25.00000 15.00000 18.00000 23.00000 2.00000 24.00000 3.00000 18.00000 10.00000 0.00000 10.00000 12.00000 4.00000 22.00000 22.00000 26.00000 1.00000 29.00000 15.00000 24.00000 25.00000 24.00000 29.00000 28.00000 16.00000 3.00000 3.00000 15.00000 22.00000 24.00000 13.00000 28.00000 2.00000 12.00000
8.00000 18.00000 12.00000 22.00000 22.00000 8.00000 9.00000 21.00000 6.00000 12.00000 11.00000 32.00000 14.00000 8.00000 5.00000 5.00000 20.00000 16.00000 8.00000 19.00000 6.00000 18.00000 9.00000 32.00000 20.00000 17.00000 6.00000 7.00000 9.00000 15.00000 6.00000 15.00000 7.00000 25.00000 13.00000 14.00000 7.00000 20.00000 12.00000 8.00000 6.00000 16.00000 8.00000 19.00000 13.00000 13.00000 18.00000 7.00000 18.00000 10.00000 13.00000 5.00000 7.00000 0.00000 8.00000 7.00000 16.00000 22.00000 26.00000 7.00000 24.00000 13.00000 18.00000 19.00000 19.00000 24.00000 28.00000 11.00000 9.00000 9.00000 13.00000 16.00000 18.00000 6.00000 23.00000 8.00000 8.00000
0.00000 23.00000 16.00000 28.00000 21.00000 13.00000 14.00000 27.00000 10.00000 17.00000 17.00000 25.00000 19.00000 12.00000 9.00000 10.00000 26.00000 18.00000 12.00000 25.00000 10.00000 23.00000 14.00000 27.00000 26.00000 22.00000 11.00000 12.00000 14.00000 20.00000 10.00000 21.00000 11.00000 19.00000 19.00000 18.00000 12.00000 24.00000 16.00000 12.00000 10.00000 22.00000 12.00000 25.00000 18.00000 18.00000 24.00000 11.00000 24.00000 14.00000 18.00000 7.00000 11.00000 9.00000 0.00000 11.00000 22.00000 17.00000 22.00000 12.00000 30.00000 18.00000 24.00000 25.00000 25.00000 21.00000 25.00000 17.00000 14.00000 14.00000 17.00000 22.00000 24.00000 13.00000 29.00000 12.00000 0.00000
11.00000 23.00000 6.00000 27.00000 19.00000 6.00000 4.00000 26.00000 6.00000 16.00000 16.00000 29.00000 11.00000 5.00000 6.00000 2.00000 25.00000 13.00000 6.00000 24.00000 7.00000 23.00000 6.00000 28.00000 25.00000 22.00000 4.00000 3.00000 6.00000 19.00000 7.00000 20.00000 5.00000 22.00000 18.00000 9.00000 3.00000 24.00000 8.00000 4.00000 6.00000 21.00000 5.00000 24.00000 17.00000 18.00000 23.00000 5.00000 23.00000 5.00000 18.00000 9.00000 4.00000 9.00000 11.00000 0.00000 21.00000 19.00000 23.00000 4.00000 29.00000 16.00000 23.00000 24.00000 24.00000 29.00000 25.00000 16.00000 4.00000 4.00000 17.00000 21.00000 23.00000 12.00000 28.00000 3.00000 11.00000
24.00000 18.00000 28.00000 12.00000 38.00000 23.00000 25.00000 10.00000 22.00000 9.00000 8.00000 46.00000 30.00000 23.00000 21.00000 21.00000 11.00000 32.00000 23.00000 8.00000 21.00000 7.00000 25.00000 47.00000 10.00000 8.00000 22.00000 23.00000 25.00000 16.00000 21.00000 3.00000 23.00000 39.00000 6.00000 25.00000 23.00000 20.00000 27.00000 24.00000 22.00000 10.00000 24.00000 11.00000 19.00000 7.00000 11.00000 23.00000 8.00000 24.00000 7.00000 21.00000 23.00000 18.00000 24.00000 22.00000 0.00000 38.00000 42.00000 23.00000 14.00000 21.00000 9.00000 7.00000 11.00000 24.00000 44.00000 10.00000 25.00000 25.00000 19.00000 8.00000 9.00000 15.00000 13.00000 23.00000 24.00000
17.00000 38.00000 22.00000 43.00000 7.00000 24.00000 19.00000 41.00000 23.00000 32.00000 32.00000 13.00000 20.00000 24.00000 23.00000 19.00000 41.00000 11.00000 23.00000 39.00000 24.00000 38.00000 14.00000 12.00000 40.00000 37.00000 22.00000 21.00000 15.00000 35.00000 24.00000 35.00000 23.00000 4.00000 34.00000 24.00000 18.00000 39.00000 15.00000 22.00000 23.00000 36.00000 16.00000 40.00000 33.00000 33.00000 38.00000 23.00000 39.00000 23.00000 33.00000 23.00000 22.00000 24.00000 17.00000 20.00000 36.00000 0.00000 7.00000 22.00000 45.00000 31.00000 38.00000 40.00000 40.00000 21.00000 10.00000 31.00000 22.00000 20.00000 32.00000 37.00000 38.00000 28.00000 43.00000 21.00000 17.00000
21.00000 42.00000 26.00000 46.00000 11.00000 28.00000 23.00000 45.00000 26.00000 36.00000 35.00000 13.00000 24.00000 27.00000 27.00000 23.00000 44.00000 15.00000 27.00000 43.00000 27.00000 42.00000 18.00000 8.00000 44.00000 41.00000 26.00000 24.00000 19.00000 39.00000 27.00000 39.00000 27.00000 7.00000 37.00000 28.00000 22.00000 43.00000 19.00000 26.00000 27.00000 40.00000 20.00000 43.00000 36.00000 37.00000 42.00000 27.00000 43.00000 27.00000 37.00000 28.00000 26.00000 28.00000 21.00000 23.00000 40.00000 7.00000 0.00000 26.00000 48.00000 35.00000 42.00000 43.00000 43.00000 23.00000 4.00000 35.00000 26.00000 24.00000 36.00000 40.00000 42.00000 31.00000 47.00000 25.00000 21.00000
12.00000 20.00000 6.00000 27.00000 23.00000 3.00000 4.00000 27.00000 4.00000 18.00000 17.00000 32.00000 11.00000 2.00000 4.00000 5.00000 25.00000 16.00000 3.00000 25.00000 6.00000 24.00000 9.00000 32.00000 25.00000 23.00000 4.00000 3.00000 9.00000 17.00000 6.00000 21.00000 3.00000 25.00000 19.00000 8.00000 6.00000 22.00000 12.00000 2.00000 4.00000 21.00000 8.00000 24.00000 15.00000 19.00000 22.00000 3.00000 23.00000 3.00000 19.00000 10.00000 1.00000 10.00000 12.00000 5.00000 22.00000 23.00000 26.00000 0.00000 29.00000 14.00000 24.00000 25.00000 24.00000 30.00000 29.00000 16.00000 3.00000 4.00000 15.00000 22.00000 24.00000 13.00000 28.00000 2.00000 12.00000
31.00000 15.00000 32.00000 6.00000 45.00000 26.00000 31.00000 11.00000 27.00000 16.00000 17.00000 55.00000 35.00000 27.00000 25.00000 28.00000 7.00000 39.00000 26.00000 11.00000 25.00000 11.00000 32.00000 55.00000 7.00000 15.00000 28.00000 30.00000 32.00000 15.00000 25.00000 11.00000 27.00000 48.00000 15.00000 29.00000 30.00000 18.00000 35.00000 29.00000 27.00000 10.00000 31.00000 8.00000 20.00000 14.00000 8.00000 27.00000 7.00000 27.00000 14.00000 28.00000 28.00000 25.00000 31.00000 30.00000 13.00000 45.00000 49.00000 28.00000 0.00000 21.00000 16.00000 12.00000 7.00000 34.00000 51.00000 14.00000 29.00000 31.00000 19.00000 15.00000 16.00000 23.00000 7.00000 29.00000 31.00000
17.00000 10.00000 13.00000 19.00000 31.00000 11.00000 13.00000 23.00000 12.00000 16.00000 17.00000 40.00000 15.00000 12.00000 11.00000 15.00000 16.00000 25.00000 11.00000 23.00000 10.00000 22.00000 18.00000 40.00000 17.00000 21.00000 14.00000 14.00000 17.00000 9.00000 10.00000 19.00000 12.00000 34.00000 17.00000 9.00000 16.00000 12.00000 18.00000 13.00000 12.00000 14.00000 17.00000 16.00000 6.00000 15.00000 14.00000 12.00000 18.00000 12.00000 15.00000 15.00000 13.00000 13.00000 17.00000 15.00000 20.00000 31.00000 35.00000 13.00000 21.00000 0.00000 23.00000 24.00000 16.00000 32.00000 37.00000 11.00000 12.00000 13.00000 4.00000 21.00000 23.00000 12.00000 19.00000 14.00000 17.00000
26.00000 21.00000 29.00000 14.00000 40.00000 25.00000 26.00000 10.00000 23.00000 10.00000 9.00000 45.00000 31.00000 25.00000 22.00000 22.00000 15.00000 33.00000 25.00000 7.00000 23.00000 6.00000 27.00000 48.00000 14.00000 2.00000 23.00000 25.00000 26.00000 21.00000 23.00000 10.00000 24.00000 41.00000 10.00000 27.00000 24.00000 24.00000 29.00000 25.00000 23.00000 15.00000 25.00000 15.00000 21.00000 11.00000 16.00000 24.00000 12.00000 26.00000 12.00000 22.00000 24.00000 19.00000 26.00000 24.00000 9.00000 39.00000 43.00000 24.00000 16.00000 22.00000 0.00000 8.00000 15.00000 26.00000 46.00000 14.00000 26.00000 27.00000 21.00000 6.00000 4.00000 17.00000 15.00000 25.00000 26.00000
27.00000 19.00000 30.00000 9.00000 41.00000 26.00000 28.00000 6.00000 24.00000 12.00000 10.00000 48.00000 33.00000 26.00000 23.00000 24.00000 10.00000 35.00000 26.00000 4.00000 24.00000 3.00000 28.00000 50.00000 9.00000 7.00000 25.00000 26.00000 28.00000 17.00000 24.00000 8.00000 26.00000 42.00000 11.00000 28.00000 26.00000 21.00000 30.00000 26.00000 25.00000 11.00000 26.00000 11.00000 22.00000 11.00000 12.00000 25.00000 8.00000 27.00000 12.00000 24.00000 25.00000 20.00000 27.00000 25.00000 7.00000 40.00000 45.00000 26.00000 11.00000 23.00000 8.00000 0.00000 11.00000 27.00000 47.00000 15.00000 28.00000 28.00000 22.00000 7.00000 8.00000 18.00000 10.00000 26.00000 27.00000
27.00000 10.00000 27.00000 5.00000 41.00000 22.00000 27.00000 9.00000 22.00000 12.00000 12.00000 51.00000 30.00000 22.00000 21.00000 24.00000 2.00000 35.00000 22.00000 9.00000 20.00000 10.00000 28.00000 50.00000 3.00000 13.00000 24.00000 25.00000 28.00000 11.00000 20.00000 8.00000 23.00000 44.00000 10.00000 24.00000 26.00000 13.00000 30.00000 24.00000 22.00000 6.00000 27.00000 2.00000 15.00000 9.00000 3.00000 23.00000 4.00000 23.00000 10.00000 24.00000 24.00000 20.00000 27.00000 25.00000 11.00000 41.00000 45.00000 24.00000 7.00000 16.00000 14.00000 10.00000 0.00000 31.00000 47.00000 10.00000 25.00000 26.00000 14.00000 13.00000 14.00000 18.00000 6.00000 25.00000 27.00000
22.00000 33.00000 34.00000 33.00000 27.00000 30.00000 32.00000 29.00000 28.00000 23.00000 21.00000 24.00000 37.00000 30.00000 27.00000 28.00000 31.00000 30.00000 30.00000 27.00000 28.00000 25.00000 32.00000 27.00000 31.00000 24.00000 29.00000 30.00000 32.00000 32.00000 28.00000 24.00000 30.00000 20.00000 24.00000 33.00000 30.00000 35.00000 34.00000 30.00000 29.00000 29.00000 30.00000 30.00000 31.00000 25.00000 30.00000 29.00000 29.00000 31.00000 25.00000 28.00000 29.00000 24.00000 22.00000 29.00000 25.00000 21.00000 23.00000 30.00000 35.00000 32.00000 26.00000 27.00000 31.00000 0.00000 26.00000 26.00000 31.00000 32.00000 31.00000 24.00000 26.00000 23.00000 34.00000 30.00000 22.00000
24.00000 44.00000 29.00000 49.00000 14.00000 30.00000 25.00000 48.00000 29.00000 38.00000 38.00000 16.00000 26.00000 30.00000 29.00000 25.00000 47.00000 17.00000 29.00000 45.00000 30.00000 44.00000 20.00000 9.00000 46.00000 43.00000 28.00000 27.00000 22.00000 41.00000 30.00000 41.00000 29.00000 10.00000 40.00000 30.00000 24.00000 46.00000 22.00000 29.00000 29.00000 42.00000 22.00000 46.00000 39.00000 39.00000 44.00000 29.00000 45.00000 30.00000 39.00000 30.00000 28.00000 30.00000 24.00000 26.00000 43.00000 10.00000 4.00000 29.00000 51.00000 37.00000 44.00000 46.00000 46.00000 26.00000 0.00000 38.00000 28.00000 26.00000 39.00000 43.00000 45.00000 34.00000 49.00000 27.00000 24.00000
19.00000 10.00000 21.00000 12.00000 33.00000 15.00000 20.00000 15.00000 15.00000 6.00000 9.00000 43.00000 23.00000 16.00000 14.00000 16.00000 10.00000 27.00000 15.00000 13.00000 14.00000 14.00000 20.00000 43.00000 10.00000 13.00000 17.00000 18.00000 20.00000 9.00000 14.00000 9.00000 16.00000 36.00000 7.00000 17.00000 18.00000 12.00000 22.00000 18.00000 15.00000 6.00000 19.00000 10.00000 11.00000 5.00000 8.00000 16.00000 9.00000 16.00000 5.00000 16.00000 17.00000 13.00000 19.00000 18.00000 10.00000 33.00000 37.00000 17.00000 14.00000 13.00000 15.00000 14.00000 9.00000 28.00000 39.00000 0.00000 18.00000 20.00000 11.00000 13.00000 15.00000 9.00000 13.00000 18.00000 19.00000
14.00000 21.00000 4.00000 28.00000 22.00000 5.00000 4.00000 29.00000 5.00000 19.00000 19.00000 32.00000 10.00000 3.00000 6.00000 5.00000 26.00000 15.00000 4.00000 27.00000 7.00000 25.00000 9.00000 31.00000 26.00000 24.00000 5.00000 3.00000 9.00000 18.00000 7.00000 23.00000 4.00000 25.00000 21.00000 8.00000 5.00000 22.00000 11.00000 4.00000 5.00000 22.00000 7.00000 25.00000 15.00000 20.00000 23.00000 4.00000 24.00000 3.00000 20.00000 11.00000 3.00000 12.00000 14.00000 4.00000 24.00000 22.00000 26.00000 3.00000 30.00000 14.00000 26.00000 27.00000 25.00000 31.00000 28.00000 17.00000 0.00000 3.00000 15.00000 24.00000 26.00000 14.00000 29.00000 3.00000 14.00000
14.00000 22.00000 4.00000 30.00000 21.00000 6.00000 2.00000 29.00000 6.00000 20.00000 19.00000 30.00000 9.00000 5.00000 7.00000 5.00000 28.00000 14.00000 5.00000 27.00000 8.00000 26.00000 8.00000 30.00000 28.00000 25.00000 6.00000 3.00000 7.00000 20.00000 8.00000 23.00000 5.00000 23.00000 21.00000 6.00000 4.00000 24.00000 10.00000 4.00000 6.00000 24.00000 6.00000 27.00000 17.00000 21.00000 25.00000 5.00000 26.00000 5.00000 21.00000 12.00000 4.00000 12.00000 14.00000 4.00000 24.00000 21.00000 24.00000 4.00000 32.00000 14.00000 26.00000 27.00000 27.00000 32.00000 27.00000 19.00000 4.00000 0.00000 16.00000 24.00000 26.00000 15.00000 31.00000 4.00000 14.00000
16.00000 8.00000 15.00000 17.00000 31.00000 12.00000 15.00000 21.00000 12.00000 15.00000 16.00000 41.00000 17.00000 12.00000 11.00000 14.00000 14.00000 25.00000 12.00000 21.00000 10.00000 21.00000 18.00000 40.00000 15.00000 20.00000 14.00000 15.00000 18.00000 7.00000 10.00000 17.00000 13.00000 34.00000 15.00000 11.00000 16.00000 10.00000 20.00000 14.00000 12.00000 12.00000 17.00000 14.00000 4.00000 13.00000 12.00000 13.00000 16.00000 13.00000 14.00000 14.00000 13.00000 12.00000 16.00000 15.00000 19.00000 31.00000 35.00000 14.00000 19.00000 2.00000 21.00000 21.00000 13.00000 31.00000 37.00000 10.00000 14.00000 15.00000 0.00000 20.00000 21.00000 11.00000 17.00000 15.00000 16.00000
23.00000 19.00000 27.00000 13.00000 38.00000 22.00000 24.00000 9.00000 21.00000 8.00000 7.00000 45.00000 29.00000 23.00000 20.00000 20.00000 14.00000 31.00000 23.00000 6.00000 21.00000 5.00000 24.00000 47.00000 13.00000 4.00000 21.00000 22.00000 24.00000 19.00000 21.00000 8.00000 22.00000 39.00000 8.00000 25.00000 22.00000 22.00000 27.00000 23.00000 21.00000 14.00000 23.00000 14.00000 19.00000 9.00000 15.00000 22.00000 11.00000 24.00000 10.00000 20.00000 22.00000 17.00000 23.00000 22.00000 7.00000 37.00000 41.00000 22.00000 15.00000 20.00000 6.00000 7.00000 14.00000 24.00000 43.00000 12.00000 24.00000 24.00000 18.00000 0.00000 6.00000 15.00000 14.00000 23.00000 23.00000
26.00000 21.00000 29.00000 14.00000 40.00000 25.00000 27.00000 10.00000 23.00000 10.00000 9.00000 46.00000 31.00000 25.00000 22.00000 22.00000 15.00000 33.00000 25.00000 7.00000 23.00000 6.00000 27.00000 49.00000 14.00000 2.00000 23.00000 25.00000 27.00000 21.00000 23.00000 10.00000 24.00000 41.00000 10.00000 27.00000 24.00000 24.00000 29.00000 25.00000 23.00000 15.00000 25.00000 15.00000 21.00000 11.00000 16.00000 24.00000 12.00000 26.00000 12.00000 22.00000 24.00000 19.00000 26.00000 24.00000 9.00000 39.00000 43.00000 24.00000 16.00000 22.00000 4.00000 8.00000 15.00000 26.00000 46.00000 14.00000 26.00000 27.00000 21.00000 6.00000 0.00000 17.00000 15.00000 25.00000 26.00000
13.00000 13.00000 15.00000 19.00000 28.00000 10.00000 15.00000 19.00000 10.00000 10.00000 11.00000 38.00000 18.00000 10.00000 8.00000 11.00000 17.00000 22.00000 10.00000 17.00000 8.00000 16.00000 15.00000 37.00000 17.00000 15.00000 11.00000 12.00000 15.00000 10.00000 8.00000 13.00000 11.00000 31.00000 11.00000 12.00000 13.00000 15.00000 17.00000 12.00000 10.00000 13.00000 14.00000 17.00000 9.00000 9.00000 15.00000 11.00000 16.00000 11.00000 10.00000 11.00000 11.00000 7.00000 13.00000 12.00000 15.00000 28.00000 32.00000 11.00000 21.00000 10.00000 16.00000 18.00000 16.00000 24.00000 34.00000 8.00000 12.00000 14.00000 8.00000 15.00000 16.00000 0.00000 20.00000 12.00000 13.00000
28.00000 11.00000 28.00000 1.00000 42.00000 22.00000 28.00000 13.00000 23.00000 12.00000 14.00000 52.00000 31.00000 23.00000 22.00000 25.00000 6.00000 35.00000 23.00000 13.00000 21.00000 13.00000 29.00000 51.00000 7.00000 16.00000 25.00000 26.00000 29.00000 11.00000 21.00000 12.00000 23.00000 44.00000 12.00000 25.00000 26.00000 13.00000 31.00000 25.00000 23.00000 7.00000 27.00000 6.00000 16.00000 10.00000 4.00000 23.00000 8.00000 24.00000 10.00000 25.00000 24.00000 21.00000 28.00000 26.00000 14.00000 42.00000 46.00000 24.00000 11.00000 16.00000 18.00000 13.00000 5.00000 33.00000 48.00000 10.00000 25.00000 27.00000 14.00000 17.00000 18.00000 19.00000 0.00000 25.00000 28.00000
12.00000 21.00000 6.00000 28.00000 21.00000 4.00000 4.00000 27.00000 4.00000 18.00000 17.00000 31.00000 11.00000 3.00000 5.00000 4.00000 26.00000 15.00000 3.00000 25.00000 6.00000 24.00000 8.00000 30.00000 26.00000 23.00000 3.00000 1.00000 8.00000 18.00000 6.00000 21.00000 3.00000 24.00000 19.00000 8.00000 4.00000 23.00000 10.00000 3.00000 4.00000 22.00000 7.00000 25.00000 16.00000 19.00000 24.00000 3.00000 24.00000 5.00000 19.00000 10.00000 2.00000 10.00000 12.00000 3.00000 22.00000 21.00000 25.00000 2.00000 30.00000 16.00000 24.00000 25.00000 25.00000 30.00000 27.00000 17.00000 3.00000 4.00000 16.00000 22.00000 24.00000 13.00000 29.00000 0.00000 12.00000
0.00000 23.00000 16.00000 28.00000 21.00000 13.00000 14.00000 27.00000 10.00000 17.00000 17.00000 25.00000 19.00000 12.00000 9.00000 10.00000 26.00000 18.00000 12.00000 25.00000 10.00000 23.00000 14.00000 27.00000 26.00000 22.00000 11.00000 12.00000 14.00000 20.00000 10.00000 21.00000 11.00000 19.00000 19.00000 18.00000 12.00000 24.00000 16.00000 12.00000 10.00000 22.00000 12.00000 25.00000 18.00000 18.00000 24.00000 11.00000 24.00000 14.00000 18.00000 7.00000 11.00000 9.00000 0.00000 11.00000 22.00000 17.00000 22.00000 12.00000 30.00000 18.00000 24.00000 25.00000 25.00000 21.00000 25.00000 17.00000 14.00000 14.00000 17.00000 22.00000 24.00000 13.00000 29.00000 12.00000 0.00000
p
0.0 0.0 0.0 0.0 0.0 0.0 
0.0 0.0 0.0 0.0 0.0 0.0 
0.0 0.0 0.0 0.0 0.0 0.0 
0.0 0.0 0.0 0.0 0.0 0.0 
0.0 0.0 0.0 0.0 0.0 0.0 
0.0 0.0 0.0 0.0 0.0 0.0 
0.0 0.0 0.0 0.0 0.0 0.0 
0.0 0.0 0.0 0.0 0.0 0.0 
0.0 0.0 0.0 0.0 0.0 0.0 
0.0 0.0 0.0 0.0 0.0 0.0 
0.0 0.0 0.0 0.0 0.0 0.0 
0.0 0.0 0.0 0.0 0.0 0.0 
0.0 0.0 0.0 0.0 0.0 0.0 
0.0 0.0 0.0 0.0 0.0 0.0 
0.0 0.0 0.0 0.0 0.0 0.0 
0 0 15 0 16 0 
0 0 15 0 16 0 
0 0 15 0 16 0 
0 0 15 0 16 0 
0 0 15 0 16 0 
0 0 15 0 16 0 
0 0 15 0 16 0 
0 0 15 0 16 0 
0 0 15 0 16 0 
0 0 15 0 16 0 
0 0 15 0 16 0 
0 0 15 0 16 0 
0 0 15 0 16 0 
0 0 15 0 16 0 
0 0 15 0 16 0 
41 0 0 0 0 42 
41 0 0 0 0 42 
41 0 0 0 0 42 
41 0 0 0 0 42 
41 0 0 0 0 42 
41 0 0 0 0 42 
41 0 0 0 0 42 
41 0 0 0 0 42 
41 0 0 0 0 42 
41 0 0 0 0 42 
41 0 0 0 0 42 
41 0 0 0 0 42 
41 0 0 0 0 42 
41 0 0 0 0 42 
41 0 0 0 0 42 
0 0 21 0 22 0 
0 0 21 0 22 0 
0 0 21 0 22 0 
0 0 21 0 22 0 
0 0 21 0 22 0 
0 0 21 0 22 0 
0 0 21 0 22 0 
0 0 21 0 22 0 
0 0 21 0 22 0 
0 0 21 0 22 0 
0 0 21 0 22 0 
0 0 21 0 22 0 
0 0 21 0 22 0 
0 0 21 0 22 0 
0 0 21 0 22 0 
0 0 0 40 0 0 
0 0 0 40 0 0 
0 0 0 40 0 0 
0 0 0 40 0 0 
0 0 0 40 0 0 
0 0 0 40 0 0 
0 0 0 40 0 0 
0 0 0 40 0 0 
0 0 0 40 0 0 
0 0 0 40 0 0 
0 0 0 40 0 0 
0 0 0 40 0 0 
0 0 0 40 0 0 
0 0 0 40 0 0 
0 0 0 40 0 0 
0 0 0 0 0 17 
0 0 0 0 0 17 
0 0 0 0 0 17 
0 0 0 0 0 17 
0 0 0 0 0 17 
0 0 0 0 0 17 
0 0 0 0 0 17 
0 0 0 0 0 17 
0 0 0 0 0 17 
0 0 0 0 0 17 
0 0 0 0 0 17 
0 0 0 0 0 17 
0 0 0 0 0 17 
0 0 0 0 0 17 
0 0 0 0 0 17 
0 15 0 0 0 0 
0 15 0 0 0 0 
0 15 0 0 0 0 
0 15 0 0 0 0 
0 15 0 0 0 0 
0 15 0 0 0 0 
0 15 0 0 0 0 
0 15 0 0 0 0 
0 15 0 0 0 0 
0 15 0 0 0 0 
0 15 0 0 0 0 
0 15 0 0 0 0 
0 15 0 0 0 0 
0 15 0 0 0 0 
0 15 0 0 0 0 
0 0 0 33 0 0 
0 0 0 33 0 0 
0 0 0 33 0 0 
0 0 0 33 0 0 
0 0 0 33 0 0 
0 0 0 33 0 0 
0 0 0 33 0 0 
0 0 0 33 0 0 
0 0 0 33 0 0 
0 0 0 33 0 0 
0 0 0 33 0 0 
0 0 0 33 0 0 
0 0 0 33 0 0 
0 0 0 33 0 0 
0 0 0 33 0 0 
28 0 0 21 0 0 
28 0 0 21 0 0 
28 0 0 21 0 0 
28 0 0 21 0 0 
28 0 0 21 0 0 
28 0 0 21 0 0 
28 0 0 21 0 0 
28 0 0 21 0 0 
28 0 0 21 0 0 
28 0 0 21 0 0 
28 0 0 21 0 0 
28 0 0 21 0 0 
28 0 0 21 0 0 
28 0 0 21 0 0 
28 0 0 21 0 0 
0 38 0 0 46 0 
0 38 0 0 46 0 
0 38 0 0 46 0 
0 38 0 0 46 0 
0 38 0 0 46 0 
0 38 0 0 46 0 
0 38 0 0 46 0 
0 38 0 0 46 0 
0 38 0 0 46 0 
0 38 0 0 46 0 
0 38 0 0 46 0 
0 38 0 0 46 0 
0 38 0 0 46 0 
0 38 0 0 46 0 
0 38 0 0 46 0 
0 0 37 0 0 0 
0 0 37 0 0 0 
0 0 37 0 0 0 
0 0 37 0 0 0 
0 0 37 0 0 0 
0 0 37 0 0 0 
0 0 37 0 0 0 
0 0 37 0 0 0 
0 0 37 0 0 0 
0 0 37 0 0 0 
0 0 37 0 0 0 
0 0 37 0 0 0 
0 0 37 0 0 0 
0 0 37 0 0 0 
0 0 37 0 0 0 
0 0 33 0 0 0 
0 0 33 0 0 0 
0 0 33 0 0 0 
0 0 33 0 0 0 
0 0 33 0 0 0 
0 0 33 0 0 0 
0 0 33 0 0 0 
0 0 33 0 0 0 
0 0 33 0 0 0 
0 0 33 0 0 0 
0 0 33 0 0 0 
0 0 33 0 0 0 
0 0 33 0 0 0 
0 0 33 0 0 0 
0 0 33 0 0 0 
0 31 0 0 0 47 
0 31 0 0 0 47 
0 31 0 0 0 47 
0 31 0 0 0 47 
0 31 0 0 0 47 
0 31 0 0 0 47 
0 31 0 0 0 47 
0 31 0 0 0 47 
0 31 0 0 0 47 
0 31 0 0 0 47 
0 31 0 0 0 47 
0 31 0 0 0 47 
0 31 0 0 0 47 
0 31 0 0 0 47 
0 31 0 0 0 47 
0 22 0 0 0 38 
0 22 0 0 0 38 
0 22 0 0 0 38 
0 22 0 0 0 38 
0 22 0 0 0 38 
0 22 0 0 0 38 
0 22 0 0 0 38 
0 22 0 0 0 38 
0 22 0 0 0 38 
0 22 0 0 0 38 
0 22 0 0 0 38 
0 22 0 0 0 38 
0 22 0 0 0 38 
0 22 0 0 0 38 
0 22 0 0 0 38 
39 0 0 51 0 0 
39 0 0 51 0 0 
39 0 0 51 0 0 
39 0 0 51 0 0 
39 0 0 51 0 0 
39 0 0 51 0 0 
39 0 0 51 0 0 
39 0 0 51 0 0 
39 0 0 51 0 0 
39 0 0 51 0 0 
39 0 0 51 0 0 
39 0 0 51 0 0 
39 0 0 51 0 0 
39 0 0 51 0 0 
39 0 0 51 0 0 
23 0 0 0 0 0 
23 0 0 0 0 0 
23 0 0 0 0 0 
23 0 0 0 0 0 
23 0 0 0 0 0 
23 0 0 0 0 0 
23 0 0 0 0 0 
23 0 0 0 0 0 
23 0 0 0 0 0 
23 0 0 0 0 0 
23 0 0 0 0 0 
23 0 0 0 0 0 
23 0 0 0 0 0 
23 0 0 0 0 0 
23 0 0 0 0 0 
0 0 0 0 0 29 
0 0 0 0 0 29 
0 0 0 0 0 29 
0 0 0 0 0 29 
0 0 0 0 0 29 
0 0 0 0 0 29 
0 0 0 0 0 29 
0 0 0 0 0 29 
0 0 0 0 0 29 
0 0 0 0 0 29 
0 0 0 0 0 29 
0 0 0 0 0 29 
0 0 0 0 0 29 
0 0 0 0 0 29 
0 0 0 0 0 29 
0 0 0 34 0 0 
0 0 0 34 0 0 
0 0 0 34 0 0 
0 0 0 34 0 0 
0 0 0 34 0 0 
0 0 0 34 0 0 
0 0 0 34 0 0 
0 0 0 34 0 0 
0 0 0 34 0 0 
0 0 0 34 0 0 
0 0 0 34 0 0 
0 0 0 34 0 0 
0 0 0 34 0 0 
0 0 0 34 0 0 
0 0 0 34 0 0 
36 0 0 0 0 0 
36 0 0 0 0 0 
36 0 0 0 0 0 
36 0 0 0 0 0 
36 0 0 0 0 0 
36 0 0 0 0 0 
36 0 0 0 0 0 
36 0 0 0 0 0 
36 0 0 0 0 0 
36 0 0 0 0 0 
36 0 0 0 0 0 
36 0 0 0 0 0 
36 0 0 0 0 0 
36 0 0 0 0 0 
36 0 0 0 0 0 
58 0 0 0 0 0 
58 0 0 0 0 0 
58 0 0 0 0 0 
58 0 0 0 0 0 
58 0 0 0 0 0 
58 0 0 0 0 0 
58 0 0 0 0 0 
58 0 0 0 0 0 
58 0 0 0 0 0 
58 0 0 0 0 0 
58 0 0 0 0 0 
58 0 0 0 0 0 
58 0 0 0 0 0 
58 0 0 0 0 0 
58 0 0 0 0 0 
0 55 0 0 0 58 
0 55 0 0 0 58 
0 55 0 0 0 58 
0 55 0 0 0 58 
0 55 0 0 0 58 
0 55 0 0 0 58 
0 55 0 0 0 58 
0 55 0 0 0 58 
0 55 0 0 0 58 
0 55 0 0 0 58 
0 55 0 0 0 58 
0 55 0 0 0 58 
0 55 0 0 0 58 
0 55 0 0 0 58 
0 55 0 0 0 58 
0 30 0 0 0 0 
0 30 0 0 0 0 
0 30 0 0 0 0 
0 30 0 0 0 0 
0 30 0 0 0 0 
0 30 0 0 0 0 
0 30 0 0 0 0 
0 30 0 0 0 0 
0 30 0 0 0 0 
0 30 0 0 0 0 
0 30 0 0 0 0 
0 30 0 0 0 0 
0 30 0 0 0 0 
0 30 0 0 0 0 
0 30 0 0 0 0 
0 0 0 0 16 0 
0 0 0 0 16 0 
0 0 0 0 16 0 
0 0 0 0 16 0 
0 0 0 0 16 0 
0 0 0 0 16 0 
0 0 0 0 16 0 
0 0 0 0 16 0 
0 0 0 0 16 0 
0 0 0 0 16 0 
0 0 0 0 16 0 
0 0 0 0 16 0 
0 0 0 0 16 0 
0 0 0 0 16 0 
0 0 0 0 16 0 
0 54 0 0 0 0 
0 54 0 0 0 0 
0 54 0 0 0 0 
0 54 0 0 0 0 
0 54 0 0 0 0 
0 54 0 0 0 0 
0 54 0 0 0 0 
0 54 0 0 0 0 
0 54 0 0 0 0 
0 54 0 0 0 0 
0 54 0 0 0 0 
0 54 0 0 0 0 
0 54 0 0 0 0 
0 54 0 0 0 0 
0 54 0 0 0 0 
0 40 0 32 0 0 
0 40 0 32 0 0 
0 40 0 32 0 0 
0 40 0 32 0 0 
0 40 0 32 0 0 
0 40 0 32 0 0 
0 40 0 32 0 0 
0 40 0 32 0 0 
0 40 0 32 0 0 
0 40 0 32 0 0 
0 40 0 32 0 0 
0 40 0 32 0 0 
0 40 0 32 0 0 
0 40 0 32 0 0 
0 40 0 32 0 0 
0 0 0 0 0 57 
0 0 0 0 0 57 
0 0 0 0 0 57 
0 0 0 0 0 57 
0 0 0 0 0 57 
0 0 0 0 0 57 
0 0 0 0 0 57 
0 0 0 0 0 57 
0 0 0 0 0 57 
0 0 0 0 0 57 
0 0 0 0 0 57 
0 0 0 0 0 57 
0 0 0 0 0 57 
0 0 0 0 0 57 
0 0 0 0 0 57 
27 0 0 0 0 0 
27 0 0 0 0 0 
27 0 0 0 0 0 
27 0 0 0 0 0 
27 0 0 0 0 0 
27 0 0 0 0 0 
27 0 0 0 0 0 
27 0 0 0 0 0 
27 0 0 0 0 0 
27 0 0 0 0 0 
27 0 0 0 0 0 
27 0 0 0 0 0 
27 0 0 0 0 0 
27 0 0 0 0 0 
27 0 0 0 0 0 
0 0 33 0 42 0 
0 0 33 0 42 0 
0 0 33 0 42 0 
0 0 33 0 42 0 
0 0 33 0 42 0 
0 0 33 0 42 0 
0 0 33 0 42 0 
0 0 33 0 42 0 
0 0 33 0 42 0 
0 0 33 0 42 0 
0 0 33 0 42 0 
0 0 33 0 42 0 
0 0 33 0 42 0 
0 0 33 0 42 0 
0 0 33 0 42 0 
0 0 55 0 0 0 
0 0 55 0 0 0 
0 0 55 0 0 0 
0 0 55 0 0 0 
0 0 55 0 0 0 
0 0 55 0 0 0 
0 0 55 0 0 0 
0 0 55 0 0 0 
0 0 55 0 0 0 
0 0 55 0 0 0 
0 0 55 0 0 0 
0 0 55 0 0 0 
0 0 55 0 0 0 
0 0 55 0 0 0 
0 0 55 0 0 0 
0 0 0 58 0 0 
0 0 0 58 0 0 
0 0 0 58 0 0 
0 0 0 58 0 0 
0 0 0 58 0 0 
0 0 0 58 0 0 
0 0 0 58 0 0 
0 0 0 58 0 0 
0 0 0 58 0 0 
0 0 0 58 0 0 
0 0 0 58 0 0 
0 0 0 58 0 0 
0 0 0 58 0 0 
0 0 0 58 0 0 
0 0 0 58 0 0 
0 0 0 17 0 0 
0 0 0 17 0 0 
0 0 0 17 0 0 
0 0 0 17 0 0 
0 0 0 17 0 0 
0 0 0 17 0 0 
0 0 0 17 0 0 
0 0 0 17 0 0 
0 0 0 17 0 0 
0 0 0 17 0 0 
0 0 0 17 0 0 
0 0 0 17 0 0 
0 0 0 17 0 0 
0 0 0 17 0 0 
0 0 0 17 0 0 
0 27 0 0 42 0 
0 27 0 0 42 0 
0 27 0 0 42 0 
0 27 0 0 42 0 
0 27 0 0 42 0 
0 27 0 0 42 0 
0 27 0 0 42 0 
0 27 0 0 42 0 
0 27 0 0 42 0 
0 27 0 0 42 0 
0 27 0 0 42 0 
0 27 0 0 42 0 
0 27 0 0 42 0 
0 27 0 0 42 0 
0 27 0 0 42 0 
0 0 58 0 0 0 
0 0 58 0 0 0 
0 0 58 0 0 0 
0 0 58 0 0 0 
0 0 58 0 0 0 
0 0 58 0 0 0 
0 0 58 0 0 0 
0 0 58 0 0 0 
0 0 58 0 0 0 
0 0 58 0 0 0 
0 0 58 0 0 0 
0 0 58 0 0 0 
0 0 58 0 0 0 
0 0 58 0 0 0 
0 0 58 0 0 0 
46 0 0 0 0 0 
46 0 0 0 0 0 
46 0 0 0 0 0 
46 0 0 0 0 0 
46 0 0 0 0 0 
46 0 0 0 0 0 
46 0 0 0 0 0 
46 0 0 0 0 0 
46 0 0 0 0 0 
46 0 0 0 0 0 
46 0 0 0 0 0 
46 0 0 0 0 0 
46 0 0 0 0 0 
46 0 0 0 0 0 
46 0 0 0 0 0 
0 0 0 0 36 0 
0 0 0 0 36 0 
0 0 0 0 36 0 
0 0 0 0 36 0 
0 0 0 0 36 0 
0 0 0 0 36 0 
0 0 0 0 36 0 
0 0 0 0 36 0 
0 0 0 0 36 0 
0 0 0 0 36 0 
0 0 0 0 36 0 
0 0 0 0 36 0 
0 0 0 0 36 0 
0 0 0 0 36 0 
0 0 0 0 36 0 
0 36 0 0 17 0 
0 36 0 0 17 0 
0 36 0 0 17 0 
0 36 0 0 17 0 
0 36 0 0 17 0 
0 36 0 0 17 0 
0 36 0 0 17 0 
0 36 0 0 17 0 
0 36 0 0 17 0 
0 36 0 0 17 0 
0 36 0 0 17 0 
0 36 0 0 17 0 
0 36 0 0 17 0 
0 36 0 0 17 0 
0 36 0 0 17 0 
0 24 0 0 0 0 
0 24 0 0 0 0 
0 24 0 0 0 0 
0 24 0 0 0 0 
0 24 0 0 0 0 
0 24 0 0 0 0 
0 24 0 0 0 0 
0 24 0 0 0 0 
0 24 0 0 0 0 
0 24 0 0 0 0 
0 24 0 0 0 0 
0 24 0 0 0 0 
0 24 0 0 0 0 
0 24 0 0 0 0 
0 24 0 0 0 0 
0 0 22 0 0 0 
0 0 22 0 0 0 
0 0 22 0 0 0 
0 0 22 0 0 0 
0 0 22 0 0 0 
0 0 22 0 0 0 
0 0 22 0 0 0 
0 0 22 0 0 0 
0 0 22 0 0 0 
0 0 22 0 0 0 
0 0 22 0 0 0 
0 0 22 0 0 0 
0 0 22 0 0 0 
0 0 22 0 0 0 
0 0 22 0 0 0 
0 0 21 0 0 59 
0 0 21 0 0 59 
0 0 21 0 0 59 
0 0 21 0 0 59 
0 0 21 0 0 59 
0 0 21 0 0 59 
0 0 21 0 0 59 
0 0 21 0 0 59 
0 0 21 0 0 59 
0 0 21 0 0 59 
0 0 21 0 0 59 
0 0 21 0 0 59 
0 0 21 0 0 59 
0 0 21 0 0 59 
0 0 21 0 0 59 
38 0 0 0 0 0 
38 0 0 0 0 0 
38 0 0 0 0 0 
38 0 0 0 0 0 
38 0 0 0 0 0 
38 0 0 0 0 0 
38 0 0 0 0 0 
38 0 0 0 0 0 
38 0 0 0 0 0 
38 0 0 0 0 0 
38 0 0 0 0 0 
38 0 0 0 0 0 
38 0 0 0 0 0 
38 0 0 0 0 0 
38 0 0 0 0 0 
0 35 0 0 0 34 
0 35 0 0 0 34 
0 35 0 0 0 34 
0 35 0 0 0 34 
0 35 0 0 0 34 
0 35 0 0 0 34 
0 35 0 0 0 34 
0 35 0 0 0 34 
0 35 0 0 0 34 
0 35 0 0 0 34 
0 35 0 0 0 34 
0 35 0 0 0 34 
0 35 0 0 0 34 
0 35 0 0 0 34 
0 35 0 0 0 34 
0 26 0 0 0 35 
0 26 0 0 0 35 
0 26 0 0 0 35 
0 26 0 0 0 35 
0 26 0 0 0 35 
0 26 0 0 0 35 
0 26 0 0 0 35 
0 26 0 0 0 35 
0 26 0 0 0 35 
0 26 0 0 0 35 
0 26 0 0 0 35 
0 26 0 0 0 35 
0 26 0 0 0 35 
0 26 0 0 0 35 
0 26 0 0 0 35 
0 0 0 0 54 0 
0 0 0 0 54 0 
0 0 0 0 54 0 
0 0 0 0 54 0 
0 0 0 0 54 0 
0 0 0 0 54 0 
0 0 0 0 54 0 
0 0 0 0 54 0 
0 0 0 0 54 0 
0 0 0 0 54 0 
0 0 0 0 54 0 
0 0 0 0 54 0 
0 0 0 0 54 0 
0 0 0 0 54 0 
0 0 0 0 54 0 
0 0 0 0 17 0 
0 0 0 0 17 0 
0 0 0 0 17 0 
0 0 0 0 17 0 
0 0 0 0 17 0 
0 0 0 0 17 0 
0 0 0 0 17 0 
0 0 0 0 17 0 
0 0 0 0 17 0 
0 0 0 0 17 0 
0 0 0 0 17 0 
0 0 0 0 17 0 
0 0 0 0 17 0 
0 0 0 0 17 0 
0 0 0 0 17 0 
0 59 0 0 0 0 
0 59 0 0 0 0 
0 59 0 0 0 0 
0 59 0 0 0 0 
0 59 0 0 0 0 
0 59 0 0 0 0 
0 59 0 0 0 0 
0 59 0 0 0 0 
0 59 0 0 0 0 
0 59 0 0 0 0 
0 59 0 0 0 0 
0 59 0 0 0 0 
0 59 0 0 0 0 
0 59 0 0 0 0 
0 59 0 0 0 0 
0 0 0 0 17 0 
0 0 0 0 17 0 
0 0 0 0 17 0 
0 0 0 0 17 0 
0 0 0 0 17 0 
0 0 0 0 17 0 
0 0 0 0 17 0 
0 0 0 0 17 0 
0 0 0 0 17 0 
0 0 0 0 17 0 
0 0 0 0 17 0 
0 0 0 0 17 0 
0 0 0 0 17 0 
0 0 0 0 17 0 
0 0 0 0 17 0 
0 28 0 0 0 46 
0 28 0 0 0 46 
0 28 0 0 0 46 
0 28 0 0 0 46 
0 28 0 0 0 46 
0 28 0 0 0 46 
0 28 0 0 0 46 
0 28 0 0 0 46 
0 28 0 0 0 46 
0 28 0 0 0 46 
0 28 0 0 0 46 
0 28 0 0 0 46 
0 28 0 0 0 46 
0 28 0 0 0 46 
0 28 0 0 0 46 
0 0 0 22 0 0 
0 0 0 22 0 0 
0 0 0 22 0 0 
0 0 0 22 0 0 
0 0 0 22 0 0 
0 0 0 22 0 0 
0 0 0 22 0 0 
0 0 0 22 0 0 
0 0 0 22 0 0 
0 0 0 22 0 0 
0 0 0 22 0 0 
0 0 0 22 0 0 
0 0 0 22 0 0 
0 0 0 22 0 0 
0 0 0 22 0 0 
0 0 0 33 0 0 
0 0 0 33 0 0 
0 0 0 33 0 0 
0 0 0 33 0 0 
0 0 0 33 0 0 
0 0 0 33 0 0 
0 0 0 33 0 0 
0 0 0 33 0 0 
0 0 0 33 0 0 
0 0 0 33 0 0 
0 0 0 33 0 0 
0 0 0 33 0 0 
0 0 0 33 0 0 
0 0 0 33 0 0 
0 0 0 33 0 0 
0 0 0 0 25 0 
0 0 0 0 25 0 
0 0 0 0 25 0 
0 0 0 0 25 0 
0 0 0 0 25 0 
0 0 0 0 25 0 
0 0 0 0 25 0 
0 0 0 0 25 0 
0 0 0 0 25 0 
0 0 0 0 25 0 
0 0 0 0 25 0 
0 0 0 0 25 0 
0 0 0 0 25 0 
0 0 0 0 25 0 
0 0 0 0 25 0 
0 0 34 0 55 0 
0 0 34 0 55 0 
0 0 34 0 55 0 
0 0 34 0 55 0 
0 0 34 0 55 0 
0 0 34 0 55 0 
0 0 34 0 55 0 
0 0 34 0 55 0 
0 0 34 0 55 0 
0 0 34 0 55 0 
0 0 34 0 55 0 
0 0 34 0 55 0 
0 0 34 0 55 0 
0 0 34 0 55 0 
0 0 34 0 55 0 
0 22 0 0 0 0 
0 22 0 0 0 0 
0 22 0 0 0 0 
0 22 0 0 0 0 
0 22 0 0 0 0 
0 22 0 0 0 0 
0 22 0 0 0 0 
0 22 0 0 0 0 
0 22 0 0 0 0 
0 22 0 0 0 0 
0 22 0 0 0 0 
0 22 0 0 0 0 
0 22 0 0 0 0 
0 22 0 0 0 0 
0 22 0 0 0 0 
0 0 19 0 0 0 
0 0 19 0 0 0 
0 0 19 0 0 0 
0 0 19 0 0 0 
0 0 19 0 0 0 
0 0 19 0 0 0 
0 0 19 0 0 0 
0 0 19 0 0 0 
0 0 19 0 0 0 
0 0 19 0 0 0 
0 0 19 0 0 0 
0 0 19 0 0 0 
0 0 19 0 0 0 
0 0 19 0 0 0 
0 0 19 0 0 0 
49 0 0 0 0 0 
49 0 0 0 0 0 
49 0 0 0 0 0 
49 0 0 0 0 0 
49 0 0 0 0 0 
49 0 0 0 0 0 
49 0 0 0 0 0 
49 0 0 0 0 0 
49 0 0 0 0 0 
49 0 0 0 0 0 
49 0 0 0 0 0 
49 0 0 0 0 0 
49 0 0 0 0 0 
49 0 0 0 0 0 
49 0 0 0 0 0 
54 0 0 0 0 44 
54 0 0 0 0 44 
54 0 0 0 0 44 
54 0 0 0 0 44 
54 0 0 0 0 44 
54 0 0 0 0 44 
54 0 0 0 0 44 
54 0 0 0 0 44 
54 0 0 0 0 44 
54 0 0 0 0 44 
54 0 0 0 0 44 
54 0 0 0 0 44 
54 0 0 0 0 44 
54 0 0 0 0 44 
54 0 0 0 0 44 
0 59 0 41 0 0 
0 59 0 41 0 0 
0 59 0 41 0 0 
0 59 0 41 0 0 
0 59 0 41 0 0 
0 59 0 41 0 0 
0 59 0 41 0 0 
0 59 0 41 0 0 
0 59 0 41 0 0 
0 59 0 41 0 0 
0 59 0 41 0 0 
0 59 0 41 0 0 
0 59 0 41 0 0 
0 59 0 41 0 0 
0 59 0 41 0 0 
0 0 0 0 51 0 
0 0 0 0 51 0 
0 0 0 0 51 0 
0 0 0 0 51 0 
0 0 0 0 51 0 
0 0 0 0 51 0 
0 0 0 0 51 0 
0 0 0 0 51 0 
0 0 0 0 51 0 
0 0 0 0 51 0 
0 0 0 0 51 0 
0 0 0 0 51 0 
0 0 0 0 51 0 
0 0 0 0 51 0 
0 0 0 0 51 0 
0 27 0 0 0 0 
0 27 0 0 0 0 
0 27 0 0 0 0 
0 27 0 0 0 0 
0 27 0 0 0 0 
0 27 0 0 0 0 
0 27 0 0 0 0 
0 27 0 0 0 0 
0 27 0 0 0 0 
0 27 0 0 0 0 
0 27 0 0 0 0 
0 27 0 0 0 0 
0 27 0 0 0 0 
0 27 0 0 0 0 
0 27 0 0 0 0 
0 0 48 0 0 0 
0 0 48 0 0 0 
0 0 48 0 0 0 
0 0 48 0 0 0 
0 0 48 0 0 0 
0 0 48 0 0 0 
0 0 48 0 0 0 
0 0 48 0 0 0 
0 0 48 0 0 0 
0 0 48 0 0 0 
0 0 48 0 0 0 
0 0 48 0 0 0 
0 0 48 0 0 0 
0 0 48 0 0 0 
0 0 48 0 0 0 
0 0 0 55 0 0 
0 0 0 55 0 0 
0 0 0 55 0 0 
0 0 0 55 0 0 
0 0 0 55 0 0 
0 0 0 55 0 0 
0 0 0 55 0 0 
0 0 0 55 0 0 
0 0 0 55 0 0 
0 0 0 55 0 0 
0 0 0 55 0 0 
0 0 0 55 0 0 
0 0 0 55 0 0 
0 0 0 55 0 0 
0 0 0 55 0 0 
0 0 0 0 54 0 
0 0 0 0 54 0 
0 0 0 0 54 0 
0 0 0 0 54 0 
0 0 0 0 54 0 
0 0 0 0 54 0 
0 0 0 0 54 0 
0 0 0 0 54 0 
0 0 0 0 54 0 
0 0 0 0 54 0 
0 0 0 0 54 0 
0 0 0 0 54 0 
0 0 0 0 54 0 
0 0 0 0 54 0 
0 0 0 0 54 0 
46 0 0 0 0 0 
46 0 0 0 0 0 
46 0 0 0 0 0 
46 0 0 0 0 0 
46 0 0 0 0 0 
46 0 0 0 0 0 
46 0 0 0 0 0 
46 0 0 0 0 0 
46 0 0 0 0 0 
46 0 0 0 0 0 
46 0 0 0 0 0 
46 0 0 0 0 0 
46 0 0 0 0 0 
46 0 0 0 0 0 
46 0 0 0 0 0 
0 0 0 0 26 0 
0 0 0 0 26 0 
0 0 0 0 26 0 
0 0 0 0 26 0 
0 0 0 0 26 0 
0 0 0 0 26 0 
0 0 0 0 26 0 
0 0 0 0 26 0 
0 0 0 0 26 0 
0 0 0 0 26 0 
0 0 0 0 26 0 
0 0 0 0 26 0 
0 0 0 0 26 0 
0 0 0 0 26 0 
0 0 0 0 26 0 
0 23 0 0 0 0 
0 23 0 0 0 0 
0 23 0 0 0 0 
0 23 0 0 0 0 
0 23 0 0 0 0 
0 23 0 0 0 0 
0 23 0 0 0 0 
0 23 0 0 0 0 
0 23 0 0 0 0 
0 23 0 0 0 0 
0 23 0 0 0 0 
0 23 0 0 0 0 
0 23 0 0 0 0 
0 23 0 0 0 0 
0 23 0 0 0 0 
0 0 0 0 56 0 
0 0 0 0 56 0 
0 0 0 0 56 0 
0 0 0 0 56 0 
0 0 0 0 56 0 
0 0 0 0 56 0 
0 0 0 0 56 0 
0 0 0 0 56 0 
0 0 0 0 56 0 
0 0 0 0 56 0 
0 0 0 0 56 0 
0 0 0 0 56 0 
0 0 0 0 56 0 
0 0 0 0 56 0 
0 0 0 0 56 0 
59 0 0 21 0 0 
59 0 0 21 0 0 
59 0 0 21 0 0 
59 0 0 21 0 0 
59 0 0 21 0 0 
59 0 0 21 0 0 
59 0 0 21 0 0 
59 0 0 21 0 0 
59 0 0 21 0 0 
59 0 0 21 0 0 
59 0 0 21 0 0 
59 0 0 21 0 0 
59 0 0 21 0 0 
59 0 0 21 0 0 
59 0 0 21 0 0 
0 0 48 0 0 0 
0 0 48 0 0 0 
0 0 48 0 0 0 
0 0 48 0 0 0 
0 0 48 0 0 0 
0 0 48 0 0 0 
0 0 48 0 0 0 
0 0 48 0 0 0 
0 0 48 0 0 0 
0 0 48 0 0 0 
0 0 48 0 0 0 
0 0 48 0 0 0 
0 0 48 0 0 0 
0 0 48 0 0 0 
0 0 48 0 0 0 
0 41 0 0 0 0 
0 41 0 0 0 0 
0 41 0 0 0 0 
0 41 0 0 0 0 
0 41 0 0 0 0 
0 41 0 0 0 0 
0 41 0 0 0 0 
0 41 0 0 0 0 
0 41 0 0 0 0 
0 41 0 0 0 0 
0 41 0 0 0 0 
0 41 0 0 0 0 
0 41 0 0 0 0 
0 41 0 0 0 0 
0 41 0 0 0 0 
0 35 0 0 0 0 
0 35 0 0 0 0 
0 35 0 0 0 0 
0 35 0 0 0 0 
0 35 0 0 0 0 
0 35 0 0 0 0 
0 35 0 0 0 0 
0 35 0 0 0 0 
0 35 0 0 0 0 
0 35 0 0 0 0 
0 35 0 0 0 0 
0 35 0 0 0 0 
0 35 0 0 0 0 
0 35 0 0 0 0 
0 35 0 0 0 0 
59 0 0 0 42 0 
59 0 0 0 42 0 
59 0 0 0 42 0 
59 0 0 0 42 0 
59 0 0 0 42 0 
59 0 0 0 42 0 
59 0 0 0 42 0 
59 0 0 0 42 0 
59 0 0 0 42 0 
59 0 0 0 42 0 
59 0 0 0 42 0 
59 0 0 0 42 0 
59 0 0 0 42 0 
59 0 0 0 42 0 
59 0 0 0 42 0 
0 0 45 0 0 21 
0 0 45 0 0 21 
0 0 45 0 0 21 
0 0 45 0 0 21 
0 0 45 0 0 21 
0 0 45 0 0 21 
0 0 45 0 0 21 
0 0 45 0 0 21 
0 0 45 0 0 21 
0 0 45 0 0 21 
0 0 45 0 0 21 
0 0 45 0 0 21 
0 0 45 0 0 21 
0 0 45 0 0 21 
0 0 45 0 0 21 
0 54 0 0 0 60 
0 54 0 0 0 60 
0 54 0 0 0 60 
0 54 0 0 0 60 
0 54 0 0 0 60 
0 54 0 0 0 60 
0 54 0 0 0 60 
0 54 0 0 0 60 
0 54 0 0 0 60 
0 54 0 0 0 60 
0 54 0 0 0 60 
0 54 0 0 0 60 
0 54 0 0 0 60 
0 54 0 0 0 60 
0 54 0 0 0 60 
0 38 0 0 0 0 
0 38 0 0 0 0 
0 38 0 0 0 0 
0 38 0 0 0 0 
0 38 0 0 0 0 
0 38 0 0 0 0 
0 38 0 0 0 0 
0 38 0 0 0 0 
0 38 0 0 0 0 
0 38 0 0 0 0 
0 38 0 0 0 0 
0 38 0 0 0 0 
0 38 0 0 0 0 
0 38 0 0 0 0 
0 38 0 0 0 0 
0 53 0 0 0 0 
0 53 0 0 0 0 
0 53 0 0 0 0 
0 53 0 0 0 0 
0 53 0 0 0 0 
0 53 0 0 0 0 
0 53 0 0 0 0 
0 53 0 0 0 0 
0 53 0 0 0 0 
0 53 0 0 0 0 
0 53 0 0 0 0 
0 53 0 0 0 0 
0 53 0 0 0 0 
0 53 0 0 0 0 
0 53 0 0 0 0 
0 0 0 0 40 0 
0 0 0 0 40 0 
0 0 0 0 40 0 
0 0 0 0 40 0 
0 0 0 0 40 0 
0 0 0 0 40 0 
0 0 0 0 40 0 
0 0 0 0 40 0 
0 0 0 0 40 0 
0 0 0 0 40 0 
0 0 0 0 40 0 
0 0 0 0 40 0 
0 0 0 0 40 0 
0 0 0 0 40 0 
0 0 0 0 40 0 
0 0 0 0 0 40 
0 0 0 0 0 40 
0 0 0 0 0 40 
0 0 0 0 0 40 
0 0 0 0 0 40 
0 0 0 0 0 40 
0 0 0 0 0 40 
0 0 0 0 0 40 
0 0 0 0 0 40 
0 0 0 0 0 40 
0 0 0 0 0 40 
0 0 0 0 0 40 
0 0 0 0 0 40 
0 0 0 0 0 40 
0 0 0 0 0 40 
0.0 0.0 0.0 0.0 0.0 0.0 
0.0 0.0 0.0 0.0 0.0 0.0 
0.0 0.0 0.0 0.0 0.0 0.0 
0.0 0.0 0.0 0.0 0.0 0.0 
0.0 0.0 0.0 0.0 0.0 0.0 
0.0 0.0 0.0 0.0 0.0 0.0 
0.0 0.0 0.0 0.0 0.0 0.0 
0.0 0.0 0.0 0.0 0.0 0.0 
0.0 0.0 0.0 0.0 0.0 0.0 
0.0 0.0 0.0 0.0 0.0 0.0 
0.0 0.0 0.0 0.0 0.0 0.0 
0.0 0.0 0.0 0.0 0.0 0.0 
0.0 0.0 0.0 0.0 0.0 0.0 
0.0 0.0 0.0 0.0 0.0 0.0 
0.0 0.0 0.0 0.0 0.0 0.0 
mind
0 14 0 11 0 0 0 0 0 0 0 0 0 12 16 0 0 0 0 0 0 0 0 0 0 0 0 0 0 0 0 24 0 0 0 0 0 0 12 0 24 21 0 0 0 0 0 0 0 0 0 0 0 0 0 12 0 0 0 0 0 0 0 0 0 0 0 0 0 28 13 19 0 0 0 0 0
maxd
0 18 0 29 0 0 0 0 0 0 0 0 0 29 26 0 0 0 0 0 0 0 0 0 0 0 0 0 0 0 0 29 0 0 0 0 0 0 26 0 27 27 0 0 0 0 0 0 0 0 0 0 0 0 0 23 0 0 0 0 0 0 0 0 0 0 0 0 0 30 18 28 0 0 0 0 0
e
0 787 701 918 844 614 792 521 560 846 541 908 600 585 935 544 898 534 847 882 890 579 907 727 539 649 512 854 847 592 732 814 520 503 851 518 484 712 875 819 914 747 862 593 704 553 687 689 922 782 808 752 601 828 726 486 487 499 506 509 930 599 513 625 583 741 570 764 865 487 560 842 626 570 481 535 0
l
99999 907 821 1038 964 734 912 641 680 966 661 1028 720 705 1055 664 1018 654 967 1002 1010 699 1027 847 659 769 632 974 967 712 852 934 640 623 971 638 604 832 995 939 1034 867 982 713 824 673 807 809 1042 902 928 872 721 948 846 606 607 619 626 629 1050 719 633 745 703 861 690 884 985 607 680 962 746 690 601 655 99999
