nbNodes
77
nbVehi
15
nbServi
6
r
1 1 1 1 1 1 
0 0 1 0 0 1 
0 0 1 0 0 0 
0 0 0 1 0 0 
0 1 0 1 0 0 
0 0 0 1 0 0 
0 1 0 0 0 0 
0 1 0 0 0 0 
0 0 0 1 0 0 
0 0 0 0 0 1 
0 1 0 0 0 1 
0 1 0 0 0 1 
0 0 0 0 0 1 
0 1 0 0 1 0 
0 0 0 0 0 1 
0 0 1 0 0 1 
0 0 0 0 0 1 
0 0 0 1 0 0 
0 0 1 1 0 0 
1 0 0 0 0 0 
1 0 0 0 0 0 
0 0 0 1 0 0 
0 0 0 0 1 0 
0 1 0 0 0 1 
0 0 0 1 0 0 
0 0 0 1 0 0 
0 0 0 0 0 1 
1 0 0 0 0 0 
0 0 0 0 0 1 
0 0 1 0 0 0 
0 0 1 0 0 0 
1 0 0 0 0 0 
0 0 1 0 0 0 
0 1 0 1 0 0 
1 0 0 0 0 0 
0 0 0 0 0 1 
0 0 1 0 0 0 
0 0 1 0 0 0 
0 0 0 1 0 0 
0 0 1 0 0 0 
1 0 0 0 0 0 
1 0 0 0 0 1 
0 0 1 1 0 0 
1 0 0 0 0 1 
1 0 0 0 0 0 
0 0 1 0 0 1 
0 0 1 0 0 0 
0 0 0 0 1 0 
0 0 0 1 0 0 
0 0 0 0 0 1 
0 1 0 0 0 0 
1 0 0 0 0 0 
0 0 1 0 0 0 
0 0 0 0 0 1 
0 0 1 0 0 0 
1 0 0 0 0 0 
1 0 0 0 0 0 
1 0 0 1 0 0 
0 0 0 1 0 0 
0 1 0 0 0 1 
1 0 0 1 0 0 
0 1 0 0 0 1 
0 0 1 0 1 0 
0 0 1 0 0 0 
0 0 1 1 0 0 
0 0 1 0 0 1 
0 1 0 0 0 0 
0 1 0 0 0 0 
0 0 0 0 0 1 
0 1 0 0 0 0 
1 0 0 0 1 0 
0 1 0 0 1 0 
0 0 0 0 0 1 
1 0 0 0 0 0 
0 1 0 0 1 0 
0 0 1 1 0 0 
1 1 1 1 1 1 
DS
2 5 11 12 14 16 19 24 34 42 43 44 46 58 60 61 62 63 65 66 71 72 75 76 
a
1 1 0 0 0 0 
0 1 1 0 0 0 
0 0 1 0 0 0 
0 1 1 0 0 0 
1 0 0 0 0 0 
1 1 1 0 0 0 
1 1 1 0 0 0 
0 0 0 1 1 1 
0 0 0 1 1 1 
0 0 0 1 0 1 
0 0 0 1 0 1 
0 0 0 0 1 1 
0 0 0 1 0 1 
0 0 0 0 1 0 
0 0 0 0 0 1 
x
-30.0422 -30.0645 -30.0081 -30.0542 -30.1042 -30.0493 -30.0576 -30.0239 -29.9868 -30.0985 -30.0425 -30.0557 -30.0926 -30.072 -30.0451 -30.0629 -30.0977 -30.0477 -30.0538 -30.0445 -30.0619 -30.0422 -30.0527 -30.047 -30.094 -30.0906 -30.0436 -30.0735 -30.0965 -30.0555 -30.0483 -29.9884 -30.0119 -29.9808 -30.1012 -30.0286 -30.0802 -30.079 -30.0874 -30.0244 -29.9893 -30.0099 -30.0698 -30.0605 -30.0771 -30.0978 -30.0876 -30.0942 -30.0853 -30.0817 -30.0825 -30.0265 -30.0198 -30.0357 -30.0936 -30.0847 -29.9967 -30.0332 -30.0721 -30.0286 -30.0597 -30.0957 -30.0715 -30.0987 -29.9819 -30.0693 -29.9899 -29.985 -30.0794 -29.9861 -30.061 -30.0453 -30.0977 -30.0451 -30.0452 -30.045 -30.0422
y
-51.1774 -51.1973 -51.1459 -51.2226 -51.2491 -51.1591 -51.1523 -51.1195 -51.1358 -51.2421 -51.108 -51.1525 -51.1752 -51.1519 -51.1078 -51.1678 -51.2394 -51.1584 -51.1517 -51.1502 -51.1466 -51.1774 -51.1515 -51.1503 -51.1762 -51.1808 -51.1213 -51.1993 -51.2435 -51.1448 -51.1646 -51.1366 -51.1199 -51.1362 -51.2484 -51.1069 -51.118 -51.1925 -51.2154 -51.1228 -51.1361 -51.115 -51.1735 -51.153 -51.1687 -51.2317 -51.1831 -51.1711 -51.2306 -51.1667 -51.2052 -51.1285 -51.1053 -51.1233 -51.2156 -51.2322 -51.1309 -51.1101 -51.1806 -51.1697 -51.1429 -51.1734 -51.1719 -51.2269 -51.137 -51.2063 -51.1227 -51.1331 -51.2302 -51.1365 -51.1448 -51.1079 -51.2332 -51.1717 -51.1578 -51.1248 -51.1774
d
0.00000 9.00000 14.00000 11.00000 19.00000 7.00000 11.00000 12.00000 19.00000 17.00000 12.00000 11.00000 17.00000 12.00000 14.00000 7.00000 17.00000 7.00000 9.00000 7.00000 11.00000 0.00000 9.00000 7.00000 17.00000 15.00000 11.00000 11.00000 18.00000 10.00000 6.00000 18.00000 14.00000 20.00000 18.00000 14.00000 15.00000 12.00000 12.00000 13.00000 18.00000 15.00000 11.00000 8.00000 10.00000 15.00000 15.00000 21.00000 16.00000 14.00000 13.00000 13.00000 16.00000 11.00000 14.00000 16.00000 15.00000 14.00000 11.00000 6.00000 12.00000 19.00000 9.00000 16.00000 20.00000 10.00000 17.00000 18.00000 16.00000 19.00000 13.00000 15.00000 15.00000 3.00000 6.00000 11.00000 0.00000
9.00000 0.00000 20.00000 8.00000 13.00000 10.00000 13.00000 19.00000 25.00000 12.00000 19.00000 13.00000 12.00000 12.00000 21.00000 7.00000 11.00000 11.00000 13.00000 13.00000 12.00000 9.00000 12.00000 12.00000 11.00000 10.00000 18.00000 4.00000 12.00000 12.00000 11.00000 25.00000 21.00000 26.00000 13.00000 21.00000 15.00000 7.00000 7.00000 20.00000 24.00000 22.00000 8.00000 10.00000 10.00000 9.00000 10.00000 15.00000 10.00000 14.00000 7.00000 20.00000 23.00000 18.00000 9.00000 11.00000 22.00000 21.00000 7.00000 12.00000 13.00000 14.00000 8.00000 11.00000 27.00000 4.00000 24.00000 25.00000 11.00000 25.00000 14.00000 21.00000 10.00000 9.00000 11.00000 17.00000 9.00000
14.00000 19.00000 0.00000 18.00000 28.00000 11.00000 15.00000 9.00000 8.00000 27.00000 13.00000 15.00000 28.00000 18.00000 15.00000 16.00000 27.00000 12.00000 13.00000 11.00000 16.00000 14.00000 13.00000 11.00000 27.00000 25.00000 12.00000 21.00000 27.00000 14.00000 13.00000 8.00000 9.00000 10.00000 27.00000 11.00000 21.00000 22.00000 22.00000 9.00000 7.00000 9.00000 20.00000 14.00000 19.00000 25.00000 25.00000 31.00000 25.00000 23.00000 23.00000 9.00000 10.00000 10.00000 24.00000 25.00000 5.00000 13.00000 20.00000 9.00000 15.00000 29.00000 18.00000 26.00000 10.00000 19.00000 7.00000 8.00000 23.00000 8.00000 17.00000 15.00000 25.00000 13.00000 10.00000 12.00000 14.00000
12.00000 8.00000 20.00000 0.00000 12.00000 14.00000 17.00000 21.00000 25.00000 12.00000 21.00000 18.00000 15.00000 16.00000 24.00000 11.00000 12.00000 15.00000 16.00000 16.00000 16.00000 12.00000 16.00000 16.00000 14.00000 13.00000 20.00000 8.00000 11.00000 16.00000 14.00000 24.00000 24.00000 26.00000 11.00000 24.00000 19.00000 11.00000 10.00000 22.00000 24.00000 24.00000 12.00000 14.00000 14.00000 12.00000 13.00000 18.00000 10.00000 18.00000 10.00000 22.00000 25.00000 20.00000 12.00000 10.00000 21.00000 23.00000 11.00000 13.00000 17.00000 17.00000 12.00000 14.00000 26.00000 6.00000 23.00000 25.00000 8.00000 25.00000 18.00000 24.00000 13.00000 13.00000 15.00000 20.00000 12.00000
18.00000 15.00000 29.00000 13.00000 0.00000 19.00000 23.00000 28.00000 34.00000 3.00000 28.00000 23.00000 18.00000 22.00000 30.00000 17.00000 4.00000 20.00000 22.00000 22.00000 22.00000 18.00000 21.00000 21.00000 18.00000 16.00000 27.00000 11.00000 3.00000 22.00000 20.00000 33.00000 30.00000 35.00000 2.00000 30.00000 25.00000 14.00000 8.00000 29.00000 33.00000 31.00000 18.00000 19.00000 20.00000 5.00000 16.00000 21.00000 8.00000 24.00000 11.00000 29.00000 31.00000 27.00000 10.00000 7.00000 31.00000 30.00000 16.00000 21.00000 23.00000 20.00000 18.00000 6.00000 35.00000 13.00000 33.00000 34.00000 10.00000 34.00000 24.00000 30.00000 4.00000 18.00000 20.00000 26.00000 18.00000
8.00000 10.00000 12.00000 13.00000 19.00000 0.00000 7.00000 10.00000 17.00000 18.00000 10.00000 6.00000 18.00000 7.00000 13.00000 5.00000 17.00000 2.00000 4.00000 4.00000 6.00000 8.00000 4.00000 4.00000 17.00000 15.00000 9.00000 11.00000 18.00000 6.00000 2.00000 16.00000 12.00000 18.00000 19.00000 12.00000 10.00000 12.00000 12.00000 11.00000 16.00000 13.00000 9.00000 3.00000 8.00000 15.00000 15.00000 21.00000 16.00000 12.00000 13.00000 11.00000 14.00000 9.00000 14.00000 16.00000 13.00000 12.00000 9.00000 9.00000 7.00000 19.00000 7.00000 16.00000 18.00000 11.00000 15.00000 16.00000 16.00000 17.00000 8.00000 13.00000 15.00000 5.00000 2.00000 9.00000 8.00000
10.00000 12.00000 15.00000 15.00000 21.00000 5.00000 0.00000 11.00000 21.00000 20.00000 11.00000 2.00000 20.00000 7.00000 13.00000 8.00000 19.00000 6.00000 4.00000 7.00000 6.00000 10.00000 4.00000 6.00000 19.00000 18.00000 10.00000 13.00000 20.00000 3.00000 7.00000 20.00000 13.00000 22.00000 21.00000 13.00000 10.00000 15.00000 15.00000 12.00000 19.00000 14.00000 11.00000 6.00000 10.00000 17.00000 18.00000 21.00000 18.00000 14.00000 15.00000 12.00000 15.00000 10.00000 17.00000 19.00000 17.00000 13.00000 11.00000 12.00000 5.00000 22.00000 9.00000 19.00000 22.00000 13.00000 19.00000 20.00000 19.00000 21.00000 7.00000 14.00000 18.00000 7.00000 6.00000 10.00000 10.00000
14.00000 19.00000 7.00000 22.00000 29.00000 11.00000 11.00000 0.00000 10.00000 27.00000 6.00000 11.00000 27.00000 14.00000 9.00000 15.00000 26.00000 11.00000 10.00000 8.00000 12.00000 14.00000 10.00000 9.00000 27.00000 25.00000 5.00000 21.00000 27.00000 10.00000 12.00000 10.00000 3.00000 12.00000 28.00000 5.00000 17.00000 22.00000 22.00000 2.00000 9.00000 4.00000 19.00000 12.00000 18.00000 25.00000 25.00000 28.00000 25.00000 22.00000 22.00000 3.00000 5.00000 4.00000 24.00000 26.00000 7.00000 6.00000 18.00000 13.00000 11.00000 29.00000 17.00000 26.00000 12.00000 20.00000 9.00000 10.00000 26.00000 11.00000 13.00000 9.00000 25.00000 12.00000 9.00000 5.00000 14.00000
20.00000 25.00000 8.00000 23.00000 34.00000 18.00000 19.00000 11.00000 0.00000 33.00000 16.00000 19.00000 33.00000 22.00000 18.00000 22.00000 32.00000 18.00000 18.00000 16.00000 20.00000 20.00000 18.00000 17.00000 33.00000 31.00000 15.00000 27.00000 33.00000 18.00000 19.00000 2.00000 10.00000 3.00000 33.00000 14.00000 25.00000 28.00000 28.00000 11.00000 2.00000 10.00000 26.00000 20.00000 25.00000 31.00000 31.00000 36.00000 31.00000 29.00000 28.00000 12.00000 13.00000 13.00000 30.00000 31.00000 6.00000 16.00000 26.00000 15.00000 20.00000 35.00000 24.00000 32.00000 3.00000 25.00000 5.00000 2.00000 29.00000 2.00000 21.00000 18.00000 31.00000 18.00000 17.00000 15.00000 20.00000
17.00000 13.00000 28.00000 12.00000 4.00000 17.00000 22.00000 26.00000 33.00000 0.00000 26.00000 22.00000 17.00000 20.00000 28.00000 16.00000 1.00000 18.00000 20.00000 20.00000 20.00000 17.00000 20.00000 20.00000 16.00000 14.00000 25.00000 9.00000 1.00000 20.00000 18.00000 32.00000 28.00000 34.00000 2.00000 28.00000 23.00000 13.00000 7.00000 27.00000 32.00000 29.00000 16.00000 18.00000 18.00000 4.00000 14.00000 20.00000 6.00000 22.00000 9.00000 27.00000 30.00000 25.00000 8.00000 5.00000 29.00000 28.00000 14.00000 20.00000 21.00000 18.00000 16.00000 5.00000 34.00000 11.00000 31.00000 32.00000 9.00000 33.00000 22.00000 29.00000 3.00000 16.00000 19.00000 25.00000 17.00000
14.00000 20.00000 13.00000 22.00000 29.00000 11.00000 11.00000 6.00000 16.00000 27.00000 0.00000 11.00000 28.00000 14.00000 5.00000 15.00000 27.00000 11.00000 11.00000 9.00000 12.00000 14.00000 10.00000 9.00000 27.00000 25.00000 5.00000 21.00000 28.00000 10.00000 12.00000 15.00000 9.00000 17.00000 28.00000 6.00000 16.00000 22.00000 22.00000 7.00000 15.00000 9.00000 19.00000 12.00000 18.00000 25.00000 25.00000 28.00000 26.00000 22.00000 23.00000 9.00000 9.00000 5.00000 24.00000 26.00000 12.00000 6.00000 19.00000 13.00000 12.00000 29.00000 17.00000 26.00000 17.00000 21.00000 14.00000 15.00000 26.00000 16.00000 13.00000 5.00000 25.00000 12.00000 10.00000 6.00000 14.00000
10.00000 13.00000 15.00000 16.00000 22.00000 5.00000 2.00000 11.00000 20.00000 20.00000 11.00000 0.00000 20.00000 7.00000 13.00000 8.00000 19.00000 6.00000 3.00000 5.00000 6.00000 10.00000 3.00000 5.00000 20.00000 18.00000 10.00000 14.00000 20.00000 4.00000 7.00000 19.00000 13.00000 21.00000 21.00000 13.00000 10.00000 15.00000 15.00000 12.00000 19.00000 14.00000 12.00000 6.00000 11.00000 18.00000 18.00000 22.00000 18.00000 15.00000 15.00000 12.00000 15.00000 10.00000 17.00000 19.00000 16.00000 13.00000 11.00000 12.00000 6.00000 22.00000 10.00000 19.00000 21.00000 13.00000 18.00000 19.00000 19.00000 20.00000 7.00000 14.00000 18.00000 8.00000 6.00000 9.00000 10.00000
16.00000 12.00000 27.00000 16.00000 18.00000 17.00000 21.00000 25.00000 32.00000 17.00000 26.00000 21.00000 0.00000 20.00000 28.00000 15.00000 16.00000 18.00000 19.00000 20.00000 20.00000 16.00000 19.00000 19.00000 2.00000 4.00000 25.00000 9.00000 17.00000 20.00000 17.00000 31.00000 28.00000 33.00000 18.00000 28.00000 19.00000 9.00000 12.00000 26.00000 31.00000 28.00000 15.00000 17.00000 14.00000 14.00000 5.00000 4.00000 15.00000 12.00000 9.00000 26.00000 29.00000 25.00000 14.00000 15.00000 28.00000 28.00000 13.00000 19.00000 21.00000 4.00000 15.00000 15.00000 33.00000 10.00000 30.00000 32.00000 16.00000 32.00000 21.00000 28.00000 15.00000 16.00000 18.00000 24.00000 16.00000
13.00000 14.00000 19.00000 17.00000 23.00000 8.00000 8.00000 14.00000 24.00000 21.00000 14.00000 8.00000 20.00000 0.00000 17.00000 8.00000 21.00000 9.00000 8.00000 10.00000 7.00000 13.00000 8.00000 10.00000 20.00000 19.00000 13.00000 15.00000 22.00000 6.00000 9.00000 23.00000 16.00000 25.00000 22.00000 16.00000 9.00000 16.00000 16.00000 15.00000 23.00000 17.00000 12.00000 6.00000 10.00000 19.00000 19.00000 21.00000 20.00000 13.00000 17.00000 15.00000 18.00000 13.00000 18.00000 20.00000 20.00000 16.00000 12.00000 15.00000 8.00000 21.00000 9.00000 20.00000 25.00000 14.00000 22.00000 23.00000 20.00000 24.00000 8.00000 17.00000 19.00000 10.00000 9.00000 13.00000 13.00000
16.00000 22.00000 15.00000 24.00000 31.00000 13.00000 13.00000 8.00000 18.00000 29.00000 5.00000 13.00000 30.00000 16.00000 0.00000 17.00000 29.00000 13.00000 13.00000 11.00000 14.00000 16.00000 12.00000 11.00000 29.00000 27.00000 7.00000 23.00000 30.00000 12.00000 14.00000 17.00000 11.00000 19.00000 30.00000 8.00000 18.00000 24.00000 24.00000 9.00000 17.00000 11.00000 21.00000 14.00000 20.00000 27.00000 27.00000 30.00000 28.00000 24.00000 25.00000 11.00000 11.00000 7.00000 26.00000 28.00000 14.00000 8.00000 21.00000 15.00000 14.00000 31.00000 19.00000 28.00000 19.00000 23.00000 16.00000 17.00000 28.00000 18.00000 15.00000 1.00000 27.00000 14.00000 12.00000 8.00000 16.00000
7.00000 8.00000 16.00000 11.00000 17.00000 4.00000 8.00000 14.00000 21.00000 16.00000 14.00000 8.00000 16.00000 6.00000 16.00000 0.00000 15.00000 6.00000 7.00000 7.00000 6.00000 7.00000 7.00000 7.00000 15.00000 13.00000 13.00000 9.00000 16.00000 6.00000 5.00000 20.00000 16.00000 22.00000 17.00000 16.00000 9.00000 10.00000 10.00000 15.00000 20.00000 17.00000 7.00000 5.00000 6.00000 13.00000 13.00000 19.00000 14.00000 10.00000 11.00000 15.00000 17.00000 13.00000 12.00000 14.00000 17.00000 16.00000 6.00000 9.00000 7.00000 17.00000 5.00000 14.00000 22.00000 9.00000 19.00000 20.00000 14.00000 21.00000 8.00000 16.00000 13.00000 5.00000 6.00000 12.00000 7.00000
16.00000 13.00000 27.00000 13.00000 4.00000 17.00000 21.00000 25.00000 32.00000 1.00000 26.00000 21.00000 16.00000 19.00000 28.00000 15.00000 0.00000 18.00000 19.00000 20.00000 20.00000 16.00000 19.00000 19.00000 15.00000 13.00000 25.00000 9.00000 2.00000 19.00000 17.00000 31.00000 28.00000 33.00000 3.00000 28.00000 22.00000 12.00000 6.00000 26.00000 31.00000 28.00000 15.00000 17.00000 17.00000 3.00000 13.00000 19.00000 6.00000 21.00000 8.00000 26.00000 29.00000 24.00000 7.00000 6.00000 28.00000 28.00000 13.00000 19.00000 21.00000 17.00000 15.00000 4.00000 33.00000 10.00000 30.00000 32.00000 9.00000 32.00000 21.00000 28.00000 2.00000 16.00000 18.00000 24.00000 16.00000
9.00000 11.00000 12.00000 14.00000 20.00000 2.00000 8.00000 10.00000 17.00000 19.00000 11.00000 6.00000 19.00000 8.00000 13.00000 6.00000 18.00000 0.00000 5.00000 4.00000 7.00000 9.00000 4.00000 4.00000 18.00000 16.00000 9.00000 12.00000 19.00000 6.00000 3.00000 16.00000 13.00000 18.00000 20.00000 13.00000 11.00000 14.00000 14.00000 11.00000 16.00000 13.00000 10.00000 5.00000 9.00000 16.00000 17.00000 22.00000 17.00000 13.00000 14.00000 11.00000 14.00000 9.00000 16.00000 17.00000 13.00000 13.00000 10.00000 9.00000 8.00000 20.00000 8.00000 17.00000 18.00000 12.00000 15.00000 17.00000 17.00000 17.00000 9.00000 13.00000 17.00000 6.00000 2.00000 9.00000 9.00000
11.00000 13.00000 13.00000 16.00000 22.00000 4.00000 4.00000 10.00000 18.00000 20.00000 11.00000 3.00000 21.00000 8.00000 13.00000 8.00000 20.00000 5.00000 0.00000 4.00000 6.00000 11.00000 1.00000 3.00000 20.00000 18.00000 9.00000 14.00000 21.00000 4.00000 6.00000 18.00000 13.00000 19.00000 21.00000 13.00000 11.00000 15.00000 15.00000 11.00000 17.00000 13.00000 12.00000 6.00000 11.00000 18.00000 18.00000 22.00000 19.00000 15.00000 16.00000 11.00000 14.00000 9.00000 17.00000 19.00000 15.00000 12.00000 12.00000 10.00000 5.00000 22.00000 10.00000 19.00000 20.00000 13.00000 17.00000 18.00000 19.00000 18.00000 7.00000 13.00000 18.00000 8.00000 5.00000 9.00000 11.00000
8.00000 13.00000 11.00000 16.00000 22.00000 4.00000 7.00000 8.00000 16.00000 21.00000 8.00000 5.00000 21.00000 10.00000 10.00000 8.00000 20.00000 4.00000 4.00000 0.00000 8.00000 8.00000 3.00000 2.00000 20.00000 18.00000 7.00000 14.00000 21.00000 6.00000 5.00000 15.00000 10.00000 17.00000 22.00000 10.00000 12.00000 15.00000 15.00000 9.00000 15.00000 11.00000 12.00000 6.00000 11.00000 18.00000 18.00000 24.00000 19.00000 15.00000 16.00000 9.00000 12.00000 7.00000 17.00000 19.00000 12.00000 10.00000 12.00000 8.00000 7.00000 22.00000 10.00000 19.00000 17.00000 14.00000 14.00000 15.00000 19.00000 16.00000 9.00000 10.00000 18.00000 7.00000 3.00000 6.00000 8.00000
11.00000 12.00000 16.00000 16.00000 22.00000 5.00000 6.00000 12.00000 21.00000 20.00000 12.00000 6.00000 20.00000 6.00000 14.00000 7.00000 19.00000 7.00000 6.00000 8.00000 0.00000 11.00000 6.00000 7.00000 20.00000 18.00000 11.00000 14.00000 20.00000 4.00000 7.00000 21.00000 14.00000 22.00000 21.00000 14.00000 9.00000 15.00000 15.00000 13.00000 20.00000 15.00000 11.00000 5.00000 11.00000 17.00000 18.00000 20.00000 18.00000 15.00000 15.00000 13.00000 15.00000 11.00000 17.00000 19.00000 18.00000 14.00000 11.00000 13.00000 5.00000 21.00000 10.00000 19.00000 23.00000 13.00000 20.00000 21.00000 19.00000 21.00000 4.00000 14.00000 18.00000 8.00000 7.00000 10.00000 11.00000
0.00000 9.00000 14.00000 11.00000 19.00000 7.00000 11.00000 12.00000 19.00000 17.00000 12.00000 11.00000 17.00000 12.00000 14.00000 7.00000 17.00000 7.00000 9.00000 7.00000 11.00000 0.00000 9.00000 7.00000 17.00000 15.00000 11.00000 11.00000 18.00000 10.00000 6.00000 18.00000 14.00000 20.00000 18.00000 14.00000 15.00000 12.00000 12.00000 13.00000 18.00000 15.00000 11.00000 8.00000 10.00000 15.00000 15.00000 21.00000 16.00000 14.00000 13.00000 13.00000 16.00000 11.00000 14.00000 16.00000 15.00000 14.00000 11.00000 6.00000 12.00000 19.00000 9.00000 16.00000 20.00000 10.00000 17.00000 18.00000 16.00000 19.00000 13.00000 15.00000 15.00000 3.00000 6.00000 11.00000 0.00000
11.00000 13.00000 13.00000 16.00000 22.00000 5.00000 5.00000 10.00000 19.00000 21.00000 11.00000 3.00000 21.00000 8.00000 13.00000 8.00000 20.00000 5.00000 1.00000 4.00000 6.00000 11.00000 0.00000 3.00000 20.00000 18.00000 10.00000 14.00000 21.00000 4.00000 6.00000 18.00000 13.00000 20.00000 22.00000 13.00000 11.00000 16.00000 15.00000 11.00000 17.00000 13.00000 12.00000 6.00000 11.00000 18.00000 18.00000 22.00000 19.00000 15.00000 16.00000 11.00000 14.00000 10.00000 18.00000 19.00000 15.00000 13.00000 12.00000 10.00000 6.00000 22.00000 10.00000 19.00000 20.00000 14.00000 17.00000 18.00000 19.00000 19.00000 7.00000 13.00000 18.00000 8.00000 5.00000 9.00000 11.00000
8.00000 12.00000 11.00000 15.00000 21.00000 4.00000 6.00000 9.00000 16.00000 20.00000 9.00000 5.00000 20.00000 9.00000 11.00000 7.00000 19.00000 4.00000 3.00000 2.00000 7.00000 8.00000 3.00000 0.00000 19.00000 18.00000 8.00000 13.00000 20.00000 5.00000 6.00000 15.00000 11.00000 17.00000 21.00000 11.00000 12.00000 15.00000 15.00000 9.00000 15.00000 12.00000 11.00000 6.00000 10.00000 17.00000 18.00000 23.00000 18.00000 14.00000 15.00000 10.00000 12.00000 8.00000 17.00000 18.00000 12.00000 11.00000 11.00000 8.00000 7.00000 22.00000 9.00000 19.00000 17.00000 13.00000 14.00000 15.00000 19.00000 16.00000 8.00000 11.00000 18.00000 7.00000 3.00000 7.00000 8.00000
15.00000 11.00000 26.00000 16.00000 18.00000 16.00000 20.00000 25.00000 31.00000 16.00000 25.00000 20.00000 2.00000 19.00000 27.00000 14.00000 15.00000 17.00000 19.00000 19.00000 19.00000 15.00000 18.00000 18.00000 0.00000 4.00000 24.00000 8.00000 16.00000 19.00000 17.00000 31.00000 27.00000 32.00000 17.00000 27.00000 18.00000 9.00000 11.00000 26.00000 30.00000 28.00000 15.00000 16.00000 14.00000 14.00000 4.00000 5.00000 14.00000 12.00000 9.00000 26.00000 28.00000 24.00000 13.00000 15.00000 28.00000 27.00000 12.00000 18.00000 20.00000 3.00000 15.00000 15.00000 33.00000 9.00000 30.00000 31.00000 15.00000 31.00000 21.00000 27.00000 14.00000 15.00000 17.00000 23.00000 15.00000
14.00000 10.00000 25.00000 14.00000 16.00000 14.00000 18.00000 23.00000 30.00000 14.00000 23.00000 19.00000 4.00000 17.00000 25.00000 13.00000 14.00000 15.00000 17.00000 17.00000 17.00000 14.00000 17.00000 17.00000 4.00000 0.00000 22.00000 6.00000 15.00000 17.00000 15.00000 29.00000 25.00000 31.00000 15.00000 25.00000 19.00000 7.00000 9.00000 24.00000 28.00000 26.00000 13.00000 14.00000 15.00000 12.00000 2.00000 7.00000 13.00000 14.00000 7.00000 24.00000 27.00000 22.00000 11.00000 13.00000 26.00000 25.00000 10.00000 17.00000 18.00000 6.00000 13.00000 13.00000 31.00000 7.00000 28.00000 29.00000 13.00000 30.00000 19.00000 26.00000 12.00000 13.00000 15.00000 22.00000 14.00000
13.00000 18.00000 11.00000 20.00000 28.00000 10.00000 10.00000 5.00000 14.00000 26.00000 5.00000 10.00000 26.00000 13.00000 7.00000 14.00000 25.00000 10.00000 9.00000 7.00000 11.00000 13.00000 9.00000 8.00000 26.00000 24.00000 0.00000 20.00000 26.00000 9.00000 11.00000 14.00000 7.00000 15.00000 27.00000 7.00000 15.00000 21.00000 21.00000 6.00000 13.00000 8.00000 18.00000 11.00000 17.00000 23.00000 24.00000 27.00000 24.00000 21.00000 21.00000 7.00000 8.00000 4.00000 23.00000 25.00000 11.00000 7.00000 17.00000 12.00000 10.00000 28.00000 16.00000 25.00000 16.00000 19.00000 13.00000 14.00000 25.00000 14.00000 12.00000 7.00000 24.00000 11.00000 8.00000 3.00000 13.00000
8.00000 6.00000 19.00000 11.00000 13.00000 8.00000 13.00000 17.00000 24.00000 12.00000 17.00000 13.00000 11.00000 11.00000 20.00000 7.00000 11.00000 10.00000 11.00000 11.00000 11.00000 8.00000 11.00000 11.00000 10.00000 9.00000 16.00000 0.00000 12.00000 11.00000 9.00000 23.00000 20.00000 25.00000 13.00000 19.00000 14.00000 5.00000 7.00000 18.00000 23.00000 20.00000 7.00000 9.00000 9.00000 9.00000 9.00000 14.00000 10.00000 13.00000 6.00000 18.00000 21.00000 16.00000 9.00000 11.00000 20.00000 19.00000 5.00000 11.00000 12.00000 12.00000 7.00000 11.00000 25.00000 5.00000 22.00000 23.00000 11.00000 24.00000 13.00000 20.00000 10.00000 8.00000 10.00000 16.00000 8.00000
17.00000 14.00000 28.00000 12.00000 4.00000 18.00000 22.00000 26.00000 33.00000 1.00000 27.00000 22.00000 17.00000 21.00000 29.00000 16.00000 2.00000 19.00000 20.00000 21.00000 21.00000 17.00000 20.00000 20.00000 16.00000 14.00000 26.00000 10.00000 0.00000 21.00000 18.00000 32.00000 29.00000 34.00000 3.00000 29.00000 24.00000 13.00000 7.00000 27.00000 32.00000 29.00000 16.00000 18.00000 18.00000 4.00000 15.00000 20.00000 5.00000 22.00000 9.00000 27.00000 30.00000 26.00000 8.00000 5.00000 29.00000 29.00000 14.00000 20.00000 22.00000 18.00000 17.00000 5.00000 34.00000 11.00000 31.00000 33.00000 8.00000 33.00000 22.00000 29.00000 3.00000 17.00000 19.00000 25.00000 17.00000
10.00000 12.00000 14.00000 15.00000 21.00000 5.00000 3.00000 9.00000 19.00000 20.00000 9.00000 4.00000 20.00000 6.00000 12.00000 7.00000 19.00000 6.00000 3.00000 5.00000 4.00000 10.00000 3.00000 5.00000 19.00000 17.00000 8.00000 13.00000 20.00000 0.00000 6.00000 18.00000 12.00000 20.00000 20.00000 11.00000 9.00000 14.00000 14.00000 10.00000 18.00000 12.00000 11.00000 4.00000 10.00000 17.00000 17.00000 20.00000 18.00000 14.00000 15.00000 10.00000 13.00000 8.00000 16.00000 18.00000 15.00000 11.00000 11.00000 11.00000 3.00000 21.00000 9.00000 18.00000 20.00000 13.00000 17.00000 18.00000 18.00000 19.00000 4.00000 12.00000 17.00000 7.00000 6.00000 8.00000 10.00000
6.00000 10.00000 12.00000 13.00000 19.00000 2.00000 9.00000 11.00000 17.00000 18.00000 11.00000 7.00000 18.00000 9.00000 13.00000 5.00000 17.00000 3.00000 6.00000 5.00000 8.00000 6.00000 5.00000 6.00000 17.00000 15.00000 10.00000 11.00000 18.00000 8.00000 0.00000 17.00000 13.00000 18.00000 19.00000 13.00000 12.00000 13.00000 12.00000 11.00000 16.00000 14.00000 9.00000 5.00000 8.00000 15.00000 16.00000 21.00000 16.00000 12.00000 13.00000 12.00000 14.00000 10.00000 15.00000 16.00000 13.00000 13.00000 9.00000 7.00000 9.00000 19.00000 7.00000 16.00000 19.00000 11.00000 16.00000 17.00000 16.00000 17.00000 10.00000 13.00000 16.00000 3.00000 3.00000 9.00000 6.00000
19.00000 24.00000 7.00000 23.00000 33.00000 17.00000 19.00000 11.00000 1.00000 33.00000 15.00000 19.00000 33.00000 22.00000 17.00000 21.00000 32.00000 17.00000 18.00000 16.00000 20.00000 19.00000 18.00000 16.00000 32.00000 30.00000 14.00000 26.00000 32.00000 18.00000 18.00000 0.00000 9.00000 3.00000 32.00000 13.00000 25.00000 28.00000 27.00000 11.00000 1.00000 9.00000 25.00000 20.00000 24.00000 30.00000 30.00000 36.00000 30.00000 28.00000 28.00000 11.00000 13.00000 13.00000 30.00000 30.00000 6.00000 16.00000 25.00000 15.00000 19.00000 34.00000 23.00000 31.00000 3.00000 24.00000 4.00000 2.00000 28.00000 2.00000 21.00000 18.00000 30.00000 18.00000 16.00000 14.00000 19.00000
16.00000 21.00000 7.00000 23.00000 30.00000 13.00000 13.00000 4.00000 10.00000 29.00000 8.00000 13.00000 29.00000 15.00000 10.00000 16.00000 28.00000 13.00000 12.00000 10.00000 14.00000 16.00000 12.00000 11.00000 28.00000 27.00000 7.00000 23.00000 29.00000 11.00000 14.00000 9.00000 0.00000 11.00000 30.00000 6.00000 18.00000 24.00000 24.00000 4.00000 9.00000 3.00000 20.00000 14.00000 20.00000 26.00000 27.00000 30.00000 27.00000 23.00000 24.00000 6.00000 6.00000 6.00000 26.00000 28.00000 6.00000 9.00000 20.00000 14.00000 13.00000 30.00000 18.00000 28.00000 11.00000 22.00000 8.00000 10.00000 28.00000 10.00000 15.00000 10.00000 27.00000 14.00000 11.00000 7.00000 16.00000
21.00000 26.00000 9.00000 24.00000 35.00000 19.00000 21.00000 13.00000 3.00000 34.00000 17.00000 21.00000 34.00000 23.00000 19.00000 23.00000 33.00000 19.00000 20.00000 18.00000 22.00000 21.00000 19.00000 18.00000 34.00000 32.00000 16.00000 28.00000 34.00000 19.00000 20.00000 3.00000 11.00000 0.00000 34.00000 15.00000 26.00000 29.00000 29.00000 13.00000 3.00000 11.00000 27.00000 22.00000 26.00000 32.00000 32.00000 37.00000 32.00000 30.00000 29.00000 13.00000 14.00000 14.00000 31.00000 32.00000 7.00000 17.00000 27.00000 16.00000 21.00000 36.00000 25.00000 33.00000 1.00000 26.00000 6.00000 3.00000 30.00000 3.00000 23.00000 19.00000 32.00000 19.00000 18.00000 16.00000 21.00000
18.00000 14.00000 28.00000 12.00000 2.00000 18.00000 22.00000 27.00000 33.00000 2.00000 27.00000 22.00000 17.00000 21.00000 29.00000 16.00000 3.00000 19.00000 21.00000 21.00000 21.00000 18.00000 20.00000 21.00000 17.00000 15.00000 26.00000 10.00000 2.00000 21.00000 19.00000 33.00000 29.00000 35.00000 0.00000 29.00000 24.00000 14.00000 7.00000 28.00000 32.00000 30.00000 17.00000 18.00000 19.00000 5.00000 15.00000 21.00000 7.00000 23.00000 10.00000 28.00000 31.00000 26.00000 9.00000 6.00000 30.00000 29.00000 15.00000 21.00000 22.00000 19.00000 17.00000 6.00000 35.00000 12.00000 32.00000 33.00000 9.00000 33.00000 23.00000 29.00000 4.00000 17.00000 19.00000 25.00000 18.00000
16.00000 22.00000 11.00000 24.00000 31.00000 13.00000 13.00000 5.00000 14.00000 30.00000 6.00000 13.00000 30.00000 16.00000 8.00000 17.00000 29.00000 13.00000 13.00000 11.00000 15.00000 16.00000 12.00000 12.00000 29.00000 27.00000 7.00000 23.00000 30.00000 12.00000 14.00000 13.00000 6.00000 15.00000 31.00000 0.00000 19.00000 25.00000 24.00000 6.00000 12.00000 7.00000 21.00000 15.00000 20.00000 27.00000 27.00000 30.00000 28.00000 24.00000 25.00000 7.00000 4.00000 7.00000 27.00000 28.00000 10.00000 4.00000 21.00000 16.00000 14.00000 31.00000 19.00000 28.00000 15.00000 23.00000 12.00000 13.00000 28.00000 14.00000 15.00000 8.00000 27.00000 15.00000 12.00000 8.00000 16.00000
18.00000 19.00000 24.00000 22.00000 28.00000 13.00000 13.00000 18.00000 27.00000 27.00000 15.00000 13.00000 22.00000 13.00000 16.00000 14.00000 26.00000 14.00000 14.00000 16.00000 12.00000 18.00000 13.00000 15.00000 22.00000 23.00000 17.00000 20.00000 27.00000 12.00000 15.00000 27.00000 20.00000 28.00000 28.00000 16.00000 0.00000 22.00000 21.00000 19.00000 26.00000 21.00000 18.00000 11.00000 17.00000 24.00000 24.00000 21.00000 25.00000 21.00000 22.00000 20.00000 20.00000 17.00000 24.00000 25.00000 23.00000 18.00000 17.00000 20.00000 13.00000 22.00000 16.00000 25.00000 29.00000 20.00000 26.00000 27.00000 25.00000 27.00000 14.00000 16.00000 25.00000 15.00000 14.00000 17.00000 18.00000
10.00000 7.00000 21.00000 12.00000 15.00000 11.00000 15.00000 19.00000 26.00000 13.00000 20.00000 15.00000 9.00000 14.00000 22.00000 9.00000 13.00000 12.00000 14.00000 14.00000 14.00000 10.00000 13.00000 13.00000 9.00000 7.00000 19.00000 5.00000 14.00000 14.00000 12.00000 25.00000 22.00000 27.00000 14.00000 22.00000 17.00000 0.00000 8.00000 20.00000 25.00000 22.00000 9.00000 11.00000 11.00000 11.00000 7.00000 12.00000 12.00000 15.00000 6.00000 21.00000 23.00000 19.00000 10.00000 12.00000 22.00000 22.00000 6.00000 13.00000 15.00000 11.00000 10.00000 12.00000 27.00000 6.00000 24.00000 26.00000 12.00000 26.00000 16.00000 22.00000 11.00000 10.00000 12.00000 18.00000 10.00000
11.00000 8.00000 22.00000 11.00000 8.00000 12.00000 16.00000 21.00000 27.00000 7.00000 21.00000 16.00000 11.00000 15.00000 23.00000 10.00000 6.00000 13.00000 15.00000 15.00000 15.00000 11.00000 14.00000 14.00000 10.00000 9.00000 20.00000 4.00000 7.00000 15.00000 13.00000 27.00000 23.00000 28.00000 8.00000 23.00000 18.00000 7.00000 0.00000 22.00000 26.00000 24.00000 11.00000 12.00000 12.00000 4.00000 9.00000 14.00000 5.00000 17.00000 4.00000 22.00000 24.00000 20.00000 3.00000 5.00000 23.00000 23.00000 9.00000 14.00000 16.00000 13.00000 11.00000 5.00000 29.00000 5.00000 26.00000 27.00000 5.00000 27.00000 17.00000 23.00000 4.00000 11.00000 13.00000 19.00000 11.00000
14.00000 20.00000 8.00000 22.00000 29.00000 11.00000 11.00000 2.00000 11.00000 27.00000 7.00000 11.00000 28.00000 14.00000 9.00000 15.00000 27.00000 11.00000 11.00000 9.00000 12.00000 14.00000 10.00000 9.00000 27.00000 25.00000 6.00000 21.00000 28.00000 10.00000 12.00000 10.00000 4.00000 12.00000 28.00000 5.00000 17.00000 22.00000 22.00000 0.00000 10.00000 4.00000 19.00000 12.00000 18.00000 25.00000 25.00000 28.00000 26.00000 22.00000 23.00000 3.00000 5.00000 4.00000 24.00000 26.00000 7.00000 7.00000 19.00000 13.00000 12.00000 29.00000 17.00000 26.00000 12.00000 20.00000 9.00000 11.00000 26.00000 11.00000 13.00000 9.00000 25.00000 12.00000 10.00000 6.00000 14.00000
19.00000 24.00000 7.00000 22.00000 33.00000 17.00000 18.00000 10.00000 2.00000 32.00000 15.00000 18.00000 32.00000 21.00000 17.00000 21.00000 31.00000 17.00000 17.00000 15.00000 19.00000 19.00000 17.00000 16.00000 32.00000 30.00000 14.00000 26.00000 31.00000 17.00000 18.00000 1.00000 9.00000 3.00000 32.00000 13.00000 24.00000 27.00000 27.00000 10.00000 0.00000 9.00000 25.00000 19.00000 24.00000 30.00000 30.00000 35.00000 30.00000 28.00000 27.00000 11.00000 12.00000 12.00000 29.00000 30.00000 5.00000 15.00000 25.00000 14.00000 19.00000 34.00000 23.00000 31.00000 3.00000 24.00000 5.00000 2.00000 28.00000 2.00000 20.00000 17.00000 30.00000 17.00000 16.00000 14.00000 19.00000
16.00000 22.00000 8.00000 24.00000 31.00000 13.00000 14.00000 5.00000 10.00000 30.00000 9.00000 14.00000 30.00000 16.00000 11.00000 17.00000 29.00000 13.00000 13.00000 11.00000 15.00000 16.00000 12.00000 12.00000 29.00000 27.00000 8.00000 23.00000 30.00000 12.00000 14.00000 9.00000 3.00000 11.00000 31.00000 7.00000 19.00000 25.00000 24.00000 5.00000 8.00000 0.00000 21.00000 15.00000 20.00000 27.00000 28.00000 30.00000 28.00000 24.00000 25.00000 6.00000 6.00000 6.00000 27.00000 28.00000 6.00000 9.00000 21.00000 15.00000 14.00000 31.00000 19.00000 28.00000 11.00000 23.00000 8.00000 9.00000 28.00000 10.00000 15.00000 11.00000 28.00000 15.00000 12.00000 8.00000 16.00000
9.00000 9.00000 20.00000 12.00000 18.00000 9.00000 12.00000 18.00000 25.00000 16.00000 19.00000 13.00000 16.00000 11.00000 21.00000 6.00000 16.00000 11.00000 12.00000 12.00000 11.00000 9.00000 12.00000 12.00000 15.00000 14.00000 18.00000 10.00000 17.00000 11.00000 10.00000 25.00000 21.00000 27.00000 17.00000 21.00000 14.00000 10.00000 11.00000 19.00000 24.00000 21.00000 0.00000 9.00000 6.00000 14.00000 14.00000 19.00000 15.00000 10.00000 11.00000 19.00000 22.00000 18.00000 13.00000 15.00000 22.00000 21.00000 5.00000 12.00000 12.00000 18.00000 5.00000 15.00000 27.00000 9.00000 24.00000 25.00000 15.00000 26.00000 13.00000 21.00000 14.00000 9.00000 11.00000 17.00000 9.00000
10.00000 11.00000 16.00000 14.00000 20.00000 4.00000 5.00000 11.00000 21.00000 18.00000 12.00000 6.00000 19.00000 5.00000 14.00000 6.00000 18.00000 6.00000 6.00000 7.00000 4.00000 10.00000 5.00000 7.00000 18.00000 16.00000 11.00000 12.00000 19.00000 4.00000 6.00000 20.00000 14.00000 22.00000 19.00000 14.00000 8.00000 13.00000 13.00000 12.00000 20.00000 14.00000 10.00000 0.00000 9.00000 16.00000 16.00000 19.00000 17.00000 13.00000 14.00000 12.00000 15.00000 11.00000 15.00000 17.00000 17.00000 14.00000 9.00000 12.00000 5.00000 20.00000 8.00000 17.00000 22.00000 12.00000 19.00000 20.00000 17.00000 21.00000 6.00000 14.00000 16.00000 7.00000 6.00000 10.00000 10.00000
12.00000 11.00000 20.00000 14.00000 19.00000 9.00000 11.00000 18.00000 25.00000 18.00000 18.00000 12.00000 14.00000 10.00000 20.00000 5.00000 17.00000 10.00000 11.00000 12.00000 10.00000 12.00000 11.00000 11.00000 14.00000 15.00000 17.00000 11.00000 18.00000 10.00000 10.00000 24.00000 20.00000 26.00000 19.00000 20.00000 13.00000 11.00000 13.00000 18.00000 24.00000 21.00000 6.00000 8.00000 0.00000 15.00000 15.00000 17.00000 16.00000 5.00000 13.00000 19.00000 21.00000 17.00000 15.00000 17.00000 21.00000 20.00000 6.00000 14.00000 11.00000 16.00000 3.00000 17.00000 26.00000 11.00000 23.00000 25.00000 17.00000 25.00000 12.00000 20.00000 16.00000 9.00000 10.00000 16.00000 12.00000
14.00000 11.00000 25.00000 14.00000 5.00000 15.00000 19.00000 23.00000 30.00000 4.00000 24.00000 19.00000 14.00000 18.00000 26.00000 13.00000 3.00000 16.00000 18.00000 18.00000 18.00000 14.00000 17.00000 17.00000 13.00000 12.00000 23.00000 7.00000 4.00000 18.00000 16.00000 30.00000 26.00000 31.00000 5.00000 26.00000 21.00000 10.00000 4.00000 24.00000 29.00000 26.00000 14.00000 15.00000 15.00000 0.00000 12.00000 17.00000 5.00000 20.00000 6.00000 25.00000 27.00000 23.00000 5.00000 5.00000 26.00000 26.00000 11.00000 17.00000 19.00000 16.00000 14.00000 2.00000 31.00000 8.00000 28.00000 30.00000 7.00000 30.00000 20.00000 26.00000 2.00000 14.00000 16.00000 22.00000 14.00000
14.00000 10.00000 25.00000 14.00000 16.00000 14.00000 19.00000 23.00000 30.00000 14.00000 23.00000 19.00000 5.00000 17.00000 26.00000 13.00000 14.00000 15.00000 17.00000 17.00000 17.00000 14.00000 17.00000 17.00000 4.00000 2.00000 22.00000 6.00000 15.00000 17.00000 15.00000 29.00000 25.00000 31.00000 15.00000 25.00000 20.00000 7.00000 9.00000 24.00000 29.00000 26.00000 13.00000 15.00000 15.00000 12.00000 0.00000 8.00000 13.00000 14.00000 7.00000 24.00000 27.00000 22.00000 11.00000 13.00000 26.00000 25.00000 11.00000 17.00000 18.00000 7.00000 13.00000 13.00000 31.00000 7.00000 28.00000 29.00000 13.00000 30.00000 19.00000 26.00000 12.00000 13.00000 16.00000 22.00000 14.00000
19.00000 15.00000 30.00000 19.00000 21.00000 20.00000 22.00000 28.00000 35.00000 20.00000 28.00000 22.00000 4.00000 21.00000 30.00000 18.00000 19.00000 21.00000 22.00000 23.00000 20.00000 19.00000 22.00000 22.00000 5.00000 7.00000 27.00000 12.00000 20.00000 20.00000 21.00000 34.00000 30.00000 36.00000 21.00000 30.00000 17.00000 12.00000 15.00000 29.00000 34.00000 31.00000 19.00000 20.00000 17.00000 17.00000 8.00000 0.00000 18.00000 15.00000 12.00000 29.00000 31.00000 27.00000 17.00000 18.00000 31.00000 30.00000 16.00000 22.00000 21.00000 6.00000 18.00000 18.00000 36.00000 13.00000 33.00000 35.00000 19.00000 35.00000 22.00000 30.00000 18.00000 19.00000 21.00000 26.00000 19.00000
16.00000 12.00000 26.00000 11.00000 8.00000 16.00000 20.00000 25.00000 32.00000 6.00000 25.00000 20.00000 15.00000 19.00000 27.00000 15.00000 7.00000 17.00000 19.00000 19.00000 19.00000 16.00000 19.00000 19.00000 15.00000 13.00000 24.00000 8.00000 6.00000 19.00000 17.00000 31.00000 27.00000 33.00000 7.00000 27.00000 22.00000 12.00000 5.00000 26.00000 30.00000 28.00000 15.00000 16.00000 17.00000 5.00000 13.00000 19.00000 0.00000 21.00000 8.00000 26.00000 29.00000 24.00000 7.00000 1.00000 28.00000 27.00000 13.00000 19.00000 20.00000 17.00000 15.00000 6.00000 33.00000 9.00000 30.00000 31.00000 4.00000 32.00000 21.00000 28.00000 5.00000 15.00000 17.00000 23.00000 16.00000
16.00000 15.00000 24.00000 18.00000 24.00000 13.00000 15.00000 21.00000 29.00000 22.00000 22.00000 16.00000 12.00000 13.00000 24.00000 9.00000 21.00000 14.00000 15.00000 16.00000 14.00000 16.00000 15.00000 15.00000 12.00000 14.00000 21.00000 16.00000 23.00000 14.00000 13.00000 28.00000 24.00000 30.00000 23.00000 24.00000 17.00000 16.00000 17.00000 22.00000 28.00000 24.00000 10.00000 12.00000 5.00000 20.00000 15.00000 15.00000 21.00000 0.00000 17.00000 22.00000 25.00000 21.00000 19.00000 21.00000 25.00000 24.00000 10.00000 17.00000 15.00000 14.00000 7.00000 21.00000 30.00000 15.00000 27.00000 28.00000 21.00000 29.00000 16.00000 24.00000 20.00000 13.00000 14.00000 20.00000 16.00000
11.00000 7.00000 22.00000 11.00000 10.00000 12.00000 16.00000 20.00000 27.00000 9.00000 21.00000 16.00000 9.00000 14.00000 23.00000 10.00000 8.00000 13.00000 14.00000 14.00000 15.00000 11.00000 14.00000 14.00000 9.00000 7.00000 19.00000 4.00000 9.00000 14.00000 12.00000 26.00000 23.00000 28.00000 10.00000 23.00000 17.00000 5.00000 4.00000 21.00000 26.00000 23.00000 10.00000 12.00000 12.00000 6.00000 7.00000 12.00000 7.00000 16.00000 0.00000 21.00000 24.00000 19.00000 6.00000 8.00000 23.00000 22.00000 8.00000 14.00000 16.00000 11.00000 10.00000 8.00000 28.00000 5.00000 25.00000 26.00000 8.00000 27.00000 16.00000 23.00000 7.00000 11.00000 13.00000 19.00000 11.00000
14.00000 19.00000 9.00000 22.00000 29.00000 11.00000 11.00000 4.00000 12.00000 27.00000 8.00000 11.00000 27.00000 14.00000 11.00000 15.00000 26.00000 11.00000 10.00000 8.00000 12.00000 14.00000 10.00000 9.00000 27.00000 25.00000 7.00000 21.00000 28.00000 10.00000 12.00000 11.00000 6.00000 13.00000 28.00000 7.00000 17.00000 22.00000 22.00000 3.00000 11.00000 6.00000 19.00000 12.00000 18.00000 25.00000 25.00000 28.00000 25.00000 22.00000 22.00000 0.00000 7.00000 6.00000 24.00000 26.00000 8.00000 9.00000 18.00000 11.00000 11.00000 29.00000 17.00000 26.00000 13.00000 20.00000 10.00000 11.00000 26.00000 12.00000 13.00000 11.00000 25.00000 12.00000 10.00000 7.00000 14.00000
17.00000 22.00000 10.00000 24.00000 31.00000 14.00000 14.00000 5.00000 13.00000 30.00000 9.00000 14.00000 30.00000 16.00000 10.00000 17.00000 29.00000 14.00000 13.00000 11.00000 15.00000 17.00000 13.00000 12.00000 30.00000 28.00000 8.00000 24.00000 30.00000 12.00000 15.00000 12.00000 5.00000 14.00000 31.00000 4.00000 19.00000 25.00000 25.00000 5.00000 12.00000 6.00000 22.00000 15.00000 21.00000 27.00000 28.00000 31.00000 28.00000 25.00000 25.00000 7.00000 0.00000 7.00000 27.00000 29.00000 9.00000 7.00000 21.00000 16.00000 14.00000 31.00000 19.00000 29.00000 14.00000 23.00000 11.00000 12.00000 29.00000 13.00000 16.00000 11.00000 28.00000 15.00000 12.00000 8.00000 17.00000
12.00000 17.00000 10.00000 20.00000 27.00000 9.00000 9.00000 4.00000 13.00000 25.00000 5.00000 9.00000 25.00000 12.00000 7.00000 13.00000 24.00000 9.00000 8.00000 6.00000 10.00000 12.00000 8.00000 7.00000 25.00000 23.00000 4.00000 19.00000 25.00000 8.00000 10.00000 13.00000 6.00000 14.00000 26.00000 6.00000 15.00000 20.00000 20.00000 5.00000 12.00000 7.00000 17.00000 10.00000 16.00000 23.00000 23.00000 26.00000 23.00000 20.00000 20.00000 6.00000 7.00000 0.00000 22.00000 24.00000 10.00000 7.00000 16.00000 11.00000 9.00000 27.00000 15.00000 24.00000 15.00000 18.00000 12.00000 13.00000 24.00000 13.00000 11.00000 7.00000 23.00000 10.00000 8.00000 3.00000 12.00000
13.00000 10.00000 24.00000 13.00000 9.00000 14.00000 18.00000 22.00000 29.00000 8.00000 23.00000 18.00000 13.00000 17.00000 25.00000 12.00000 7.00000 15.00000 16.00000 17.00000 17.00000 13.00000 16.00000 16.00000 12.00000 10.00000 22.00000 6.00000 8.00000 17.00000 14.00000 28.00000 25.00000 30.00000 8.00000 25.00000 20.00000 9.00000 3.00000 23.00000 28.00000 25.00000 13.00000 14.00000 14.00000 5.00000 11.00000 16.00000 6.00000 18.00000 5.00000 23.00000 26.00000 22.00000 0.00000 6.00000 25.00000 25.00000 10.00000 16.00000 18.00000 14.00000 13.00000 6.00000 30.00000 7.00000 27.00000 29.00000 6.00000 29.00000 18.00000 25.00000 5.00000 13.00000 15.00000 21.00000 13.00000
16.00000 12.00000 27.00000 11.00000 7.00000 17.00000 21.00000 25.00000 32.00000 6.00000 26.00000 21.00000 16.00000 19.00000 28.00000 15.00000 6.00000 18.00000 19.00000 20.00000 20.00000 16.00000 19.00000 19.00000 15.00000 13.00000 25.00000 9.00000 5.00000 19.00000 17.00000 31.00000 28.00000 33.00000 6.00000 28.00000 22.00000 12.00000 6.00000 26.00000 31.00000 28.00000 15.00000 17.00000 17.00000 5.00000 13.00000 19.00000 1.00000 21.00000 8.00000 26.00000 29.00000 24.00000 7.00000 0.00000 28.00000 28.00000 13.00000 19.00000 21.00000 17.00000 15.00000 6.00000 33.00000 8.00000 30.00000 32.00000 4.00000 32.00000 21.00000 28.00000 6.00000 16.00000 18.00000 24.00000 16.00000
17.00000 23.00000 5.00000 21.00000 31.00000 16.00000 17.00000 8.00000 4.00000 31.00000 13.00000 17.00000 31.00000 20.00000 15.00000 20.00000 30.00000 16.00000 16.00000 15.00000 18.00000 17.00000 16.00000 15.00000 30.00000 29.00000 12.00000 24.00000 30.00000 16.00000 17.00000 4.00000 7.00000 5.00000 30.00000 11.00000 23.00000 26.00000 26.00000 8.00000 4.00000 7.00000 24.00000 18.00000 23.00000 28.00000 29.00000 34.00000 29.00000 27.00000 26.00000 9.00000 10.00000 10.00000 28.00000 28.00000 0.00000 13.00000 24.00000 13.00000 18.00000 33.00000 22.00000 30.00000 6.00000 23.00000 3.00000 4.00000 27.00000 5.00000 19.00000 15.00000 29.00000 16.00000 15.00000 12.00000 17.00000
16.00000 21.00000 13.00000 23.00000 31.00000 13.00000 13.00000 6.00000 16.00000 29.00000 6.00000 13.00000 29.00000 16.00000 8.00000 17.00000 28.00000 13.00000 12.00000 10.00000 14.00000 16.00000 12.00000 11.00000 29.00000 27.00000 7.00000 23.00000 29.00000 12.00000 14.00000 15.00000 8.00000 17.00000 30.00000 4.00000 18.00000 24.00000 24.00000 7.00000 14.00000 9.00000 21.00000 14.00000 20.00000 27.00000 27.00000 30.00000 27.00000 24.00000 24.00000 9.00000 7.00000 6.00000 26.00000 28.00000 12.00000 0.00000 20.00000 15.00000 13.00000 31.00000 19.00000 28.00000 17.00000 22.00000 14.00000 15.00000 28.00000 16.00000 15.00000 8.00000 27.00000 14.00000 11.00000 7.00000 16.00000
9.00000 6.00000 19.00000 11.00000 15.00000 9.00000 12.00000 18.00000 25.00000 14.00000 18.00000 12.00000 13.00000 11.00000 20.00000 6.00000 13.00000 10.00000 12.00000 12.00000 11.00000 9.00000 11.00000 12.00000 12.00000 10.00000 17.00000 6.00000 14.00000 11.00000 10.00000 24.00000 20.00000 26.00000 15.00000 20.00000 14.00000 6.00000 9.00000 19.00000 23.00000 21.00000 5.00000 9.00000 6.00000 11.00000 11.00000 16.00000 12.00000 10.00000 8.00000 19.00000 22.00000 17.00000 11.00000 12.00000 21.00000 20.00000 0.00000 12.00000 12.00000 14.00000 5.00000 13.00000 26.00000 7.00000 23.00000 24.00000 13.00000 25.00000 13.00000 20.00000 12.00000 8.00000 10.00000 16.00000 9.00000
7.00000 13.00000 10.00000 14.00000 23.00000 8.00000 11.00000 12.00000 15.00000 22.00000 12.00000 11.00000 22.00000 14.00000 14.00000 10.00000 21.00000 8.00000 9.00000 7.00000 12.00000 7.00000 9.00000 7.00000 21.00000 19.00000 11.00000 15.00000 22.00000 10.00000 7.00000 14.00000 14.00000 16.00000 22.00000 14.00000 17.00000 16.00000 16.00000 12.00000 14.00000 15.00000 14.00000 10.00000 13.00000 19.00000 19.00000 25.00000 20.00000 17.00000 17.00000 10.00000 15.00000 11.00000 18.00000 20.00000 11.00000 14.00000 13.00000 0.00000 12.00000 23.00000 12.00000 20.00000 16.00000 14.00000 13.00000 14.00000 20.00000 15.00000 13.00000 14.00000 19.00000 6.00000 6.00000 10.00000 7.00000
11.00000 13.00000 15.00000 16.00000 22.00000 6.00000 5.00000 11.00000 21.00000 21.00000 11.00000 5.00000 21.00000 7.00000 13.00000 8.00000 20.00000 7.00000 5.00000 7.00000 6.00000 11.00000 5.00000 7.00000 20.00000 18.00000 10.00000 14.00000 21.00000 2.00000 8.00000 20.00000 13.00000 22.00000 22.00000 13.00000 10.00000 16.00000 15.00000 12.00000 19.00000 14.00000 12.00000 6.00000 11.00000 18.00000 19.00000 21.00000 19.00000 15.00000 16.00000 12.00000 15.00000 10.00000 18.00000 19.00000 17.00000 13.00000 12.00000 12.00000 0.00000 22.00000 10.00000 19.00000 22.00000 14.00000 19.00000 20.00000 19.00000 21.00000 5.00000 14.00000 19.00000 8.00000 7.00000 10.00000 11.00000
18.00000 14.00000 28.00000 18.00000 20.00000 18.00000 22.00000 27.00000 34.00000 18.00000 27.00000 22.00000 4.00000 21.00000 29.00000 16.00000 17.00000 19.00000 21.00000 21.00000 21.00000 18.00000 20.00000 21.00000 3.00000 6.00000 26.00000 10.00000 19.00000 21.00000 19.00000 33.00000 29.00000 35.00000 19.00000 29.00000 18.00000 11.00000 13.00000 28.00000 32.00000 30.00000 17.00000 18.00000 16.00000 16.00000 7.00000 6.00000 17.00000 14.00000 11.00000 28.00000 31.00000 26.00000 15.00000 17.00000 30.00000 29.00000 14.00000 21.00000 22.00000 0.00000 17.00000 17.00000 35.00000 11.00000 32.00000 33.00000 17.00000 34.00000 23.00000 29.00000 16.00000 17.00000 19.00000 25.00000 18.00000
10.00000 9.00000 19.00000 12.00000 18.00000 8.00000 10.00000 16.00000 24.00000 17.00000 17.00000 11.00000 15.00000 9.00000 19.00000 4.00000 16.00000 9.00000 10.00000 11.00000 9.00000 10.00000 10.00000 10.00000 15.00000 14.00000 16.00000 10.00000 17.00000 9.00000 8.00000 23.00000 19.00000 25.00000 18.00000 19.00000 12.00000 10.00000 12.00000 17.00000 23.00000 19.00000 5.00000 7.00000 3.00000 14.00000 14.00000 18.00000 15.00000 7.00000 12.00000 18.00000 20.00000 16.00000 14.00000 15.00000 20.00000 19.00000 6.00000 12.00000 10.00000 17.00000 0.00000 16.00000 25.00000 10.00000 22.00000 23.00000 16.00000 24.00000 11.00000 19.00000 15.00000 8.00000 9.00000 15.00000 10.00000
14.00000 11.00000 25.00000 14.00000 6.00000 15.00000 19.00000 23.00000 30.00000 6.00000 24.00000 19.00000 14.00000 18.00000 26.00000 13.00000 5.00000 16.00000 17.00000 18.00000 18.00000 14.00000 17.00000 17.00000 13.00000 11.00000 23.00000 7.00000 6.00000 17.00000 15.00000 29.00000 26.00000 31.00000 7.00000 26.00000 21.00000 10.00000 4.00000 24.00000 29.00000 26.00000 13.00000 15.00000 15.00000 4.00000 11.00000 17.00000 5.00000 19.00000 6.00000 24.00000 27.00000 23.00000 5.00000 5.00000 26.00000 26.00000 11.00000 17.00000 19.00000 15.00000 13.00000 0.00000 31.00000 8.00000 28.00000 30.00000 7.00000 30.00000 19.00000 26.00000 4.00000 14.00000 16.00000 22.00000 14.00000
21.00000 26.00000 9.00000 25.00000 35.00000 19.00000 21.00000 13.00000 3.00000 34.00000 17.00000 21.00000 34.00000 23.00000 19.00000 23.00000 34.00000 19.00000 20.00000 18.00000 22.00000 21.00000 20.00000 18.00000 34.00000 32.00000 16.00000 28.00000 34.00000 19.00000 20.00000 3.00000 11.00000 1.00000 34.00000 15.00000 26.00000 29.00000 29.00000 13.00000 3.00000 11.00000 27.00000 22.00000 26.00000 32.00000 32.00000 38.00000 32.00000 30.00000 30.00000 13.00000 14.00000 14.00000 31.00000 32.00000 7.00000 17.00000 27.00000 16.00000 21.00000 36.00000 25.00000 33.00000 0.00000 26.00000 6.00000 3.00000 30.00000 2.00000 23.00000 19.00000 32.00000 19.00000 18.00000 16.00000 21.00000
10.00000 4.00000 20.00000 7.00000 11.00000 11.00000 15.00000 19.00000 25.00000 10.00000 20.00000 15.00000 10.00000 14.00000 22.00000 9.00000 9.00000 12.00000 13.00000 14.00000 14.00000 10.00000 13.00000 13.00000 9.00000 7.00000 19.00000 3.00000 10.00000 14.00000 11.00000 25.00000 22.00000 26.00000 11.00000 22.00000 17.00000 5.00000 5.00000 20.00000 24.00000 22.00000 10.00000 11.00000 11.00000 7.00000 7.00000 13.00000 8.00000 15.00000 5.00000 20.00000 23.00000 19.00000 7.00000 8.00000 22.00000 22.00000 7.00000 13.00000 15.00000 11.00000 10.00000 8.00000 27.00000 0.00000 24.00000 25.00000 7.00000 25.00000 15.00000 22.00000 8.00000 10.00000 12.00000 18.00000 10.00000
18.00000 23.00000 6.00000 22.00000 32.00000 17.00000 19.00000 10.00000 5.00000 32.00000 14.00000 19.00000 32.00000 21.00000 17.00000 20.00000 31.00000 17.00000 18.00000 16.00000 20.00000 18.00000 17.00000 16.00000 31.00000 29.00000 13.00000 25.00000 31.00000 17.00000 17.00000 5.00000 8.00000 6.00000 31.00000 13.00000 24.00000 27.00000 26.00000 10.00000 5.00000 8.00000 24.00000 20.00000 23.00000 29.00000 29.00000 35.00000 29.00000 27.00000 27.00000 11.00000 12.00000 12.00000 29.00000 29.00000 5.00000 15.00000 24.00000 14.00000 19.00000 33.00000 22.00000 30.00000 6.00000 23.00000 0.00000 4.00000 28.00000 5.00000 21.00000 17.00000 30.00000 17.00000 16.00000 13.00000 18.00000
19.00000 25.00000 7.00000 23.00000 33.00000 18.00000 20.00000 11.00000 2.00000 33.00000 16.00000 20.00000 33.00000 22.00000 18.00000 22.00000 32.00000 18.00000 19.00000 17.00000 21.00000 19.00000 19.00000 17.00000 32.00000 30.00000 15.00000 26.00000 32.00000 18.00000 19.00000 2.00000 10.00000 2.00000 32.00000 14.00000 25.00000 28.00000 28.00000 11.00000 3.00000 9.00000 26.00000 21.00000 25.00000 30.00000 31.00000 36.00000 31.00000 28.00000 28.00000 12.00000 13.00000 13.00000 30.00000 30.00000 6.00000 16.00000 25.00000 15.00000 20.00000 34.00000 23.00000 31.00000 2.00000 24.00000 4.00000 0.00000 29.00000 2.00000 22.00000 18.00000 31.00000 18.00000 17.00000 15.00000 19.00000
16.00000 11.00000 25.00000 9.00000 9.00000 16.00000 21.00000 25.00000 30.00000 8.00000 25.00000 21.00000 16.00000 19.00000 28.00000 15.00000 8.00000 18.00000 19.00000 19.00000 19.00000 16.00000 19.00000 19.00000 15.00000 13.00000 24.00000 8.00000 7.00000 19.00000 17.00000 29.00000 27.00000 31.00000 8.00000 27.00000 22.00000 12.00000 6.00000 26.00000 29.00000 28.00000 15.00000 17.00000 17.00000 7.00000 13.00000 19.00000 3.00000 21.00000 8.00000 26.00000 29.00000 24.00000 7.00000 3.00000 26.00000 27.00000 13.00000 18.00000 20.00000 17.00000 15.00000 8.00000 31.00000 8.00000 28.00000 30.00000 0.00000 30.00000 21.00000 28.00000 7.00000 15.00000 18.00000 24.00000 16.00000
20.00000 25.00000 8.00000 24.00000 34.00000 18.00000 20.00000 12.00000 2.00000 33.00000 16.00000 20.00000 33.00000 22.00000 18.00000 22.00000 33.00000 18.00000 19.00000 16.00000 21.00000 20.00000 18.00000 17.00000 33.00000 31.00000 15.00000 27.00000 33.00000 18.00000 19.00000 2.00000 10.00000 3.00000 33.00000 14.00000 25.00000 28.00000 28.00000 12.00000 2.00000 10.00000 26.00000 21.00000 25.00000 31.00000 31.00000 36.00000 31.00000 29.00000 29.00000 12.00000 13.00000 13.00000 30.00000 31.00000 6.00000 16.00000 26.00000 15.00000 20.00000 35.00000 24.00000 32.00000 2.00000 25.00000 5.00000 2.00000 29.00000 0.00000 21.00000 18.00000 31.00000 18.00000 17.00000 15.00000 20.00000
11.00000 14.00000 17.00000 16.00000 23.00000 6.00000 6.00000 12.00000 22.00000 21.00000 12.00000 7.00000 21.00000 8.00000 15.00000 9.00000 20.00000 7.00000 7.00000 8.00000 4.00000 11.00000 6.00000 8.00000 21.00000 19.00000 11.00000 15.00000 21.00000 4.00000 8.00000 21.00000 15.00000 23.00000 22.00000 15.00000 11.00000 16.00000 16.00000 13.00000 21.00000 15.00000 13.00000 6.00000 12.00000 19.00000 19.00000 22.00000 19.00000 16.00000 16.00000 13.00000 16.00000 11.00000 18.00000 20.00000 18.00000 14.00000 12.00000 13.00000 5.00000 23.00000 11.00000 20.00000 23.00000 14.00000 20.00000 21.00000 20.00000 22.00000 0.00000 15.00000 19.00000 9.00000 7.00000 11.00000 11.00000
16.00000 22.00000 15.00000 24.00000 31.00000 13.00000 13.00000 8.00000 18.00000 30.00000 5.00000 13.00000 30.00000 16.00000 1.00000 17.00000 29.00000 13.00000 13.00000 11.00000 14.00000 16.00000 12.00000 12.00000 29.00000 27.00000 7.00000 23.00000 30.00000 12.00000 14.00000 17.00000 11.00000 19.00000 31.00000 8.00000 18.00000 24.00000 24.00000 9.00000 17.00000 11.00000 21.00000 15.00000 20.00000 27.00000 27.00000 30.00000 28.00000 24.00000 25.00000 11.00000 11.00000 7.00000 26.00000 28.00000 14.00000 8.00000 21.00000 15.00000 14.00000 31.00000 19.00000 28.00000 19.00000 23.00000 16.00000 17.00000 28.00000 18.00000 15.00000 0.00000 27.00000 15.00000 12.00000 8.00000 16.00000
14.00000 11.00000 25.00000 14.00000 5.00000 15.00000 19.00000 24.00000 30.00000 3.00000 24.00000 19.00000 14.00000 18.00000 26.00000 13.00000 2.00000 16.00000 18.00000 18.00000 18.00000 14.00000 17.00000 17.00000 14.00000 12.00000 23.00000 7.00000 3.00000 18.00000 16.00000 30.00000 26.00000 32.00000 4.00000 26.00000 21.00000 10.00000 4.00000 25.00000 29.00000 27.00000 14.00000 15.00000 16.00000 1.00000 12.00000 17.00000 5.00000 20.00000 7.00000 25.00000 27.00000 23.00000 6.00000 5.00000 27.00000 26.00000 12.00000 17.00000 19.00000 16.00000 14.00000 3.00000 32.00000 9.00000 29.00000 30.00000 8.00000 31.00000 20.00000 26.00000 0.00000 14.00000 16.00000 22.00000 14.00000
4.00000 10.00000 13.00000 13.00000 18.00000 5.00000 10.00000 11.00000 18.00000 17.00000 12.00000 10.00000 17.00000 10.00000 14.00000 5.00000 16.00000 6.00000 8.00000 6.00000 9.00000 4.00000 8.00000 6.00000 17.00000 15.00000 10.00000 11.00000 17.00000 9.00000 3.00000 17.00000 14.00000 19.00000 18.00000 14.00000 13.00000 12.00000 12.00000 12.00000 17.00000 14.00000 9.00000 6.00000 8.00000 14.00000 15.00000 20.00000 15.00000 12.00000 12.00000 12.00000 15.00000 10.00000 14.00000 16.00000 14.00000 13.00000 9.00000 6.00000 10.00000 19.00000 7.00000 16.00000 19.00000 10.00000 16.00000 17.00000 16.00000 18.00000 11.00000 14.00000 15.00000 0.00000 5.00000 10.00000 4.00000
8.00000 11.00000 10.00000 14.00000 20.00000 2.00000 8.00000 9.00000 16.00000 19.00000 9.00000 6.00000 19.00000 8.00000 11.00000 6.00000 18.00000 2.00000 5.00000 3.00000 7.00000 8.00000 4.00000 3.00000 18.00000 16.00000 8.00000 12.00000 19.00000 7.00000 3.00000 15.00000 11.00000 17.00000 20.00000 11.00000 11.00000 14.00000 14.00000 10.00000 14.00000 12.00000 10.00000 5.00000 9.00000 16.00000 17.00000 22.00000 17.00000 13.00000 14.00000 10.00000 13.00000 8.00000 16.00000 17.00000 12.00000 11.00000 10.00000 7.00000 8.00000 20.00000 8.00000 17.00000 17.00000 12.00000 14.00000 15.00000 18.00000 16.00000 9.00000 11.00000 17.00000 5.00000 0.00000 7.00000 8.00000
12.00000 18.00000 11.00000 20.00000 27.00000 9.00000 9.00000 5.00000 14.00000 26.00000 5.00000 9.00000 26.00000 12.00000 7.00000 13.00000 25.00000 9.00000 9.00000 7.00000 10.00000 12.00000 8.00000 8.00000 25.00000 23.00000 3.00000 19.00000 26.00000 8.00000 10.00000 14.00000 7.00000 15.00000 26.00000 7.00000 15.00000 20.00000 20.00000 5.00000 13.00000 8.00000 17.00000 10.00000 16.00000 23.00000 23.00000 26.00000 24.00000 20.00000 21.00000 7.00000 8.00000 4.00000 22.00000 24.00000 10.00000 7.00000 17.00000 11.00000 10.00000 27.00000 15.00000 24.00000 15.00000 19.00000 12.00000 14.00000 24.00000 14.00000 11.00000 7.00000 23.00000 10.00000 8.00000 0.00000 12.00000
0.00000 9.00000 14.00000 11.00000 19.00000 7.00000 11.00000 12.00000 19.00000 17.00000 12.00000 11.00000 17.00000 12.00000 14.00000 7.00000 17.00000 7.00000 9.00000 7.00000 11.00000 0.00000 9.00000 7.00000 17.00000 15.00000 11.00000 11.00000 18.00000 10.00000 6.00000 18.00000 14.00000 20.00000 18.00000 14.00000 15.00000 12.00000 12.00000 13.00000 18.00000 15.00000 11.00000 8.00000 10.00000 15.00000 15.00000 21.00000 16.00000 14.00000 13.00000 13.00000 16.00000 11.00000 14.00000 16.00000 15.00000 14.00000 11.00000 6.00000 12.00000 19.00000 9.00000 16.00000 20.00000 10.00000 17.00000 18.00000 16.00000 19.00000 13.00000 15.00000 15.00000 3.00000 6.00000 11.00000 0.00000
p
0.0 0.0 0.0 0.0 0.0 0.0 
0.0 0.0 0.0 0.0 0.0 0.0 
0.0 0.0 0.0 0.0 0.0 0.0 
0.0 0.0 0.0 0.0 0.0 0.0 
0.0 0.0 0.0 0.0 0.0 0.0 
0.0 0.0 0.0 0.0 0.0 0.0 
0.0 0.0 0.0 0.0 0.0 0.0 
0.0 0.0 0.0 0.0 0.0 0.0 
0.0 0.0 0.0 0.0 0.0 0.0 
0.0 0.0 0.0 0.0 0.0 0.0 
0.0 0.0 0.0 0.0 0.0 0.0 
0.0 0.0 0.0 0.0 0.0 0.0 
0.0 0.0 0.0 0.0 0.0 0.0 
0.0 0.0 0.0 0.0 0.0 0.0 
0.0 0.0 0.0 0.0 0.0 0.0 
0 0 17 0 0 39 
0 0 17 0 0 39 
0 0 17 0 0 39 
0 0 17 0 0 39 
0 0 17 0 0 39 
0 0 17 0 0 39 
0 0 17 0 0 39 
0 0 17 0 0 39 
0 0 17 0 0 39 
0 0 17 0 0 39 
0 0 17 0 0 39 
0 0 17 0 0 39 
0 0 17 0 0 39 
0 0 17 0 0 39 
0 0 17 0 0 39 
0 0 41 0 0 0 
0 0 41 0 0 0 
0 0 41 0 0 0 
0 0 41 0 0 0 
0 0 41 0 0 0 
0 0 41 0 0 0 
0 0 41 0 0 0 
0 0 41 0 0 0 
0 0 41 0 0 0 
0 0 41 0 0 0 
0 0 41 0 0 0 
0 0 41 0 0 0 
0 0 41 0 0 0 
0 0 41 0 0 0 
0 0 41 0 0 0 
0 0 0 54 0 0 
0 0 0 54 0 0 
0 0 0 54 0 0 
0 0 0 54 0 0 
0 0 0 54 0 0 
0 0 0 54 0 0 
0 0 0 54 0 0 
0 0 0 54 0 0 
0 0 0 54 0 0 
0 0 0 54 0 0 
0 0 0 54 0 0 
0 0 0 54 0 0 
0 0 0 54 0 0 
0 0 0 54 0 0 
0 0 0 54 0 0 
0 17 0 55 0 0 
0 17 0 55 0 0 
0 17 0 55 0 0 
0 17 0 55 0 0 
0 17 0 55 0 0 
0 17 0 55 0 0 
0 17 0 55 0 0 
0 17 0 55 0 0 
0 17 0 55 0 0 
0 17 0 55 0 0 
0 17 0 55 0 0 
0 17 0 55 0 0 
0 17 0 55 0 0 
0 17 0 55 0 0 
0 17 0 55 0 0 
0 0 0 55 0 0 
0 0 0 55 0 0 
0 0 0 55 0 0 
0 0 0 55 0 0 
0 0 0 55 0 0 
0 0 0 55 0 0 
0 0 0 55 0 0 
0 0 0 55 0 0 
0 0 0 55 0 0 
0 0 0 55 0 0 
0 0 0 55 0 0 
0 0 0 55 0 0 
0 0 0 55 0 0 
0 0 0 55 0 0 
0 0 0 55 0 0 
0 52 0 0 0 0 
0 52 0 0 0 0 
0 52 0 0 0 0 
0 52 0 0 0 0 
0 52 0 0 0 0 
0 52 0 0 0 0 
0 52 0 0 0 0 
0 52 0 0 0 0 
0 52 0 0 0 0 
0 52 0 0 0 0 
0 52 0 0 0 0 
0 52 0 0 0 0 
0 52 0 0 0 0 
0 52 0 0 0 0 
0 52 0 0 0 0 
0 38 0 0 0 0 
0 38 0 0 0 0 
0 38 0 0 0 0 
0 38 0 0 0 0 
0 38 0 0 0 0 
0 38 0 0 0 0 
0 38 0 0 0 0 
0 38 0 0 0 0 
0 38 0 0 0 0 
0 38 0 0 0 0 
0 38 0 0 0 0 
0 38 0 0 0 0 
0 38 0 0 0 0 
0 38 0 0 0 0 
0 38 0 0 0 0 
0 0 0 17 0 0 
0 0 0 17 0 0 
0 0 0 17 0 0 
0 0 0 17 0 0 
0 0 0 17 0 0 
0 0 0 17 0 0 
0 0 0 17 0 0 
0 0 0 17 0 0 
0 0 0 17 0 0 
0 0 0 17 0 0 
0 0 0 17 0 0 
0 0 0 17 0 0 
0 0 0 17 0 0 
0 0 0 17 0 0 
0 0 0 17 0 0 
0 0 0 0 0 52 
0 0 0 0 0 52 
0 0 0 0 0 52 
0 0 0 0 0 52 
0 0 0 0 0 52 
0 0 0 0 0 52 
0 0 0 0 0 52 
0 0 0 0 0 52 
0 0 0 0 0 52 
0 0 0 0 0 52 
0 0 0 0 0 52 
0 0 0 0 0 52 
0 0 0 0 0 52 
0 0 0 0 0 52 
0 0 0 0 0 52 
0 51 0 0 0 34 
0 51 0 0 0 34 
0 51 0 0 0 34 
0 51 0 0 0 34 
0 51 0 0 0 34 
0 51 0 0 0 34 
0 51 0 0 0 34 
0 51 0 0 0 34 
0 51 0 0 0 34 
0 51 0 0 0 34 
0 51 0 0 0 34 
0 51 0 0 0 34 
0 51 0 0 0 34 
0 51 0 0 0 34 
0 51 0 0 0 34 
0 51 0 0 0 26 
0 51 0 0 0 26 
0 51 0 0 0 26 
0 51 0 0 0 26 
0 51 0 0 0 26 
0 51 0 0 0 26 
0 51 0 0 0 26 
0 51 0 0 0 26 
0 51 0 0 0 26 
0 51 0 0 0 26 
0 51 0 0 0 26 
0 51 0 0 0 26 
0 51 0 0 0 26 
0 51 0 0 0 26 
0 51 0 0 0 26 
0 0 0 0 0 31 
0 0 0 0 0 31 
0 0 0 0 0 31 
0 0 0 0 0 31 
0 0 0 0 0 31 
0 0 0 0 0 31 
0 0 0 0 0 31 
0 0 0 0 0 31 
0 0 0 0 0 31 
0 0 0 0 0 31 
0 0 0 0 0 31 
0 0 0 0 0 31 
0 0 0 0 0 31 
0 0 0 0 0 31 
0 0 0 0 0 31 
0 58 0 0 31 0 
0 58 0 0 31 0 
0 58 0 0 31 0 
0 58 0 0 31 0 
0 58 0 0 31 0 
0 58 0 0 31 0 
0 58 0 0 31 0 
0 58 0 0 31 0 
0 58 0 0 31 0 
0 58 0 0 31 0 
0 58 0 0 31 0 
0 58 0 0 31 0 
0 58 0 0 31 0 
0 58 0 0 31 0 
0 58 0 0 31 0 
0 0 0 0 0 32 
0 0 0 0 0 32 
0 0 0 0 0 32 
0 0 0 0 0 32 
0 0 0 0 0 32 
0 0 0 0 0 32 
0 0 0 0 0 32 
0 0 0 0 0 32 
0 0 0 0 0 32 
0 0 0 0 0 32 
0 0 0 0 0 32 
0 0 0 0 0 32 
0 0 0 0 0 32 
0 0 0 0 0 32 
0 0 0 0 0 32 
0 0 21 0 0 49 
0 0 21 0 0 49 
0 0 21 0 0 49 
0 0 21 0 0 49 
0 0 21 0 0 49 
0 0 21 0 0 49 
0 0 21 0 0 49 
0 0 21 0 0 49 
0 0 21 0 0 49 
0 0 21 0 0 49 
0 0 21 0 0 49 
0 0 21 0 0 49 
0 0 21 0 0 49 
0 0 21 0 0 49 
0 0 21 0 0 49 
0 0 0 0 0 17 
0 0 0 0 0 17 
0 0 0 0 0 17 
0 0 0 0 0 17 
0 0 0 0 0 17 
0 0 0 0 0 17 
0 0 0 0 0 17 
0 0 0 0 0 17 
0 0 0 0 0 17 
0 0 0 0 0 17 
0 0 0 0 0 17 
0 0 0 0 0 17 
0 0 0 0 0 17 
0 0 0 0 0 17 
0 0 0 0 0 17 
0 0 0 53 0 0 
0 0 0 53 0 0 
0 0 0 53 0 0 
0 0 0 53 0 0 
0 0 0 53 0 0 
0 0 0 53 0 0 
0 0 0 53 0 0 
0 0 0 53 0 0 
0 0 0 53 0 0 
0 0 0 53 0 0 
0 0 0 53 0 0 
0 0 0 53 0 0 
0 0 0 53 0 0 
0 0 0 53 0 0 
0 0 0 53 0 0 
0 0 42 20 0 0 
0 0 42 20 0 0 
0 0 42 20 0 0 
0 0 42 20 0 0 
0 0 42 20 0 0 
0 0 42 20 0 0 
0 0 42 20 0 0 
0 0 42 20 0 0 
0 0 42 20 0 0 
0 0 42 20 0 0 
0 0 42 20 0 0 
0 0 42 20 0 0 
0 0 42 20 0 0 
0 0 42 20 0 0 
0 0 42 20 0 0 
30 0 0 0 0 0 
30 0 0 0 0 0 
30 0 0 0 0 0 
30 0 0 0 0 0 
30 0 0 0 0 0 
30 0 0 0 0 0 
30 0 0 0 0 0 
30 0 0 0 0 0 
30 0 0 0 0 0 
30 0 0 0 0 0 
30 0 0 0 0 0 
30 0 0 0 0 0 
30 0 0 0 0 0 
30 0 0 0 0 0 
30 0 0 0 0 0 
49 0 0 0 0 0 
49 0 0 0 0 0 
49 0 0 0 0 0 
49 0 0 0 0 0 
49 0 0 0 0 0 
49 0 0 0 0 0 
49 0 0 0 0 0 
49 0 0 0 0 0 
49 0 0 0 0 0 
49 0 0 0 0 0 
49 0 0 0 0 0 
49 0 0 0 0 0 
49 0 0 0 0 0 
49 0 0 0 0 0 
49 0 0 0 0 0 
0 0 0 29 0 0 
0 0 0 29 0 0 
0 0 0 29 0 0 
0 0 0 29 0 0 
0 0 0 29 0 0 
0 0 0 29 0 0 
0 0 0 29 0 0 
0 0 0 29 0 0 
0 0 0 29 0 0 
0 0 0 29 0 0 
0 0 0 29 0 0 
0 0 0 29 0 0 
0 0 0 29 0 0 
0 0 0 29 0 0 
0 0 0 29 0 0 
0 0 0 0 29 0 
0 0 0 0 29 0 
0 0 0 0 29 0 
0 0 0 0 29 0 
0 0 0 0 29 0 
0 0 0 0 29 0 
0 0 0 0 29 0 
0 0 0 0 29 0 
0 0 0 0 29 0 
0 0 0 0 29 0 
0 0 0 0 29 0 
0 0 0 0 29 0 
0 0 0 0 29 0 
0 0 0 0 29 0 
0 0 0 0 29 0 
0 29 0 0 0 60 
0 29 0 0 0 60 
0 29 0 0 0 60 
0 29 0 0 0 60 
0 29 0 0 0 60 
0 29 0 0 0 60 
0 29 0 0 0 60 
0 29 0 0 0 60 
0 29 0 0 0 60 
0 29 0 0 0 60 
0 29 0 0 0 60 
0 29 0 0 0 60 
0 29 0 0 0 60 
0 29 0 0 0 60 
0 29 0 0 0 60 
0 0 0 51 0 0 
0 0 0 51 0 0 
0 0 0 51 0 0 
0 0 0 51 0 0 
0 0 0 51 0 0 
0 0 0 51 0 0 
0 0 0 51 0 0 
0 0 0 51 0 0 
0 0 0 51 0 0 
0 0 0 51 0 0 
0 0 0 51 0 0 
0 0 0 51 0 0 
0 0 0 51 0 0 
0 0 0 51 0 0 
0 0 0 51 0 0 
0 0 0 40 0 0 
0 0 0 40 0 0 
0 0 0 40 0 0 
0 0 0 40 0 0 
0 0 0 40 0 0 
0 0 0 40 0 0 
0 0 0 40 0 0 
0 0 0 40 0 0 
0 0 0 40 0 0 
0 0 0 40 0 0 
0 0 0 40 0 0 
0 0 0 40 0 0 
0 0 0 40 0 0 
0 0 0 40 0 0 
0 0 0 40 0 0 
0 0 0 0 0 24 
0 0 0 0 0 24 
0 0 0 0 0 24 
0 0 0 0 0 24 
0 0 0 0 0 24 
0 0 0 0 0 24 
0 0 0 0 0 24 
0 0 0 0 0 24 
0 0 0 0 0 24 
0 0 0 0 0 24 
0 0 0 0 0 24 
0 0 0 0 0 24 
0 0 0 0 0 24 
0 0 0 0 0 24 
0 0 0 0 0 24 
20 0 0 0 0 0 
20 0 0 0 0 0 
20 0 0 0 0 0 
20 0 0 0 0 0 
20 0 0 0 0 0 
20 0 0 0 0 0 
20 0 0 0 0 0 
20 0 0 0 0 0 
20 0 0 0 0 0 
20 0 0 0 0 0 
20 0 0 0 0 0 
20 0 0 0 0 0 
20 0 0 0 0 0 
20 0 0 0 0 0 
20 0 0 0 0 0 
0 0 0 0 0 52 
0 0 0 0 0 52 
0 0 0 0 0 52 
0 0 0 0 0 52 
0 0 0 0 0 52 
0 0 0 0 0 52 
0 0 0 0 0 52 
0 0 0 0 0 52 
0 0 0 0 0 52 
0 0 0 0 0 52 
0 0 0 0 0 52 
0 0 0 0 0 52 
0 0 0 0 0 52 
0 0 0 0 0 52 
0 0 0 0 0 52 
0 0 26 0 0 0 
0 0 26 0 0 0 
0 0 26 0 0 0 
0 0 26 0 0 0 
0 0 26 0 0 0 
0 0 26 0 0 0 
0 0 26 0 0 0 
0 0 26 0 0 0 
0 0 26 0 0 0 
0 0 26 0 0 0 
0 0 26 0 0 0 
0 0 26 0 0 0 
0 0 26 0 0 0 
0 0 26 0 0 0 
0 0 26 0 0 0 
0 0 26 0 0 0 
0 0 26 0 0 0 
0 0 26 0 0 0 
0 0 26 0 0 0 
0 0 26 0 0 0 
0 0 26 0 0 0 
0 0 26 0 0 0 
0 0 26 0 0 0 
0 0 26 0 0 0 
0 0 26 0 0 0 
0 0 26 0 0 0 
0 0 26 0 0 0 
0 0 26 0 0 0 
0 0 26 0 0 0 
0 0 26 0 0 0 
27 0 0 0 0 0 
27 0 0 0 0 0 
27 0 0 0 0 0 
27 0 0 0 0 0 
27 0 0 0 0 0 
27 0 0 0 0 0 
27 0 0 0 0 0 
27 0 0 0 0 0 
27 0 0 0 0 0 
27 0 0 0 0 0 
27 0 0 0 0 0 
27 0 0 0 0 0 
27 0 0 0 0 0 
27 0 0 0 0 0 
27 0 0 0 0 0 
0 0 47 0 0 0 
0 0 47 0 0 0 
0 0 47 0 0 0 
0 0 47 0 0 0 
0 0 47 0 0 0 
0 0 47 0 0 0 
0 0 47 0 0 0 
0 0 47 0 0 0 
0 0 47 0 0 0 
0 0 47 0 0 0 
0 0 47 0 0 0 
0 0 47 0 0 0 
0 0 47 0 0 0 
0 0 47 0 0 0 
0 0 47 0 0 0 
0 56 0 41 0 0 
0 56 0 41 0 0 
0 56 0 41 0 0 
0 56 0 41 0 0 
0 56 0 41 0 0 
0 56 0 41 0 0 
0 56 0 41 0 0 
0 56 0 41 0 0 
0 56 0 41 0 0 
0 56 0 41 0 0 
0 56 0 41 0 0 
0 56 0 41 0 0 
0 56 0 41 0 0 
0 56 0 41 0 0 
0 56 0 41 0 0 
41 0 0 0 0 0 
41 0 0 0 0 0 
41 0 0 0 0 0 
41 0 0 0 0 0 
41 0 0 0 0 0 
41 0 0 0 0 0 
41 0 0 0 0 0 
41 0 0 0 0 0 
41 0 0 0 0 0 
41 0 0 0 0 0 
41 0 0 0 0 0 
41 0 0 0 0 0 
41 0 0 0 0 0 
41 0 0 0 0 0 
41 0 0 0 0 0 
0 0 0 0 0 47 
0 0 0 0 0 47 
0 0 0 0 0 47 
0 0 0 0 0 47 
0 0 0 0 0 47 
0 0 0 0 0 47 
0 0 0 0 0 47 
0 0 0 0 0 47 
0 0 0 0 0 47 
0 0 0 0 0 47 
0 0 0 0 0 47 
0 0 0 0 0 47 
0 0 0 0 0 47 
0 0 0 0 0 47 
0 0 0 0 0 47 
0 0 43 0 0 0 
0 0 43 0 0 0 
0 0 43 0 0 0 
0 0 43 0 0 0 
0 0 43 0 0 0 
0 0 43 0 0 0 
0 0 43 0 0 0 
0 0 43 0 0 0 
0 0 43 0 0 0 
0 0 43 0 0 0 
0 0 43 0 0 0 
0 0 43 0 0 0 
0 0 43 0 0 0 
0 0 43 0 0 0 
0 0 43 0 0 0 
0 0 39 0 0 0 
0 0 39 0 0 0 
0 0 39 0 0 0 
0 0 39 0 0 0 
0 0 39 0 0 0 
0 0 39 0 0 0 
0 0 39 0 0 0 
0 0 39 0 0 0 
0 0 39 0 0 0 
0 0 39 0 0 0 
0 0 39 0 0 0 
0 0 39 0 0 0 
0 0 39 0 0 0 
0 0 39 0 0 0 
0 0 39 0 0 0 
0 0 0 48 0 0 
0 0 0 48 0 0 
0 0 0 48 0 0 
0 0 0 48 0 0 
0 0 0 48 0 0 
0 0 0 48 0 0 
0 0 0 48 0 0 
0 0 0 48 0 0 
0 0 0 48 0 0 
0 0 0 48 0 0 
0 0 0 48 0 0 
0 0 0 48 0 0 
0 0 0 48 0 0 
0 0 0 48 0 0 
0 0 0 48 0 0 
0 0 30 0 0 0 
0 0 30 0 0 0 
0 0 30 0 0 0 
0 0 30 0 0 0 
0 0 30 0 0 0 
0 0 30 0 0 0 
0 0 30 0 0 0 
0 0 30 0 0 0 
0 0 30 0 0 0 
0 0 30 0 0 0 
0 0 30 0 0 0 
0 0 30 0 0 0 
0 0 30 0 0 0 
0 0 30 0 0 0 
0 0 30 0 0 0 
43 0 0 0 0 0 
43 0 0 0 0 0 
43 0 0 0 0 0 
43 0 0 0 0 0 
43 0 0 0 0 0 
43 0 0 0 0 0 
43 0 0 0 0 0 
43 0 0 0 0 0 
43 0 0 0 0 0 
43 0 0 0 0 0 
43 0 0 0 0 0 
43 0 0 0 0 0 
43 0 0 0 0 0 
43 0 0 0 0 0 
43 0 0 0 0 0 
40 0 0 0 0 24 
40 0 0 0 0 24 
40 0 0 0 0 24 
40 0 0 0 0 24 
40 0 0 0 0 24 
40 0 0 0 0 24 
40 0 0 0 0 24 
40 0 0 0 0 24 
40 0 0 0 0 24 
40 0 0 0 0 24 
40 0 0 0 0 24 
40 0 0 0 0 24 
40 0 0 0 0 24 
40 0 0 0 0 24 
40 0 0 0 0 24 
0 0 42 39 0 0 
0 0 42 39 0 0 
0 0 42 39 0 0 
0 0 42 39 0 0 
0 0 42 39 0 0 
0 0 42 39 0 0 
0 0 42 39 0 0 
0 0 42 39 0 0 
0 0 42 39 0 0 
0 0 42 39 0 0 
0 0 42 39 0 0 
0 0 42 39 0 0 
0 0 42 39 0 0 
0 0 42 39 0 0 
0 0 42 39 0 0 
16 0 0 0 0 29 
16 0 0 0 0 29 
16 0 0 0 0 29 
16 0 0 0 0 29 
16 0 0 0 0 29 
16 0 0 0 0 29 
16 0 0 0 0 29 
16 0 0 0 0 29 
16 0 0 0 0 29 
16 0 0 0 0 29 
16 0 0 0 0 29 
16 0 0 0 0 29 
16 0 0 0 0 29 
16 0 0 0 0 29 
16 0 0 0 0 29 
33 0 0 0 0 0 
33 0 0 0 0 0 
33 0 0 0 0 0 
33 0 0 0 0 0 
33 0 0 0 0 0 
33 0 0 0 0 0 
33 0 0 0 0 0 
33 0 0 0 0 0 
33 0 0 0 0 0 
33 0 0 0 0 0 
33 0 0 0 0 0 
33 0 0 0 0 0 
33 0 0 0 0 0 
33 0 0 0 0 0 
33 0 0 0 0 0 
0 0 37 0 0 32 
0 0 37 0 0 32 
0 0 37 0 0 32 
0 0 37 0 0 32 
0 0 37 0 0 32 
0 0 37 0 0 32 
0 0 37 0 0 32 
0 0 37 0 0 32 
0 0 37 0 0 32 
0 0 37 0 0 32 
0 0 37 0 0 32 
0 0 37 0 0 32 
0 0 37 0 0 32 
0 0 37 0 0 32 
0 0 37 0 0 32 
0 0 46 0 0 0 
0 0 46 0 0 0 
0 0 46 0 0 0 
0 0 46 0 0 0 
0 0 46 0 0 0 
0 0 46 0 0 0 
0 0 46 0 0 0 
0 0 46 0 0 0 
0 0 46 0 0 0 
0 0 46 0 0 0 
0 0 46 0 0 0 
0 0 46 0 0 0 
0 0 46 0 0 0 
0 0 46 0 0 0 
0 0 46 0 0 0 
0 0 0 0 15 0 
0 0 0 0 15 0 
0 0 0 0 15 0 
0 0 0 0 15 0 
0 0 0 0 15 0 
0 0 0 0 15 0 
0 0 0 0 15 0 
0 0 0 0 15 0 
0 0 0 0 15 0 
0 0 0 0 15 0 
0 0 0 0 15 0 
0 0 0 0 15 0 
0 0 0 0 15 0 
0 0 0 0 15 0 
0 0 0 0 15 0 
0 0 0 23 0 0 
0 0 0 23 0 0 
0 0 0 23 0 0 
0 0 0 23 0 0 
0 0 0 23 0 0 
0 0 0 23 0 0 
0 0 0 23 0 0 
0 0 0 23 0 0 
0 0 0 23 0 0 
0 0 0 23 0 0 
0 0 0 23 0 0 
0 0 0 23 0 0 
0 0 0 23 0 0 
0 0 0 23 0 0 
0 0 0 23 0 0 
0 0 0 0 0 58 
0 0 0 0 0 58 
0 0 0 0 0 58 
0 0 0 0 0 58 
0 0 0 0 0 58 
0 0 0 0 0 58 
0 0 0 0 0 58 
0 0 0 0 0 58 
0 0 0 0 0 58 
0 0 0 0 0 58 
0 0 0 0 0 58 
0 0 0 0 0 58 
0 0 0 0 0 58 
0 0 0 0 0 58 
0 0 0 0 0 58 
0 41 0 0 0 0 
0 41 0 0 0 0 
0 41 0 0 0 0 
0 41 0 0 0 0 
0 41 0 0 0 0 
0 41 0 0 0 0 
0 41 0 0 0 0 
0 41 0 0 0 0 
0 41 0 0 0 0 
0 41 0 0 0 0 
0 41 0 0 0 0 
0 41 0 0 0 0 
0 41 0 0 0 0 
0 41 0 0 0 0 
0 41 0 0 0 0 
40 0 0 0 0 0 
40 0 0 0 0 0 
40 0 0 0 0 0 
40 0 0 0 0 0 
40 0 0 0 0 0 
40 0 0 0 0 0 
40 0 0 0 0 0 
40 0 0 0 0 0 
40 0 0 0 0 0 
40 0 0 0 0 0 
40 0 0 0 0 0 
40 0 0 0 0 0 
40 0 0 0 0 0 
40 0 0 0 0 0 
40 0 0 0 0 0 
0 0 20 0 0 0 
0 0 20 0 0 0 
0 0 20 0 0 0 
0 0 20 0 0 0 
0 0 20 0 0 0 
0 0 20 0 0 0 
0 0 20 0 0 0 
0 0 20 0 0 0 
0 0 20 0 0 0 
0 0 20 0 0 0 
0 0 20 0 0 0 
0 0 20 0 0 0 
0 0 20 0 0 0 
0 0 20 0 0 0 
0 0 20 0 0 0 
0 0 0 0 0 52 
0 0 0 0 0 52 
0 0 0 0 0 52 
0 0 0 0 0 52 
0 0 0 0 0 52 
0 0 0 0 0 52 
0 0 0 0 0 52 
0 0 0 0 0 52 
0 0 0 0 0 52 
0 0 0 0 0 52 
0 0 0 0 0 52 
0 0 0 0 0 52 
0 0 0 0 0 52 
0 0 0 0 0 52 
0 0 0 0 0 52 
0 0 44 0 0 0 
0 0 44 0 0 0 
0 0 44 0 0 0 
0 0 44 0 0 0 
0 0 44 0 0 0 
0 0 44 0 0 0 
0 0 44 0 0 0 
0 0 44 0 0 0 
0 0 44 0 0 0 
0 0 44 0 0 0 
0 0 44 0 0 0 
0 0 44 0 0 0 
0 0 44 0 0 0 
0 0 44 0 0 0 
0 0 44 0 0 0 
23 0 0 0 0 0 
23 0 0 0 0 0 
23 0 0 0 0 0 
23 0 0 0 0 0 
23 0 0 0 0 0 
23 0 0 0 0 0 
23 0 0 0 0 0 
23 0 0 0 0 0 
23 0 0 0 0 0 
23 0 0 0 0 0 
23 0 0 0 0 0 
23 0 0 0 0 0 
23 0 0 0 0 0 
23 0 0 0 0 0 
23 0 0 0 0 0 
25 0 0 0 0 0 
25 0 0 0 0 0 
25 0 0 0 0 0 
25 0 0 0 0 0 
25 0 0 0 0 0 
25 0 0 0 0 0 
25 0 0 0 0 0 
25 0 0 0 0 0 
25 0 0 0 0 0 
25 0 0 0 0 0 
25 0 0 0 0 0 
25 0 0 0 0 0 
25 0 0 0 0 0 
25 0 0 0 0 0 
25 0 0 0 0 0 
58 0 0 56 0 0 
58 0 0 56 0 0 
58 0 0 56 0 0 
58 0 0 56 0 0 
58 0 0 56 0 0 
58 0 0 56 0 0 
58 0 0 56 0 0 
58 0 0 56 0 0 
58 0 0 56 0 0 
58 0 0 56 0 0 
58 0 0 56 0 0 
58 0 0 56 0 0 
58 0 0 56 0 0 
58 0 0 56 0 0 
58 0 0 56 0 0 
0 0 0 35 0 0 
0 0 0 35 0 0 
0 0 0 35 0 0 
0 0 0 35 0 0 
0 0 0 35 0 0 
0 0 0 35 0 0 
0 0 0 35 0 0 
0 0 0 35 0 0 
0 0 0 35 0 0 
0 0 0 35 0 0 
0 0 0 35 0 0 
0 0 0 35 0 0 
0 0 0 35 0 0 
0 0 0 35 0 0 
0 0 0 35 0 0 
0 42 0 0 0 31 
0 42 0 0 0 31 
0 42 0 0 0 31 
0 42 0 0 0 31 
0 42 0 0 0 31 
0 42 0 0 0 31 
0 42 0 0 0 31 
0 42 0 0 0 31 
0 42 0 0 0 31 
0 42 0 0 0 31 
0 42 0 0 0 31 
0 42 0 0 0 31 
0 42 0 0 0 31 
0 42 0 0 0 31 
0 42 0 0 0 31 
49 0 0 27 0 0 
49 0 0 27 0 0 
49 0 0 27 0 0 
49 0 0 27 0 0 
49 0 0 27 0 0 
49 0 0 27 0 0 
49 0 0 27 0 0 
49 0 0 27 0 0 
49 0 0 27 0 0 
49 0 0 27 0 0 
49 0 0 27 0 0 
49 0 0 27 0 0 
49 0 0 27 0 0 
49 0 0 27 0 0 
49 0 0 27 0 0 
0 28 0 0 0 48 
0 28 0 0 0 48 
0 28 0 0 0 48 
0 28 0 0 0 48 
0 28 0 0 0 48 
0 28 0 0 0 48 
0 28 0 0 0 48 
0 28 0 0 0 48 
0 28 0 0 0 48 
0 28 0 0 0 48 
0 28 0 0 0 48 
0 28 0 0 0 48 
0 28 0 0 0 48 
0 28 0 0 0 48 
0 28 0 0 0 48 
0 0 44 0 27 0 
0 0 44 0 27 0 
0 0 44 0 27 0 
0 0 44 0 27 0 
0 0 44 0 27 0 
0 0 44 0 27 0 
0 0 44 0 27 0 
0 0 44 0 27 0 
0 0 44 0 27 0 
0 0 44 0 27 0 
0 0 44 0 27 0 
0 0 44 0 27 0 
0 0 44 0 27 0 
0 0 44 0 27 0 
0 0 44 0 27 0 
0 0 46 0 0 0 
0 0 46 0 0 0 
0 0 46 0 0 0 
0 0 46 0 0 0 
0 0 46 0 0 0 
0 0 46 0 0 0 
0 0 46 0 0 0 
0 0 46 0 0 0 
0 0 46 0 0 0 
0 0 46 0 0 0 
0 0 46 0 0 0 
0 0 46 0 0 0 
0 0 46 0 0 0 
0 0 46 0 0 0 
0 0 46 0 0 0 
0 0 33 18 0 0 
0 0 33 18 0 0 
0 0 33 18 0 0 
0 0 33 18 0 0 
0 0 33 18 0 0 
0 0 33 18 0 0 
0 0 33 18 0 0 
0 0 33 18 0 0 
0 0 33 18 0 0 
0 0 33 18 0 0 
0 0 33 18 0 0 
0 0 33 18 0 0 
0 0 33 18 0 0 
0 0 33 18 0 0 
0 0 33 18 0 0 
0 0 44 0 0 39 
0 0 44 0 0 39 
0 0 44 0 0 39 
0 0 44 0 0 39 
0 0 44 0 0 39 
0 0 44 0 0 39 
0 0 44 0 0 39 
0 0 44 0 0 39 
0 0 44 0 0 39 
0 0 44 0 0 39 
0 0 44 0 0 39 
0 0 44 0 0 39 
0 0 44 0 0 39 
0 0 44 0 0 39 
0 0 44 0 0 39 
0 23 0 0 0 0 
0 23 0 0 0 0 
0 23 0 0 0 0 
0 23 0 0 0 0 
0 23 0 0 0 0 
0 23 0 0 0 0 
0 23 0 0 0 0 
0 23 0 0 0 0 
0 23 0 0 0 0 
0 23 0 0 0 0 
0 23 0 0 0 0 
0 23 0 0 0 0 
0 23 0 0 0 0 
0 23 0 0 0 0 
0 23 0 0 0 0 
0 46 0 0 0 0 
0 46 0 0 0 0 
0 46 0 0 0 0 
0 46 0 0 0 0 
0 46 0 0 0 0 
0 46 0 0 0 0 
0 46 0 0 0 0 
0 46 0 0 0 0 
0 46 0 0 0 0 
0 46 0 0 0 0 
0 46 0 0 0 0 
0 46 0 0 0 0 
0 46 0 0 0 0 
0 46 0 0 0 0 
0 46 0 0 0 0 
0 0 0 0 0 25 
0 0 0 0 0 25 
0 0 0 0 0 25 
0 0 0 0 0 25 
0 0 0 0 0 25 
0 0 0 0 0 25 
0 0 0 0 0 25 
0 0 0 0 0 25 
0 0 0 0 0 25 
0 0 0 0 0 25 
0 0 0 0 0 25 
0 0 0 0 0 25 
0 0 0 0 0 25 
0 0 0 0 0 25 
0 0 0 0 0 25 
0 54 0 0 0 0 
0 54 0 0 0 0 
0 54 0 0 0 0 
0 54 0 0 0 0 
0 54 0 0 0 0 
0 54 0 0 0 0 
0 54 0 0 0 0 
0 54 0 0 0 0 
0 54 0 0 0 0 
0 54 0 0 0 0 
0 54 0 0 0 0 
0 54 0 0 0 0 
0 54 0 0 0 0 
0 54 0 0 0 0 
0 54 0 0 0 0 
19 0 0 0 50 0 
19 0 0 0 50 0 
19 0 0 0 50 0 
19 0 0 0 50 0 
19 0 0 0 50 0 
19 0 0 0 50 0 
19 0 0 0 50 0 
19 0 0 0 50 0 
19 0 0 0 50 0 
19 0 0 0 50 0 
19 0 0 0 50 0 
19 0 0 0 50 0 
19 0 0 0 50 0 
19 0 0 0 50 0 
19 0 0 0 50 0 
0 38 0 0 50 0 
0 38 0 0 50 0 
0 38 0 0 50 0 
0 38 0 0 50 0 
0 38 0 0 50 0 
0 38 0 0 50 0 
0 38 0 0 50 0 
0 38 0 0 50 0 
0 38 0 0 50 0 
0 38 0 0 50 0 
0 38 0 0 50 0 
0 38 0 0 50 0 
0 38 0 0 50 0 
0 38 0 0 50 0 
0 38 0 0 50 0 
0 0 0 0 0 23 
0 0 0 0 0 23 
0 0 0 0 0 23 
0 0 0 0 0 23 
0 0 0 0 0 23 
0 0 0 0 0 23 
0 0 0 0 0 23 
0 0 0 0 0 23 
0 0 0 0 0 23 
0 0 0 0 0 23 
0 0 0 0 0 23 
0 0 0 0 0 23 
0 0 0 0 0 23 
0 0 0 0 0 23 
0 0 0 0 0 23 
60 0 0 0 0 0 
60 0 0 0 0 0 
60 0 0 0 0 0 
60 0 0 0 0 0 
60 0 0 0 0 0 
60 0 0 0 0 0 
60 0 0 0 0 0 
60 0 0 0 0 0 
60 0 0 0 0 0 
60 0 0 0 0 0 
60 0 0 0 0 0 
60 0 0 0 0 0 
60 0 0 0 0 0 
60 0 0 0 0 0 
60 0 0 0 0 0 
0 27 0 0 41 0 
0 27 0 0 41 0 
0 27 0 0 41 0 
0 27 0 0 41 0 
0 27 0 0 41 0 
0 27 0 0 41 0 
0 27 0 0 41 0 
0 27 0 0 41 0 
0 27 0 0 41 0 
0 27 0 0 41 0 
0 27 0 0 41 0 
0 27 0 0 41 0 
0 27 0 0 41 0 
0 27 0 0 41 0 
0 27 0 0 41 0 
0 0 18 50 0 0 
0 0 18 50 0 0 
0 0 18 50 0 0 
0 0 18 50 0 0 
0 0 18 50 0 0 
0 0 18 50 0 0 
0 0 18 50 0 0 
0 0 18 50 0 0 
0 0 18 50 0 0 
0 0 18 50 0 0 
0 0 18 50 0 0 
0 0 18 50 0 0 
0 0 18 50 0 0 
0 0 18 50 0 0 
0 0 18 50 0 0 
0.0 0.0 0.0 0.0 0.0 0.0 
0.0 0.0 0.0 0.0 0.0 0.0 
0.0 0.0 0.0 0.0 0.0 0.0 
0.0 0.0 0.0 0.0 0.0 0.0 
0.0 0.0 0.0 0.0 0.0 0.0 
0.0 0.0 0.0 0.0 0.0 0.0 
0.0 0.0 0.0 0.0 0.0 0.0 
0.0 0.0 0.0 0.0 0.0 0.0 
0.0 0.0 0.0 0.0 0.0 0.0 
0.0 0.0 0.0 0.0 0.0 0.0 
0.0 0.0 0.0 0.0 0.0 0.0 
0.0 0.0 0.0 0.0 0.0 0.0 
0.0 0.0 0.0 0.0 0.0 0.0 
0.0 0.0 0.0 0.0 0.0 0.0 
0.0 0.0 0.0 0.0 0.0 0.0 
mind
0 0 0 0 0 0 0 0 0 0 0 0 0 19 0 17 0 0 27 0 0 0 0 14 0 0 0 0 0 0 0 0 0 0 0 0 0 0 0 0 0 0 17 0 0 16 0 0 0 0 0 0 0 0 0 0 0 24 0 0 0 0 12 0 13 19 0 0 0 0 0 13 0 0 0 21 0
maxd
0 0 0 0 0 0 0 0 0 0 0 0 0 28 0 24 0 0 29 0 0 0 0 20 0 0 0 0 0 0 0 0 0 0 0 0 0 0 0 0 0 0 23 0 0 21 0 0 0 0 0 0 0 0 0 0 0 25 0 0 0 0 30 0 30 28 0 0 0 0 0 15 0 0 0 30 0
e
0 903 672 800 620 811 670 925 683 489 908 555 562 728 531 694 654 915 848 853 752 815 937 891 902 927 685 707 584 651 507 667 480 563 715 641 807 496 736 493 896 671 671 716 915 574 554 758 509 678 866 847 734 599 568 688 745 875 873 578 696 761 677 572 673 881 758 883 883 790 522 618 791 824 852 543 0
l
99999 1023 792 920 740 931 790 1045 803 609 1028 675 682 848 651 814 774 1035 968 973 872 935 1057 1011 1022 1047 805 827 704 771 627 787 600 683 835 761 927 616 856 613 1016 791 791 836 1035 694 674 878 629 798 986 967 854 719 688 808 865 995 993 698 816 881 797 692 793 1001 878 1003 1003 910 642 738 911 944 972 663 99999
