nbNodes
77
nbVehi
15
nbServi
6
r
1 1 1 1 1 1 
0 0 0 1 0 0 
0 1 0 1 0 0 
0 0 1 0 0 0 
1 0 0 1 0 0 
0 0 1 0 0 1 
0 0 0 0 1 0 
0 0 0 0 0 1 
0 1 0 0 0 1 
0 0 0 1 0 0 
0 0 1 0 0 0 
0 1 0 0 0 1 
1 0 0 0 1 0 
0 0 0 0 1 0 
1 0 0 0 0 0 
0 1 0 0 0 0 
0 0 0 1 0 0 
0 1 0 0 0 0 
0 1 0 0 0 0 
1 0 0 0 0 1 
0 0 0 0 1 0 
0 0 1 0 0 1 
0 0 1 0 0 1 
0 1 0 0 1 0 
0 1 0 0 0 0 
0 0 1 0 1 0 
0 1 0 0 0 1 
1 0 0 0 0 0 
0 0 0 0 1 0 
0 1 0 0 1 0 
0 1 0 0 0 0 
0 0 1 0 0 1 
0 0 1 0 0 0 
0 0 0 0 1 0 
0 0 1 0 0 0 
0 1 0 0 0 1 
0 0 0 0 0 1 
0 0 1 0 1 0 
1 0 0 0 1 0 
0 0 0 0 0 1 
1 0 0 0 0 0 
0 0 0 0 0 1 
0 0 0 1 0 0 
0 1 0 0 0 0 
0 1 0 1 0 0 
0 1 0 0 0 0 
0 0 0 0 0 1 
0 0 0 1 0 0 
0 0 1 0 0 0 
0 1 0 0 0 0 
1 0 0 0 1 0 
1 0 0 0 0 0 
0 0 0 0 1 0 
0 0 0 1 0 0 
0 1 0 0 0 0 
0 0 1 0 0 1 
0 1 0 0 0 1 
0 0 1 0 0 0 
0 0 0 1 0 0 
0 1 0 0 0 0 
0 1 0 0 0 0 
0 1 0 0 0 0 
0 0 1 0 0 1 
1 0 0 1 0 0 
0 0 0 0 0 1 
0 0 1 0 0 0 
0 0 1 0 1 0 
0 1 0 0 0 0 
0 0 1 0 0 0 
0 1 0 0 0 0 
0 0 0 1 0 0 
0 0 0 1 0 0 
0 0 0 0 0 1 
0 0 0 0 0 1 
0 0 0 1 0 0 
0 0 0 0 1 0 
1 1 1 1 1 1 
DS
3 5 6 9 12 13 20 22 23 24 26 27 30 32 36 38 39 45 51 56 57 63 64 67 
a
0 1 0 0 0 0 
0 1 1 0 0 0 
1 1 1 0 0 0 
0 1 1 0 0 0 
1 1 0 0 0 0 
1 1 1 0 0 0 
1 1 1 0 0 0 
0 0 0 1 0 0 
0 0 0 1 1 1 
0 0 0 0 1 0 
0 0 0 1 1 1 
0 0 0 0 1 1 
0 0 0 1 1 1 
0 0 0 0 0 1 
0 0 0 1 1 1 
x
-30.0236 -30.1599 -30.1379 -30.043 -30.1219 -30.0379 -30.0177 -30.0493 -30.1233 -30.0193 -30.0607 -30.0641 -30.0243 -30.0087 -30.0553 -30.0201 -30.0227 -30.0654 -30.0282 -30.0953 -30.0432 -30.0169 -30.0721 -30.0591 -30.0233 -30.0479 -30.0588 -30.0593 -30.1754 -30.1097 -29.9911 -30.0849 -30.1297 -30.028 -30.175 -30.0001 -30.0179 -30.0236 -30.0297 -30.2229 -30.056 -30.0458 -30.0803 -30.0273 -30.0231 -30.1301 -30.0748 -30.0223 -30.0265 -30.0623 -30.0463 -30.0326 -30.0669 -30.004 -30.0112 -30.0511 -30.0594 -30.0726 -30.0307 -30.0466 -30.0328 -30.0174 -30.0202 -30.1622 -30.0516 -30.0555 -30.0587 -30.063 -30.1085 -30.0334 -30.0746 -30.0665 -30.0209 -30.0756 -30.1604 -30.0625 -30.0236
y
-51.1182 -51.1742 -51.2085 -51.188 -51.2011 -51.1253 -51.1003 -51.2056 -51.2181 -51.2091 -51.1448 -51.1517 -51.1281 -51.1821 -51.1453 -51.1293 -51.1285 -51.1525 -51.0903 -51.1365 -51.194 -51.2081 -51.2098 -51.1454 -51.1271 -51.1626 -51.1398 -51.1425 -51.1912 -51.2106 -51.1942 -51.2076 -51.2054 -51.11 -51.185 -51.0994 -51.1769 -51.1182 -51.1163 -51.0827 -51.1517 -51.2036 -51.2222 -51.1199 -51.1237 -51.2018 -51.1529 -51.1262 -51.2255 -51.145 -51.2067 -51.186 -51.1551 -51.2014 -51.201 -51.1651 -51.2233 -51.1637 -51.1355 -51.1809 -51.137 -51.1732 -51.0954 -51.2 -51.2057 -51.1448 -51.1429 -51.1466 -51.2439 -51.1271 -51.214 -51.1772 -51.2003 -51.1664 -51.1388 -51.1518 -51.1182
d
0.00000 41.00000 36.00000 14.00000 33.00000 4.00000 5.00000 19.00000 31.00000 18.00000 13.00000 11.00000 3.00000 15.00000 10.00000 5.00000 4.00000 13.00000 8.00000 19.00000 16.00000 18.00000 23.00000 11.00000 3.00000 12.00000 12.00000 12.00000 47.00000 29.00000 18.00000 23.00000 35.00000 5.00000 43.00000 8.00000 13.00000 0.00000 3.00000 48.00000 10.00000 18.00000 25.00000 3.00000 2.00000 34.00000 14.00000 3.00000 21.00000 13.00000 19.00000 15.00000 13.00000 16.00000 17.00000 13.00000 23.00000 17.00000 6.00000 14.00000 7.00000 12.00000 6.00000 38.00000 19.00000 10.00000 11.00000 12.00000 29.00000 6.00000 23.00000 17.00000 16.00000 19.00000 39.00000 12.00000 0.00000
40.00000 0.00000 12.00000 32.00000 14.00000 38.00000 43.00000 28.00000 14.00000 35.00000 35.00000 32.00000 41.00000 37.00000 33.00000 42.00000 42.00000 31.00000 47.00000 25.00000 32.00000 36.00000 24.00000 33.00000 41.00000 33.00000 35.00000 34.00000 11.00000 17.00000 39.00000 22.00000 14.00000 43.00000 8.00000 46.00000 35.00000 40.00000 40.00000 19.00000 34.00000 29.00000 23.00000 39.00000 40.00000 12.00000 34.00000 42.00000 34.00000 34.00000 29.00000 33.00000 31.00000 37.00000 36.00000 31.00000 29.00000 33.00000 38.00000 29.00000 38.00000 36.00000 44.00000 7.00000 27.00000 33.00000 34.00000 33.00000 19.00000 39.00000 23.00000 28.00000 33.00000 33.00000 9.00000 31.00000 40.00000
35.00000 13.00000 0.00000 27.00000 7.00000 33.00000 38.00000 23.00000 8.00000 30.00000 30.00000 26.00000 36.00000 31.00000 28.00000 37.00000 37.00000 25.00000 41.00000 26.00000 27.00000 30.00000 18.00000 28.00000 36.00000 27.00000 30.00000 30.00000 19.00000 11.00000 34.00000 16.00000 6.00000 37.00000 15.00000 41.00000 29.00000 35.00000 35.00000 29.00000 29.00000 23.00000 17.00000 33.00000 35.00000 4.00000 28.00000 36.00000 29.00000 29.00000 23.00000 28.00000 26.00000 32.00000 30.00000 25.00000 24.00000 27.00000 33.00000 24.00000 33.00000 30.00000 39.00000 10.00000 22.00000 28.00000 29.00000 28.00000 14.00000 34.00000 17.00000 22.00000 27.00000 28.00000 19.00000 26.00000 35.00000
14.00000 31.00000 26.00000 0.00000 23.00000 12.00000 17.00000 6.00000 21.00000 8.00000 14.00000 10.00000 15.00000 10.00000 11.00000 16.00000 16.00000 10.00000 20.00000 18.00000 4.00000 9.00000 12.00000 12.00000 15.00000 8.00000 14.00000 13.00000 37.00000 19.00000 13.00000 13.00000 25.00000 17.00000 33.00000 20.00000 8.00000 14.00000 14.00000 46.00000 12.00000 6.00000 15.00000 13.00000 14.00000 24.00000 13.00000 15.00000 9.00000 13.00000 6.00000 4.00000 11.00000 11.00000 9.00000 7.00000 10.00000 12.00000 12.00000 3.00000 12.00000 9.00000 18.00000 28.00000 7.00000 11.00000 13.00000 12.00000 19.00000 13.00000 12.00000 9.00000 6.00000 13.00000 36.00000 10.00000 14.00000
30.00000 13.00000 7.00000 22.00000 0.00000 29.00000 33.00000 19.00000 6.00000 26.00000 26.00000 22.00000 31.00000 27.00000 24.00000 32.00000 32.00000 21.00000 37.00000 21.00000 23.00000 26.00000 14.00000 24.00000 32.00000 23.00000 26.00000 25.00000 20.00000 6.00000 30.00000 12.00000 6.00000 33.00000 16.00000 37.00000 25.00000 30.00000 31.00000 28.00000 25.00000 19.00000 13.00000 29.00000 31.00000 4.00000 24.00000 32.00000 25.00000 25.00000 19.00000 24.00000 21.00000 28.00000 26.00000 21.00000 20.00000 23.00000 29.00000 20.00000 29.00000 26.00000 34.00000 13.00000 18.00000 24.00000 25.00000 24.00000 12.00000 30.00000 13.00000 18.00000 23.00000 24.00000 18.00000 22.00000 30.00000
4.00000 38.00000 33.00000 11.00000 30.00000 0.00000 7.00000 16.00000 28.00000 17.00000 10.00000 9.00000 6.00000 15.00000 7.00000 8.00000 6.00000 10.00000 11.00000 16.00000 14.00000 17.00000 20.00000 8.00000 5.00000 9.00000 9.00000 9.00000 44.00000 26.00000 18.00000 20.00000 32.00000 7.00000 41.00000 11.00000 13.00000 4.00000 4.00000 46.00000 7.00000 15.00000 22.00000 3.00000 5.00000 31.00000 11.00000 6.00000 18.00000 10.00000 16.00000 12.00000 11.00000 17.00000 17.00000 10.00000 20.00000 14.00000 6.00000 12.00000 6.00000 14.00000 8.00000 35.00000 17.00000 7.00000 9.00000 9.00000 26.00000 3.00000 20.00000 14.00000 15.00000 17.00000 36.00000 9.00000 4.00000
5.00000 44.00000 39.00000 17.00000 36.00000 7.00000 0.00000 21.00000 33.00000 20.00000 16.00000 14.00000 6.00000 17.00000 13.00000 7.00000 7.00000 16.00000 5.00000 22.00000 19.00000 20.00000 26.00000 14.00000 6.00000 15.00000 15.00000 15.00000 50.00000 32.00000 20.00000 26.00000 38.00000 6.00000 46.00000 6.00000 15.00000 5.00000 6.00000 46.00000 13.00000 21.00000 27.00000 6.00000 5.00000 37.00000 17.00000 6.00000 24.00000 16.00000 22.00000 18.00000 16.00000 18.00000 19.00000 16.00000 26.00000 20.00000 9.00000 17.00000 10.00000 14.00000 2.00000 41.00000 22.00000 13.00000 14.00000 15.00000 32.00000 9.00000 26.00000 20.00000 18.00000 22.00000 41.00000 15.00000 5.00000
18.00000 28.00000 22.00000 7.00000 19.00000 16.00000 21.00000 0.00000 17.00000 8.00000 15.00000 10.00000 19.00000 10.00000 12.00000 19.00000 20.00000 10.00000 25.00000 18.00000 5.00000 9.00000 7.00000 12.00000 19.00000 11.00000 14.00000 14.00000 34.00000 15.00000 12.00000 9.00000 21.00000 21.00000 30.00000 24.00000 10.00000 18.00000 18.00000 42.00000 14.00000 2.00000 10.00000 17.00000 18.00000 20.00000 13.00000 20.00000 9.00000 13.00000 2.00000 8.00000 10.00000 10.00000 8.00000 10.00000 6.00000 12.00000 16.00000 8.00000 16.00000 11.00000 22.00000 25.00000 2.00000 13.00000 14.00000 12.00000 15.00000 18.00000 7.00000 7.00000 6.00000 12.00000 32.00000 10.00000 18.00000
29.00000 14.00000 9.00000 21.00000 6.00000 27.00000 32.00000 17.00000 0.00000 24.00000 25.00000 21.00000 30.00000 25.00000 23.00000 31.00000 31.00000 20.00000 36.00000 22.00000 21.00000 25.00000 13.00000 22.00000 30.00000 21.00000 24.00000 24.00000 20.00000 5.00000 28.00000 11.00000 7.00000 32.00000 16.00000 35.00000 24.00000 29.00000 29.00000 30.00000 24.00000 18.00000 12.00000 28.00000 29.00000 6.00000 23.00000 30.00000 24.00000 24.00000 18.00000 22.00000 20.00000 26.00000 24.00000 20.00000 18.00000 22.00000 27.00000 18.00000 27.00000 24.00000 33.00000 11.00000 16.00000 23.00000 24.00000 22.00000 8.00000 28.00000 12.00000 17.00000 22.00000 22.00000 19.00000 20.00000 29.00000
18.00000 34.00000 29.00000 10.00000 26.00000 18.00000 20.00000 9.00000 24.00000 0.00000 20.00000 16.00000 18.00000 6.00000 17.00000 16.00000 18.00000 16.00000 24.00000 24.00000 9.00000 3.00000 13.00000 17.00000 18.00000 14.00000 19.00000 19.00000 40.00000 22.00000 6.00000 16.00000 28.00000 22.00000 36.00000 21.00000 7.00000 18.00000 20.00000 49.00000 17.00000 8.00000 16.00000 18.00000 18.00000 27.00000 19.00000 17.00000 5.00000 19.00000 8.00000 8.00000 16.00000 4.00000 3.00000 13.00000 11.00000 18.00000 16.00000 10.00000 16.00000 8.00000 21.00000 31.00000 10.00000 17.00000 19.00000 17.00000 21.00000 18.00000 14.00000 13.00000 4.00000 19.00000 38.00000 15.00000 18.00000
13.00000 35.00000 30.00000 13.00000 27.00000 11.00000 16.00000 13.00000 24.00000 18.00000 0.00000 5.00000 14.00000 17.00000 4.00000 15.00000 15.00000 7.00000 19.00000 13.00000 14.00000 19.00000 17.00000 3.00000 14.00000 8.00000 4.00000 4.00000 41.00000 23.00000 20.00000 17.00000 29.00000 16.00000 37.00000 19.00000 15.00000 13.00000 13.00000 45.00000 6.00000 13.00000 19.00000 12.00000 13.00000 28.00000 8.00000 14.00000 19.00000 2.00000 14.00000 14.00000 7.00000 19.00000 19.00000 7.00000 18.00000 11.00000 12.00000 11.00000 12.00000 16.00000 17.00000 32.00000 13.00000 4.00000 5.00000 3.00000 23.00000 12.00000 17.00000 11.00000 16.00000 13.00000 33.00000 6.00000 13.00000
11.00000 31.00000 27.00000 11.00000 24.00000 10.00000 14.00000 10.00000 22.00000 17.00000 5.00000 0.00000 12.00000 15.00000 3.00000 14.00000 13.00000 4.00000 18.00000 10.00000 12.00000 17.00000 14.00000 3.00000 13.00000 6.00000 5.00000 5.00000 38.00000 20.00000 18.00000 14.00000 26.00000 14.00000 34.00000 18.00000 13.00000 11.00000 12.00000 41.00000 5.00000 11.00000 16.00000 10.00000 12.00000 25.00000 4.00000 13.00000 17.00000 4.00000 11.00000 12.00000 4.00000 17.00000 17.00000 5.00000 15.00000 7.00000 10.00000 9.00000 11.00000 14.00000 15.00000 29.00000 10.00000 3.00000 5.00000 3.00000 20.00000 11.00000 14.00000 8.00000 14.00000 10.00000 29.00000 1.00000 11.00000
3.00000 41.00000 36.00000 14.00000 33.00000 5.00000 6.00000 19.00000 31.00000 18.00000 13.00000 12.00000 0.00000 16.00000 10.00000 3.00000 2.00000 13.00000 9.00000 19.00000 17.00000 18.00000 23.00000 11.00000 1.00000 12.00000 12.00000 12.00000 47.00000 29.00000 18.00000 23.00000 35.00000 7.00000 44.00000 9.00000 13.00000 3.00000 5.00000 50.00000 10.00000 19.00000 25.00000 4.00000 1.00000 34.00000 14.00000 2.00000 21.00000 13.00000 19.00000 14.00000 14.00000 16.00000 18.00000 13.00000 23.00000 17.00000 4.00000 15.00000 4.00000 12.00000 7.00000 38.00000 20.00000 10.00000 12.00000 12.00000 29.00000 6.00000 23.00000 17.00000 17.00000 20.00000 39.00000 12.00000 3.00000
13.00000 38.00000 32.00000 10.00000 29.00000 14.00000 14.00000 12.00000 27.00000 7.00000 17.00000 15.00000 12.00000 0.00000 14.00000 11.00000 13.00000 16.00000 18.00000 23.00000 11.00000 7.00000 17.00000 15.00000 12.00000 12.00000 16.00000 16.00000 44.00000 26.00000 7.00000 19.00000 31.00000 16.00000 40.00000 17.00000 3.00000 13.00000 14.00000 53.00000 14.00000 12.00000 20.00000 13.00000 12.00000 30.00000 18.00000 12.00000 11.00000 17.00000 11.00000 8.00000 16.00000 5.00000 7.00000 12.00000 15.00000 18.00000 12.00000 10.00000 12.00000 4.00000 16.00000 35.00000 13.00000 14.00000 15.00000 16.00000 26.00000 14.00000 17.00000 16.00000 7.00000 19.00000 42.00000 15.00000 13.00000
9.00000 33.00000 28.00000 11.00000 25.00000 8.00000 12.00000 12.00000 23.00000 17.00000 5.00000 4.00000 10.00000 15.00000 0.00000 12.00000 11.00000 5.00000 16.00000 11.00000 12.00000 17.00000 15.00000 2.00000 11.00000 6.00000 3.00000 2.00000 39.00000 21.00000 18.00000 15.00000 27.00000 12.00000 35.00000 16.00000 13.00000 9.00000 10.00000 43.00000 2.00000 11.00000 17.00000 8.00000 10.00000 26.00000 6.00000 11.00000 17.00000 5.00000 12.00000 12.00000 6.00000 17.00000 17.00000 5.00000 16.00000 9.00000 8.00000 9.00000 9.00000 14.00000 13.00000 30.00000 11.00000 1.00000 2.00000 4.00000 21.00000 9.00000 15.00000 9.00000 14.00000 11.00000 31.00000 4.00000 9.00000
5.00000 42.00000 37.00000 16.00000 34.00000 7.00000 7.00000 20.00000 32.00000 17.00000 15.00000 13.00000 3.00000 14.00000 11.00000 0.00000 2.00000 15.00000 10.00000 21.00000 18.00000 17.00000 24.00000 13.00000 3.00000 13.00000 14.00000 13.00000 49.00000 31.00000 16.00000 25.00000 36.00000 8.00000 45.00000 10.00000 11.00000 5.00000 7.00000 51.00000 12.00000 20.00000 26.00000 5.00000 3.00000 35.00000 15.00000 3.00000 21.00000 15.00000 19.00000 15.00000 15.00000 14.00000 16.00000 15.00000 23.00000 19.00000 5.00000 16.00000 6.00000 11.00000 8.00000 40.00000 21.00000 12.00000 13.00000 13.00000 31.00000 7.00000 24.00000 19.00000 15.00000 21.00000 41.00000 13.00000 5.00000
4.00000 42.00000 37.00000 16.00000 34.00000 6.00000 7.00000 20.00000 32.00000 19.00000 15.00000 13.00000 2.00000 16.00000 11.00000 2.00000 0.00000 14.00000 10.00000 21.00000 18.00000 19.00000 24.00000 12.00000 2.00000 13.00000 14.00000 13.00000 49.00000 31.00000 18.00000 24.00000 36.00000 8.00000 45.00000 10.00000 13.00000 4.00000 6.00000 50.00000 12.00000 20.00000 26.00000 5.00000 2.00000 35.00000 15.00000 2.00000 22.00000 14.00000 20.00000 15.00000 15.00000 16.00000 18.00000 14.00000 24.00000 18.00000 5.00000 16.00000 5.00000 13.00000 8.00000 40.00000 21.00000 11.00000 13.00000 13.00000 31.00000 7.00000 24.00000 18.00000 17.00000 21.00000 40.00000 13.00000 4.00000
12.00000 31.00000 27.00000 11.00000 24.00000 10.00000 15.00000 11.00000 22.00000 17.00000 6.00000 2.00000 13.00000 15.00000 3.00000 14.00000 14.00000 0.00000 18.00000 9.00000 12.00000 17.00000 14.00000 3.00000 13.00000 6.00000 5.00000 5.00000 37.00000 20.00000 18.00000 14.00000 26.00000 14.00000 33.00000 18.00000 13.00000 12.00000 12.00000 41.00000 5.00000 11.00000 16.00000 10.00000 12.00000 25.00000 4.00000 13.00000 17.00000 4.00000 12.00000 12.00000 2.00000 17.00000 17.00000 5.00000 15.00000 6.00000 11.00000 9.00000 11.00000 14.00000 16.00000 29.00000 10.00000 4.00000 5.00000 3.00000 20.00000 11.00000 14.00000 8.00000 14.00000 9.00000 29.00000 2.00000 12.00000
9.00000 48.00000 43.00000 21.00000 40.00000 12.00000 6.00000 26.00000 38.00000 24.00000 20.00000 19.00000 10.00000 22.00000 17.00000 12.00000 11.00000 20.00000 0.00000 26.00000 24.00000 24.00000 30.00000 18.00000 10.00000 19.00000 19.00000 19.00000 54.00000 36.00000 24.00000 30.00000 42.00000 10.00000 50.00000 11.00000 19.00000 9.00000 10.00000 52.00000 17.00000 25.00000 32.00000 10.00000 9.00000 41.00000 21.00000 10.00000 28.00000 20.00000 26.00000 22.00000 21.00000 22.00000 24.00000 20.00000 30.00000 24.00000 13.00000 21.00000 14.00000 18.00000 4.00000 45.00000 26.00000 17.00000 19.00000 19.00000 36.00000 13.00000 30.00000 24.00000 23.00000 27.00000 44.00000 19.00000 9.00000
19.00000 24.00000 25.00000 19.00000 20.00000 17.00000 22.00000 18.00000 22.00000 24.00000 13.00000 10.00000 20.00000 23.00000 11.00000 21.00000 21.00000 11.00000 26.00000 0.00000 19.00000 24.00000 21.00000 11.00000 20.00000 14.00000 13.00000 12.00000 31.00000 21.00000 26.00000 19.00000 24.00000 22.00000 27.00000 25.00000 21.00000 19.00000 19.00000 37.00000 12.00000 19.00000 23.00000 18.00000 19.00000 22.00000 12.00000 21.00000 24.00000 12.00000 19.00000 20.00000 12.00000 25.00000 24.00000 13.00000 22.00000 15.00000 18.00000 17.00000 18.00000 21.00000 23.00000 26.00000 18.00000 11.00000 12.00000 11.00000 27.00000 18.00000 21.00000 15.00000 22.00000 18.00000 24.00000 10.00000 19.00000
15.00000 31.00000 26.00000 3.00000 23.00000 13.00000 18.00000 5.00000 21.00000 9.00000 15.00000 11.00000 16.00000 11.00000 12.00000 17.00000 17.00000 11.00000 21.00000 19.00000 0.00000 10.00000 11.00000 13.00000 16.00000 9.00000 15.00000 14.00000 37.00000 19.00000 14.00000 13.00000 25.00000 18.00000 33.00000 21.00000 9.00000 15.00000 15.00000 46.00000 13.00000 5.00000 14.00000 14.00000 15.00000 24.00000 14.00000 16.00000 9.00000 14.00000 5.00000 6.00000 12.00000 12.00000 10.00000 9.00000 9.00000 13.00000 13.00000 4.00000 13.00000 10.00000 19.00000 28.00000 6.00000 12.00000 14.00000 13.00000 19.00000 14.00000 11.00000 9.00000 7.00000 14.00000 35.00000 11.00000 15.00000
19.00000 35.00000 29.00000 10.00000 26.00000 18.00000 20.00000 9.00000 24.00000 2.00000 20.00000 16.00000 18.00000 7.00000 18.00000 17.00000 19.00000 17.00000 24.00000 25.00000 10.00000 0.00000 14.00000 18.00000 18.00000 15.00000 20.00000 20.00000 41.00000 23.00000 7.00000 16.00000 28.00000 22.00000 37.00000 21.00000 7.00000 19.00000 20.00000 49.00000 18.00000 9.00000 17.00000 19.00000 18.00000 27.00000 19.00000 18.00000 5.00000 19.00000 8.00000 9.00000 17.00000 5.00000 3.00000 14.00000 11.00000 19.00000 17.00000 11.00000 17.00000 8.00000 22.00000 32.00000 11.00000 18.00000 19.00000 18.00000 22.00000 19.00000 14.00000 14.00000 4.00000 19.00000 39.00000 16.00000 19.00000
22.00000 23.00000 18.00000 12.00000 15.00000 20.00000 25.00000 7.00000 13.00000 14.00000 17.00000 13.00000 23.00000 16.00000 15.00000 24.00000 24.00000 12.00000 28.00000 21.00000 11.00000 14.00000 0.00000 15.00000 23.00000 14.00000 17.00000 17.00000 29.00000 11.00000 18.00000 5.00000 17.00000 25.00000 26.00000 28.00000 16.00000 22.00000 22.00000 38.00000 16.00000 7.00000 4.00000 21.00000 22.00000 16.00000 15.00000 23.00000 13.00000 16.00000 8.00000 13.00000 13.00000 16.00000 14.00000 13.00000 7.00000 14.00000 20.00000 11.00000 20.00000 16.00000 26.00000 20.00000 6.00000 15.00000 17.00000 15.00000 11.00000 21.00000 2.00000 9.00000 12.00000 15.00000 28.00000 13.00000 22.00000
11.00000 33.00000 28.00000 11.00000 25.00000 9.00000 14.00000 11.00000 22.00000 16.00000 4.00000 3.00000 12.00000 15.00000 2.00000 13.00000 13.00000 5.00000 17.00000 11.00000 12.00000 17.00000 15.00000 0.00000 12.00000 6.00000 3.00000 2.00000 39.00000 21.00000 18.00000 15.00000 26.00000 13.00000 35.00000 17.00000 13.00000 11.00000 11.00000 43.00000 4.00000 11.00000 16.00000 9.00000 11.00000 25.00000 6.00000 12.00000 17.00000 4.00000 12.00000 12.00000 5.00000 17.00000 17.00000 5.00000 16.00000 9.00000 10.00000 9.00000 10.00000 14.00000 15.00000 30.00000 11.00000 2.00000 2.00000 4.00000 21.00000 10.00000 15.00000 9.00000 14.00000 11.00000 31.00000 3.00000 11.00000
3.00000 42.00000 37.00000 15.00000 34.00000 5.00000 6.00000 19.00000 31.00000 18.00000 14.00000 12.00000 1.00000 16.00000 11.00000 3.00000 2.00000 14.00000 9.00000 20.00000 17.00000 18.00000 24.00000 12.00000 0.00000 12.00000 13.00000 12.00000 48.00000 30.00000 18.00000 24.00000 35.00000 7.00000 44.00000 9.00000 13.00000 3.00000 5.00000 50.00000 11.00000 19.00000 25.00000 4.00000 1.00000 34.00000 15.00000 2.00000 22.00000 14.00000 20.00000 15.00000 14.00000 16.00000 18.00000 14.00000 24.00000 18.00000 4.00000 15.00000 5.00000 12.00000 7.00000 39.00000 20.00000 11.00000 12.00000 13.00000 30.00000 6.00000 24.00000 18.00000 17.00000 20.00000 40.00000 13.00000 3.00000
11.00000 33.00000 27.00000 8.00000 24.00000 9.00000 14.00000 11.00000 22.00000 13.00000 10.00000 5.00000 12.00000 12.00000 7.00000 13.00000 13.00000 7.00000 18.00000 14.00000 10.00000 14.00000 14.00000 7.00000 12.00000 0.00000 9.00000 9.00000 39.00000 20.00000 15.00000 14.00000 26.00000 14.00000 35.00000 18.00000 10.00000 11.00000 11.00000 46.00000 8.00000 10.00000 16.00000 10.00000 12.00000 25.00000 8.00000 13.00000 15.00000 8.00000 11.00000 9.00000 7.00000 14.00000 13.00000 3.00000 15.00000 10.00000 9.00000 6.00000 9.00000 11.00000 15.00000 30.00000 11.00000 8.00000 9.00000 7.00000 20.00000 11.00000 14.00000 8.00000 12.00000 11.00000 34.00000 5.00000 11.00000
12.00000 35.00000 30.00000 13.00000 27.00000 10.00000 15.00000 13.00000 24.00000 18.00000 4.00000 5.00000 13.00000 17.00000 3.00000 14.00000 14.00000 7.00000 18.00000 13.00000 14.00000 19.00000 17.00000 3.00000 13.00000 8.00000 0.00000 2.00000 41.00000 23.00000 20.00000 17.00000 28.00000 15.00000 37.00000 18.00000 15.00000 12.00000 12.00000 45.00000 5.00000 13.00000 18.00000 11.00000 12.00000 27.00000 8.00000 13.00000 19.00000 4.00000 14.00000 14.00000 7.00000 19.00000 19.00000 7.00000 18.00000 11.00000 11.00000 11.00000 11.00000 16.00000 16.00000 32.00000 13.00000 3.00000 2.00000 6.00000 23.00000 11.00000 17.00000 11.00000 16.00000 13.00000 33.00000 5.00000 12.00000
11.00000 34.00000 29.00000 13.00000 26.00000 10.00000 14.00000 13.00000 24.00000 18.00000 4.00000 5.00000 12.00000 16.00000 2.00000 14.00000 13.00000 6.00000 18.00000 12.00000 13.00000 18.00000 16.00000 2.00000 13.00000 8.00000 2.00000 0.00000 41.00000 22.00000 19.00000 16.00000 28.00000 14.00000 37.00000 18.00000 14.00000 11.00000 11.00000 44.00000 4.00000 12.00000 18.00000 10.00000 12.00000 27.00000 7.00000 13.00000 18.00000 4.00000 13.00000 14.00000 7.00000 18.00000 18.00000 6.00000 17.00000 10.00000 10.00000 10.00000 11.00000 15.00000 15.00000 32.00000 13.00000 2.00000 1.00000 5.00000 22.00000 11.00000 16.00000 10.00000 16.00000 13.00000 32.00000 5.00000 11.00000
46.00000 12.00000 18.00000 38.00000 20.00000 44.00000 49.00000 34.00000 20.00000 41.00000 41.00000 38.00000 47.00000 43.00000 39.00000 48.00000 48.00000 37.00000 53.00000 31.00000 38.00000 42.00000 30.00000 39.00000 47.00000 39.00000 41.00000 41.00000 0.00000 23.00000 45.00000 28.00000 21.00000 49.00000 6.00000 52.00000 41.00000 46.00000 46.00000 23.00000 40.00000 35.00000 29.00000 45.00000 46.00000 18.00000 40.00000 47.00000 40.00000 40.00000 35.00000 39.00000 37.00000 43.00000 41.00000 37.00000 35.00000 39.00000 44.00000 35.00000 44.00000 41.00000 50.00000 13.00000 33.00000 39.00000 41.00000 39.00000 25.00000 45.00000 29.00000 34.00000 39.00000 39.00000 15.00000 37.00000 46.00000
27.00000 17.00000 11.00000 19.00000 6.00000 25.00000 30.00000 15.00000 5.00000 22.00000 23.00000 18.00000 28.00000 23.00000 21.00000 29.00000 29.00000 18.00000 33.00000 22.00000 19.00000 22.00000 11.00000 20.00000 28.00000 19.00000 22.00000 22.00000 23.00000 0.00000 26.00000 9.00000 8.00000 30.00000 19.00000 33.00000 22.00000 27.00000 27.00000 30.00000 22.00000 16.00000 10.00000 26.00000 27.00000 7.00000 21.00000 28.00000 22.00000 22.00000 16.00000 20.00000 18.00000 24.00000 22.00000 18.00000 16.00000 20.00000 25.00000 16.00000 25.00000 22.00000 31.00000 14.00000 14.00000 21.00000 22.00000 20.00000 8.00000 26.00000 10.00000 14.00000 20.00000 20.00000 19.00000 18.00000 27.00000
18.00000 39.00000 34.00000 12.00000 31.00000 20.00000 20.00000 13.00000 29.00000 7.00000 22.00000 18.00000 18.00000 7.00000 19.00000 16.00000 18.00000 19.00000 24.00000 27.00000 13.00000 6.00000 18.00000 20.00000 18.00000 16.00000 22.00000 21.00000 45.00000 27.00000 0.00000 21.00000 33.00000 22.00000 41.00000 18.00000 9.00000 18.00000 20.00000 54.00000 20.00000 13.00000 21.00000 19.00000 18.00000 32.00000 21.00000 17.00000 9.00000 21.00000 12.00000 10.00000 19.00000 4.00000 6.00000 16.00000 16.00000 21.00000 17.00000 13.00000 17.00000 10.00000 21.00000 36.00000 15.00000 19.00000 21.00000 20.00000 26.00000 19.00000 18.00000 18.00000 8.00000 21.00000 43.00000 18.00000 18.00000
21.00000 24.00000 18.00000 13.00000 15.00000 19.00000 24.00000 9.00000 13.00000 16.00000 17.00000 13.00000 22.00000 17.00000 15.00000 23.00000 23.00000 12.00000 28.00000 19.00000 13.00000 16.00000 5.00000 14.00000 22.00000 13.00000 16.00000 16.00000 29.00000 11.00000 20.00000 0.00000 17.00000 24.00000 26.00000 27.00000 16.00000 21.00000 21.00000 38.00000 16.00000 10.00000 7.00000 20.00000 21.00000 16.00000 15.00000 22.00000 16.00000 16.00000 10.00000 14.00000 12.00000 18.00000 16.00000 12.00000 10.00000 14.00000 19.00000 10.00000 19.00000 16.00000 25.00000 20.00000 8.00000 15.00000 16.00000 14.00000 11.00000 20.00000 5.00000 9.00000 14.00000 14.00000 28.00000 12.00000 21.00000
32.00000 14.00000 7.00000 24.00000 6.00000 31.00000 36.00000 21.00000 7.00000 28.00000 28.00000 24.00000 33.00000 29.00000 26.00000 34.00000 34.00000 23.00000 39.00000 24.00000 25.00000 28.00000 16.00000 26.00000 34.00000 25.00000 28.00000 27.00000 21.00000 8.00000 32.00000 14.00000 0.00000 35.00000 17.00000 39.00000 27.00000 32.00000 33.00000 31.00000 27.00000 21.00000 15.00000 31.00000 33.00000 4.00000 26.00000 34.00000 27.00000 27.00000 21.00000 26.00000 24.00000 30.00000 28.00000 23.00000 22.00000 25.00000 31.00000 22.00000 31.00000 28.00000 36.00000 13.00000 20.00000 26.00000 27.00000 26.00000 13.00000 32.00000 15.00000 20.00000 25.00000 26.00000 20.00000 24.00000 32.00000
5.00000 44.00000 39.00000 17.00000 35.00000 7.00000 6.00000 21.00000 33.00000 22.00000 16.00000 14.00000 7.00000 20.00000 12.00000 9.00000 8.00000 16.00000 9.00000 22.00000 19.00000 22.00000 26.00000 14.00000 7.00000 14.00000 15.00000 14.00000 50.00000 32.00000 22.00000 26.00000 37.00000 0.00000 46.00000 11.00000 17.00000 5.00000 5.00000 49.00000 13.00000 21.00000 27.00000 5.00000 6.00000 36.00000 17.00000 7.00000 24.00000 16.00000 22.00000 18.00000 16.00000 20.00000 21.00000 16.00000 26.00000 20.00000 10.00000 17.00000 11.00000 16.00000 7.00000 41.00000 22.00000 13.00000 14.00000 15.00000 32.00000 9.00000 26.00000 20.00000 20.00000 22.00000 41.00000 14.00000 5.00000
42.00000 8.00000 14.00000 34.00000 16.00000 40.00000 45.00000 30.00000 16.00000 37.00000 37.00000 34.00000 43.00000 39.00000 35.00000 44.00000 44.00000 33.00000 49.00000 27.00000 34.00000 38.00000 26.00000 35.00000 43.00000 35.00000 37.00000 37.00000 6.00000 19.00000 41.00000 24.00000 17.00000 45.00000 0.00000 48.00000 37.00000 42.00000 42.00000 21.00000 37.00000 31.00000 25.00000 41.00000 42.00000 14.00000 36.00000 44.00000 36.00000 36.00000 31.00000 35.00000 33.00000 39.00000 38.00000 33.00000 31.00000 35.00000 40.00000 31.00000 40.00000 38.00000 46.00000 9.00000 29.00000 35.00000 37.00000 35.00000 21.00000 41.00000 25.00000 30.00000 35.00000 35.00000 13.00000 33.00000 42.00000
9.00000 47.00000 42.00000 20.00000 39.00000 11.00000 5.00000 25.00000 37.00000 22.00000 19.00000 18.00000 9.00000 19.00000 16.00000 11.00000 10.00000 19.00000 10.00000 25.00000 23.00000 22.00000 29.00000 17.00000 9.00000 18.00000 18.00000 18.00000 53.00000 35.00000 21.00000 29.00000 41.00000 11.00000 49.00000 0.00000 16.00000 9.00000 10.00000 48.00000 16.00000 24.00000 31.00000 9.00000 8.00000 40.00000 20.00000 9.00000 23.00000 19.00000 24.00000 21.00000 20.00000 19.00000 21.00000 19.00000 28.00000 23.00000 12.00000 20.00000 13.00000 16.00000 7.00000 44.00000 25.00000 16.00000 18.00000 18.00000 35.00000 12.00000 29.00000 23.00000 20.00000 26.00000 43.00000 18.00000 9.00000
13.00000 36.00000 31.00000 8.00000 27.00000 14.00000 14.00000 10.00000 25.00000 6.00000 17.00000 14.00000 12.00000 4.00000 13.00000 11.00000 13.00000 14.00000 18.00000 23.00000 9.00000 6.00000 15.00000 15.00000 12.00000 11.00000 16.00000 15.00000 42.00000 24.00000 8.00000 18.00000 29.00000 17.00000 38.00000 17.00000 0.00000 13.00000 14.00000 51.00000 14.00000 10.00000 18.00000 13.00000 12.00000 28.00000 17.00000 12.00000 10.00000 17.00000 9.00000 6.00000 15.00000 7.00000 6.00000 11.00000 13.00000 16.00000 11.00000 9.00000 11.00000 2.00000 16.00000 33.00000 12.00000 13.00000 15.00000 15.00000 24.00000 13.00000 15.00000 15.00000 5.00000 17.00000 40.00000 14.00000 13.00000
0.00000 41.00000 36.00000 14.00000 33.00000 4.00000 5.00000 19.00000 31.00000 18.00000 13.00000 11.00000 3.00000 15.00000 10.00000 5.00000 4.00000 13.00000 8.00000 19.00000 16.00000 18.00000 23.00000 11.00000 3.00000 12.00000 12.00000 12.00000 47.00000 29.00000 18.00000 23.00000 35.00000 5.00000 43.00000 8.00000 13.00000 0.00000 3.00000 48.00000 10.00000 18.00000 25.00000 3.00000 2.00000 34.00000 14.00000 3.00000 21.00000 13.00000 19.00000 15.00000 13.00000 16.00000 17.00000 13.00000 23.00000 17.00000 6.00000 14.00000 7.00000 12.00000 6.00000 38.00000 19.00000 10.00000 11.00000 12.00000 29.00000 6.00000 23.00000 17.00000 16.00000 19.00000 39.00000 12.00000 0.00000
3.00000 42.00000 37.00000 15.00000 34.00000 5.00000 6.00000 20.00000 32.00000 20.00000 14.00000 12.00000 5.00000 18.00000 11.00000 7.00000 6.00000 14.00000 10.00000 20.00000 17.00000 20.00000 24.00000 12.00000 5.00000 13.00000 13.00000 13.00000 48.00000 30.00000 20.00000 24.00000 36.00000 5.00000 44.00000 10.00000 15.00000 3.00000 0.00000 48.00000 11.00000 19.00000 26.00000 3.00000 4.00000 35.00000 15.00000 5.00000 22.00000 14.00000 20.00000 16.00000 14.00000 18.00000 19.00000 14.00000 24.00000 18.00000 8.00000 15.00000 9.00000 14.00000 7.00000 39.00000 20.00000 11.00000 12.00000 13.00000 30.00000 7.00000 24.00000 18.00000 19.00000 20.00000 40.00000 13.00000 3.00000
49.00000 20.00000 28.00000 46.00000 28.00000 48.00000 49.00000 42.00000 30.00000 49.00000 44.00000 41.00000 51.00000 50.00000 42.00000 53.00000 51.00000 43.00000 53.00000 37.00000 46.00000 49.00000 37.00000 42.00000 51.00000 45.00000 44.00000 44.00000 23.00000 30.00000 53.00000 35.00000 31.00000 50.00000 21.00000 49.00000 48.00000 49.00000 49.00000 0.00000 43.00000 42.00000 36.00000 48.00000 50.00000 28.00000 43.00000 51.00000 48.00000 43.00000 43.00000 47.00000 43.00000 51.00000 49.00000 44.00000 43.00000 46.00000 49.00000 43.00000 50.00000 49.00000 51.00000 24.00000 41.00000 42.00000 43.00000 42.00000 35.00000 50.00000 36.00000 41.00000 47.00000 46.00000 18.00000 41.00000 49.00000
11.00000 33.00000 28.00000 11.00000 25.00000 9.00000 14.00000 11.00000 23.00000 17.00000 6.00000 4.00000 12.00000 15.00000 3.00000 13.00000 13.00000 6.00000 17.00000 12.00000 12.00000 17.00000 15.00000 4.00000 12.00000 6.00000 5.00000 5.00000 39.00000 21.00000 18.00000 15.00000 27.00000 14.00000 35.00000 17.00000 13.00000 11.00000 11.00000 44.00000 0.00000 11.00000 17.00000 10.00000 11.00000 26.00000 7.00000 12.00000 17.00000 6.00000 12.00000 12.00000 6.00000 17.00000 17.00000 5.00000 16.00000 10.00000 10.00000 9.00000 10.00000 14.00000 15.00000 30.00000 11.00000 3.00000 4.00000 5.00000 21.00000 10.00000 15.00000 9.00000 14.00000 11.00000 32.00000 5.00000 11.00000
18.00000 30.00000 24.00000 7.00000 21.00000 16.00000 21.00000 3.00000 19.00000 8.00000 14.00000 10.00000 19.00000 10.00000 12.00000 19.00000 20.00000 10.00000 24.00000 18.00000 5.00000 8.00000 9.00000 12.00000 19.00000 11.00000 14.00000 13.00000 35.00000 17.00000 12.00000 11.00000 23.00000 21.00000 32.00000 24.00000 10.00000 18.00000 18.00000 44.00000 13.00000 0.00000 12.00000 17.00000 18.00000 22.00000 13.00000 19.00000 9.00000 13.00000 3.00000 8.00000 11.00000 10.00000 8.00000 9.00000 7.00000 12.00000 16.00000 7.00000 16.00000 10.00000 22.00000 26.00000 4.00000 12.00000 13.00000 12.00000 17.00000 17.00000 9.00000 8.00000 5.00000 13.00000 34.00000 10.00000 18.00000
24.00000 22.00000 17.00000 16.00000 14.00000 22.00000 27.00000 11.00000 12.00000 17.00000 20.00000 16.00000 25.00000 19.00000 18.00000 26.00000 26.00000 15.00000 31.00000 23.00000 14.00000 18.00000 4.00000 18.00000 25.00000 17.00000 20.00000 19.00000 28.00000 10.00000 21.00000 6.00000 16.00000 27.00000 24.00000 30.00000 19.00000 24.00000 24.00000 37.00000 19.00000 11.00000 0.00000 23.00000 24.00000 15.00000 18.00000 26.00000 17.00000 19.00000 11.00000 17.00000 15.00000 19.00000 17.00000 15.00000 9.00000 17.00000 22.00000 13.00000 22.00000 20.00000 28.00000 19.00000 10.00000 18.00000 19.00000 18.00000 10.00000 23.00000 3.00000 12.00000 15.00000 17.00000 27.00000 15.00000 24.00000
2.00000 41.00000 36.00000 14.00000 33.00000 4.00000 5.00000 19.00000 31.00000 18.00000 13.00000 12.00000 3.00000 15.00000 10.00000 5.00000 4.00000 13.00000 8.00000 19.00000 17.00000 18.00000 23.00000 11.00000 3.00000 12.00000 12.00000 12.00000 47.00000 29.00000 18.00000 23.00000 35.00000 5.00000 43.00000 8.00000 13.00000 2.00000 3.00000 49.00000 10.00000 18.00000 25.00000 0.00000 2.00000 34.00000 14.00000 3.00000 21.00000 13.00000 19.00000 15.00000 13.00000 16.00000 17.00000 13.00000 23.00000 17.00000 6.00000 14.00000 7.00000 12.00000 6.00000 38.00000 19.00000 10.00000 12.00000 12.00000 29.00000 6.00000 23.00000 17.00000 16.00000 19.00000 39.00000 12.00000 2.00000
2.00000 41.00000 36.00000 14.00000 33.00000 4.00000 5.00000 19.00000 31.00000 18.00000 13.00000 11.00000 2.00000 16.00000 10.00000 4.00000 2.00000 13.00000 8.00000 19.00000 17.00000 18.00000 23.00000 11.00000 1.00000 12.00000 12.00000 12.00000 47.00000 29.00000 18.00000 23.00000 35.00000 6.00000 43.00000 8.00000 13.00000 2.00000 4.00000 49.00000 10.00000 18.00000 25.00000 3.00000 0.00000 34.00000 14.00000 2.00000 21.00000 13.00000 19.00000 15.00000 13.00000 16.00000 18.00000 13.00000 23.00000 17.00000 5.00000 14.00000 5.00000 12.00000 6.00000 38.00000 19.00000 10.00000 12.00000 12.00000 29.00000 6.00000 23.00000 17.00000 17.00000 19.00000 39.00000 12.00000 2.00000
31.00000 11.00000 4.00000 23.00000 4.00000 30.00000 35.00000 20.00000 6.00000 27.00000 27.00000 23.00000 32.00000 28.00000 25.00000 34.00000 33.00000 22.00000 38.00000 22.00000 24.00000 27.00000 15.00000 25.00000 33.00000 24.00000 27.00000 27.00000 18.00000 7.00000 31.00000 13.00000 4.00000 34.00000 14.00000 38.00000 26.00000 31.00000 32.00000 28.00000 26.00000 20.00000 14.00000 30.00000 32.00000 0.00000 25.00000 33.00000 26.00000 26.00000 20.00000 25.00000 23.00000 29.00000 27.00000 22.00000 21.00000 24.00000 30.00000 21.00000 30.00000 27.00000 36.00000 10.00000 19.00000 25.00000 26.00000 25.00000 13.00000 31.00000 14.00000 19.00000 24.00000 25.00000 18.00000 23.00000 31.00000
14.00000 33.00000 30.00000 14.00000 27.00000 13.00000 17.00000 13.00000 24.00000 20.00000 8.00000 5.00000 15.00000 18.00000 6.00000 17.00000 16.00000 4.00000 21.00000 12.00000 15.00000 20.00000 17.00000 6.00000 16.00000 9.00000 8.00000 8.00000 40.00000 23.00000 21.00000 17.00000 28.00000 17.00000 36.00000 21.00000 16.00000 14.00000 15.00000 43.00000 7.00000 14.00000 18.00000 13.00000 15.00000 27.00000 0.00000 16.00000 20.00000 7.00000 14.00000 15.00000 4.00000 20.00000 20.00000 8.00000 18.00000 6.00000 13.00000 12.00000 14.00000 17.00000 18.00000 32.00000 13.00000 6.00000 8.00000 6.00000 23.00000 14.00000 17.00000 10.00000 17.00000 8.00000 31.00000 5.00000 14.00000
4.00000 42.00000 37.00000 15.00000 34.00000 6.00000 6.00000 20.00000 32.00000 18.00000 14.00000 13.00000 2.00000 15.00000 11.00000 4.00000 2.00000 14.00000 10.00000 20.00000 18.00000 18.00000 24.00000 12.00000 2.00000 13.00000 13.00000 13.00000 48.00000 30.00000 17.00000 24.00000 36.00000 7.00000 45.00000 9.00000 12.00000 4.00000 5.00000 50.00000 11.00000 20.00000 26.00000 4.00000 2.00000 35.00000 15.00000 0.00000 22.00000 14.00000 20.00000 15.00000 15.00000 15.00000 17.00000 14.00000 24.00000 18.00000 5.00000 16.00000 5.00000 12.00000 7.00000 39.00000 21.00000 11.00000 13.00000 13.00000 30.00000 7.00000 24.00000 18.00000 16.00000 21.00000 40.00000 13.00000 4.00000
21.00000 33.00000 28.00000 10.00000 25.00000 19.00000 23.00000 8.00000 22.00000 4.00000 20.00000 16.00000 21.00000 9.00000 18.00000 19.00000 21.00000 16.00000 27.00000 24.00000 8.00000 6.00000 12.00000 18.00000 21.00000 15.00000 20.00000 19.00000 39.00000 21.00000 8.00000 15.00000 27.00000 24.00000 35.00000 21.00000 10.00000 21.00000 21.00000 48.00000 19.00000 8.00000 15.00000 20.00000 21.00000 26.00000 19.00000 20.00000 0.00000 19.00000 8.00000 9.00000 16.00000 6.00000 6.00000 14.00000 10.00000 18.00000 18.00000 10.00000 18.00000 11.00000 24.00000 30.00000 9.00000 18.00000 19.00000 18.00000 20.00000 20.00000 12.00000 13.00000 7.00000 19.00000 37.00000 15.00000 21.00000
13.00000 34.00000 29.00000 13.00000 26.00000 11.00000 16.00000 13.00000 24.00000 18.00000 2.00000 5.00000 14.00000 17.00000 5.00000 15.00000 15.00000 6.00000 19.00000 12.00000 13.00000 19.00000 16.00000 4.00000 14.00000 8.00000 4.00000 4.00000 41.00000 23.00000 20.00000 16.00000 28.00000 16.00000 37.00000 19.00000 15.00000 13.00000 13.00000 44.00000 6.00000 13.00000 18.00000 12.00000 13.00000 27.00000 7.00000 14.00000 19.00000 0.00000 14.00000 14.00000 7.00000 19.00000 18.00000 7.00000 17.00000 10.00000 12.00000 11.00000 12.00000 16.00000 17.00000 32.00000 12.00000 5.00000 5.00000 2.00000 23.00000 12.00000 16.00000 10.00000 16.00000 13.00000 32.00000 5.00000 13.00000
18.00000 29.00000 24.00000 7.00000 20.00000 16.00000 21.00000 2.00000 18.00000 7.00000 15.00000 11.00000 19.00000 10.00000 13.00000 19.00000 20.00000 11.00000 25.00000 19.00000 5.00000 8.00000 8.00000 12.00000 19.00000 12.00000 15.00000 14.00000 35.00000 17.00000 12.00000 10.00000 22.00000 21.00000 31.00000 24.00000 10.00000 18.00000 18.00000 44.00000 14.00000 2.00000 10.00000 17.00000 18.00000 21.00000 14.00000 19.00000 9.00000 14.00000 0.00000 8.00000 11.00000 10.00000 8.00000 10.00000 6.00000 13.00000 16.00000 7.00000 16.00000 11.00000 22.00000 26.00000 4.00000 13.00000 14.00000 12.00000 17.00000 17.00000 8.00000 8.00000 6.00000 13.00000 33.00000 10.00000 18.00000
15.00000 33.00000 27.00000 3.00000 24.00000 13.00000 18.00000 7.00000 22.00000 8.00000 15.00000 11.00000 15.00000 8.00000 12.00000 15.00000 16.00000 11.00000 21.00000 19.00000 4.00000 8.00000 13.00000 13.00000 16.00000 9.00000 15.00000 14.00000 39.00000 21.00000 11.00000 14.00000 26.00000 18.00000 35.00000 21.00000 6.00000 15.00000 15.00000 48.00000 13.00000 6.00000 15.00000 14.00000 15.00000 25.00000 14.00000 16.00000 9.00000 14.00000 7.00000 0.00000 12.00000 10.00000 8.00000 9.00000 11.00000 13.00000 12.00000 5.00000 12.00000 7.00000 19.00000 30.00000 8.00000 12.00000 14.00000 13.00000 21.00000 14.00000 13.00000 10.00000 6.00000 14.00000 37.00000 11.00000 15.00000
13.00000 32.00000 26.00000 12.00000 23.00000 11.00000 16.00000 10.00000 21.00000 17.00000 7.00000 3.00000 14.00000 15.00000 5.00000 15.00000 15.00000 2.00000 19.00000 10.00000 12.00000 17.00000 13.00000 5.00000 14.00000 7.00000 7.00000 6.00000 38.00000 20.00000 18.00000 13.00000 25.00000 16.00000 34.00000 19.00000 13.00000 13.00000 13.00000 42.00000 6.00000 11.00000 15.00000 12.00000 13.00000 24.00000 4.00000 14.00000 17.00000 6.00000 11.00000 13.00000 0.00000 17.00000 17.00000 6.00000 14.00000 5.00000 12.00000 9.00000 12.00000 14.00000 17.00000 29.00000 10.00000 5.00000 6.00000 5.00000 20.00000 12.00000 13.00000 7.00000 15.00000 8.00000 30.00000 3.00000 13.00000
17.00000 37.00000 31.00000 11.00000 28.00000 18.00000 18.00000 11.00000 26.00000 5.00000 21.00000 17.00000 16.00000 5.00000 18.00000 15.00000 17.00000 17.00000 22.00000 25.00000 11.00000 3.00000 16.00000 19.00000 16.00000 15.00000 20.00000 20.00000 43.00000 25.00000 4.00000 18.00000 30.00000 20.00000 39.00000 19.00000 7.00000 17.00000 18.00000 51.00000 18.00000 10.00000 18.00000 17.00000 16.00000 29.00000 20.00000 16.00000 7.00000 20.00000 10.00000 9.00000 18.00000 0.00000 4.00000 15.00000 14.00000 19.00000 16.00000 11.00000 16.00000 8.00000 20.00000 34.00000 12.00000 18.00000 20.00000 19.00000 25.00000 18.00000 16.00000 16.00000 6.00000 20.00000 41.00000 17.00000 17.00000
16.00000 36.00000 31.00000 10.00000 28.00000 18.00000 18.00000 10.00000 25.00000 5.00000 20.00000 16.00000 16.00000 4.00000 17.00000 14.00000 16.00000 16.00000 22.00000 24.00000 9.00000 5.00000 15.00000 18.00000 16.00000 14.00000 19.00000 19.00000 42.00000 24.00000 6.00000 18.00000 29.00000 20.00000 38.00000 21.00000 7.00000 16.00000 18.00000 51.00000 17.00000 10.00000 18.00000 17.00000 16.00000 28.00000 19.00000 15.00000 9.00000 19.00000 9.00000 8.00000 16.00000 4.00000 0.00000 13.00000 13.00000 18.00000 15.00000 10.00000 15.00000 8.00000 19.00000 33.00000 12.00000 17.00000 19.00000 18.00000 24.00000 17.00000 15.00000 15.00000 4.00000 19.00000 40.00000 15.00000 16.00000
12.00000 31.00000 26.00000 8.00000 23.00000 10.00000 15.00000 10.00000 21.00000 13.00000 9.00000 4.00000 13.00000 11.00000 7.00000 14.00000 14.00000 6.00000 19.00000 13.00000 10.00000 13.00000 13.00000 6.00000 13.00000 3.00000 8.00000 8.00000 37.00000 19.00000 14.00000 13.00000 25.00000 15.00000 33.00000 19.00000 9.00000 12.00000 12.00000 45.00000 7.00000 9.00000 15.00000 11.00000 13.00000 24.00000 7.00000 14.00000 15.00000 8.00000 10.00000 9.00000 6.00000 13.00000 13.00000 0.00000 14.00000 9.00000 11.00000 5.00000 11.00000 10.00000 16.00000 28.00000 10.00000 7.00000 8.00000 6.00000 19.00000 12.00000 13.00000 7.00000 12.00000 9.00000 33.00000 4.00000 12.00000
22.00000 28.00000 22.00000 11.00000 19.00000 20.00000 25.00000 6.00000 17.00000 12.00000 18.00000 15.00000 23.00000 14.00000 16.00000 23.00000 24.00000 13.00000 28.00000 21.00000 9.00000 12.00000 5.00000 16.00000 23.00000 16.00000 18.00000 17.00000 34.00000 16.00000 16.00000 9.00000 21.00000 25.00000 30.00000 28.00000 14.00000 22.00000 22.00000 43.00000 17.00000 6.00000 8.00000 21.00000 22.00000 20.00000 16.00000 23.00000 11.00000 17.00000 6.00000 12.00000 13.00000 14.00000 12.00000 14.00000 0.00000 15.00000 20.00000 11.00000 20.00000 15.00000 26.00000 25.00000 6.00000 16.00000 17.00000 16.00000 14.00000 21.00000 5.00000 10.00000 10.00000 15.00000 32.00000 14.00000 22.00000
16.00000 34.00000 28.00000 13.00000 25.00000 15.00000 20.00000 12.00000 23.00000 19.00000 10.00000 7.00000 17.00000 17.00000 8.00000 19.00000 18.00000 5.00000 23.00000 14.00000 14.00000 19.00000 15.00000 8.00000 18.00000 10.00000 10.00000 10.00000 40.00000 22.00000 20.00000 16.00000 27.00000 19.00000 36.00000 23.00000 15.00000 16.00000 17.00000 46.00000 10.00000 13.00000 17.00000 15.00000 17.00000 26.00000 6.00000 18.00000 19.00000 9.00000 13.00000 14.00000 5.00000 19.00000 19.00000 9.00000 16.00000 0.00000 15.00000 11.00000 16.00000 16.00000 20.00000 31.00000 12.00000 8.00000 10.00000 8.00000 22.00000 16.00000 15.00000 7.00000 17.00000 3.00000 34.00000 7.00000 16.00000
6.00000 39.00000 34.00000 12.00000 31.00000 6.00000 9.00000 16.00000 29.00000 17.00000 11.00000 10.00000 4.00000 15.00000 8.00000 5.00000 5.00000 11.00000 13.00000 17.00000 14.00000 17.00000 21.00000 9.00000 4.00000 10.00000 10.00000 10.00000 45.00000 27.00000 17.00000 21.00000 33.00000 10.00000 42.00000 12.00000 12.00000 6.00000 8.00000 49.00000 8.00000 16.00000 23.00000 7.00000 5.00000 32.00000 12.00000 5.00000 19.00000 11.00000 17.00000 11.00000 12.00000 15.00000 17.00000 11.00000 21.00000 15.00000 0.00000 13.00000 2.00000 11.00000 10.00000 36.00000 17.00000 8.00000 10.00000 10.00000 27.00000 4.00000 21.00000 15.00000 15.00000 18.00000 37.00000 10.00000 6.00000
13.00000 29.00000 23.00000 4.00000 20.00000 11.00000 16.00000 7.00000 18.00000 11.00000 11.00000 7.00000 14.00000 10.00000 9.00000 15.00000 15.00000 8.00000 20.00000 16.00000 5.00000 12.00000 10.00000 9.00000 14.00000 5.00000 11.00000 11.00000 35.00000 17.00000 13.00000 11.00000 22.00000 16.00000 31.00000 19.00000 8.00000 13.00000 13.00000 44.00000 10.00000 7.00000 12.00000 12.00000 13.00000 21.00000 10.00000 15.00000 11.00000 10.00000 8.00000 5.00000 8.00000 12.00000 11.00000 5.00000 12.00000 10.00000 11.00000 0.00000 11.00000 9.00000 17.00000 26.00000 7.00000 9.00000 10.00000 9.00000 17.00000 13.00000 10.00000 8.00000 9.00000 10.00000 33.00000 7.00000 13.00000
7.00000 39.00000 34.00000 12.00000 31.00000 6.00000 10.00000 17.00000 29.00000 17.00000 12.00000 10.00000 4.00000 15.00000 8.00000 6.00000 6.00000 11.00000 13.00000 17.00000 15.00000 17.00000 21.00000 9.00000 5.00000 10.00000 11.00000 10.00000 46.00000 27.00000 17.00000 21.00000 33.00000 11.00000 42.00000 13.00000 12.00000 7.00000 9.00000 49.00000 9.00000 16.00000 23.00000 8.00000 5.00000 32.00000 12.00000 6.00000 19.00000 11.00000 17.00000 11.00000 12.00000 15.00000 17.00000 11.00000 21.00000 15.00000 2.00000 13.00000 0.00000 12.00000 11.00000 37.00000 18.00000 8.00000 10.00000 10.00000 27.00000 4.00000 21.00000 15.00000 15.00000 18.00000 37.00000 10.00000 7.00000
12.00000 36.00000 31.00000 8.00000 27.00000 14.00000 14.00000 10.00000 25.00000 7.00000 16.00000 14.00000 12.00000 5.00000 13.00000 10.00000 12.00000 14.00000 18.00000 22.00000 9.00000 7.00000 15.00000 14.00000 12.00000 11.00000 15.00000 15.00000 42.00000 24.00000 9.00000 18.00000 29.00000 16.00000 38.00000 17.00000 1.00000 12.00000 14.00000 51.00000 13.00000 10.00000 18.00000 13.00000 12.00000 28.00000 17.00000 12.00000 11.00000 16.00000 9.00000 6.00000 15.00000 7.00000 7.00000 11.00000 13.00000 16.00000 11.00000 9.00000 11.00000 0.00000 15.00000 33.00000 12.00000 13.00000 15.00000 15.00000 24.00000 13.00000 15.00000 15.00000 5.00000 17.00000 40.00000 14.00000 12.00000
6.00000 45.00000 40.00000 18.00000 37.00000 8.00000 2.00000 23.00000 34.00000 21.00000 17.00000 15.00000 7.00000 19.00000 14.00000 8.00000 8.00000 17.00000 3.00000 23.00000 20.00000 21.00000 27.00000 15.00000 7.00000 16.00000 16.00000 16.00000 51.00000 33.00000 21.00000 27.00000 39.00000 7.00000 47.00000 7.00000 16.00000 6.00000 7.00000 48.00000 14.00000 22.00000 29.00000 7.00000 6.00000 38.00000 18.00000 7.00000 25.00000 17.00000 23.00000 19.00000 17.00000 19.00000 20.00000 17.00000 27.00000 21.00000 10.00000 18.00000 11.00000 15.00000 0.00000 42.00000 23.00000 14.00000 15.00000 16.00000 33.00000 10.00000 27.00000 21.00000 19.00000 23.00000 42.00000 16.00000 6.00000
37.00000 7.00000 9.00000 29.00000 13.00000 35.00000 40.00000 25.00000 11.00000 32.00000 33.00000 29.00000 38.00000 33.00000 31.00000 39.00000 39.00000 28.00000 44.00000 26.00000 29.00000 33.00000 21.00000 30.00000 38.00000 30.00000 32.00000 32.00000 13.00000 14.00000 36.00000 19.00000 13.00000 40.00000 9.00000 43.00000 32.00000 37.00000 37.00000 24.00000 32.00000 26.00000 20.00000 36.00000 37.00000 10.00000 31.00000 38.00000 31.00000 32.00000 26.00000 30.00000 28.00000 34.00000 32.00000 28.00000 26.00000 30.00000 35.00000 26.00000 35.00000 32.00000 41.00000 0.00000 24.00000 31.00000 32.00000 30.00000 16.00000 36.00000 20.00000 25.00000 30.00000 30.00000 13.00000 28.00000 37.00000
18.00000 27.00000 22.00000 7.00000 19.00000 16.00000 21.00000 1.00000 17.00000 9.00000 14.00000 10.00000 19.00000 10.00000 12.00000 20.00000 20.00000 10.00000 25.00000 18.00000 6.00000 9.00000 7.00000 12.00000 19.00000 11.00000 14.00000 14.00000 33.00000 15.00000 13.00000 9.00000 21.00000 21.00000 29.00000 25.00000 11.00000 18.00000 18.00000 42.00000 13.00000 2.00000 10.00000 17.00000 18.00000 20.00000 13.00000 20.00000 9.00000 13.00000 2.00000 8.00000 10.00000 11.00000 9.00000 9.00000 6.00000 12.00000 16.00000 7.00000 16.00000 11.00000 22.00000 24.00000 0.00000 12.00000 14.00000 12.00000 15.00000 18.00000 7.00000 7.00000 6.00000 12.00000 32.00000 10.00000 18.00000
9.00000 33.00000 28.00000 11.00000 25.00000 8.00000 13.00000 12.00000 23.00000 17.00000 5.00000 4.00000 10.00000 15.00000 1.00000 12.00000 11.00000 5.00000 16.00000 11.00000 12.00000 17.00000 15.00000 2.00000 11.00000 6.00000 3.00000 3.00000 39.00000 21.00000 18.00000 15.00000 27.00000 12.00000 36.00000 16.00000 13.00000 9.00000 10.00000 43.00000 2.00000 11.00000 17.00000 8.00000 10.00000 26.00000 6.00000 11.00000 17.00000 5.00000 12.00000 12.00000 6.00000 17.00000 17.00000 5.00000 16.00000 9.00000 8.00000 9.00000 9.00000 14.00000 14.00000 30.00000 12.00000 0.00000 2.00000 4.00000 21.00000 9.00000 15.00000 9.00000 15.00000 12.00000 31.00000 4.00000 9.00000
11.00000 34.00000 29.00000 13.00000 26.00000 9.00000 14.00000 13.00000 24.00000 18.00000 4.00000 5.00000 12.00000 16.00000 2.00000 14.00000 13.00000 6.00000 18.00000 12.00000 13.00000 18.00000 16.00000 2.00000 13.00000 8.00000 2.00000 1.00000 41.00000 22.00000 19.00000 16.00000 28.00000 14.00000 37.00000 18.00000 14.00000 11.00000 11.00000 44.00000 4.00000 12.00000 18.00000 10.00000 12.00000 27.00000 7.00000 13.00000 18.00000 5.00000 13.00000 14.00000 7.00000 18.00000 18.00000 6.00000 17.00000 10.00000 10.00000 10.00000 11.00000 15.00000 15.00000 32.00000 13.00000 2.00000 0.00000 5.00000 22.00000 11.00000 16.00000 10.00000 16.00000 13.00000 32.00000 5.00000 11.00000
12.00000 33.00000 28.00000 12.00000 25.00000 10.00000 15.00000 12.00000 23.00000 17.00000 3.00000 3.00000 13.00000 15.00000 4.00000 14.00000 14.00000 5.00000 18.00000 11.00000 12.00000 17.00000 15.00000 3.00000 13.00000 7.00000 5.00000 5.00000 39.00000 21.00000 18.00000 15.00000 27.00000 15.00000 35.00000 18.00000 14.00000 12.00000 12.00000 43.00000 5.00000 12.00000 17.00000 11.00000 12.00000 26.00000 6.00000 13.00000 17.00000 2.00000 12.00000 13.00000 5.00000 18.00000 17.00000 6.00000 16.00000 9.00000 11.00000 9.00000 11.00000 14.00000 16.00000 31.00000 11.00000 4.00000 5.00000 0.00000 21.00000 11.00000 15.00000 9.00000 15.00000 12.00000 31.00000 4.00000 12.00000
28.00000 19.00000 14.00000 20.00000 12.00000 26.00000 31.00000 16.00000 8.00000 21.00000 23.00000 19.00000 29.00000 24.00000 21.00000 30.00000 30.00000 18.00000 34.00000 27.00000 20.00000 23.00000 11.00000 21.00000 29.00000 20.00000 23.00000 23.00000 25.00000 8.00000 26.00000 9.00000 14.00000 30.00000 21.00000 34.00000 22.00000 28.00000 28.00000 35.00000 22.00000 16.00000 10.00000 26.00000 28.00000 13.00000 21.00000 29.00000 19.00000 22.00000 16.00000 21.00000 19.00000 24.00000 23.00000 18.00000 14.00000 20.00000 26.00000 17.00000 26.00000 23.00000 32.00000 16.00000 15.00000 21.00000 22.00000 21.00000 0.00000 27.00000 10.00000 15.00000 20.00000 21.00000 25.00000 19.00000 28.00000
6.00000 39.00000 34.00000 13.00000 31.00000 3.00000 9.00000 17.00000 29.00000 18.00000 12.00000 10.00000 6.00000 16.00000 8.00000 7.00000 7.00000 12.00000 12.00000 18.00000 15.00000 18.00000 21.00000 10.00000 6.00000 10.00000 11.00000 10.00000 46.00000 28.00000 19.00000 21.00000 33.00000 9.00000 42.00000 12.00000 14.00000 6.00000 6.00000 48.00000 9.00000 17.00000 23.00000 5.00000 6.00000 32.00000 12.00000 7.00000 20.00000 12.00000 17.00000 14.00000 12.00000 17.00000 18.00000 11.00000 21.00000 15.00000 4.00000 13.00000 4.00000 14.00000 10.00000 37.00000 18.00000 8.00000 10.00000 10.00000 28.00000 0.00000 21.00000 15.00000 17.00000 18.00000 37.00000 10.00000 6.00000
22.00000 23.00000 17.00000 14.00000 14.00000 20.00000 25.00000 8.00000 12.00000 15.00000 18.00000 14.00000 23.00000 17.00000 16.00000 24.00000 24.00000 13.00000 29.00000 21.00000 12.00000 15.00000 2.00000 15.00000 23.00000 14.00000 17.00000 17.00000 29.00000 11.00000 19.00000 4.00000 16.00000 25.00000 25.00000 28.00000 17.00000 22.00000 22.00000 38.00000 17.00000 8.00000 3.00000 21.00000 22.00000 15.00000 16.00000 23.00000 14.00000 17.00000 9.00000 14.00000 13.00000 17.00000 15.00000 13.00000 8.00000 15.00000 20.00000 11.00000 20.00000 17.00000 26.00000 20.00000 7.00000 16.00000 17.00000 15.00000 11.00000 21.00000 0.00000 10.00000 13.00000 15.00000 27.00000 13.00000 22.00000
16.00000 28.00000 23.00000 9.00000 20.00000 15.00000 19.00000 6.00000 18.00000 14.00000 10.00000 7.00000 17.00000 13.00000 8.00000 19.00000 18.00000 5.00000 23.00000 14.00000 9.00000 14.00000 10.00000 8.00000 18.00000 9.00000 10.00000 10.00000 34.00000 16.00000 16.00000 10.00000 22.00000 19.00000 30.00000 23.00000 11.00000 16.00000 17.00000 43.00000 9.00000 7.00000 12.00000 15.00000 17.00000 21.00000 8.00000 18.00000 13.00000 9.00000 7.00000 10.00000 6.00000 15.00000 14.00000 8.00000 11.00000 7.00000 15.00000 6.00000 15.00000 12.00000 20.00000 25.00000 6.00000 8.00000 10.00000 8.00000 16.00000 16.00000 10.00000 0.00000 11.00000 7.00000 33.00000 7.00000 16.00000
17.00000 34.00000 28.00000 8.00000 25.00000 16.00000 18.00000 8.00000 23.00000 3.00000 18.00000 14.00000 16.00000 5.00000 15.00000 15.00000 17.00000 15.00000 22.00000 23.00000 7.00000 3.00000 13.00000 16.00000 16.00000 12.00000 18.00000 17.00000 40.00000 22.00000 7.00000 15.00000 27.00000 20.00000 36.00000 21.00000 5.00000 17.00000 18.00000 49.00000 16.00000 8.00000 16.00000 17.00000 16.00000 26.00000 17.00000 16.00000 7.00000 17.00000 7.00000 6.00000 15.00000 5.00000 3.00000 12.00000 11.00000 17.00000 15.00000 9.00000 15.00000 6.00000 20.00000 31.00000 9.00000 15.00000 17.00000 16.00000 22.00000 17.00000 13.00000 13.00000 0.00000 17.00000 38.00000 14.00000 17.00000
19.00000 33.00000 28.00000 15.00000 25.00000 17.00000 22.00000 12.00000 23.00000 19.00000 13.00000 9.00000 20.00000 18.00000 11.00000 21.00000 21.00000 8.00000 25.00000 16.00000 15.00000 20.00000 15.00000 11.00000 20.00000 12.00000 13.00000 12.00000 40.00000 22.00000 21.00000 15.00000 27.00000 22.00000 36.00000 25.00000 16.00000 19.00000 19.00000 46.00000 12.00000 13.00000 17.00000 18.00000 19.00000 26.00000 8.00000 20.00000 20.00000 12.00000 13.00000 16.00000 7.00000 20.00000 20.00000 10.00000 17.00000 3.00000 18.00000 12.00000 18.00000 17.00000 23.00000 31.00000 12.00000 11.00000 12.00000 11.00000 22.00000 18.00000 15.00000 7.00000 17.00000 0.00000 36.00000 9.00000 19.00000
39.00000 9.00000 18.00000 35.00000 17.00000 37.00000 42.00000 31.00000 19.00000 39.00000 33.00000 29.00000 40.00000 40.00000 31.00000 41.00000 41.00000 31.00000 44.00000 24.00000 36.00000 39.00000 27.00000 30.00000 40.00000 34.00000 33.00000 32.00000 15.00000 19.00000 43.00000 25.00000 20.00000 41.00000 13.00000 42.00000 38.00000 39.00000 39.00000 18.00000 32.00000 32.00000 26.00000 38.00000 39.00000 18.00000 32.00000 40.00000 38.00000 32.00000 32.00000 37.00000 31.00000 40.00000 39.00000 32.00000 33.00000 35.00000 38.00000 33.00000 38.00000 39.00000 42.00000 13.00000 31.00000 31.00000 32.00000 30.00000 25.00000 38.00000 26.00000 31.00000 36.00000 36.00000 0.00000 30.00000 39.00000
12.00000 31.00000 27.00000 11.00000 24.00000 10.00000 15.00000 10.00000 21.00000 17.00000 6.00000 1.00000 13.00000 15.00000 3.00000 14.00000 14.00000 4.00000 18.00000 10.00000 12.00000 17.00000 14.00000 3.00000 13.00000 6.00000 5.00000 5.00000 38.00000 20.00000 18.00000 14.00000 26.00000 14.00000 34.00000 18.00000 13.00000 12.00000 12.00000 42.00000 5.00000 11.00000 16.00000 10.00000 12.00000 25.00000 4.00000 13.00000 17.00000 5.00000 11.00000 12.00000 4.00000 17.00000 17.00000 5.00000 15.00000 8.00000 11.00000 9.00000 11.00000 14.00000 16.00000 29.00000 10.00000 4.00000 5.00000 3.00000 20.00000 11.00000 14.00000 8.00000 15.00000 10.00000 30.00000 0.00000 12.00000
0.00000 41.00000 36.00000 14.00000 33.00000 4.00000 5.00000 19.00000 31.00000 18.00000 13.00000 11.00000 3.00000 15.00000 10.00000 5.00000 4.00000 13.00000 8.00000 19.00000 16.00000 18.00000 23.00000 11.00000 3.00000 12.00000 12.00000 12.00000 47.00000 29.00000 18.00000 23.00000 35.00000 5.00000 43.00000 8.00000 13.00000 0.00000 3.00000 48.00000 10.00000 18.00000 25.00000 3.00000 2.00000 34.00000 14.00000 3.00000 21.00000 13.00000 19.00000 15.00000 13.00000 16.00000 17.00000 13.00000 23.00000 17.00000 6.00000 14.00000 7.00000 12.00000 6.00000 38.00000 19.00000 10.00000 11.00000 12.00000 29.00000 6.00000 23.00000 17.00000 16.00000 19.00000 39.00000 12.00000 0.00000
p
0.0 0.0 0.0 0.0 0.0 0.0 
0.0 0.0 0.0 0.0 0.0 0.0 
0.0 0.0 0.0 0.0 0.0 0.0 
0.0 0.0 0.0 0.0 0.0 0.0 
0.0 0.0 0.0 0.0 0.0 0.0 
0.0 0.0 0.0 0.0 0.0 0.0 
0.0 0.0 0.0 0.0 0.0 0.0 
0.0 0.0 0.0 0.0 0.0 0.0 
0.0 0.0 0.0 0.0 0.0 0.0 
0.0 0.0 0.0 0.0 0.0 0.0 
0.0 0.0 0.0 0.0 0.0 0.0 
0.0 0.0 0.0 0.0 0.0 0.0 
0.0 0.0 0.0 0.0 0.0 0.0 
0.0 0.0 0.0 0.0 0.0 0.0 
0.0 0.0 0.0 0.0 0.0 0.0 
0 0 0 23 0 0 
0 0 0 23 0 0 
0 0 0 23 0 0 
0 0 0 23 0 0 
0 0 0 23 0 0 
0 0 0 23 0 0 
0 0 0 23 0 0 
0 0 0 23 0 0 
0 0 0 23 0 0 
0 0 0 23 0 0 
0 0 0 23 0 0 
0 0 0 23 0 0 
0 0 0 23 0 0 
0 0 0 23 0 0 
0 0 0 23 0 0 
0 16 0 37 0 0 
0 16 0 37 0 0 
0 16 0 37 0 0 
0 16 0 37 0 0 
0 16 0 37 0 0 
0 16 0 37 0 0 
0 16 0 37 0 0 
0 16 0 37 0 0 
0 16 0 37 0 0 
0 16 0 37 0 0 
0 16 0 37 0 0 
0 16 0 37 0 0 
0 16 0 37 0 0 
0 16 0 37 0 0 
0 16 0 37 0 0 
0 0 21 0 0 0 
0 0 21 0 0 0 
0 0 21 0 0 0 
0 0 21 0 0 0 
0 0 21 0 0 0 
0 0 21 0 0 0 
0 0 21 0 0 0 
0 0 21 0 0 0 
0 0 21 0 0 0 
0 0 21 0 0 0 
0 0 21 0 0 0 
0 0 21 0 0 0 
0 0 21 0 0 0 
0 0 21 0 0 0 
0 0 21 0 0 0 
55 0 0 27 0 0 
55 0 0 27 0 0 
55 0 0 27 0 0 
55 0 0 27 0 0 
55 0 0 27 0 0 
55 0 0 27 0 0 
55 0 0 27 0 0 
55 0 0 27 0 0 
55 0 0 27 0 0 
55 0 0 27 0 0 
55 0 0 27 0 0 
55 0 0 27 0 0 
55 0 0 27 0 0 
55 0 0 27 0 0 
55 0 0 27 0 0 
0 0 37 0 0 23 
0 0 37 0 0 23 
0 0 37 0 0 23 
0 0 37 0 0 23 
0 0 37 0 0 23 
0 0 37 0 0 23 
0 0 37 0 0 23 
0 0 37 0 0 23 
0 0 37 0 0 23 
0 0 37 0 0 23 
0 0 37 0 0 23 
0 0 37 0 0 23 
0 0 37 0 0 23 
0 0 37 0 0 23 
0 0 37 0 0 23 
0 0 0 0 36 0 
0 0 0 0 36 0 
0 0 0 0 36 0 
0 0 0 0 36 0 
0 0 0 0 36 0 
0 0 0 0 36 0 
0 0 0 0 36 0 
0 0 0 0 36 0 
0 0 0 0 36 0 
0 0 0 0 36 0 
0 0 0 0 36 0 
0 0 0 0 36 0 
0 0 0 0 36 0 
0 0 0 0 36 0 
0 0 0 0 36 0 
0 0 0 0 0 35 
0 0 0 0 0 35 
0 0 0 0 0 35 
0 0 0 0 0 35 
0 0 0 0 0 35 
0 0 0 0 0 35 
0 0 0 0 0 35 
0 0 0 0 0 35 
0 0 0 0 0 35 
0 0 0 0 0 35 
0 0 0 0 0 35 
0 0 0 0 0 35 
0 0 0 0 0 35 
0 0 0 0 0 35 
0 0 0 0 0 35 
0 31 0 0 0 45 
0 31 0 0 0 45 
0 31 0 0 0 45 
0 31 0 0 0 45 
0 31 0 0 0 45 
0 31 0 0 0 45 
0 31 0 0 0 45 
0 31 0 0 0 45 
0 31 0 0 0 45 
0 31 0 0 0 45 
0 31 0 0 0 45 
0 31 0 0 0 45 
0 31 0 0 0 45 
0 31 0 0 0 45 
0 31 0 0 0 45 
0 0 0 45 0 0 
0 0 0 45 0 0 
0 0 0 45 0 0 
0 0 0 45 0 0 
0 0 0 45 0 0 
0 0 0 45 0 0 
0 0 0 45 0 0 
0 0 0 45 0 0 
0 0 0 45 0 0 
0 0 0 45 0 0 
0 0 0 45 0 0 
0 0 0 45 0 0 
0 0 0 45 0 0 
0 0 0 45 0 0 
0 0 0 45 0 0 
0 0 54 0 0 0 
0 0 54 0 0 0 
0 0 54 0 0 0 
0 0 54 0 0 0 
0 0 54 0 0 0 
0 0 54 0 0 0 
0 0 54 0 0 0 
0 0 54 0 0 0 
0 0 54 0 0 0 
0 0 54 0 0 0 
0 0 54 0 0 0 
0 0 54 0 0 0 
0 0 54 0 0 0 
0 0 54 0 0 0 
0 0 54 0 0 0 
0 47 0 0 0 31 
0 47 0 0 0 31 
0 47 0 0 0 31 
0 47 0 0 0 31 
0 47 0 0 0 31 
0 47 0 0 0 31 
0 47 0 0 0 31 
0 47 0 0 0 31 
0 47 0 0 0 31 
0 47 0 0 0 31 
0 47 0 0 0 31 
0 47 0 0 0 31 
0 47 0 0 0 31 
0 47 0 0 0 31 
0 47 0 0 0 31 
60 0 0 0 60 0 
60 0 0 0 60 0 
60 0 0 0 60 0 
60 0 0 0 60 0 
60 0 0 0 60 0 
60 0 0 0 60 0 
60 0 0 0 60 0 
60 0 0 0 60 0 
60 0 0 0 60 0 
60 0 0 0 60 0 
60 0 0 0 60 0 
60 0 0 0 60 0 
60 0 0 0 60 0 
60 0 0 0 60 0 
60 0 0 0 60 0 
0 0 0 0 17 0 
0 0 0 0 17 0 
0 0 0 0 17 0 
0 0 0 0 17 0 
0 0 0 0 17 0 
0 0 0 0 17 0 
0 0 0 0 17 0 
0 0 0 0 17 0 
0 0 0 0 17 0 
0 0 0 0 17 0 
0 0 0 0 17 0 
0 0 0 0 17 0 
0 0 0 0 17 0 
0 0 0 0 17 0 
0 0 0 0 17 0 
45 0 0 0 0 0 
45 0 0 0 0 0 
45 0 0 0 0 0 
45 0 0 0 0 0 
45 0 0 0 0 0 
45 0 0 0 0 0 
45 0 0 0 0 0 
45 0 0 0 0 0 
45 0 0 0 0 0 
45 0 0 0 0 0 
45 0 0 0 0 0 
45 0 0 0 0 0 
45 0 0 0 0 0 
45 0 0 0 0 0 
45 0 0 0 0 0 
0 42 0 0 0 0 
0 42 0 0 0 0 
0 42 0 0 0 0 
0 42 0 0 0 0 
0 42 0 0 0 0 
0 42 0 0 0 0 
0 42 0 0 0 0 
0 42 0 0 0 0 
0 42 0 0 0 0 
0 42 0 0 0 0 
0 42 0 0 0 0 
0 42 0 0 0 0 
0 42 0 0 0 0 
0 42 0 0 0 0 
0 42 0 0 0 0 
0 0 0 17 0 0 
0 0 0 17 0 0 
0 0 0 17 0 0 
0 0 0 17 0 0 
0 0 0 17 0 0 
0 0 0 17 0 0 
0 0 0 17 0 0 
0 0 0 17 0 0 
0 0 0 17 0 0 
0 0 0 17 0 0 
0 0 0 17 0 0 
0 0 0 17 0 0 
0 0 0 17 0 0 
0 0 0 17 0 0 
0 0 0 17 0 0 
0 59 0 0 0 0 
0 59 0 0 0 0 
0 59 0 0 0 0 
0 59 0 0 0 0 
0 59 0 0 0 0 
0 59 0 0 0 0 
0 59 0 0 0 0 
0 59 0 0 0 0 
0 59 0 0 0 0 
0 59 0 0 0 0 
0 59 0 0 0 0 
0 59 0 0 0 0 
0 59 0 0 0 0 
0 59 0 0 0 0 
0 59 0 0 0 0 
0 42 0 0 0 0 
0 42 0 0 0 0 
0 42 0 0 0 0 
0 42 0 0 0 0 
0 42 0 0 0 0 
0 42 0 0 0 0 
0 42 0 0 0 0 
0 42 0 0 0 0 
0 42 0 0 0 0 
0 42 0 0 0 0 
0 42 0 0 0 0 
0 42 0 0 0 0 
0 42 0 0 0 0 
0 42 0 0 0 0 
0 42 0 0 0 0 
24 0 0 0 0 28 
24 0 0 0 0 28 
24 0 0 0 0 28 
24 0 0 0 0 28 
24 0 0 0 0 28 
24 0 0 0 0 28 
24 0 0 0 0 28 
24 0 0 0 0 28 
24 0 0 0 0 28 
24 0 0 0 0 28 
24 0 0 0 0 28 
24 0 0 0 0 28 
24 0 0 0 0 28 
24 0 0 0 0 28 
24 0 0 0 0 28 
0 0 0 0 34 0 
0 0 0 0 34 0 
0 0 0 0 34 0 
0 0 0 0 34 0 
0 0 0 0 34 0 
0 0 0 0 34 0 
0 0 0 0 34 0 
0 0 0 0 34 0 
0 0 0 0 34 0 
0 0 0 0 34 0 
0 0 0 0 34 0 
0 0 0 0 34 0 
0 0 0 0 34 0 
0 0 0 0 34 0 
0 0 0 0 34 0 
0 0 21 0 0 17 
0 0 21 0 0 17 
0 0 21 0 0 17 
0 0 21 0 0 17 
0 0 21 0 0 17 
0 0 21 0 0 17 
0 0 21 0 0 17 
0 0 21 0 0 17 
0 0 21 0 0 17 
0 0 21 0 0 17 
0 0 21 0 0 17 
0 0 21 0 0 17 
0 0 21 0 0 17 
0 0 21 0 0 17 
0 0 21 0 0 17 
0 0 53 0 0 16 
0 0 53 0 0 16 
0 0 53 0 0 16 
0 0 53 0 0 16 
0 0 53 0 0 16 
0 0 53 0 0 16 
0 0 53 0 0 16 
0 0 53 0 0 16 
0 0 53 0 0 16 
0 0 53 0 0 16 
0 0 53 0 0 16 
0 0 53 0 0 16 
0 0 53 0 0 16 
0 0 53 0 0 16 
0 0 53 0 0 16 
0 57 0 0 30 0 
0 57 0 0 30 0 
0 57 0 0 30 0 
0 57 0 0 30 0 
0 57 0 0 30 0 
0 57 0 0 30 0 
0 57 0 0 30 0 
0 57 0 0 30 0 
0 57 0 0 30 0 
0 57 0 0 30 0 
0 57 0 0 30 0 
0 57 0 0 30 0 
0 57 0 0 30 0 
0 57 0 0 30 0 
0 57 0 0 30 0 
0 50 0 0 0 0 
0 50 0 0 0 0 
0 50 0 0 0 0 
0 50 0 0 0 0 
0 50 0 0 0 0 
0 50 0 0 0 0 
0 50 0 0 0 0 
0 50 0 0 0 0 
0 50 0 0 0 0 
0 50 0 0 0 0 
0 50 0 0 0 0 
0 50 0 0 0 0 
0 50 0 0 0 0 
0 50 0 0 0 0 
0 50 0 0 0 0 
0 0 29 0 35 0 
0 0 29 0 35 0 
0 0 29 0 35 0 
0 0 29 0 35 0 
0 0 29 0 35 0 
0 0 29 0 35 0 
0 0 29 0 35 0 
0 0 29 0 35 0 
0 0 29 0 35 0 
0 0 29 0 35 0 
0 0 29 0 35 0 
0 0 29 0 35 0 
0 0 29 0 35 0 
0 0 29 0 35 0 
0 0 29 0 35 0 
0 49 0 0 0 47 
0 49 0 0 0 47 
0 49 0 0 0 47 
0 49 0 0 0 47 
0 49 0 0 0 47 
0 49 0 0 0 47 
0 49 0 0 0 47 
0 49 0 0 0 47 
0 49 0 0 0 47 
0 49 0 0 0 47 
0 49 0 0 0 47 
0 49 0 0 0 47 
0 49 0 0 0 47 
0 49 0 0 0 47 
0 49 0 0 0 47 
46 0 0 0 0 0 
46 0 0 0 0 0 
46 0 0 0 0 0 
46 0 0 0 0 0 
46 0 0 0 0 0 
46 0 0 0 0 0 
46 0 0 0 0 0 
46 0 0 0 0 0 
46 0 0 0 0 0 
46 0 0 0 0 0 
46 0 0 0 0 0 
46 0 0 0 0 0 
46 0 0 0 0 0 
46 0 0 0 0 0 
46 0 0 0 0 0 
0 0 0 0 55 0 
0 0 0 0 55 0 
0 0 0 0 55 0 
0 0 0 0 55 0 
0 0 0 0 55 0 
0 0 0 0 55 0 
0 0 0 0 55 0 
0 0 0 0 55 0 
0 0 0 0 55 0 
0 0 0 0 55 0 
0 0 0 0 55 0 
0 0 0 0 55 0 
0 0 0 0 55 0 
0 0 0 0 55 0 
0 0 0 0 55 0 
0 16 0 0 40 0 
0 16 0 0 40 0 
0 16 0 0 40 0 
0 16 0 0 40 0 
0 16 0 0 40 0 
0 16 0 0 40 0 
0 16 0 0 40 0 
0 16 0 0 40 0 
0 16 0 0 40 0 
0 16 0 0 40 0 
0 16 0 0 40 0 
0 16 0 0 40 0 
0 16 0 0 40 0 
0 16 0 0 40 0 
0 16 0 0 40 0 
0 39 0 0 0 0 
0 39 0 0 0 0 
0 39 0 0 0 0 
0 39 0 0 0 0 
0 39 0 0 0 0 
0 39 0 0 0 0 
0 39 0 0 0 0 
0 39 0 0 0 0 
0 39 0 0 0 0 
0 39 0 0 0 0 
0 39 0 0 0 0 
0 39 0 0 0 0 
0 39 0 0 0 0 
0 39 0 0 0 0 
0 39 0 0 0 0 
0 0 15 0 0 58 
0 0 15 0 0 58 
0 0 15 0 0 58 
0 0 15 0 0 58 
0 0 15 0 0 58 
0 0 15 0 0 58 
0 0 15 0 0 58 
0 0 15 0 0 58 
0 0 15 0 0 58 
0 0 15 0 0 58 
0 0 15 0 0 58 
0 0 15 0 0 58 
0 0 15 0 0 58 
0 0 15 0 0 58 
0 0 15 0 0 58 
0 0 33 0 0 0 
0 0 33 0 0 0 
0 0 33 0 0 0 
0 0 33 0 0 0 
0 0 33 0 0 0 
0 0 33 0 0 0 
0 0 33 0 0 0 
0 0 33 0 0 0 
0 0 33 0 0 0 
0 0 33 0 0 0 
0 0 33 0 0 0 
0 0 33 0 0 0 
0 0 33 0 0 0 
0 0 33 0 0 0 
0 0 33 0 0 0 
0 0 0 0 24 0 
0 0 0 0 24 0 
0 0 0 0 24 0 
0 0 0 0 24 0 
0 0 0 0 24 0 
0 0 0 0 24 0 
0 0 0 0 24 0 
0 0 0 0 24 0 
0 0 0 0 24 0 
0 0 0 0 24 0 
0 0 0 0 24 0 
0 0 0 0 24 0 
0 0 0 0 24 0 
0 0 0 0 24 0 
0 0 0 0 24 0 
0 0 45 0 0 0 
0 0 45 0 0 0 
0 0 45 0 0 0 
0 0 45 0 0 0 
0 0 45 0 0 0 
0 0 45 0 0 0 
0 0 45 0 0 0 
0 0 45 0 0 0 
0 0 45 0 0 0 
0 0 45 0 0 0 
0 0 45 0 0 0 
0 0 45 0 0 0 
0 0 45 0 0 0 
0 0 45 0 0 0 
0 0 45 0 0 0 
0 51 0 0 0 22 
0 51 0 0 0 22 
0 51 0 0 0 22 
0 51 0 0 0 22 
0 51 0 0 0 22 
0 51 0 0 0 22 
0 51 0 0 0 22 
0 51 0 0 0 22 
0 51 0 0 0 22 
0 51 0 0 0 22 
0 51 0 0 0 22 
0 51 0 0 0 22 
0 51 0 0 0 22 
0 51 0 0 0 22 
0 51 0 0 0 22 
0 0 0 0 0 26 
0 0 0 0 0 26 
0 0 0 0 0 26 
0 0 0 0 0 26 
0 0 0 0 0 26 
0 0 0 0 0 26 
0 0 0 0 0 26 
0 0 0 0 0 26 
0 0 0 0 0 26 
0 0 0 0 0 26 
0 0 0 0 0 26 
0 0 0 0 0 26 
0 0 0 0 0 26 
0 0 0 0 0 26 
0 0 0 0 0 26 
0 0 40 0 28 0 
0 0 40 0 28 0 
0 0 40 0 28 0 
0 0 40 0 28 0 
0 0 40 0 28 0 
0 0 40 0 28 0 
0 0 40 0 28 0 
0 0 40 0 28 0 
0 0 40 0 28 0 
0 0 40 0 28 0 
0 0 40 0 28 0 
0 0 40 0 28 0 
0 0 40 0 28 0 
0 0 40 0 28 0 
0 0 40 0 28 0 
55 0 0 0 25 0 
55 0 0 0 25 0 
55 0 0 0 25 0 
55 0 0 0 25 0 
55 0 0 0 25 0 
55 0 0 0 25 0 
55 0 0 0 25 0 
55 0 0 0 25 0 
55 0 0 0 25 0 
55 0 0 0 25 0 
55 0 0 0 25 0 
55 0 0 0 25 0 
55 0 0 0 25 0 
55 0 0 0 25 0 
55 0 0 0 25 0 
0 0 0 0 0 54 
0 0 0 0 0 54 
0 0 0 0 0 54 
0 0 0 0 0 54 
0 0 0 0 0 54 
0 0 0 0 0 54 
0 0 0 0 0 54 
0 0 0 0 0 54 
0 0 0 0 0 54 
0 0 0 0 0 54 
0 0 0 0 0 54 
0 0 0 0 0 54 
0 0 0 0 0 54 
0 0 0 0 0 54 
0 0 0 0 0 54 
60 0 0 0 0 0 
60 0 0 0 0 0 
60 0 0 0 0 0 
60 0 0 0 0 0 
60 0 0 0 0 0 
60 0 0 0 0 0 
60 0 0 0 0 0 
60 0 0 0 0 0 
60 0 0 0 0 0 
60 0 0 0 0 0 
60 0 0 0 0 0 
60 0 0 0 0 0 
60 0 0 0 0 0 
60 0 0 0 0 0 
60 0 0 0 0 0 
0 0 0 0 0 34 
0 0 0 0 0 34 
0 0 0 0 0 34 
0 0 0 0 0 34 
0 0 0 0 0 34 
0 0 0 0 0 34 
0 0 0 0 0 34 
0 0 0 0 0 34 
0 0 0 0 0 34 
0 0 0 0 0 34 
0 0 0 0 0 34 
0 0 0 0 0 34 
0 0 0 0 0 34 
0 0 0 0 0 34 
0 0 0 0 0 34 
0 0 0 16 0 0 
0 0 0 16 0 0 
0 0 0 16 0 0 
0 0 0 16 0 0 
0 0 0 16 0 0 
0 0 0 16 0 0 
0 0 0 16 0 0 
0 0 0 16 0 0 
0 0 0 16 0 0 
0 0 0 16 0 0 
0 0 0 16 0 0 
0 0 0 16 0 0 
0 0 0 16 0 0 
0 0 0 16 0 0 
0 0 0 16 0 0 
0 40 0 0 0 0 
0 40 0 0 0 0 
0 40 0 0 0 0 
0 40 0 0 0 0 
0 40 0 0 0 0 
0 40 0 0 0 0 
0 40 0 0 0 0 
0 40 0 0 0 0 
0 40 0 0 0 0 
0 40 0 0 0 0 
0 40 0 0 0 0 
0 40 0 0 0 0 
0 40 0 0 0 0 
0 40 0 0 0 0 
0 40 0 0 0 0 
0 54 0 30 0 0 
0 54 0 30 0 0 
0 54 0 30 0 0 
0 54 0 30 0 0 
0 54 0 30 0 0 
0 54 0 30 0 0 
0 54 0 30 0 0 
0 54 0 30 0 0 
0 54 0 30 0 0 
0 54 0 30 0 0 
0 54 0 30 0 0 
0 54 0 30 0 0 
0 54 0 30 0 0 
0 54 0 30 0 0 
0 54 0 30 0 0 
0 57 0 0 0 0 
0 57 0 0 0 0 
0 57 0 0 0 0 
0 57 0 0 0 0 
0 57 0 0 0 0 
0 57 0 0 0 0 
0 57 0 0 0 0 
0 57 0 0 0 0 
0 57 0 0 0 0 
0 57 0 0 0 0 
0 57 0 0 0 0 
0 57 0 0 0 0 
0 57 0 0 0 0 
0 57 0 0 0 0 
0 57 0 0 0 0 
0 0 0 0 0 26 
0 0 0 0 0 26 
0 0 0 0 0 26 
0 0 0 0 0 26 
0 0 0 0 0 26 
0 0 0 0 0 26 
0 0 0 0 0 26 
0 0 0 0 0 26 
0 0 0 0 0 26 
0 0 0 0 0 26 
0 0 0 0 0 26 
0 0 0 0 0 26 
0 0 0 0 0 26 
0 0 0 0 0 26 
0 0 0 0 0 26 
0 0 0 55 0 0 
0 0 0 55 0 0 
0 0 0 55 0 0 
0 0 0 55 0 0 
0 0 0 55 0 0 
0 0 0 55 0 0 
0 0 0 55 0 0 
0 0 0 55 0 0 
0 0 0 55 0 0 
0 0 0 55 0 0 
0 0 0 55 0 0 
0 0 0 55 0 0 
0 0 0 55 0 0 
0 0 0 55 0 0 
0 0 0 55 0 0 
0 0 24 0 0 0 
0 0 24 0 0 0 
0 0 24 0 0 0 
0 0 24 0 0 0 
0 0 24 0 0 0 
0 0 24 0 0 0 
0 0 24 0 0 0 
0 0 24 0 0 0 
0 0 24 0 0 0 
0 0 24 0 0 0 
0 0 24 0 0 0 
0 0 24 0 0 0 
0 0 24 0 0 0 
0 0 24 0 0 0 
0 0 24 0 0 0 
0 52 0 0 0 0 
0 52 0 0 0 0 
0 52 0 0 0 0 
0 52 0 0 0 0 
0 52 0 0 0 0 
0 52 0 0 0 0 
0 52 0 0 0 0 
0 52 0 0 0 0 
0 52 0 0 0 0 
0 52 0 0 0 0 
0 52 0 0 0 0 
0 52 0 0 0 0 
0 52 0 0 0 0 
0 52 0 0 0 0 
0 52 0 0 0 0 
55 0 0 0 36 0 
55 0 0 0 36 0 
55 0 0 0 36 0 
55 0 0 0 36 0 
55 0 0 0 36 0 
55 0 0 0 36 0 
55 0 0 0 36 0 
55 0 0 0 36 0 
55 0 0 0 36 0 
55 0 0 0 36 0 
55 0 0 0 36 0 
55 0 0 0 36 0 
55 0 0 0 36 0 
55 0 0 0 36 0 
55 0 0 0 36 0 
22 0 0 0 0 0 
22 0 0 0 0 0 
22 0 0 0 0 0 
22 0 0 0 0 0 
22 0 0 0 0 0 
22 0 0 0 0 0 
22 0 0 0 0 0 
22 0 0 0 0 0 
22 0 0 0 0 0 
22 0 0 0 0 0 
22 0 0 0 0 0 
22 0 0 0 0 0 
22 0 0 0 0 0 
22 0 0 0 0 0 
22 0 0 0 0 0 
0 0 0 0 44 0 
0 0 0 0 44 0 
0 0 0 0 44 0 
0 0 0 0 44 0 
0 0 0 0 44 0 
0 0 0 0 44 0 
0 0 0 0 44 0 
0 0 0 0 44 0 
0 0 0 0 44 0 
0 0 0 0 44 0 
0 0 0 0 44 0 
0 0 0 0 44 0 
0 0 0 0 44 0 
0 0 0 0 44 0 
0 0 0 0 44 0 
0 0 0 22 0 0 
0 0 0 22 0 0 
0 0 0 22 0 0 
0 0 0 22 0 0 
0 0 0 22 0 0 
0 0 0 22 0 0 
0 0 0 22 0 0 
0 0 0 22 0 0 
0 0 0 22 0 0 
0 0 0 22 0 0 
0 0 0 22 0 0 
0 0 0 22 0 0 
0 0 0 22 0 0 
0 0 0 22 0 0 
0 0 0 22 0 0 
0 46 0 0 0 0 
0 46 0 0 0 0 
0 46 0 0 0 0 
0 46 0 0 0 0 
0 46 0 0 0 0 
0 46 0 0 0 0 
0 46 0 0 0 0 
0 46 0 0 0 0 
0 46 0 0 0 0 
0 46 0 0 0 0 
0 46 0 0 0 0 
0 46 0 0 0 0 
0 46 0 0 0 0 
0 46 0 0 0 0 
0 46 0 0 0 0 
0 0 17 0 0 31 
0 0 17 0 0 31 
0 0 17 0 0 31 
0 0 17 0 0 31 
0 0 17 0 0 31 
0 0 17 0 0 31 
0 0 17 0 0 31 
0 0 17 0 0 31 
0 0 17 0 0 31 
0 0 17 0 0 31 
0 0 17 0 0 31 
0 0 17 0 0 31 
0 0 17 0 0 31 
0 0 17 0 0 31 
0 0 17 0 0 31 
0 59 0 0 0 40 
0 59 0 0 0 40 
0 59 0 0 0 40 
0 59 0 0 0 40 
0 59 0 0 0 40 
0 59 0 0 0 40 
0 59 0 0 0 40 
0 59 0 0 0 40 
0 59 0 0 0 40 
0 59 0 0 0 40 
0 59 0 0 0 40 
0 59 0 0 0 40 
0 59 0 0 0 40 
0 59 0 0 0 40 
0 59 0 0 0 40 
0 0 30 0 0 0 
0 0 30 0 0 0 
0 0 30 0 0 0 
0 0 30 0 0 0 
0 0 30 0 0 0 
0 0 30 0 0 0 
0 0 30 0 0 0 
0 0 30 0 0 0 
0 0 30 0 0 0 
0 0 30 0 0 0 
0 0 30 0 0 0 
0 0 30 0 0 0 
0 0 30 0 0 0 
0 0 30 0 0 0 
0 0 30 0 0 0 
0 0 0 35 0 0 
0 0 0 35 0 0 
0 0 0 35 0 0 
0 0 0 35 0 0 
0 0 0 35 0 0 
0 0 0 35 0 0 
0 0 0 35 0 0 
0 0 0 35 0 0 
0 0 0 35 0 0 
0 0 0 35 0 0 
0 0 0 35 0 0 
0 0 0 35 0 0 
0 0 0 35 0 0 
0 0 0 35 0 0 
0 0 0 35 0 0 
0 29 0 0 0 0 
0 29 0 0 0 0 
0 29 0 0 0 0 
0 29 0 0 0 0 
0 29 0 0 0 0 
0 29 0 0 0 0 
0 29 0 0 0 0 
0 29 0 0 0 0 
0 29 0 0 0 0 
0 29 0 0 0 0 
0 29 0 0 0 0 
0 29 0 0 0 0 
0 29 0 0 0 0 
0 29 0 0 0 0 
0 29 0 0 0 0 
0 41 0 0 0 0 
0 41 0 0 0 0 
0 41 0 0 0 0 
0 41 0 0 0 0 
0 41 0 0 0 0 
0 41 0 0 0 0 
0 41 0 0 0 0 
0 41 0 0 0 0 
0 41 0 0 0 0 
0 41 0 0 0 0 
0 41 0 0 0 0 
0 41 0 0 0 0 
0 41 0 0 0 0 
0 41 0 0 0 0 
0 41 0 0 0 0 
0 26 0 0 0 0 
0 26 0 0 0 0 
0 26 0 0 0 0 
0 26 0 0 0 0 
0 26 0 0 0 0 
0 26 0 0 0 0 
0 26 0 0 0 0 
0 26 0 0 0 0 
0 26 0 0 0 0 
0 26 0 0 0 0 
0 26 0 0 0 0 
0 26 0 0 0 0 
0 26 0 0 0 0 
0 26 0 0 0 0 
0 26 0 0 0 0 
0 0 30 0 0 30 
0 0 30 0 0 30 
0 0 30 0 0 30 
0 0 30 0 0 30 
0 0 30 0 0 30 
0 0 30 0 0 30 
0 0 30 0 0 30 
0 0 30 0 0 30 
0 0 30 0 0 30 
0 0 30 0 0 30 
0 0 30 0 0 30 
0 0 30 0 0 30 
0 0 30 0 0 30 
0 0 30 0 0 30 
0 0 30 0 0 30 
38 0 0 53 0 0 
38 0 0 53 0 0 
38 0 0 53 0 0 
38 0 0 53 0 0 
38 0 0 53 0 0 
38 0 0 53 0 0 
38 0 0 53 0 0 
38 0 0 53 0 0 
38 0 0 53 0 0 
38 0 0 53 0 0 
38 0 0 53 0 0 
38 0 0 53 0 0 
38 0 0 53 0 0 
38 0 0 53 0 0 
38 0 0 53 0 0 
0 0 0 0 0 28 
0 0 0 0 0 28 
0 0 0 0 0 28 
0 0 0 0 0 28 
0 0 0 0 0 28 
0 0 0 0 0 28 
0 0 0 0 0 28 
0 0 0 0 0 28 
0 0 0 0 0 28 
0 0 0 0 0 28 
0 0 0 0 0 28 
0 0 0 0 0 28 
0 0 0 0 0 28 
0 0 0 0 0 28 
0 0 0 0 0 28 
0 0 56 0 0 0 
0 0 56 0 0 0 
0 0 56 0 0 0 
0 0 56 0 0 0 
0 0 56 0 0 0 
0 0 56 0 0 0 
0 0 56 0 0 0 
0 0 56 0 0 0 
0 0 56 0 0 0 
0 0 56 0 0 0 
0 0 56 0 0 0 
0 0 56 0 0 0 
0 0 56 0 0 0 
0 0 56 0 0 0 
0 0 56 0 0 0 
0 0 36 0 51 0 
0 0 36 0 51 0 
0 0 36 0 51 0 
0 0 36 0 51 0 
0 0 36 0 51 0 
0 0 36 0 51 0 
0 0 36 0 51 0 
0 0 36 0 51 0 
0 0 36 0 51 0 
0 0 36 0 51 0 
0 0 36 0 51 0 
0 0 36 0 51 0 
0 0 36 0 51 0 
0 0 36 0 51 0 
0 0 36 0 51 0 
0 18 0 0 0 0 
0 18 0 0 0 0 
0 18 0 0 0 0 
0 18 0 0 0 0 
0 18 0 0 0 0 
0 18 0 0 0 0 
0 18 0 0 0 0 
0 18 0 0 0 0 
0 18 0 0 0 0 
0 18 0 0 0 0 
0 18 0 0 0 0 
0 18 0 0 0 0 
0 18 0 0 0 0 
0 18 0 0 0 0 
0 18 0 0 0 0 
0 0 29 0 0 0 
0 0 29 0 0 0 
0 0 29 0 0 0 
0 0 29 0 0 0 
0 0 29 0 0 0 
0 0 29 0 0 0 
0 0 29 0 0 0 
0 0 29 0 0 0 
0 0 29 0 0 0 
0 0 29 0 0 0 
0 0 29 0 0 0 
0 0 29 0 0 0 
0 0 29 0 0 0 
0 0 29 0 0 0 
0 0 29 0 0 0 
0 15 0 0 0 0 
0 15 0 0 0 0 
0 15 0 0 0 0 
0 15 0 0 0 0 
0 15 0 0 0 0 
0 15 0 0 0 0 
0 15 0 0 0 0 
0 15 0 0 0 0 
0 15 0 0 0 0 
0 15 0 0 0 0 
0 15 0 0 0 0 
0 15 0 0 0 0 
0 15 0 0 0 0 
0 15 0 0 0 0 
0 15 0 0 0 0 
0 0 0 15 0 0 
0 0 0 15 0 0 
0 0 0 15 0 0 
0 0 0 15 0 0 
0 0 0 15 0 0 
0 0 0 15 0 0 
0 0 0 15 0 0 
0 0 0 15 0 0 
0 0 0 15 0 0 
0 0 0 15 0 0 
0 0 0 15 0 0 
0 0 0 15 0 0 
0 0 0 15 0 0 
0 0 0 15 0 0 
0 0 0 15 0 0 
0 0 0 30 0 0 
0 0 0 30 0 0 
0 0 0 30 0 0 
0 0 0 30 0 0 
0 0 0 30 0 0 
0 0 0 30 0 0 
0 0 0 30 0 0 
0 0 0 30 0 0 
0 0 0 30 0 0 
0 0 0 30 0 0 
0 0 0 30 0 0 
0 0 0 30 0 0 
0 0 0 30 0 0 
0 0 0 30 0 0 
0 0 0 30 0 0 
0 0 0 0 0 20 
0 0 0 0 0 20 
0 0 0 0 0 20 
0 0 0 0 0 20 
0 0 0 0 0 20 
0 0 0 0 0 20 
0 0 0 0 0 20 
0 0 0 0 0 20 
0 0 0 0 0 20 
0 0 0 0 0 20 
0 0 0 0 0 20 
0 0 0 0 0 20 
0 0 0 0 0 20 
0 0 0 0 0 20 
0 0 0 0 0 20 
0 0 0 0 0 29 
0 0 0 0 0 29 
0 0 0 0 0 29 
0 0 0 0 0 29 
0 0 0 0 0 29 
0 0 0 0 0 29 
0 0 0 0 0 29 
0 0 0 0 0 29 
0 0 0 0 0 29 
0 0 0 0 0 29 
0 0 0 0 0 29 
0 0 0 0 0 29 
0 0 0 0 0 29 
0 0 0 0 0 29 
0 0 0 0 0 29 
0 0 0 53 0 0 
0 0 0 53 0 0 
0 0 0 53 0 0 
0 0 0 53 0 0 
0 0 0 53 0 0 
0 0 0 53 0 0 
0 0 0 53 0 0 
0 0 0 53 0 0 
0 0 0 53 0 0 
0 0 0 53 0 0 
0 0 0 53 0 0 
0 0 0 53 0 0 
0 0 0 53 0 0 
0 0 0 53 0 0 
0 0 0 53 0 0 
0 0 0 0 36 0 
0 0 0 0 36 0 
0 0 0 0 36 0 
0 0 0 0 36 0 
0 0 0 0 36 0 
0 0 0 0 36 0 
0 0 0 0 36 0 
0 0 0 0 36 0 
0 0 0 0 36 0 
0 0 0 0 36 0 
0 0 0 0 36 0 
0 0 0 0 36 0 
0 0 0 0 36 0 
0 0 0 0 36 0 
0 0 0 0 36 0 
0.0 0.0 0.0 0.0 0.0 0.0 
0.0 0.0 0.0 0.0 0.0 0.0 
0.0 0.0 0.0 0.0 0.0 0.0 
0.0 0.0 0.0 0.0 0.0 0.0 
0.0 0.0 0.0 0.0 0.0 0.0 
0.0 0.0 0.0 0.0 0.0 0.0 
0.0 0.0 0.0 0.0 0.0 0.0 
0.0 0.0 0.0 0.0 0.0 0.0 
0.0 0.0 0.0 0.0 0.0 0.0 
0.0 0.0 0.0 0.0 0.0 0.0 
0.0 0.0 0.0 0.0 0.0 0.0 
0.0 0.0 0.0 0.0 0.0 0.0 
0.0 0.0 0.0 0.0 0.0 0.0 
0.0 0.0 0.0 0.0 0.0 0.0 
0.0 0.0 0.0 0.0 0.0 0.0 
mind
0 0 0 0 0 20 0 0 0 0 0 15 0 0 0 0 0 0 0 0 0 13 0 10 0 29 18 0 0 0 0 0 0 0 0 12 0 11 10 0 0 0 0 0 0 0 0 0 0 0 0 0 0 0 0 15 0 0 0 0 0 0 14 20 0 0 0 0 0 0 0 0 0 0 0 0 0
maxd
0 0 0 0 0 29 0 0 0 0 0 30 0 0 0 0 0 0 0 0 0 21 0 15 0 30 23 0 0 0 0 0 0 0 0 28 0 17 24 0 0 0 0 0 0 0 0 0 0 0 0 0 0 0 0 25 0 0 0 0 0 0 27 25 0 0 0 0 0 0 0 0 0 0 0 0 0
e
0 761 533 597 711 564 703 678 711 489 737 890 722 767 822 783 816 833 526 631 693 808 742 555 644 602 757 503 527 547 552 647 501 510 925 489 606 638 746 487 522 692 780 607 579 554 744 683 798 552 893 532 527 629 823 800 537 585 756 939 515 891 946 544 546 636 611 847 675 547 743 875 612 822 899 594 0
l
99999 881 653 717 831 684 823 798 831 609 857 1010 842 887 942 903 936 953 646 751 813 928 862 675 764 722 877 623 647 667 672 767 621 630 1045 609 726 758 866 607 642 812 900 727 699 674 864 803 918 672 1013 652 647 749 943 920 657 705 876 1059 635 1011 1066 664 666 756 731 967 795 667 863 995 732 942 1019 714 99999
