nbNodes
77
nbVehi
15
nbServi
6
r
1 1 1 1 1 1 
0 0 0 1 0 0 
0 0 0 0 0 1 
0 0 1 1 0 0 
0 0 0 1 0 0 
0 1 0 0 0 0 
0 0 0 0 1 0 
0 0 0 1 0 0 
0 0 0 1 0 0 
0 0 1 0 0 0 
0 0 1 1 0 0 
0 0 1 1 0 0 
0 0 1 0 0 0 
0 0 0 1 0 0 
1 0 0 0 0 1 
0 1 0 0 1 0 
0 0 0 1 0 0 
1 0 0 1 0 0 
1 0 0 0 1 0 
0 1 0 0 0 0 
0 0 0 1 0 0 
0 0 0 1 0 0 
1 0 0 0 0 0 
1 0 0 1 0 0 
1 0 0 0 0 1 
0 0 1 0 0 0 
0 0 1 0 0 0 
0 0 0 0 0 1 
0 1 0 0 0 1 
1 0 0 0 0 0 
0 0 0 0 0 1 
0 0 0 0 1 0 
1 0 0 0 1 0 
0 0 0 0 1 0 
0 1 0 0 0 1 
0 0 0 1 0 0 
0 0 1 0 0 0 
0 1 0 0 0 1 
0 0 1 0 0 0 
1 0 0 0 1 0 
0 0 1 0 0 0 
0 0 0 0 0 1 
0 1 0 1 0 0 
0 1 0 0 0 0 
1 0 0 0 0 0 
0 0 0 0 0 1 
0 0 0 0 0 1 
0 0 0 1 0 0 
1 0 0 1 0 0 
0 0 1 0 0 0 
0 1 0 1 0 0 
0 1 0 0 0 0 
1 0 0 1 0 0 
0 0 1 0 0 0 
0 0 0 0 0 1 
0 0 0 1 0 0 
1 0 0 0 0 0 
0 0 1 0 0 0 
0 0 0 1 0 0 
0 0 1 0 1 0 
0 0 1 1 0 0 
1 0 0 1 0 0 
0 0 0 1 0 0 
0 0 1 0 1 0 
0 0 0 0 0 1 
1 0 0 0 0 0 
0 0 0 0 0 1 
1 0 0 0 0 0 
0 0 0 0 0 1 
0 1 0 0 0 0 
0 0 0 0 1 0 
0 0 0 1 0 0 
0 0 0 1 0 0 
0 0 0 0 0 1 
0 1 0 0 0 1 
0 1 0 1 0 0 
1 1 1 1 1 1 
DS
4 11 12 15 16 18 19 24 25 29 33 35 38 40 43 49 51 53 60 61 62 64 75 76 
a
1 0 1 0 0 0 
1 1 1 0 0 0 
0 1 0 0 0 0 
1 1 1 0 0 0 
0 1 0 0 0 0 
1 1 1 0 0 0 
1 0 1 0 0 0 
0 0 0 1 0 1 
0 0 0 1 1 1 
0 0 0 1 0 0 
0 0 0 1 1 1 
0 0 0 1 0 1 
0 0 0 1 0 1 
0 0 0 1 1 0 
0 0 0 1 0 0 
x
-29.9848 -30.1566 -30.1585 -30.0455 -30.0695 -30.0619 -30.0117 -30.1373 -30.1364 -30.1012 -30.1475 -30.0781 -30.0616 -30.0824 -30.0729 -30.242 -30.0736 -30.1432 -30.0526 -30.1468 -30.1379 -30.0096 -30.1564 -30.1369 -30.0347 -30.0411 -30.0441 -30.0631 -30.0101 -30.0568 -30.0415 -30.0769 -30.0487 -30.0705 -30.0682 -30.0829 -30.1315 -30.0719 -30.0315 -30.0232 -30.0684 -29.9848 -30.1233 -30.071 -30.0387 -30.0229 -30.0205 -30.0444 -30.0411 -29.9825 -30.0658 -30.0915 -30.0565 -30.076 -30.1421 -30.1784 -30.0428 -30.05 -30.1437 -30.1444 -30.0705 -30.0298 -30.1413 -30.0588 -30.0394 -30.0364 -30.0784 -30.0719 -30.0531 -30.0706 -30.0214 -30.0685 -30.0655 -30.0669 -30.1269 -30.0684 -29.9848
y
-51.1316 -51.1303 -51.1716 -51.1666 -51.205 -51.2074 -51.1303 -51.2121 -51.198 -51.2258 -51.1468 -51.2228 -51.1932 -51.209 -51.2157 -51.0799 -51.2222 -51.0915 -51.208 -51.2107 -51.2295 -51.2056 -51.1782 -51.2291 -51.2007 -51.2047 -51.211 -51.2001 -51.2045 -51.2163 -51.2185 -51.224 -51.1989 -51.1509 -51.184 -51.2266 -51.2033 -51.2099 -51.1912 -51.1869 -51.1625 -51.1316 -51.1043 -51.2111 -51.1927 -51.1254 -51.1476 -51.1711 -51.2189 -51.1346 -51.1827 -51.2243 -51.1808 -51.2014 -51.2176 -51.1744 -51.2175 -51.2068 -51.2002 -51.2067 -51.1511 -51.1999 -51.1975 -51.2198 -51.2051 -51.2032 -51.1934 -51.1771 -51.1833 -51.221 -51.1197 -51.2155 -51.1887 -51.1801 -51.1095 -51.213 -51.1316
d
0.00000 47.00000 46.00000 17.00000 24.00000 23.00000 8.00000 40.00000 41.00000 31.00000 47.00000 28.00000 23.00000 27.00000 26.00000 60.00000 27.00000 39.00000 21.00000 38.00000 37.00000 16.00000 45.00000 37.00000 19.00000 18.00000 20.00000 24.00000 17.00000 22.00000 21.00000 27.00000 20.00000 21.00000 23.00000 30.00000 40.00000 25.00000 16.00000 14.00000 23.00000 0.00000 34.00000 25.00000 19.00000 11.00000 11.00000 17.00000 22.00000 2.00000 22.00000 29.00000 22.00000 25.00000 38.00000 48.00000 21.00000 21.00000 41.00000 40.00000 21.00000 17.00000 42.00000 23.00000 19.00000 20.00000 26.00000 24.00000 20.00000 26.00000 10.00000 26.00000 22.00000 23.00000 34.00000 24.00000 0.00000
47.00000 0.00000 13.00000 35.00000 32.00000 33.00000 42.00000 21.00000 23.00000 25.00000 7.00000 30.00000 34.00000 28.00000 31.00000 26.00000 32.00000 16.00000 35.00000 20.00000 23.00000 44.00000 13.00000 22.00000 38.00000 37.00000 36.00000 33.00000 43.00000 35.00000 37.00000 31.00000 36.00000 31.00000 33.00000 29.00000 23.00000 32.00000 41.00000 41.00000 34.00000 47.00000 16.00000 31.00000 38.00000 40.00000 39.00000 34.00000 37.00000 48.00000 33.00000 26.00000 35.00000 30.00000 20.00000 14.00000 37.00000 35.00000 19.00000 19.00000 31.00000 39.00000 20.00000 35.00000 37.00000 38.00000 30.00000 35.00000 36.00000 32.00000 38.00000 32.00000 33.00000 34.00000 15.00000 32.00000 47.00000
46.00000 13.00000 0.00000 32.00000 25.00000 26.00000 42.00000 11.00000 13.00000 17.00000 9.00000 23.00000 28.00000 21.00000 24.00000 22.00000 25.00000 21.00000 28.00000 10.00000 13.00000 37.00000 3.00000 12.00000 31.00000 30.00000 29.00000 26.00000 36.00000 28.00000 30.00000 24.00000 29.00000 33.00000 26.00000 22.00000 13.00000 25.00000 34.00000 35.00000 31.00000 46.00000 21.00000 24.00000 32.00000 41.00000 37.00000 30.00000 30.00000 47.00000 26.00000 19.00000 28.00000 23.00000 10.00000 8.00000 30.00000 28.00000 9.00000 9.00000 33.00000 32.00000 10.00000 28.00000 30.00000 31.00000 24.00000 28.00000 29.00000 25.00000 40.00000 25.00000 26.00000 27.00000 21.00000 25.00000 46.00000
17.00000 35.00000 32.00000 0.00000 12.00000 13.00000 13.00000 25.00000 27.00000 17.00000 34.00000 15.00000 9.00000 13.00000 14.00000 50.00000 16.00000 27.00000 11.00000 24.00000 23.00000 14.00000 31.00000 23.00000 9.00000 10.00000 11.00000 11.00000 13.00000 12.00000 13.00000 15.00000 9.00000 9.00000 8.00000 16.00000 26.00000 14.00000 9.00000 9.00000 8.00000 17.00000 21.00000 13.00000 7.00000 12.00000 8.00000 2.00000 13.00000 18.00000 7.00000 14.00000 7.00000 11.00000 24.00000 34.00000 12.00000 10.00000 27.00000 25.00000 9.00000 10.00000 28.00000 14.00000 10.00000 9.00000 12.00000 9.00000 6.00000 16.00000 11.00000 15.00000 8.00000 8.00000 22.00000 13.00000 17.00000
25.00000 31.00000 23.00000 11.00000 0.00000 4.00000 21.00000 17.00000 18.00000 8.00000 25.00000 6.00000 6.00000 4.00000 4.00000 41.00000 7.00000 30.00000 6.00000 15.00000 14.00000 16.00000 22.00000 14.00000 10.00000 8.00000 8.00000 5.00000 15.00000 6.00000 9.00000 6.00000 7.00000 12.00000 6.00000 8.00000 17.00000 4.00000 13.00000 13.00000 10.00000 25.00000 25.00000 4.00000 10.00000 21.00000 17.00000 10.00000 9.00000 26.00000 6.00000 6.00000 7.00000 2.00000 15.00000 25.00000 8.00000 6.00000 18.00000 17.00000 12.00000 11.00000 19.00000 6.00000 9.00000 10.00000 4.00000 8.00000 8.00000 6.00000 19.00000 5.00000 6.00000 6.00000 25.00000 3.00000 25.00000
24.00000 32.00000 25.00000 13.00000 2.00000 0.00000 20.00000 18.00000 20.00000 10.00000 26.00000 7.00000 4.00000 6.00000 5.00000 43.00000 7.00000 31.00000 3.00000 17.00000 16.00000 13.00000 24.00000 16.00000 7.00000 5.00000 5.00000 3.00000 12.00000 4.00000 6.00000 7.00000 5.00000 13.00000 7.00000 9.00000 19.00000 5.00000 10.00000 10.00000 11.00000 24.00000 25.00000 4.00000 7.00000 22.00000 18.00000 11.00000 6.00000 25.00000 6.00000 7.00000 9.00000 3.00000 17.00000 27.00000 5.00000 3.00000 19.00000 18.00000 13.00000 8.00000 20.00000 5.00000 6.00000 7.00000 6.00000 9.00000 9.00000 7.00000 20.00000 6.00000 5.00000 7.00000 26.00000 4.00000 24.00000
9.00000 41.00000 43.00000 14.00000 23.00000 23.00000 0.00000 37.00000 38.00000 29.00000 41.00000 26.00000 20.00000 24.00000 25.00000 54.00000 26.00000 33.00000 21.00000 36.00000 35.00000 16.00000 42.00000 34.00000 19.00000 18.00000 19.00000 23.00000 16.00000 21.00000 21.00000 26.00000 20.00000 15.00000 19.00000 28.00000 37.00000 25.00000 16.00000 14.00000 19.00000 9.00000 28.00000 25.00000 17.00000 5.00000 8.00000 14.00000 21.00000 10.00000 18.00000 26.00000 18.00000 23.00000 35.00000 46.00000 21.00000 20.00000 38.00000 37.00000 15.00000 16.00000 39.00000 22.00000 18.00000 19.00000 24.00000 21.00000 18.00000 25.00000 4.00000 26.00000 19.00000 19.00000 28.00000 24.00000 9.00000
39.00000 22.00000 12.00000 25.00000 18.00000 19.00000 35.00000 0.00000 7.00000 11.00000 18.00000 17.00000 21.00000 15.00000 17.00000 32.00000 19.00000 31.00000 21.00000 4.00000 6.00000 30.00000 11.00000 6.00000 25.00000 23.00000 22.00000 20.00000 30.00000 21.00000 23.00000 17.00000 22.00000 26.00000 19.00000 16.00000 6.00000 18.00000 27.00000 28.00000 24.00000 39.00000 30.00000 18.00000 25.00000 34.00000 31.00000 24.00000 24.00000 40.00000 20.00000 13.00000 21.00000 16.00000 3.00000 13.00000 23.00000 21.00000 6.00000 5.00000 26.00000 26.00000 7.00000 21.00000 24.00000 25.00000 19.00000 21.00000 22.00000 19.00000 33.00000 18.00000 20.00000 20.00000 30.00000 18.00000 39.00000
40.00000 22.00000 12.00000 25.00000 19.00000 19.00000 35.00000 7.00000 0.00000 11.00000 17.00000 17.00000 21.00000 15.00000 18.00000 32.00000 19.00000 31.00000 22.00000 9.00000 12.00000 31.00000 11.00000 11.00000 25.00000 24.00000 23.00000 20.00000 30.00000 21.00000 24.00000 18.00000 23.00000 26.00000 20.00000 16.00000 5.00000 19.00000 28.00000 28.00000 24.00000 40.00000 31.00000 18.00000 26.00000 35.00000 31.00000 24.00000 24.00000 40.00000 20.00000 13.00000 21.00000 17.00000 9.00000 15.00000 23.00000 22.00000 6.00000 8.00000 26.00000 26.00000 5.00000 22.00000 24.00000 25.00000 19.00000 22.00000 22.00000 19.00000 33.00000 19.00000 20.00000 21.00000 30.00000 19.00000 40.00000
30.00000 25.00000 18.00000 16.00000 9.00000 10.00000 26.00000 11.00000 11.00000 0.00000 18.00000 8.00000 12.00000 5.00000 8.00000 35.00000 9.00000 33.00000 12.00000 10.00000 9.00000 21.00000 17.00000 8.00000 15.00000 14.00000 13.00000 10.00000 20.00000 12.00000 14.00000 8.00000 13.00000 17.00000 10.00000 6.00000 11.00000 9.00000 18.00000 19.00000 15.00000 30.00000 29.00000 8.00000 16.00000 25.00000 21.00000 14.00000 14.00000 31.00000 10.00000 3.00000 12.00000 7.00000 10.00000 20.00000 14.00000 12.00000 12.00000 11.00000 17.00000 16.00000 13.00000 12.00000 14.00000 15.00000 9.00000 12.00000 13.00000 9.00000 24.00000 9.00000 10.00000 11.00000 30.00000 9.00000 30.00000
47.00000 7.00000 9.00000 32.00000 26.00000 26.00000 41.00000 18.00000 17.00000 18.00000 0.00000 24.00000 28.00000 22.00000 24.00000 24.00000 26.00000 15.00000 29.00000 16.00000 19.00000 38.00000 9.00000 19.00000 32.00000 30.00000 30.00000 27.00000 37.00000 28.00000 31.00000 25.00000 30.00000 30.00000 27.00000 23.00000 17.00000 25.00000 35.00000 35.00000 31.00000 47.00000 15.00000 25.00000 33.00000 39.00000 38.00000 31.00000 31.00000 47.00000 27.00000 20.00000 28.00000 24.00000 16.00000 11.00000 30.00000 29.00000 15.00000 15.00000 30.00000 33.00000 16.00000 29.00000 31.00000 32.00000 24.00000 29.00000 29.00000 26.00000 38.00000 26.00000 27.00000 28.00000 15.00000 26.00000 47.00000
29.00000 31.00000 23.00000 15.00000 6.00000 7.00000 25.00000 16.00000 18.00000 8.00000 25.00000 0.00000 10.00000 5.00000 3.00000 41.00000 3.00000 34.00000 9.00000 15.00000 14.00000 18.00000 22.00000 14.00000 13.00000 11.00000 10.00000 8.00000 17.00000 8.00000 11.00000 1.00000 11.00000 16.00000 9.00000 3.00000 17.00000 4.00000 15.00000 16.00000 14.00000 29.00000 29.00000 4.00000 14.00000 24.00000 21.00000 14.00000 11.00000 30.00000 10.00000 5.00000 11.00000 6.00000 15.00000 25.00000 11.00000 9.00000 18.00000 17.00000 16.00000 13.00000 19.00000 8.00000 12.00000 13.00000 9.00000 11.00000 12.00000 3.00000 23.00000 4.00000 10.00000 10.00000 29.00000 5.00000 29.00000
24.00000 34.00000 27.00000 9.00000 5.00000 5.00000 19.00000 20.00000 21.00000 11.00000 28.00000 9.00000 0.00000 7.00000 8.00000 45.00000 10.00000 27.00000 6.00000 19.00000 17.00000 14.00000 26.00000 17.00000 8.00000 7.00000 7.00000 3.00000 14.00000 7.00000 8.00000 9.00000 5.00000 9.00000 3.00000 11.00000 20.00000 7.00000 10.00000 12.00000 7.00000 24.00000 22.00000 7.00000 7.00000 19.00000 15.00000 8.00000 8.00000 25.00000 3.00000 9.00000 5.00000 5.00000 18.00000 28.00000 7.00000 5.00000 21.00000 20.00000 9.00000 10.00000 22.00000 8.00000 8.00000 8.00000 6.00000 5.00000 6.00000 9.00000 17.00000 8.00000 3.00000 3.00000 22.00000 6.00000 24.00000
27.00000 31.00000 23.00000 13.00000 6.00000 7.00000 23.00000 17.00000 18.00000 8.00000 25.00000 6.00000 9.00000 0.00000 6.00000 41.00000 8.00000 32.00000 9.00000 15.00000 14.00000 18.00000 23.00000 14.00000 12.00000 11.00000 10.00000 7.00000 17.00000 9.00000 11.00000 6.00000 10.00000 14.00000 7.00000 8.00000 17.00000 6.00000 15.00000 16.00000 12.00000 27.00000 26.00000 5.00000 13.00000 22.00000 18.00000 11.00000 11.00000 28.00000 7.00000 6.00000 9.00000 4.00000 15.00000 25.00000 11.00000 9.00000 18.00000 17.00000 14.00000 13.00000 19.00000 9.00000 11.00000 12.00000 5.00000 9.00000 10.00000 7.00000 21.00000 7.00000 7.00000 8.00000 27.00000 6.00000 27.00000
28.00000 32.00000 24.00000 14.00000 4.00000 5.00000 23.00000 17.00000 19.00000 9.00000 26.00000 3.00000 8.00000 5.00000 0.00000 42.00000 3.00000 33.00000 7.00000 16.00000 15.00000 16.00000 23.00000 15.00000 11.00000 9.00000 8.00000 6.00000 15.00000 6.00000 9.00000 3.00000 8.00000 15.00000 9.00000 6.00000 18.00000 3.00000 13.00000 14.00000 13.00000 28.00000 28.00000 2.00000 11.00000 24.00000 20.00000 13.00000 9.00000 28.00000 9.00000 6.00000 10.00000 5.00000 16.00000 26.00000 9.00000 7.00000 19.00000 17.00000 15.00000 11.00000 20.00000 6.00000 10.00000 11.00000 7.00000 11.00000 11.00000 3.00000 22.00000 3.00000 9.00000 9.00000 28.00000 4.00000 28.00000
61.00000 26.00000 22.00000 48.00000 42.00000 43.00000 56.00000 31.00000 32.00000 34.00000 24.00000 40.00000 44.00000 38.00000 41.00000 0.00000 42.00000 28.00000 45.00000 29.00000 32.00000 54.00000 22.00000 32.00000 48.00000 47.00000 46.00000 43.00000 53.00000 44.00000 47.00000 41.00000 46.00000 45.00000 43.00000 39.00000 33.00000 42.00000 51.00000 52.00000 47.00000 61.00000 30.00000 41.00000 49.00000 54.00000 54.00000 47.00000 47.00000 62.00000 43.00000 36.00000 44.00000 40.00000 29.00000 22.00000 46.00000 45.00000 28.00000 28.00000 45.00000 49.00000 29.00000 45.00000 47.00000 48.00000 40.00000 45.00000 45.00000 42.00000 52.00000 42.00000 43.00000 44.00000 31.00000 42.00000 61.00000
28.00000 33.00000 25.00000 17.00000 6.00000 8.00000 24.00000 19.00000 20.00000 10.00000 27.00000 3.00000 10.00000 6.00000 3.00000 43.00000 0.00000 36.00000 8.00000 17.00000 16.00000 17.00000 24.00000 16.00000 11.00000 10.00000 9.00000 8.00000 16.00000 6.00000 10.00000 2.00000 10.00000 18.00000 11.00000 5.00000 19.00000 5.00000 14.00000 15.00000 16.00000 28.00000 30.00000 5.00000 12.00000 26.00000 22.00000 15.00000 10.00000 29.00000 11.00000 7.00000 13.00000 7.00000 17.00000 27.00000 9.00000 8.00000 20.00000 19.00000 18.00000 12.00000 21.00000 7.00000 10.00000 11.00000 10.00000 13.00000 14.00000 2.00000 25.00000 4.00000 11.00000 12.00000 30.00000 6.00000 28.00000
39.00000 16.00000 22.00000 26.00000 31.00000 32.00000 33.00000 30.00000 31.00000 33.00000 16.00000 34.00000 28.00000 32.00000 33.00000 28.00000 35.00000 0.00000 30.00000 29.00000 31.00000 37.00000 22.00000 31.00000 31.00000 30.00000 31.00000 30.00000 36.00000 31.00000 32.00000 34.00000 29.00000 22.00000 26.00000 35.00000 32.00000 33.00000 32.00000 33.00000 26.00000 39.00000 7.00000 33.00000 30.00000 31.00000 31.00000 26.00000 32.00000 40.00000 25.00000 33.00000 27.00000 30.00000 29.00000 23.00000 31.00000 29.00000 27.00000 28.00000 22.00000 32.00000 29.00000 32.00000 30.00000 31.00000 31.00000 28.00000 28.00000 35.00000 30.00000 34.00000 27.00000 26.00000 8.00000 32.00000 39.00000
23.00000 34.00000 26.00000 11.00000 4.00000 3.00000 18.00000 20.00000 21.00000 11.00000 28.00000 8.00000 4.00000 7.00000 6.00000 44.00000 8.00000 30.00000 0.00000 18.00000 17.00000 11.00000 25.00000 17.00000 6.00000 4.00000 3.00000 4.00000 11.00000 4.00000 5.00000 8.00000 3.00000 12.00000 6.00000 10.00000 20.00000 6.00000 8.00000 9.00000 10.00000 23.00000 24.00000 5.00000 6.00000 20.00000 16.00000 10.00000 5.00000 24.00000 5.00000 9.00000 7.00000 5.00000 18.00000 28.00000 4.00000 2.00000 21.00000 20.00000 12.00000 7.00000 22.00000 5.00000 5.00000 6.00000 7.00000 8.00000 8.00000 8.00000 19.00000 7.00000 5.00000 6.00000 25.00000 5.00000 23.00000
39.00000 19.00000 9.00000 24.00000 18.00000 19.00000 34.00000 4.00000 8.00000 10.00000 15.00000 16.00000 20.00000 14.00000 17.00000 28.00000 18.00000 27.00000 21.00000 0.00000 5.00000 30.00000 8.00000 5.00000 24.00000 23.00000 22.00000 19.00000 29.00000 20.00000 23.00000 17.00000 22.00000 25.00000 19.00000 15.00000 8.00000 18.00000 27.00000 28.00000 24.00000 39.00000 27.00000 17.00000 25.00000 34.00000 30.00000 23.00000 23.00000 39.00000 19.00000 12.00000 20.00000 16.00000 2.00000 10.00000 22.00000 21.00000 3.00000 2.00000 26.00000 25.00000 4.00000 21.00000 23.00000 24.00000 18.00000 21.00000 21.00000 18.00000 32.00000 18.00000 19.00000 20.00000 27.00000 18.00000 39.00000
37.00000 23.00000 13.00000 23.00000 16.00000 17.00000 33.00000 6.00000 12.00000 8.00000 19.00000 14.00000 19.00000 12.00000 15.00000 32.00000 16.00000 31.00000 19.00000 4.00000 0.00000 28.00000 12.00000 1.00000 22.00000 21.00000 20.00000 17.00000 27.00000 19.00000 21.00000 15.00000 20.00000 24.00000 17.00000 13.00000 10.00000 16.00000 25.00000 26.00000 22.00000 37.00000 31.00000 15.00000 23.00000 32.00000 28.00000 21.00000 21.00000 38.00000 17.00000 10.00000 19.00000 14.00000 4.00000 14.00000 21.00000 19.00000 7.00000 6.00000 24.00000 23.00000 8.00000 19.00000 21.00000 22.00000 16.00000 19.00000 20.00000 16.00000 31.00000 16.00000 17.00000 18.00000 31.00000 16.00000 37.00000
16.00000 43.00000 36.00000 13.00000 13.00000 12.00000 13.00000 29.00000 30.00000 21.00000 37.00000 17.00000 12.00000 17.00000 15.00000 54.00000 16.00000 36.00000 10.00000 28.00000 27.00000 0.00000 35.00000 26.00000 8.00000 7.00000 9.00000 13.00000 1.00000 11.00000 9.00000 16.00000 9.00000 19.00000 14.00000 19.00000 30.00000 14.00000 8.00000 7.00000 17.00000 16.00000 31.00000 14.00000 10.00000 17.00000 13.00000 12.00000 10.00000 17.00000 13.00000 18.00000 13.00000 14.00000 27.00000 38.00000 10.00000 9.00000 30.00000 29.00000 19.00000 6.00000 31.00000 12.00000 8.00000 9.00000 16.00000 16.00000 12.00000 15.00000 16.00000 15.00000 13.00000 14.00000 31.00000 13.00000 16.00000
45.00000 13.00000 3.00000 31.00000 24.00000 25.00000 41.00000 10.00000 12.00000 16.00000 9.00000 22.00000 27.00000 20.00000 23.00000 23.00000 24.00000 22.00000 27.00000 9.00000 12.00000 36.00000 0.00000 11.00000 30.00000 29.00000 28.00000 25.00000 35.00000 27.00000 29.00000 23.00000 28.00000 32.00000 25.00000 21.00000 12.00000 24.00000 33.00000 34.00000 30.00000 45.00000 21.00000 23.00000 31.00000 40.00000 36.00000 29.00000 29.00000 46.00000 25.00000 18.00000 27.00000 22.00000 9.00000 8.00000 29.00000 27.00000 8.00000 8.00000 32.00000 31.00000 9.00000 27.00000 29.00000 30.00000 23.00000 27.00000 28.00000 24.00000 39.00000 24.00000 25.00000 26.00000 21.00000 24.00000 45.00000
37.00000 22.00000 12.00000 23.00000 16.00000 17.00000 32.00000 6.00000 11.00000 8.00000 19.00000 14.00000 18.00000 12.00000 15.00000 32.00000 16.00000 31.00000 19.00000 4.00000 1.00000 28.00000 11.00000 0.00000 22.00000 21.00000 20.00000 17.00000 27.00000 19.00000 21.00000 15.00000 20.00000 24.00000 17.00000 13.00000 10.00000 16.00000 25.00000 26.00000 22.00000 37.00000 31.00000 15.00000 23.00000 32.00000 28.00000 21.00000 21.00000 38.00000 17.00000 10.00000 19.00000 14.00000 4.00000 14.00000 21.00000 19.00000 7.00000 6.00000 24.00000 23.00000 8.00000 19.00000 21.00000 22.00000 16.00000 19.00000 20.00000 16.00000 31.00000 16.00000 17.00000 18.00000 30.00000 16.00000 37.00000
19.00000 40.00000 33.00000 9.00000 10.00000 9.00000 15.00000 26.00000 27.00000 17.00000 34.00000 13.00000 8.00000 13.00000 11.00000 50.00000 13.00000 33.00000 7.00000 25.00000 23.00000 9.00000 32.00000 23.00000 0.00000 4.00000 5.00000 9.00000 8.00000 7.00000 7.00000 13.00000 6.00000 15.00000 10.00000 16.00000 26.00000 11.00000 4.00000 6.00000 13.00000 19.00000 27.00000 11.00000 5.00000 18.00000 14.00000 8.00000 7.00000 20.00000 9.00000 15.00000 9.00000 11.00000 24.00000 34.00000 7.00000 6.00000 27.00000 26.00000 15.00000 3.00000 28.00000 8.00000 4.00000 2.00000 13.00000 12.00000 8.00000 11.00000 17.00000 12.00000 9.00000 10.00000 28.00000 10.00000 19.00000
22.00000 37.00000 29.00000 9.00000 6.00000 6.00000 17.00000 23.00000 24.00000 14.00000 31.00000 10.00000 6.00000 10.00000 9.00000 47.00000 10.00000 31.00000 4.00000 21.00000 20.00000 10.00000 28.00000 20.00000 5.00000 0.00000 2.00000 7.00000 9.00000 5.00000 4.00000 10.00000 4.00000 13.00000 8.00000 13.00000 23.00000 8.00000 7.00000 8.00000 12.00000 22.00000 26.00000 8.00000 5.00000 18.00000 14.00000 8.00000 4.00000 22.00000 7.00000 12.00000 7.00000 8.00000 21.00000 31.00000 4.00000 3.00000 24.00000 23.00000 13.00000 5.00000 25.00000 6.00000 1.00000 5.00000 10.00000 10.00000 7.00000 8.00000 16.00000 9.00000 7.00000 8.00000 26.00000 7.00000 22.00000
21.00000 36.00000 29.00000 11.00000 6.00000 5.00000 17.00000 22.00000 23.00000 13.00000 30.00000 10.00000 6.00000 9.00000 8.00000 46.00000 9.00000 31.00000 3.00000 21.00000 19.00000 10.00000 28.00000 19.00000 5.00000 3.00000 0.00000 6.00000 9.00000 4.00000 3.00000 9.00000 4.00000 13.00000 8.00000 12.00000 22.00000 7.00000 7.00000 8.00000 11.00000 21.00000 26.00000 7.00000 5.00000 19.00000 16.00000 10.00000 4.00000 22.00000 7.00000 11.00000 7.00000 7.00000 20.00000 30.00000 3.00000 2.00000 23.00000 22.00000 13.00000 5.00000 24.00000 5.00000 4.00000 5.00000 9.00000 10.00000 7.00000 8.00000 18.00000 8.00000 7.00000 8.00000 26.00000 6.00000 21.00000
25.00000 34.00000 26.00000 11.00000 3.00000 3.00000 21.00000 19.00000 21.00000 11.00000 27.00000 8.00000 3.00000 7.00000 6.00000 44.00000 8.00000 29.00000 5.00000 18.00000 17.00000 14.00000 25.00000 17.00000 9.00000 7.00000 7.00000 0.00000 14.00000 6.00000 8.00000 8.00000 5.00000 11.00000 5.00000 10.00000 20.00000 6.00000 10.00000 12.00000 9.00000 25.00000 24.00000 5.00000 8.00000 20.00000 17.00000 10.00000 8.00000 26.00000 5.00000 8.00000 7.00000 4.00000 18.00000 28.00000 7.00000 5.00000 20.00000 19.00000 11.00000 10.00000 21.00000 6.00000 8.00000 8.00000 6.00000 7.00000 7.00000 8.00000 19.00000 7.00000 4.00000 6.00000 24.00000 5.00000 25.00000
17.00000 43.00000 36.00000 13.00000 13.00000 12.00000 13.00000 29.00000 30.00000 20.00000 37.00000 16.00000 12.00000 16.00000 14.00000 53.00000 16.00000 36.00000 10.00000 28.00000 26.00000 3.00000 35.00000 26.00000 8.00000 7.00000 8.00000 13.00000 0.00000 10.00000 9.00000 16.00000 9.00000 18.00000 14.00000 19.00000 29.00000 14.00000 8.00000 7.00000 17.00000 17.00000 31.00000 14.00000 10.00000 17.00000 13.00000 12.00000 9.00000 18.00000 13.00000 18.00000 12.00000 14.00000 27.00000 37.00000 9.00000 9.00000 30.00000 29.00000 18.00000 6.00000 31.00000 11.00000 7.00000 8.00000 16.00000 15.00000 12.00000 14.00000 16.00000 15.00000 13.00000 14.00000 31.00000 13.00000 17.00000
23.00000 35.00000 28.00000 12.00000 5.00000 4.00000 19.00000 21.00000 22.00000 12.00000 29.00000 7.00000 5.00000 7.00000 5.00000 45.00000 6.00000 31.00000 3.00000 20.00000 19.00000 12.00000 27.00000 18.00000 6.00000 5.00000 4.00000 5.00000 11.00000 0.00000 4.00000 7.00000 5.00000 13.00000 7.00000 10.00000 21.00000 5.00000 9.00000 10.00000 11.00000 23.00000 26.00000 5.00000 7.00000 21.00000 17.00000 11.00000 5.00000 24.00000 7.00000 10.00000 9.00000 6.00000 19.00000 29.00000 4.00000 3.00000 22.00000 21.00000 13.00000 7.00000 23.00000 2.00000 5.00000 6.00000 8.00000 9.00000 9.00000 5.00000 20.00000 6.00000 7.00000 7.00000 26.00000 4.00000 23.00000
23.00000 37.00000 29.00000 12.00000 6.00000 6.00000 19.00000 22.00000 24.00000 14.00000 30.00000 10.00000 7.00000 10.00000 8.00000 47.00000 10.00000 32.00000 4.00000 21.00000 20.00000 11.00000 28.00000 20.00000 7.00000 5.00000 4.00000 7.00000 10.00000 4.00000 0.00000 10.00000 6.00000 14.00000 9.00000 13.00000 23.00000 8.00000 10.00000 10.00000 12.00000 23.00000 27.00000 8.00000 8.00000 21.00000 17.00000 11.00000 1.00000 23.00000 8.00000 11.00000 9.00000 8.00000 21.00000 31.00000 2.00000 5.00000 24.00000 23.00000 14.00000 7.00000 25.00000 5.00000 5.00000 7.00000 10.00000 11.00000 10.00000 8.00000 19.00000 9.00000 8.00000 9.00000 27.00000 7.00000 23.00000
29.00000 32.00000 24.00000 15.00000 6.00000 7.00000 25.00000 17.00000 19.00000 9.00000 26.00000 2.00000 10.00000 5.00000 4.00000 42.00000 2.00000 34.00000 9.00000 16.00000 15.00000 18.00000 23.00000 15.00000 12.00000 11.00000 10.00000 8.00000 17.00000 7.00000 10.00000 0.00000 11.00000 16.00000 10.00000 4.00000 18.00000 5.00000 15.00000 16.00000 14.00000 29.00000 29.00000 4.00000 13.00000 25.00000 21.00000 14.00000 11.00000 30.00000 10.00000 6.00000 11.00000 7.00000 16.00000 26.00000 10.00000 9.00000 19.00000 17.00000 16.00000 13.00000 20.00000 7.00000 11.00000 12.00000 9.00000 12.00000 12.00000 3.00000 23.00000 4.00000 10.00000 11.00000 29.00000 6.00000 29.00000
21.00000 37.00000 29.00000 9.00000 6.00000 6.00000 17.00000 22.00000 24.00000 14.00000 31.00000 11.00000 4.00000 10.00000 9.00000 47.00000 11.00000 29.00000 3.00000 21.00000 20.00000 11.00000 28.00000 20.00000 5.00000 4.00000 4.00000 5.00000 10.00000 6.00000 6.00000 11.00000 0.00000 11.00000 6.00000 13.00000 23.00000 9.00000 6.00000 8.00000 9.00000 21.00000 23.00000 8.00000 3.00000 18.00000 14.00000 7.00000 6.00000 22.00000 5.00000 12.00000 5.00000 8.00000 21.00000 31.00000 6.00000 3.00000 24.00000 23.00000 11.00000 6.00000 25.00000 7.00000 4.00000 4.00000 9.00000 8.00000 5.00000 10.00000 16.00000 10.00000 5.00000 6.00000 23.00000 7.00000 21.00000
22.00000 30.00000 32.00000 10.00000 14.00000 15.00000 16.00000 28.00000 29.00000 19.00000 29.00000 17.00000 11.00000 15.00000 16.00000 45.00000 19.00000 22.00000 13.00000 26.00000 25.00000 20.00000 31.00000 25.00000 14.00000 13.00000 14.00000 14.00000 20.00000 14.00000 15.00000 17.00000 13.00000 0.00000 9.00000 19.00000 28.00000 16.00000 16.00000 16.00000 7.00000 22.00000 16.00000 16.00000 13.00000 15.00000 14.00000 9.00000 15.00000 23.00000 8.00000 17.00000 10.00000 13.00000 26.00000 35.00000 15.00000 12.00000 29.00000 28.00000 1.00000 16.00000 30.00000 16.00000 14.00000 14.00000 14.00000 11.00000 11.00000 18.00000 13.00000 17.00000 10.00000 9.00000 17.00000 15.00000 22.00000
22.00000 34.00000 26.00000 8.00000 6.00000 7.00000 18.00000 19.00000 21.00000 11.00000 28.00000 9.00000 4.00000 7.00000 8.00000 44.00000 10.00000 26.00000 6.00000 18.00000 17.00000 15.00000 25.00000 17.00000 9.00000 8.00000 7.00000 5.00000 14.00000 8.00000 9.00000 9.00000 6.00000 9.00000 0.00000 10.00000 20.00000 8.00000 10.00000 11.00000 7.00000 22.00000 21.00000 7.00000 8.00000 17.00000 14.00000 7.00000 9.00000 23.00000 2.00000 8.00000 4.00000 5.00000 18.00000 28.00000 8.00000 6.00000 21.00000 19.00000 9.00000 10.00000 22.00000 9.00000 8.00000 9.00000 6.00000 3.00000 5.00000 10.00000 16.00000 9.00000 3.00000 2.00000 21.00000 7.00000 22.00000
31.00000 30.00000 23.00000 17.00000 8.00000 9.00000 26.00000 16.00000 17.00000 7.00000 24.00000 3.00000 12.00000 6.00000 6.00000 41.00000 5.00000 35.00000 11.00000 15.00000 13.00000 20.00000 22.00000 13.00000 15.00000 13.00000 12.00000 11.00000 19.00000 9.00000 13.00000 3.00000 13.00000 18.00000 11.00000 0.00000 16.00000 7.00000 17.00000 18.00000 16.00000 31.00000 30.00000 6.00000 15.00000 26.00000 22.00000 15.00000 13.00000 32.00000 11.00000 4.00000 13.00000 8.00000 14.00000 24.00000 12.00000 12.00000 17.00000 16.00000 18.00000 15.00000 18.00000 10.00000 13.00000 15.00000 10.00000 13.00000 14.00000 5.00000 25.00000 6.00000 11.00000 12.00000 30.00000 8.00000 31.00000
39.00000 23.00000 13.00000 25.00000 18.00000 19.00000 35.00000 6.00000 5.00000 11.00000 17.00000 17.00000 21.00000 14.00000 17.00000 33.00000 18.00000 32.00000 21.00000 8.00000 10.00000 30.00000 12.00000 10.00000 24.00000 23.00000 22.00000 19.00000 29.00000 21.00000 23.00000 17.00000 22.00000 26.00000 19.00000 15.00000 0.00000 18.00000 27.00000 28.00000 24.00000 39.00000 31.00000 17.00000 25.00000 34.00000 30.00000 23.00000 23.00000 40.00000 19.00000 12.00000 21.00000 16.00000 8.00000 16.00000 23.00000 21.00000 7.00000 9.00000 26.00000 25.00000 6.00000 21.00000 23.00000 24.00000 18.00000 21.00000 22.00000 18.00000 33.00000 18.00000 19.00000 20.00000 31.00000 18.00000 39.00000
26.00000 31.00000 23.00000 12.00000 3.00000 4.00000 22.00000 17.00000 18.00000 8.00000 25.00000 6.00000 6.00000 4.00000 4.00000 41.00000 6.00000 31.00000 6.00000 15.00000 14.00000 15.00000 22.00000 14.00000 10.00000 8.00000 7.00000 4.00000 14.00000 6.00000 8.00000 6.00000 7.00000 13.00000 7.00000 8.00000 17.00000 0.00000 12.00000 13.00000 11.00000 26.00000 26.00000 4.00000 10.00000 22.00000 18.00000 11.00000 9.00000 27.00000 7.00000 6.00000 8.00000 3.00000 15.00000 25.00000 8.00000 6.00000 18.00000 17.00000 13.00000 10.00000 19.00000 6.00000 8.00000 10.00000 5.00000 9.00000 9.00000 6.00000 20.00000 5.00000 7.00000 8.00000 26.00000 3.00000 26.00000
17.00000 40.00000 34.00000 9.00000 11.00000 11.00000 13.00000 27.00000 29.00000 19.00000 35.00000 15.00000 9.00000 15.00000 13.00000 52.00000 14.00000 32.00000 8.00000 26.00000 25.00000 9.00000 33.00000 25.00000 5.00000 6.00000 7.00000 10.00000 8.00000 9.00000 9.00000 15.00000 7.00000 14.00000 11.00000 18.00000 28.00000 13.00000 0.00000 4.00000 13.00000 17.00000 27.00000 13.00000 6.00000 17.00000 11.00000 8.00000 9.00000 18.00000 10.00000 16.00000 10.00000 12.00000 26.00000 36.00000 9.00000 8.00000 28.00000 27.00000 14.00000 4.00000 30.00000 10.00000 6.00000 6.00000 14.00000 13.00000 8.00000 13.00000 16.00000 14.00000 10.00000 11.00000 27.00000 12.00000 17.00000
14.00000 40.00000 34.00000 8.00000 12.00000 11.00000 10.00000 27.00000 28.00000 19.00000 35.00000 15.00000 10.00000 14.00000 13.00000 52.00000 15.00000 32.00000 9.00000 26.00000 25.00000 7.00000 33.00000 24.00000 7.00000 6.00000 7.00000 12.00000 6.00000 9.00000 9.00000 15.00000 8.00000 14.00000 11.00000 18.00000 27.00000 13.00000 4.00000 0.00000 12.00000 14.00000 26.00000 13.00000 6.00000 14.00000 10.00000 7.00000 9.00000 15.00000 11.00000 16.00000 9.00000 12.00000 25.00000 36.00000 9.00000 8.00000 28.00000 27.00000 14.00000 4.00000 29.00000 11.00000 6.00000 7.00000 14.00000 13.00000 7.00000 13.00000 13.00000 14.00000 9.00000 12.00000 26.00000 12.00000 14.00000
22.00000 32.00000 32.00000 9.00000 12.00000 13.00000 17.00000 25.00000 27.00000 17.00000 31.00000 15.00000 9.00000 13.00000 14.00000 47.00000 16.00000 23.00000 10.00000 24.00000 23.00000 19.00000 31.00000 23.00000 13.00000 12.00000 12.00000 11.00000 18.00000 12.00000 13.00000 15.00000 10.00000 5.00000 7.00000 16.00000 26.00000 14.00000 14.00000 14.00000 0.00000 22.00000 18.00000 13.00000 12.00000 16.00000 14.00000 8.00000 13.00000 23.00000 6.00000 14.00000 8.00000 11.00000 24.00000 34.00000 12.00000 10.00000 27.00000 25.00000 5.00000 14.00000 28.00000 13.00000 12.00000 13.00000 11.00000 7.00000 9.00000 16.00000 14.00000 15.00000 8.00000 6.00000 18.00000 13.00000 22.00000
0.00000 47.00000 46.00000 17.00000 24.00000 23.00000 8.00000 40.00000 41.00000 31.00000 47.00000 28.00000 23.00000 27.00000 26.00000 60.00000 27.00000 39.00000 21.00000 38.00000 37.00000 16.00000 45.00000 37.00000 19.00000 18.00000 20.00000 24.00000 17.00000 22.00000 21.00000 27.00000 20.00000 21.00000 23.00000 30.00000 40.00000 25.00000 16.00000 14.00000 23.00000 0.00000 34.00000 25.00000 19.00000 11.00000 11.00000 17.00000 22.00000 2.00000 22.00000 29.00000 22.00000 25.00000 38.00000 48.00000 21.00000 21.00000 41.00000 40.00000 21.00000 17.00000 42.00000 23.00000 19.00000 20.00000 26.00000 24.00000 20.00000 26.00000 10.00000 26.00000 22.00000 23.00000 34.00000 24.00000 0.00000
34.00000 16.00000 22.00000 21.00000 26.00000 26.00000 28.00000 30.00000 31.00000 31.00000 16.00000 29.00000 23.00000 27.00000 28.00000 31.00000 30.00000 7.00000 24.00000 29.00000 32.00000 32.00000 22.00000 31.00000 26.00000 25.00000 25.00000 25.00000 31.00000 26.00000 27.00000 29.00000 24.00000 17.00000 21.00000 30.00000 32.00000 28.00000 27.00000 28.00000 21.00000 34.00000 0.00000 27.00000 25.00000 26.00000 25.00000 21.00000 27.00000 35.00000 20.00000 28.00000 22.00000 25.00000 29.00000 23.00000 26.00000 24.00000 28.00000 28.00000 17.00000 27.00000 29.00000 27.00000 25.00000 26.00000 26.00000 23.00000 23.00000 29.00000 25.00000 28.00000 22.00000 21.00000 3.00000 27.00000 34.00000
26.00000 32.00000 24.00000 13.00000 2.00000 3.00000 22.00000 17.00000 19.00000 9.00000 25.00000 4.00000 6.00000 4.00000 3.00000 42.00000 5.00000 32.00000 6.00000 16.00000 15.00000 15.00000 23.00000 15.00000 10.00000 8.00000 7.00000 5.00000 14.00000 5.00000 8.00000 4.00000 7.00000 14.00000 7.00000 6.00000 18.00000 1.00000 12.00000 13.00000 12.00000 26.00000 27.00000 0.00000 10.00000 22.00000 19.00000 12.00000 8.00000 27.00000 8.00000 6.00000 9.00000 3.00000 16.00000 26.00000 8.00000 6.00000 18.00000 17.00000 14.00000 10.00000 19.00000 5.00000 9.00000 10.00000 6.00000 9.00000 10.00000 4.00000 21.00000 4.00000 7.00000 8.00000 27.00000 2.00000 26.00000
18.00000 39.00000 32.00000 7.00000 9.00000 9.00000 14.00000 26.00000 27.00000 17.00000 34.00000 14.00000 7.00000 13.00000 12.00000 50.00000 13.00000 31.00000 6.00000 24.00000 23.00000 10.00000 31.00000 23.00000 4.00000 5.00000 6.00000 9.00000 10.00000 8.00000 8.00000 14.00000 5.00000 13.00000 9.00000 16.00000 26.00000 12.00000 4.00000 5.00000 11.00000 18.00000 25.00000 11.00000 0.00000 16.00000 11.00000 6.00000 8.00000 19.00000 9.00000 15.00000 7.00000 11.00000 24.00000 34.00000 8.00000 6.00000 27.00000 26.00000 13.00000 5.00000 28.00000 9.00000 5.00000 4.00000 13.00000 11.00000 6.00000 12.00000 14.00000 13.00000 8.00000 9.00000 26.00000 10.00000 18.00000
11.00000 40.00000 41.00000 13.00000 22.00000 23.00000 5.00000 35.00000 37.00000 27.00000 39.00000 25.00000 19.00000 23.00000 24.00000 53.00000 26.00000 31.00000 20.00000 34.00000 33.00000 18.00000 41.00000 33.00000 17.00000 18.00000 20.00000 21.00000 18.00000 22.00000 21.00000 25.00000 19.00000 14.00000 17.00000 26.00000 36.00000 24.00000 17.00000 15.00000 17.00000 11.00000 26.00000 24.00000 16.00000 0.00000 9.00000 13.00000 21.00000 12.00000 17.00000 24.00000 17.00000 21.00000 34.00000 44.00000 21.00000 20.00000 37.00000 36.00000 14.00000 18.00000 38.00000 23.00000 19.00000 17.00000 22.00000 19.00000 16.00000 26.00000 2.00000 25.00000 18.00000 17.00000 26.00000 23.00000 11.00000
10.00000 39.00000 39.00000 9.00000 18.00000 18.00000 5.00000 32.00000 33.00000 24.00000 38.00000 21.00000 15.00000 19.00000 21.00000 54.00000 22.00000 31.00000 15.00000 31.00000 30.00000 13.00000 38.00000 29.00000 13.00000 14.00000 15.00000 17.00000 13.00000 17.00000 17.00000 22.00000 14.00000 13.00000 14.00000 23.00000 33.00000 20.00000 11.00000 10.00000 14.00000 10.00000 25.00000 20.00000 12.00000 9.00000 0.00000 9.00000 17.00000 11.00000 13.00000 21.00000 13.00000 18.00000 30.00000 41.00000 17.00000 15.00000 33.00000 32.00000 13.00000 12.00000 34.00000 18.00000 14.00000 13.00000 19.00000 16.00000 12.00000 21.00000 9.00000 21.00000 14.00000 14.00000 26.00000 19.00000 10.00000
17.00000 35.00000 31.00000 2.00000 11.00000 11.00000 13.00000 24.00000 26.00000 16.00000 32.00000 13.00000 8.00000 12.00000 13.00000 49.00000 15.00000 26.00000 10.00000 23.00000 22.00000 13.00000 30.00000 22.00000 8.00000 9.00000 10.00000 10.00000 12.00000 11.00000 12.00000 14.00000 8.00000 9.00000 7.00000 15.00000 25.00000 12.00000 8.00000 8.00000 7.00000 17.00000 21.00000 12.00000 6.00000 12.00000 9.00000 0.00000 12.00000 18.00000 6.00000 13.00000 6.00000 10.00000 23.00000 33.00000 11.00000 9.00000 25.00000 24.00000 9.00000 9.00000 27.00000 12.00000 9.00000 8.00000 11.00000 8.00000 5.00000 14.00000 11.00000 13.00000 7.00000 7.00000 21.00000 12.00000 17.00000
23.00000 37.00000 29.00000 12.00000 6.00000 6.00000 19.00000 23.00000 24.00000 14.00000 31.00000 10.00000 7.00000 10.00000 9.00000 47.00000 10.00000 32.00000 4.00000 21.00000 20.00000 11.00000 28.00000 20.00000 7.00000 5.00000 4.00000 7.00000 10.00000 5.00000 2.00000 10.00000 6.00000 15.00000 9.00000 13.00000 23.00000 8.00000 10.00000 10.00000 13.00000 23.00000 27.00000 8.00000 7.00000 20.00000 17.00000 11.00000 0.00000 24.00000 8.00000 12.00000 9.00000 8.00000 21.00000 31.00000 2.00000 5.00000 24.00000 23.00000 15.00000 7.00000 25.00000 5.00000 5.00000 7.00000 10.00000 11.00000 10.00000 8.00000 19.00000 9.00000 8.00000 9.00000 27.00000 7.00000 23.00000
2.00000 48.00000 48.00000 18.00000 25.00000 25.00000 9.00000 41.00000 42.00000 32.00000 48.00000 29.00000 24.00000 28.00000 27.00000 61.00000 28.00000 40.00000 23.00000 40.00000 39.00000 17.00000 47.00000 38.00000 20.00000 20.00000 21.00000 25.00000 17.00000 23.00000 23.00000 28.00000 22.00000 22.00000 24.00000 31.00000 41.00000 26.00000 18.00000 15.00000 24.00000 2.00000 35.00000 26.00000 20.00000 12.00000 12.00000 18.00000 23.00000 0.00000 23.00000 30.00000 23.00000 26.00000 39.00000 49.00000 22.00000 22.00000 42.00000 41.00000 22.00000 18.00000 43.00000 24.00000 20.00000 21.00000 28.00000 26.00000 21.00000 27.00000 11.00000 27.00000 23.00000 24.00000 35.00000 25.00000 2.00000
22.00000 34.00000 27.00000 8.00000 7.00000 7.00000 18.00000 20.00000 21.00000 11.00000 28.00000 9.00000 4.00000 7.00000 8.00000 45.00000 11.00000 26.00000 6.00000 19.00000 17.00000 15.00000 26.00000 17.00000 9.00000 8.00000 7.00000 6.00000 14.00000 8.00000 8.00000 9.00000 6.00000 8.00000 1.00000 11.00000 20.00000 8.00000 10.00000 11.00000 6.00000 22.00000 21.00000 8.00000 8.00000 17.00000 14.00000 7.00000 9.00000 23.00000 0.00000 9.00000 4.00000 5.00000 18.00000 28.00000 8.00000 6.00000 21.00000 20.00000 8.00000 10.00000 22.00000 9.00000 8.00000 9.00000 7.00000 3.00000 5.00000 10.00000 16.00000 9.00000 3.00000 1.00000 21.00000 8.00000 22.00000
29.00000 27.00000 19.00000 15.00000 8.00000 9.00000 25.00000 13.00000 14.00000 4.00000 21.00000 5.00000 11.00000 4.00000 7.00000 37.00000 7.00000 34.00000 11.00000 11.00000 10.00000 20.00000 18.00000 10.00000 15.00000 13.00000 12.00000 9.00000 19.00000 11.00000 13.00000 6.00000 12.00000 16.00000 9.00000 4.00000 13.00000 8.00000 17.00000 18.00000 14.00000 29.00000 28.00000 7.00000 15.00000 24.00000 21.00000 13.00000 13.00000 30.00000 9.00000 0.00000 11.00000 6.00000 11.00000 21.00000 13.00000 11.00000 14.00000 13.00000 16.00000 15.00000 15.00000 11.00000 13.00000 15.00000 8.00000 11.00000 12.00000 8.00000 23.00000 8.00000 9.00000 10.00000 29.00000 8.00000 29.00000
20.00000 37.00000 29.00000 6.00000 9.00000 10.00000 16.00000 23.00000 24.00000 14.00000 31.00000 12.00000 6.00000 10.00000 11.00000 47.00000 13.00000 28.00000 8.00000 21.00000 20.00000 14.00000 28.00000 20.00000 8.00000 7.00000 8.00000 8.00000 13.00000 10.00000 10.00000 12.00000 7.00000 11.00000 7.00000 14.00000 23.00000 11.00000 9.00000 10.00000 9.00000 20.00000 23.00000 11.00000 7.00000 15.00000 12.00000 5.00000 10.00000 21.00000 7.00000 12.00000 0.00000 8.00000 21.00000 31.00000 10.00000 8.00000 24.00000 23.00000 11.00000 10.00000 25.00000 11.00000 8.00000 8.00000 9.00000 9.00000 3.00000 13.00000 14.00000 12.00000 5.00000 7.00000 23.00000 10.00000 20.00000
24.00000 30.00000 24.00000 10.00000 3.00000 4.00000 20.00000 17.00000 19.00000 9.00000 23.00000 7.00000 5.00000 5.00000 5.00000 40.00000 7.00000 29.00000 6.00000 16.00000 15.00000 15.00000 23.00000 15.00000 9.00000 8.00000 7.00000 4.00000 14.00000 6.00000 8.00000 7.00000 7.00000 11.00000 5.00000 8.00000 18.00000 5.00000 12.00000 13.00000 9.00000 24.00000 24.00000 4.00000 10.00000 19.00000 16.00000 9.00000 8.00000 25.00000 5.00000 6.00000 6.00000 0.00000 16.00000 26.00000 7.00000 6.00000 19.00000 17.00000 11.00000 10.00000 20.00000 7.00000 8.00000 9.00000 3.00000 6.00000 7.00000 7.00000 18.00000 6.00000 5.00000 5.00000 24.00000 4.00000 24.00000
37.00000 21.00000 11.00000 23.00000 16.00000 17.00000 33.00000 5.00000 10.00000 8.00000 18.00000 15.00000 19.00000 13.00000 15.00000 31.00000 16.00000 30.00000 19.00000 3.00000 4.00000 28.00000 10.00000 3.00000 23.00000 21.00000 20.00000 17.00000 27.00000 19.00000 21.00000 15.00000 20.00000 24.00000 17.00000 13.00000 9.00000 16.00000 25.00000 26.00000 22.00000 37.00000 30.00000 15.00000 23.00000 32.00000 29.00000 21.00000 21.00000 38.00000 18.00000 10.00000 19.00000 14.00000 0.00000 13.00000 21.00000 19.00000 6.00000 5.00000 24.00000 23.00000 7.00000 19.00000 21.00000 23.00000 16.00000 19.00000 20.00000 16.00000 31.00000 16.00000 18.00000 18.00000 29.00000 16.00000 37.00000
48.00000 14.00000 8.00000 34.00000 27.00000 28.00000 44.00000 13.00000 15.00000 19.00000 12.00000 25.00000 30.00000 23.00000 26.00000 22.00000 27.00000 23.00000 30.00000 12.00000 14.00000 39.00000 7.00000 14.00000 33.00000 32.00000 31.00000 28.00000 38.00000 30.00000 32.00000 26.00000 31.00000 35.00000 28.00000 24.00000 16.00000 27.00000 36.00000 37.00000 33.00000 48.00000 23.00000 26.00000 34.00000 43.00000 39.00000 32.00000 32.00000 49.00000 28.00000 21.00000 30.00000 25.00000 12.00000 0.00000 32.00000 30.00000 10.00000 11.00000 35.00000 34.00000 12.00000 30.00000 32.00000 33.00000 27.00000 30.00000 31.00000 27.00000 42.00000 27.00000 28.00000 29.00000 22.00000 27.00000 48.00000
22.00000 36.00000 29.00000 10.00000 6.00000 5.00000 18.00000 22.00000 23.00000 14.00000 30.00000 10.00000 6.00000 10.00000 8.00000 47.00000 9.00000 32.00000 4.00000 21.00000 20.00000 10.00000 28.00000 19.00000 6.00000 4.00000 3.00000 7.00000 10.00000 4.00000 1.00000 10.00000 5.00000 14.00000 8.00000 12.00000 23.00000 8.00000 8.00000 8.00000 12.00000 22.00000 27.00000 7.00000 6.00000 19.00000 15.00000 9.00000 1.00000 23.00000 8.00000 11.00000 9.00000 7.00000 20.00000 31.00000 0.00000 4.00000 23.00000 22.00000 14.00000 6.00000 24.00000 5.00000 4.00000 6.00000 9.00000 10.00000 9.00000 8.00000 18.00000 9.00000 8.00000 8.00000 27.00000 6.00000 22.00000
21.00000 35.00000 27.00000 11.00000 4.00000 4.00000 17.00000 21.00000 22.00000 12.00000 29.00000 9.00000 4.00000 8.00000 7.00000 45.00000 9.00000 30.00000 1.00000 19.00000 18.00000 10.00000 26.00000 18.00000 4.00000 3.00000 2.00000 5.00000 9.00000 4.00000 4.00000 9.00000 2.00000 12.00000 6.00000 11.00000 21.00000 7.00000 7.00000 8.00000 10.00000 21.00000 25.00000 6.00000 5.00000 19.00000 16.00000 9.00000 4.00000 22.00000 6.00000 10.00000 7.00000 6.00000 19.00000 29.00000 4.00000 0.00000 22.00000 21.00000 12.00000 5.00000 23.00000 5.00000 3.00000 4.00000 8.00000 8.00000 7.00000 8.00000 18.00000 8.00000 6.00000 6.00000 25.00000 5.00000 21.00000
41.00000 19.00000 9.00000 27.00000 20.00000 21.00000 36.00000 6.00000 5.00000 12.00000 16.00000 18.00000 22.00000 16.00000 19.00000 29.00000 20.00000 28.00000 23.00000 4.00000 7.00000 32.00000 8.00000 7.00000 26.00000 25.00000 24.00000 21.00000 31.00000 23.00000 25.00000 19.00000 24.00000 28.00000 21.00000 17.00000 7.00000 20.00000 29.00000 30.00000 26.00000 41.00000 28.00000 19.00000 27.00000 36.00000 32.00000 25.00000 25.00000 42.00000 21.00000 14.00000 23.00000 18.00000 5.00000 11.00000 25.00000 23.00000 0.00000 4.00000 28.00000 27.00000 2.00000 23.00000 25.00000 26.00000 20.00000 23.00000 24.00000 20.00000 35.00000 20.00000 21.00000 22.00000 27.00000 20.00000 41.00000
39.00000 20.00000 10.00000 25.00000 18.00000 19.00000 35.00000 5.00000 9.00000 11.00000 16.00000 17.00000 21.00000 15.00000 17.00000 29.00000 19.00000 28.00000 21.00000 3.00000 6.00000 31.00000 9.00000 6.00000 25.00000 23.00000 23.00000 20.00000 30.00000 21.00000 24.00000 17.00000 22.00000 26.00000 20.00000 16.00000 9.00000 18.00000 28.00000 28.00000 24.00000 39.00000 28.00000 18.00000 25.00000 35.00000 31.00000 24.00000 24.00000 40.00000 20.00000 13.00000 21.00000 17.00000 3.00000 11.00000 23.00000 21.00000 4.00000 0.00000 26.00000 26.00000 5.00000 22.00000 24.00000 25.00000 19.00000 22.00000 22.00000 19.00000 33.00000 19.00000 20.00000 20.00000 28.00000 19.00000 39.00000
22.00000 30.00000 32.00000 10.00000 14.00000 15.00000 16.00000 28.00000 29.00000 19.00000 29.00000 17.00000 11.00000 15.00000 16.00000 45.00000 19.00000 22.00000 13.00000 26.00000 25.00000 20.00000 31.00000 25.00000 14.00000 13.00000 14.00000 14.00000 20.00000 14.00000 15.00000 17.00000 13.00000 1.00000 9.00000 19.00000 28.00000 16.00000 16.00000 16.00000 7.00000 22.00000 16.00000 16.00000 13.00000 15.00000 14.00000 9.00000 15.00000 23.00000 8.00000 17.00000 10.00000 13.00000 26.00000 35.00000 15.00000 12.00000 29.00000 28.00000 0.00000 16.00000 30.00000 16.00000 14.00000 14.00000 14.00000 11.00000 11.00000 18.00000 13.00000 17.00000 10.00000 9.00000 17.00000 15.00000 22.00000
19.00000 40.00000 33.00000 10.00000 10.00000 9.00000 14.00000 26.00000 27.00000 18.00000 34.00000 14.00000 9.00000 14.00000 12.00000 51.00000 13.00000 33.00000 7.00000 25.00000 24.00000 8.00000 32.00000 23.00000 3.00000 4.00000 6.00000 10.00000 7.00000 8.00000 7.00000 13.00000 6.00000 15.00000 11.00000 16.00000 27.00000 11.00000 4.00000 5.00000 14.00000 19.00000 28.00000 11.00000 5.00000 19.00000 13.00000 9.00000 8.00000 20.00000 10.00000 15.00000 9.00000 11.00000 24.00000 35.00000 7.00000 6.00000 27.00000 26.00000 15.00000 0.00000 28.00000 9.00000 5.00000 5.00000 13.00000 12.00000 9.00000 11.00000 17.00000 12.00000 10.00000 11.00000 28.00000 10.00000 19.00000
41.00000 20.00000 10.00000 27.00000 20.00000 21.00000 37.00000 7.00000 5.00000 13.00000 16.00000 18.00000 23.00000 16.00000 19.00000 30.00000 20.00000 29.00000 23.00000 5.00000 8.00000 32.00000 9.00000 8.00000 26.00000 25.00000 24.00000 21.00000 31.00000 23.00000 25.00000 19.00000 24.00000 28.00000 21.00000 17.00000 6.00000 20.00000 29.00000 30.00000 26.00000 41.00000 28.00000 19.00000 27.00000 36.00000 32.00000 25.00000 25.00000 42.00000 21.00000 14.00000 23.00000 18.00000 5.00000 12.00000 25.00000 23.00000 2.00000 4.00000 28.00000 27.00000 0.00000 23.00000 25.00000 26.00000 20.00000 23.00000 24.00000 20.00000 35.00000 20.00000 21.00000 22.00000 28.00000 20.00000 41.00000
24.00000 35.00000 28.00000 14.00000 5.00000 5.00000 20.00000 21.00000 22.00000 12.00000 29.00000 7.00000 7.00000 7.00000 5.00000 46.00000 6.00000 32.00000 4.00000 20.00000 19.00000 13.00000 27.00000 18.00000 8.00000 6.00000 5.00000 6.00000 12.00000 2.00000 6.00000 6.00000 6.00000 14.00000 9.00000 9.00000 21.00000 5.00000 10.00000 11.00000 12.00000 24.00000 27.00000 5.00000 8.00000 22.00000 19.00000 12.00000 6.00000 25.00000 8.00000 10.00000 10.00000 6.00000 19.00000 30.00000 5.00000 5.00000 22.00000 21.00000 14.00000 8.00000 23.00000 0.00000 6.00000 8.00000 9.00000 10.00000 10.00000 5.00000 21.00000 5.00000 8.00000 9.00000 27.00000 4.00000 24.00000
21.00000 38.00000 30.00000 9.00000 7.00000 7.00000 17.00000 24.00000 25.00000 15.00000 32.00000 11.00000 6.00000 11.00000 9.00000 48.00000 10.00000 31.00000 5.00000 22.00000 21.00000 10.00000 29.00000 21.00000 4.00000 2.00000 3.00000 8.00000 9.00000 5.00000 5.00000 11.00000 4.00000 13.00000 8.00000 14.00000 24.00000 9.00000 7.00000 8.00000 12.00000 21.00000 26.00000 9.00000 5.00000 17.00000 14.00000 8.00000 5.00000 22.00000 8.00000 13.00000 7.00000 9.00000 22.00000 32.00000 5.00000 4.00000 25.00000 24.00000 13.00000 5.00000 26.00000 6.00000 0.00000 4.00000 11.00000 10.00000 7.00000 9.00000 16.00000 10.00000 7.00000 9.00000 26.00000 8.00000 21.00000
20.00000 39.00000 32.00000 9.00000 9.00000 8.00000 16.00000 25.00000 26.00000 16.00000 33.00000 12.00000 8.00000 12.00000 10.00000 49.00000 12.00000 32.00000 6.00000 24.00000 22.00000 9.00000 31.00000 22.00000 2.00000 3.00000 4.00000 9.00000 8.00000 6.00000 6.00000 12.00000 5.00000 14.00000 10.00000 15.00000 25.00000 10.00000 5.00000 6.00000 13.00000 20.00000 27.00000 10.00000 5.00000 18.00000 14.00000 8.00000 6.00000 21.00000 9.00000 14.00000 8.00000 10.00000 23.00000 33.00000 6.00000 5.00000 26.00000 25.00000 14.00000 4.00000 27.00000 7.00000 3.00000 0.00000 12.00000 11.00000 8.00000 10.00000 16.00000 11.00000 9.00000 10.00000 27.00000 9.00000 20.00000
25.00000 30.00000 24.00000 11.00000 6.00000 6.00000 21.00000 20.00000 21.00000 11.00000 24.00000 9.00000 6.00000 7.00000 7.00000 41.00000 10.00000 30.00000 8.00000 18.00000 17.00000 17.00000 24.00000 17.00000 12.00000 10.00000 9.00000 6.00000 16.00000 9.00000 10.00000 9.00000 9.00000 12.00000 5.00000 11.00000 20.00000 7.00000 13.00000 14.00000 10.00000 25.00000 24.00000 7.00000 11.00000 20.00000 16.00000 9.00000 11.00000 26.00000 5.00000 9.00000 7.00000 3.00000 18.00000 27.00000 10.00000 8.00000 21.00000 20.00000 12.00000 12.00000 22.00000 9.00000 10.00000 12.00000 0.00000 7.00000 8.00000 9.00000 19.00000 8.00000 5.00000 6.00000 25.00000 7.00000 25.00000
24.00000 35.00000 29.00000 10.00000 9.00000 9.00000 20.00000 22.00000 23.00000 13.00000 30.00000 11.00000 7.00000 9.00000 10.00000 46.00000 13.00000 27.00000 8.00000 21.00000 19.00000 17.00000 28.00000 19.00000 11.00000 10.00000 10.00000 8.00000 17.00000 10.00000 11.00000 11.00000 8.00000 9.00000 3.00000 13.00000 22.00000 10.00000 12.00000 14.00000 6.00000 24.00000 22.00000 10.00000 10.00000 19.00000 16.00000 9.00000 11.00000 25.00000 4.00000 11.00000 6.00000 7.00000 20.00000 30.00000 10.00000 8.00000 23.00000 22.00000 9.00000 12.00000 24.00000 11.00000 10.00000 11.00000 7.00000 0.00000 7.00000 12.00000 18.00000 11.00000 5.00000 3.00000 22.00000 10.00000 24.00000
22.00000 36.00000 28.00000 7.00000 8.00000 8.00000 17.00000 21.00000 23.00000 13.00000 30.00000 11.00000 5.00000 9.00000 10.00000 46.00000 12.00000 27.00000 7.00000 20.00000 19.00000 13.00000 27.00000 19.00000 7.00000 6.00000 7.00000 7.00000 12.00000 8.00000 9.00000 11.00000 5.00000 10.00000 6.00000 12.00000 22.00000 10.00000 8.00000 10.00000 8.00000 22.00000 22.00000 9.00000 6.00000 17.00000 13.00000 6.00000 9.00000 22.00000 5.00000 10.00000 3.00000 7.00000 20.00000 30.00000 8.00000 6.00000 22.00000 21.00000 10.00000 8.00000 24.00000 9.00000 6.00000 7.00000 8.00000 8.00000 0.00000 11.00000 15.00000 10.00000 4.00000 6.00000 22.00000 9.00000 22.00000
27.00000 33.00000 26.00000 16.00000 5.00000 7.00000 23.00000 19.00000 20.00000 11.00000 27.00000 4.00000 9.00000 6.00000 3.00000 44.00000 2.00000 35.00000 7.00000 18.00000 17.00000 16.00000 25.00000 16.00000 10.00000 9.00000 8.00000 8.00000 15.00000 5.00000 8.00000 3.00000 9.00000 17.00000 10.00000 6.00000 19.00000 5.00000 13.00000 14.00000 15.00000 27.00000 30.00000 4.00000 11.00000 25.00000 21.00000 15.00000 9.00000 28.00000 11.00000 8.00000 12.00000 7.00000 17.00000 28.00000 8.00000 7.00000 20.00000 19.00000 17.00000 11.00000 21.00000 5.00000 9.00000 10.00000 9.00000 12.00000 13.00000 0.00000 23.00000 3.00000 10.00000 11.00000 30.00000 6.00000 27.00000
10.00000 39.00000 41.00000 13.00000 22.00000 22.00000 6.00000 35.00000 36.00000 27.00000 39.00000 24.00000 18.00000 23.00000 24.00000 53.00000 26.00000 31.00000 20.00000 34.00000 33.00000 17.00000 40.00000 32.00000 17.00000 18.00000 19.00000 21.00000 17.00000 21.00000 21.00000 25.00000 18.00000 13.00000 17.00000 26.00000 36.00000 23.00000 17.00000 14.00000 17.00000 10.00000 26.00000 23.00000 15.00000 3.00000 10.00000 12.00000 21.00000 10.00000 16.00000 24.00000 16.00000 21.00000 34.00000 44.00000 21.00000 19.00000 36.00000 35.00000 13.00000 17.00000 37.00000 22.00000 18.00000 17.00000 22.00000 19.00000 16.00000 25.00000 0.00000 24.00000 18.00000 17.00000 26.00000 23.00000 10.00000
28.00000 33.00000 25.00000 15.00000 4.00000 6.00000 24.00000 19.00000 20.00000 10.00000 27.00000 4.00000 8.00000 6.00000 3.00000 44.00000 3.00000 34.00000 7.00000 17.00000 16.00000 17.00000 24.00000 16.00000 11.00000 9.00000 9.00000 7.00000 16.00000 6.00000 9.00000 3.00000 9.00000 16.00000 9.00000 7.00000 19.00000 3.00000 14.00000 14.00000 14.00000 28.00000 29.00000 3.00000 12.00000 24.00000 21.00000 14.00000 10.00000 29.00000 10.00000 8.00000 11.00000 6.00000 17.00000 27.00000 9.00000 8.00000 20.00000 19.00000 16.00000 12.00000 21.00000 6.00000 10.00000 11.00000 8.00000 11.00000 12.00000 3.00000 23.00000 0.00000 9.00000 10.00000 29.00000 5.00000 28.00000
23.00000 34.00000 26.00000 9.00000 6.00000 6.00000 19.00000 19.00000 21.00000 11.00000 28.00000 9.00000 4.00000 7.00000 8.00000 44.00000 10.00000 26.00000 6.00000 18.00000 17.00000 15.00000 25.00000 17.00000 8.00000 7.00000 7.00000 4.00000 14.00000 7.00000 8.00000 9.00000 6.00000 9.00000 3.00000 10.00000 20.00000 8.00000 10.00000 12.00000 7.00000 23.00000 21.00000 7.00000 7.00000 18.00000 15.00000 8.00000 8.00000 24.00000 2.00000 8.00000 5.00000 5.00000 18.00000 28.00000 8.00000 5.00000 21.00000 19.00000 9.00000 10.00000 22.00000 9.00000 8.00000 8.00000 6.00000 5.00000 6.00000 10.00000 17.00000 9.00000 0.00000 3.00000 21.00000 7.00000 23.00000
23.00000 34.00000 27.00000 8.00000 7.00000 8.00000 18.00000 21.00000 22.00000 12.00000 29.00000 10.00000 5.00000 8.00000 9.00000 45.00000 11.00000 26.00000 7.00000 19.00000 18.00000 15.00000 26.00000 18.00000 9.00000 8.00000 8.00000 7.00000 15.00000 8.00000 9.00000 10.00000 6.00000 8.00000 2.00000 12.00000 21.00000 9.00000 10.00000 12.00000 6.00000 23.00000 20.00000 9.00000 8.00000 18.00000 14.00000 7.00000 9.00000 23.00000 2.00000 10.00000 4.00000 6.00000 19.00000 29.00000 9.00000 6.00000 22.00000 21.00000 8.00000 11.00000 23.00000 9.00000 9.00000 9.00000 7.00000 3.00000 5.00000 11.00000 16.00000 10.00000 3.00000 0.00000 20.00000 8.00000 23.00000
34.00000 15.00000 20.00000 21.00000 26.00000 27.00000 28.00000 29.00000 30.00000 31.00000 15.00000 29.00000 23.00000 27.00000 28.00000 32.00000 31.00000 9.00000 25.00000 28.00000 30.00000 32.00000 21.00000 30.00000 26.00000 25.00000 26.00000 26.00000 32.00000 26.00000 27.00000 29.00000 25.00000 17.00000 21.00000 31.00000 31.00000 28.00000 28.00000 28.00000 21.00000 34.00000 3.00000 28.00000 25.00000 27.00000 26.00000 21.00000 27.00000 35.00000 20.00000 29.00000 22.00000 25.00000 28.00000 22.00000 27.00000 24.00000 26.00000 27.00000 18.00000 28.00000 28.00000 27.00000 26.00000 26.00000 26.00000 23.00000 23.00000 30.00000 25.00000 29.00000 22.00000 21.00000 0.00000 27.00000 34.00000
26.00000 32.00000 24.00000 13.00000 2.00000 4.00000 22.00000 18.00000 19.00000 9.00000 26.00000 4.00000 6.00000 4.00000 2.00000 43.00000 4.00000 32.00000 6.00000 16.00000 15.00000 15.00000 23.00000 15.00000 9.00000 8.00000 7.00000 5.00000 14.00000 4.00000 8.00000 4.00000 7.00000 14.00000 7.00000 6.00000 18.00000 2.00000 12.00000 13.00000 12.00000 26.00000 27.00000 1.00000 10.00000 22.00000 19.00000 12.00000 8.00000 27.00000 8.00000 7.00000 9.00000 4.00000 16.00000 26.00000 7.00000 6.00000 19.00000 18.00000 14.00000 10.00000 20.00000 5.00000 8.00000 9.00000 6.00000 9.00000 10.00000 4.00000 21.00000 3.00000 7.00000 8.00000 27.00000 0.00000 26.00000
0.00000 47.00000 46.00000 17.00000 24.00000 23.00000 8.00000 40.00000 41.00000 31.00000 47.00000 28.00000 23.00000 27.00000 26.00000 60.00000 27.00000 39.00000 21.00000 38.00000 37.00000 16.00000 45.00000 37.00000 19.00000 18.00000 20.00000 24.00000 17.00000 22.00000 21.00000 27.00000 20.00000 21.00000 23.00000 30.00000 40.00000 25.00000 16.00000 14.00000 23.00000 0.00000 34.00000 25.00000 19.00000 11.00000 11.00000 17.00000 22.00000 2.00000 22.00000 29.00000 22.00000 25.00000 38.00000 48.00000 21.00000 21.00000 41.00000 40.00000 21.00000 17.00000 42.00000 23.00000 19.00000 20.00000 26.00000 24.00000 20.00000 26.00000 10.00000 26.00000 22.00000 23.00000 34.00000 24.00000 0.00000
p
0.0 0.0 0.0 0.0 0.0 0.0 
0.0 0.0 0.0 0.0 0.0 0.0 
0.0 0.0 0.0 0.0 0.0 0.0 
0.0 0.0 0.0 0.0 0.0 0.0 
0.0 0.0 0.0 0.0 0.0 0.0 
0.0 0.0 0.0 0.0 0.0 0.0 
0.0 0.0 0.0 0.0 0.0 0.0 
0.0 0.0 0.0 0.0 0.0 0.0 
0.0 0.0 0.0 0.0 0.0 0.0 
0.0 0.0 0.0 0.0 0.0 0.0 
0.0 0.0 0.0 0.0 0.0 0.0 
0.0 0.0 0.0 0.0 0.0 0.0 
0.0 0.0 0.0 0.0 0.0 0.0 
0.0 0.0 0.0 0.0 0.0 0.0 
0.0 0.0 0.0 0.0 0.0 0.0 
0 0 0 47 0 0 
0 0 0 47 0 0 
0 0 0 47 0 0 
0 0 0 47 0 0 
0 0 0 47 0 0 
0 0 0 47 0 0 
0 0 0 47 0 0 
0 0 0 47 0 0 
0 0 0 47 0 0 
0 0 0 47 0 0 
0 0 0 47 0 0 
0 0 0 47 0 0 
0 0 0 47 0 0 
0 0 0 47 0 0 
0 0 0 47 0 0 
0 0 0 0 0 35 
0 0 0 0 0 35 
0 0 0 0 0 35 
0 0 0 0 0 35 
0 0 0 0 0 35 
0 0 0 0 0 35 
0 0 0 0 0 35 
0 0 0 0 0 35 
0 0 0 0 0 35 
0 0 0 0 0 35 
0 0 0 0 0 35 
0 0 0 0 0 35 
0 0 0 0 0 35 
0 0 0 0 0 35 
0 0 0 0 0 35 
0 0 43 56 0 0 
0 0 43 56 0 0 
0 0 43 56 0 0 
0 0 43 56 0 0 
0 0 43 56 0 0 
0 0 43 56 0 0 
0 0 43 56 0 0 
0 0 43 56 0 0 
0 0 43 56 0 0 
0 0 43 56 0 0 
0 0 43 56 0 0 
0 0 43 56 0 0 
0 0 43 56 0 0 
0 0 43 56 0 0 
0 0 43 56 0 0 
0 0 0 22 0 0 
0 0 0 22 0 0 
0 0 0 22 0 0 
0 0 0 22 0 0 
0 0 0 22 0 0 
0 0 0 22 0 0 
0 0 0 22 0 0 
0 0 0 22 0 0 
0 0 0 22 0 0 
0 0 0 22 0 0 
0 0 0 22 0 0 
0 0 0 22 0 0 
0 0 0 22 0 0 
0 0 0 22 0 0 
0 0 0 22 0 0 
0 54 0 0 0 0 
0 54 0 0 0 0 
0 54 0 0 0 0 
0 54 0 0 0 0 
0 54 0 0 0 0 
0 54 0 0 0 0 
0 54 0 0 0 0 
0 54 0 0 0 0 
0 54 0 0 0 0 
0 54 0 0 0 0 
0 54 0 0 0 0 
0 54 0 0 0 0 
0 54 0 0 0 0 
0 54 0 0 0 0 
0 54 0 0 0 0 
0 0 0 0 24 0 
0 0 0 0 24 0 
0 0 0 0 24 0 
0 0 0 0 24 0 
0 0 0 0 24 0 
0 0 0 0 24 0 
0 0 0 0 24 0 
0 0 0 0 24 0 
0 0 0 0 24 0 
0 0 0 0 24 0 
0 0 0 0 24 0 
0 0 0 0 24 0 
0 0 0 0 24 0 
0 0 0 0 24 0 
0 0 0 0 24 0 
0 0 0 20 0 0 
0 0 0 20 0 0 
0 0 0 20 0 0 
0 0 0 20 0 0 
0 0 0 20 0 0 
0 0 0 20 0 0 
0 0 0 20 0 0 
0 0 0 20 0 0 
0 0 0 20 0 0 
0 0 0 20 0 0 
0 0 0 20 0 0 
0 0 0 20 0 0 
0 0 0 20 0 0 
0 0 0 20 0 0 
0 0 0 20 0 0 
0 0 0 17 0 0 
0 0 0 17 0 0 
0 0 0 17 0 0 
0 0 0 17 0 0 
0 0 0 17 0 0 
0 0 0 17 0 0 
0 0 0 17 0 0 
0 0 0 17 0 0 
0 0 0 17 0 0 
0 0 0 17 0 0 
0 0 0 17 0 0 
0 0 0 17 0 0 
0 0 0 17 0 0 
0 0 0 17 0 0 
0 0 0 17 0 0 
0 0 50 0 0 0 
0 0 50 0 0 0 
0 0 50 0 0 0 
0 0 50 0 0 0 
0 0 50 0 0 0 
0 0 50 0 0 0 
0 0 50 0 0 0 
0 0 50 0 0 0 
0 0 50 0 0 0 
0 0 50 0 0 0 
0 0 50 0 0 0 
0 0 50 0 0 0 
0 0 50 0 0 0 
0 0 50 0 0 0 
0 0 50 0 0 0 
0 0 58 31 0 0 
0 0 58 31 0 0 
0 0 58 31 0 0 
0 0 58 31 0 0 
0 0 58 31 0 0 
0 0 58 31 0 0 
0 0 58 31 0 0 
0 0 58 31 0 0 
0 0 58 31 0 0 
0 0 58 31 0 0 
0 0 58 31 0 0 
0 0 58 31 0 0 
0 0 58 31 0 0 
0 0 58 31 0 0 
0 0 58 31 0 0 
0 0 16 21 0 0 
0 0 16 21 0 0 
0 0 16 21 0 0 
0 0 16 21 0 0 
0 0 16 21 0 0 
0 0 16 21 0 0 
0 0 16 21 0 0 
0 0 16 21 0 0 
0 0 16 21 0 0 
0 0 16 21 0 0 
0 0 16 21 0 0 
0 0 16 21 0 0 
0 0 16 21 0 0 
0 0 16 21 0 0 
0 0 16 21 0 0 
0 0 17 0 0 0 
0 0 17 0 0 0 
0 0 17 0 0 0 
0 0 17 0 0 0 
0 0 17 0 0 0 
0 0 17 0 0 0 
0 0 17 0 0 0 
0 0 17 0 0 0 
0 0 17 0 0 0 
0 0 17 0 0 0 
0 0 17 0 0 0 
0 0 17 0 0 0 
0 0 17 0 0 0 
0 0 17 0 0 0 
0 0 17 0 0 0 
0 0 0 47 0 0 
0 0 0 47 0 0 
0 0 0 47 0 0 
0 0 0 47 0 0 
0 0 0 47 0 0 
0 0 0 47 0 0 
0 0 0 47 0 0 
0 0 0 47 0 0 
0 0 0 47 0 0 
0 0 0 47 0 0 
0 0 0 47 0 0 
0 0 0 47 0 0 
0 0 0 47 0 0 
0 0 0 47 0 0 
0 0 0 47 0 0 
21 0 0 0 0 54 
21 0 0 0 0 54 
21 0 0 0 0 54 
21 0 0 0 0 54 
21 0 0 0 0 54 
21 0 0 0 0 54 
21 0 0 0 0 54 
21 0 0 0 0 54 
21 0 0 0 0 54 
21 0 0 0 0 54 
21 0 0 0 0 54 
21 0 0 0 0 54 
21 0 0 0 0 54 
21 0 0 0 0 54 
21 0 0 0 0 54 
0 60 0 0 26 0 
0 60 0 0 26 0 
0 60 0 0 26 0 
0 60 0 0 26 0 
0 60 0 0 26 0 
0 60 0 0 26 0 
0 60 0 0 26 0 
0 60 0 0 26 0 
0 60 0 0 26 0 
0 60 0 0 26 0 
0 60 0 0 26 0 
0 60 0 0 26 0 
0 60 0 0 26 0 
0 60 0 0 26 0 
0 60 0 0 26 0 
0 0 0 56 0 0 
0 0 0 56 0 0 
0 0 0 56 0 0 
0 0 0 56 0 0 
0 0 0 56 0 0 
0 0 0 56 0 0 
0 0 0 56 0 0 
0 0 0 56 0 0 
0 0 0 56 0 0 
0 0 0 56 0 0 
0 0 0 56 0 0 
0 0 0 56 0 0 
0 0 0 56 0 0 
0 0 0 56 0 0 
0 0 0 56 0 0 
17 0 0 59 0 0 
17 0 0 59 0 0 
17 0 0 59 0 0 
17 0 0 59 0 0 
17 0 0 59 0 0 
17 0 0 59 0 0 
17 0 0 59 0 0 
17 0 0 59 0 0 
17 0 0 59 0 0 
17 0 0 59 0 0 
17 0 0 59 0 0 
17 0 0 59 0 0 
17 0 0 59 0 0 
17 0 0 59 0 0 
17 0 0 59 0 0 
25 0 0 0 20 0 
25 0 0 0 20 0 
25 0 0 0 20 0 
25 0 0 0 20 0 
25 0 0 0 20 0 
25 0 0 0 20 0 
25 0 0 0 20 0 
25 0 0 0 20 0 
25 0 0 0 20 0 
25 0 0 0 20 0 
25 0 0 0 20 0 
25 0 0 0 20 0 
25 0 0 0 20 0 
25 0 0 0 20 0 
25 0 0 0 20 0 
0 30 0 0 0 0 
0 30 0 0 0 0 
0 30 0 0 0 0 
0 30 0 0 0 0 
0 30 0 0 0 0 
0 30 0 0 0 0 
0 30 0 0 0 0 
0 30 0 0 0 0 
0 30 0 0 0 0 
0 30 0 0 0 0 
0 30 0 0 0 0 
0 30 0 0 0 0 
0 30 0 0 0 0 
0 30 0 0 0 0 
0 30 0 0 0 0 
0 0 0 52 0 0 
0 0 0 52 0 0 
0 0 0 52 0 0 
0 0 0 52 0 0 
0 0 0 52 0 0 
0 0 0 52 0 0 
0 0 0 52 0 0 
0 0 0 52 0 0 
0 0 0 52 0 0 
0 0 0 52 0 0 
0 0 0 52 0 0 
0 0 0 52 0 0 
0 0 0 52 0 0 
0 0 0 52 0 0 
0 0 0 52 0 0 
0 0 0 38 0 0 
0 0 0 38 0 0 
0 0 0 38 0 0 
0 0 0 38 0 0 
0 0 0 38 0 0 
0 0 0 38 0 0 
0 0 0 38 0 0 
0 0 0 38 0 0 
0 0 0 38 0 0 
0 0 0 38 0 0 
0 0 0 38 0 0 
0 0 0 38 0 0 
0 0 0 38 0 0 
0 0 0 38 0 0 
0 0 0 38 0 0 
23 0 0 0 0 0 
23 0 0 0 0 0 
23 0 0 0 0 0 
23 0 0 0 0 0 
23 0 0 0 0 0 
23 0 0 0 0 0 
23 0 0 0 0 0 
23 0 0 0 0 0 
23 0 0 0 0 0 
23 0 0 0 0 0 
23 0 0 0 0 0 
23 0 0 0 0 0 
23 0 0 0 0 0 
23 0 0 0 0 0 
23 0 0 0 0 0 
43 0 0 35 0 0 
43 0 0 35 0 0 
43 0 0 35 0 0 
43 0 0 35 0 0 
43 0 0 35 0 0 
43 0 0 35 0 0 
43 0 0 35 0 0 
43 0 0 35 0 0 
43 0 0 35 0 0 
43 0 0 35 0 0 
43 0 0 35 0 0 
43 0 0 35 0 0 
43 0 0 35 0 0 
43 0 0 35 0 0 
43 0 0 35 0 0 
47 0 0 0 0 19 
47 0 0 0 0 19 
47 0 0 0 0 19 
47 0 0 0 0 19 
47 0 0 0 0 19 
47 0 0 0 0 19 
47 0 0 0 0 19 
47 0 0 0 0 19 
47 0 0 0 0 19 
47 0 0 0 0 19 
47 0 0 0 0 19 
47 0 0 0 0 19 
47 0 0 0 0 19 
47 0 0 0 0 19 
47 0 0 0 0 19 
0 0 41 0 0 0 
0 0 41 0 0 0 
0 0 41 0 0 0 
0 0 41 0 0 0 
0 0 41 0 0 0 
0 0 41 0 0 0 
0 0 41 0 0 0 
0 0 41 0 0 0 
0 0 41 0 0 0 
0 0 41 0 0 0 
0 0 41 0 0 0 
0 0 41 0 0 0 
0 0 41 0 0 0 
0 0 41 0 0 0 
0 0 41 0 0 0 
0 0 55 0 0 0 
0 0 55 0 0 0 
0 0 55 0 0 0 
0 0 55 0 0 0 
0 0 55 0 0 0 
0 0 55 0 0 0 
0 0 55 0 0 0 
0 0 55 0 0 0 
0 0 55 0 0 0 
0 0 55 0 0 0 
0 0 55 0 0 0 
0 0 55 0 0 0 
0 0 55 0 0 0 
0 0 55 0 0 0 
0 0 55 0 0 0 
0 0 0 0 0 48 
0 0 0 0 0 48 
0 0 0 0 0 48 
0 0 0 0 0 48 
0 0 0 0 0 48 
0 0 0 0 0 48 
0 0 0 0 0 48 
0 0 0 0 0 48 
0 0 0 0 0 48 
0 0 0 0 0 48 
0 0 0 0 0 48 
0 0 0 0 0 48 
0 0 0 0 0 48 
0 0 0 0 0 48 
0 0 0 0 0 48 
0 57 0 0 0 37 
0 57 0 0 0 37 
0 57 0 0 0 37 
0 57 0 0 0 37 
0 57 0 0 0 37 
0 57 0 0 0 37 
0 57 0 0 0 37 
0 57 0 0 0 37 
0 57 0 0 0 37 
0 57 0 0 0 37 
0 57 0 0 0 37 
0 57 0 0 0 37 
0 57 0 0 0 37 
0 57 0 0 0 37 
0 57 0 0 0 37 
44 0 0 0 0 0 
44 0 0 0 0 0 
44 0 0 0 0 0 
44 0 0 0 0 0 
44 0 0 0 0 0 
44 0 0 0 0 0 
44 0 0 0 0 0 
44 0 0 0 0 0 
44 0 0 0 0 0 
44 0 0 0 0 0 
44 0 0 0 0 0 
44 0 0 0 0 0 
44 0 0 0 0 0 
44 0 0 0 0 0 
44 0 0 0 0 0 
0 0 0 0 0 52 
0 0 0 0 0 52 
0 0 0 0 0 52 
0 0 0 0 0 52 
0 0 0 0 0 52 
0 0 0 0 0 52 
0 0 0 0 0 52 
0 0 0 0 0 52 
0 0 0 0 0 52 
0 0 0 0 0 52 
0 0 0 0 0 52 
0 0 0 0 0 52 
0 0 0 0 0 52 
0 0 0 0 0 52 
0 0 0 0 0 52 
0 0 0 0 26 0 
0 0 0 0 26 0 
0 0 0 0 26 0 
0 0 0 0 26 0 
0 0 0 0 26 0 
0 0 0 0 26 0 
0 0 0 0 26 0 
0 0 0 0 26 0 
0 0 0 0 26 0 
0 0 0 0 26 0 
0 0 0 0 26 0 
0 0 0 0 26 0 
0 0 0 0 26 0 
0 0 0 0 26 0 
0 0 0 0 26 0 
32 0 0 0 32 0 
32 0 0 0 32 0 
32 0 0 0 32 0 
32 0 0 0 32 0 
32 0 0 0 32 0 
32 0 0 0 32 0 
32 0 0 0 32 0 
32 0 0 0 32 0 
32 0 0 0 32 0 
32 0 0 0 32 0 
32 0 0 0 32 0 
32 0 0 0 32 0 
32 0 0 0 32 0 
32 0 0 0 32 0 
32 0 0 0 32 0 
0 0 0 0 54 0 
0 0 0 0 54 0 
0 0 0 0 54 0 
0 0 0 0 54 0 
0 0 0 0 54 0 
0 0 0 0 54 0 
0 0 0 0 54 0 
0 0 0 0 54 0 
0 0 0 0 54 0 
0 0 0 0 54 0 
0 0 0 0 54 0 
0 0 0 0 54 0 
0 0 0 0 54 0 
0 0 0 0 54 0 
0 0 0 0 54 0 
0 34 0 0 0 54 
0 34 0 0 0 54 
0 34 0 0 0 54 
0 34 0 0 0 54 
0 34 0 0 0 54 
0 34 0 0 0 54 
0 34 0 0 0 54 
0 34 0 0 0 54 
0 34 0 0 0 54 
0 34 0 0 0 54 
0 34 0 0 0 54 
0 34 0 0 0 54 
0 34 0 0 0 54 
0 34 0 0 0 54 
0 34 0 0 0 54 
0 0 0 16 0 0 
0 0 0 16 0 0 
0 0 0 16 0 0 
0 0 0 16 0 0 
0 0 0 16 0 0 
0 0 0 16 0 0 
0 0 0 16 0 0 
0 0 0 16 0 0 
0 0 0 16 0 0 
0 0 0 16 0 0 
0 0 0 16 0 0 
0 0 0 16 0 0 
0 0 0 16 0 0 
0 0 0 16 0 0 
0 0 0 16 0 0 
0 0 19 0 0 0 
0 0 19 0 0 0 
0 0 19 0 0 0 
0 0 19 0 0 0 
0 0 19 0 0 0 
0 0 19 0 0 0 
0 0 19 0 0 0 
0 0 19 0 0 0 
0 0 19 0 0 0 
0 0 19 0 0 0 
0 0 19 0 0 0 
0 0 19 0 0 0 
0 0 19 0 0 0 
0 0 19 0 0 0 
0 0 19 0 0 0 
0 30 0 0 0 25 
0 30 0 0 0 25 
0 30 0 0 0 25 
0 30 0 0 0 25 
0 30 0 0 0 25 
0 30 0 0 0 25 
0 30 0 0 0 25 
0 30 0 0 0 25 
0 30 0 0 0 25 
0 30 0 0 0 25 
0 30 0 0 0 25 
0 30 0 0 0 25 
0 30 0 0 0 25 
0 30 0 0 0 25 
0 30 0 0 0 25 
0 0 48 0 0 0 
0 0 48 0 0 0 
0 0 48 0 0 0 
0 0 48 0 0 0 
0 0 48 0 0 0 
0 0 48 0 0 0 
0 0 48 0 0 0 
0 0 48 0 0 0 
0 0 48 0 0 0 
0 0 48 0 0 0 
0 0 48 0 0 0 
0 0 48 0 0 0 
0 0 48 0 0 0 
0 0 48 0 0 0 
0 0 48 0 0 0 
54 0 0 0 60 0 
54 0 0 0 60 0 
54 0 0 0 60 0 
54 0 0 0 60 0 
54 0 0 0 60 0 
54 0 0 0 60 0 
54 0 0 0 60 0 
54 0 0 0 60 0 
54 0 0 0 60 0 
54 0 0 0 60 0 
54 0 0 0 60 0 
54 0 0 0 60 0 
54 0 0 0 60 0 
54 0 0 0 60 0 
54 0 0 0 60 0 
0 0 27 0 0 0 
0 0 27 0 0 0 
0 0 27 0 0 0 
0 0 27 0 0 0 
0 0 27 0 0 0 
0 0 27 0 0 0 
0 0 27 0 0 0 
0 0 27 0 0 0 
0 0 27 0 0 0 
0 0 27 0 0 0 
0 0 27 0 0 0 
0 0 27 0 0 0 
0 0 27 0 0 0 
0 0 27 0 0 0 
0 0 27 0 0 0 
0 0 0 0 0 17 
0 0 0 0 0 17 
0 0 0 0 0 17 
0 0 0 0 0 17 
0 0 0 0 0 17 
0 0 0 0 0 17 
0 0 0 0 0 17 
0 0 0 0 0 17 
0 0 0 0 0 17 
0 0 0 0 0 17 
0 0 0 0 0 17 
0 0 0 0 0 17 
0 0 0 0 0 17 
0 0 0 0 0 17 
0 0 0 0 0 17 
0 57 0 42 0 0 
0 57 0 42 0 0 
0 57 0 42 0 0 
0 57 0 42 0 0 
0 57 0 42 0 0 
0 57 0 42 0 0 
0 57 0 42 0 0 
0 57 0 42 0 0 
0 57 0 42 0 0 
0 57 0 42 0 0 
0 57 0 42 0 0 
0 57 0 42 0 0 
0 57 0 42 0 0 
0 57 0 42 0 0 
0 57 0 42 0 0 
0 39 0 0 0 0 
0 39 0 0 0 0 
0 39 0 0 0 0 
0 39 0 0 0 0 
0 39 0 0 0 0 
0 39 0 0 0 0 
0 39 0 0 0 0 
0 39 0 0 0 0 
0 39 0 0 0 0 
0 39 0 0 0 0 
0 39 0 0 0 0 
0 39 0 0 0 0 
0 39 0 0 0 0 
0 39 0 0 0 0 
0 39 0 0 0 0 
49 0 0 0 0 0 
49 0 0 0 0 0 
49 0 0 0 0 0 
49 0 0 0 0 0 
49 0 0 0 0 0 
49 0 0 0 0 0 
49 0 0 0 0 0 
49 0 0 0 0 0 
49 0 0 0 0 0 
49 0 0 0 0 0 
49 0 0 0 0 0 
49 0 0 0 0 0 
49 0 0 0 0 0 
49 0 0 0 0 0 
49 0 0 0 0 0 
0 0 0 0 0 52 
0 0 0 0 0 52 
0 0 0 0 0 52 
0 0 0 0 0 52 
0 0 0 0 0 52 
0 0 0 0 0 52 
0 0 0 0 0 52 
0 0 0 0 0 52 
0 0 0 0 0 52 
0 0 0 0 0 52 
0 0 0 0 0 52 
0 0 0 0 0 52 
0 0 0 0 0 52 
0 0 0 0 0 52 
0 0 0 0 0 52 
0 0 0 0 0 46 
0 0 0 0 0 46 
0 0 0 0 0 46 
0 0 0 0 0 46 
0 0 0 0 0 46 
0 0 0 0 0 46 
0 0 0 0 0 46 
0 0 0 0 0 46 
0 0 0 0 0 46 
0 0 0 0 0 46 
0 0 0 0 0 46 
0 0 0 0 0 46 
0 0 0 0 0 46 
0 0 0 0 0 46 
0 0 0 0 0 46 
0 0 0 37 0 0 
0 0 0 37 0 0 
0 0 0 37 0 0 
0 0 0 37 0 0 
0 0 0 37 0 0 
0 0 0 37 0 0 
0 0 0 37 0 0 
0 0 0 37 0 0 
0 0 0 37 0 0 
0 0 0 37 0 0 
0 0 0 37 0 0 
0 0 0 37 0 0 
0 0 0 37 0 0 
0 0 0 37 0 0 
0 0 0 37 0 0 
31 0 0 31 0 0 
31 0 0 31 0 0 
31 0 0 31 0 0 
31 0 0 31 0 0 
31 0 0 31 0 0 
31 0 0 31 0 0 
31 0 0 31 0 0 
31 0 0 31 0 0 
31 0 0 31 0 0 
31 0 0 31 0 0 
31 0 0 31 0 0 
31 0 0 31 0 0 
31 0 0 31 0 0 
31 0 0 31 0 0 
31 0 0 31 0 0 
0 0 20 0 0 0 
0 0 20 0 0 0 
0 0 20 0 0 0 
0 0 20 0 0 0 
0 0 20 0 0 0 
0 0 20 0 0 0 
0 0 20 0 0 0 
0 0 20 0 0 0 
0 0 20 0 0 0 
0 0 20 0 0 0 
0 0 20 0 0 0 
0 0 20 0 0 0 
0 0 20 0 0 0 
0 0 20 0 0 0 
0 0 20 0 0 0 
0 36 0 23 0 0 
0 36 0 23 0 0 
0 36 0 23 0 0 
0 36 0 23 0 0 
0 36 0 23 0 0 
0 36 0 23 0 0 
0 36 0 23 0 0 
0 36 0 23 0 0 
0 36 0 23 0 0 
0 36 0 23 0 0 
0 36 0 23 0 0 
0 36 0 23 0 0 
0 36 0 23 0 0 
0 36 0 23 0 0 
0 36 0 23 0 0 
0 20 0 0 0 0 
0 20 0 0 0 0 
0 20 0 0 0 0 
0 20 0 0 0 0 
0 20 0 0 0 0 
0 20 0 0 0 0 
0 20 0 0 0 0 
0 20 0 0 0 0 
0 20 0 0 0 0 
0 20 0 0 0 0 
0 20 0 0 0 0 
0 20 0 0 0 0 
0 20 0 0 0 0 
0 20 0 0 0 0 
0 20 0 0 0 0 
31 0 0 40 0 0 
31 0 0 40 0 0 
31 0 0 40 0 0 
31 0 0 40 0 0 
31 0 0 40 0 0 
31 0 0 40 0 0 
31 0 0 40 0 0 
31 0 0 40 0 0 
31 0 0 40 0 0 
31 0 0 40 0 0 
31 0 0 40 0 0 
31 0 0 40 0 0 
31 0 0 40 0 0 
31 0 0 40 0 0 
31 0 0 40 0 0 
0 0 55 0 0 0 
0 0 55 0 0 0 
0 0 55 0 0 0 
0 0 55 0 0 0 
0 0 55 0 0 0 
0 0 55 0 0 0 
0 0 55 0 0 0 
0 0 55 0 0 0 
0 0 55 0 0 0 
0 0 55 0 0 0 
0 0 55 0 0 0 
0 0 55 0 0 0 
0 0 55 0 0 0 
0 0 55 0 0 0 
0 0 55 0 0 0 
0 0 0 0 0 29 
0 0 0 0 0 29 
0 0 0 0 0 29 
0 0 0 0 0 29 
0 0 0 0 0 29 
0 0 0 0 0 29 
0 0 0 0 0 29 
0 0 0 0 0 29 
0 0 0 0 0 29 
0 0 0 0 0 29 
0 0 0 0 0 29 
0 0 0 0 0 29 
0 0 0 0 0 29 
0 0 0 0 0 29 
0 0 0 0 0 29 
0 0 0 16 0 0 
0 0 0 16 0 0 
0 0 0 16 0 0 
0 0 0 16 0 0 
0 0 0 16 0 0 
0 0 0 16 0 0 
0 0 0 16 0 0 
0 0 0 16 0 0 
0 0 0 16 0 0 
0 0 0 16 0 0 
0 0 0 16 0 0 
0 0 0 16 0 0 
0 0 0 16 0 0 
0 0 0 16 0 0 
0 0 0 16 0 0 
15 0 0 0 0 0 
15 0 0 0 0 0 
15 0 0 0 0 0 
15 0 0 0 0 0 
15 0 0 0 0 0 
15 0 0 0 0 0 
15 0 0 0 0 0 
15 0 0 0 0 0 
15 0 0 0 0 0 
15 0 0 0 0 0 
15 0 0 0 0 0 
15 0 0 0 0 0 
15 0 0 0 0 0 
15 0 0 0 0 0 
15 0 0 0 0 0 
0 0 56 0 0 0 
0 0 56 0 0 0 
0 0 56 0 0 0 
0 0 56 0 0 0 
0 0 56 0 0 0 
0 0 56 0 0 0 
0 0 56 0 0 0 
0 0 56 0 0 0 
0 0 56 0 0 0 
0 0 56 0 0 0 
0 0 56 0 0 0 
0 0 56 0 0 0 
0 0 56 0 0 0 
0 0 56 0 0 0 
0 0 56 0 0 0 
0 0 0 45 0 0 
0 0 0 45 0 0 
0 0 0 45 0 0 
0 0 0 45 0 0 
0 0 0 45 0 0 
0 0 0 45 0 0 
0 0 0 45 0 0 
0 0 0 45 0 0 
0 0 0 45 0 0 
0 0 0 45 0 0 
0 0 0 45 0 0 
0 0 0 45 0 0 
0 0 0 45 0 0 
0 0 0 45 0 0 
0 0 0 45 0 0 
0 0 27 0 32 0 
0 0 27 0 32 0 
0 0 27 0 32 0 
0 0 27 0 32 0 
0 0 27 0 32 0 
0 0 27 0 32 0 
0 0 27 0 32 0 
0 0 27 0 32 0 
0 0 27 0 32 0 
0 0 27 0 32 0 
0 0 27 0 32 0 
0 0 27 0 32 0 
0 0 27 0 32 0 
0 0 27 0 32 0 
0 0 27 0 32 0 
0 0 22 58 0 0 
0 0 22 58 0 0 
0 0 22 58 0 0 
0 0 22 58 0 0 
0 0 22 58 0 0 
0 0 22 58 0 0 
0 0 22 58 0 0 
0 0 22 58 0 0 
0 0 22 58 0 0 
0 0 22 58 0 0 
0 0 22 58 0 0 
0 0 22 58 0 0 
0 0 22 58 0 0 
0 0 22 58 0 0 
0 0 22 58 0 0 
28 0 0 57 0 0 
28 0 0 57 0 0 
28 0 0 57 0 0 
28 0 0 57 0 0 
28 0 0 57 0 0 
28 0 0 57 0 0 
28 0 0 57 0 0 
28 0 0 57 0 0 
28 0 0 57 0 0 
28 0 0 57 0 0 
28 0 0 57 0 0 
28 0 0 57 0 0 
28 0 0 57 0 0 
28 0 0 57 0 0 
28 0 0 57 0 0 
0 0 0 55 0 0 
0 0 0 55 0 0 
0 0 0 55 0 0 
0 0 0 55 0 0 
0 0 0 55 0 0 
0 0 0 55 0 0 
0 0 0 55 0 0 
0 0 0 55 0 0 
0 0 0 55 0 0 
0 0 0 55 0 0 
0 0 0 55 0 0 
0 0 0 55 0 0 
0 0 0 55 0 0 
0 0 0 55 0 0 
0 0 0 55 0 0 
0 0 15 0 19 0 
0 0 15 0 19 0 
0 0 15 0 19 0 
0 0 15 0 19 0 
0 0 15 0 19 0 
0 0 15 0 19 0 
0 0 15 0 19 0 
0 0 15 0 19 0 
0 0 15 0 19 0 
0 0 15 0 19 0 
0 0 15 0 19 0 
0 0 15 0 19 0 
0 0 15 0 19 0 
0 0 15 0 19 0 
0 0 15 0 19 0 
0 0 0 0 0 41 
0 0 0 0 0 41 
0 0 0 0 0 41 
0 0 0 0 0 41 
0 0 0 0 0 41 
0 0 0 0 0 41 
0 0 0 0 0 41 
0 0 0 0 0 41 
0 0 0 0 0 41 
0 0 0 0 0 41 
0 0 0 0 0 41 
0 0 0 0 0 41 
0 0 0 0 0 41 
0 0 0 0 0 41 
0 0 0 0 0 41 
41 0 0 0 0 0 
41 0 0 0 0 0 
41 0 0 0 0 0 
41 0 0 0 0 0 
41 0 0 0 0 0 
41 0 0 0 0 0 
41 0 0 0 0 0 
41 0 0 0 0 0 
41 0 0 0 0 0 
41 0 0 0 0 0 
41 0 0 0 0 0 
41 0 0 0 0 0 
41 0 0 0 0 0 
41 0 0 0 0 0 
41 0 0 0 0 0 
0 0 0 0 0 45 
0 0 0 0 0 45 
0 0 0 0 0 45 
0 0 0 0 0 45 
0 0 0 0 0 45 
0 0 0 0 0 45 
0 0 0 0 0 45 
0 0 0 0 0 45 
0 0 0 0 0 45 
0 0 0 0 0 45 
0 0 0 0 0 45 
0 0 0 0 0 45 
0 0 0 0 0 45 
0 0 0 0 0 45 
0 0 0 0 0 45 
49 0 0 0 0 0 
49 0 0 0 0 0 
49 0 0 0 0 0 
49 0 0 0 0 0 
49 0 0 0 0 0 
49 0 0 0 0 0 
49 0 0 0 0 0 
49 0 0 0 0 0 
49 0 0 0 0 0 
49 0 0 0 0 0 
49 0 0 0 0 0 
49 0 0 0 0 0 
49 0 0 0 0 0 
49 0 0 0 0 0 
49 0 0 0 0 0 
0 0 0 0 0 55 
0 0 0 0 0 55 
0 0 0 0 0 55 
0 0 0 0 0 55 
0 0 0 0 0 55 
0 0 0 0 0 55 
0 0 0 0 0 55 
0 0 0 0 0 55 
0 0 0 0 0 55 
0 0 0 0 0 55 
0 0 0 0 0 55 
0 0 0 0 0 55 
0 0 0 0 0 55 
0 0 0 0 0 55 
0 0 0 0 0 55 
0 16 0 0 0 0 
0 16 0 0 0 0 
0 16 0 0 0 0 
0 16 0 0 0 0 
0 16 0 0 0 0 
0 16 0 0 0 0 
0 16 0 0 0 0 
0 16 0 0 0 0 
0 16 0 0 0 0 
0 16 0 0 0 0 
0 16 0 0 0 0 
0 16 0 0 0 0 
0 16 0 0 0 0 
0 16 0 0 0 0 
0 16 0 0 0 0 
0 0 0 0 25 0 
0 0 0 0 25 0 
0 0 0 0 25 0 
0 0 0 0 25 0 
0 0 0 0 25 0 
0 0 0 0 25 0 
0 0 0 0 25 0 
0 0 0 0 25 0 
0 0 0 0 25 0 
0 0 0 0 25 0 
0 0 0 0 25 0 
0 0 0 0 25 0 
0 0 0 0 25 0 
0 0 0 0 25 0 
0 0 0 0 25 0 
0 0 0 15 0 0 
0 0 0 15 0 0 
0 0 0 15 0 0 
0 0 0 15 0 0 
0 0 0 15 0 0 
0 0 0 15 0 0 
0 0 0 15 0 0 
0 0 0 15 0 0 
0 0 0 15 0 0 
0 0 0 15 0 0 
0 0 0 15 0 0 
0 0 0 15 0 0 
0 0 0 15 0 0 
0 0 0 15 0 0 
0 0 0 15 0 0 
0 0 0 56 0 0 
0 0 0 56 0 0 
0 0 0 56 0 0 
0 0 0 56 0 0 
0 0 0 56 0 0 
0 0 0 56 0 0 
0 0 0 56 0 0 
0 0 0 56 0 0 
0 0 0 56 0 0 
0 0 0 56 0 0 
0 0 0 56 0 0 
0 0 0 56 0 0 
0 0 0 56 0 0 
0 0 0 56 0 0 
0 0 0 56 0 0 
0 0 0 0 0 29 
0 0 0 0 0 29 
0 0 0 0 0 29 
0 0 0 0 0 29 
0 0 0 0 0 29 
0 0 0 0 0 29 
0 0 0 0 0 29 
0 0 0 0 0 29 
0 0 0 0 0 29 
0 0 0 0 0 29 
0 0 0 0 0 29 
0 0 0 0 0 29 
0 0 0 0 0 29 
0 0 0 0 0 29 
0 0 0 0 0 29 
0 56 0 0 0 38 
0 56 0 0 0 38 
0 56 0 0 0 38 
0 56 0 0 0 38 
0 56 0 0 0 38 
0 56 0 0 0 38 
0 56 0 0 0 38 
0 56 0 0 0 38 
0 56 0 0 0 38 
0 56 0 0 0 38 
0 56 0 0 0 38 
0 56 0 0 0 38 
0 56 0 0 0 38 
0 56 0 0 0 38 
0 56 0 0 0 38 
0 59 0 41 0 0 
0 59 0 41 0 0 
0 59 0 41 0 0 
0 59 0 41 0 0 
0 59 0 41 0 0 
0 59 0 41 0 0 
0 59 0 41 0 0 
0 59 0 41 0 0 
0 59 0 41 0 0 
0 59 0 41 0 0 
0 59 0 41 0 0 
0 59 0 41 0 0 
0 59 0 41 0 0 
0 59 0 41 0 0 
0 59 0 41 0 0 
0.0 0.0 0.0 0.0 0.0 0.0 
0.0 0.0 0.0 0.0 0.0 0.0 
0.0 0.0 0.0 0.0 0.0 0.0 
0.0 0.0 0.0 0.0 0.0 0.0 
0.0 0.0 0.0 0.0 0.0 0.0 
0.0 0.0 0.0 0.0 0.0 0.0 
0.0 0.0 0.0 0.0 0.0 0.0 
0.0 0.0 0.0 0.0 0.0 0.0 
0.0 0.0 0.0 0.0 0.0 0.0 
0.0 0.0 0.0 0.0 0.0 0.0 
0.0 0.0 0.0 0.0 0.0 0.0 
0.0 0.0 0.0 0.0 0.0 0.0 
0.0 0.0 0.0 0.0 0.0 0.0 
0.0 0.0 0.0 0.0 0.0 0.0 
0.0 0.0 0.0 0.0 0.0 0.0 
mind
0 0 0 0 0 0 0 0 0 0 25 0 0 0 14 22 0 0 0 0 0 0 0 10 0 0 0 0 0 0 0 0 0 0 21 0 0 13 0 28 0 0 21 0 0 0 0 0 15 0 14 0 0 0 0 0 0 0 0 12 0 0 0 0 0 0 0 0 0 0 0 0 0 0 19 0 0
maxd
0 0 0 0 0 0 0 0 0 0 28 0 0 0 16 24 0 0 0 0 0 0 0 17 0 0 0 0 0 0 0 0 0 0 21 0 0 15 0 29 0 0 23 0 0 0 0 0 18 0 30 0 0 0 0 0 0 0 0 13 0 0 0 0 0 0 0 0 0 0 0 0 0 0 28 0 0
e
0 685 773 568 899 572 747 746 543 956 595 872 741 501 689 640 723 710 552 739 642 749 543 650 830 749 583 670 497 758 532 732 655 504 615 694 933 757 572 855 917 481 857 480 505 953 647 715 956 751 671 689 625 706 816 515 745 777 933 761 909 859 643 922 552 529 956 846 524 840 832 860 826 944 609 803 0
l
99999 805 893 688 1019 692 867 866 663 1076 715 992 861 621 809 760 843 830 672 859 762 869 663 770 950 869 703 790 617 878 652 852 775 624 735 814 1053 877 692 975 1037 601 977 600 625 1073 767 835 1076 871 791 809 745 826 936 635 865 897 1053 881 1029 979 763 1042 672 649 1076 966 644 960 952 980 946 1064 729 923 99999
