nbNodes
77
nbVehi
15
nbServi
6
r
1 1 1 1 1 1 
0 0 0 1 0 0 
0 1 0 0 0 0 
0 0 0 0 0 1 
0 0 1 1 0 0 
0 0 1 0 0 0 
1 0 0 0 0 0 
0 0 0 1 0 0 
0 1 0 1 0 0 
0 0 0 0 1 0 
1 0 0 0 0 0 
0 0 1 0 0 0 
1 0 0 1 0 0 
1 0 0 0 0 0 
1 0 0 0 0 0 
0 1 0 0 1 0 
0 0 1 0 0 0 
0 0 1 0 0 0 
0 0 0 0 1 0 
0 0 0 0 0 1 
1 0 0 0 0 0 
0 0 0 1 0 0 
0 1 0 0 0 0 
0 0 0 1 0 0 
0 0 1 0 0 0 
0 0 0 0 1 0 
0 0 1 0 0 0 
0 0 1 0 1 0 
0 1 0 0 0 0 
0 1 0 0 0 1 
0 0 1 0 0 0 
1 0 0 0 0 0 
0 1 0 0 0 0 
1 0 0 0 0 1 
1 0 0 0 0 0 
1 0 0 0 1 0 
0 0 0 1 0 0 
0 0 1 0 0 0 
0 0 0 1 0 0 
1 0 0 0 0 1 
1 0 0 0 0 1 
0 0 1 0 0 1 
0 0 1 0 0 0 
0 0 0 0 1 0 
0 0 1 0 1 0 
1 0 0 0 0 1 
0 0 0 1 0 0 
0 1 0 0 1 0 
0 0 1 0 0 0 
1 0 0 0 0 0 
1 0 0 0 0 0 
0 0 1 0 0 1 
1 0 0 0 0 1 
0 1 0 0 1 0 
0 0 1 0 0 1 
0 0 1 0 0 0 
0 0 1 0 0 1 
1 0 0 1 0 0 
0 0 0 0 1 0 
0 0 0 1 0 0 
0 0 1 1 0 0 
0 0 0 0 1 0 
0 0 1 0 0 1 
0 0 0 1 0 0 
1 0 0 0 0 0 
0 0 0 0 0 1 
0 1 0 0 0 0 
0 1 0 0 0 0 
1 0 0 0 1 0 
1 0 0 0 0 0 
0 0 0 0 0 1 
0 1 0 0 0 0 
0 0 0 0 1 0 
0 0 1 0 1 0 
1 0 0 0 0 0 
1 0 0 0 0 0 
1 1 1 1 1 1 
DS
5 9 13 16 28 30 34 36 40 41 42 45 46 48 52 53 54 55 57 58 61 63 69 74 
a
1 0 0 0 0 0 
1 0 1 0 0 0 
1 0 0 0 0 0 
1 1 1 0 0 0 
1 1 1 0 0 0 
1 1 0 0 0 0 
1 0 1 0 0 0 
0 0 0 1 0 0 
0 0 0 1 1 1 
0 0 0 1 0 1 
0 0 0 1 1 0 
0 0 0 1 0 1 
0 0 0 0 1 0 
0 0 0 1 1 1 
0 0 0 0 1 1 
x
-29.9904 -30.009 -30.1618 -30.0957 -30.0197 -30.0174 -29.9904 -30.0241 -30.1633 -30.0188 -29.9956 -30.0003 -30.0679 -30.0731 -30.0641 -30.1761 -30.098 -30.0224 -29.9884 -29.9957 -30.0858 -30.0216 -30.0338 -30.0041 -30.0641 -30.0468 -30.0868 -30.0602 -30.0718 -30.0064 -30.0001 -30.1456 -30.0378 -30.0722 -30.0122 -29.9952 -30.086 -30.0221 -30.0424 -30.0254 -30.1604 -30.0267 -30.0862 -30.0553 -30.0046 -30.1586 -29.9774 -30.1508 -30.0841 -30.0085 -30.1132 -30.0455 -30.0226 -30.0905 -30.1171 -30.0238 -30.0661 -30.0868 -30.0676 -30.0889 -30.097 -30.0073 -30.0064 -30.1565 -29.9885 -30.0772 -30.0206 -30.1083 -30.0348 -30.2054 -30.1463 -29.9907 -30.0189 -30.0112 -30.0263 -30.1121 -29.9904
y
-51.1909 -51.0996 -51.1428 -51.2433 -51.1431 -51.1004 -51.1909 -51.1936 -51.1711 -51.1713 -51.1063 -51.1994 -51.1696 -51.2171 -51.1802 -51.1902 -51.1903 -51.0996 -51.1984 -51.0886 -51.1895 -51.0882 -51.2337 -51.1761 -51.2087 -51.1301 -51.1296 -51.1852 -51.2179 -51.095 -51.1522 -51.1287 -51.1033 -51.2183 -51.1169 -51.1319 -51.2352 -51.1269 -51.0981 -51.0875 -51.1731 -51.1332 -51.2071 -51.198 -51.1755 -51.168 -51.1967 -51.1479 -51.2224 -51.1975 -51.155 -51.2081 -51.1364 -51.2296 -51.2289 -51.2136 -51.2326 -51.2389 -51.2161 -51.204 -51.2299 -51.0921 -51.1822 -51.1811 -51.1203 -51.2179 -51.1082 -51.2464 -51.1116 -51.1439 -51.1485 -51.1209 -51.1004 -51.201 -51.2189 -51.1646 -51.1909
d
0.00000 19.00000 44.00000 23.00000 14.00000 19.00000 0.00000 9.00000 40.00000 10.00000 16.00000 4.00000 17.00000 19.00000 16.00000 45.00000 28.00000 20.00000 3.00000 20.00000 21.00000 24.00000 12.00000 6.00000 17.00000 19.00000 26.00000 14.00000 19.00000 19.00000 9.00000 41.00000 24.00000 19.00000 17.00000 13.00000 23.00000 17.00000 26.00000 24.00000 40.00000 17.00000 22.00000 15.00000 6.00000 41.00000 5.00000 42.00000 22.00000 6.00000 32.00000 13.00000 16.00000 23.00000 27.00000 10.00000 19.00000 22.00000 18.00000 23.00000 23.00000 20.00000 6.00000 38.00000 15.00000 21.00000 19.00000 26.00000 22.00000 50.00000 41.00000 16.00000 20.00000 7.00000 9.00000 33.00000 0.00000
20.00000 0.00000 42.00000 33.00000 12.00000 7.00000 20.00000 18.00000 45.00000 15.00000 5.00000 19.00000 21.00000 29.00000 20.00000 52.00000 35.00000 4.00000 20.00000 6.00000 28.00000 7.00000 26.00000 15.00000 27.00000 12.00000 24.00000 21.00000 29.00000 3.00000 13.00000 36.00000 10.00000 29.00000 6.00000 10.00000 32.00000 8.00000 15.00000 8.00000 46.00000 12.00000 29.00000 23.00000 15.00000 46.00000 23.00000 42.00000 29.00000 19.00000 31.00000 23.00000 12.00000 30.00000 34.00000 21.00000 30.00000 33.00000 28.00000 30.00000 30.00000 4.00000 16.00000 44.00000 10.00000 29.00000 5.00000 33.00000 10.00000 52.00000 40.00000 10.00000 3.00000 20.00000 22.00000 31.00000 20.00000
42.00000 42.00000 0.00000 25.00000 40.00000 44.00000 42.00000 37.00000 7.00000 38.00000 44.00000 40.00000 33.00000 27.00000 30.00000 14.00000 23.00000 42.00000 43.00000 43.00000 23.00000 45.00000 36.00000 41.00000 29.00000 37.00000 27.00000 32.00000 28.00000 41.00000 44.00000 7.00000 38.00000 27.00000 43.00000 46.00000 25.00000 41.00000 39.00000 45.00000 9.00000 40.00000 25.00000 31.00000 41.00000 8.00000 44.00000 6.00000 25.00000 39.00000 21.00000 32.00000 40.00000 23.00000 22.00000 37.00000 30.00000 25.00000 28.00000 27.00000 22.00000 42.00000 40.00000 9.00000 47.00000 27.00000 41.00000 24.00000 39.00000 13.00000 7.00000 47.00000 42.00000 38.00000 37.00000 18.00000 42.00000
24.00000 33.00000 25.00000 0.00000 25.00000 31.00000 24.00000 19.00000 20.00000 22.00000 33.00000 20.00000 16.00000 9.00000 14.00000 25.00000 17.00000 30.00000 22.00000 36.00000 12.00000 34.00000 13.00000 23.00000 13.00000 24.00000 26.00000 15.00000 9.00000 33.00000 27.00000 27.00000 29.00000 9.00000 30.00000 30.00000 4.00000 28.00000 31.00000 34.00000 20.00000 27.00000 9.00000 15.00000 24.00000 21.00000 23.00000 23.00000 7.00000 20.00000 23.00000 13.00000 26.00000 5.00000 8.00000 16.00000 9.00000 3.00000 10.00000 11.00000 5.00000 34.00000 23.00000 18.00000 32.00000 8.00000 29.00000 4.00000 27.00000 31.00000 22.00000 33.00000 30.00000 19.00000 17.00000 19.00000 24.00000
14.00000 12.00000 40.00000 27.00000 0.00000 11.00000 14.00000 12.00000 40.00000 9.00000 12.00000 13.00000 14.00000 22.00000 14.00000 46.00000 28.00000 11.00000 15.00000 15.00000 22.00000 14.00000 20.00000 10.00000 19.00000 10.00000 19.00000 15.00000 22.00000 12.00000 8.00000 34.00000 14.00000 22.00000 10.00000 8.00000 25.00000 7.00000 17.00000 15.00000 40.00000 6.00000 22.00000 16.00000 9.00000 41.00000 17.00000 40.00000 23.00000 13.00000 25.00000 16.00000 4.00000 24.00000 28.00000 16.00000 23.00000 26.00000 22.00000 23.00000 23.00000 14.00000 10.00000 38.00000 9.00000 22.00000 9.00000 27.00000 13.00000 49.00000 38.00000 10.00000 10.00000 14.00000 17.00000 26.00000 14.00000
21.00000 5.00000 43.00000 33.00000 13.00000 0.00000 21.00000 19.00000 45.00000 17.00000 7.00000 21.00000 21.00000 29.00000 20.00000 52.00000 35.00000 4.00000 22.00000 8.00000 28.00000 7.00000 28.00000 17.00000 27.00000 12.00000 24.00000 21.00000 29.00000 4.00000 14.00000 37.00000 10.00000 29.00000 7.00000 12.00000 32.00000 8.00000 15.00000 8.00000 46.00000 12.00000 28.00000 23.00000 17.00000 46.00000 24.00000 43.00000 29.00000 20.00000 31.00000 24.00000 12.00000 30.00000 34.00000 23.00000 31.00000 33.00000 28.00000 30.00000 30.00000 6.00000 17.00000 44.00000 12.00000 29.00000 5.00000 33.00000 10.00000 52.00000 41.00000 12.00000 3.00000 21.00000 24.00000 31.00000 21.00000
0.00000 19.00000 44.00000 23.00000 14.00000 19.00000 0.00000 9.00000 40.00000 10.00000 16.00000 4.00000 17.00000 19.00000 16.00000 45.00000 28.00000 20.00000 3.00000 20.00000 21.00000 24.00000 12.00000 6.00000 17.00000 19.00000 26.00000 14.00000 19.00000 19.00000 9.00000 41.00000 24.00000 19.00000 17.00000 13.00000 23.00000 17.00000 26.00000 24.00000 40.00000 17.00000 22.00000 15.00000 6.00000 41.00000 5.00000 42.00000 22.00000 6.00000 32.00000 13.00000 16.00000 23.00000 27.00000 10.00000 19.00000 22.00000 18.00000 23.00000 23.00000 20.00000 6.00000 38.00000 15.00000 21.00000 19.00000 26.00000 22.00000 50.00000 41.00000 16.00000 20.00000 7.00000 9.00000 33.00000 0.00000
10.00000 19.00000 38.00000 19.00000 12.00000 18.00000 10.00000 0.00000 35.00000 5.00000 18.00000 9.00000 12.00000 13.00000 11.00000 40.00000 22.00000 18.00000 10.00000 22.00000 15.00000 22.00000 11.00000 9.00000 11.00000 14.00000 21.00000 9.00000 13.00000 19.00000 11.00000 36.00000 18.00000 13.00000 17.00000 14.00000 18.00000 15.00000 21.00000 22.00000 34.00000 15.00000 16.00000 9.00000 8.00000 35.00000 13.00000 36.00000 17.00000 6.00000 27.00000 7.00000 14.00000 18.00000 22.00000 7.00000 14.00000 18.00000 12.00000 17.00000 17.00000 20.00000 7.00000 32.00000 15.00000 15.00000 17.00000 21.00000 17.00000 44.00000 35.00000 16.00000 18.00000 6.00000 8.00000 27.00000 10.00000
40.00000 45.00000 7.00000 20.00000 39.00000 45.00000 40.00000 34.00000 0.00000 35.00000 47.00000 38.00000 30.00000 24.00000 28.00000 11.00000 21.00000 43.00000 40.00000 46.00000 21.00000 47.00000 32.00000 38.00000 26.00000 38.00000 27.00000 29.00000 25.00000 45.00000 41.00000 11.00000 42.00000 25.00000 43.00000 44.00000 21.00000 41.00000 43.00000 47.00000 2.00000 40.00000 22.00000 29.00000 38.00000 5.00000 41.00000 9.00000 22.00000 36.00000 19.00000 29.00000 39.00000 19.00000 16.00000 34.00000 27.00000 21.00000 26.00000 24.00000 18.00000 46.00000 38.00000 4.00000 45.00000 24.00000 42.00000 20.00000 40.00000 13.00000 8.00000 46.00000 43.00000 36.00000 34.00000 15.00000 40.00000
9.00000 16.00000 41.00000 22.00000 9.00000 14.00000 9.00000 5.00000 37.00000 0.00000 15.00000 8.00000 13.00000 17.00000 13.00000 42.00000 25.00000 15.00000 10.00000 19.00000 18.00000 18.00000 14.00000 5.00000 14.00000 12.00000 21.00000 11.00000 17.00000 16.00000 8.00000 36.00000 17.00000 17.00000 13.00000 10.00000 21.00000 11.00000 19.00000 18.00000 37.00000 12.00000 19.00000 11.00000 4.00000 38.00000 12.00000 39.00000 19.00000 8.00000 28.00000 10.00000 10.00000 20.00000 24.00000 9.00000 17.00000 21.00000 16.00000 20.00000 20.00000 17.00000 5.00000 35.00000 11.00000 18.00000 13.00000 24.00000 15.00000 47.00000 38.00000 13.00000 14.00000 8.00000 10.00000 28.00000 9.00000
18.00000 4.00000 45.00000 34.00000 13.00000 10.00000 18.00000 18.00000 46.00000 16.00000 0.00000 18.00000 22.00000 29.00000 21.00000 53.00000 36.00000 8.00000 19.00000 6.00000 29.00000 11.00000 23.00000 16.00000 27.00000 13.00000 25.00000 22.00000 29.00000 5.00000 11.00000 39.00000 14.00000 30.00000 7.00000 7.00000 33.00000 9.00000 17.00000 11.00000 47.00000 13.00000 30.00000 24.00000 15.00000 47.00000 19.00000 45.00000 30.00000 19.00000 32.00000 23.00000 13.00000 31.00000 35.00000 21.00000 30.00000 33.00000 28.00000 31.00000 31.00000 5.00000 16.00000 45.00000 6.00000 30.00000 8.00000 34.00000 13.00000 54.00000 43.00000 6.00000 7.00000 20.00000 20.00000 32.00000 18.00000
4.00000 18.00000 41.00000 21.00000 12.00000 18.00000 4.00000 7.00000 38.00000 8.00000 16.00000 0.00000 16.00000 17.00000 15.00000 43.00000 25.00000 18.00000 3.00000 20.00000 18.00000 22.00000 10.00000 4.00000 14.00000 17.00000 24.00000 13.00000 17.00000 19.00000 8.00000 39.00000 22.00000 17.00000 15.00000 11.00000 21.00000 15.00000 24.00000 22.00000 38.00000 15.00000 19.00000 12.00000 4.00000 39.00000 6.00000 39.00000 20.00000 4.00000 31.00000 10.00000 14.00000 21.00000 25.00000 7.00000 17.00000 20.00000 15.00000 21.00000 20.00000 20.00000 4.00000 36.00000 13.00000 18.00000 17.00000 24.00000 20.00000 47.00000 38.00000 14.00000 18.00000 4.00000 6.00000 30.00000 4.00000
17.00000 22.00000 34.00000 18.00000 15.00000 20.00000 17.00000 14.00000 32.00000 13.00000 22.00000 17.00000 0.00000 13.00000 4.00000 37.00000 19.00000 19.00000 18.00000 25.00000 13.00000 22.00000 15.00000 16.00000 12.00000 13.00000 13.00000 7.00000 13.00000 22.00000 18.00000 28.00000 17.00000 13.00000 18.00000 20.00000 16.00000 17.00000 20.00000 22.00000 31.00000 15.00000 13.00000 7.00000 16.00000 32.00000 20.00000 33.00000 14.00000 17.00000 19.00000 10.00000 15.00000 15.00000 19.00000 15.00000 16.00000 17.00000 13.00000 14.00000 14.00000 23.00000 15.00000 29.00000 21.00000 13.00000 17.00000 18.00000 16.00000 41.00000 32.00000 22.00000 18.00000 16.00000 15.00000 19.00000 17.00000
20.00000 29.00000 28.00000 9.00000 21.00000 27.00000 20.00000 14.00000 25.00000 17.00000 29.00000 17.00000 12.00000 0.00000 10.00000 30.00000 14.00000 26.00000 19.00000 32.00000 8.00000 30.00000 13.00000 19.00000 5.00000 20.00000 22.00000 11.00000 1.00000 29.00000 23.00000 30.00000 25.00000 1.00000 26.00000 26.00000 6.00000 24.00000 27.00000 30.00000 24.00000 23.00000 6.00000 9.00000 19.00000 25.00000 21.00000 26.00000 5.00000 15.00000 22.00000 8.00000 22.00000 7.00000 12.00000 13.00000 6.00000 7.00000 3.00000 7.00000 7.00000 30.00000 19.00000 22.00000 27.00000 3.00000 25.00000 11.00000 23.00000 34.00000 25.00000 28.00000 26.00000 15.00000 13.00000 19.00000 20.00000
15.00000 22.00000 31.00000 14.00000 14.00000 20.00000 15.00000 11.00000 28.00000 10.00000 22.00000 14.00000 5.00000 9.00000 0.00000 33.00000 15.00000 19.00000 16.00000 25.00000 9.00000 22.00000 11.00000 14.00000 8.00000 13.00000 14.00000 4.00000 9.00000 22.00000 17.00000 29.00000 18.00000 9.00000 19.00000 20.00000 12.00000 17.00000 20.00000 23.00000 27.00000 16.00000 9.00000 3.00000 14.00000 28.00000 18.00000 29.00000 10.00000 13.00000 21.00000 6.00000 15.00000 11.00000 15.00000 11.00000 12.00000 13.00000 9.00000 11.00000 10.00000 23.00000 13.00000 25.00000 21.00000 9.00000 17.00000 14.00000 16.00000 37.00000 28.00000 22.00000 18.00000 13.00000 12.00000 20.00000 15.00000
45.00000 52.00000 14.00000 26.00000 44.00000 50.00000 45.00000 40.00000 10.00000 40.00000 52.00000 43.00000 35.00000 29.00000 33.00000 0.00000 27.00000 49.00000 45.00000 53.00000 27.00000 52.00000 38.00000 44.00000 32.00000 43.00000 34.00000 34.00000 30.00000 51.00000 47.00000 17.00000 48.00000 30.00000 49.00000 50.00000 26.00000 47.00000 49.00000 53.00000 11.00000 46.00000 28.00000 34.00000 44.00000 13.00000 47.00000 16.00000 27.00000 41.00000 26.00000 34.00000 45.00000 25.00000 22.00000 39.00000 33.00000 27.00000 31.00000 29.00000 24.00000 52.00000 43.00000 10.00000 50.00000 29.00000 47.00000 25.00000 46.00000 16.00000 17.00000 52.00000 48.00000 41.00000 40.00000 22.00000 45.00000
27.00000 34.00000 23.00000 17.00000 26.00000 32.00000 27.00000 21.00000 21.00000 23.00000 34.00000 25.00000 17.00000 15.00000 15.00000 27.00000 0.00000 31.00000 27.00000 37.00000 7.00000 35.00000 21.00000 26.00000 13.00000 25.00000 18.00000 16.00000 15.00000 34.00000 29.00000 25.00000 30.00000 15.00000 31.00000 32.00000 16.00000 29.00000 32.00000 35.00000 21.00000 28.00000 12.00000 16.00000 26.00000 21.00000 28.00000 21.00000 15.00000 23.00000 14.00000 16.00000 27.00000 15.00000 14.00000 21.00000 20.00000 17.00000 14.00000 13.00000 13.00000 35.00000 25.00000 19.00000 33.00000 15.00000 30.00000 15.00000 28.00000 29.00000 20.00000 34.00000 31.00000 23.00000 21.00000 12.00000 27.00000
20.00000 5.00000 42.00000 31.00000 11.00000 6.00000 20.00000 18.00000 43.00000 15.00000 8.00000 19.00000 19.00000 26.00000 18.00000 50.00000 32.00000 0.00000 20.00000 8.00000 26.00000 5.00000 26.00000 15.00000 25.00000 10.00000 22.00000 19.00000 26.00000 5.00000 13.00000 36.00000 7.00000 26.00000 6.00000 10.00000 29.00000 6.00000 12.00000 4.00000 44.00000 10.00000 26.00000 21.00000 15.00000 43.00000 23.00000 42.00000 27.00000 18.00000 28.00000 22.00000 10.00000 28.00000 32.00000 21.00000 28.00000 30.00000 26.00000 28.00000 27.00000 6.00000 16.00000 42.00000 11.00000 27.00000 2.00000 31.00000 7.00000 51.00000 40.00000 11.00000 1.00000 19.00000 22.00000 29.00000 20.00000
5.00000 18.00000 43.00000 22.00000 15.00000 20.00000 5.00000 10.00000 39.00000 11.00000 15.00000 4.00000 18.00000 18.00000 17.00000 44.00000 26.00000 21.00000 0.00000 19.00000 20.00000 24.00000 11.00000 7.00000 16.00000 20.00000 27.00000 15.00000 18.00000 18.00000 10.00000 42.00000 24.00000 19.00000 18.00000 14.00000 22.00000 18.00000 27.00000 25.00000 39.00000 18.00000 21.00000 15.00000 7.00000 40.00000 4.00000 41.00000 21.00000 6.00000 33.00000 13.00000 17.00000 23.00000 27.00000 9.00000 18.00000 21.00000 17.00000 22.00000 22.00000 19.00000 6.00000 37.00000 14.00000 20.00000 19.00000 25.00000 23.00000 49.00000 40.00000 15.00000 20.00000 6.00000 8.00000 31.00000 5.00000
22.00000 6.00000 43.00000 37.00000 16.00000 11.00000 22.00000 21.00000 46.00000 19.00000 5.00000 21.00000 25.00000 33.00000 24.00000 53.00000 39.00000 9.00000 22.00000 0.00000 32.00000 12.00000 26.00000 19.00000 31.00000 16.00000 28.00000 25.00000 32.00000 5.00000 15.00000 37.00000 15.00000 33.00000 10.00000 11.00000 36.00000 12.00000 19.00000 12.00000 48.00000 16.00000 32.00000 27.00000 19.00000 47.00000 23.00000 43.00000 33.00000 22.00000 34.00000 27.00000 16.00000 34.00000 38.00000 24.00000 33.00000 36.00000 32.00000 34.00000 33.00000 5.00000 19.00000 48.00000 10.00000 33.00000 9.00000 37.00000 15.00000 53.00000 42.00000 10.00000 8.00000 23.00000 23.00000 35.00000 22.00000
20.00000 27.00000 23.00000 13.00000 20.00000 26.00000 20.00000 15.00000 21.00000 16.00000 28.00000 18.00000 11.00000 8.00000 9.00000 27.00000 7.00000 24.00000 20.00000 30.00000 0.00000 28.00000 14.00000 19.00000 7.00000 19.00000 18.00000 10.00000 8.00000 27.00000 22.00000 25.00000 23.00000 8.00000 24.00000 25.00000 11.00000 23.00000 26.00000 28.00000 21.00000 21.00000 5.00000 9.00000 19.00000 21.00000 22.00000 21.00000 9.00000 16.00000 14.00000 9.00000 20.00000 10.00000 14.00000 14.00000 13.00000 12.00000 8.00000 7.00000 9.00000 29.00000 18.00000 19.00000 26.00000 8.00000 23.00000 13.00000 21.00000 29.00000 20.00000 27.00000 24.00000 16.00000 15.00000 12.00000 20.00000
23.00000 9.00000 45.00000 34.00000 14.00000 9.00000 23.00000 21.00000 47.00000 19.00000 11.00000 22.00000 22.00000 30.00000 22.00000 53.00000 36.00000 5.00000 24.00000 11.00000 29.00000 0.00000 29.00000 19.00000 29.00000 13.00000 25.00000 22.00000 30.00000 8.00000 16.00000 39.00000 11.00000 30.00000 10.00000 14.00000 33.00000 9.00000 15.00000 3.00000 47.00000 13.00000 30.00000 24.00000 18.00000 47.00000 26.00000 45.00000 30.00000 22.00000 32.00000 25.00000 13.00000 31.00000 35.00000 25.00000 32.00000 34.00000 30.00000 31.00000 31.00000 10.00000 19.00000 45.00000 15.00000 30.00000 6.00000 35.00000 11.00000 55.00000 44.00000 15.00000 5.00000 23.00000 26.00000 32.00000 23.00000
12.00000 25.00000 36.00000 13.00000 19.00000 24.00000 12.00000 9.00000 33.00000 12.00000 22.00000 8.00000 14.00000 12.00000 12.00000 38.00000 20.00000 25.00000 11.00000 26.00000 13.00000 28.00000 0.00000 12.00000 9.00000 19.00000 24.00000 11.00000 12.00000 25.00000 16.00000 38.00000 24.00000 12.00000 23.00000 19.00000 14.00000 22.00000 26.00000 29.00000 33.00000 21.00000 14.00000 11.00000 12.00000 33.00000 12.00000 34.00000 15.00000 10.00000 27.00000 7.00000 20.00000 16.00000 20.00000 6.00000 10.00000 12.00000 11.00000 16.00000 15.00000 26.00000 12.00000 30.00000 20.00000 13.00000 23.00000 16.00000 22.00000 42.00000 33.00000 21.00000 24.00000 9.00000 5.00000 25.00000 12.00000
6.00000 15.00000 43.00000 24.00000 9.00000 15.00000 6.00000 8.00000 40.00000 6.00000 13.00000 6.00000 15.00000 19.00000 15.00000 45.00000 27.00000 15.00000 7.00000 18.00000 21.00000 19.00000 14.00000 0.00000 17.00000 14.00000 23.00000 14.00000 19.00000 16.00000 5.00000 38.00000 19.00000 19.00000 12.00000 8.00000 23.00000 12.00000 21.00000 19.00000 40.00000 12.00000 21.00000 15.00000 1.00000 41.00000 9.00000 41.00000 22.00000 6.00000 30.00000 13.00000 11.00000 23.00000 27.00000 9.00000 19.00000 23.00000 18.00000 23.00000 23.00000 17.00000 2.00000 38.00000 10.00000 20.00000 14.00000 26.00000 17.00000 49.00000 40.00000 11.00000 15.00000 7.00000 10.00000 30.00000 6.00000
17.00000 28.00000 30.00000 12.00000 20.00000 26.00000 17.00000 11.00000 26.00000 14.00000 27.00000 14.00000 11.00000 5.00000 8.00000 31.00000 13.00000 25.00000 16.00000 31.00000 7.00000 28.00000 10.00000 16.00000 0.00000 19.00000 20.00000 9.00000 5.00000 28.00000 20.00000 32.00000 24.00000 5.00000 25.00000 23.00000 10.00000 23.00000 26.00000 29.00000 26.00000 22.00000 8.00000 6.00000 16.00000 27.00000 18.00000 28.00000 8.00000 12.00000 21.00000 5.00000 21.00000 9.00000 13.00000 10.00000 8.00000 11.00000 5.00000 9.00000 9.00000 29.00000 16.00000 24.00000 24.00000 7.00000 23.00000 13.00000 22.00000 36.00000 27.00000 25.00000 24.00000 12.00000 11.00000 18.00000 17.00000
18.00000 12.00000 38.00000 26.00000 10.00000 11.00000 18.00000 15.00000 38.00000 14.00000 13.00000 18.00000 14.00000 21.00000 13.00000 45.00000 27.00000 9.00000 19.00000 15.00000 21.00000 13.00000 21.00000 16.00000 20.00000 0.00000 17.00000 14.00000 21.00000 12.00000 15.00000 32.00000 8.00000 22.00000 9.00000 13.00000 24.00000 7.00000 10.00000 13.00000 39.00000 7.00000 21.00000 16.00000 16.00000 38.00000 21.00000 38.00000 22.00000 18.00000 23.00000 17.00000 9.00000 23.00000 27.00000 18.00000 23.00000 25.00000 21.00000 23.00000 22.00000 14.00000 16.00000 37.00000 14.00000 22.00000 8.00000 26.00000 6.00000 47.00000 36.00000 14.00000 9.00000 18.00000 18.00000 24.00000 18.00000
24.00000 24.00000 29.00000 26.00000 18.00000 23.00000 24.00000 21.00000 30.00000 20.00000 25.00000 24.00000 14.00000 21.00000 12.00000 37.00000 21.00000 21.00000 25.00000 27.00000 21.00000 25.00000 23.00000 23.00000 20.00000 16.00000 0.00000 15.00000 21.00000 24.00000 23.00000 23.00000 20.00000 21.00000 21.00000 25.00000 24.00000 19.00000 21.00000 25.00000 31.00000 18.00000 21.00000 15.00000 23.00000 31.00000 27.00000 30.00000 22.00000 24.00000 15.00000 18.00000 19.00000 23.00000 27.00000 22.00000 24.00000 25.00000 21.00000 22.00000 22.00000 26.00000 22.00000 29.00000 26.00000 21.00000 20.00000 26.00000 18.00000 39.00000 28.00000 26.00000 21.00000 23.00000 22.00000 16.00000 24.00000
15.00000 21.00000 30.00000 13.00000 14.00000 20.00000 15.00000 10.00000 27.00000 10.00000 22.00000 14.00000 6.00000 8.00000 4.00000 32.00000 14.00000 18.00000 15.00000 24.00000 8.00000 22.00000 11.00000 13.00000 7.00000 13.00000 15.00000 0.00000 8.00000 21.00000 16.00000 30.00000 17.00000 9.00000 18.00000 19.00000 11.00000 17.00000 20.00000 22.00000 27.00000 15.00000 8.00000 3.00000 13.00000 27.00000 18.00000 28.00000 9.00000 13.00000 21.00000 6.00000 14.00000 10.00000 14.00000 11.00000 11.00000 12.00000 8.00000 10.00000 9.00000 23.00000 13.00000 24.00000 20.00000 9.00000 17.00000 13.00000 15.00000 36.00000 27.00000 21.00000 18.00000 12.00000 11.00000 19.00000 15.00000
20.00000 29.00000 29.00000 9.00000 22.00000 27.00000 20.00000 14.00000 25.00000 17.00000 29.00000 17.00000 12.00000 1.00000 10.00000 30.00000 14.00000 26.00000 19.00000 32.00000 8.00000 30.00000 13.00000 19.00000 5.00000 20.00000 22.00000 11.00000 0.00000 29.00000 23.00000 31.00000 25.00000 1.00000 26.00000 26.00000 6.00000 24.00000 27.00000 30.00000 25.00000 23.00000 7.00000 9.00000 19.00000 26.00000 21.00000 27.00000 6.00000 15.00000 22.00000 8.00000 22.00000 8.00000 12.00000 13.00000 6.00000 7.00000 2.00000 8.00000 8.00000 30.00000 19.00000 23.00000 27.00000 4.00000 25.00000 12.00000 23.00000 35.00000 26.00000 28.00000 26.00000 15.00000 13.00000 19.00000 20.00000
20.00000 3.00000 42.00000 34.00000 13.00000 7.00000 20.00000 19.00000 46.00000 16.00000 4.00000 20.00000 22.00000 29.00000 21.00000 52.00000 35.00000 6.00000 21.00000 4.00000 29.00000 9.00000 25.00000 16.00000 28.00000 13.00000 25.00000 22.00000 29.00000 0.00000 13.00000 36.00000 12.00000 30.00000 7.00000 10.00000 33.00000 9.00000 16.00000 9.00000 47.00000 13.00000 29.00000 24.00000 16.00000 46.00000 22.00000 42.00000 30.00000 20.00000 31.00000 24.00000 13.00000 31.00000 35.00000 22.00000 30.00000 33.00000 29.00000 31.00000 30.00000 2.00000 17.00000 45.00000 9.00000 30.00000 6.00000 34.00000 11.00000 52.00000 41.00000 9.00000 5.00000 21.00000 22.00000 32.00000 20.00000
9.00000 12.00000 46.00000 28.00000 7.00000 12.00000 9.00000 11.00000 43.00000 8.00000 10.00000 9.00000 18.00000 22.00000 17.00000 48.00000 30.00000 12.00000 10.00000 15.00000 24.00000 16.00000 16.00000 7.00000 20.00000 15.00000 25.00000 17.00000 22.00000 13.00000 0.00000 39.00000 16.00000 22.00000 9.00000 5.00000 27.00000 9.00000 19.00000 16.00000 43.00000 10.00000 24.00000 18.00000 7.00000 44.00000 12.00000 45.00000 25.00000 10.00000 31.00000 16.00000 8.00000 26.00000 30.00000 14.00000 22.00000 27.00000 21.00000 26.00000 25.00000 14.00000 7.00000 41.00000 7.00000 23.00000 11.00000 29.00000 15.00000 52.00000 43.00000 8.00000 12.00000 12.00000 14.00000 31.00000 9.00000
40.00000 36.00000 7.00000 27.00000 34.00000 38.00000 40.00000 36.00000 11.00000 35.00000 38.00000 39.00000 29.00000 29.00000 28.00000 17.00000 25.00000 36.00000 41.00000 37.00000 25.00000 39.00000 38.00000 39.00000 31.00000 31.00000 21.00000 30.00000 30.00000 35.00000 38.00000 0.00000 32.00000 30.00000 37.00000 40.00000 27.00000 35.00000 33.00000 39.00000 12.00000 34.00000 27.00000 31.00000 38.00000 12.00000 43.00000 7.00000 27.00000 39.00000 17.00000 34.00000 34.00000 25.00000 24.00000 38.00000 32.00000 27.00000 31.00000 29.00000 24.00000 36.00000 38.00000 12.00000 41.00000 29.00000 35.00000 26.00000 32.00000 17.00000 6.00000 41.00000 36.00000 39.00000 38.00000 15.00000 40.00000
22.00000 11.00000 38.00000 30.00000 14.00000 10.00000 22.00000 19.00000 42.00000 18.00000 14.00000 22.00000 18.00000 25.00000 17.00000 48.00000 31.00000 7.00000 23.00000 14.00000 25.00000 11.00000 25.00000 20.00000 24.00000 9.00000 21.00000 18.00000 25.00000 11.00000 17.00000 32.00000 0.00000 25.00000 10.00000 15.00000 28.00000 10.00000 8.00000 10.00000 43.00000 12.00000 25.00000 20.00000 19.00000 42.00000 25.00000 39.00000 26.00000 22.00000 27.00000 21.00000 13.00000 27.00000 31.00000 22.00000 27.00000 29.00000 25.00000 27.00000 26.00000 13.00000 20.00000 41.00000 16.00000 26.00000 7.00000 30.00000 6.00000 48.00000 37.00000 16.00000 8.00000 22.00000 22.00000 28.00000 22.00000
20.00000 29.00000 29.00000 9.00000 22.00000 28.00000 20.00000 14.00000 25.00000 17.00000 29.00000 17.00000 13.00000 1.00000 10.00000 30.00000 14.00000 26.00000 19.00000 32.00000 8.00000 30.00000 13.00000 19.00000 5.00000 20.00000 22.00000 12.00000 1.00000 29.00000 23.00000 31.00000 25.00000 0.00000 26.00000 26.00000 6.00000 24.00000 27.00000 30.00000 25.00000 23.00000 7.00000 9.00000 19.00000 26.00000 21.00000 27.00000 6.00000 15.00000 22.00000 8.00000 22.00000 8.00000 12.00000 14.00000 6.00000 7.00000 2.00000 8.00000 8.00000 30.00000 19.00000 23.00000 27.00000 3.00000 25.00000 12.00000 23.00000 35.00000 26.00000 28.00000 26.00000 15.00000 14.00000 19.00000 20.00000
17.00000 6.00000 42.00000 30.00000 9.00000 6.00000 17.00000 15.00000 42.00000 13.00000 7.00000 16.00000 18.00000 25.00000 17.00000 49.00000 31.00000 7.00000 18.00000 10.00000 25.00000 10.00000 24.00000 13.00000 24.00000 9.00000 21.00000 18.00000 25.00000 7.00000 10.00000 36.00000 11.00000 26.00000 0.00000 7.00000 28.00000 5.00000 13.00000 10.00000 43.00000 9.00000 25.00000 20.00000 12.00000 42.00000 20.00000 42.00000 26.00000 16.00000 27.00000 20.00000 9.00000 27.00000 31.00000 19.00000 27.00000 29.00000 25.00000 27.00000 26.00000 8.00000 13.00000 41.00000 8.00000 26.00000 5.00000 30.00000 9.00000 51.00000 40.00000 8.00000 6.00000 17.00000 20.00000 28.00000 17.00000
12.00000 11.00000 46.00000 29.00000 7.00000 11.00000 12.00000 12.00000 45.00000 10.00000 7.00000 12.00000 20.00000 24.00000 19.00000 50.00000 32.00000 12.00000 13.00000 12.00000 26.00000 15.00000 20.00000 10.00000 21.00000 14.00000 25.00000 19.00000 24.00000 11.00000 5.00000 40.00000 16.00000 24.00000 8.00000 0.00000 28.00000 9.00000 18.00000 16.00000 44.00000 9.00000 26.00000 20.00000 9.00000 45.00000 15.00000 46.00000 27.00000 13.00000 31.00000 17.00000 8.00000 28.00000 32.00000 16.00000 24.00000 28.00000 23.00000 28.00000 27.00000 12.00000 10.00000 42.00000 4.00000 25.00000 10.00000 31.00000 14.00000 54.00000 44.00000 5.00000 11.00000 14.00000 17.00000 32.00000 12.00000
24.00000 32.00000 26.00000 4.00000 25.00000 31.00000 24.00000 18.00000 23.00000 21.00000 33.00000 20.00000 16.00000 6.00000 14.00000 28.00000 17.00000 29.00000 22.00000 35.00000 12.00000 33.00000 13.00000 23.00000 10.00000 24.00000 25.00000 15.00000 6.00000 32.00000 27.00000 28.00000 28.00000 6.00000 29.00000 30.00000 0.00000 27.00000 30.00000 33.00000 22.00000 26.00000 8.00000 14.00000 23.00000 23.00000 23.00000 24.00000 4.00000 20.00000 23.00000 12.00000 25.00000 4.00000 10.00000 16.00000 8.00000 2.00000 7.00000 10.00000 5.00000 34.00000 23.00000 20.00000 31.00000 5.00000 28.00000 8.00000 26.00000 32.00000 23.00000 32.00000 29.00000 19.00000 16.00000 20.00000 24.00000
17.00000 9.00000 41.00000 29.00000 7.00000 7.00000 17.00000 15.00000 41.00000 13.00000 9.00000 16.00000 17.00000 24.00000 16.00000 48.00000 30.00000 6.00000 18.00000 12.00000 24.00000 10.00000 24.00000 13.00000 23.00000 8.00000 20.00000 17.00000 24.00000 9.00000 10.00000 35.00000 10.00000 25.00000 6.00000 8.00000 28.00000 0.00000 12.00000 10.00000 42.00000 5.00000 24.00000 19.00000 12.00000 41.00000 20.00000 41.00000 25.00000 16.00000 26.00000 20.00000 6.00000 26.00000 30.00000 19.00000 26.00000 28.00000 24.00000 26.00000 25.00000 10.00000 13.00000 40.00000 9.00000 25.00000 4.00000 29.00000 8.00000 50.00000 39.00000 10.00000 6.00000 17.00000 20.00000 27.00000 17.00000
25.00000 16.00000 39.00000 32.00000 16.00000 14.00000 25.00000 21.00000 42.00000 20.00000 17.00000 24.00000 20.00000 28.00000 19.00000 49.00000 34.00000 11.00000 25.00000 19.00000 27.00000 15.00000 27.00000 22.00000 26.00000 11.00000 22.00000 20.00000 28.00000 15.00000 20.00000 33.00000 8.00000 28.00000 14.00000 17.00000 31.00000 12.00000 0.00000 15.00000 44.00000 14.00000 28.00000 22.00000 22.00000 43.00000 28.00000 39.00000 28.00000 24.00000 28.00000 23.00000 15.00000 29.00000 33.00000 24.00000 30.00000 32.00000 27.00000 29.00000 29.00000 17.00000 22.00000 42.00000 18.00000 28.00000 11.00000 32.00000 8.00000 49.00000 37.00000 18.00000 12.00000 24.00000 24.00000 29.00000 25.00000
23.00000 9.00000 45.00000 35.00000 15.00000 9.00000 23.00000 21.00000 47.00000 19.00000 12.00000 23.00000 22.00000 30.00000 22.00000 54.00000 36.00000 4.00000 24.00000 12.00000 30.00000 3.00000 29.00000 19.00000 29.00000 14.00000 26.00000 23.00000 30.00000 9.00000 16.00000 39.00000 10.00000 30.00000 10.00000 14.00000 33.00000 10.00000 15.00000 0.00000 48.00000 13.00000 30.00000 25.00000 19.00000 47.00000 27.00000 45.00000 31.00000 22.00000 32.00000 26.00000 14.00000 32.00000 36.00000 25.00000 32.00000 34.00000 30.00000 32.00000 31.00000 10.00000 19.00000 46.00000 15.00000 30.00000 6.00000 35.00000 10.00000 55.00000 43.00000 15.00000 5.00000 23.00000 26.00000 32.00000 23.00000
40.00000 46.00000 8.00000 20.00000 39.00000 45.00000 40.00000 34.00000 2.00000 35.00000 47.00000 38.00000 30.00000 24.00000 28.00000 11.00000 21.00000 43.00000 40.00000 48.00000 22.00000 47.00000 32.00000 38.00000 26.00000 38.00000 28.00000 29.00000 25.00000 46.00000 41.00000 12.00000 42.00000 25.00000 43.00000 44.00000 21.00000 42.00000 44.00000 47.00000 0.00000 40.00000 22.00000 29.00000 38.00000 4.00000 41.00000 10.00000 22.00000 36.00000 20.00000 29.00000 39.00000 19.00000 16.00000 34.00000 27.00000 21.00000 26.00000 24.00000 18.00000 47.00000 38.00000 3.00000 45.00000 24.00000 42.00000 20.00000 40.00000 15.00000 9.00000 46.00000 43.00000 36.00000 34.00000 16.00000 40.00000
18.00000 12.00000 39.00000 27.00000 6.00000 10.00000 18.00000 15.00000 39.00000 13.00000 12.00000 17.00000 15.00000 23.00000 14.00000 46.00000 29.00000 9.00000 18.00000 15.00000 22.00000 13.00000 22.00000 13.00000 21.00000 7.00000 18.00000 15.00000 23.00000 12.00000 11.00000 33.00000 11.00000 23.00000 9.00000 9.00000 26.00000 5.00000 14.00000 13.00000 40.00000 0.00000 22.00000 17.00000 13.00000 40.00000 21.00000 39.00000 23.00000 16.00000 24.00000 18.00000 4.00000 24.00000 28.00000 19.00000 25.00000 27.00000 22.00000 24.00000 23.00000 13.00000 13.00000 38.00000 11.00000 23.00000 8.00000 27.00000 10.00000 48.00000 37.00000 12.00000 9.00000 17.00000 19.00000 25.00000 18.00000
21.00000 27.00000 28.00000 10.00000 20.00000 26.00000 21.00000 15.00000 24.00000 16.00000 28.00000 19.00000 11.00000 6.00000 9.00000 29.00000 11.00000 24.00000 21.00000 30.00000 5.00000 28.00000 15.00000 20.00000 7.00000 19.00000 20.00000 10.00000 7.00000 27.00000 22.00000 30.00000 23.00000 7.00000 24.00000 25.00000 9.00000 23.00000 26.00000 28.00000 24.00000 21.00000 0.00000 10.00000 19.00000 25.00000 22.00000 26.00000 6.00000 17.00000 19.00000 10.00000 20.00000 8.00000 12.00000 15.00000 11.00000 10.00000 7.00000 2.00000 7.00000 29.00000 19.00000 22.00000 26.00000 6.00000 23.00000 11.00000 21.00000 34.00000 25.00000 27.00000 24.00000 17.00000 15.00000 17.00000 21.00000
15.00000 23.00000 32.00000 15.00000 16.00000 22.00000 15.00000 9.00000 29.00000 11.00000 24.00000 12.00000 8.00000 9.00000 5.00000 34.00000 16.00000 20.00000 15.00000 27.00000 10.00000 24.00000 9.00000 14.00000 6.00000 15.00000 17.00000 4.00000 9.00000 23.00000 18.00000 32.00000 19.00000 9.00000 20.00000 21.00000 14.00000 19.00000 22.00000 24.00000 29.00000 17.00000 10.00000 0.00000 15.00000 30.00000 16.00000 30.00000 11.00000 11.00000 23.00000 4.00000 16.00000 12.00000 16.00000 9.00000 9.00000 14.00000 8.00000 12.00000 11.00000 25.00000 14.00000 27.00000 22.00000 10.00000 19.00000 15.00000 18.00000 38.00000 29.00000 23.00000 20.00000 10.00000 9.00000 21.00000 15.00000
6.00000 15.00000 43.00000 24.00000 9.00000 15.00000 6.00000 8.00000 40.00000 6.00000 13.00000 6.00000 15.00000 19.00000 15.00000 45.00000 27.00000 15.00000 7.00000 18.00000 20.00000 19.00000 13.00000 1.00000 16.00000 14.00000 23.00000 14.00000 18.00000 16.00000 5.00000 38.00000 19.00000 19.00000 12.00000 8.00000 23.00000 12.00000 21.00000 19.00000 40.00000 12.00000 21.00000 14.00000 0.00000 40.00000 9.00000 41.00000 22.00000 6.00000 30.00000 12.00000 11.00000 23.00000 27.00000 9.00000 19.00000 23.00000 17.00000 23.00000 22.00000 17.00000 2.00000 38.00000 10.00000 20.00000 14.00000 26.00000 17.00000 49.00000 40.00000 11.00000 15.00000 7.00000 10.00000 30.00000 6.00000
40.00000 47.00000 8.00000 21.00000 40.00000 45.00000 40.00000 35.00000 5.00000 36.00000 47.00000 38.00000 31.00000 25.00000 28.00000 14.00000 21.00000 44.00000 41.00000 47.00000 21.00000 47.00000 33.00000 39.00000 27.00000 38.00000 28.00000 30.00000 26.00000 46.00000 42.00000 12.00000 43.00000 26.00000 44.00000 45.00000 22.00000 42.00000 43.00000 48.00000 4.00000 41.00000 23.00000 29.00000 39.00000 0.00000 42.00000 10.00000 23.00000 37.00000 19.00000 30.00000 40.00000 20.00000 17.00000 35.00000 28.00000 22.00000 26.00000 25.00000 19.00000 47.00000 38.00000 4.00000 46.00000 25.00000 42.00000 21.00000 41.00000 14.00000 8.00000 47.00000 43.00000 36.00000 35.00000 16.00000 40.00000
5.00000 19.00000 44.00000 24.00000 17.00000 22.00000 5.00000 12.00000 41.00000 13.00000 16.00000 6.00000 20.00000 20.00000 19.00000 46.00000 28.00000 22.00000 4.00000 20.00000 22.00000 25.00000 12.00000 9.00000 18.00000 22.00000 29.00000 17.00000 20.00000 19.00000 13.00000 44.00000 27.00000 20.00000 19.00000 16.00000 24.00000 20.00000 29.00000 26.00000 41.00000 20.00000 22.00000 17.00000 9.00000 42.00000 0.00000 42.00000 23.00000 8.00000 36.00000 15.00000 19.00000 24.00000 28.00000 10.00000 19.00000 23.00000 19.00000 24.00000 24.00000 20.00000 9.00000 39.00000 14.00000 22.00000 22.00000 27.00000 25.00000 50.00000 41.00000 16.00000 21.00000 9.00000 9.00000 33.00000 5.00000
41.00000 42.00000 5.00000 24.00000 40.00000 44.00000 41.00000 36.00000 9.00000 36.00000 44.00000 39.00000 31.00000 25.00000 29.00000 15.00000 22.00000 42.00000 41.00000 43.00000 22.00000 45.00000 34.00000 40.00000 28.00000 37.00000 27.00000 30.00000 26.00000 41.00000 43.00000 7.00000 38.00000 26.00000 43.00000 46.00000 23.00000 41.00000 39.00000 45.00000 10.00000 40.00000 24.00000 30.00000 40.00000 10.00000 43.00000 0.00000 23.00000 37.00000 20.00000 30.00000 40.00000 22.00000 20.00000 35.00000 29.00000 24.00000 27.00000 25.00000 20.00000 42.00000 39.00000 10.00000 46.00000 25.00000 41.00000 22.00000 39.00000 15.00000 3.00000 47.00000 42.00000 37.00000 36.00000 16.00000 41.00000
22.00000 29.00000 25.00000 7.00000 22.00000 28.00000 22.00000 17.00000 21.00000 18.00000 29.00000 20.00000 13.00000 5.00000 11.00000 26.00000 15.00000 26.00000 23.00000 32.00000 9.00000 30.00000 15.00000 21.00000 8.00000 21.00000 22.00000 12.00000 6.00000 29.00000 24.00000 27.00000 25.00000 6.00000 26.00000 27.00000 4.00000 24.00000 27.00000 30.00000 21.00000 23.00000 5.00000 12.00000 21.00000 22.00000 24.00000 23.00000 0.00000 19.00000 22.00000 12.00000 22.00000 4.00000 9.00000 17.00000 7.00000 5.00000 7.00000 7.00000 4.00000 31.00000 20.00000 19.00000 28.00000 4.00000 25.00000 8.00000 23.00000 31.00000 22.00000 29.00000 26.00000 19.00000 17.00000 19.00000 22.00000
7.00000 19.00000 40.00000 21.00000 11.00000 17.00000 7.00000 5.00000 37.00000 7.00000 18.00000 4.00000 15.00000 16.00000 14.00000 42.00000 24.00000 18.00000 6.00000 22.00000 18.00000 21.00000 11.00000 6.00000 14.00000 17.00000 24.00000 12.00000 16.00000 18.00000 10.00000 39.00000 21.00000 16.00000 16.00000 13.00000 20.00000 14.00000 23.00000 21.00000 37.00000 15.00000 18.00000 12.00000 6.00000 38.00000 8.00000 38.00000 19.00000 0.00000 30.00000 9.00000 14.00000 20.00000 24.00000 6.00000 16.00000 20.00000 15.00000 20.00000 20.00000 20.00000 6.00000 35.00000 14.00000 17.00000 16.00000 23.00000 19.00000 46.00000 37.00000 15.00000 17.00000 3.00000 7.00000 29.00000 7.00000
32.00000 31.00000 22.00000 23.00000 25.00000 30.00000 32.00000 28.00000 19.00000 27.00000 32.00000 31.00000 21.00000 22.00000 20.00000 26.00000 14.00000 28.00000 32.00000 34.00000 14.00000 32.00000 28.00000 30.00000 21.00000 23.00000 13.00000 22.00000 22.00000 31.00000 30.00000 17.00000 27.00000 22.00000 28.00000 32.00000 22.00000 27.00000 28.00000 32.00000 20.00000 25.00000 19.00000 22.00000 30.00000 19.00000 35.00000 20.00000 22.00000 30.00000 0.00000 23.00000 26.00000 21.00000 20.00000 28.00000 27.00000 23.00000 22.00000 21.00000 20.00000 33.00000 29.00000 18.00000 33.00000 22.00000 27.00000 22.00000 25.00000 28.00000 19.00000 33.00000 28.00000 30.00000 28.00000 5.00000 32.00000
13.00000 24.00000 33.00000 14.00000 16.00000 22.00000 13.00000 7.00000 30.00000 10.00000 23.00000 10.00000 10.00000 8.00000 7.00000 35.00000 17.00000 21.00000 12.00000 27.00000 10.00000 24.00000 8.00000 12.00000 6.00000 15.00000 18.00000 5.00000 8.00000 24.00000 16.00000 33.00000 20.00000 8.00000 21.00000 19.00000 12.00000 19.00000 22.00000 25.00000 29.00000 18.00000 11.00000 4.00000 12.00000 30.00000 14.00000 31.00000 11.00000 8.00000 24.00000 0.00000 17.00000 13.00000 17.00000 7.00000 8.00000 13.00000 7.00000 12.00000 12.00000 25.00000 12.00000 27.00000 20.00000 9.00000 19.00000 16.00000 18.00000 39.00000 30.00000 21.00000 20.00000 8.00000 7.00000 22.00000 13.00000
16.00000 12.00000 41.00000 28.00000 3.00000 10.00000 16.00000 14.00000 41.00000 11.00000 12.00000 15.00000 15.00000 23.00000 15.00000 47.00000 29.00000 9.00000 17.00000 15.00000 23.00000 12.00000 22.00000 11.00000 21.00000 9.00000 19.00000 16.00000 23.00000 12.00000 9.00000 34.00000 13.00000 23.00000 9.00000 8.00000 26.00000 5.00000 16.00000 13.00000 41.00000 4.00000 23.00000 18.00000 11.00000 41.00000 19.00000 41.00000 24.00000 15.00000 26.00000 18.00000 0.00000 25.00000 29.00000 17.00000 25.00000 27.00000 23.00000 25.00000 24.00000 13.00000 12.00000 39.00000 9.00000 23.00000 7.00000 28.00000 12.00000 49.00000 39.00000 10.00000 8.00000 16.00000 18.00000 26.00000 16.00000
23.00000 30.00000 24.00000 5.00000 23.00000 29.00000 23.00000 18.00000 21.00000 19.00000 30.00000 21.00000 14.00000 7.00000 12.00000 26.00000 15.00000 27.00000 24.00000 33.00000 10.00000 31.00000 15.00000 22.00000 10.00000 21.00000 23.00000 13.00000 8.00000 30.00000 25.00000 26.00000 26.00000 7.00000 27.00000 28.00000 4.00000 25.00000 28.00000 31.00000 21.00000 24.00000 6.00000 13.00000 22.00000 21.00000 25.00000 22.00000 4.00000 20.00000 21.00000 13.00000 23.00000 0.00000 8.00000 18.00000 9.00000 5.00000 9.00000 8.00000 3.00000 32.00000 21.00000 18.00000 29.00000 6.00000 26.00000 7.00000 24.00000 30.00000 21.00000 30.00000 27.00000 20.00000 18.00000 18.00000 23.00000
28.00000 35.00000 21.00000 9.00000 27.00000 33.00000 28.00000 23.00000 15.00000 23.00000 35.00000 26.00000 18.00000 12.00000 16.00000 20.00000 14.00000 32.00000 28.00000 38.00000 14.00000 35.00000 21.00000 27.00000 15.00000 26.00000 28.00000 17.00000 13.00000 35.00000 30.00000 23.00000 31.00000 13.00000 32.00000 32.00000 9.00000 30.00000 33.00000 36.00000 15.00000 29.00000 11.00000 17.00000 26.00000 16.00000 30.00000 19.00000 10.00000 24.00000 20.00000 17.00000 28.00000 8.00000 0.00000 22.00000 16.00000 10.00000 14.00000 12.00000 7.00000 36.00000 26.00000 13.00000 33.00000 12.00000 30.00000 7.00000 29.00000 27.00000 18.00000 35.00000 31.00000 24.00000 23.00000 16.00000 28.00000
9.00000 22.00000 37.00000 17.00000 15.00000 20.00000 9.00000 5.00000 34.00000 8.00000 19.00000 6.00000 15.00000 13.00000 12.00000 39.00000 21.00000 21.00000 7.00000 23.00000 15.00000 24.00000 7.00000 8.00000 11.00000 18.00000 24.00000 10.00000 13.00000 22.00000 12.00000 38.00000 22.00000 13.00000 19.00000 15.00000 17.00000 18.00000 25.00000 25.00000 34.00000 18.00000 15.00000 9.00000 8.00000 35.00000 9.00000 35.00000 16.00000 5.00000 29.00000 7.00000 17.00000 17.00000 21.00000 0.00000 12.00000 16.00000 12.00000 17.00000 17.00000 23.00000 8.00000 32.00000 17.00000 15.00000 19.00000 20.00000 21.00000 43.00000 34.00000 18.00000 21.00000 3.00000 3.00000 26.00000 9.00000
19.00000 31.00000 31.00000 8.00000 23.00000 29.00000 19.00000 14.00000 28.00000 17.00000 28.00000 15.00000 15.00000 6.00000 13.00000 33.00000 19.00000 28.00000 18.00000 33.00000 13.00000 31.00000 10.00000 19.00000 8.00000 22.00000 24.00000 13.00000 6.00000 31.00000 22.00000 33.00000 27.00000 6.00000 28.00000 26.00000 8.00000 26.00000 29.00000 32.00000 28.00000 25.00000 12.00000 11.00000 19.00000 29.00000 19.00000 29.00000 9.00000 16.00000 27.00000 8.00000 24.00000 10.00000 15.00000 12.00000 0.00000 7.00000 7.00000 13.00000 11.00000 32.00000 18.00000 26.00000 27.00000 8.00000 26.00000 11.00000 25.00000 37.00000 28.00000 28.00000 28.00000 15.00000 12.00000 24.00000 19.00000
22.00000 33.00000 26.00000 3.00000 26.00000 32.00000 22.00000 17.00000 23.00000 20.00000 32.00000 19.00000 17.00000 7.00000 15.00000 28.00000 17.00000 30.00000 21.00000 36.00000 13.00000 34.00000 12.00000 22.00000 11.00000 25.00000 26.00000 16.00000 7.00000 33.00000 26.00000 28.00000 29.00000 7.00000 30.00000 29.00000 2.00000 28.00000 31.00000 34.00000 23.00000 27.00000 9.00000 15.00000 22.00000 23.00000 22.00000 24.00000 5.00000 19.00000 23.00000 11.00000 26.00000 5.00000 10.00000 15.00000 8.00000 0.00000 8.00000 11.00000 5.00000 35.00000 22.00000 20.00000 30.00000 6.00000 29.00000 7.00000 27.00000 32.00000 23.00000 31.00000 30.00000 18.00000 15.00000 20.00000 22.00000
18.00000 29.00000 30.00000 10.00000 21.00000 27.00000 18.00000 12.00000 26.00000 15.00000 29.00000 16.00000 12.00000 3.00000 10.00000 31.00000 14.00000 26.00000 18.00000 32.00000 8.00000 29.00000 11.00000 18.00000 5.00000 20.00000 21.00000 11.00000 2.00000 29.00000 21.00000 32.00000 24.00000 2.00000 25.00000 24.00000 7.00000 24.00000 27.00000 29.00000 26.00000 22.00000 7.00000 8.00000 18.00000 27.00000 19.00000 28.00000 7.00000 14.00000 21.00000 7.00000 22.00000 9.00000 13.00000 12.00000 7.00000 8.00000 0.00000 8.00000 9.00000 30.00000 17.00000 24.00000 25.00000 5.00000 24.00000 12.00000 23.00000 36.00000 27.00000 27.00000 25.00000 14.00000 12.00000 19.00000 18.00000
22.00000 29.00000 29.00000 12.00000 21.00000 27.00000 22.00000 17.00000 26.00000 18.00000 29.00000 20.00000 12.00000 8.00000 10.00000 31.00000 13.00000 26.00000 23.00000 32.00000 7.00000 30.00000 17.00000 21.00000 9.00000 20.00000 22.00000 11.00000 9.00000 29.00000 24.00000 32.00000 25.00000 9.00000 26.00000 27.00000 11.00000 24.00000 27.00000 30.00000 26.00000 23.00000 2.00000 11.00000 21.00000 27.00000 24.00000 28.00000 8.00000 19.00000 21.00000 12.00000 22.00000 9.00000 13.00000 17.00000 13.00000 12.00000 9.00000 0.00000 8.00000 30.00000 20.00000 24.00000 28.00000 8.00000 25.00000 12.00000 23.00000 35.00000 26.00000 29.00000 26.00000 18.00000 17.00000 18.00000 22.00000
24.00000 30.00000 23.00000 4.00000 23.00000 29.00000 24.00000 18.00000 18.00000 19.00000 31.00000 22.00000 14.00000 8.00000 12.00000 23.00000 14.00000 27.00000 24.00000 34.00000 10.00000 31.00000 16.00000 23.00000 10.00000 22.00000 23.00000 13.00000 9.00000 30.00000 25.00000 25.00000 26.00000 9.00000 27.00000 28.00000 4.00000 26.00000 29.00000 31.00000 18.00000 24.00000 7.00000 13.00000 22.00000 19.00000 25.00000 21.00000 6.00000 20.00000 20.00000 13.00000 23.00000 3.00000 5.00000 18.00000 11.00000 5.00000 10.00000 8.00000 0.00000 32.00000 22.00000 16.00000 29.00000 8.00000 26.00000 4.00000 25.00000 29.00000 20.00000 30.00000 27.00000 20.00000 18.00000 17.00000 24.00000
22.00000 4.00000 44.00000 35.00000 14.00000 9.00000 22.00000 20.00000 47.00000 18.00000 5.00000 21.00000 23.00000 31.00000 22.00000 53.00000 37.00000 7.00000 23.00000 5.00000 30.00000 10.00000 27.00000 18.00000 29.00000 14.00000 26.00000 23.00000 31.00000 2.00000 15.00000 37.00000 13.00000 31.00000 8.00000 11.00000 34.00000 10.00000 17.00000 11.00000 48.00000 14.00000 31.00000 25.00000 17.00000 48.00000 23.00000 44.00000 31.00000 21.00000 33.00000 25.00000 14.00000 32.00000 36.00000 23.00000 32.00000 35.00000 30.00000 32.00000 32.00000 0.00000 18.00000 46.00000 10.00000 31.00000 7.00000 36.00000 13.00000 53.00000 42.00000 10.00000 6.00000 22.00000 24.00000 33.00000 22.00000
6.00000 17.00000 42.00000 23.00000 10.00000 16.00000 6.00000 7.00000 39.00000 6.00000 15.00000 5.00000 16.00000 17.00000 16.00000 44.00000 26.00000 16.00000 6.00000 19.00000 19.00000 20.00000 13.00000 2.00000 15.00000 15.00000 25.00000 14.00000 17.00000 17.00000 6.00000 39.00000 20.00000 17.00000 14.00000 10.00000 22.00000 13.00000 22.00000 20.00000 38.00000 14.00000 20.00000 13.00000 2.00000 39.00000 9.00000 40.00000 21.00000 5.00000 31.00000 11.00000 12.00000 22.00000 26.00000 8.00000 18.00000 22.00000 16.00000 21.00000 21.00000 18.00000 0.00000 36.00000 11.00000 19.00000 15.00000 25.00000 18.00000 48.00000 39.00000 13.00000 16.00000 6.00000 9.00000 31.00000 6.00000
37.00000 44.00000 9.00000 18.00000 37.00000 43.00000 37.00000 32.00000 4.00000 33.00000 45.00000 35.00000 28.00000 22.00000 26.00000 10.00000 19.00000 41.00000 38.00000 47.00000 19.00000 45.00000 30.00000 36.00000 24.00000 36.00000 26.00000 27.00000 23.00000 44.00000 39.00000 12.00000 40.00000 23.00000 41.00000 42.00000 19.00000 39.00000 42.00000 45.00000 3.00000 38.00000 20.00000 27.00000 36.00000 4.00000 39.00000 10.00000 20.00000 34.00000 18.00000 27.00000 37.00000 17.00000 14.00000 32.00000 25.00000 19.00000 24.00000 22.00000 16.00000 46.00000 35.00000 0.00000 43.00000 22.00000 40.00000 17.00000 38.00000 15.00000 9.00000 44.00000 41.00000 34.00000 32.00000 14.00000 37.00000
14.00000 8.00000 47.00000 31.00000 9.00000 11.00000 14.00000 14.00000 46.00000 12.00000 5.00000 14.00000 21.00000 26.00000 21.00000 51.00000 34.00000 12.00000 15.00000 9.00000 28.00000 15.00000 21.00000 12.00000 23.00000 14.00000 26.00000 21.00000 26.00000 8.00000 7.00000 41.00000 16.00000 26.00000 8.00000 3.00000 30.00000 10.00000 18.00000 15.00000 46.00000 11.00000 28.00000 21.00000 11.00000 47.00000 17.00000 47.00000 29.00000 15.00000 32.00000 19.00000 10.00000 30.00000 34.00000 18.00000 26.00000 30.00000 25.00000 29.00000 29.00000 9.00000 12.00000 44.00000 0.00000 27.00000 10.00000 33.00000 14.00000 56.00000 45.00000 2.00000 11.00000 16.00000 18.00000 33.00000 14.00000
21.00000 29.00000 28.00000 9.00000 21.00000 27.00000 21.00000 15.00000 24.00000 17.00000 29.00000 18.00000 12.00000 3.00000 10.00000 29.00000 14.00000 26.00000 21.00000 32.00000 8.00000 29.00000 14.00000 20.00000 6.00000 20.00000 22.00000 11.00000 4.00000 29.00000 24.00000 30.00000 25.00000 4.00000 26.00000 27.00000 6.00000 24.00000 27.00000 30.00000 24.00000 23.00000 5.00000 10.00000 20.00000 25.00000 22.00000 26.00000 4.00000 17.00000 22.00000 10.00000 22.00000 6.00000 11.00000 15.00000 8.00000 7.00000 5.00000 7.00000 7.00000 30.00000 20.00000 22.00000 28.00000 0.00000 24.00000 10.00000 23.00000 34.00000 25.00000 29.00000 25.00000 16.00000 15.00000 19.00000 21.00000
19.00000 6.00000 42.00000 30.00000 10.00000 4.00000 19.00000 17.00000 42.00000 14.00000 8.00000 18.00000 18.00000 25.00000 17.00000 49.00000 31.00000 3.00000 19.00000 8.00000 25.00000 7.00000 25.00000 14.00000 24.00000 9.00000 21.00000 18.00000 25.00000 5.00000 12.00000 36.00000 7.00000 25.00000 5.00000 9.00000 28.00000 5.00000 11.00000 7.00000 43.00000 9.00000 25.00000 20.00000 14.00000 42.00000 22.00000 42.00000 26.00000 17.00000 27.00000 21.00000 9.00000 27.00000 31.00000 20.00000 27.00000 29.00000 25.00000 27.00000 26.00000 7.00000 15.00000 41.00000 10.00000 26.00000 0.00000 30.00000 6.00000 51.00000 40.00000 10.00000 3.00000 18.00000 21.00000 28.00000 19.00000
26.00000 33.00000 24.00000 4.00000 26.00000 32.00000 26.00000 21.00000 19.00000 22.00000 34.00000 23.00000 17.00000 11.00000 15.00000 24.00000 16.00000 30.00000 25.00000 36.00000 13.00000 34.00000 16.00000 25.00000 13.00000 25.00000 26.00000 16.00000 12.00000 33.00000 28.00000 26.00000 29.00000 12.00000 30.00000 31.00000 8.00000 29.00000 32.00000 34.00000 19.00000 27.00000 9.00000 16.00000 25.00000 20.00000 26.00000 22.00000 9.00000 23.00000 22.00000 16.00000 26.00000 6.00000 7.00000 19.00000 12.00000 7.00000 13.00000 11.00000 5.00000 35.00000 24.00000 17.00000 32.00000 11.00000 29.00000 0.00000 27.00000 30.00000 21.00000 33.00000 30.00000 22.00000 19.00000 18.00000 26.00000
20.00000 11.00000 39.00000 28.00000 12.00000 9.00000 20.00000 17.00000 40.00000 16.00000 13.00000 20.00000 16.00000 23.00000 15.00000 47.00000 29.00000 7.00000 21.00000 14.00000 23.00000 11.00000 23.00000 18.00000 22.00000 7.00000 19.00000 16.00000 23.00000 11.00000 15.00000 32.00000 6.00000 24.00000 9.00000 13.00000 27.00000 8.00000 8.00000 10.00000 41.00000 10.00000 23.00000 18.00000 18.00000 40.00000 24.00000 39.00000 24.00000 20.00000 25.00000 19.00000 11.00000 25.00000 29.00000 20.00000 25.00000 27.00000 23.00000 25.00000 24.00000 12.00000 18.00000 39.00000 14.00000 24.00000 6.00000 28.00000 0.00000 48.00000 37.00000 14.00000 7.00000 20.00000 20.00000 26.00000 20.00000
48.00000 52.00000 13.00000 31.00000 48.00000 53.00000 48.00000 43.00000 13.00000 44.00000 54.00000 46.00000 39.00000 33.00000 36.00000 16.00000 29.00000 52.00000 49.00000 53.00000 29.00000 55.00000 42.00000 47.00000 35.00000 46.00000 36.00000 38.00000 34.00000 51.00000 50.00000 17.00000 48.00000 34.00000 52.00000 53.00000 31.00000 50.00000 49.00000 55.00000 15.00000 49.00000 31.00000 37.00000 47.00000 14.00000 50.00000 15.00000 31.00000 45.00000 27.00000 38.00000 48.00000 29.00000 28.00000 43.00000 36.00000 31.00000 34.00000 33.00000 28.00000 52.00000 46.00000 15.00000 54.00000 33.00000 50.00000 30.00000 48.00000 0.00000 16.00000 55.00000 51.00000 44.00000 43.00000 24.00000 48.00000
39.00000 40.00000 6.00000 22.00000 38.00000 43.00000 39.00000 34.00000 8.00000 35.00000 43.00000 37.00000 30.00000 24.00000 27.00000 16.00000 20.00000 40.00000 40.00000 41.00000 20.00000 44.00000 33.00000 38.00000 26.00000 36.00000 26.00000 29.00000 25.00000 40.00000 41.00000 6.00000 37.00000 25.00000 41.00000 44.00000 22.00000 39.00000 38.00000 43.00000 9.00000 38.00000 22.00000 29.00000 38.00000 8.00000 41.00000 3.00000 22.00000 36.00000 18.00000 29.00000 39.00000 20.00000 19.00000 34.00000 27.00000 22.00000 26.00000 24.00000 19.00000 41.00000 37.00000 9.00000 45.00000 24.00000 40.00000 21.00000 37.00000 16.00000 0.00000 46.00000 41.00000 35.00000 34.00000 15.00000 39.00000
15.00000 9.00000 47.00000 32.00000 10.00000 11.00000 15.00000 15.00000 47.00000 13.00000 6.00000 15.00000 23.00000 27.00000 22.00000 53.00000 35.00000 12.00000 16.00000 10.00000 29.00000 15.00000 22.00000 13.00000 24.00000 14.00000 26.00000 22.00000 27.00000 9.00000 8.00000 41.00000 16.00000 27.00000 8.00000 4.00000 31.00000 10.00000 18.00000 16.00000 47.00000 12.00000 29.00000 23.00000 12.00000 47.00000 19.00000 47.00000 30.00000 16.00000 32.00000 20.00000 11.00000 31.00000 35.00000 19.00000 27.00000 31.00000 26.00000 31.00000 30.00000 10.00000 13.00000 45.00000 2.00000 28.00000 10.00000 34.00000 14.00000 56.00000 45.00000 0.00000 11.00000 17.00000 19.00000 33.00000 15.00000
19.00000 5.00000 42.00000 30.00000 10.00000 5.00000 19.00000 17.00000 43.00000 15.00000 7.00000 18.00000 18.00000 26.00000 18.00000 49.00000 32.00000 1.00000 20.00000 7.00000 26.00000 5.00000 25.00000 15.00000 25.00000 9.00000 21.00000 18.00000 26.00000 4.00000 12.00000 36.00000 8.00000 26.00000 6.00000 10.00000 29.00000 5.00000 12.00000 5.00000 43.00000 9.00000 26.00000 20.00000 14.00000 43.00000 22.00000 42.00000 26.00000 18.00000 28.00000 21.00000 9.00000 28.00000 31.00000 21.00000 28.00000 30.00000 26.00000 27.00000 27.00000 6.00000 15.00000 41.00000 11.00000 26.00000 2.00000 31.00000 7.00000 51.00000 40.00000 11.00000 0.00000 19.00000 22.00000 28.00000 19.00000
7.00000 20.00000 40.00000 21.00000 12.00000 18.00000 7.00000 5.00000 37.00000 7.00000 18.00000 5.00000 15.00000 15.00000 14.00000 42.00000 24.00000 18.00000 6.00000 22.00000 17.00000 22.00000 11.00000 7.00000 13.00000 17.00000 24.00000 12.00000 15.00000 19.00000 10.00000 39.00000 21.00000 15.00000 17.00000 14.00000 20.00000 15.00000 24.00000 22.00000 36.00000 16.00000 18.00000 11.00000 7.00000 37.00000 9.00000 38.00000 19.00000 3.00000 30.00000 9.00000 14.00000 20.00000 24.00000 6.00000 16.00000 20.00000 14.00000 19.00000 19.00000 21.00000 6.00000 34.00000 15.00000 17.00000 17.00000 23.00000 20.00000 46.00000 37.00000 16.00000 18.00000 0.00000 7.00000 29.00000 7.00000
9.00000 22.00000 36.00000 16.00000 16.00000 22.00000 9.00000 7.00000 33.00000 10.00000 19.00000 5.00000 15.00000 12.00000 12.00000 38.00000 20.00000 22.00000 8.00000 23.00000 14.00000 26.00000 6.00000 9.00000 10.00000 18.00000 23.00000 10.00000 12.00000 22.00000 13.00000 38.00000 22.00000 12.00000 20.00000 16.00000 16.00000 19.00000 25.00000 26.00000 33.00000 19.00000 14.00000 9.00000 9.00000 34.00000 9.00000 34.00000 15.00000 6.00000 28.00000 7.00000 18.00000 16.00000 20.00000 2.00000 11.00000 15.00000 11.00000 16.00000 16.00000 23.00000 9.00000 31.00000 17.00000 14.00000 21.00000 19.00000 20.00000 42.00000 33.00000 18.00000 22.00000 5.00000 0.00000 25.00000 9.00000
32.00000 32.00000 18.00000 19.00000 26.00000 30.00000 32.00000 26.00000 15.00000 27.00000 32.00000 29.00000 21.00000 19.00000 20.00000 22.00000 12.00000 29.00000 32.00000 35.00000 12.00000 32.00000 26.00000 31.00000 18.00000 23.00000 13.00000 21.00000 19.00000 32.00000 30.00000 15.00000 28.00000 19.00000 29.00000 32.00000 19.00000 27.00000 29.00000 33.00000 16.00000 26.00000 17.00000 20.00000 30.00000 16.00000 33.00000 16.00000 19.00000 28.00000 4.00000 21.00000 26.00000 17.00000 16.00000 26.00000 24.00000 19.00000 19.00000 18.00000 16.00000 33.00000 30.00000 14.00000 33.00000 20.00000 27.00000 18.00000 26.00000 24.00000 15.00000 33.00000 28.00000 27.00000 26.00000 0.00000 32.00000
0.00000 19.00000 44.00000 23.00000 14.00000 19.00000 0.00000 9.00000 40.00000 10.00000 16.00000 4.00000 17.00000 19.00000 16.00000 45.00000 28.00000 20.00000 3.00000 20.00000 21.00000 24.00000 12.00000 6.00000 17.00000 19.00000 26.00000 14.00000 19.00000 19.00000 9.00000 41.00000 24.00000 19.00000 17.00000 13.00000 23.00000 17.00000 26.00000 24.00000 40.00000 17.00000 22.00000 15.00000 6.00000 41.00000 5.00000 42.00000 22.00000 6.00000 32.00000 13.00000 16.00000 23.00000 27.00000 10.00000 19.00000 22.00000 18.00000 23.00000 23.00000 20.00000 6.00000 38.00000 15.00000 21.00000 19.00000 26.00000 22.00000 50.00000 41.00000 16.00000 20.00000 7.00000 9.00000 33.00000 0.00000
p
0.0 0.0 0.0 0.0 0.0 0.0 
0.0 0.0 0.0 0.0 0.0 0.0 
0.0 0.0 0.0 0.0 0.0 0.0 
0.0 0.0 0.0 0.0 0.0 0.0 
0.0 0.0 0.0 0.0 0.0 0.0 
0.0 0.0 0.0 0.0 0.0 0.0 
0.0 0.0 0.0 0.0 0.0 0.0 
0.0 0.0 0.0 0.0 0.0 0.0 
0.0 0.0 0.0 0.0 0.0 0.0 
0.0 0.0 0.0 0.0 0.0 0.0 
0.0 0.0 0.0 0.0 0.0 0.0 
0.0 0.0 0.0 0.0 0.0 0.0 
0.0 0.0 0.0 0.0 0.0 0.0 
0.0 0.0 0.0 0.0 0.0 0.0 
0.0 0.0 0.0 0.0 0.0 0.0 
0 0 0 35 0 0 
0 0 0 35 0 0 
0 0 0 35 0 0 
0 0 0 35 0 0 
0 0 0 35 0 0 
0 0 0 35 0 0 
0 0 0 35 0 0 
0 0 0 35 0 0 
0 0 0 35 0 0 
0 0 0 35 0 0 
0 0 0 35 0 0 
0 0 0 35 0 0 
0 0 0 35 0 0 
0 0 0 35 0 0 
0 0 0 35 0 0 
0 26 0 0 0 0 
0 26 0 0 0 0 
0 26 0 0 0 0 
0 26 0 0 0 0 
0 26 0 0 0 0 
0 26 0 0 0 0 
0 26 0 0 0 0 
0 26 0 0 0 0 
0 26 0 0 0 0 
0 26 0 0 0 0 
0 26 0 0 0 0 
0 26 0 0 0 0 
0 26 0 0 0 0 
0 26 0 0 0 0 
0 26 0 0 0 0 
0 0 0 0 0 27 
0 0 0 0 0 27 
0 0 0 0 0 27 
0 0 0 0 0 27 
0 0 0 0 0 27 
0 0 0 0 0 27 
0 0 0 0 0 27 
0 0 0 0 0 27 
0 0 0 0 0 27 
0 0 0 0 0 27 
0 0 0 0 0 27 
0 0 0 0 0 27 
0 0 0 0 0 27 
0 0 0 0 0 27 
0 0 0 0 0 27 
0 0 30 16 0 0 
0 0 30 16 0 0 
0 0 30 16 0 0 
0 0 30 16 0 0 
0 0 30 16 0 0 
0 0 30 16 0 0 
0 0 30 16 0 0 
0 0 30 16 0 0 
0 0 30 16 0 0 
0 0 30 16 0 0 
0 0 30 16 0 0 
0 0 30 16 0 0 
0 0 30 16 0 0 
0 0 30 16 0 0 
0 0 30 16 0 0 
0 0 16 0 0 0 
0 0 16 0 0 0 
0 0 16 0 0 0 
0 0 16 0 0 0 
0 0 16 0 0 0 
0 0 16 0 0 0 
0 0 16 0 0 0 
0 0 16 0 0 0 
0 0 16 0 0 0 
0 0 16 0 0 0 
0 0 16 0 0 0 
0 0 16 0 0 0 
0 0 16 0 0 0 
0 0 16 0 0 0 
0 0 16 0 0 0 
46 0 0 0 0 0 
46 0 0 0 0 0 
46 0 0 0 0 0 
46 0 0 0 0 0 
46 0 0 0 0 0 
46 0 0 0 0 0 
46 0 0 0 0 0 
46 0 0 0 0 0 
46 0 0 0 0 0 
46 0 0 0 0 0 
46 0 0 0 0 0 
46 0 0 0 0 0 
46 0 0 0 0 0 
46 0 0 0 0 0 
46 0 0 0 0 0 
0 0 0 26 0 0 
0 0 0 26 0 0 
0 0 0 26 0 0 
0 0 0 26 0 0 
0 0 0 26 0 0 
0 0 0 26 0 0 
0 0 0 26 0 0 
0 0 0 26 0 0 
0 0 0 26 0 0 
0 0 0 26 0 0 
0 0 0 26 0 0 
0 0 0 26 0 0 
0 0 0 26 0 0 
0 0 0 26 0 0 
0 0 0 26 0 0 
0 45 0 22 0 0 
0 45 0 22 0 0 
0 45 0 22 0 0 
0 45 0 22 0 0 
0 45 0 22 0 0 
0 45 0 22 0 0 
0 45 0 22 0 0 
0 45 0 22 0 0 
0 45 0 22 0 0 
0 45 0 22 0 0 
0 45 0 22 0 0 
0 45 0 22 0 0 
0 45 0 22 0 0 
0 45 0 22 0 0 
0 45 0 22 0 0 
0 0 0 0 46 0 
0 0 0 0 46 0 
0 0 0 0 46 0 
0 0 0 0 46 0 
0 0 0 0 46 0 
0 0 0 0 46 0 
0 0 0 0 46 0 
0 0 0 0 46 0 
0 0 0 0 46 0 
0 0 0 0 46 0 
0 0 0 0 46 0 
0 0 0 0 46 0 
0 0 0 0 46 0 
0 0 0 0 46 0 
0 0 0 0 46 0 
27 0 0 0 0 0 
27 0 0 0 0 0 
27 0 0 0 0 0 
27 0 0 0 0 0 
27 0 0 0 0 0 
27 0 0 0 0 0 
27 0 0 0 0 0 
27 0 0 0 0 0 
27 0 0 0 0 0 
27 0 0 0 0 0 
27 0 0 0 0 0 
27 0 0 0 0 0 
27 0 0 0 0 0 
27 0 0 0 0 0 
27 0 0 0 0 0 
0 0 33 0 0 0 
0 0 33 0 0 0 
0 0 33 0 0 0 
0 0 33 0 0 0 
0 0 33 0 0 0 
0 0 33 0 0 0 
0 0 33 0 0 0 
0 0 33 0 0 0 
0 0 33 0 0 0 
0 0 33 0 0 0 
0 0 33 0 0 0 
0 0 33 0 0 0 
0 0 33 0 0 0 
0 0 33 0 0 0 
0 0 33 0 0 0 
20 0 0 17 0 0 
20 0 0 17 0 0 
20 0 0 17 0 0 
20 0 0 17 0 0 
20 0 0 17 0 0 
20 0 0 17 0 0 
20 0 0 17 0 0 
20 0 0 17 0 0 
20 0 0 17 0 0 
20 0 0 17 0 0 
20 0 0 17 0 0 
20 0 0 17 0 0 
20 0 0 17 0 0 
20 0 0 17 0 0 
20 0 0 17 0 0 
40 0 0 0 0 0 
40 0 0 0 0 0 
40 0 0 0 0 0 
40 0 0 0 0 0 
40 0 0 0 0 0 
40 0 0 0 0 0 
40 0 0 0 0 0 
40 0 0 0 0 0 
40 0 0 0 0 0 
40 0 0 0 0 0 
40 0 0 0 0 0 
40 0 0 0 0 0 
40 0 0 0 0 0 
40 0 0 0 0 0 
40 0 0 0 0 0 
26 0 0 0 0 0 
26 0 0 0 0 0 
26 0 0 0 0 0 
26 0 0 0 0 0 
26 0 0 0 0 0 
26 0 0 0 0 0 
26 0 0 0 0 0 
26 0 0 0 0 0 
26 0 0 0 0 0 
26 0 0 0 0 0 
26 0 0 0 0 0 
26 0 0 0 0 0 
26 0 0 0 0 0 
26 0 0 0 0 0 
26 0 0 0 0 0 
0 55 0 0 40 0 
0 55 0 0 40 0 
0 55 0 0 40 0 
0 55 0 0 40 0 
0 55 0 0 40 0 
0 55 0 0 40 0 
0 55 0 0 40 0 
0 55 0 0 40 0 
0 55 0 0 40 0 
0 55 0 0 40 0 
0 55 0 0 40 0 
0 55 0 0 40 0 
0 55 0 0 40 0 
0 55 0 0 40 0 
0 55 0 0 40 0 
0 0 16 0 0 0 
0 0 16 0 0 0 
0 0 16 0 0 0 
0 0 16 0 0 0 
0 0 16 0 0 0 
0 0 16 0 0 0 
0 0 16 0 0 0 
0 0 16 0 0 0 
0 0 16 0 0 0 
0 0 16 0 0 0 
0 0 16 0 0 0 
0 0 16 0 0 0 
0 0 16 0 0 0 
0 0 16 0 0 0 
0 0 16 0 0 0 
0 0 49 0 0 0 
0 0 49 0 0 0 
0 0 49 0 0 0 
0 0 49 0 0 0 
0 0 49 0 0 0 
0 0 49 0 0 0 
0 0 49 0 0 0 
0 0 49 0 0 0 
0 0 49 0 0 0 
0 0 49 0 0 0 
0 0 49 0 0 0 
0 0 49 0 0 0 
0 0 49 0 0 0 
0 0 49 0 0 0 
0 0 49 0 0 0 
0 0 0 0 54 0 
0 0 0 0 54 0 
0 0 0 0 54 0 
0 0 0 0 54 0 
0 0 0 0 54 0 
0 0 0 0 54 0 
0 0 0 0 54 0 
0 0 0 0 54 0 
0 0 0 0 54 0 
0 0 0 0 54 0 
0 0 0 0 54 0 
0 0 0 0 54 0 
0 0 0 0 54 0 
0 0 0 0 54 0 
0 0 0 0 54 0 
0 0 0 0 0 24 
0 0 0 0 0 24 
0 0 0 0 0 24 
0 0 0 0 0 24 
0 0 0 0 0 24 
0 0 0 0 0 24 
0 0 0 0 0 24 
0 0 0 0 0 24 
0 0 0 0 0 24 
0 0 0 0 0 24 
0 0 0 0 0 24 
0 0 0 0 0 24 
0 0 0 0 0 24 
0 0 0 0 0 24 
0 0 0 0 0 24 
19 0 0 0 0 0 
19 0 0 0 0 0 
19 0 0 0 0 0 
19 0 0 0 0 0 
19 0 0 0 0 0 
19 0 0 0 0 0 
19 0 0 0 0 0 
19 0 0 0 0 0 
19 0 0 0 0 0 
19 0 0 0 0 0 
19 0 0 0 0 0 
19 0 0 0 0 0 
19 0 0 0 0 0 
19 0 0 0 0 0 
19 0 0 0 0 0 
0 0 0 28 0 0 
0 0 0 28 0 0 
0 0 0 28 0 0 
0 0 0 28 0 0 
0 0 0 28 0 0 
0 0 0 28 0 0 
0 0 0 28 0 0 
0 0 0 28 0 0 
0 0 0 28 0 0 
0 0 0 28 0 0 
0 0 0 28 0 0 
0 0 0 28 0 0 
0 0 0 28 0 0 
0 0 0 28 0 0 
0 0 0 28 0 0 
0 30 0 0 0 0 
0 30 0 0 0 0 
0 30 0 0 0 0 
0 30 0 0 0 0 
0 30 0 0 0 0 
0 30 0 0 0 0 
0 30 0 0 0 0 
0 30 0 0 0 0 
0 30 0 0 0 0 
0 30 0 0 0 0 
0 30 0 0 0 0 
0 30 0 0 0 0 
0 30 0 0 0 0 
0 30 0 0 0 0 
0 30 0 0 0 0 
0 0 0 59 0 0 
0 0 0 59 0 0 
0 0 0 59 0 0 
0 0 0 59 0 0 
0 0 0 59 0 0 
0 0 0 59 0 0 
0 0 0 59 0 0 
0 0 0 59 0 0 
0 0 0 59 0 0 
0 0 0 59 0 0 
0 0 0 59 0 0 
0 0 0 59 0 0 
0 0 0 59 0 0 
0 0 0 59 0 0 
0 0 0 59 0 0 
0 0 46 0 0 0 
0 0 46 0 0 0 
0 0 46 0 0 0 
0 0 46 0 0 0 
0 0 46 0 0 0 
0 0 46 0 0 0 
0 0 46 0 0 0 
0 0 46 0 0 0 
0 0 46 0 0 0 
0 0 46 0 0 0 
0 0 46 0 0 0 
0 0 46 0 0 0 
0 0 46 0 0 0 
0 0 46 0 0 0 
0 0 46 0 0 0 
0 0 0 0 56 0 
0 0 0 0 56 0 
0 0 0 0 56 0 
0 0 0 0 56 0 
0 0 0 0 56 0 
0 0 0 0 56 0 
0 0 0 0 56 0 
0 0 0 0 56 0 
0 0 0 0 56 0 
0 0 0 0 56 0 
0 0 0 0 56 0 
0 0 0 0 56 0 
0 0 0 0 56 0 
0 0 0 0 56 0 
0 0 0 0 56 0 
0 0 45 0 0 0 
0 0 45 0 0 0 
0 0 45 0 0 0 
0 0 45 0 0 0 
0 0 45 0 0 0 
0 0 45 0 0 0 
0 0 45 0 0 0 
0 0 45 0 0 0 
0 0 45 0 0 0 
0 0 45 0 0 0 
0 0 45 0 0 0 
0 0 45 0 0 0 
0 0 45 0 0 0 
0 0 45 0 0 0 
0 0 45 0 0 0 
0 0 51 0 57 0 
0 0 51 0 57 0 
0 0 51 0 57 0 
0 0 51 0 57 0 
0 0 51 0 57 0 
0 0 51 0 57 0 
0 0 51 0 57 0 
0 0 51 0 57 0 
0 0 51 0 57 0 
0 0 51 0 57 0 
0 0 51 0 57 0 
0 0 51 0 57 0 
0 0 51 0 57 0 
0 0 51 0 57 0 
0 0 51 0 57 0 
0 51 0 0 0 0 
0 51 0 0 0 0 
0 51 0 0 0 0 
0 51 0 0 0 0 
0 51 0 0 0 0 
0 51 0 0 0 0 
0 51 0 0 0 0 
0 51 0 0 0 0 
0 51 0 0 0 0 
0 51 0 0 0 0 
0 51 0 0 0 0 
0 51 0 0 0 0 
0 51 0 0 0 0 
0 51 0 0 0 0 
0 51 0 0 0 0 
0 49 0 0 0 44 
0 49 0 0 0 44 
0 49 0 0 0 44 
0 49 0 0 0 44 
0 49 0 0 0 44 
0 49 0 0 0 44 
0 49 0 0 0 44 
0 49 0 0 0 44 
0 49 0 0 0 44 
0 49 0 0 0 44 
0 49 0 0 0 44 
0 49 0 0 0 44 
0 49 0 0 0 44 
0 49 0 0 0 44 
0 49 0 0 0 44 
0 0 18 0 0 0 
0 0 18 0 0 0 
0 0 18 0 0 0 
0 0 18 0 0 0 
0 0 18 0 0 0 
0 0 18 0 0 0 
0 0 18 0 0 0 
0 0 18 0 0 0 
0 0 18 0 0 0 
0 0 18 0 0 0 
0 0 18 0 0 0 
0 0 18 0 0 0 
0 0 18 0 0 0 
0 0 18 0 0 0 
0 0 18 0 0 0 
19 0 0 0 0 0 
19 0 0 0 0 0 
19 0 0 0 0 0 
19 0 0 0 0 0 
19 0 0 0 0 0 
19 0 0 0 0 0 
19 0 0 0 0 0 
19 0 0 0 0 0 
19 0 0 0 0 0 
19 0 0 0 0 0 
19 0 0 0 0 0 
19 0 0 0 0 0 
19 0 0 0 0 0 
19 0 0 0 0 0 
19 0 0 0 0 0 
0 42 0 0 0 0 
0 42 0 0 0 0 
0 42 0 0 0 0 
0 42 0 0 0 0 
0 42 0 0 0 0 
0 42 0 0 0 0 
0 42 0 0 0 0 
0 42 0 0 0 0 
0 42 0 0 0 0 
0 42 0 0 0 0 
0 42 0 0 0 0 
0 42 0 0 0 0 
0 42 0 0 0 0 
0 42 0 0 0 0 
0 42 0 0 0 0 
44 0 0 0 0 18 
44 0 0 0 0 18 
44 0 0 0 0 18 
44 0 0 0 0 18 
44 0 0 0 0 18 
44 0 0 0 0 18 
44 0 0 0 0 18 
44 0 0 0 0 18 
44 0 0 0 0 18 
44 0 0 0 0 18 
44 0 0 0 0 18 
44 0 0 0 0 18 
44 0 0 0 0 18 
44 0 0 0 0 18 
44 0 0 0 0 18 
54 0 0 0 0 0 
54 0 0 0 0 0 
54 0 0 0 0 0 
54 0 0 0 0 0 
54 0 0 0 0 0 
54 0 0 0 0 0 
54 0 0 0 0 0 
54 0 0 0 0 0 
54 0 0 0 0 0 
54 0 0 0 0 0 
54 0 0 0 0 0 
54 0 0 0 0 0 
54 0 0 0 0 0 
54 0 0 0 0 0 
54 0 0 0 0 0 
44 0 0 0 55 0 
44 0 0 0 55 0 
44 0 0 0 55 0 
44 0 0 0 55 0 
44 0 0 0 55 0 
44 0 0 0 55 0 
44 0 0 0 55 0 
44 0 0 0 55 0 
44 0 0 0 55 0 
44 0 0 0 55 0 
44 0 0 0 55 0 
44 0 0 0 55 0 
44 0 0 0 55 0 
44 0 0 0 55 0 
44 0 0 0 55 0 
0 0 0 18 0 0 
0 0 0 18 0 0 
0 0 0 18 0 0 
0 0 0 18 0 0 
0 0 0 18 0 0 
0 0 0 18 0 0 
0 0 0 18 0 0 
0 0 0 18 0 0 
0 0 0 18 0 0 
0 0 0 18 0 0 
0 0 0 18 0 0 
0 0 0 18 0 0 
0 0 0 18 0 0 
0 0 0 18 0 0 
0 0 0 18 0 0 
0 0 52 0 0 0 
0 0 52 0 0 0 
0 0 52 0 0 0 
0 0 52 0 0 0 
0 0 52 0 0 0 
0 0 52 0 0 0 
0 0 52 0 0 0 
0 0 52 0 0 0 
0 0 52 0 0 0 
0 0 52 0 0 0 
0 0 52 0 0 0 
0 0 52 0 0 0 
0 0 52 0 0 0 
0 0 52 0 0 0 
0 0 52 0 0 0 
0 0 0 27 0 0 
0 0 0 27 0 0 
0 0 0 27 0 0 
0 0 0 27 0 0 
0 0 0 27 0 0 
0 0 0 27 0 0 
0 0 0 27 0 0 
0 0 0 27 0 0 
0 0 0 27 0 0 
0 0 0 27 0 0 
0 0 0 27 0 0 
0 0 0 27 0 0 
0 0 0 27 0 0 
0 0 0 27 0 0 
0 0 0 27 0 0 
36 0 0 0 0 32 
36 0 0 0 0 32 
36 0 0 0 0 32 
36 0 0 0 0 32 
36 0 0 0 0 32 
36 0 0 0 0 32 
36 0 0 0 0 32 
36 0 0 0 0 32 
36 0 0 0 0 32 
36 0 0 0 0 32 
36 0 0 0 0 32 
36 0 0 0 0 32 
36 0 0 0 0 32 
36 0 0 0 0 32 
36 0 0 0 0 32 
50 0 0 0 0 25 
50 0 0 0 0 25 
50 0 0 0 0 25 
50 0 0 0 0 25 
50 0 0 0 0 25 
50 0 0 0 0 25 
50 0 0 0 0 25 
50 0 0 0 0 25 
50 0 0 0 0 25 
50 0 0 0 0 25 
50 0 0 0 0 25 
50 0 0 0 0 25 
50 0 0 0 0 25 
50 0 0 0 0 25 
50 0 0 0 0 25 
0 0 44 0 0 32 
0 0 44 0 0 32 
0 0 44 0 0 32 
0 0 44 0 0 32 
0 0 44 0 0 32 
0 0 44 0 0 32 
0 0 44 0 0 32 
0 0 44 0 0 32 
0 0 44 0 0 32 
0 0 44 0 0 32 
0 0 44 0 0 32 
0 0 44 0 0 32 
0 0 44 0 0 32 
0 0 44 0 0 32 
0 0 44 0 0 32 
0 0 57 0 0 0 
0 0 57 0 0 0 
0 0 57 0 0 0 
0 0 57 0 0 0 
0 0 57 0 0 0 
0 0 57 0 0 0 
0 0 57 0 0 0 
0 0 57 0 0 0 
0 0 57 0 0 0 
0 0 57 0 0 0 
0 0 57 0 0 0 
0 0 57 0 0 0 
0 0 57 0 0 0 
0 0 57 0 0 0 
0 0 57 0 0 0 
0 0 0 0 47 0 
0 0 0 0 47 0 
0 0 0 0 47 0 
0 0 0 0 47 0 
0 0 0 0 47 0 
0 0 0 0 47 0 
0 0 0 0 47 0 
0 0 0 0 47 0 
0 0 0 0 47 0 
0 0 0 0 47 0 
0 0 0 0 47 0 
0 0 0 0 47 0 
0 0 0 0 47 0 
0 0 0 0 47 0 
0 0 0 0 47 0 
0 0 29 0 38 0 
0 0 29 0 38 0 
0 0 29 0 38 0 
0 0 29 0 38 0 
0 0 29 0 38 0 
0 0 29 0 38 0 
0 0 29 0 38 0 
0 0 29 0 38 0 
0 0 29 0 38 0 
0 0 29 0 38 0 
0 0 29 0 38 0 
0 0 29 0 38 0 
0 0 29 0 38 0 
0 0 29 0 38 0 
0 0 29 0 38 0 
24 0 0 0 0 34 
24 0 0 0 0 34 
24 0 0 0 0 34 
24 0 0 0 0 34 
24 0 0 0 0 34 
24 0 0 0 0 34 
24 0 0 0 0 34 
24 0 0 0 0 34 
24 0 0 0 0 34 
24 0 0 0 0 34 
24 0 0 0 0 34 
24 0 0 0 0 34 
24 0 0 0 0 34 
24 0 0 0 0 34 
24 0 0 0 0 34 
0 0 0 27 0 0 
0 0 0 27 0 0 
0 0 0 27 0 0 
0 0 0 27 0 0 
0 0 0 27 0 0 
0 0 0 27 0 0 
0 0 0 27 0 0 
0 0 0 27 0 0 
0 0 0 27 0 0 
0 0 0 27 0 0 
0 0 0 27 0 0 
0 0 0 27 0 0 
0 0 0 27 0 0 
0 0 0 27 0 0 
0 0 0 27 0 0 
0 26 0 0 28 0 
0 26 0 0 28 0 
0 26 0 0 28 0 
0 26 0 0 28 0 
0 26 0 0 28 0 
0 26 0 0 28 0 
0 26 0 0 28 0 
0 26 0 0 28 0 
0 26 0 0 28 0 
0 26 0 0 28 0 
0 26 0 0 28 0 
0 26 0 0 28 0 
0 26 0 0 28 0 
0 26 0 0 28 0 
0 26 0 0 28 0 
0 0 16 0 0 0 
0 0 16 0 0 0 
0 0 16 0 0 0 
0 0 16 0 0 0 
0 0 16 0 0 0 
0 0 16 0 0 0 
0 0 16 0 0 0 
0 0 16 0 0 0 
0 0 16 0 0 0 
0 0 16 0 0 0 
0 0 16 0 0 0 
0 0 16 0 0 0 
0 0 16 0 0 0 
0 0 16 0 0 0 
0 0 16 0 0 0 
44 0 0 0 0 0 
44 0 0 0 0 0 
44 0 0 0 0 0 
44 0 0 0 0 0 
44 0 0 0 0 0 
44 0 0 0 0 0 
44 0 0 0 0 0 
44 0 0 0 0 0 
44 0 0 0 0 0 
44 0 0 0 0 0 
44 0 0 0 0 0 
44 0 0 0 0 0 
44 0 0 0 0 0 
44 0 0 0 0 0 
44 0 0 0 0 0 
16 0 0 0 0 0 
16 0 0 0 0 0 
16 0 0 0 0 0 
16 0 0 0 0 0 
16 0 0 0 0 0 
16 0 0 0 0 0 
16 0 0 0 0 0 
16 0 0 0 0 0 
16 0 0 0 0 0 
16 0 0 0 0 0 
16 0 0 0 0 0 
16 0 0 0 0 0 
16 0 0 0 0 0 
16 0 0 0 0 0 
16 0 0 0 0 0 
0 0 46 0 0 57 
0 0 46 0 0 57 
0 0 46 0 0 57 
0 0 46 0 0 57 
0 0 46 0 0 57 
0 0 46 0 0 57 
0 0 46 0 0 57 
0 0 46 0 0 57 
0 0 46 0 0 57 
0 0 46 0 0 57 
0 0 46 0 0 57 
0 0 46 0 0 57 
0 0 46 0 0 57 
0 0 46 0 0 57 
0 0 46 0 0 57 
47 0 0 0 0 42 
47 0 0 0 0 42 
47 0 0 0 0 42 
47 0 0 0 0 42 
47 0 0 0 0 42 
47 0 0 0 0 42 
47 0 0 0 0 42 
47 0 0 0 0 42 
47 0 0 0 0 42 
47 0 0 0 0 42 
47 0 0 0 0 42 
47 0 0 0 0 42 
47 0 0 0 0 42 
47 0 0 0 0 42 
47 0 0 0 0 42 
0 53 0 0 53 0 
0 53 0 0 53 0 
0 53 0 0 53 0 
0 53 0 0 53 0 
0 53 0 0 53 0 
0 53 0 0 53 0 
0 53 0 0 53 0 
0 53 0 0 53 0 
0 53 0 0 53 0 
0 53 0 0 53 0 
0 53 0 0 53 0 
0 53 0 0 53 0 
0 53 0 0 53 0 
0 53 0 0 53 0 
0 53 0 0 53 0 
0 0 24 0 0 60 
0 0 24 0 0 60 
0 0 24 0 0 60 
0 0 24 0 0 60 
0 0 24 0 0 60 
0 0 24 0 0 60 
0 0 24 0 0 60 
0 0 24 0 0 60 
0 0 24 0 0 60 
0 0 24 0 0 60 
0 0 24 0 0 60 
0 0 24 0 0 60 
0 0 24 0 0 60 
0 0 24 0 0 60 
0 0 24 0 0 60 
0 0 29 0 0 0 
0 0 29 0 0 0 
0 0 29 0 0 0 
0 0 29 0 0 0 
0 0 29 0 0 0 
0 0 29 0 0 0 
0 0 29 0 0 0 
0 0 29 0 0 0 
0 0 29 0 0 0 
0 0 29 0 0 0 
0 0 29 0 0 0 
0 0 29 0 0 0 
0 0 29 0 0 0 
0 0 29 0 0 0 
0 0 29 0 0 0 
0 0 47 0 0 48 
0 0 47 0 0 48 
0 0 47 0 0 48 
0 0 47 0 0 48 
0 0 47 0 0 48 
0 0 47 0 0 48 
0 0 47 0 0 48 
0 0 47 0 0 48 
0 0 47 0 0 48 
0 0 47 0 0 48 
0 0 47 0 0 48 
0 0 47 0 0 48 
0 0 47 0 0 48 
0 0 47 0 0 48 
0 0 47 0 0 48 
18 0 0 26 0 0 
18 0 0 26 0 0 
18 0 0 26 0 0 
18 0 0 26 0 0 
18 0 0 26 0 0 
18 0 0 26 0 0 
18 0 0 26 0 0 
18 0 0 26 0 0 
18 0 0 26 0 0 
18 0 0 26 0 0 
18 0 0 26 0 0 
18 0 0 26 0 0 
18 0 0 26 0 0 
18 0 0 26 0 0 
18 0 0 26 0 0 
0 0 0 0 45 0 
0 0 0 0 45 0 
0 0 0 0 45 0 
0 0 0 0 45 0 
0 0 0 0 45 0 
0 0 0 0 45 0 
0 0 0 0 45 0 
0 0 0 0 45 0 
0 0 0 0 45 0 
0 0 0 0 45 0 
0 0 0 0 45 0 
0 0 0 0 45 0 
0 0 0 0 45 0 
0 0 0 0 45 0 
0 0 0 0 45 0 
0 0 0 45 0 0 
0 0 0 45 0 0 
0 0 0 45 0 0 
0 0 0 45 0 0 
0 0 0 45 0 0 
0 0 0 45 0 0 
0 0 0 45 0 0 
0 0 0 45 0 0 
0 0 0 45 0 0 
0 0 0 45 0 0 
0 0 0 45 0 0 
0 0 0 45 0 0 
0 0 0 45 0 0 
0 0 0 45 0 0 
0 0 0 45 0 0 
0 0 55 43 0 0 
0 0 55 43 0 0 
0 0 55 43 0 0 
0 0 55 43 0 0 
0 0 55 43 0 0 
0 0 55 43 0 0 
0 0 55 43 0 0 
0 0 55 43 0 0 
0 0 55 43 0 0 
0 0 55 43 0 0 
0 0 55 43 0 0 
0 0 55 43 0 0 
0 0 55 43 0 0 
0 0 55 43 0 0 
0 0 55 43 0 0 
0 0 0 0 24 0 
0 0 0 0 24 0 
0 0 0 0 24 0 
0 0 0 0 24 0 
0 0 0 0 24 0 
0 0 0 0 24 0 
0 0 0 0 24 0 
0 0 0 0 24 0 
0 0 0 0 24 0 
0 0 0 0 24 0 
0 0 0 0 24 0 
0 0 0 0 24 0 
0 0 0 0 24 0 
0 0 0 0 24 0 
0 0 0 0 24 0 
0 0 29 0 0 35 
0 0 29 0 0 35 
0 0 29 0 0 35 
0 0 29 0 0 35 
0 0 29 0 0 35 
0 0 29 0 0 35 
0 0 29 0 0 35 
0 0 29 0 0 35 
0 0 29 0 0 35 
0 0 29 0 0 35 
0 0 29 0 0 35 
0 0 29 0 0 35 
0 0 29 0 0 35 
0 0 29 0 0 35 
0 0 29 0 0 35 
0 0 0 57 0 0 
0 0 0 57 0 0 
0 0 0 57 0 0 
0 0 0 57 0 0 
0 0 0 57 0 0 
0 0 0 57 0 0 
0 0 0 57 0 0 
0 0 0 57 0 0 
0 0 0 57 0 0 
0 0 0 57 0 0 
0 0 0 57 0 0 
0 0 0 57 0 0 
0 0 0 57 0 0 
0 0 0 57 0 0 
0 0 0 57 0 0 
19 0 0 0 0 0 
19 0 0 0 0 0 
19 0 0 0 0 0 
19 0 0 0 0 0 
19 0 0 0 0 0 
19 0 0 0 0 0 
19 0 0 0 0 0 
19 0 0 0 0 0 
19 0 0 0 0 0 
19 0 0 0 0 0 
19 0 0 0 0 0 
19 0 0 0 0 0 
19 0 0 0 0 0 
19 0 0 0 0 0 
19 0 0 0 0 0 
0 0 0 0 0 38 
0 0 0 0 0 38 
0 0 0 0 0 38 
0 0 0 0 0 38 
0 0 0 0 0 38 
0 0 0 0 0 38 
0 0 0 0 0 38 
0 0 0 0 0 38 
0 0 0 0 0 38 
0 0 0 0 0 38 
0 0 0 0 0 38 
0 0 0 0 0 38 
0 0 0 0 0 38 
0 0 0 0 0 38 
0 0 0 0 0 38 
0 49 0 0 0 0 
0 49 0 0 0 0 
0 49 0 0 0 0 
0 49 0 0 0 0 
0 49 0 0 0 0 
0 49 0 0 0 0 
0 49 0 0 0 0 
0 49 0 0 0 0 
0 49 0 0 0 0 
0 49 0 0 0 0 
0 49 0 0 0 0 
0 49 0 0 0 0 
0 49 0 0 0 0 
0 49 0 0 0 0 
0 49 0 0 0 0 
0 27 0 0 0 0 
0 27 0 0 0 0 
0 27 0 0 0 0 
0 27 0 0 0 0 
0 27 0 0 0 0 
0 27 0 0 0 0 
0 27 0 0 0 0 
0 27 0 0 0 0 
0 27 0 0 0 0 
0 27 0 0 0 0 
0 27 0 0 0 0 
0 27 0 0 0 0 
0 27 0 0 0 0 
0 27 0 0 0 0 
0 27 0 0 0 0 
58 0 0 0 45 0 
58 0 0 0 45 0 
58 0 0 0 45 0 
58 0 0 0 45 0 
58 0 0 0 45 0 
58 0 0 0 45 0 
58 0 0 0 45 0 
58 0 0 0 45 0 
58 0 0 0 45 0 
58 0 0 0 45 0 
58 0 0 0 45 0 
58 0 0 0 45 0 
58 0 0 0 45 0 
58 0 0 0 45 0 
58 0 0 0 45 0 
58 0 0 0 0 0 
58 0 0 0 0 0 
58 0 0 0 0 0 
58 0 0 0 0 0 
58 0 0 0 0 0 
58 0 0 0 0 0 
58 0 0 0 0 0 
58 0 0 0 0 0 
58 0 0 0 0 0 
58 0 0 0 0 0 
58 0 0 0 0 0 
58 0 0 0 0 0 
58 0 0 0 0 0 
58 0 0 0 0 0 
58 0 0 0 0 0 
0 0 0 0 0 46 
0 0 0 0 0 46 
0 0 0 0 0 46 
0 0 0 0 0 46 
0 0 0 0 0 46 
0 0 0 0 0 46 
0 0 0 0 0 46 
0 0 0 0 0 46 
0 0 0 0 0 46 
0 0 0 0 0 46 
0 0 0 0 0 46 
0 0 0 0 0 46 
0 0 0 0 0 46 
0 0 0 0 0 46 
0 0 0 0 0 46 
0 41 0 0 0 0 
0 41 0 0 0 0 
0 41 0 0 0 0 
0 41 0 0 0 0 
0 41 0 0 0 0 
0 41 0 0 0 0 
0 41 0 0 0 0 
0 41 0 0 0 0 
0 41 0 0 0 0 
0 41 0 0 0 0 
0 41 0 0 0 0 
0 41 0 0 0 0 
0 41 0 0 0 0 
0 41 0 0 0 0 
0 41 0 0 0 0 
0 0 0 0 39 0 
0 0 0 0 39 0 
0 0 0 0 39 0 
0 0 0 0 39 0 
0 0 0 0 39 0 
0 0 0 0 39 0 
0 0 0 0 39 0 
0 0 0 0 39 0 
0 0 0 0 39 0 
0 0 0 0 39 0 
0 0 0 0 39 0 
0 0 0 0 39 0 
0 0 0 0 39 0 
0 0 0 0 39 0 
0 0 0 0 39 0 
0 0 16 0 29 0 
0 0 16 0 29 0 
0 0 16 0 29 0 
0 0 16 0 29 0 
0 0 16 0 29 0 
0 0 16 0 29 0 
0 0 16 0 29 0 
0 0 16 0 29 0 
0 0 16 0 29 0 
0 0 16 0 29 0 
0 0 16 0 29 0 
0 0 16 0 29 0 
0 0 16 0 29 0 
0 0 16 0 29 0 
0 0 16 0 29 0 
35 0 0 0 0 0 
35 0 0 0 0 0 
35 0 0 0 0 0 
35 0 0 0 0 0 
35 0 0 0 0 0 
35 0 0 0 0 0 
35 0 0 0 0 0 
35 0 0 0 0 0 
35 0 0 0 0 0 
35 0 0 0 0 0 
35 0 0 0 0 0 
35 0 0 0 0 0 
35 0 0 0 0 0 
35 0 0 0 0 0 
35 0 0 0 0 0 
58 0 0 0 0 0 
58 0 0 0 0 0 
58 0 0 0 0 0 
58 0 0 0 0 0 
58 0 0 0 0 0 
58 0 0 0 0 0 
58 0 0 0 0 0 
58 0 0 0 0 0 
58 0 0 0 0 0 
58 0 0 0 0 0 
58 0 0 0 0 0 
58 0 0 0 0 0 
58 0 0 0 0 0 
58 0 0 0 0 0 
58 0 0 0 0 0 
0.0 0.0 0.0 0.0 0.0 0.0 
0.0 0.0 0.0 0.0 0.0 0.0 
0.0 0.0 0.0 0.0 0.0 0.0 
0.0 0.0 0.0 0.0 0.0 0.0 
0.0 0.0 0.0 0.0 0.0 0.0 
0.0 0.0 0.0 0.0 0.0 0.0 
0.0 0.0 0.0 0.0 0.0 0.0 
0.0 0.0 0.0 0.0 0.0 0.0 
0.0 0.0 0.0 0.0 0.0 0.0 
0.0 0.0 0.0 0.0 0.0 0.0 
0.0 0.0 0.0 0.0 0.0 0.0 
0.0 0.0 0.0 0.0 0.0 0.0 
0.0 0.0 0.0 0.0 0.0 0.0 
0.0 0.0 0.0 0.0 0.0 0.0 
0.0 0.0 0.0 0.0 0.0 0.0 
mind
0 0 0 0 0 0 0 0 0 0 0 0 0 0 0 0 0 0 0 0 0 0 0 0 0 0 0 14 0 12 0 0 0 0 0 17 0 0 0 0 0 21 0 0 0 18 0 16 0 0 0 20 0 0 22 0 14 17 0 0 0 0 10 0 0 0 0 0 14 0 0 0 0 0 0 0 0
maxd
0 0 0 0 0 0 0 0 0 0 0 0 0 0 0 0 0 0 0 0 0 0 0 0 0 0 0 28 0 25 0 0 0 0 0 30 0 0 0 0 0 23 0 0 0 30 0 21 0 0 0 27 0 0 28 0 25 30 0 0 0 0 28 0 0 0 0 0 30 0 0 0 0 0 0 0 0
e
0 587 924 850 755 703 890 622 777 949 719 704 908 656 562 807 756 720 653 857 748 678 850 620 653 945 952 751 656 700 949 812 853 656 856 537 740 500 570 874 895 715 675 765 899 662 621 922 699 654 697 814 875 529 954 665 855 506 702 629 668 546 933 539 716 573 751 778 771 547 498 661 826 776 887 896 0
l
99999 707 1044 970 875 823 1010 742 897 1069 839 824 1028 776 682 927 876 840 773 977 868 798 970 740 773 1065 1072 871 776 820 1069 932 973 776 976 657 860 620 690 994 1015 835 795 885 1019 782 741 1042 819 774 817 934 995 649 1074 785 975 626 822 749 788 666 1053 659 836 693 871 898 891 667 618 781 946 896 1007 1016 99999
