nbNodes
77
nbVehi
15
nbServi
6
r
1 1 1 1 1 1 
0 0 1 0 0 0 
0 0 0 0 0 1 
0 1 0 0 0 1 
0 0 1 0 0 1 
1 0 0 0 0 1 
0 0 0 0 0 1 
1 0 0 0 0 0 
0 0 0 1 0 0 
0 1 0 1 0 0 
1 0 0 0 0 0 
0 0 0 0 1 0 
0 1 0 0 0 0 
0 0 0 0 1 0 
1 0 0 0 0 0 
0 0 1 0 0 1 
1 0 0 0 0 0 
0 0 0 1 0 0 
0 0 0 1 0 0 
1 0 0 0 0 0 
0 0 0 1 0 0 
0 0 0 1 0 0 
0 0 0 1 0 0 
0 0 1 0 0 1 
0 0 0 0 0 1 
0 1 0 0 0 1 
0 1 0 0 0 0 
1 0 0 0 1 0 
0 0 0 0 0 1 
0 0 1 0 0 1 
0 0 0 0 1 0 
0 0 0 1 0 0 
0 0 1 1 0 0 
0 0 0 0 0 1 
0 1 0 0 0 0 
0 0 0 0 1 0 
0 0 0 0 1 0 
0 0 0 0 0 1 
0 0 1 0 1 0 
0 1 0 0 0 1 
0 0 0 0 0 1 
0 1 0 0 0 0 
0 0 0 0 0 1 
0 0 0 0 1 0 
0 1 0 0 0 1 
0 0 0 1 0 0 
0 0 0 1 0 0 
0 0 0 0 0 1 
0 0 0 0 1 0 
0 0 0 1 0 0 
0 0 0 1 0 0 
0 1 0 0 0 1 
0 0 0 0 0 1 
0 0 0 1 0 0 
0 0 1 0 0 0 
0 0 1 0 1 0 
1 0 0 0 0 0 
0 0 0 0 0 1 
1 0 0 0 0 0 
0 1 0 0 0 0 
0 0 0 0 1 0 
1 0 0 0 0 1 
0 1 0 1 0 0 
0 0 1 0 0 0 
0 0 1 1 0 0 
1 0 0 1 0 0 
0 0 0 1 0 0 
0 1 0 0 0 0 
1 0 0 0 0 1 
1 0 0 0 1 0 
0 0 1 0 0 1 
0 0 0 1 0 0 
0 1 0 0 0 1 
0 0 0 0 1 0 
0 0 0 0 0 1 
0 0 1 1 0 0 
1 1 1 1 1 1 
DS
4 5 6 10 16 24 26 28 30 33 39 40 45 52 56 62 63 65 66 69 70 71 73 76 
a
0 1 1 0 0 0 
1 1 0 0 0 0 
1 1 1 0 0 0 
1 0 1 0 0 0 
1 0 1 0 0 0 
0 1 1 0 0 0 
1 1 0 0 0 0 
0 0 0 0 1 1 
0 0 0 1 0 0 
0 0 0 1 1 1 
0 0 0 1 0 1 
0 0 0 1 1 1 
0 0 0 1 0 1 
0 0 0 1 0 1 
0 0 0 0 1 1 
x
-29.977 -30.035 -30.0359 -30.0465 -30.0339 -30.0331 -30.0469 -30.0427 -30.1818 -30.1543 -30.0378 -30.0245 -30.0322 -30.0449 -30.1788 -30.0354 -30.0395 -30.0362 -30.0318 -30.0358 -30.0417 -30.0448 -30.0274 -30.0314 -30.0345 -30.0512 -30.0248 -30.0416 -30.0257 -30.0432 -30.1856 -30.0613 -30.0284 -30.0358 -30.1879 -30.0426 -30.0339 -30.053 -30.1835 -30.0376 -30.0521 -30.0602 -30.0343 -30.0488 -30.1879 -30.0371 -30.0421 -30.0341 -30.025 -30.0285 -29.977 -30.0505 -30.0444 -30.0305 -30.0408 -30.0392 -30.0377 -30.18 -30.0395 -30.0333 -30.0359 -30.027 -30.0256 -30.1835 -30.1812 -30.041 -30.048 -30.0433 -30.0477 -30.0222 -30.0392 -30.0517 -30.0311 -30.0496 -30.0352 -30.0277 -29.977
y
-51.1947 -51.1044 -51.1023 -51.1498 -51.1012 -51.1049 -51.1529 -51.2262 -51.1854 -51.1518 -51.182 -51.1079 -51.1111 -51.147 -51.1795 -51.1059 -51.1109 -51.2311 -51.2291 -51.1048 -51.191 -51.1853 -51.1028 -51.228 -51.2318 -51.1862 -51.1535 -51.1834 -51.1967 -51.1517 -51.1833 -51.1453 -51.1029 -51.2319 -51.185 -51.1847 -51.2246 -51.1851 -51.1849 -51.2299 -51.1525 -51.1645 -51.1046 -51.1979 -51.1852 -51.165 -51.1957 -51.1057 -51.1024 -51.1647 -51.1947 -51.1704 -51.1879 -51.1164 -51.1663 -51.192 -51.1066 -51.1806 -51.1942 -51.108 -51.1839 -51.1038 -51.0905 -51.1923 -51.1849 -51.1823 -51.1575 -51.187 -51.157 -51.1792 -51.1541 -51.1517 -51.1062 -51.1558 -51.2292 -51.1854 -51.1947
d
0.00000 25.00000 26.00000 19.00000 26.00000 25.00000 20.00000 15.00000 45.00000 43.00000 14.00000 22.00000 24.00000 20.00000 43.00000 25.00000 38.00000 14.00000 13.00000 25.00000 15.00000 15.00000 24.00000 13.00000 14.00000 17.00000 15.00000 15.00000 12.00000 18.00000 46.00000 25.00000 24.00000 14.00000 45.00000 15.00000 12.00000 17.00000 45.00000 13.00000 21.00000 21.00000 24.00000 16.00000 45.00000 16.00000 16.00000 24.00000 23.00000 15.00000 0.00000 18.00000 17.00000 22.00000 16.00000 15.00000 25.00000 44.00000 15.00000 25.00000 13.00000 24.00000 25.00000 43.00000 45.00000 15.00000 20.00000 15.00000 19.00000 13.00000 17.00000 21.00000 23.00000 20.00000 13.00000 12.00000 0.00000
25.00000 0.00000 3.00000 10.00000 2.00000 2.00000 12.00000 23.00000 46.00000 37.00000 15.00000 4.00000 5.00000 10.00000 44.00000 2.00000 20.00000 23.00000 23.00000 1.00000 15.00000 15.00000 4.00000 23.00000 25.00000 17.00000 13.00000 14.00000 19.00000 10.00000 47.00000 14.00000 4.00000 23.00000 47.00000 15.00000 21.00000 17.00000 46.00000 22.00000 12.00000 14.00000 2.00000 19.00000 47.00000 12.00000 18.00000 2.00000 7.00000 14.00000 25.00000 15.00000 17.00000 5.00000 13.00000 16.00000 2.00000 45.00000 16.00000 3.00000 15.00000 4.00000 8.00000 45.00000 46.00000 14.00000 12.00000 14.00000 12.00000 16.00000 10.00000 11.00000 3.00000 12.00000 22.00000 18.00000 25.00000
26.00000 3.00000 0.00000 11.00000 2.00000 3.00000 13.00000 24.00000 47.00000 38.00000 16.00000 5.00000 6.00000 12.00000 45.00000 3.00000 21.00000 24.00000 24.00000 2.00000 16.00000 16.00000 6.00000 24.00000 26.00000 18.00000 14.00000 15.00000 20.00000 11.00000 48.00000 15.00000 5.00000 24.00000 48.00000 16.00000 22.00000 18.00000 47.00000 23.00000 13.00000 15.00000 3.00000 20.00000 48.00000 13.00000 19.00000 3.00000 8.00000 15.00000 26.00000 16.00000 18.00000 6.00000 14.00000 17.00000 3.00000 46.00000 17.00000 4.00000 16.00000 5.00000 9.00000 46.00000 47.00000 15.00000 13.00000 15.00000 13.00000 17.00000 11.00000 12.00000 4.00000 13.00000 23.00000 19.00000 26.00000
18.00000 10.00000 11.00000 0.00000 11.00000 10.00000 3.00000 15.00000 38.00000 35.00000 8.00000 11.00000 10.00000 2.00000 36.00000 10.00000 22.00000 17.00000 17.00000 9.00000 8.00000 8.00000 12.00000 16.00000 18.00000 9.00000 6.00000 7.00000 12.00000 2.00000 39.00000 8.00000 11.00000 16.00000 38.00000 8.00000 15.00000 10.00000 38.00000 15.00000 3.00000 7.00000 10.00000 11.00000 38.00000 5.00000 11.00000 10.00000 12.00000 7.00000 18.00000 6.00000 10.00000 8.00000 6.00000 9.00000 9.00000 37.00000 10.00000 11.00000 8.00000 11.00000 15.00000 36.00000 37.00000 7.00000 4.00000 7.00000 4.00000 9.00000 3.00000 2.00000 10.00000 3.00000 15.00000 11.00000 18.00000
26.00000 2.00000 2.00000 11.00000 0.00000 3.00000 13.00000 24.00000 47.00000 38.00000 16.00000 5.00000 6.00000 11.00000 45.00000 3.00000 20.00000 24.00000 24.00000 2.00000 16.00000 16.00000 5.00000 24.00000 26.00000 18.00000 14.00000 15.00000 20.00000 10.00000 48.00000 15.00000 4.00000 24.00000 48.00000 16.00000 22.00000 18.00000 47.00000 23.00000 13.00000 15.00000 2.00000 20.00000 48.00000 13.00000 19.00000 3.00000 7.00000 14.00000 26.00000 15.00000 17.00000 6.00000 14.00000 17.00000 3.00000 46.00000 17.00000 4.00000 16.00000 5.00000 9.00000 46.00000 46.00000 15.00000 13.00000 15.00000 13.00000 16.00000 10.00000 12.00000 3.00000 13.00000 23.00000 19.00000 26.00000
25.00000 2.00000 3.00000 11.00000 3.00000 0.00000 13.00000 23.00000 47.00000 38.00000 16.00000 4.00000 5.00000 11.00000 45.00000 2.00000 20.00000 24.00000 24.00000 2.00000 16.00000 16.00000 4.00000 24.00000 25.00000 18.00000 14.00000 15.00000 20.00000 10.00000 48.00000 15.00000 3.00000 24.00000 48.00000 16.00000 22.00000 18.00000 47.00000 23.00000 12.00000 15.00000 1.00000 19.00000 48.00000 13.00000 19.00000 1.00000 6.00000 14.00000 25.00000 15.00000 17.00000 5.00000 14.00000 17.00000 3.00000 46.00000 17.00000 3.00000 16.00000 4.00000 8.00000 45.00000 46.00000 15.00000 13.00000 15.00000 12.00000 16.00000 10.00000 12.00000 2.00000 13.00000 23.00000 18.00000 25.00000
19.00000 12.00000 13.00000 3.00000 12.00000 12.00000 0.00000 15.00000 38.00000 35.00000 9.00000 12.00000 12.00000 4.00000 36.00000 12.00000 24.00000 18.00000 17.00000 11.00000 9.00000 9.00000 13.00000 17.00000 19.00000 9.00000 7.00000 8.00000 13.00000 3.00000 39.00000 9.00000 13.00000 17.00000 38.00000 9.00000 15.00000 10.00000 38.00000 16.00000 4.00000 7.00000 12.00000 11.00000 38.00000 6.00000 11.00000 12.00000 14.00000 8.00000 19.00000 6.00000 11.00000 9.00000 7.00000 10.00000 11.00000 37.00000 11.00000 13.00000 9.00000 13.00000 16.00000 36.00000 38.00000 8.00000 4.00000 8.00000 3.00000 10.00000 4.00000 4.00000 12.00000 4.00000 16.00000 12.00000 19.00000
14.00000 22.00000 23.00000 15.00000 22.00000 22.00000 16.00000 0.00000 34.00000 32.00000 11.00000 22.00000 22.00000 15.00000 32.00000 22.00000 34.00000 3.00000 5.00000 21.00000 9.00000 8.00000 23.00000 5.00000 5.00000 9.00000 16.00000 11.00000 9.00000 14.00000 35.00000 18.00000 23.00000 3.00000 34.00000 11.00000 3.00000 10.00000 34.00000 3.00000 15.00000 12.00000 22.00000 7.00000 34.00000 14.00000 8.00000 22.00000 24.00000 14.00000 14.00000 13.00000 8.00000 19.00000 11.00000 9.00000 21.00000 33.00000 9.00000 23.00000 10.00000 23.00000 26.00000 32.00000 33.00000 11.00000 14.00000 11.00000 14.00000 11.00000 13.00000 15.00000 22.00000 14.00000 4.00000 10.00000 14.00000
45.00000 45.00000 46.00000 37.00000 46.00000 46.00000 37.00000 35.00000 0.00000 12.00000 36.00000 46.00000 45.00000 38.00000 2.00000 46.00000 58.00000 35.00000 37.00000 45.00000 35.00000 34.00000 47.00000 37.00000 37.00000 33.00000 41.00000 35.00000 37.00000 37.00000 2.00000 39.00000 46.00000 34.00000 3.00000 36.00000 36.00000 33.00000 1.00000 35.00000 37.00000 34.00000 45.00000 33.00000 3.00000 38.00000 35.00000 45.00000 48.00000 38.00000 45.00000 34.00000 34.00000 43.00000 35.00000 36.00000 45.00000 3.00000 36.00000 47.00000 37.00000 47.00000 50.00000 2.00000 2.00000 35.00000 35.00000 35.00000 35.00000 37.00000 37.00000 37.00000 45.00000 36.00000 36.00000 38.00000 45.00000
43.00000 38.00000 39.00000 35.00000 38.00000 38.00000 35.00000 33.00000 12.00000 0.00000 34.00000 40.00000 41.00000 35.00000 10.00000 38.00000 53.00000 34.00000 36.00000 37.00000 33.00000 32.00000 41.00000 35.00000 36.00000 31.00000 39.00000 33.00000 35.00000 35.00000 13.00000 33.00000 40.00000 33.00000 13.00000 34.00000 34.00000 31.00000 12.00000 34.00000 34.00000 32.00000 38.00000 31.00000 13.00000 36.00000 33.00000 38.00000 43.00000 36.00000 43.00000 32.00000 32.00000 39.00000 33.00000 34.00000 37.00000 11.00000 34.00000 39.00000 35.00000 40.00000 44.00000 12.00000 11.00000 33.00000 33.00000 33.00000 33.00000 35.00000 35.00000 33.00000 39.00000 34.00000 34.00000 36.00000 43.00000
14.00000 14.00000 15.00000 7.00000 15.00000 15.00000 8.00000 11.00000 36.00000 35.00000 0.00000 15.00000 14.00000 8.00000 34.00000 15.00000 26.00000 12.00000 12.00000 14.00000 4.00000 3.00000 16.00000 11.00000 13.00000 5.00000 9.00000 3.00000 7.00000 6.00000 37.00000 13.00000 15.00000 12.00000 37.00000 3.00000 10.00000 6.00000 36.00000 10.00000 9.00000 9.00000 14.00000 7.00000 37.00000 7.00000 6.00000 14.00000 17.00000 6.00000 14.00000 6.00000 5.00000 12.00000 4.00000 4.00000 14.00000 35.00000 4.00000 16.00000 2.00000 16.00000 19.00000 34.00000 36.00000 4.00000 7.00000 3.00000 7.00000 5.00000 6.00000 9.00000 14.00000 8.00000 10.00000 5.00000 14.00000
22.00000 4.00000 5.00000 11.00000 5.00000 4.00000 13.00000 24.00000 47.00000 40.00000 16.00000 0.00000 4.00000 11.00000 46.00000 4.00000 21.00000 24.00000 24.00000 4.00000 16.00000 16.00000 3.00000 24.00000 26.00000 18.00000 13.00000 15.00000 18.00000 10.00000 48.00000 15.00000 3.00000 24.00000 48.00000 16.00000 22.00000 18.00000 48.00000 23.00000 13.00000 15.00000 3.00000 20.00000 48.00000 13.00000 19.00000 3.00000 3.00000 15.00000 22.00000 16.00000 18.00000 4.00000 14.00000 17.00000 4.00000 47.00000 17.00000 4.00000 16.00000 3.00000 6.00000 46.00000 47.00000 15.00000 13.00000 15.00000 13.00000 15.00000 10.00000 12.00000 2.00000 13.00000 23.00000 17.00000 22.00000
24.00000 5.00000 6.00000 10.00000 6.00000 5.00000 12.00000 23.00000 46.00000 40.00000 15.00000 4.00000 0.00000 11.00000 45.00000 4.00000 20.00000 23.00000 23.00000 4.00000 15.00000 15.00000 5.00000 23.00000 25.00000 17.00000 13.00000 14.00000 19.00000 10.00000 48.00000 14.00000 4.00000 23.00000 47.00000 15.00000 21.00000 17.00000 47.00000 22.00000 12.00000 14.00000 4.00000 19.00000 47.00000 12.00000 18.00000 4.00000 6.00000 14.00000 24.00000 15.00000 17.00000 3.00000 13.00000 16.00000 5.00000 46.00000 16.00000 3.00000 15.00000 4.00000 8.00000 45.00000 46.00000 14.00000 12.00000 14.00000 12.00000 16.00000 10.00000 11.00000 3.00000 12.00000 22.00000 18.00000 24.00000
18.00000 9.00000 10.00000 2.00000 10.00000 10.00000 4.00000 16.00000 39.00000 35.00000 9.00000 10.00000 9.00000 0.00000 37.00000 10.00000 22.00000 17.00000 17.00000 9.00000 9.00000 9.00000 11.00000 17.00000 18.00000 10.00000 7.00000 8.00000 13.00000 3.00000 40.00000 8.00000 10.00000 17.00000 39.00000 9.00000 15.00000 11.00000 39.00000 16.00000 4.00000 8.00000 9.00000 12.00000 39.00000 6.00000 12.00000 9.00000 12.00000 7.00000 18.00000 7.00000 10.00000 7.00000 7.00000 10.00000 9.00000 38.00000 10.00000 11.00000 9.00000 11.00000 14.00000 37.00000 38.00000 8.00000 5.00000 8.00000 5.00000 9.00000 3.00000 3.00000 9.00000 4.00000 16.00000 11.00000 18.00000
44.00000 43.00000 45.00000 35.00000 44.00000 44.00000 36.00000 33.00000 2.00000 10.00000 34.00000 44.00000 44.00000 36.00000 0.00000 44.00000 56.00000 33.00000 36.00000 43.00000 34.00000 33.00000 45.00000 36.00000 35.00000 31.00000 39.00000 33.00000 35.00000 36.00000 3.00000 37.00000 45.00000 33.00000 4.00000 34.00000 34.00000 31.00000 3.00000 34.00000 35.00000 32.00000 44.00000 32.00000 4.00000 36.00000 33.00000 44.00000 46.00000 36.00000 44.00000 33.00000 33.00000 41.00000 33.00000 34.00000 43.00000 1.00000 35.00000 45.00000 35.00000 45.00000 48.00000 3.00000 2.00000 34.00000 34.00000 34.00000 34.00000 35.00000 35.00000 35.00000 44.00000 34.00000 34.00000 36.00000 44.00000
25.00000 2.00000 3.00000 11.00000 3.00000 2.00000 12.00000 23.00000 46.00000 38.00000 16.00000 4.00000 4.00000 11.00000 45.00000 0.00000 20.00000 24.00000 24.00000 2.00000 16.00000 16.00000 4.00000 24.00000 25.00000 18.00000 14.00000 15.00000 20.00000 10.00000 48.00000 15.00000 3.00000 24.00000 47.00000 16.00000 22.00000 18.00000 47.00000 23.00000 12.00000 15.00000 2.00000 19.00000 47.00000 13.00000 19.00000 2.00000 6.00000 14.00000 25.00000 15.00000 17.00000 4.00000 13.00000 17.00000 2.00000 46.00000 17.00000 3.00000 16.00000 4.00000 8.00000 45.00000 46.00000 15.00000 13.00000 15.00000 12.00000 16.00000 10.00000 12.00000 2.00000 13.00000 23.00000 18.00000 25.00000
37.00000 19.00000 20.00000 22.00000 20.00000 20.00000 24.00000 35.00000 59.00000 52.00000 27.00000 20.00000 20.00000 23.00000 57.00000 20.00000 0.00000 36.00000 36.00000 19.00000 27.00000 27.00000 21.00000 35.00000 37.00000 29.00000 25.00000 26.00000 31.00000 22.00000 60.00000 26.00000 21.00000 36.00000 59.00000 28.00000 34.00000 29.00000 59.00000 35.00000 24.00000 27.00000 19.00000 31.00000 59.00000 24.00000 30.00000 20.00000 23.00000 26.00000 37.00000 27.00000 29.00000 19.00000 25.00000 29.00000 19.00000 58.00000 29.00000 21.00000 27.00000 21.00000 25.00000 57.00000 58.00000 27.00000 24.00000 27.00000 24.00000 28.00000 22.00000 23.00000 19.00000 24.00000 35.00000 30.00000 37.00000
14.00000 22.00000 23.00000 15.00000 23.00000 23.00000 16.00000 3.00000 35.00000 34.00000 11.00000 23.00000 22.00000 16.00000 34.00000 23.00000 34.00000 0.00000 3.00000 22.00000 10.00000 9.00000 24.00000 3.00000 4.00000 11.00000 15.00000 12.00000 8.00000 14.00000 36.00000 19.00000 23.00000 2.00000 36.00000 11.00000 3.00000 11.00000 36.00000 2.00000 17.00000 14.00000 22.00000 8.00000 36.00000 15.00000 8.00000 22.00000 24.00000 13.00000 14.00000 13.00000 9.00000 20.00000 12.00000 9.00000 21.00000 34.00000 9.00000 23.00000 11.00000 24.00000 27.00000 34.00000 35.00000 12.00000 15.00000 11.00000 15.00000 10.00000 14.00000 17.00000 22.00000 16.00000 2.00000 9.00000 14.00000
12.00000 23.00000 24.00000 16.00000 24.00000 24.00000 17.00000 5.00000 36.00000 34.00000 11.00000 24.00000 23.00000 17.00000 34.00000 24.00000 35.00000 3.00000 0.00000 22.00000 11.00000 10.00000 25.00000 3.00000 3.00000 12.00000 15.00000 13.00000 7.00000 15.00000 37.00000 20.00000 24.00000 3.00000 37.00000 12.00000 3.00000 12.00000 36.00000 3.00000 18.00000 15.00000 23.00000 9.00000 37.00000 15.00000 9.00000 23.00000 25.00000 13.00000 12.00000 14.00000 10.00000 21.00000 13.00000 10.00000 22.00000 35.00000 10.00000 24.00000 11.00000 25.00000 28.00000 34.00000 36.00000 13.00000 16.00000 12.00000 16.00000 10.00000 15.00000 18.00000 23.00000 17.00000 3.00000 9.00000 12.00000
24.00000 1.00000 2.00000 9.00000 2.00000 2.00000 11.00000 22.00000 45.00000 37.00000 15.00000 3.00000 4.00000 10.00000 44.00000 2.00000 19.00000 23.00000 23.00000 0.00000 14.00000 15.00000 4.00000 23.00000 24.00000 17.00000 12.00000 13.00000 18.00000 9.00000 46.00000 14.00000 3.00000 23.00000 46.00000 15.00000 21.00000 17.00000 46.00000 22.00000 11.00000 14.00000 1.00000 18.00000 46.00000 11.00000 17.00000 1.00000 6.00000 13.00000 24.00000 14.00000 16.00000 4.00000 12.00000 16.00000 1.00000 44.00000 16.00000 3.00000 15.00000 4.00000 7.00000 44.00000 45.00000 14.00000 11.00000 14.00000 11.00000 15.00000 9.00000 11.00000 2.00000 12.00000 22.00000 17.00000 24.00000
15.00000 16.00000 17.00000 10.00000 17.00000 17.00000 11.00000 9.00000 36.00000 35.00000 3.00000 17.00000 17.00000 10.00000 34.00000 17.00000 29.00000 10.00000 10.00000 16.00000 0.00000 3.00000 18.00000 9.00000 11.00000 5.00000 9.00000 3.00000 5.00000 9.00000 37.00000 15.00000 18.00000 10.00000 37.00000 3.00000 8.00000 6.00000 37.00000 9.00000 12.00000 11.00000 16.00000 5.00000 37.00000 8.00000 4.00000 17.00000 19.00000 6.00000 15.00000 8.00000 5.00000 14.00000 6.00000 2.00000 16.00000 35.00000 2.00000 18.00000 3.00000 18.00000 21.00000 35.00000 36.00000 4.00000 10.00000 3.00000 10.00000 6.00000 8.00000 12.00000 17.00000 11.00000 9.00000 5.00000 15.00000
17.00000 16.00000 17.00000 9.00000 16.00000 16.00000 10.00000 9.00000 34.00000 32.00000 5.00000 17.00000 16.00000 9.00000 32.00000 16.00000 28.00000 11.00000 11.00000 15.00000 3.00000 0.00000 17.00000 11.00000 13.00000 2.00000 11.00000 5.00000 7.00000 8.00000 35.00000 13.00000 17.00000 11.00000 34.00000 4.00000 9.00000 3.00000 34.00000 10.00000 11.00000 9.00000 16.00000 5.00000 34.00000 8.00000 4.00000 16.00000 18.00000 9.00000 17.00000 7.00000 2.00000 14.00000 5.00000 4.00000 15.00000 33.00000 4.00000 17.00000 5.00000 17.00000 21.00000 32.00000 34.00000 5.00000 9.00000 4.00000 9.00000 8.00000 8.00000 11.00000 16.00000 10.00000 10.00000 8.00000 17.00000
24.00000 5.00000 6.00000 12.00000 5.00000 4.00000 14.00000 25.00000 48.00000 40.00000 17.00000 3.00000 5.00000 12.00000 46.00000 4.00000 21.00000 25.00000 25.00000 4.00000 17.00000 17.00000 0.00000 25.00000 27.00000 19.00000 15.00000 16.00000 20.00000 11.00000 49.00000 16.00000 3.00000 25.00000 49.00000 17.00000 23.00000 19.00000 49.00000 24.00000 14.00000 16.00000 4.00000 21.00000 49.00000 14.00000 20.00000 3.00000 4.00000 15.00000 24.00000 16.00000 18.00000 5.00000 15.00000 18.00000 4.00000 47.00000 18.00000 4.00000 17.00000 1.00000 5.00000 47.00000 48.00000 16.00000 14.00000 16.00000 14.00000 17.00000 11.00000 13.00000 2.00000 14.00000 24.00000 19.00000 24.00000
12.00000 23.00000 24.00000 16.00000 24.00000 24.00000 17.00000 5.00000 36.00000 35.00000 12.00000 24.00000 23.00000 17.00000 35.00000 24.00000 35.00000 3.00000 1.00000 23.00000 11.00000 10.00000 25.00000 0.00000 3.00000 12.00000 15.00000 13.00000 8.00000 15.00000 37.00000 20.00000 24.00000 3.00000 37.00000 12.00000 4.00000 12.00000 37.00000 3.00000 18.00000 15.00000 23.00000 9.00000 37.00000 15.00000 9.00000 23.00000 26.00000 13.00000 12.00000 14.00000 10.00000 21.00000 13.00000 10.00000 23.00000 35.00000 11.00000 25.00000 11.00000 25.00000 28.00000 35.00000 36.00000 13.00000 17.00000 12.00000 16.00000 10.00000 15.00000 18.00000 23.00000 17.00000 3.00000 9.00000 12.00000
14.00000 23.00000 24.00000 17.00000 24.00000 24.00000 18.00000 5.00000 36.00000 34.00000 13.00000 24.00000 24.00000 17.00000 34.00000 24.00000 36.00000 2.00000 5.00000 23.00000 11.00000 10.00000 25.00000 5.00000 0.00000 12.00000 16.00000 13.00000 9.00000 16.00000 37.00000 21.00000 25.00000 2.00000 36.00000 13.00000 4.00000 13.00000 36.00000 3.00000 18.00000 15.00000 23.00000 10.00000 36.00000 16.00000 10.00000 24.00000 26.00000 14.00000 14.00000 15.00000 10.00000 21.00000 13.00000 11.00000 23.00000 35.00000 11.00000 25.00000 12.00000 25.00000 28.00000 34.00000 36.00000 13.00000 17.00000 13.00000 17.00000 12.00000 15.00000 18.00000 24.00000 17.00000 4.00000 10.00000 14.00000
18.00000 16.00000 17.00000 9.00000 17.00000 17.00000 10.00000 9.00000 33.00000 31.00000 6.00000 17.00000 16.00000 10.00000 31.00000 17.00000 29.00000 11.00000 12.00000 16.00000 4.00000 3.00000 18.00000 12.00000 13.00000 0.00000 12.00000 5.00000 8.00000 8.00000 34.00000 12.00000 18.00000 11.00000 33.00000 5.00000 10.00000 2.00000 33.00000 10.00000 10.00000 8.00000 16.00000 5.00000 33.00000 9.00000 5.00000 17.00000 19.00000 9.00000 18.00000 6.00000 3.00000 14.00000 6.00000 5.00000 16.00000 32.00000 5.00000 18.00000 6.00000 18.00000 21.00000 31.00000 33.00000 5.00000 9.00000 5.00000 8.00000 8.00000 8.00000 10.00000 16.00000 9.00000 10.00000 8.00000 18.00000
16.00000 13.00000 14.00000 6.00000 14.00000 14.00000 7.00000 16.00000 42.00000 39.00000 10.00000 13.00000 13.00000 7.00000 40.00000 14.00000 25.00000 17.00000 17.00000 12.00000 10.00000 10.00000 15.00000 17.00000 18.00000 12.00000 0.00000 9.00000 11.00000 5.00000 43.00000 12.00000 14.00000 17.00000 42.00000 10.00000 15.00000 12.00000 42.00000 16.00000 8.00000 11.00000 13.00000 12.00000 42.00000 6.00000 11.00000 13.00000 14.00000 5.00000 16.00000 9.00000 11.00000 11.00000 8.00000 10.00000 12.00000 41.00000 10.00000 14.00000 9.00000 15.00000 17.00000 40.00000 42.00000 9.00000 7.00000 9.00000 6.00000 7.00000 4.00000 8.00000 13.00000 8.00000 16.00000 9.00000 16.00000
15.00000 15.00000 16.00000 8.00000 16.00000 16.00000 9.00000 10.00000 36.00000 34.00000 2.00000 16.00000 15.00000 9.00000 34.00000 16.00000 27.00000 11.00000 11.00000 15.00000 3.00000 2.00000 17.00000 11.00000 12.00000 4.00000 9.00000 0.00000 6.00000 7.00000 37.00000 14.00000 16.00000 11.00000 36.00000 2.00000 9.00000 5.00000 36.00000 10.00000 10.00000 10.00000 15.00000 6.00000 36.00000 8.00000 5.00000 15.00000 18.00000 6.00000 15.00000 7.00000 4.00000 13.00000 5.00000 4.00000 14.00000 35.00000 4.00000 17.00000 3.00000 17.00000 20.00000 34.00000 35.00000 3.00000 8.00000 2.00000 8.00000 6.00000 7.00000 10.00000 15.00000 9.00000 10.00000 4.00000 15.00000
11.00000 19.00000 20.00000 12.00000 19.00000 19.00000 13.00000 9.00000 37.00000 36.00000 6.00000 18.00000 19.00000 12.00000 36.00000 19.00000 31.00000 9.00000 9.00000 18.00000 8.00000 7.00000 20.00000 9.00000 11.00000 9.00000 10.00000 8.00000 0.00000 11.00000 38.00000 17.00000 20.00000 9.00000 38.00000 7.00000 7.00000 10.00000 38.00000 8.00000 14.00000 13.00000 19.00000 7.00000 38.00000 10.00000 7.00000 19.00000 20.00000 8.00000 11.00000 10.00000 8.00000 17.00000 8.00000 6.00000 18.00000 36.00000 7.00000 20.00000 6.00000 20.00000 22.00000 36.00000 37.00000 8.00000 12.00000 7.00000 12.00000 5.00000 11.00000 14.00000 19.00000 13.00000 8.00000 4.00000 11.00000
17.00000 9.00000 10.00000 2.00000 10.00000 10.00000 3.00000 15.00000 38.00000 35.00000 7.00000 10.00000 10.00000 3.00000 37.00000 10.00000 22.00000 16.00000 16.00000 9.00000 7.00000 7.00000 11.00000 15.00000 17.00000 9.00000 5.00000 6.00000 11.00000 0.00000 39.00000 8.00000 11.00000 15.00000 39.00000 7.00000 14.00000 9.00000 39.00000 14.00000 4.00000 7.00000 9.00000 11.00000 39.00000 4.00000 10.00000 10.00000 12.00000 6.00000 17.00000 6.00000 9.00000 7.00000 5.00000 8.00000 9.00000 37.00000 9.00000 11.00000 7.00000 11.00000 14.00000 37.00000 38.00000 6.00000 3.00000 6.00000 3.00000 8.00000 2.00000 4.00000 9.00000 4.00000 14.00000 10.00000 17.00000
46.00000 46.00000 47.00000 38.00000 47.00000 47.00000 38.00000 36.00000 2.00000 13.00000 37.00000 47.00000 47.00000 39.00000 3.00000 47.00000 59.00000 36.00000 39.00000 46.00000 37.00000 35.00000 48.00000 38.00000 38.00000 34.00000 42.00000 36.00000 38.00000 39.00000 0.00000 40.00000 48.00000 36.00000 4.00000 37.00000 37.00000 34.00000 1.00000 37.00000 38.00000 35.00000 46.00000 34.00000 4.00000 39.00000 36.00000 47.00000 49.00000 39.00000 46.00000 36.00000 36.00000 44.00000 36.00000 37.00000 46.00000 4.00000 37.00000 48.00000 38.00000 48.00000 51.00000 3.00000 3.00000 36.00000 37.00000 36.00000 37.00000 38.00000 38.00000 38.00000 46.00000 37.00000 37.00000 39.00000 46.00000
22.00000 14.00000 15.00000 7.00000 14.00000 14.00000 9.00000 16.00000 39.00000 33.00000 12.00000 15.00000 14.00000 8.00000 37.00000 14.00000 26.00000 18.00000 19.00000 13.00000 12.00000 12.00000 15.00000 19.00000 20.00000 10.00000 12.00000 11.00000 16.00000 8.00000 40.00000 0.00000 15.00000 18.00000 39.00000 13.00000 17.00000 10.00000 39.00000 17.00000 6.00000 7.00000 14.00000 12.00000 39.00000 11.00000 12.00000 14.00000 16.00000 12.00000 22.00000 8.00000 12.00000 12.00000 10.00000 13.00000 13.00000 38.00000 13.00000 15.00000 12.00000 15.00000 19.00000 37.00000 38.00000 12.00000 7.00000 12.00000 7.00000 13.00000 8.00000 6.00000 14.00000 7.00000 17.00000 15.00000 22.00000
24.00000 4.00000 5.00000 11.00000 4.00000 4.00000 13.00000 24.00000 48.00000 40.00000 16.00000 3.00000 4.00000 12.00000 46.00000 3.00000 21.00000 25.00000 24.00000 3.00000 16.00000 16.00000 3.00000 24.00000 26.00000 18.00000 14.00000 15.00000 20.00000 11.00000 49.00000 15.00000 0.00000 24.00000 48.00000 16.00000 23.00000 18.00000 48.00000 23.00000 13.00000 16.00000 3.00000 20.00000 48.00000 13.00000 19.00000 3.00000 5.00000 15.00000 24.00000 16.00000 18.00000 4.00000 14.00000 17.00000 4.00000 47.00000 18.00000 4.00000 16.00000 3.00000 7.00000 46.00000 47.00000 15.00000 13.00000 15.00000 13.00000 17.00000 11.00000 12.00000 2.00000 13.00000 23.00000 19.00000 24.00000
14.00000 23.00000 24.00000 17.00000 24.00000 24.00000 18.00000 5.00000 36.00000 34.00000 13.00000 24.00000 24.00000 17.00000 34.00000 24.00000 36.00000 2.00000 5.00000 23.00000 11.00000 10.00000 25.00000 5.00000 3.00000 12.00000 16.00000 13.00000 9.00000 16.00000 37.00000 21.00000 25.00000 0.00000 36.00000 13.00000 4.00000 13.00000 36.00000 3.00000 18.00000 15.00000 24.00000 10.00000 36.00000 16.00000 10.00000 24.00000 26.00000 14.00000 14.00000 15.00000 10.00000 21.00000 13.00000 11.00000 23.00000 35.00000 11.00000 25.00000 12.00000 25.00000 28.00000 34.00000 36.00000 13.00000 17.00000 13.00000 17.00000 12.00000 15.00000 18.00000 24.00000 17.00000 4.00000 10.00000 14.00000
46.00000 46.00000 47.00000 38.00000 47.00000 47.00000 38.00000 35.00000 3.00000 13.00000 37.00000 47.00000 46.00000 39.00000 4.00000 47.00000 58.00000 35.00000 38.00000 45.00000 36.00000 35.00000 48.00000 38.00000 37.00000 34.00000 41.00000 36.00000 37.00000 38.00000 4.00000 40.00000 47.00000 35.00000 0.00000 37.00000 36.00000 34.00000 3.00000 36.00000 38.00000 35.00000 46.00000 34.00000 0.00000 38.00000 36.00000 46.00000 48.00000 38.00000 46.00000 35.00000 35.00000 44.00000 36.00000 37.00000 45.00000 4.00000 37.00000 47.00000 37.00000 48.00000 51.00000 3.00000 3.00000 36.00000 36.00000 36.00000 36.00000 38.00000 38.00000 38.00000 46.00000 37.00000 37.00000 39.00000 46.00000
15.00000 16.00000 17.00000 9.00000 16.00000 16.00000 10.00000 11.00000 36.00000 35.00000 2.00000 17.00000 16.00000 9.00000 34.00000 16.00000 28.00000 12.00000 11.00000 15.00000 3.00000 3.00000 17.00000 11.00000 13.00000 5.00000 10.00000 1.00000 7.00000 8.00000 37.00000 14.00000 17.00000 11.00000 37.00000 0.00000 9.00000 5.00000 37.00000 10.00000 11.00000 10.00000 16.00000 7.00000 37.00000 8.00000 6.00000 16.00000 18.00000 7.00000 15.00000 7.00000 4.00000 14.00000 5.00000 4.00000 15.00000 35.00000 4.00000 17.00000 3.00000 17.00000 21.00000 35.00000 36.00000 1.00000 9.00000 3.00000 9.00000 6.00000 8.00000 11.00000 16.00000 10.00000 10.00000 5.00000 15.00000
13.00000 23.00000 24.00000 16.00000 23.00000 23.00000 17.00000 4.00000 35.00000 34.00000 11.00000 24.00000 23.00000 16.00000 34.00000 23.00000 35.00000 3.00000 4.00000 22.00000 11.00000 9.00000 25.00000 4.00000 5.00000 11.00000 15.00000 12.00000 7.00000 15.00000 36.00000 19.00000 24.00000 3.00000 36.00000 12.00000 0.00000 11.00000 36.00000 2.00000 17.00000 14.00000 23.00000 8.00000 36.00000 15.00000 9.00000 23.00000 25.00000 13.00000 13.00000 14.00000 10.00000 21.00000 12.00000 10.00000 22.00000 34.00000 10.00000 24.00000 11.00000 24.00000 28.00000 34.00000 35.00000 12.00000 16.00000 12.00000 15.00000 10.00000 15.00000 17.00000 23.00000 16.00000 2.00000 9.00000 13.00000
18.00000 16.00000 18.00000 9.00000 17.00000 17.00000 10.00000 9.00000 32.00000 31.00000 7.00000 17.00000 17.00000 10.00000 30.00000 17.00000 29.00000 12.00000 12.00000 16.00000 5.00000 3.00000 18.00000 12.00000 13.00000 1.00000 12.00000 6.00000 9.00000 9.00000 33.00000 12.00000 18.00000 11.00000 33.00000 6.00000 10.00000 0.00000 33.00000 10.00000 10.00000 8.00000 17.00000 5.00000 33.00000 9.00000 5.00000 17.00000 19.00000 9.00000 18.00000 6.00000 4.00000 14.00000 6.00000 6.00000 16.00000 31.00000 6.00000 18.00000 7.00000 18.00000 21.00000 31.00000 32.00000 6.00000 8.00000 6.00000 8.00000 8.00000 8.00000 9.00000 17.00000 8.00000 10.00000 9.00000 18.00000
46.00000 46.00000 47.00000 37.00000 46.00000 46.00000 38.00000 35.00000 1.00000 12.00000 36.00000 47.00000 46.00000 38.00000 3.00000 46.00000 58.00000 35.00000 38.00000 45.00000 36.00000 35.00000 47.00000 38.00000 37.00000 34.00000 41.00000 35.00000 37.00000 38.00000 1.00000 39.00000 47.00000 35.00000 3.00000 37.00000 36.00000 33.00000 0.00000 36.00000 37.00000 34.00000 46.00000 34.00000 3.00000 38.00000 36.00000 46.00000 48.00000 38.00000 46.00000 35.00000 35.00000 44.00000 35.00000 36.00000 45.00000 3.00000 37.00000 47.00000 37.00000 47.00000 51.00000 3.00000 2.00000 36.00000 36.00000 36.00000 36.00000 37.00000 38.00000 37.00000 46.00000 36.00000 36.00000 39.00000 46.00000
13.00000 21.00000 23.00000 15.00000 22.00000 22.00000 16.00000 3.00000 35.00000 33.00000 11.00000 22.00000 22.00000 15.00000 33.00000 22.00000 34.00000 2.00000 5.00000 21.00000 9.00000 8.00000 23.00000 4.00000 4.00000 10.00000 15.00000 11.00000 8.00000 14.00000 36.00000 19.00000 23.00000 2.00000 35.00000 11.00000 2.00000 11.00000 35.00000 0.00000 16.00000 13.00000 22.00000 8.00000 35.00000 14.00000 8.00000 22.00000 24.00000 13.00000 13.00000 13.00000 8.00000 19.00000 11.00000 9.00000 21.00000 34.00000 9.00000 23.00000 10.00000 23.00000 26.00000 33.00000 35.00000 11.00000 15.00000 11.00000 15.00000 10.00000 13.00000 16.00000 22.00000 15.00000 3.00000 9.00000 13.00000
20.00000 11.00000 12.00000 3.00000 12.00000 12.00000 4.00000 15.00000 38.00000 33.00000 10.00000 12.00000 12.00000 3.00000 36.00000 12.00000 24.00000 18.00000 18.00000 11.00000 10.00000 10.00000 13.00000 18.00000 19.00000 9.00000 8.00000 9.00000 14.00000 4.00000 39.00000 6.00000 13.00000 17.00000 38.00000 11.00000 16.00000 10.00000 38.00000 16.00000 0.00000 7.00000 11.00000 11.00000 38.00000 7.00000 11.00000 12.00000 14.00000 9.00000 20.00000 6.00000 11.00000 9.00000 8.00000 12.00000 11.00000 37.00000 12.00000 13.00000 10.00000 13.00000 16.00000 36.00000 38.00000 10.00000 4.00000 10.00000 4.00000 11.00000 5.00000 1.00000 12.00000 3.00000 16.00000 13.00000 20.00000
18.00000 15.00000 16.00000 6.00000 16.00000 15.00000 6.00000 12.00000 34.00000 33.00000 9.00000 16.00000 15.00000 7.00000 32.00000 15.00000 27.00000 14.00000 14.00000 14.00000 9.00000 8.00000 17.00000 14.00000 15.00000 6.00000 10.00000 8.00000 12.00000 7.00000 35.00000 8.00000 16.00000 14.00000 34.00000 9.00000 12.00000 7.00000 34.00000 13.00000 6.00000 0.00000 15.00000 8.00000 34.00000 8.00000 9.00000 15.00000 17.00000 9.00000 18.00000 4.00000 9.00000 13.00000 6.00000 9.00000 14.00000 33.00000 10.00000 16.00000 9.00000 16.00000 20.00000 32.00000 34.00000 8.00000 4.00000 8.00000 4.00000 9.00000 7.00000 6.00000 15.00000 5.00000 13.00000 11.00000 18.00000
24.00000 2.00000 3.00000 10.00000 2.00000 1.00000 12.00000 23.00000 46.00000 37.00000 15.00000 3.00000 4.00000 11.00000 44.00000 2.00000 20.00000 23.00000 23.00000 1.00000 15.00000 15.00000 3.00000 23.00000 25.00000 17.00000 13.00000 14.00000 19.00000 10.00000 47.00000 14.00000 3.00000 23.00000 47.00000 15.00000 21.00000 17.00000 46.00000 22.00000 12.00000 14.00000 0.00000 19.00000 47.00000 12.00000 18.00000 1.00000 6.00000 14.00000 24.00000 15.00000 17.00000 4.00000 13.00000 16.00000 2.00000 45.00000 16.00000 2.00000 15.00000 3.00000 7.00000 45.00000 46.00000 14.00000 12.00000 14.00000 12.00000 16.00000 10.00000 11.00000 2.00000 12.00000 22.00000 18.00000 24.00000
16.00000 18.00000 19.00000 10.00000 18.00000 18.00000 10.00000 7.00000 33.00000 31.00000 6.00000 19.00000 18.00000 11.00000 31.00000 18.00000 30.00000 9.00000 9.00000 17.00000 5.00000 5.00000 20.00000 9.00000 10.00000 4.00000 11.00000 6.00000 6.00000 10.00000 34.00000 12.00000 19.00000 9.00000 33.00000 5.00000 8.00000 4.00000 33.00000 8.00000 10.00000 8.00000 18.00000 0.00000 33.00000 10.00000 3.00000 18.00000 20.00000 8.00000 16.00000 8.00000 4.00000 16.00000 7.00000 4.00000 17.00000 32.00000 4.00000 19.00000 5.00000 19.00000 23.00000 31.00000 33.00000 6.00000 9.00000 6.00000 8.00000 8.00000 10.00000 10.00000 18.00000 9.00000 8.00000 7.00000 16.00000
46.00000 46.00000 47.00000 38.00000 47.00000 47.00000 38.00000 35.00000 3.00000 13.00000 37.00000 47.00000 46.00000 39.00000 4.00000 47.00000 58.00000 35.00000 38.00000 45.00000 36.00000 35.00000 48.00000 38.00000 37.00000 34.00000 41.00000 36.00000 37.00000 38.00000 4.00000 40.00000 47.00000 35.00000 0.00000 37.00000 36.00000 34.00000 3.00000 36.00000 38.00000 35.00000 46.00000 34.00000 0.00000 38.00000 36.00000 46.00000 48.00000 38.00000 46.00000 35.00000 35.00000 44.00000 36.00000 37.00000 45.00000 4.00000 37.00000 47.00000 37.00000 48.00000 51.00000 3.00000 3.00000 36.00000 36.00000 36.00000 36.00000 38.00000 38.00000 38.00000 46.00000 37.00000 37.00000 39.00000 46.00000
15.00000 12.00000 13.00000 5.00000 13.00000 13.00000 6.00000 13.00000 37.00000 36.00000 6.00000 13.00000 12.00000 5.00000 36.00000 13.00000 24.00000 14.00000 14.00000 11.00000 6.00000 6.00000 14.00000 14.00000 15.00000 8.00000 6.00000 5.00000 9.00000 4.00000 39.00000 11.00000 13.00000 14.00000 38.00000 6.00000 12.00000 8.00000 38.00000 13.00000 7.00000 9.00000 12.00000 9.00000 38.00000 0.00000 9.00000 12.00000 14.00000 3.00000 15.00000 5.00000 7.00000 10.00000 3.00000 7.00000 11.00000 37.00000 7.00000 13.00000 6.00000 14.00000 17.00000 36.00000 37.00000 5.00000 5.00000 5.00000 5.00000 6.00000 4.00000 7.00000 12.00000 6.00000 13.00000 8.00000 15.00000
14.00000 17.00000 18.00000 10.00000 18.00000 18.00000 11.00000 7.00000 34.00000 32.00000 5.00000 18.00000 17.00000 11.00000 32.00000 18.00000 29.00000 9.00000 9.00000 17.00000 4.00000 4.00000 19.00000 9.00000 10.00000 5.00000 11.00000 5.00000 6.00000 9.00000 35.00000 14.00000 18.00000 9.00000 35.00000 5.00000 7.00000 6.00000 34.00000 8.00000 12.00000 10.00000 17.00000 3.00000 35.00000 10.00000 0.00000 17.00000 20.00000 8.00000 14.00000 8.00000 3.00000 15.00000 7.00000 3.00000 17.00000 33.00000 3.00000 19.00000 5.00000 19.00000 22.00000 32.00000 34.00000 6.00000 10.00000 5.00000 10.00000 8.00000 9.00000 11.00000 17.00000 10.00000 8.00000 7.00000 14.00000
24.00000 2.00000 3.00000 10.00000 3.00000 2.00000 12.00000 23.00000 46.00000 38.00000 15.00000 3.00000 4.00000 11.00000 44.00000 2.00000 20.00000 24.00000 24.00000 1.00000 15.00000 15.00000 3.00000 23.00000 25.00000 17.00000 13.00000 14.00000 19.00000 10.00000 47.00000 14.00000 3.00000 23.00000 47.00000 16.00000 22.00000 17.00000 46.00000 22.00000 12.00000 15.00000 1.00000 19.00000 47.00000 12.00000 18.00000 0.00000 5.00000 14.00000 24.00000 15.00000 17.00000 4.00000 13.00000 16.00000 2.00000 45.00000 17.00000 2.00000 15.00000 3.00000 7.00000 45.00000 46.00000 14.00000 12.00000 14.00000 12.00000 16.00000 10.00000 11.00000 1.00000 12.00000 22.00000 18.00000 24.00000
24.00000 7.00000 8.00000 12.00000 7.00000 6.00000 14.00000 25.00000 49.00000 42.00000 18.00000 3.00000 6.00000 13.00000 47.00000 6.00000 23.00000 26.00000 26.00000 6.00000 17.00000 18.00000 4.00000 25.00000 27.00000 20.00000 15.00000 16.00000 20.00000 12.00000 50.00000 17.00000 5.00000 26.00000 49.00000 18.00000 24.00000 20.00000 49.00000 25.00000 14.00000 17.00000 6.00000 21.00000 49.00000 14.00000 20.00000 5.00000 0.00000 16.00000 24.00000 17.00000 19.00000 6.00000 15.00000 19.00000 6.00000 48.00000 19.00000 6.00000 18.00000 3.00000 5.00000 47.00000 49.00000 17.00000 14.00000 17.00000 14.00000 17.00000 12.00000 14.00000 4.00000 15.00000 25.00000 19.00000 24.00000
16.00000 13.00000 14.00000 6.00000 14.00000 14.00000 7.00000 15.00000 39.00000 37.00000 7.00000 14.00000 13.00000 6.00000 37.00000 13.00000 25.00000 15.00000 15.00000 12.00000 7.00000 7.00000 15.00000 15.00000 17.00000 9.00000 4.00000 6.00000 9.00000 5.00000 40.00000 12.00000 14.00000 15.00000 39.00000 7.00000 13.00000 9.00000 39.00000 14.00000 8.00000 10.00000 13.00000 10.00000 39.00000 3.00000 9.00000 13.00000 15.00000 0.00000 16.00000 7.00000 8.00000 11.00000 5.00000 8.00000 12.00000 38.00000 8.00000 14.00000 7.00000 15.00000 18.00000 37.00000 39.00000 6.00000 7.00000 6.00000 6.00000 5.00000 4.00000 8.00000 13.00000 7.00000 14.00000 7.00000 16.00000
0.00000 25.00000 26.00000 19.00000 26.00000 25.00000 20.00000 15.00000 45.00000 43.00000 14.00000 22.00000 24.00000 20.00000 43.00000 25.00000 38.00000 14.00000 13.00000 25.00000 15.00000 15.00000 24.00000 13.00000 14.00000 17.00000 15.00000 15.00000 12.00000 18.00000 46.00000 25.00000 24.00000 14.00000 45.00000 15.00000 12.00000 17.00000 45.00000 13.00000 21.00000 21.00000 24.00000 16.00000 45.00000 16.00000 16.00000 24.00000 23.00000 15.00000 0.00000 18.00000 17.00000 22.00000 16.00000 15.00000 25.00000 44.00000 15.00000 25.00000 13.00000 24.00000 25.00000 43.00000 45.00000 15.00000 20.00000 15.00000 19.00000 13.00000 17.00000 21.00000 23.00000 20.00000 13.00000 12.00000 0.00000
16.00000 14.00000 15.00000 7.00000 14.00000 14.00000 7.00000 11.00000 34.00000 33.00000 6.00000 15.00000 14.00000 7.00000 32.00000 14.00000 26.00000 14.00000 14.00000 13.00000 6.00000 5.00000 15.00000 14.00000 15.00000 5.00000 9.00000 5.00000 10.00000 6.00000 35.00000 9.00000 15.00000 14.00000 34.00000 6.00000 12.00000 5.00000 34.00000 13.00000 7.00000 5.00000 14.00000 7.00000 34.00000 6.00000 8.00000 14.00000 16.00000 6.00000 16.00000 0.00000 7.00000 12.00000 3.00000 7.00000 13.00000 33.00000 7.00000 15.00000 6.00000 15.00000 19.00000 32.00000 34.00000 5.00000 5.00000 5.00000 5.00000 7.00000 5.00000 7.00000 14.00000 6.00000 13.00000 9.00000 16.00000
16.00000 14.00000 16.00000 8.00000 15.00000 15.00000 9.00000 9.00000 35.00000 33.00000 4.00000 15.00000 15.00000 8.00000 33.00000 15.00000 27.00000 10.00000 10.00000 14.00000 2.00000 1.00000 16.00000 10.00000 11.00000 3.00000 10.00000 3.00000 5.00000 7.00000 36.00000 13.00000 16.00000 10.00000 35.00000 3.00000 8.00000 4.00000 35.00000 9.00000 10.00000 9.00000 15.00000 5.00000 35.00000 7.00000 4.00000 15.00000 17.00000 7.00000 16.00000 6.00000 0.00000 12.00000 4.00000 3.00000 14.00000 34.00000 3.00000 16.00000 4.00000 16.00000 19.00000 33.00000 34.00000 3.00000 8.00000 3.00000 8.00000 7.00000 6.00000 10.00000 15.00000 9.00000 9.00000 6.00000 16.00000
22.00000 5.00000 6.00000 9.00000 6.00000 5.00000 10.00000 21.00000 45.00000 39.00000 14.00000 4.00000 3.00000 9.00000 43.00000 4.00000 19.00000 22.00000 22.00000 4.00000 14.00000 14.00000 5.00000 22.00000 23.00000 16.00000 12.00000 13.00000 17.00000 8.00000 46.00000 13.00000 4.00000 22.00000 45.00000 14.00000 20.00000 16.00000 45.00000 21.00000 10.00000 13.00000 4.00000 17.00000 45.00000 11.00000 16.00000 4.00000 6.00000 12.00000 22.00000 13.00000 15.00000 0.00000 11.00000 15.00000 5.00000 44.00000 15.00000 4.00000 14.00000 4.00000 8.00000 43.00000 45.00000 13.00000 10.00000 13.00000 10.00000 14.00000 8.00000 10.00000 3.00000 11.00000 21.00000 16.00000 22.00000
16.00000 11.00000 12.00000 4.00000 12.00000 12.00000 5.00000 14.00000 37.00000 35.00000 6.00000 12.00000 11.00000 4.00000 35.00000 12.00000 23.00000 15.00000 15.00000 10.00000 6.00000 6.00000 13.00000 14.00000 16.00000 7.00000 6.00000 5.00000 10.00000 3.00000 38.00000 10.00000 12.00000 14.00000 37.00000 7.00000 13.00000 7.00000 37.00000 13.00000 6.00000 8.00000 11.00000 10.00000 37.00000 4.00000 9.00000 11.00000 13.00000 6.00000 16.00000 4.00000 8.00000 9.00000 0.00000 7.00000 10.00000 36.00000 8.00000 12.00000 6.00000 13.00000 16.00000 35.00000 36.00000 5.00000 4.00000 6.00000 4.00000 7.00000 3.00000 6.00000 11.00000 5.00000 13.00000 9.00000 16.00000
15.00000 16.00000 17.00000 10.00000 17.00000 17.00000 10.00000 9.00000 36.00000 34.00000 3.00000 17.00000 17.00000 10.00000 34.00000 17.00000 29.00000 9.00000 9.00000 16.00000 2.00000 3.00000 18.00000 9.00000 11.00000 5.00000 9.00000 3.00000 5.00000 8.00000 37.00000 15.00000 18.00000 9.00000 36.00000 3.00000 7.00000 6.00000 36.00000 8.00000 12.00000 11.00000 16.00000 5.00000 36.00000 8.00000 4.00000 17.00000 19.00000 6.00000 15.00000 8.00000 4.00000 14.00000 6.00000 0.00000 16.00000 35.00000 1.00000 18.00000 3.00000 18.00000 21.00000 34.00000 36.00000 3.00000 10.00000 3.00000 9.00000 6.00000 8.00000 11.00000 16.00000 11.00000 8.00000 5.00000 15.00000
24.00000 2.00000 3.00000 9.00000 3.00000 3.00000 11.00000 22.00000 45.00000 37.00000 14.00000 4.00000 5.00000 10.00000 43.00000 2.00000 19.00000 23.00000 23.00000 1.00000 14.00000 15.00000 4.00000 22.00000 24.00000 17.00000 12.00000 13.00000 18.00000 9.00000 46.00000 13.00000 4.00000 23.00000 46.00000 15.00000 21.00000 17.00000 46.00000 22.00000 11.00000 14.00000 2.00000 18.00000 46.00000 11.00000 17.00000 2.00000 6.00000 13.00000 24.00000 14.00000 16.00000 5.00000 12.00000 16.00000 0.00000 44.00000 16.00000 3.00000 14.00000 4.00000 8.00000 44.00000 45.00000 14.00000 11.00000 14.00000 11.00000 15.00000 9.00000 10.00000 2.00000 11.00000 22.00000 17.00000 24.00000
44.00000 44.00000 45.00000 36.00000 45.00000 45.00000 37.00000 34.00000 3.00000 11.00000 35.00000 45.00000 45.00000 37.00000 1.00000 45.00000 57.00000 34.00000 37.00000 44.00000 35.00000 34.00000 46.00000 36.00000 36.00000 32.00000 40.00000 34.00000 36.00000 37.00000 4.00000 38.00000 46.00000 34.00000 4.00000 35.00000 35.00000 32.00000 3.00000 35.00000 36.00000 33.00000 44.00000 33.00000 4.00000 37.00000 34.00000 45.00000 47.00000 37.00000 44.00000 34.00000 34.00000 42.00000 34.00000 35.00000 44.00000 0.00000 35.00000 46.00000 36.00000 46.00000 49.00000 4.00000 3.00000 34.00000 35.00000 34.00000 35.00000 36.00000 36.00000 36.00000 45.00000 35.00000 35.00000 37.00000 44.00000
14.00000 16.00000 17.00000 10.00000 17.00000 17.00000 11.00000 8.00000 35.00000 33.00000 3.00000 17.00000 17.00000 10.00000 33.00000 17.00000 29.00000 9.00000 9.00000 16.00000 3.00000 4.00000 18.00000 9.00000 10.00000 6.00000 9.00000 4.00000 4.00000 9.00000 36.00000 15.00000 18.00000 9.00000 36.00000 3.00000 7.00000 6.00000 35.00000 8.00000 12.00000 11.00000 16.00000 4.00000 36.00000 8.00000 3.00000 17.00000 19.00000 6.00000 14.00000 8.00000 4.00000 14.00000 6.00000 1.00000 16.00000 34.00000 0.00000 18.00000 3.00000 18.00000 21.00000 33.00000 35.00000 4.00000 10.00000 3.00000 10.00000 6.00000 8.00000 12.00000 16.00000 11.00000 8.00000 5.00000 14.00000
25.00000 3.00000 4.00000 11.00000 4.00000 3.00000 13.00000 24.00000 47.00000 39.00000 16.00000 4.00000 3.00000 12.00000 46.00000 3.00000 21.00000 25.00000 25.00000 3.00000 16.00000 17.00000 4.00000 24.00000 26.00000 19.00000 14.00000 15.00000 20.00000 11.00000 49.00000 15.00000 4.00000 25.00000 48.00000 17.00000 23.00000 18.00000 48.00000 24.00000 13.00000 16.00000 2.00000 20.00000 48.00000 13.00000 19.00000 2.00000 6.00000 15.00000 25.00000 16.00000 18.00000 4.00000 14.00000 18.00000 3.00000 47.00000 18.00000 0.00000 16.00000 4.00000 8.00000 46.00000 47.00000 16.00000 13.00000 16.00000 13.00000 17.00000 11.00000 12.00000 2.00000 13.00000 24.00000 19.00000 25.00000
14.00000 14.00000 15.00000 7.00000 15.00000 15.00000 8.00000 10.00000 36.00000 35.00000 1.00000 15.00000 14.00000 8.00000 34.00000 15.00000 26.00000 11.00000 11.00000 14.00000 4.00000 4.00000 16.00000 11.00000 12.00000 6.00000 8.00000 3.00000 6.00000 6.00000 37.00000 13.00000 15.00000 11.00000 37.00000 3.00000 9.00000 6.00000 36.00000 10.00000 9.00000 9.00000 14.00000 6.00000 37.00000 7.00000 5.00000 14.00000 17.00000 5.00000 14.00000 6.00000 5.00000 12.00000 4.00000 3.00000 14.00000 35.00000 4.00000 16.00000 0.00000 16.00000 19.00000 34.00000 36.00000 4.00000 8.00000 4.00000 7.00000 5.00000 6.00000 9.00000 14.00000 8.00000 10.00000 4.00000 14.00000
24.00000 5.00000 6.00000 12.00000 5.00000 4.00000 14.00000 24.00000 48.00000 40.00000 17.00000 3.00000 4.00000 12.00000 46.00000 4.00000 21.00000 25.00000 25.00000 4.00000 17.00000 17.00000 1.00000 25.00000 26.00000 19.00000 15.00000 16.00000 20.00000 11.00000 49.00000 16.00000 3.00000 25.00000 49.00000 17.00000 23.00000 19.00000 48.00000 24.00000 13.00000 16.00000 3.00000 21.00000 49.00000 14.00000 20.00000 3.00000 3.00000 15.00000 24.00000 16.00000 18.00000 4.00000 15.00000 18.00000 4.00000 47.00000 18.00000 4.00000 17.00000 0.00000 6.00000 46.00000 48.00000 16.00000 14.00000 16.00000 13.00000 17.00000 11.00000 13.00000 2.00000 14.00000 24.00000 19.00000 24.00000
26.00000 8.00000 9.00000 15.00000 9.00000 8.00000 17.00000 28.00000 51.00000 44.00000 20.00000 6.00000 8.00000 15.00000 50.00000 8.00000 25.00000 28.00000 28.00000 8.00000 20.00000 20.00000 5.00000 28.00000 30.00000 22.00000 17.00000 19.00000 22.00000 14.00000 52.00000 19.00000 7.00000 28.00000 52.00000 20.00000 26.00000 22.00000 52.00000 27.00000 17.00000 19.00000 7.00000 24.00000 52.00000 17.00000 23.00000 7.00000 5.00000 18.00000 26.00000 20.00000 21.00000 8.00000 18.00000 21.00000 8.00000 50.00000 21.00000 8.00000 20.00000 6.00000 0.00000 50.00000 51.00000 19.00000 17.00000 19.00000 17.00000 19.00000 14.00000 16.00000 6.00000 17.00000 27.00000 21.00000 26.00000
44.00000 44.00000 45.00000 35.00000 44.00000 44.00000 36.00000 33.00000 2.00000 13.00000 34.00000 45.00000 44.00000 36.00000 3.00000 44.00000 56.00000 33.00000 36.00000 43.00000 34.00000 33.00000 46.00000 36.00000 35.00000 32.00000 39.00000 33.00000 35.00000 36.00000 3.00000 38.00000 45.00000 33.00000 3.00000 35.00000 34.00000 31.00000 3.00000 34.00000 36.00000 32.00000 44.00000 32.00000 3.00000 36.00000 34.00000 44.00000 46.00000 36.00000 44.00000 33.00000 33.00000 42.00000 33.00000 35.00000 43.00000 4.00000 35.00000 45.00000 35.00000 45.00000 49.00000 0.00000 2.00000 34.00000 34.00000 34.00000 34.00000 36.00000 36.00000 35.00000 44.00000 34.00000 34.00000 37.00000 44.00000
45.00000 45.00000 46.00000 37.00000 46.00000 46.00000 37.00000 34.00000 2.00000 12.00000 36.00000 46.00000 45.00000 38.00000 2.00000 46.00000 57.00000 34.00000 37.00000 45.00000 35.00000 34.00000 47.00000 37.00000 36.00000 33.00000 40.00000 35.00000 36.00000 37.00000 3.00000 39.00000 46.00000 34.00000 3.00000 36.00000 35.00000 33.00000 2.00000 35.00000 37.00000 34.00000 45.00000 33.00000 3.00000 38.00000 35.00000 45.00000 47.00000 37.00000 45.00000 34.00000 34.00000 43.00000 35.00000 36.00000 44.00000 2.00000 36.00000 46.00000 36.00000 47.00000 50.00000 3.00000 0.00000 35.00000 35.00000 35.00000 35.00000 37.00000 37.00000 37.00000 45.00000 36.00000 36.00000 38.00000 45.00000
15.00000 15.00000 16.00000 8.00000 16.00000 16.00000 9.00000 11.00000 36.00000 35.00000 2.00000 16.00000 15.00000 9.00000 34.00000 16.00000 27.00000 11.00000 11.00000 14.00000 3.00000 3.00000 17.00000 11.00000 13.00000 5.00000 9.00000 3.00000 7.00000 7.00000 37.00000 13.00000 16.00000 11.00000 36.00000 2.00000 9.00000 5.00000 36.00000 10.00000 10.00000 9.00000 15.00000 7.00000 36.00000 8.00000 6.00000 15.00000 17.00000 6.00000 15.00000 6.00000 4.00000 13.00000 5.00000 4.00000 14.00000 35.00000 4.00000 16.00000 3.00000 17.00000 20.00000 34.00000 36.00000 0.00000 8.00000 3.00000 8.00000 6.00000 7.00000 10.00000 15.00000 9.00000 10.00000 5.00000 15.00000
19.00000 12.00000 13.00000 4.00000 12.00000 12.00000 4.00000 13.00000 36.00000 33.00000 9.00000 12.00000 12.00000 4.00000 34.00000 12.00000 24.00000 16.00000 16.00000 11.00000 9.00000 9.00000 13.00000 16.00000 17.00000 7.00000 7.00000 8.00000 13.00000 3.00000 37.00000 8.00000 13.00000 16.00000 36.00000 9.00000 14.00000 8.00000 36.00000 15.00000 4.00000 5.00000 12.00000 9.00000 36.00000 6.00000 10.00000 12.00000 14.00000 8.00000 19.00000 4.00000 10.00000 9.00000 6.00000 10.00000 11.00000 35.00000 10.00000 13.00000 9.00000 13.00000 16.00000 34.00000 36.00000 8.00000 0.00000 8.00000 1.00000 10.00000 3.00000 3.00000 12.00000 3.00000 15.00000 12.00000 19.00000
15.00000 16.00000 17.00000 9.00000 17.00000 17.00000 10.00000 9.00000 36.00000 35.00000 4.00000 17.00000 16.00000 10.00000 34.00000 17.00000 28.00000 10.00000 10.00000 16.00000 1.00000 3.00000 18.00000 9.00000 11.00000 5.00000 10.00000 3.00000 5.00000 8.00000 37.00000 15.00000 17.00000 9.00000 37.00000 2.00000 8.00000 5.00000 36.00000 8.00000 11.00000 11.00000 16.00000 5.00000 37.00000 9.00000 4.00000 16.00000 18.00000 7.00000 15.00000 7.00000 4.00000 14.00000 6.00000 2.00000 15.00000 35.00000 3.00000 17.00000 4.00000 18.00000 21.00000 34.00000 36.00000 3.00000 9.00000 0.00000 9.00000 7.00000 8.00000 11.00000 16.00000 10.00000 8.00000 6.00000 15.00000
19.00000 11.00000 12.00000 4.00000 12.00000 12.00000 3.00000 13.00000 36.00000 33.00000 9.00000 12.00000 12.00000 4.00000 34.00000 12.00000 24.00000 16.00000 16.00000 11.00000 9.00000 9.00000 13.00000 16.00000 17.00000 7.00000 7.00000 8.00000 13.00000 3.00000 37.00000 8.00000 13.00000 16.00000 36.00000 9.00000 14.00000 8.00000 36.00000 15.00000 4.00000 5.00000 11.00000 9.00000 36.00000 6.00000 9.00000 12.00000 14.00000 7.00000 19.00000 4.00000 10.00000 9.00000 5.00000 10.00000 11.00000 35.00000 10.00000 13.00000 9.00000 13.00000 16.00000 34.00000 36.00000 8.00000 1.00000 8.00000 0.00000 9.00000 3.00000 3.00000 11.00000 2.00000 15.00000 12.00000 19.00000
12.00000 17.00000 18.00000 10.00000 17.00000 17.00000 11.00000 13.00000 40.00000 39.00000 7.00000 15.00000 17.00000 10.00000 38.00000 17.00000 29.00000 12.00000 11.00000 16.00000 7.00000 7.00000 17.00000 11.00000 14.00000 9.00000 6.00000 7.00000 6.00000 9.00000 41.00000 16.00000 17.00000 12.00000 40.00000 7.00000 10.00000 10.00000 40.00000 11.00000 12.00000 14.00000 17.00000 9.00000 40.00000 7.00000 8.00000 17.00000 16.00000 4.00000 12.00000 10.00000 8.00000 14.00000 8.00000 6.00000 16.00000 39.00000 7.00000 18.00000 6.00000 17.00000 19.00000 38.00000 40.00000 7.00000 10.00000 7.00000 10.00000 0.00000 7.00000 12.00000 16.00000 11.00000 11.00000 5.00000 12.00000
17.00000 10.00000 11.00000 3.00000 10.00000 10.00000 4.00000 14.00000 38.00000 36.00000 7.00000 11.00000 10.00000 3.00000 37.00000 10.00000 22.00000 15.00000 15.00000 9.00000 7.00000 7.00000 11.00000 15.00000 16.00000 9.00000 4.00000 6.00000 11.00000 2.00000 40.00000 9.00000 11.00000 15.00000 39.00000 7.00000 13.00000 9.00000 39.00000 14.00000 5.00000 7.00000 10.00000 10.00000 39.00000 4.00000 10.00000 10.00000 12.00000 5.00000 17.00000 6.00000 8.00000 8.00000 5.00000 8.00000 9.00000 38.00000 8.00000 11.00000 7.00000 11.00000 15.00000 37.00000 38.00000 6.00000 3.00000 6.00000 3.00000 7.00000 0.00000 5.00000 10.00000 4.00000 14.00000 9.00000 17.00000
20.00000 11.00000 12.00000 2.00000 12.00000 12.00000 4.00000 15.00000 38.00000 33.00000 10.00000 12.00000 12.00000 3.00000 36.00000 12.00000 24.00000 17.00000 18.00000 11.00000 10.00000 10.00000 13.00000 18.00000 19.00000 9.00000 8.00000 9.00000 14.00000 3.00000 39.00000 6.00000 13.00000 17.00000 38.00000 10.00000 16.00000 9.00000 38.00000 16.00000 1.00000 6.00000 11.00000 11.00000 38.00000 7.00000 11.00000 12.00000 14.00000 9.00000 20.00000 6.00000 11.00000 9.00000 8.00000 11.00000 11.00000 37.00000 12.00000 13.00000 10.00000 13.00000 16.00000 36.00000 37.00000 9.00000 4.00000 9.00000 4.00000 11.00000 5.00000 0.00000 11.00000 3.00000 16.00000 13.00000 20.00000
23.00000 3.00000 4.00000 10.00000 3.00000 2.00000 12.00000 23.00000 46.00000 38.00000 15.00000 2.00000 3.00000 11.00000 45.00000 2.00000 20.00000 24.00000 23.00000 2.00000 15.00000 15.00000 2.00000 23.00000 25.00000 17.00000 13.00000 14.00000 19.00000 10.00000 48.00000 14.00000 2.00000 23.00000 47.00000 15.00000 21.00000 17.00000 47.00000 22.00000 12.00000 15.00000 2.00000 19.00000 47.00000 12.00000 18.00000 1.00000 5.00000 14.00000 23.00000 15.00000 17.00000 3.00000 13.00000 16.00000 2.00000 46.00000 17.00000 2.00000 15.00000 2.00000 6.00000 45.00000 46.00000 14.00000 12.00000 14.00000 12.00000 16.00000 10.00000 11.00000 0.00000 12.00000 22.00000 18.00000 23.00000
20.00000 11.00000 13.00000 3.00000 12.00000 12.00000 4.00000 14.00000 36.00000 34.00000 10.00000 12.00000 12.00000 4.00000 35.00000 12.00000 24.00000 16.00000 17.00000 11.00000 10.00000 10.00000 13.00000 17.00000 18.00000 8.00000 8.00000 9.00000 14.00000 4.00000 38.00000 8.00000 13.00000 16.00000 37.00000 10.00000 15.00000 8.00000 37.00000 15.00000 3.00000 6.00000 12.00000 10.00000 37.00000 7.00000 10.00000 12.00000 14.00000 8.00000 20.00000 5.00000 10.00000 9.00000 7.00000 11.00000 11.00000 36.00000 11.00000 13.00000 10.00000 13.00000 16.00000 35.00000 36.00000 9.00000 3.00000 9.00000 2.00000 10.00000 4.00000 2.00000 12.00000 0.00000 15.00000 13.00000 20.00000
14.00000 22.00000 23.00000 16.00000 23.00000 23.00000 17.00000 4.00000 36.00000 34.00000 12.00000 23.00000 23.00000 16.00000 34.00000 23.00000 35.00000 2.00000 4.00000 22.00000 10.00000 9.00000 24.00000 3.00000 3.00000 11.00000 15.00000 12.00000 8.00000 15.00000 37.00000 20.00000 24.00000 2.00000 36.00000 11.00000 3.00000 12.00000 36.00000 2.00000 17.00000 14.00000 22.00000 9.00000 36.00000 15.00000 9.00000 23.00000 25.00000 13.00000 14.00000 14.00000 9.00000 20.00000 12.00000 10.00000 22.00000 35.00000 10.00000 24.00000 11.00000 24.00000 27.00000 34.00000 35.00000 12.00000 16.00000 12.00000 16.00000 11.00000 14.00000 17.00000 22.00000 16.00000 0.00000 9.00000 14.00000
13.00000 16.00000 17.00000 9.00000 17.00000 17.00000 10.00000 11.00000 37.00000 35.00000 4.00000 17.00000 16.00000 10.00000 35.00000 17.00000 29.00000 11.00000 11.00000 16.00000 5.00000 5.00000 18.00000 11.00000 12.00000 7.00000 8.00000 5.00000 4.00000 8.00000 38.00000 15.00000 17.00000 11.00000 37.00000 4.00000 9.00000 7.00000 37.00000 10.00000 12.00000 11.00000 16.00000 7.00000 37.00000 8.00000 6.00000 17.00000 19.00000 6.00000 13.00000 8.00000 6.00000 14.00000 6.00000 4.00000 16.00000 36.00000 5.00000 18.00000 3.00000 18.00000 21.00000 35.00000 37.00000 5.00000 10.00000 5.00000 9.00000 3.00000 8.00000 11.00000 16.00000 10.00000 10.00000 0.00000 13.00000
0.00000 25.00000 26.00000 19.00000 26.00000 25.00000 20.00000 15.00000 45.00000 43.00000 14.00000 22.00000 24.00000 20.00000 43.00000 25.00000 38.00000 14.00000 13.00000 25.00000 15.00000 15.00000 24.00000 13.00000 14.00000 17.00000 15.00000 15.00000 12.00000 18.00000 46.00000 25.00000 24.00000 14.00000 45.00000 15.00000 12.00000 17.00000 45.00000 13.00000 21.00000 21.00000 24.00000 16.00000 45.00000 16.00000 16.00000 24.00000 23.00000 15.00000 0.00000 18.00000 17.00000 22.00000 16.00000 15.00000 25.00000 44.00000 15.00000 25.00000 13.00000 24.00000 25.00000 43.00000 45.00000 15.00000 20.00000 15.00000 19.00000 13.00000 17.00000 21.00000 23.00000 20.00000 13.00000 12.00000 0.00000
p
0.0 0.0 0.0 0.0 0.0 0.0 
0.0 0.0 0.0 0.0 0.0 0.0 
0.0 0.0 0.0 0.0 0.0 0.0 
0.0 0.0 0.0 0.0 0.0 0.0 
0.0 0.0 0.0 0.0 0.0 0.0 
0.0 0.0 0.0 0.0 0.0 0.0 
0.0 0.0 0.0 0.0 0.0 0.0 
0.0 0.0 0.0 0.0 0.0 0.0 
0.0 0.0 0.0 0.0 0.0 0.0 
0.0 0.0 0.0 0.0 0.0 0.0 
0.0 0.0 0.0 0.0 0.0 0.0 
0.0 0.0 0.0 0.0 0.0 0.0 
0.0 0.0 0.0 0.0 0.0 0.0 
0.0 0.0 0.0 0.0 0.0 0.0 
0.0 0.0 0.0 0.0 0.0 0.0 
0 0 52 0 0 0 
0 0 52 0 0 0 
0 0 52 0 0 0 
0 0 52 0 0 0 
0 0 52 0 0 0 
0 0 52 0 0 0 
0 0 52 0 0 0 
0 0 52 0 0 0 
0 0 52 0 0 0 
0 0 52 0 0 0 
0 0 52 0 0 0 
0 0 52 0 0 0 
0 0 52 0 0 0 
0 0 52 0 0 0 
0 0 52 0 0 0 
0 0 0 0 0 57 
0 0 0 0 0 57 
0 0 0 0 0 57 
0 0 0 0 0 57 
0 0 0 0 0 57 
0 0 0 0 0 57 
0 0 0 0 0 57 
0 0 0 0 0 57 
0 0 0 0 0 57 
0 0 0 0 0 57 
0 0 0 0 0 57 
0 0 0 0 0 57 
0 0 0 0 0 57 
0 0 0 0 0 57 
0 0 0 0 0 57 
0 55 0 0 0 46 
0 55 0 0 0 46 
0 55 0 0 0 46 
0 55 0 0 0 46 
0 55 0 0 0 46 
0 55 0 0 0 46 
0 55 0 0 0 46 
0 55 0 0 0 46 
0 55 0 0 0 46 
0 55 0 0 0 46 
0 55 0 0 0 46 
0 55 0 0 0 46 
0 55 0 0 0 46 
0 55 0 0 0 46 
0 55 0 0 0 46 
0 0 60 0 0 16 
0 0 60 0 0 16 
0 0 60 0 0 16 
0 0 60 0 0 16 
0 0 60 0 0 16 
0 0 60 0 0 16 
0 0 60 0 0 16 
0 0 60 0 0 16 
0 0 60 0 0 16 
0 0 60 0 0 16 
0 0 60 0 0 16 
0 0 60 0 0 16 
0 0 60 0 0 16 
0 0 60 0 0 16 
0 0 60 0 0 16 
45 0 0 0 0 49 
45 0 0 0 0 49 
45 0 0 0 0 49 
45 0 0 0 0 49 
45 0 0 0 0 49 
45 0 0 0 0 49 
45 0 0 0 0 49 
45 0 0 0 0 49 
45 0 0 0 0 49 
45 0 0 0 0 49 
45 0 0 0 0 49 
45 0 0 0 0 49 
45 0 0 0 0 49 
45 0 0 0 0 49 
45 0 0 0 0 49 
0 0 0 0 0 52 
0 0 0 0 0 52 
0 0 0 0 0 52 
0 0 0 0 0 52 
0 0 0 0 0 52 
0 0 0 0 0 52 
0 0 0 0 0 52 
0 0 0 0 0 52 
0 0 0 0 0 52 
0 0 0 0 0 52 
0 0 0 0 0 52 
0 0 0 0 0 52 
0 0 0 0 0 52 
0 0 0 0 0 52 
0 0 0 0 0 52 
25 0 0 0 0 0 
25 0 0 0 0 0 
25 0 0 0 0 0 
25 0 0 0 0 0 
25 0 0 0 0 0 
25 0 0 0 0 0 
25 0 0 0 0 0 
25 0 0 0 0 0 
25 0 0 0 0 0 
25 0 0 0 0 0 
25 0 0 0 0 0 
25 0 0 0 0 0 
25 0 0 0 0 0 
25 0 0 0 0 0 
25 0 0 0 0 0 
0 0 0 22 0 0 
0 0 0 22 0 0 
0 0 0 22 0 0 
0 0 0 22 0 0 
0 0 0 22 0 0 
0 0 0 22 0 0 
0 0 0 22 0 0 
0 0 0 22 0 0 
0 0 0 22 0 0 
0 0 0 22 0 0 
0 0 0 22 0 0 
0 0 0 22 0 0 
0 0 0 22 0 0 
0 0 0 22 0 0 
0 0 0 22 0 0 
0 39 0 38 0 0 
0 39 0 38 0 0 
0 39 0 38 0 0 
0 39 0 38 0 0 
0 39 0 38 0 0 
0 39 0 38 0 0 
0 39 0 38 0 0 
0 39 0 38 0 0 
0 39 0 38 0 0 
0 39 0 38 0 0 
0 39 0 38 0 0 
0 39 0 38 0 0 
0 39 0 38 0 0 
0 39 0 38 0 0 
0 39 0 38 0 0 
29 0 0 0 0 0 
29 0 0 0 0 0 
29 0 0 0 0 0 
29 0 0 0 0 0 
29 0 0 0 0 0 
29 0 0 0 0 0 
29 0 0 0 0 0 
29 0 0 0 0 0 
29 0 0 0 0 0 
29 0 0 0 0 0 
29 0 0 0 0 0 
29 0 0 0 0 0 
29 0 0 0 0 0 
29 0 0 0 0 0 
29 0 0 0 0 0 
0 0 0 0 32 0 
0 0 0 0 32 0 
0 0 0 0 32 0 
0 0 0 0 32 0 
0 0 0 0 32 0 
0 0 0 0 32 0 
0 0 0 0 32 0 
0 0 0 0 32 0 
0 0 0 0 32 0 
0 0 0 0 32 0 
0 0 0 0 32 0 
0 0 0 0 32 0 
0 0 0 0 32 0 
0 0 0 0 32 0 
0 0 0 0 32 0 
0 38 0 0 0 0 
0 38 0 0 0 0 
0 38 0 0 0 0 
0 38 0 0 0 0 
0 38 0 0 0 0 
0 38 0 0 0 0 
0 38 0 0 0 0 
0 38 0 0 0 0 
0 38 0 0 0 0 
0 38 0 0 0 0 
0 38 0 0 0 0 
0 38 0 0 0 0 
0 38 0 0 0 0 
0 38 0 0 0 0 
0 38 0 0 0 0 
0 0 0 0 18 0 
0 0 0 0 18 0 
0 0 0 0 18 0 
0 0 0 0 18 0 
0 0 0 0 18 0 
0 0 0 0 18 0 
0 0 0 0 18 0 
0 0 0 0 18 0 
0 0 0 0 18 0 
0 0 0 0 18 0 
0 0 0 0 18 0 
0 0 0 0 18 0 
0 0 0 0 18 0 
0 0 0 0 18 0 
0 0 0 0 18 0 
34 0 0 0 0 0 
34 0 0 0 0 0 
34 0 0 0 0 0 
34 0 0 0 0 0 
34 0 0 0 0 0 
34 0 0 0 0 0 
34 0 0 0 0 0 
34 0 0 0 0 0 
34 0 0 0 0 0 
34 0 0 0 0 0 
34 0 0 0 0 0 
34 0 0 0 0 0 
34 0 0 0 0 0 
34 0 0 0 0 0 
34 0 0 0 0 0 
0 0 51 0 0 21 
0 0 51 0 0 21 
0 0 51 0 0 21 
0 0 51 0 0 21 
0 0 51 0 0 21 
0 0 51 0 0 21 
0 0 51 0 0 21 
0 0 51 0 0 21 
0 0 51 0 0 21 
0 0 51 0 0 21 
0 0 51 0 0 21 
0 0 51 0 0 21 
0 0 51 0 0 21 
0 0 51 0 0 21 
0 0 51 0 0 21 
46 0 0 0 0 0 
46 0 0 0 0 0 
46 0 0 0 0 0 
46 0 0 0 0 0 
46 0 0 0 0 0 
46 0 0 0 0 0 
46 0 0 0 0 0 
46 0 0 0 0 0 
46 0 0 0 0 0 
46 0 0 0 0 0 
46 0 0 0 0 0 
46 0 0 0 0 0 
46 0 0 0 0 0 
46 0 0 0 0 0 
46 0 0 0 0 0 
0 0 0 60 0 0 
0 0 0 60 0 0 
0 0 0 60 0 0 
0 0 0 60 0 0 
0 0 0 60 0 0 
0 0 0 60 0 0 
0 0 0 60 0 0 
0 0 0 60 0 0 
0 0 0 60 0 0 
0 0 0 60 0 0 
0 0 0 60 0 0 
0 0 0 60 0 0 
0 0 0 60 0 0 
0 0 0 60 0 0 
0 0 0 60 0 0 
0 0 0 40 0 0 
0 0 0 40 0 0 
0 0 0 40 0 0 
0 0 0 40 0 0 
0 0 0 40 0 0 
0 0 0 40 0 0 
0 0 0 40 0 0 
0 0 0 40 0 0 
0 0 0 40 0 0 
0 0 0 40 0 0 
0 0 0 40 0 0 
0 0 0 40 0 0 
0 0 0 40 0 0 
0 0 0 40 0 0 
0 0 0 40 0 0 
60 0 0 0 0 0 
60 0 0 0 0 0 
60 0 0 0 0 0 
60 0 0 0 0 0 
60 0 0 0 0 0 
60 0 0 0 0 0 
60 0 0 0 0 0 
60 0 0 0 0 0 
60 0 0 0 0 0 
60 0 0 0 0 0 
60 0 0 0 0 0 
60 0 0 0 0 0 
60 0 0 0 0 0 
60 0 0 0 0 0 
60 0 0 0 0 0 
0 0 0 31 0 0 
0 0 0 31 0 0 
0 0 0 31 0 0 
0 0 0 31 0 0 
0 0 0 31 0 0 
0 0 0 31 0 0 
0 0 0 31 0 0 
0 0 0 31 0 0 
0 0 0 31 0 0 
0 0 0 31 0 0 
0 0 0 31 0 0 
0 0 0 31 0 0 
0 0 0 31 0 0 
0 0 0 31 0 0 
0 0 0 31 0 0 
0 0 0 27 0 0 
0 0 0 27 0 0 
0 0 0 27 0 0 
0 0 0 27 0 0 
0 0 0 27 0 0 
0 0 0 27 0 0 
0 0 0 27 0 0 
0 0 0 27 0 0 
0 0 0 27 0 0 
0 0 0 27 0 0 
0 0 0 27 0 0 
0 0 0 27 0 0 
0 0 0 27 0 0 
0 0 0 27 0 0 
0 0 0 27 0 0 
0 0 0 35 0 0 
0 0 0 35 0 0 
0 0 0 35 0 0 
0 0 0 35 0 0 
0 0 0 35 0 0 
0 0 0 35 0 0 
0 0 0 35 0 0 
0 0 0 35 0 0 
0 0 0 35 0 0 
0 0 0 35 0 0 
0 0 0 35 0 0 
0 0 0 35 0 0 
0 0 0 35 0 0 
0 0 0 35 0 0 
0 0 0 35 0 0 
0 0 15 0 0 23 
0 0 15 0 0 23 
0 0 15 0 0 23 
0 0 15 0 0 23 
0 0 15 0 0 23 
0 0 15 0 0 23 
0 0 15 0 0 23 
0 0 15 0 0 23 
0 0 15 0 0 23 
0 0 15 0 0 23 
0 0 15 0 0 23 
0 0 15 0 0 23 
0 0 15 0 0 23 
0 0 15 0 0 23 
0 0 15 0 0 23 
0 0 0 0 0 59 
0 0 0 0 0 59 
0 0 0 0 0 59 
0 0 0 0 0 59 
0 0 0 0 0 59 
0 0 0 0 0 59 
0 0 0 0 0 59 
0 0 0 0 0 59 
0 0 0 0 0 59 
0 0 0 0 0 59 
0 0 0 0 0 59 
0 0 0 0 0 59 
0 0 0 0 0 59 
0 0 0 0 0 59 
0 0 0 0 0 59 
0 19 0 0 0 24 
0 19 0 0 0 24 
0 19 0 0 0 24 
0 19 0 0 0 24 
0 19 0 0 0 24 
0 19 0 0 0 24 
0 19 0 0 0 24 
0 19 0 0 0 24 
0 19 0 0 0 24 
0 19 0 0 0 24 
0 19 0 0 0 24 
0 19 0 0 0 24 
0 19 0 0 0 24 
0 19 0 0 0 24 
0 19 0 0 0 24 
0 55 0 0 0 0 
0 55 0 0 0 0 
0 55 0 0 0 0 
0 55 0 0 0 0 
0 55 0 0 0 0 
0 55 0 0 0 0 
0 55 0 0 0 0 
0 55 0 0 0 0 
0 55 0 0 0 0 
0 55 0 0 0 0 
0 55 0 0 0 0 
0 55 0 0 0 0 
0 55 0 0 0 0 
0 55 0 0 0 0 
0 55 0 0 0 0 
32 0 0 0 57 0 
32 0 0 0 57 0 
32 0 0 0 57 0 
32 0 0 0 57 0 
32 0 0 0 57 0 
32 0 0 0 57 0 
32 0 0 0 57 0 
32 0 0 0 57 0 
32 0 0 0 57 0 
32 0 0 0 57 0 
32 0 0 0 57 0 
32 0 0 0 57 0 
32 0 0 0 57 0 
32 0 0 0 57 0 
32 0 0 0 57 0 
0 0 0 0 0 58 
0 0 0 0 0 58 
0 0 0 0 0 58 
0 0 0 0 0 58 
0 0 0 0 0 58 
0 0 0 0 0 58 
0 0 0 0 0 58 
0 0 0 0 0 58 
0 0 0 0 0 58 
0 0 0 0 0 58 
0 0 0 0 0 58 
0 0 0 0 0 58 
0 0 0 0 0 58 
0 0 0 0 0 58 
0 0 0 0 0 58 
0 0 34 0 0 35 
0 0 34 0 0 35 
0 0 34 0 0 35 
0 0 34 0 0 35 
0 0 34 0 0 35 
0 0 34 0 0 35 
0 0 34 0 0 35 
0 0 34 0 0 35 
0 0 34 0 0 35 
0 0 34 0 0 35 
0 0 34 0 0 35 
0 0 34 0 0 35 
0 0 34 0 0 35 
0 0 34 0 0 35 
0 0 34 0 0 35 
0 0 0 0 53 0 
0 0 0 0 53 0 
0 0 0 0 53 0 
0 0 0 0 53 0 
0 0 0 0 53 0 
0 0 0 0 53 0 
0 0 0 0 53 0 
0 0 0 0 53 0 
0 0 0 0 53 0 
0 0 0 0 53 0 
0 0 0 0 53 0 
0 0 0 0 53 0 
0 0 0 0 53 0 
0 0 0 0 53 0 
0 0 0 0 53 0 
0 0 0 51 0 0 
0 0 0 51 0 0 
0 0 0 51 0 0 
0 0 0 51 0 0 
0 0 0 51 0 0 
0 0 0 51 0 0 
0 0 0 51 0 0 
0 0 0 51 0 0 
0 0 0 51 0 0 
0 0 0 51 0 0 
0 0 0 51 0 0 
0 0 0 51 0 0 
0 0 0 51 0 0 
0 0 0 51 0 0 
0 0 0 51 0 0 
0 0 31 42 0 0 
0 0 31 42 0 0 
0 0 31 42 0 0 
0 0 31 42 0 0 
0 0 31 42 0 0 
0 0 31 42 0 0 
0 0 31 42 0 0 
0 0 31 42 0 0 
0 0 31 42 0 0 
0 0 31 42 0 0 
0 0 31 42 0 0 
0 0 31 42 0 0 
0 0 31 42 0 0 
0 0 31 42 0 0 
0 0 31 42 0 0 
0 0 0 0 0 16 
0 0 0 0 0 16 
0 0 0 0 0 16 
0 0 0 0 0 16 
0 0 0 0 0 16 
0 0 0 0 0 16 
0 0 0 0 0 16 
0 0 0 0 0 16 
0 0 0 0 0 16 
0 0 0 0 0 16 
0 0 0 0 0 16 
0 0 0 0 0 16 
0 0 0 0 0 16 
0 0 0 0 0 16 
0 0 0 0 0 16 
0 51 0 0 0 0 
0 51 0 0 0 0 
0 51 0 0 0 0 
0 51 0 0 0 0 
0 51 0 0 0 0 
0 51 0 0 0 0 
0 51 0 0 0 0 
0 51 0 0 0 0 
0 51 0 0 0 0 
0 51 0 0 0 0 
0 51 0 0 0 0 
0 51 0 0 0 0 
0 51 0 0 0 0 
0 51 0 0 0 0 
0 51 0 0 0 0 
0 0 0 0 31 0 
0 0 0 0 31 0 
0 0 0 0 31 0 
0 0 0 0 31 0 
0 0 0 0 31 0 
0 0 0 0 31 0 
0 0 0 0 31 0 
0 0 0 0 31 0 
0 0 0 0 31 0 
0 0 0 0 31 0 
0 0 0 0 31 0 
0 0 0 0 31 0 
0 0 0 0 31 0 
0 0 0 0 31 0 
0 0 0 0 31 0 
0 0 0 0 42 0 
0 0 0 0 42 0 
0 0 0 0 42 0 
0 0 0 0 42 0 
0 0 0 0 42 0 
0 0 0 0 42 0 
0 0 0 0 42 0 
0 0 0 0 42 0 
0 0 0 0 42 0 
0 0 0 0 42 0 
0 0 0 0 42 0 
0 0 0 0 42 0 
0 0 0 0 42 0 
0 0 0 0 42 0 
0 0 0 0 42 0 
0 0 0 0 0 32 
0 0 0 0 0 32 
0 0 0 0 0 32 
0 0 0 0 0 32 
0 0 0 0 0 32 
0 0 0 0 0 32 
0 0 0 0 0 32 
0 0 0 0 0 32 
0 0 0 0 0 32 
0 0 0 0 0 32 
0 0 0 0 0 32 
0 0 0 0 0 32 
0 0 0 0 0 32 
0 0 0 0 0 32 
0 0 0 0 0 32 
0 0 21 0 16 0 
0 0 21 0 16 0 
0 0 21 0 16 0 
0 0 21 0 16 0 
0 0 21 0 16 0 
0 0 21 0 16 0 
0 0 21 0 16 0 
0 0 21 0 16 0 
0 0 21 0 16 0 
0 0 21 0 16 0 
0 0 21 0 16 0 
0 0 21 0 16 0 
0 0 21 0 16 0 
0 0 21 0 16 0 
0 0 21 0 16 0 
0 36 0 0 0 44 
0 36 0 0 0 44 
0 36 0 0 0 44 
0 36 0 0 0 44 
0 36 0 0 0 44 
0 36 0 0 0 44 
0 36 0 0 0 44 
0 36 0 0 0 44 
0 36 0 0 0 44 
0 36 0 0 0 44 
0 36 0 0 0 44 
0 36 0 0 0 44 
0 36 0 0 0 44 
0 36 0 0 0 44 
0 36 0 0 0 44 
0 0 0 0 0 47 
0 0 0 0 0 47 
0 0 0 0 0 47 
0 0 0 0 0 47 
0 0 0 0 0 47 
0 0 0 0 0 47 
0 0 0 0 0 47 
0 0 0 0 0 47 
0 0 0 0 0 47 
0 0 0 0 0 47 
0 0 0 0 0 47 
0 0 0 0 0 47 
0 0 0 0 0 47 
0 0 0 0 0 47 
0 0 0 0 0 47 
0 17 0 0 0 0 
0 17 0 0 0 0 
0 17 0 0 0 0 
0 17 0 0 0 0 
0 17 0 0 0 0 
0 17 0 0 0 0 
0 17 0 0 0 0 
0 17 0 0 0 0 
0 17 0 0 0 0 
0 17 0 0 0 0 
0 17 0 0 0 0 
0 17 0 0 0 0 
0 17 0 0 0 0 
0 17 0 0 0 0 
0 17 0 0 0 0 
0 0 0 0 0 23 
0 0 0 0 0 23 
0 0 0 0 0 23 
0 0 0 0 0 23 
0 0 0 0 0 23 
0 0 0 0 0 23 
0 0 0 0 0 23 
0 0 0 0 0 23 
0 0 0 0 0 23 
0 0 0 0 0 23 
0 0 0 0 0 23 
0 0 0 0 0 23 
0 0 0 0 0 23 
0 0 0 0 0 23 
0 0 0 0 0 23 
0 0 0 0 54 0 
0 0 0 0 54 0 
0 0 0 0 54 0 
0 0 0 0 54 0 
0 0 0 0 54 0 
0 0 0 0 54 0 
0 0 0 0 54 0 
0 0 0 0 54 0 
0 0 0 0 54 0 
0 0 0 0 54 0 
0 0 0 0 54 0 
0 0 0 0 54 0 
0 0 0 0 54 0 
0 0 0 0 54 0 
0 0 0 0 54 0 
0 26 0 0 0 55 
0 26 0 0 0 55 
0 26 0 0 0 55 
0 26 0 0 0 55 
0 26 0 0 0 55 
0 26 0 0 0 55 
0 26 0 0 0 55 
0 26 0 0 0 55 
0 26 0 0 0 55 
0 26 0 0 0 55 
0 26 0 0 0 55 
0 26 0 0 0 55 
0 26 0 0 0 55 
0 26 0 0 0 55 
0 26 0 0 0 55 
0 0 0 55 0 0 
0 0 0 55 0 0 
0 0 0 55 0 0 
0 0 0 55 0 0 
0 0 0 55 0 0 
0 0 0 55 0 0 
0 0 0 55 0 0 
0 0 0 55 0 0 
0 0 0 55 0 0 
0 0 0 55 0 0 
0 0 0 55 0 0 
0 0 0 55 0 0 
0 0 0 55 0 0 
0 0 0 55 0 0 
0 0 0 55 0 0 
0 0 0 54 0 0 
0 0 0 54 0 0 
0 0 0 54 0 0 
0 0 0 54 0 0 
0 0 0 54 0 0 
0 0 0 54 0 0 
0 0 0 54 0 0 
0 0 0 54 0 0 
0 0 0 54 0 0 
0 0 0 54 0 0 
0 0 0 54 0 0 
0 0 0 54 0 0 
0 0 0 54 0 0 
0 0 0 54 0 0 
0 0 0 54 0 0 
0 0 0 0 0 48 
0 0 0 0 0 48 
0 0 0 0 0 48 
0 0 0 0 0 48 
0 0 0 0 0 48 
0 0 0 0 0 48 
0 0 0 0 0 48 
0 0 0 0 0 48 
0 0 0 0 0 48 
0 0 0 0 0 48 
0 0 0 0 0 48 
0 0 0 0 0 48 
0 0 0 0 0 48 
0 0 0 0 0 48 
0 0 0 0 0 48 
0 0 0 0 31 0 
0 0 0 0 31 0 
0 0 0 0 31 0 
0 0 0 0 31 0 
0 0 0 0 31 0 
0 0 0 0 31 0 
0 0 0 0 31 0 
0 0 0 0 31 0 
0 0 0 0 31 0 
0 0 0 0 31 0 
0 0 0 0 31 0 
0 0 0 0 31 0 
0 0 0 0 31 0 
0 0 0 0 31 0 
0 0 0 0 31 0 
0 0 0 44 0 0 
0 0 0 44 0 0 
0 0 0 44 0 0 
0 0 0 44 0 0 
0 0 0 44 0 0 
0 0 0 44 0 0 
0 0 0 44 0 0 
0 0 0 44 0 0 
0 0 0 44 0 0 
0 0 0 44 0 0 
0 0 0 44 0 0 
0 0 0 44 0 0 
0 0 0 44 0 0 
0 0 0 44 0 0 
0 0 0 44 0 0 
0 0 0 41 0 0 
0 0 0 41 0 0 
0 0 0 41 0 0 
0 0 0 41 0 0 
0 0 0 41 0 0 
0 0 0 41 0 0 
0 0 0 41 0 0 
0 0 0 41 0 0 
0 0 0 41 0 0 
0 0 0 41 0 0 
0 0 0 41 0 0 
0 0 0 41 0 0 
0 0 0 41 0 0 
0 0 0 41 0 0 
0 0 0 41 0 0 
0 23 0 0 0 35 
0 23 0 0 0 35 
0 23 0 0 0 35 
0 23 0 0 0 35 
0 23 0 0 0 35 
0 23 0 0 0 35 
0 23 0 0 0 35 
0 23 0 0 0 35 
0 23 0 0 0 35 
0 23 0 0 0 35 
0 23 0 0 0 35 
0 23 0 0 0 35 
0 23 0 0 0 35 
0 23 0 0 0 35 
0 23 0 0 0 35 
0 0 0 0 0 49 
0 0 0 0 0 49 
0 0 0 0 0 49 
0 0 0 0 0 49 
0 0 0 0 0 49 
0 0 0 0 0 49 
0 0 0 0 0 49 
0 0 0 0 0 49 
0 0 0 0 0 49 
0 0 0 0 0 49 
0 0 0 0 0 49 
0 0 0 0 0 49 
0 0 0 0 0 49 
0 0 0 0 0 49 
0 0 0 0 0 49 
0 0 0 32 0 0 
0 0 0 32 0 0 
0 0 0 32 0 0 
0 0 0 32 0 0 
0 0 0 32 0 0 
0 0 0 32 0 0 
0 0 0 32 0 0 
0 0 0 32 0 0 
0 0 0 32 0 0 
0 0 0 32 0 0 
0 0 0 32 0 0 
0 0 0 32 0 0 
0 0 0 32 0 0 
0 0 0 32 0 0 
0 0 0 32 0 0 
0 0 47 0 0 0 
0 0 47 0 0 0 
0 0 47 0 0 0 
0 0 47 0 0 0 
0 0 47 0 0 0 
0 0 47 0 0 0 
0 0 47 0 0 0 
0 0 47 0 0 0 
0 0 47 0 0 0 
0 0 47 0 0 0 
0 0 47 0 0 0 
0 0 47 0 0 0 
0 0 47 0 0 0 
0 0 47 0 0 0 
0 0 47 0 0 0 
0 0 29 0 38 0 
0 0 29 0 38 0 
0 0 29 0 38 0 
0 0 29 0 38 0 
0 0 29 0 38 0 
0 0 29 0 38 0 
0 0 29 0 38 0 
0 0 29 0 38 0 
0 0 29 0 38 0 
0 0 29 0 38 0 
0 0 29 0 38 0 
0 0 29 0 38 0 
0 0 29 0 38 0 
0 0 29 0 38 0 
0 0 29 0 38 0 
35 0 0 0 0 0 
35 0 0 0 0 0 
35 0 0 0 0 0 
35 0 0 0 0 0 
35 0 0 0 0 0 
35 0 0 0 0 0 
35 0 0 0 0 0 
35 0 0 0 0 0 
35 0 0 0 0 0 
35 0 0 0 0 0 
35 0 0 0 0 0 
35 0 0 0 0 0 
35 0 0 0 0 0 
35 0 0 0 0 0 
35 0 0 0 0 0 
0 0 0 0 0 44 
0 0 0 0 0 44 
0 0 0 0 0 44 
0 0 0 0 0 44 
0 0 0 0 0 44 
0 0 0 0 0 44 
0 0 0 0 0 44 
0 0 0 0 0 44 
0 0 0 0 0 44 
0 0 0 0 0 44 
0 0 0 0 0 44 
0 0 0 0 0 44 
0 0 0 0 0 44 
0 0 0 0 0 44 
0 0 0 0 0 44 
19 0 0 0 0 0 
19 0 0 0 0 0 
19 0 0 0 0 0 
19 0 0 0 0 0 
19 0 0 0 0 0 
19 0 0 0 0 0 
19 0 0 0 0 0 
19 0 0 0 0 0 
19 0 0 0 0 0 
19 0 0 0 0 0 
19 0 0 0 0 0 
19 0 0 0 0 0 
19 0 0 0 0 0 
19 0 0 0 0 0 
19 0 0 0 0 0 
0 36 0 0 0 0 
0 36 0 0 0 0 
0 36 0 0 0 0 
0 36 0 0 0 0 
0 36 0 0 0 0 
0 36 0 0 0 0 
0 36 0 0 0 0 
0 36 0 0 0 0 
0 36 0 0 0 0 
0 36 0 0 0 0 
0 36 0 0 0 0 
0 36 0 0 0 0 
0 36 0 0 0 0 
0 36 0 0 0 0 
0 36 0 0 0 0 
0 0 0 0 25 0 
0 0 0 0 25 0 
0 0 0 0 25 0 
0 0 0 0 25 0 
0 0 0 0 25 0 
0 0 0 0 25 0 
0 0 0 0 25 0 
0 0 0 0 25 0 
0 0 0 0 25 0 
0 0 0 0 25 0 
0 0 0 0 25 0 
0 0 0 0 25 0 
0 0 0 0 25 0 
0 0 0 0 25 0 
0 0 0 0 25 0 
21 0 0 0 0 55 
21 0 0 0 0 55 
21 0 0 0 0 55 
21 0 0 0 0 55 
21 0 0 0 0 55 
21 0 0 0 0 55 
21 0 0 0 0 55 
21 0 0 0 0 55 
21 0 0 0 0 55 
21 0 0 0 0 55 
21 0 0 0 0 55 
21 0 0 0 0 55 
21 0 0 0 0 55 
21 0 0 0 0 55 
21 0 0 0 0 55 
0 39 0 29 0 0 
0 39 0 29 0 0 
0 39 0 29 0 0 
0 39 0 29 0 0 
0 39 0 29 0 0 
0 39 0 29 0 0 
0 39 0 29 0 0 
0 39 0 29 0 0 
0 39 0 29 0 0 
0 39 0 29 0 0 
0 39 0 29 0 0 
0 39 0 29 0 0 
0 39 0 29 0 0 
0 39 0 29 0 0 
0 39 0 29 0 0 
0 0 55 0 0 0 
0 0 55 0 0 0 
0 0 55 0 0 0 
0 0 55 0 0 0 
0 0 55 0 0 0 
0 0 55 0 0 0 
0 0 55 0 0 0 
0 0 55 0 0 0 
0 0 55 0 0 0 
0 0 55 0 0 0 
0 0 55 0 0 0 
0 0 55 0 0 0 
0 0 55 0 0 0 
0 0 55 0 0 0 
0 0 55 0 0 0 
0 0 59 58 0 0 
0 0 59 58 0 0 
0 0 59 58 0 0 
0 0 59 58 0 0 
0 0 59 58 0 0 
0 0 59 58 0 0 
0 0 59 58 0 0 
0 0 59 58 0 0 
0 0 59 58 0 0 
0 0 59 58 0 0 
0 0 59 58 0 0 
0 0 59 58 0 0 
0 0 59 58 0 0 
0 0 59 58 0 0 
0 0 59 58 0 0 
19 0 0 46 0 0 
19 0 0 46 0 0 
19 0 0 46 0 0 
19 0 0 46 0 0 
19 0 0 46 0 0 
19 0 0 46 0 0 
19 0 0 46 0 0 
19 0 0 46 0 0 
19 0 0 46 0 0 
19 0 0 46 0 0 
19 0 0 46 0 0 
19 0 0 46 0 0 
19 0 0 46 0 0 
19 0 0 46 0 0 
19 0 0 46 0 0 
0 0 0 44 0 0 
0 0 0 44 0 0 
0 0 0 44 0 0 
0 0 0 44 0 0 
0 0 0 44 0 0 
0 0 0 44 0 0 
0 0 0 44 0 0 
0 0 0 44 0 0 
0 0 0 44 0 0 
0 0 0 44 0 0 
0 0 0 44 0 0 
0 0 0 44 0 0 
0 0 0 44 0 0 
0 0 0 44 0 0 
0 0 0 44 0 0 
0 39 0 0 0 0 
0 39 0 0 0 0 
0 39 0 0 0 0 
0 39 0 0 0 0 
0 39 0 0 0 0 
0 39 0 0 0 0 
0 39 0 0 0 0 
0 39 0 0 0 0 
0 39 0 0 0 0 
0 39 0 0 0 0 
0 39 0 0 0 0 
0 39 0 0 0 0 
0 39 0 0 0 0 
0 39 0 0 0 0 
0 39 0 0 0 0 
45 0 0 0 0 22 
45 0 0 0 0 22 
45 0 0 0 0 22 
45 0 0 0 0 22 
45 0 0 0 0 22 
45 0 0 0 0 22 
45 0 0 0 0 22 
45 0 0 0 0 22 
45 0 0 0 0 22 
45 0 0 0 0 22 
45 0 0 0 0 22 
45 0 0 0 0 22 
45 0 0 0 0 22 
45 0 0 0 0 22 
45 0 0 0 0 22 
58 0 0 0 59 0 
58 0 0 0 59 0 
58 0 0 0 59 0 
58 0 0 0 59 0 
58 0 0 0 59 0 
58 0 0 0 59 0 
58 0 0 0 59 0 
58 0 0 0 59 0 
58 0 0 0 59 0 
58 0 0 0 59 0 
58 0 0 0 59 0 
58 0 0 0 59 0 
58 0 0 0 59 0 
58 0 0 0 59 0 
58 0 0 0 59 0 
0 0 21 0 0 45 
0 0 21 0 0 45 
0 0 21 0 0 45 
0 0 21 0 0 45 
0 0 21 0 0 45 
0 0 21 0 0 45 
0 0 21 0 0 45 
0 0 21 0 0 45 
0 0 21 0 0 45 
0 0 21 0 0 45 
0 0 21 0 0 45 
0 0 21 0 0 45 
0 0 21 0 0 45 
0 0 21 0 0 45 
0 0 21 0 0 45 
0 0 0 25 0 0 
0 0 0 25 0 0 
0 0 0 25 0 0 
0 0 0 25 0 0 
0 0 0 25 0 0 
0 0 0 25 0 0 
0 0 0 25 0 0 
0 0 0 25 0 0 
0 0 0 25 0 0 
0 0 0 25 0 0 
0 0 0 25 0 0 
0 0 0 25 0 0 
0 0 0 25 0 0 
0 0 0 25 0 0 
0 0 0 25 0 0 
0 21 0 0 0 54 
0 21 0 0 0 54 
0 21 0 0 0 54 
0 21 0 0 0 54 
0 21 0 0 0 54 
0 21 0 0 0 54 
0 21 0 0 0 54 
0 21 0 0 0 54 
0 21 0 0 0 54 
0 21 0 0 0 54 
0 21 0 0 0 54 
0 21 0 0 0 54 
0 21 0 0 0 54 
0 21 0 0 0 54 
0 21 0 0 0 54 
0 0 0 0 50 0 
0 0 0 0 50 0 
0 0 0 0 50 0 
0 0 0 0 50 0 
0 0 0 0 50 0 
0 0 0 0 50 0 
0 0 0 0 50 0 
0 0 0 0 50 0 
0 0 0 0 50 0 
0 0 0 0 50 0 
0 0 0 0 50 0 
0 0 0 0 50 0 
0 0 0 0 50 0 
0 0 0 0 50 0 
0 0 0 0 50 0 
0 0 0 0 0 40 
0 0 0 0 0 40 
0 0 0 0 0 40 
0 0 0 0 0 40 
0 0 0 0 0 40 
0 0 0 0 0 40 
0 0 0 0 0 40 
0 0 0 0 0 40 
0 0 0 0 0 40 
0 0 0 0 0 40 
0 0 0 0 0 40 
0 0 0 0 0 40 
0 0 0 0 0 40 
0 0 0 0 0 40 
0 0 0 0 0 40 
0 0 58 53 0 0 
0 0 58 53 0 0 
0 0 58 53 0 0 
0 0 58 53 0 0 
0 0 58 53 0 0 
0 0 58 53 0 0 
0 0 58 53 0 0 
0 0 58 53 0 0 
0 0 58 53 0 0 
0 0 58 53 0 0 
0 0 58 53 0 0 
0 0 58 53 0 0 
0 0 58 53 0 0 
0 0 58 53 0 0 
0 0 58 53 0 0 
0.0 0.0 0.0 0.0 0.0 0.0 
0.0 0.0 0.0 0.0 0.0 0.0 
0.0 0.0 0.0 0.0 0.0 0.0 
0.0 0.0 0.0 0.0 0.0 0.0 
0.0 0.0 0.0 0.0 0.0 0.0 
0.0 0.0 0.0 0.0 0.0 0.0 
0.0 0.0 0.0 0.0 0.0 0.0 
0.0 0.0 0.0 0.0 0.0 0.0 
0.0 0.0 0.0 0.0 0.0 0.0 
0.0 0.0 0.0 0.0 0.0 0.0 
0.0 0.0 0.0 0.0 0.0 0.0 
0.0 0.0 0.0 0.0 0.0 0.0 
0.0 0.0 0.0 0.0 0.0 0.0 
0.0 0.0 0.0 0.0 0.0 0.0 
0.0 0.0 0.0 0.0 0.0 0.0 
mind
0 0 0 20 0 10 0 0 0 23 0 0 0 0 0 0 0 0 0 0 0 0 0 25 0 15 0 0 0 23 0 0 0 0 0 0 0 0 11 15 0 0 0 0 0 0 0 0 0 0 0 0 0 0 0 24 0 0 0 0 0 0 0 0 0 0 0 0 11 16 0 0 11 0 0 0 0
maxd
0 0 0 20 0 26 0 0 0 28 0 0 0 0 0 0 0 0 0 0 0 0 0 26 0 18 0 0 0 27 0 0 0 0 0 0 0 0 23 17 0 0 0 0 0 0 0 0 0 0 0 0 0 0 0 29 0 0 0 0 0 0 0 0 0 0 0 0 30 25 0 0 13 0 0 0 0
e
0 823 590 806 943 685 497 644 632 740 495 656 787 556 535 481 569 846 930 904 896 532 647 811 912 737 614 843 860 906 864 529 632 643 851 588 862 613 911 703 770 850 753 700 887 795 774 897 817 551 881 893 625 727 499 637 897 947 721 539 730 747 929 682 748 723 934 656 571 782 843 624 485 739 760 876 0
l
99999 943 710 926 1063 805 617 764 752 860 615 776 907 676 655 601 689 966 1050 1024 1016 652 767 931 1032 857 734 963 980 1026 984 649 752 763 971 708 982 733 1031 823 890 970 873 820 1007 915 894 1017 937 671 1001 1013 745 847 619 757 1017 1067 841 659 850 867 1049 802 868 843 1054 776 691 902 963 744 605 859 880 996 99999
