nbNodes
77
nbVehi
15
nbServi
6
r
1 1 1 1 1 1 
0 0 0 1 0 0 
1 0 0 0 0 0 
0 1 0 0 0 1 
0 0 0 0 0 1 
0 0 0 0 0 1 
0 0 1 0 0 1 
1 0 0 0 0 0 
0 0 0 1 0 0 
0 1 0 0 0 0 
0 0 1 0 0 0 
0 0 0 0 1 0 
0 0 1 0 0 0 
1 0 0 1 0 0 
0 0 0 1 0 0 
0 0 0 1 0 0 
1 0 0 0 0 0 
1 0 0 0 0 1 
0 1 0 1 0 0 
0 1 0 0 0 0 
0 0 1 0 0 1 
1 0 0 0 0 0 
1 0 0 0 0 0 
0 0 1 0 0 0 
0 0 0 0 1 0 
0 0 1 0 1 0 
0 0 0 0 1 0 
1 0 0 0 0 0 
1 0 0 0 0 0 
1 0 0 0 1 0 
0 0 1 1 0 0 
0 1 0 0 0 0 
0 0 1 0 0 0 
1 0 0 0 0 0 
0 1 0 0 0 0 
1 0 0 0 0 0 
0 0 1 0 0 0 
1 0 0 1 0 0 
0 0 0 0 1 0 
0 1 0 0 0 0 
0 0 1 1 0 0 
0 0 0 1 0 0 
0 1 0 0 0 0 
0 0 1 0 0 0 
0 0 1 0 0 0 
1 0 0 0 1 0 
0 0 0 0 1 0 
1 0 0 0 0 0 
0 0 0 0 0 1 
0 0 0 0 1 0 
0 0 1 0 1 0 
0 0 1 0 1 0 
0 1 0 0 1 0 
0 0 1 0 0 0 
0 1 0 0 0 1 
0 0 1 0 0 0 
0 0 0 0 1 0 
0 0 0 0 1 0 
0 0 0 1 0 0 
0 0 0 0 0 1 
0 0 0 1 0 0 
0 0 0 1 0 0 
0 1 0 1 0 0 
0 1 0 0 0 1 
0 0 1 0 1 0 
0 0 1 0 0 0 
0 1 0 1 0 0 
0 0 0 1 0 0 
1 0 0 0 0 0 
0 0 0 0 0 1 
0 0 1 0 0 1 
0 0 1 0 0 1 
1 0 0 0 1 0 
0 0 0 1 0 0 
0 1 0 0 1 0 
1 0 0 0 0 0 
1 1 1 1 1 1 
DS
4 7 14 18 19 21 26 30 31 38 41 46 51 52 53 55 63 64 65 67 71 72 73 75 
a
1 1 1 0 0 0 
1 0 1 0 0 0 
0 0 1 0 0 0 
0 1 1 0 0 0 
1 0 0 0 0 0 
1 0 0 0 0 0 
1 1 1 0 0 0 
0 0 0 1 1 1 
0 0 0 0 1 0 
0 0 0 1 1 1 
0 0 0 0 1 0 
0 0 0 1 0 1 
0 0 0 0 1 1 
0 0 0 1 0 0 
0 0 0 1 1 0 
x
-30.0033 -30.0546 -30.1008 -30.0476 -30.0466 -30.0114 -30.031 -30.1045 -30.0229 -30.073 -30.033 -30.0434 -30.0136 -30.0656 -30.0139 -30.0333 -30.0163 -29.9854 -30.0467 -30.0981 -30.0544 -30.1622 -30.0446 -30.0261 -30.0619 -30.0492 -30.099 -30.0721 -30.0086 -30.0805 -30.052 -30.0213 -30.0259 -30.0676 -30.0782 -30.0671 -30.0486 -30.0989 -30.0421 -30.0684 -30.027 -30.0683 -30.0323 -30.0735 -29.9784 -30.0178 -30.0378 -30.0267 -30.0519 -30.0308 -30.0648 -30.0527 -30.0406 -30.2132 -30.0147 -30.0885 -30.0096 -30.032 -30.0157 -30.068 -30.0217 -30.0033 -30.0401 -30.0675 -30.0394 -30.07 -30.031 -30.0705 -30.0725 -30.035 -30.1653 -30.0372 -30.0372 -30.0709 -29.9907 -30.0006 -30.0033
y
-51.0951 -51.1852 -51.2506 -51.1686 -51.1081 -51.2018 -51.1921 -51.1153 -51.1265 -51.1632 -51.2022 -51.1976 -51.1969 -51.1923 -51.2078 -51.1145 -51.1294 -51.1158 -51.192 -51.1341 -51.1962 -51.2204 -51.1684 -51.1042 -51.2282 -51.1709 -51.1268 -51.1726 -51.128 -51.1693 -51.1977 -51.2113 -51.2132 -51.1687 -51.1714 -51.1614 -51.1611 -51.2265 -51.2118 -51.2022 -51.2235 -51.2156 -51.1985 -51.1611 -51.1909 -51.0932 -51.1026 -51.2226 -51.2253 -51.2008 -51.1553 -51.2014 -51.165 -51.1766 -51.2067 -51.1224 -51.203 -51.1103 -51.2048 -51.1995 -51.1423 -51.0951 -51.2266 -51.1727 -51.1069 -51.1764 -51.1123 -51.1732 -51.1395 -51.1173 -51.1914 -51.1241 -51.1253 -51.2235 -51.2258 -51.0915 -51.0951
d
0.00000 23.00000 37.00000 20.00000 16.00000 21.00000 21.00000 27.00000 10.00000 24.00000 23.00000 23.00000 20.00000 25.00000 22.00000 11.00000 11.00000 8.00000 23.00000 25.00000 25.00000 43.00000 19.00000 9.00000 30.00000 20.00000 25.00000 26.00000 9.00000 28.00000 25.00000 23.00000 23.00000 22.00000 27.00000 23.00000 18.00000 33.00000 25.00000 27.00000 25.00000 29.00000 22.00000 23.00000 21.00000 7.00000 13.00000 25.00000 28.00000 22.00000 18.00000 26.00000 18.00000 56.00000 23.00000 25.00000 21.00000 11.00000 21.00000 27.00000 14.00000 0.00000 27.00000 22.00000 12.00000 25.00000 10.00000 26.00000 20.00000 12.00000 47.00000 11.00000 11.00000 31.00000 23.00000 2.00000 0.00000
21.00000 0.00000 17.00000 5.00000 18.00000 11.00000 8.00000 17.00000 15.00000 10.00000 8.00000 5.00000 11.00000 5.00000 12.00000 14.00000 16.00000 20.00000 4.00000 15.00000 5.00000 23.00000 6.00000 18.00000 11.00000 5.00000 15.00000 9.00000 17.00000 12.00000 5.00000 10.00000 10.00000 6.00000 10.00000 8.00000 7.00000 12.00000 7.00000 7.00000 11.00000 9.00000 8.00000 9.00000 16.00000 19.00000 16.00000 10.00000 10.00000 8.00000 8.00000 5.00000 6.00000 37.00000 12.00000 15.00000 12.00000 16.00000 11.00000 6.00000 12.00000 21.00000 10.00000 7.00000 15.00000 7.00000 14.00000 9.00000 9.00000 14.00000 26.00000 12.00000 12.00000 12.00000 17.00000 22.00000 21.00000
36.00000 18.00000 0.00000 20.00000 32.00000 21.00000 21.00000 29.00000 30.00000 22.00000 18.00000 17.00000 22.00000 16.00000 22.00000 28.00000 30.00000 33.00000 19.00000 27.00000 17.00000 16.00000 20.00000 33.00000 11.00000 19.00000 27.00000 18.00000 32.00000 22.00000 17.00000 19.00000 19.00000 18.00000 19.00000 19.00000 21.00000 7.00000 15.00000 13.00000 18.00000 12.00000 18.00000 21.00000 26.00000 33.00000 31.00000 18.00000 13.00000 19.00000 20.00000 17.00000 20.00000 30.00000 22.00000 27.00000 22.00000 30.00000 21.00000 14.00000 27.00000 36.00000 14.00000 17.00000 29.00000 17.00000 29.00000 19.00000 21.00000 28.00000 19.00000 27.00000 27.00000 13.00000 25.00000 37.00000 36.00000
19.00000 6.00000 21.00000 0.00000 15.00000 12.00000 9.00000 16.00000 13.00000 9.00000 10.00000 8.00000 11.00000 8.00000 12.00000 11.00000 13.00000 17.00000 7.00000 13.00000 8.00000 27.00000 1.00000 16.00000 15.00000 1.00000 13.00000 10.00000 15.00000 11.00000 9.00000 12.00000 12.00000 5.00000 10.00000 7.00000 3.00000 16.00000 10.00000 10.00000 13.00000 13.00000 10.00000 8.00000 15.00000 16.00000 14.00000 12.00000 13.00000 10.00000 6.00000 9.00000 3.00000 40.00000 13.00000 13.00000 13.00000 13.00000 11.00000 10.00000 10.00000 19.00000 13.00000 6.00000 12.00000 8.00000 12.00000 10.00000 8.00000 11.00000 30.00000 10.00000 10.00000 16.00000 16.00000 20.00000 19.00000
16.00000 19.00000 34.00000 16.00000 0.00000 23.00000 20.00000 24.00000 11.00000 21.00000 21.00000 20.00000 22.00000 22.00000 23.00000 7.00000 14.00000 17.00000 19.00000 22.00000 22.00000 40.00000 16.00000 11.00000 27.00000 17.00000 21.00000 23.00000 13.00000 24.00000 21.00000 23.00000 23.00000 19.00000 23.00000 20.00000 14.00000 29.00000 22.00000 23.00000 24.00000 26.00000 21.00000 19.00000 26.00000 13.00000 8.00000 23.00000 25.00000 21.00000 15.00000 22.00000 14.00000 53.00000 24.00000 21.00000 24.00000 9.00000 22.00000 23.00000 15.00000 16.00000 25.00000 19.00000 6.00000 21.00000 8.00000 23.00000 16.00000 8.00000 43.00000 8.00000 8.00000 28.00000 27.00000 17.00000 16.00000
21.00000 12.00000 22.00000 12.00000 23.00000 0.00000 7.00000 26.00000 15.00000 19.00000 8.00000 9.00000 2.00000 14.00000 3.00000 19.00000 14.00000 16.00000 10.00000 24.00000 11.00000 32.00000 12.00000 20.00000 14.00000 12.00000 23.00000 18.00000 14.00000 21.00000 11.00000 6.00000 6.00000 15.00000 19.00000 16.00000 15.00000 21.00000 10.00000 14.00000 8.00000 15.00000 7.00000 18.00000 7.00000 20.00000 22.00000 8.00000 13.00000 6.00000 17.00000 11.00000 11.00000 45.00000 3.00000 23.00000 2.00000 20.00000 4.00000 15.00000 13.00000 21.00000 11.00000 15.00000 20.00000 16.00000 19.00000 18.00000 18.00000 19.00000 35.00000 18.00000 18.00000 15.00000 8.00000 22.00000 21.00000
21.00000 9.00000 20.00000 9.00000 20.00000 7.00000 0.00000 23.00000 16.00000 15.00000 5.00000 6.00000 7.00000 11.00000 7.00000 16.00000 14.00000 17.00000 6.00000 20.00000 8.00000 29.00000 8.00000 20.00000 12.00000 9.00000 20.00000 14.00000 14.00000 17.00000 7.00000 7.00000 7.00000 12.00000 15.00000 13.00000 11.00000 19.00000 8.00000 11.00000 9.00000 12.00000 4.00000 14.00000 13.00000 20.00000 18.00000 9.00000 10.00000 4.00000 13.00000 8.00000 8.00000 43.00000 8.00000 20.00000 8.00000 18.00000 6.00000 11.00000 13.00000 21.00000 10.00000 12.00000 17.00000 13.00000 17.00000 14.00000 15.00000 16.00000 32.00000 14.00000 14.00000 13.00000 14.00000 22.00000 21.00000
28.00000 17.00000 31.00000 16.00000 24.00000 26.00000 23.00000 0.00000 22.00000 17.00000 22.00000 19.00000 25.00000 19.00000 26.00000 20.00000 23.00000 27.00000 20.00000 6.00000 18.00000 35.00000 16.00000 25.00000 24.00000 16.00000 4.00000 19.00000 24.00000 21.00000 19.00000 25.00000 25.00000 16.00000 20.00000 16.00000 15.00000 26.00000 21.00000 20.00000 25.00000 23.00000 23.00000 16.00000 29.00000 25.00000 22.00000 25.00000 23.00000 23.00000 11.00000 19.00000 18.00000 33.00000 27.00000 7.00000 27.00000 22.00000 25.00000 20.00000 20.00000 28.00000 23.00000 16.00000 21.00000 18.00000 21.00000 19.00000 13.00000 20.00000 29.00000 19.00000 19.00000 26.00000 30.00000 29.00000 28.00000
10.00000 17.00000 31.00000 14.00000 11.00000 17.00000 16.00000 21.00000 0.00000 18.00000 18.00000 17.00000 16.00000 19.00000 18.00000 6.00000 3.00000 9.00000 17.00000 19.00000 19.00000 37.00000 13.00000 7.00000 24.00000 14.00000 19.00000 20.00000 4.00000 22.00000 19.00000 18.00000 18.00000 16.00000 21.00000 17.00000 12.00000 27.00000 20.00000 21.00000 20.00000 23.00000 17.00000 17.00000 19.00000 7.00000 9.00000 20.00000 23.00000 17.00000 12.00000 20.00000 12.00000 51.00000 18.00000 19.00000 16.00000 7.00000 17.00000 21.00000 6.00000 10.00000 23.00000 16.00000 8.00000 19.00000 6.00000 20.00000 13.00000 7.00000 40.00000 5.00000 5.00000 26.00000 20.00000 11.00000 10.00000
24.00000 11.00000 23.00000 10.00000 20.00000 19.00000 16.00000 16.00000 18.00000 0.00000 16.00000 13.00000 18.00000 11.00000 20.00000 16.00000 19.00000 24.00000 13.00000 14.00000 11.00000 29.00000 11.00000 21.00000 17.00000 9.00000 13.00000 9.00000 20.00000 9.00000 12.00000 18.00000 18.00000 5.00000 8.00000 4.00000 10.00000 19.00000 14.00000 13.00000 18.00000 15.00000 16.00000 2.00000 22.00000 21.00000 19.00000 18.00000 16.00000 16.00000 6.00000 11.00000 11.00000 43.00000 20.00000 13.00000 20.00000 19.00000 18.00000 13.00000 16.00000 24.00000 16.00000 6.00000 17.00000 9.00000 17.00000 10.00000 8.00000 17.00000 33.00000 15.00000 15.00000 18.00000 24.00000 25.00000 24.00000
23.00000 8.00000 18.00000 10.00000 21.00000 6.00000 4.00000 22.00000 18.00000 15.00000 0.00000 4.00000 6.00000 9.00000 6.00000 17.00000 16.00000 18.00000 6.00000 20.00000 6.00000 27.00000 10.00000 22.00000 9.00000 10.00000 20.00000 13.00000 16.00000 17.00000 6.00000 5.00000 5.00000 12.00000 14.00000 13.00000 13.00000 16.00000 5.00000 9.00000 6.00000 10.00000 2.00000 14.00000 11.00000 22.00000 20.00000 6.00000 8.00000 3.00000 13.00000 6.00000 9.00000 41.00000 7.00000 20.00000 7.00000 20.00000 5.00000 10.00000 15.00000 23.00000 8.00000 11.00000 18.00000 11.00000 18.00000 13.00000 15.00000 17.00000 30.00000 16.00000 16.00000 11.00000 12.00000 24.00000 23.00000
22.00000 5.00000 17.00000 8.00000 19.00000 9.00000 5.00000 20.00000 16.00000 13.00000 5.00000 0.00000 9.00000 6.00000 9.00000 15.00000 17.00000 20.00000 2.00000 17.00000 3.00000 25.00000 7.00000 19.00000 9.00000 8.00000 17.00000 10.00000 18.00000 14.00000 3.00000 8.00000 8.00000 9.00000 11.00000 10.00000 10.00000 15.00000 5.00000 7.00000 8.00000 9.00000 6.00000 11.00000 15.00000 20.00000 17.00000 8.00000 7.00000 5.00000 10.00000 4.00000 7.00000 39.00000 10.00000 17.00000 10.00000 17.00000 8.00000 7.00000 13.00000 22.00000 7.00000 9.00000 16.00000 9.00000 15.00000 10.00000 12.00000 15.00000 28.00000 13.00000 13.00000 10.00000 14.00000 23.00000 22.00000
21.00000 11.00000 21.00000 12.00000 23.00000 2.00000 6.00000 26.00000 15.00000 18.00000 6.00000 8.00000 0.00000 13.00000 4.00000 19.00000 14.00000 16.00000 9.00000 23.00000 10.00000 30.00000 11.00000 20.00000 13.00000 12.00000 23.00000 16.00000 14.00000 20.00000 9.00000 5.00000 4.00000 15.00000 17.00000 16.00000 14.00000 20.00000 9.00000 13.00000 7.00000 13.00000 5.00000 17.00000 8.00000 20.00000 22.00000 7.00000 11.00000 5.00000 16.00000 10.00000 11.00000 44.00000 5.00000 23.00000 4.00000 20.00000 3.00000 13.00000 13.00000 21.00000 10.00000 15.00000 20.00000 15.00000 19.00000 16.00000 18.00000 19.00000 33.00000 18.00000 18.00000 14.00000 10.00000 22.00000 21.00000
25.00000 5.00000 15.00000 9.00000 21.00000 13.00000 10.00000 17.00000 19.00000 10.00000 9.00000 7.00000 13.00000 0.00000 13.00000 18.00000 20.00000 24.00000 7.00000 15.00000 4.00000 21.00000 9.00000 22.00000 10.00000 8.00000 15.00000 7.00000 21.00000 10.00000 5.00000 12.00000 12.00000 6.00000 8.00000 7.00000 10.00000 11.00000 7.00000 4.00000 11.00000 7.00000 10.00000 9.00000 19.00000 23.00000 20.00000 11.00000 9.00000 10.00000 8.00000 5.00000 9.00000 35.00000 14.00000 15.00000 14.00000 20.00000 12.00000 3.00000 16.00000 25.00000 9.00000 5.00000 18.00000 5.00000 18.00000 7.00000 9.00000 18.00000 24.00000 16.00000 16.00000 11.00000 18.00000 26.00000 25.00000
23.00000 11.00000 20.00000 13.00000 23.00000 3.00000 7.00000 26.00000 17.00000 19.00000 6.00000 8.00000 4.00000 13.00000 0.00000 20.00000 16.00000 18.00000 10.00000 24.00000 10.00000 30.00000 12.00000 22.00000 12.00000 13.00000 24.00000 17.00000 16.00000 20.00000 9.00000 4.00000 4.00000 15.00000 18.00000 17.00000 15.00000 20.00000 9.00000 13.00000 6.00000 13.00000 6.00000 18.00000 9.00000 22.00000 22.00000 6.00000 11.00000 6.00000 17.00000 10.00000 11.00000 44.00000 1.00000 23.00000 3.00000 22.00000 3.00000 13.00000 15.00000 23.00000 9.00000 15.00000 21.00000 15.00000 20.00000 17.00000 18.00000 20.00000 34.00000 18.00000 18.00000 14.00000 9.00000 23.00000 23.00000
11.00000 15.00000 30.00000 12.00000 7.00000 19.00000 16.00000 20.00000 5.00000 17.00000 17.00000 16.00000 18.00000 18.00000 19.00000 0.00000 8.00000 11.00000 15.00000 18.00000 18.00000 36.00000 12.00000 6.00000 23.00000 13.00000 17.00000 19.00000 7.00000 20.00000 17.00000 19.00000 19.00000 15.00000 19.00000 16.00000 10.00000 25.00000 18.00000 19.00000 20.00000 22.00000 17.00000 15.00000 22.00000 8.00000 6.00000 19.00000 21.00000 17.00000 11.00000 18.00000 10.00000 50.00000 20.00000 17.00000 20.00000 3.00000 18.00000 19.00000 11.00000 11.00000 21.00000 15.00000 4.00000 17.00000 2.00000 19.00000 12.00000 2.00000 39.00000 4.00000 4.00000 24.00000 23.00000 12.00000 11.00000
10.00000 17.00000 31.00000 14.00000 13.00000 15.00000 15.00000 22.00000 2.00000 19.00000 17.00000 18.00000 14.00000 20.00000 16.00000 8.00000 0.00000 9.00000 17.00000 20.00000 20.00000 38.00000 14.00000 8.00000 23.00000 15.00000 19.00000 21.00000 3.00000 22.00000 19.00000 17.00000 16.00000 17.00000 21.00000 18.00000 12.00000 27.00000 19.00000 22.00000 19.00000 24.00000 16.00000 17.00000 17.00000 8.00000 11.00000 18.00000 22.00000 16.00000 13.00000 20.00000 12.00000 52.00000 16.00000 19.00000 15.00000 8.00000 15.00000 22.00000 4.00000 10.00000 21.00000 17.00000 10.00000 19.00000 7.00000 21.00000 14.00000 9.00000 41.00000 7.00000 7.00000 24.00000 19.00000 11.00000 10.00000
8.00000 21.00000 32.00000 19.00000 16.00000 16.00000 17.00000 27.00000 9.00000 24.00000 18.00000 20.00000 16.00000 24.00000 17.00000 12.00000 9.00000 0.00000 21.00000 25.00000 22.00000 42.00000 18.00000 12.00000 25.00000 19.00000 25.00000 26.00000 7.00000 27.00000 21.00000 18.00000 18.00000 22.00000 27.00000 23.00000 17.00000 31.00000 21.00000 25.00000 19.00000 25.00000 17.00000 23.00000 15.00000 11.00000 15.00000 19.00000 23.00000 17.00000 18.00000 22.00000 16.00000 56.00000 18.00000 25.00000 16.00000 13.00000 17.00000 25.00000 10.00000 8.00000 21.00000 22.00000 14.00000 24.00000 12.00000 26.00000 19.00000 13.00000 45.00000 11.00000 11.00000 26.00000 17.00000 8.00000 8.00000
22.00000 4.00000 18.00000 7.00000 18.00000 10.00000 5.00000 20.00000 16.00000 13.00000 6.00000 4.00000 10.00000 7.00000 10.00000 14.00000 17.00000 20.00000 0.00000 18.00000 5.00000 26.00000 7.00000 19.00000 10.00000 7.00000 18.00000 10.00000 18.00000 14.00000 4.00000 9.00000 8.00000 9.00000 11.00000 11.00000 10.00000 15.00000 6.00000 8.00000 9.00000 10.00000 6.00000 12.00000 16.00000 19.00000 17.00000 9.00000 8.00000 6.00000 11.00000 5.00000 6.00000 40.00000 11.00000 17.00000 11.00000 17.00000 9.00000 8.00000 13.00000 22.00000 8.00000 9.00000 15.00000 9.00000 15.00000 11.00000 12.00000 15.00000 29.00000 13.00000 13.00000 11.00000 15.00000 23.00000 22.00000
26.00000 15.00000 28.00000 13.00000 22.00000 23.00000 21.00000 6.00000 19.00000 15.00000 20.00000 17.00000 23.00000 17.00000 24.00000 18.00000 20.00000 25.00000 18.00000 0.00000 16.00000 30.00000 14.00000 23.00000 22.00000 13.00000 4.00000 17.00000 21.00000 19.00000 17.00000 23.00000 23.00000 13.00000 18.00000 14.00000 12.00000 24.00000 19.00000 18.00000 23.00000 20.00000 20.00000 14.00000 27.00000 23.00000 20.00000 23.00000 21.00000 21.00000 9.00000 16.00000 15.00000 34.00000 24.00000 6.00000 25.00000 20.00000 23.00000 18.00000 18.00000 26.00000 21.00000 14.00000 19.00000 16.00000 19.00000 17.00000 10.00000 18.00000 25.00000 16.00000 16.00000 23.00000 28.00000 26.00000 26.00000
24.00000 4.00000 17.00000 8.00000 20.00000 10.00000 7.00000 18.00000 18.00000 11.00000 7.00000 4.00000 10.00000 4.00000 11.00000 16.00000 19.00000 22.00000 4.00000 16.00000 0.00000 23.00000 8.00000 21.00000 8.00000 7.00000 16.00000 8.00000 20.00000 11.00000 2.00000 9.00000 9.00000 7.00000 9.00000 8.00000 9.00000 13.00000 5.00000 5.00000 9.00000 8.00000 7.00000 10.00000 16.00000 21.00000 19.00000 9.00000 7.00000 7.00000 9.00000 2.00000 8.00000 37.00000 11.00000 16.00000 11.00000 19.00000 9.00000 5.00000 15.00000 24.00000 7.00000 6.00000 17.00000 6.00000 17.00000 8.00000 10.00000 16.00000 27.00000 15.00000 15.00000 9.00000 16.00000 25.00000 24.00000
43.00000 24.00000 16.00000 26.00000 39.00000 31.00000 30.00000 34.00000 36.00000 29.00000 27.00000 26.00000 31.00000 23.00000 31.00000 35.00000 37.00000 41.00000 26.00000 30.00000 24.00000 0.00000 27.00000 40.00000 24.00000 26.00000 31.00000 25.00000 38.00000 29.00000 25.00000 30.00000 30.00000 25.00000 26.00000 26.00000 27.00000 13.00000 25.00000 20.00000 29.00000 20.00000 27.00000 27.00000 37.00000 40.00000 38.00000 28.00000 25.00000 28.00000 27.00000 24.00000 27.00000 15.00000 32.00000 34.00000 32.00000 37.00000 30.00000 21.00000 34.00000 43.00000 27.00000 24.00000 36.00000 24.00000 36.00000 26.00000 28.00000 35.00000 11.00000 34.00000 34.00000 22.00000 36.00000 44.00000 43.00000
18.00000 6.00000 21.00000 1.00000 14.00000 11.00000 9.00000 17.00000 12.00000 10.00000 9.00000 8.00000 11.00000 9.00000 12.00000 10.00000 13.00000 16.00000 8.00000 14.00000 9.00000 27.00000 0.00000 15.00000 15.00000 2.00000 14.00000 10.00000 14.00000 12.00000 9.00000 12.00000 12.00000 6.00000 11.00000 7.00000 4.00000 16.00000 11.00000 11.00000 12.00000 13.00000 10.00000 9.00000 14.00000 15.00000 13.00000 12.00000 14.00000 10.00000 7.00000 9.00000 2.00000 41.00000 12.00000 14.00000 12.00000 13.00000 11.00000 11.00000 9.00000 18.00000 14.00000 7.00000 11.00000 9.00000 11.00000 10.00000 9.00000 10.00000 30.00000 9.00000 9.00000 16.00000 16.00000 19.00000 18.00000
8.00000 20.00000 34.00000 17.00000 11.00000 20.00000 21.00000 25.00000 7.00000 21.00000 21.00000 21.00000 20.00000 22.00000 22.00000 6.00000 9.00000 12.00000 20.00000 22.00000 22.00000 40.00000 16.00000 0.00000 28.00000 17.00000 22.00000 23.00000 8.00000 25.00000 22.00000 22.00000 22.00000 19.00000 24.00000 20.00000 15.00000 30.00000 23.00000 24.00000 24.00000 26.00000 21.00000 20.00000 23.00000 5.00000 7.00000 24.00000 26.00000 21.00000 15.00000 23.00000 15.00000 54.00000 22.00000 22.00000 20.00000 6.00000 21.00000 24.00000 11.00000 8.00000 26.00000 20.00000 7.00000 22.00000 4.00000 23.00000 17.00000 7.00000 44.00000 8.00000 8.00000 29.00000 24.00000 9.00000 8.00000
30.00000 11.00000 10.00000 15.00000 26.00000 13.00000 12.00000 24.00000 24.00000 17.00000 10.00000 9.00000 13.00000 10.00000 14.00000 23.00000 24.00000 25.00000 11.00000 22.00000 9.00000 23.00000 15.00000 27.00000 0.00000 15.00000 22.00000 14.00000 24.00000 17.00000 9.00000 11.00000 12.00000 13.00000 15.00000 14.00000 16.00000 12.00000 7.00000 8.00000 10.00000 5.00000 10.00000 16.00000 18.00000 28.00000 25.00000 10.00000 4.00000 11.00000 15.00000 8.00000 14.00000 36.00000 14.00000 22.00000 14.00000 25.00000 13.00000 8.00000 21.00000 30.00000 6.00000 12.00000 24.00000 12.00000 23.00000 14.00000 16.00000 23.00000 26.00000 21.00000 21.00000 4.00000 17.00000 31.00000 30.00000
19.00000 5.00000 20.00000 1.00000 15.00000 11.00000 9.00000 16.00000 13.00000 9.00000 10.00000 8.00000 11.00000 8.00000 12.00000 12.00000 14.00000 18.00000 7.00000 14.00000 8.00000 26.00000 2.00000 16.00000 14.00000 0.00000 13.00000 9.00000 15.00000 10.00000 8.00000 12.00000 12.00000 5.00000 10.00000 6.00000 3.00000 16.00000 10.00000 10.00000 12.00000 12.00000 10.00000 7.00000 15.00000 17.00000 14.00000 12.00000 13.00000 10.00000 7.00000 8.00000 3.00000 40.00000 12.00000 13.00000 13.00000 14.00000 11.00000 10.00000 10.00000 19.00000 13.00000 5.00000 13.00000 8.00000 12.00000 9.00000 8.00000 12.00000 29.00000 10.00000 10.00000 15.00000 16.00000 20.00000 19.00000
25.00000 15.00000 28.00000 13.00000 21.00000 23.00000 20.00000 4.00000 19.00000 15.00000 20.00000 17.00000 22.00000 16.00000 24.00000 18.00000 20.00000 25.00000 17.00000 4.00000 16.00000 31.00000 14.00000 22.00000 22.00000 13.00000 0.00000 17.00000 21.00000 19.00000 16.00000 22.00000 22.00000 13.00000 18.00000 13.00000 12.00000 24.00000 19.00000 18.00000 23.00000 20.00000 20.00000 13.00000 26.00000 22.00000 20.00000 22.00000 21.00000 20.00000 9.00000 16.00000 15.00000 35.00000 24.00000 4.00000 24.00000 20.00000 23.00000 18.00000 18.00000 25.00000 21.00000 14.00000 18.00000 15.00000 18.00000 17.00000 10.00000 18.00000 26.00000 16.00000 16.00000 23.00000 28.00000 26.00000 25.00000
27.00000 9.00000 19.00000 11.00000 23.00000 17.00000 14.00000 18.00000 20.00000 9.00000 13.00000 10.00000 17.00000 8.00000 17.00000 19.00000 22.00000 25.00000 11.00000 16.00000 8.00000 26.00000 11.00000 24.00000 14.00000 10.00000 16.00000 0.00000 22.00000 7.00000 9.00000 16.00000 16.00000 7.00000 4.00000 8.00000 11.00000 15.00000 11.00000 9.00000 15.00000 11.00000 13.00000 9.00000 21.00000 24.00000 22.00000 15.00000 13.00000 14.00000 9.00000 8.00000 11.00000 39.00000 18.00000 16.00000 18.00000 21.00000 16.00000 9.00000 18.00000 27.00000 13.00000 5.00000 20.00000 3.00000 20.00000 2.00000 11.00000 19.00000 29.00000 17.00000 18.00000 15.00000 22.00000 27.00000 27.00000
9.00000 18.00000 31.00000 16.00000 13.00000 14.00000 14.00000 23.00000 4.00000 20.00000 16.00000 17.00000 13.00000 21.00000 15.00000 8.00000 3.00000 6.00000 18.00000 21.00000 19.00000 39.00000 15.00000 8.00000 22.00000 16.00000 21.00000 22.00000 0.00000 24.00000 19.00000 16.00000 15.00000 18.00000 23.00000 19.00000 14.00000 29.00000 18.00000 22.00000 18.00000 23.00000 15.00000 19.00000 15.00000 9.00000 11.00000 18.00000 21.00000 15.00000 14.00000 19.00000 13.00000 53.00000 15.00000 21.00000 14.00000 9.00000 14.00000 23.00000 6.00000 9.00000 20.00000 18.00000 10.00000 21.00000 8.00000 22.00000 15.00000 9.00000 42.00000 7.00000 7.00000 24.00000 17.00000 10.00000 9.00000
28.00000 12.00000 23.00000 12.00000 24.00000 20.00000 17.00000 20.00000 22.00000 8.00000 17.00000 14.00000 20.00000 11.00000 21.00000 20.00000 23.00000 27.00000 14.00000 18.00000 12.00000 29.00000 13.00000 25.00000 18.00000 11.00000 17.00000 7.00000 24.00000 0.00000 12.00000 19.00000 19.00000 6.00000 3.00000 8.00000 13.00000 19.00000 15.00000 13.00000 19.00000 15.00000 17.00000 8.00000 25.00000 25.00000 23.00000 18.00000 17.00000 17.00000 10.00000 12.00000 13.00000 39.00000 21.00000 17.00000 21.00000 23.00000 20.00000 13.00000 20.00000 28.00000 17.00000 7.00000 21.00000 7.00000 21.00000 8.00000 12.00000 21.00000 29.00000 19.00000 19.00000 19.00000 26.00000 29.00000 28.00000
24.00000 4.00000 17.00000 8.00000 20.00000 9.00000 6.00000 18.00000 18.00000 11.00000 6.00000 3.00000 9.00000 5.00000 10.00000 16.00000 19.00000 21.00000 3.00000 16.00000 2.00000 23.00000 8.00000 21.00000 8.00000 7.00000 16.00000 9.00000 19.00000 12.00000 0.00000 9.00000 8.00000 8.00000 10.00000 9.00000 9.00000 13.00000 5.00000 6.00000 9.00000 8.00000 6.00000 10.00000 15.00000 21.00000 19.00000 8.00000 7.00000 7.00000 9.00000 2.00000 8.00000 37.00000 10.00000 16.00000 10.00000 19.00000 9.00000 5.00000 15.00000 24.00000 7.00000 7.00000 17.00000 7.00000 17.00000 9.00000 10.00000 17.00000 27.00000 15.00000 15.00000 9.00000 15.00000 25.00000 24.00000
22.00000 11.00000 18.00000 12.00000 23.00000 3.00000 7.00000 25.00000 17.00000 18.00000 5.00000 7.00000 4.00000 12.00000 4.00000 19.00000 15.00000 17.00000 9.00000 23.00000 9.00000 29.00000 12.00000 21.00000 11.00000 12.00000 23.00000 16.00000 15.00000 19.00000 9.00000 0.00000 2.00000 15.00000 17.00000 16.00000 15.00000 19.00000 7.00000 12.00000 5.00000 12.00000 5.00000 17.00000 8.00000 22.00000 22.00000 4.00000 10.00000 5.00000 16.00000 9.00000 11.00000 43.00000 4.00000 23.00000 4.00000 22.00000 2.00000 13.00000 15.00000 22.00000 7.00000 14.00000 20.00000 14.00000 20.00000 16.00000 17.00000 20.00000 32.00000 18.00000 18.00000 13.00000 9.00000 22.00000 22.00000
23.00000 9.00000 17.00000 12.00000 22.00000 5.00000 6.00000 24.00000 19.00000 17.00000 5.00000 6.00000 6.00000 11.00000 5.00000 19.00000 17.00000 18.00000 7.00000 22.00000 8.00000 28.00000 11.00000 23.00000 9.00000 11.00000 22.00000 15.00000 17.00000 18.00000 7.00000 2.00000 0.00000 13.00000 16.00000 15.00000 14.00000 17.00000 6.00000 10.00000 3.00000 11.00000 5.00000 16.00000 10.00000 24.00000 21.00000 3.00000 8.00000 4.00000 15.00000 7.00000 10.00000 41.00000 6.00000 22.00000 6.00000 21.00000 4.00000 11.00000 16.00000 23.00000 6.00000 13.00000 20.00000 13.00000 19.00000 15.00000 16.00000 19.00000 31.00000 17.00000 17.00000 12.00000 9.00000 23.00000 23.00000
22.00000 8.00000 20.00000 7.00000 19.00000 16.00000 13.00000 14.00000 16.00000 5.00000 13.00000 10.00000 15.00000 8.00000 16.00000 15.00000 17.00000 22.00000 10.00000 12.00000 8.00000 26.00000 8.00000 19.00000 14.00000 6.00000 12.00000 6.00000 18.00000 6.00000 8.00000 15.00000 15.00000 0.00000 6.00000 3.00000 7.00000 16.00000 11.00000 10.00000 15.00000 12.00000 13.00000 4.00000 19.00000 20.00000 17.00000 15.00000 13.00000 13.00000 5.00000 8.00000 8.00000 40.00000 17.00000 12.00000 17.00000 17.00000 15.00000 10.00000 14.00000 22.00000 13.00000 2.00000 16.00000 5.00000 15.00000 6.00000 6.00000 15.00000 30.00000 13.00000 13.00000 15.00000 21.00000 23.00000 22.00000
27.00000 9.00000 20.00000 11.00000 23.00000 18.00000 15.00000 19.00000 21.00000 8.00000 14.00000 11.00000 18.00000 9.00000 18.00000 20.00000 22.00000 26.00000 12.00000 17.00000 9.00000 26.00000 12.00000 24.00000 15.00000 11.00000 17.00000 4.00000 23.00000 3.00000 9.00000 17.00000 17.00000 6.00000 0.00000 8.00000 12.00000 16.00000 12.00000 10.00000 16.00000 12.00000 14.00000 8.00000 22.00000 25.00000 22.00000 16.00000 14.00000 15.00000 10.00000 9.00000 12.00000 39.00000 19.00000 17.00000 19.00000 22.00000 17.00000 10.00000 19.00000 27.00000 14.00000 5.00000 21.00000 4.00000 20.00000 5.00000 11.00000 20.00000 30.00000 18.00000 18.00000 16.00000 23.00000 28.00000 27.00000
21.00000 9.00000 21.00000 8.00000 17.00000 17.00000 14.00000 13.00000 15.00000 4.00000 14.00000 11.00000 16.00000 9.00000 18.00000 13.00000 16.00000 21.00000 11.00000 11.00000 9.00000 27.00000 9.00000 18.00000 15.00000 7.00000 10.00000 9.00000 17.00000 8.00000 9.00000 16.00000 16.00000 3.00000 8.00000 0.00000 7.00000 17.00000 12.00000 11.00000 16.00000 13.00000 14.00000 3.00000 20.00000 18.00000 16.00000 16.00000 14.00000 14.00000 3.00000 9.00000 9.00000 41.00000 18.00000 10.00000 18.00000 16.00000 16.00000 11.00000 13.00000 21.00000 14.00000 4.00000 14.00000 7.00000 14.00000 8.00000 5.00000 14.00000 31.00000 12.00000 12.00000 16.00000 22.00000 22.00000 21.00000
18.00000 7.00000 22.00000 3.00000 14.00000 14.00000 11.00000 15.00000 12.00000 10.00000 12.00000 10.00000 13.00000 9.00000 14.00000 10.00000 12.00000 16.00000 10.00000 13.00000 10.00000 28.00000 3.00000 15.00000 16.00000 3.00000 12.00000 11.00000 14.00000 12.00000 10.00000 14.00000 14.00000 6.00000 11.00000 8.00000 0.00000 17.00000 12.00000 11.00000 15.00000 14.00000 12.00000 9.00000 17.00000 15.00000 13.00000 14.00000 14.00000 12.00000 6.00000 10.00000 4.00000 41.00000 15.00000 12.00000 15.00000 12.00000 13.00000 11.00000 9.00000 18.00000 14.00000 7.00000 11.00000 9.00000 11.00000 11.00000 7.00000 10.00000 31.00000 9.00000 9.00000 17.00000 18.00000 19.00000 18.00000
31.00000 13.00000 7.00000 15.00000 27.00000 19.00000 18.00000 24.00000 25.00000 17.00000 16.00000 14.00000 19.00000 11.00000 19.00000 23.00000 26.00000 29.00000 15.00000 22.00000 13.00000 13.00000 15.00000 28.00000 13.00000 14.00000 22.00000 14.00000 27.00000 17.00000 13.00000 18.00000 18.00000 13.00000 14.00000 14.00000 16.00000 0.00000 13.00000 9.00000 17.00000 9.00000 16.00000 16.00000 25.00000 28.00000 26.00000 17.00000 14.00000 16.00000 15.00000 12.00000 15.00000 27.00000 20.00000 22.00000 20.00000 26.00000 18.00000 9.00000 22.00000 31.00000 15.00000 12.00000 24.00000 12.00000 24.00000 14.00000 17.00000 23.00000 16.00000 22.00000 22.00000 10.00000 24.00000 32.00000 31.00000
25.00000 7.00000 16.00000 10.00000 21.00000 8.00000 8.00000 22.00000 19.00000 15.00000 5.00000 5.00000 9.00000 8.00000 9.00000 17.00000 19.00000 21.00000 6.00000 20.00000 6.00000 25.00000 10.00000 22.00000 8.00000 10.00000 19.00000 12.00000 19.00000 16.00000 5.00000 6.00000 6.00000 11.00000 13.00000 12.00000 12.00000 14.00000 0.00000 7.00000 6.00000 8.00000 6.00000 14.00000 14.00000 22.00000 20.00000 6.00000 6.00000 6.00000 13.00000 5.00000 9.00000 39.00000 9.00000 19.00000 9.00000 20.00000 8.00000 8.00000 16.00000 25.00000 5.00000 11.00000 18.00000 11.00000 18.00000 12.00000 14.00000 17.00000 28.00000 16.00000 16.00000 9.00000 12.00000 26.00000 25.00000
26.00000 7.00000 14.00000 10.00000 22.00000 12.00000 11.00000 20.00000 20.00000 12.00000 9.00000 8.00000 12.00000 4.00000 13.00000 19.00000 21.00000 25.00000 8.00000 18.00000 5.00000 20.00000 10.00000 23.00000 8.00000 9.00000 17.00000 9.00000 22.00000 13.00000 5.00000 11.00000 11.00000 9.00000 10.00000 10.00000 11.00000 9.00000 6.00000 0.00000 10.00000 4.00000 9.00000 11.00000 18.00000 24.00000 21.00000 10.00000 8.00000 9.00000 11.00000 5.00000 10.00000 34.00000 13.00000 17.00000 13.00000 21.00000 12.00000 2.00000 17.00000 26.00000 8.00000 8.00000 20.00000 7.00000 19.00000 9.00000 12.00000 19.00000 23.00000 17.00000 17.00000 8.00000 17.00000 27.00000 26.00000
23.00000 11.00000 17.00000 14.00000 24.00000 6.00000 8.00000 26.00000 20.00000 19.00000 7.00000 8.00000 7.00000 13.00000 6.00000 21.00000 19.00000 17.00000 9.00000 24.00000 10.00000 29.00000 13.00000 25.00000 11.00000 13.00000 24.00000 16.00000 17.00000 20.00000 9.00000 4.00000 5.00000 15.00000 17.00000 17.00000 16.00000 18.00000 8.00000 11.00000 0.00000 12.00000 7.00000 18.00000 10.00000 25.00000 23.00000 3.00000 9.00000 7.00000 17.00000 9.00000 12.00000 43.00000 7.00000 24.00000 7.00000 23.00000 6.00000 12.00000 18.00000 23.00000 7.00000 15.00000 22.00000 15.00000 21.00000 16.00000 18.00000 21.00000 32.00000 19.00000 19.00000 13.00000 9.00000 23.00000 23.00000
29.00000 11.00000 12.00000 13.00000 25.00000 13.00000 12.00000 23.00000 23.00000 15.00000 10.00000 9.00000 13.00000 7.00000 14.00000 21.00000 24.00000 26.00000 11.00000 20.00000 8.00000 20.00000 13.00000 26.00000 7.00000 12.00000 20.00000 12.00000 24.00000 15.00000 8.00000 13.00000 12.00000 11.00000 13.00000 13.00000 14.00000 10.00000 8.00000 4.00000 11.00000 0.00000 10.00000 14.00000 19.00000 26.00000 24.00000 11.00000 8.00000 11.00000 14.00000 8.00000 13.00000 34.00000 14.00000 20.00000 14.00000 24.00000 13.00000 5.00000 20.00000 29.00000 8.00000 11.00000 22.00000 10.00000 22.00000 12.00000 15.00000 22.00000 23.00000 20.00000 20.00000 4.00000 18.00000 30.00000 29.00000
23.00000 8.00000 18.00000 9.00000 20.00000 5.00000 3.00000 22.00000 17.00000 15.00000 2.00000 4.00000 5.00000 9.00000 6.00000 16.00000 16.00000 18.00000 5.00000 20.00000 6.00000 28.00000 9.00000 21.00000 10.00000 9.00000 20.00000 13.00000 16.00000 17.00000 6.00000 6.00000 5.00000 12.00000 14.00000 13.00000 12.00000 17.00000 6.00000 10.00000 7.00000 11.00000 0.00000 14.00000 11.00000 21.00000 19.00000 7.00000 9.00000 2.00000 13.00000 6.00000 8.00000 41.00000 6.00000 20.00000 7.00000 19.00000 5.00000 10.00000 14.00000 23.00000 8.00000 11.00000 17.00000 11.00000 17.00000 13.00000 14.00000 16.00000 31.00000 15.00000 15.00000 11.00000 12.00000 23.00000 23.00000
23.00000 10.00000 22.00000 9.00000 19.00000 18.00000 15.00000 15.00000 17.00000 3.00000 15.00000 12.00000 17.00000 11.00000 19.00000 15.00000 18.00000 23.00000 12.00000 12.00000 10.00000 29.00000 10.00000 20.00000 16.00000 8.00000 12.00000 9.00000 19.00000 8.00000 11.00000 18.00000 17.00000 4.00000 8.00000 3.00000 8.00000 18.00000 13.00000 12.00000 17.00000 14.00000 15.00000 0.00000 21.00000 20.00000 18.00000 17.00000 15.00000 16.00000 5.00000 10.00000 10.00000 42.00000 19.00000 12.00000 19.00000 18.00000 17.00000 12.00000 15.00000 23.00000 15.00000 5.00000 16.00000 8.00000 16.00000 9.00000 7.00000 15.00000 32.00000 14.00000 14.00000 17.00000 23.00000 24.00000 23.00000
18.00000 16.00000 25.00000 16.00000 27.00000 9.00000 13.00000 30.00000 19.00000 23.00000 12.00000 14.00000 9.00000 19.00000 8.00000 23.00000 17.00000 13.00000 16.00000 28.00000 16.00000 36.00000 16.00000 23.00000 18.00000 16.00000 27.00000 22.00000 15.00000 25.00000 15.00000 10.00000 10.00000 19.00000 23.00000 20.00000 19.00000 26.00000 15.00000 19.00000 12.00000 19.00000 12.00000 22.00000 0.00000 22.00000 26.00000 12.00000 17.00000 12.00000 21.00000 16.00000 15.00000 50.00000 8.00000 27.00000 7.00000 24.00000 8.00000 19.00000 17.00000 18.00000 14.00000 19.00000 24.00000 21.00000 22.00000 23.00000 22.00000 23.00000 40.00000 21.00000 21.00000 20.00000 9.00000 18.00000 18.00000
7.00000 20.00000 35.00000 17.00000 13.00000 20.00000 21.00000 25.00000 7.00000 21.00000 22.00000 21.00000 20.00000 23.00000 22.00000 8.00000 9.00000 12.00000 20.00000 23.00000 23.00000 41.00000 17.00000 5.00000 28.00000 18.00000 22.00000 24.00000 8.00000 25.00000 22.00000 22.00000 22.00000 20.00000 24.00000 20.00000 15.00000 30.00000 23.00000 24.00000 24.00000 27.00000 21.00000 20.00000 23.00000 0.00000 9.00000 24.00000 26.00000 21.00000 16.00000 23.00000 15.00000 55.00000 22.00000 22.00000 20.00000 8.00000 21.00000 24.00000 12.00000 7.00000 26.00000 20.00000 9.00000 22.00000 6.00000 24.00000 17.00000 9.00000 44.00000 8.00000 8.00000 29.00000 24.00000 8.00000 7.00000
12.00000 18.00000 32.00000 15.00000 8.00000 21.00000 19.00000 23.00000 9.00000 19.00000 19.00000 19.00000 21.00000 20.00000 22.00000 6.00000 12.00000 15.00000 18.00000 20.00000 20.00000 39.00000 14.00000 7.00000 26.00000 15.00000 20.00000 22.00000 11.00000 23.00000 20.00000 22.00000 22.00000 17.00000 22.00000 18.00000 13.00000 28.00000 21.00000 22.00000 22.00000 24.00000 20.00000 18.00000 25.00000 9.00000 0.00000 22.00000 24.00000 20.00000 13.00000 21.00000 13.00000 50.00000 22.00000 19.00000 22.00000 7.00000 21.00000 22.00000 14.00000 12.00000 24.00000 18.00000 4.00000 20.00000 6.00000 21.00000 15.00000 7.00000 42.00000 6.00000 7.00000 27.00000 26.00000 13.00000 12.00000
22.00000 10.00000 17.00000 13.00000 23.00000 5.00000 7.00000 25.00000 20.00000 18.00000 6.00000 7.00000 7.00000 12.00000 6.00000 20.00000 18.00000 17.00000 8.00000 23.00000 9.00000 28.00000 12.00000 24.00000 10.00000 12.00000 23.00000 15.00000 17.00000 19.00000 8.00000 3.00000 4.00000 14.00000 16.00000 16.00000 15.00000 17.00000 7.00000 10.00000 2.00000 11.00000 6.00000 17.00000 10.00000 24.00000 22.00000 0.00000 9.00000 6.00000 16.00000 8.00000 12.00000 42.00000 6.00000 23.00000 7.00000 22.00000 5.00000 11.00000 17.00000 22.00000 6.00000 14.00000 21.00000 14.00000 20.00000 15.00000 17.00000 20.00000 31.00000 18.00000 18.00000 12.00000 9.00000 22.00000 22.00000
28.00000 9.00000 12.00000 13.00000 24.00000 11.00000 10.00000 23.00000 22.00000 15.00000 8.00000 6.00000 11.00000 9.00000 12.00000 21.00000 22.00000 24.00000 8.00000 21.00000 8.00000 25.00000 13.00000 25.00000 4.00000 12.00000 20.00000 12.00000 22.00000 16.00000 7.00000 10.00000 10.00000 12.00000 13.00000 13.00000 14.00000 14.00000 5.00000 7.00000 9.00000 6.00000 8.00000 14.00000 17.00000 26.00000 23.00000 8.00000 0.00000 8.00000 14.00000 7.00000 12.00000 38.00000 12.00000 20.00000 12.00000 23.00000 11.00000 8.00000 19.00000 28.00000 5.00000 11.00000 22.00000 11.00000 21.00000 13.00000 15.00000 21.00000 28.00000 19.00000 19.00000 7.00000 16.00000 29.00000 28.00000
23.00000 8.00000 18.00000 10.00000 21.00000 5.00000 4.00000 23.00000 17.00000 16.00000 2.00000 5.00000 6.00000 10.00000 6.00000 17.00000 16.00000 18.00000 6.00000 21.00000 7.00000 28.00000 9.00000 22.00000 10.00000 10.00000 20.00000 14.00000 16.00000 17.00000 6.00000 6.00000 5.00000 12.00000 14.00000 13.00000 12.00000 17.00000 6.00000 10.00000 7.00000 11.00000 1.00000 15.00000 11.00000 22.00000 19.00000 7.00000 9.00000 0.00000 14.00000 7.00000 9.00000 41.00000 6.00000 20.00000 7.00000 19.00000 5.00000 10.00000 15.00000 23.00000 8.00000 12.00000 18.00000 12.00000 18.00000 14.00000 15.00000 17.00000 31.00000 15.00000 15.00000 11.00000 12.00000 24.00000 23.00000
20.00000 7.00000 20.00000 7.00000 16.00000 16.00000 13.00000 12.00000 13.00000 8.00000 13.00000 10.00000 15.00000 8.00000 16.00000 12.00000 14.00000 19.00000 10.00000 10.00000 8.00000 26.00000 7.00000 17.00000 14.00000 6.00000 10.00000 9.00000 15.00000 11.00000 8.00000 15.00000 15.00000 5.00000 10.00000 5.00000 6.00000 16.00000 11.00000 10.00000 15.00000 12.00000 13.00000 7.00000 19.00000 17.00000 14.00000 14.00000 13.00000 13.00000 0.00000 8.00000 8.00000 40.00000 17.00000 10.00000 17.00000 14.00000 15.00000 10.00000 12.00000 20.00000 13.00000 6.00000 13.00000 7.00000 13.00000 9.00000 4.00000 12.00000 29.00000 10.00000 10.00000 15.00000 20.00000 20.00000 20.00000
25.00000 5.00000 16.00000 9.00000 21.00000 9.00000 7.00000 19.00000 18.00000 11.00000 5.00000 3.00000 9.00000 4.00000 9.00000 17.00000 19.00000 22.00000 5.00000 16.00000 2.00000 23.00000 9.00000 22.00000 7.00000 8.00000 16.00000 8.00000 20.00000 12.00000 2.00000 8.00000 8.00000 7.00000 9.00000 8.00000 10.00000 12.00000 4.00000 5.00000 8.00000 7.00000 6.00000 10.00000 15.00000 22.00000 19.00000 8.00000 6.00000 6.00000 9.00000 0.00000 9.00000 36.00000 10.00000 16.00000 10.00000 19.00000 8.00000 5.00000 15.00000 25.00000 6.00000 6.00000 18.00000 6.00000 18.00000 8.00000 11.00000 17.00000 26.00000 15.00000 15.00000 8.00000 15.00000 25.00000 25.00000
16.00000 9.00000 24.00000 5.00000 12.00000 13.00000 10.00000 18.00000 10.00000 13.00000 11.00000 10.00000 12.00000 12.00000 13.00000 9.00000 11.00000 15.00000 9.00000 15.00000 12.00000 30.00000 5.00000 13.00000 17.00000 6.00000 15.00000 13.00000 12.00000 15.00000 12.00000 13.00000 13.00000 9.00000 14.00000 11.00000 4.00000 20.00000 12.00000 14.00000 14.00000 16.00000 11.00000 12.00000 16.00000 14.00000 11.00000 14.00000 16.00000 11.00000 8.00000 12.00000 0.00000 44.00000 14.00000 15.00000 14.00000 11.00000 12.00000 14.00000 7.00000 16.00000 15.00000 10.00000 10.00000 12.00000 9.00000 13.00000 10.00000 9.00000 33.00000 7.00000 7.00000 18.00000 17.00000 17.00000 16.00000
55.00000 38.00000 29.00000 40.00000 52.00000 44.00000 43.00000 33.00000 50.00000 42.00000 40.00000 39.00000 44.00000 36.00000 44.00000 48.00000 51.00000 54.00000 40.00000 34.00000 38.00000 15.00000 40.00000 53.00000 37.00000 39.00000 35.00000 38.00000 52.00000 38.00000 38.00000 43.00000 43.00000 38.00000 39.00000 39.00000 41.00000 26.00000 38.00000 33.00000 42.00000 34.00000 41.00000 41.00000 50.00000 53.00000 51.00000 42.00000 38.00000 41.00000 40.00000 37.00000 40.00000 0.00000 45.00000 38.00000 45.00000 51.00000 43.00000 34.00000 47.00000 55.00000 40.00000 37.00000 49.00000 37.00000 49.00000 39.00000 41.00000 48.00000 14.00000 47.00000 47.00000 35.00000 49.00000 56.00000 55.00000
22.00000 12.00000 20.00000 13.00000 24.00000 4.00000 7.00000 27.00000 17.00000 19.00000 7.00000 9.00000 4.00000 13.00000 2.00000 20.00000 15.00000 18.00000 10.00000 24.00000 10.00000 31.00000 12.00000 21.00000 13.00000 13.00000 24.00000 17.00000 15.00000 21.00000 10.00000 4.00000 4.00000 16.00000 18.00000 17.00000 15.00000 20.00000 9.00000 13.00000 7.00000 14.00000 7.00000 18.00000 8.00000 22.00000 23.00000 6.00000 12.00000 6.00000 17.00000 10.00000 12.00000 45.00000 0.00000 24.00000 2.00000 22.00000 3.00000 14.00000 15.00000 22.00000 9.00000 15.00000 21.00000 15.00000 21.00000 17.00000 19.00000 20.00000 34.00000 18.00000 19.00000 15.00000 9.00000 23.00000 22.00000
26.00000 15.00000 29.00000 14.00000 21.00000 24.00000 21.00000 7.00000 20.00000 15.00000 21.00000 18.00000 23.00000 17.00000 24.00000 18.00000 21.00000 26.00000 18.00000 6.00000 16.00000 34.00000 15.00000 22.00000 23.00000 14.00000 4.00000 18.00000 22.00000 19.00000 17.00000 23.00000 23.00000 14.00000 18.00000 14.00000 13.00000 24.00000 20.00000 19.00000 23.00000 21.00000 21.00000 14.00000 27.00000 23.00000 19.00000 23.00000 22.00000 21.00000 9.00000 17.00000 16.00000 38.00000 25.00000 0.00000 25.00000 21.00000 23.00000 19.00000 18.00000 26.00000 22.00000 14.00000 18.00000 16.00000 19.00000 18.00000 11.00000 18.00000 30.00000 17.00000 17.00000 24.00000 28.00000 27.00000 26.00000
21.00000 12.00000 21.00000 13.00000 24.00000 4.00000 8.00000 27.00000 16.00000 20.00000 7.00000 9.00000 4.00000 13.00000 3.00000 20.00000 15.00000 17.00000 11.00000 24.00000 10.00000 31.00000 13.00000 21.00000 13.00000 13.00000 24.00000 17.00000 14.00000 21.00000 10.00000 5.00000 5.00000 16.00000 18.00000 17.00000 15.00000 21.00000 9.00000 14.00000 7.00000 14.00000 7.00000 18.00000 7.00000 21.00000 23.00000 7.00000 12.00000 6.00000 17.00000 10.00000 12.00000 45.00000 3.00000 24.00000 0.00000 21.00000 3.00000 14.00000 14.00000 21.00000 10.00000 16.00000 21.00000 16.00000 20.00000 17.00000 19.00000 20.00000 34.00000 19.00000 19.00000 15.00000 8.00000 22.00000 21.00000
11.00000 18.00000 32.00000 15.00000 9.00000 21.00000 19.00000 22.00000 7.00000 19.00000 19.00000 18.00000 20.00000 20.00000 22.00000 3.00000 9.00000 13.00000 18.00000 20.00000 20.00000 38.00000 14.00000 6.00000 25.00000 15.00000 20.00000 21.00000 9.00000 23.00000 20.00000 22.00000 22.00000 17.00000 22.00000 18.00000 13.00000 28.00000 21.00000 22.00000 22.00000 24.00000 20.00000 18.00000 24.00000 8.00000 7.00000 22.00000 24.00000 20.00000 13.00000 20.00000 13.00000 52.00000 22.00000 20.00000 21.00000 0.00000 20.00000 22.00000 12.00000 11.00000 24.00000 17.00000 6.00000 20.00000 2.00000 21.00000 14.00000 5.00000 41.00000 6.00000 6.00000 27.00000 25.00000 11.00000 11.00000
21.00000 10.00000 20.00000 12.00000 22.00000 2.00000 6.00000 25.00000 16.00000 18.00000 6.00000 7.00000 3.00000 12.00000 2.00000 19.00000 14.00000 16.00000 9.00000 23.00000 9.00000 30.00000 11.00000 20.00000 12.00000 12.00000 23.00000 16.00000 14.00000 19.00000 9.00000 4.00000 4.00000 14.00000 17.00000 16.00000 14.00000 19.00000 8.00000 12.00000 6.00000 12.00000 5.00000 17.00000 7.00000 21.00000 21.00000 6.00000 11.00000 5.00000 16.00000 9.00000 10.00000 43.00000 2.00000 23.00000 2.00000 21.00000 0.00000 13.00000 14.00000 21.00000 9.00000 14.00000 20.00000 14.00000 19.00000 16.00000 17.00000 19.00000 33.00000 17.00000 17.00000 13.00000 9.00000 22.00000 21.00000
27.00000 7.00000 14.00000 10.00000 23.00000 13.00000 11.00000 19.00000 20.00000 12.00000 10.00000 7.00000 13.00000 3.00000 14.00000 19.00000 21.00000 25.00000 8.00000 17.00000 4.00000 20.00000 11.00000 24.00000 8.00000 10.00000 17.00000 9.00000 22.00000 12.00000 5.00000 12.00000 12.00000 8.00000 10.00000 9.00000 11.00000 10.00000 7.00000 2.00000 11.00000 5.00000 10.00000 11.00000 19.00000 24.00000 22.00000 11.00000 9.00000 10.00000 10.00000 5.00000 11.00000 34.00000 14.00000 17.00000 14.00000 21.00000 12.00000 0.00000 18.00000 27.00000 9.00000 7.00000 20.00000 7.00000 20.00000 9.00000 11.00000 19.00000 23.00000 17.00000 18.00000 9.00000 18.00000 27.00000 27.00000
13.00000 14.00000 29.00000 11.00000 15.00000 15.00000 12.00000 20.00000 5.00000 16.00000 15.00000 14.00000 14.00000 17.00000 16.00000 11.00000 4.00000 10.00000 14.00000 18.00000 16.00000 35.00000 11.00000 11.00000 22.00000 11.00000 17.00000 18.00000 7.00000 19.00000 16.00000 16.00000 16.00000 14.00000 19.00000 15.00000 9.00000 25.00000 17.00000 19.00000 18.00000 21.00000 14.00000 15.00000 17.00000 11.00000 14.00000 18.00000 20.00000 14.00000 11.00000 16.00000 9.00000 49.00000 16.00000 17.00000 15.00000 11.00000 15.00000 18.00000 0.00000 13.00000 20.00000 14.00000 12.00000 17.00000 10.00000 18.00000 12.00000 11.00000 38.00000 9.00000 8.00000 23.00000 19.00000 14.00000 13.00000
0.00000 23.00000 37.00000 20.00000 16.00000 21.00000 21.00000 27.00000 10.00000 24.00000 23.00000 23.00000 20.00000 25.00000 22.00000 11.00000 11.00000 8.00000 23.00000 25.00000 25.00000 43.00000 19.00000 9.00000 30.00000 20.00000 25.00000 26.00000 9.00000 28.00000 25.00000 23.00000 23.00000 22.00000 27.00000 23.00000 18.00000 33.00000 25.00000 27.00000 25.00000 29.00000 22.00000 23.00000 21.00000 7.00000 13.00000 25.00000 28.00000 22.00000 18.00000 26.00000 18.00000 56.00000 23.00000 25.00000 21.00000 11.00000 21.00000 27.00000 14.00000 0.00000 27.00000 22.00000 12.00000 25.00000 10.00000 26.00000 20.00000 12.00000 47.00000 11.00000 11.00000 31.00000 23.00000 2.00000 0.00000
26.00000 10.00000 14.00000 13.00000 23.00000 8.00000 9.00000 24.00000 21.00000 16.00000 7.00000 7.00000 10.00000 9.00000 9.00000 20.00000 20.00000 20.00000 8.00000 21.00000 8.00000 26.00000 12.00000 24.00000 7.00000 12.00000 21.00000 13.00000 20.00000 17.00000 8.00000 6.00000 7.00000 12.00000 14.00000 14.00000 15.00000 15.00000 4.00000 8.00000 5.00000 8.00000 8.00000 15.00000 13.00000 25.00000 22.00000 5.00000 4.00000 7.00000 15.00000 7.00000 11.00000 39.00000 9.00000 21.00000 10.00000 22.00000 8.00000 9.00000 18.00000 26.00000 0.00000 12.00000 21.00000 12.00000 20.00000 13.00000 16.00000 20.00000 29.00000 18.00000 18.00000 9.00000 12.00000 26.00000 26.00000
23.00000 7.00000 19.00000 7.00000 19.00000 15.00000 12.00000 15.00000 17.00000 6.00000 12.00000 9.00000 15.00000 7.00000 16.00000 15.00000 18.00000 22.00000 9.00000 13.00000 6.00000 25.00000 8.00000 20.00000 13.00000 6.00000 12.00000 5.00000 19.00000 7.00000 7.00000 14.00000 14.00000 2.00000 5.00000 5.00000 8.00000 14.00000 10.00000 9.00000 13.00000 11.00000 12.00000 5.00000 20.00000 20.00000 18.00000 13.00000 12.00000 12.00000 6.00000 7.00000 8.00000 39.00000 16.00000 12.00000 16.00000 18.00000 15.00000 9.00000 15.00000 23.00000 12.00000 0.00000 16.00000 3.00000 16.00000 4.00000 7.00000 16.00000 28.00000 14.00000 14.00000 14.00000 20.00000 24.00000 23.00000
12.00000 16.00000 31.00000 13.00000 6.00000 20.00000 17.00000 21.00000 8.00000 18.00000 18.00000 17.00000 19.00000 19.00000 20.00000 4.00000 11.00000 14.00000 16.00000 19.00000 19.00000 37.00000 13.00000 7.00000 24.00000 14.00000 18.00000 20.00000 10.00000 21.00000 18.00000 20.00000 20.00000 16.00000 20.00000 17.00000 11.00000 26.00000 19.00000 20.00000 21.00000 23.00000 18.00000 16.00000 23.00000 9.00000 4.00000 20.00000 22.00000 18.00000 12.00000 19.00000 11.00000 50.00000 21.00000 18.00000 21.00000 6.00000 19.00000 20.00000 12.00000 12.00000 22.00000 16.00000 0.00000 18.00000 5.00000 20.00000 13.00000 5.00000 40.00000 5.00000 5.00000 25.00000 24.00000 13.00000 12.00000
25.00000 7.00000 18.00000 9.00000 21.00000 15.00000 12.00000 17.00000 19.00000 8.00000 12.00000 9.00000 15.00000 6.00000 16.00000 17.00000 20.00000 24.00000 9.00000 15.00000 6.00000 24.00000 9.00000 22.00000 13.00000 8.00000 14.00000 3.00000 21.00000 7.00000 7.00000 14.00000 14.00000 5.00000 4.00000 7.00000 9.00000 13.00000 10.00000 7.00000 13.00000 10.00000 12.00000 8.00000 20.00000 22.00000 20.00000 13.00000 12.00000 12.00000 8.00000 7.00000 9.00000 38.00000 16.00000 14.00000 16.00000 20.00000 15.00000 8.00000 16.00000 25.00000 12.00000 3.00000 18.00000 0.00000 18.00000 3.00000 9.00000 18.00000 27.00000 16.00000 16.00000 13.00000 20.00000 26.00000 25.00000
9.00000 16.00000 30.00000 13.00000 8.00000 19.00000 17.00000 21.00000 5.00000 17.00000 17.00000 17.00000 19.00000 18.00000 20.00000 2.00000 8.00000 11.00000 16.00000 18.00000 18.00000 37.00000 12.00000 5.00000 24.00000 13.00000 18.00000 20.00000 7.00000 21.00000 18.00000 20.00000 20.00000 15.00000 20.00000 16.00000 11.00000 26.00000 19.00000 20.00000 20.00000 22.00000 18.00000 16.00000 22.00000 6.00000 6.00000 20.00000 22.00000 18.00000 11.00000 19.00000 11.00000 50.00000 20.00000 18.00000 19.00000 2.00000 19.00000 20.00000 10.00000 9.00000 22.00000 16.00000 5.00000 18.00000 0.00000 19.00000 13.00000 3.00000 40.00000 4.00000 5.00000 25.00000 23.00000 10.00000 9.00000
27.00000 9.00000 20.00000 11.00000 23.00000 17.00000 14.00000 19.00000 21.00000 10.00000 13.00000 10.00000 17.00000 8.00000 17.00000 19.00000 22.00000 26.00000 11.00000 16.00000 8.00000 26.00000 11.00000 24.00000 14.00000 10.00000 16.00000 2.00000 23.00000 8.00000 9.00000 16.00000 16.00000 6.00000 5.00000 8.00000 11.00000 16.00000 11.00000 10.00000 15.00000 12.00000 14.00000 9.00000 21.00000 24.00000 22.00000 15.00000 13.00000 14.00000 9.00000 9.00000 11.00000 40.00000 18.00000 16.00000 18.00000 21.00000 16.00000 10.00000 18.00000 27.00000 13.00000 4.00000 20.00000 3.00000 20.00000 0.00000 11.00000 19.00000 29.00000 18.00000 18.00000 15.00000 22.00000 28.00000 27.00000
22.00000 12.00000 25.00000 10.00000 19.00000 20.00000 18.00000 8.00000 16.00000 12.00000 17.00000 14.00000 20.00000 13.00000 21.00000 15.00000 17.00000 22.00000 15.00000 6.00000 13.00000 31.00000 11.00000 19.00000 19.00000 10.00000 6.00000 14.00000 18.00000 16.00000 14.00000 20.00000 20.00000 10.00000 15.00000 11.00000 9.00000 21.00000 16.00000 15.00000 20.00000 17.00000 17.00000 11.00000 24.00000 20.00000 17.00000 20.00000 18.00000 18.00000 6.00000 13.00000 12.00000 38.00000 21.00000 6.00000 22.00000 17.00000 20.00000 15.00000 15.00000 22.00000 18.00000 11.00000 16.00000 13.00000 15.00000 14.00000 0.00000 15.00000 29.00000 13.00000 13.00000 20.00000 25.00000 23.00000 22.00000
12.00000 15.00000 30.00000 13.00000 8.00000 19.00000 16.00000 20.00000 6.00000 17.00000 17.00000 16.00000 18.00000 18.00000 19.00000 2.00000 9.00000 12.00000 15.00000 18.00000 18.00000 36.00000 12.00000 7.00000 23.00000 13.00000 18.00000 19.00000 8.00000 20.00000 18.00000 19.00000 19.00000 15.00000 19.00000 16.00000 10.00000 25.00000 18.00000 20.00000 20.00000 22.00000 17.00000 16.00000 22.00000 9.00000 7.00000 20.00000 22.00000 17.00000 11.00000 18.00000 10.00000 50.00000 20.00000 18.00000 20.00000 5.00000 18.00000 20.00000 11.00000 12.00000 22.00000 15.00000 5.00000 17.00000 3.00000 19.00000 12.00000 0.00000 39.00000 4.00000 4.00000 24.00000 23.00000 13.00000 12.00000
46.00000 27.00000 19.00000 29.00000 42.00000 34.00000 33.00000 29.00000 39.00000 32.00000 30.00000 29.00000 34.00000 26.00000 34.00000 38.00000 40.00000 44.00000 29.00000 25.00000 27.00000 11.00000 30.00000 43.00000 27.00000 29.00000 26.00000 28.00000 41.00000 29.00000 28.00000 33.00000 33.00000 28.00000 29.00000 29.00000 30.00000 16.00000 28.00000 23.00000 32.00000 23.00000 30.00000 30.00000 39.00000 43.00000 40.00000 31.00000 28.00000 31.00000 30.00000 27.00000 30.00000 14.00000 35.00000 29.00000 35.00000 40.00000 33.00000 24.00000 36.00000 46.00000 29.00000 27.00000 39.00000 27.00000 39.00000 29.00000 31.00000 38.00000 0.00000 36.00000 36.00000 25.00000 39.00000 46.00000 46.00000
11.00000 13.00000 28.00000 10.00000 8.00000 16.00000 14.00000 18.00000 5.00000 14.00000 15.00000 14.00000 16.00000 15.00000 17.00000 3.00000 8.00000 11.00000 13.00000 16.00000 15.00000 34.00000 10.00000 8.00000 21.00000 10.00000 15.00000 17.00000 7.00000 18.00000 15.00000 17.00000 17.00000 12.00000 17.00000 13.00000 8.00000 23.00000 16.00000 17.00000 17.00000 20.00000 15.00000 13.00000 20.00000 8.00000 6.00000 17.00000 19.00000 15.00000 8.00000 16.00000 8.00000 47.00000 17.00000 15.00000 18.00000 6.00000 16.00000 17.00000 9.00000 11.00000 19.00000 13.00000 5.00000 15.00000 4.00000 17.00000 10.00000 4.00000 37.00000 0.00000 1.00000 22.00000 21.00000 12.00000 11.00000
11.00000 13.00000 28.00000 10.00000 8.00000 17.00000 14.00000 18.00000 5.00000 14.00000 15.00000 14.00000 16.00000 15.00000 17.00000 4.00000 8.00000 11.00000 13.00000 16.00000 16.00000 34.00000 10.00000 8.00000 21.00000 10.00000 15.00000 17.00000 7.00000 18.00000 15.00000 17.00000 17.00000 13.00000 17.00000 13.00000 8.00000 23.00000 16.00000 17.00000 18.00000 20.00000 15.00000 13.00000 20.00000 8.00000 7.00000 17.00000 19.00000 15.00000 9.00000 16.00000 8.00000 48.00000 17.00000 15.00000 18.00000 6.00000 16.00000 17.00000 9.00000 11.00000 19.00000 13.00000 5.00000 15.00000 4.00000 17.00000 10.00000 4.00000 37.00000 1.00000 0.00000 22.00000 21.00000 12.00000 11.00000
31.00000 12.00000 12.00000 16.00000 27.00000 14.00000 13.00000 25.00000 25.00000 18.00000 11.00000 9.00000 14.00000 11.00000 15.00000 24.00000 25.00000 27.00000 11.00000 23.00000 10.00000 22.00000 16.00000 28.00000 5.00000 15.00000 23.00000 15.00000 25.00000 18.00000 10.00000 13.00000 13.00000 14.00000 16.00000 15.00000 17.00000 11.00000 8.00000 8.00000 12.00000 4.00000 11.00000 16.00000 20.00000 28.00000 26.00000 12.00000 7.00000 11.00000 16.00000 9.00000 15.00000 36.00000 15.00000 23.00000 15.00000 26.00000 14.00000 9.00000 22.00000 31.00000 9.00000 13.00000 24.00000 13.00000 24.00000 15.00000 17.00000 24.00000 25.00000 22.00000 22.00000 0.00000 19.00000 32.00000 31.00000
23.00000 17.00000 24.00000 18.00000 28.00000 10.00000 14.00000 32.00000 20.00000 24.00000 13.00000 14.00000 11.00000 19.00000 9.00000 25.00000 19.00000 17.00000 15.00000 29.00000 16.00000 35.00000 17.00000 25.00000 17.00000 18.00000 29.00000 22.00000 17.00000 26.00000 15.00000 10.00000 10.00000 21.00000 23.00000 22.00000 20.00000 24.00000 14.00000 17.00000 10.00000 18.00000 13.00000 23.00000 10.00000 25.00000 27.00000 10.00000 15.00000 13.00000 22.00000 15.00000 17.00000 49.00000 10.00000 29.00000 8.00000 25.00000 10.00000 18.00000 18.00000 23.00000 13.00000 21.00000 26.00000 21.00000 24.00000 22.00000 24.00000 25.00000 38.00000 23.00000 23.00000 19.00000 0.00000 23.00000 23.00000
2.00000 24.00000 38.00000 21.00000 17.00000 22.00000 22.00000 28.00000 10.00000 25.00000 24.00000 24.00000 21.00000 26.00000 23.00000 12.00000 12.00000 8.00000 24.00000 26.00000 26.00000 44.00000 20.00000 9.00000 30.00000 21.00000 26.00000 27.00000 9.00000 29.00000 26.00000 24.00000 23.00000 23.00000 28.00000 24.00000 19.00000 34.00000 26.00000 28.00000 25.00000 30.00000 23.00000 24.00000 21.00000 8.00000 13.00000 25.00000 29.00000 23.00000 19.00000 26.00000 18.00000 56.00000 23.00000 26.00000 22.00000 12.00000 22.00000 28.00000 14.00000 2.00000 28.00000 23.00000 13.00000 26.00000 10.00000 27.00000 20.00000 13.00000 47.00000 12.00000 12.00000 31.00000 23.00000 0.00000 2.00000
0.00000 23.00000 37.00000 20.00000 16.00000 21.00000 21.00000 27.00000 10.00000 24.00000 23.00000 23.00000 20.00000 25.00000 22.00000 11.00000 11.00000 8.00000 23.00000 25.00000 25.00000 43.00000 19.00000 9.00000 30.00000 20.00000 25.00000 26.00000 9.00000 28.00000 25.00000 23.00000 23.00000 22.00000 27.00000 23.00000 18.00000 33.00000 25.00000 27.00000 25.00000 29.00000 22.00000 23.00000 21.00000 7.00000 13.00000 25.00000 28.00000 22.00000 18.00000 26.00000 18.00000 56.00000 23.00000 25.00000 21.00000 11.00000 21.00000 27.00000 14.00000 0.00000 27.00000 22.00000 12.00000 25.00000 10.00000 26.00000 20.00000 12.00000 47.00000 11.00000 11.00000 31.00000 23.00000 2.00000 0.00000
p
0.0 0.0 0.0 0.0 0.0 0.0 
0.0 0.0 0.0 0.0 0.0 0.0 
0.0 0.0 0.0 0.0 0.0 0.0 
0.0 0.0 0.0 0.0 0.0 0.0 
0.0 0.0 0.0 0.0 0.0 0.0 
0.0 0.0 0.0 0.0 0.0 0.0 
0.0 0.0 0.0 0.0 0.0 0.0 
0.0 0.0 0.0 0.0 0.0 0.0 
0.0 0.0 0.0 0.0 0.0 0.0 
0.0 0.0 0.0 0.0 0.0 0.0 
0.0 0.0 0.0 0.0 0.0 0.0 
0.0 0.0 0.0 0.0 0.0 0.0 
0.0 0.0 0.0 0.0 0.0 0.0 
0.0 0.0 0.0 0.0 0.0 0.0 
0.0 0.0 0.0 0.0 0.0 0.0 
0 0 0 45 0 0 
0 0 0 45 0 0 
0 0 0 45 0 0 
0 0 0 45 0 0 
0 0 0 45 0 0 
0 0 0 45 0 0 
0 0 0 45 0 0 
0 0 0 45 0 0 
0 0 0 45 0 0 
0 0 0 45 0 0 
0 0 0 45 0 0 
0 0 0 45 0 0 
0 0 0 45 0 0 
0 0 0 45 0 0 
0 0 0 45 0 0 
52 0 0 0 0 0 
52 0 0 0 0 0 
52 0 0 0 0 0 
52 0 0 0 0 0 
52 0 0 0 0 0 
52 0 0 0 0 0 
52 0 0 0 0 0 
52 0 0 0 0 0 
52 0 0 0 0 0 
52 0 0 0 0 0 
52 0 0 0 0 0 
52 0 0 0 0 0 
52 0 0 0 0 0 
52 0 0 0 0 0 
52 0 0 0 0 0 
0 49 0 0 0 37 
0 49 0 0 0 37 
0 49 0 0 0 37 
0 49 0 0 0 37 
0 49 0 0 0 37 
0 49 0 0 0 37 
0 49 0 0 0 37 
0 49 0 0 0 37 
0 49 0 0 0 37 
0 49 0 0 0 37 
0 49 0 0 0 37 
0 49 0 0 0 37 
0 49 0 0 0 37 
0 49 0 0 0 37 
0 49 0 0 0 37 
0 0 0 0 0 44 
0 0 0 0 0 44 
0 0 0 0 0 44 
0 0 0 0 0 44 
0 0 0 0 0 44 
0 0 0 0 0 44 
0 0 0 0 0 44 
0 0 0 0 0 44 
0 0 0 0 0 44 
0 0 0 0 0 44 
0 0 0 0 0 44 
0 0 0 0 0 44 
0 0 0 0 0 44 
0 0 0 0 0 44 
0 0 0 0 0 44 
0 0 0 0 0 23 
0 0 0 0 0 23 
0 0 0 0 0 23 
0 0 0 0 0 23 
0 0 0 0 0 23 
0 0 0 0 0 23 
0 0 0 0 0 23 
0 0 0 0 0 23 
0 0 0 0 0 23 
0 0 0 0 0 23 
0 0 0 0 0 23 
0 0 0 0 0 23 
0 0 0 0 0 23 
0 0 0 0 0 23 
0 0 0 0 0 23 
0 0 17 0 0 44 
0 0 17 0 0 44 
0 0 17 0 0 44 
0 0 17 0 0 44 
0 0 17 0 0 44 
0 0 17 0 0 44 
0 0 17 0 0 44 
0 0 17 0 0 44 
0 0 17 0 0 44 
0 0 17 0 0 44 
0 0 17 0 0 44 
0 0 17 0 0 44 
0 0 17 0 0 44 
0 0 17 0 0 44 
0 0 17 0 0 44 
27 0 0 0 0 0 
27 0 0 0 0 0 
27 0 0 0 0 0 
27 0 0 0 0 0 
27 0 0 0 0 0 
27 0 0 0 0 0 
27 0 0 0 0 0 
27 0 0 0 0 0 
27 0 0 0 0 0 
27 0 0 0 0 0 
27 0 0 0 0 0 
27 0 0 0 0 0 
27 0 0 0 0 0 
27 0 0 0 0 0 
27 0 0 0 0 0 
0 0 0 21 0 0 
0 0 0 21 0 0 
0 0 0 21 0 0 
0 0 0 21 0 0 
0 0 0 21 0 0 
0 0 0 21 0 0 
0 0 0 21 0 0 
0 0 0 21 0 0 
0 0 0 21 0 0 
0 0 0 21 0 0 
0 0 0 21 0 0 
0 0 0 21 0 0 
0 0 0 21 0 0 
0 0 0 21 0 0 
0 0 0 21 0 0 
0 57 0 0 0 0 
0 57 0 0 0 0 
0 57 0 0 0 0 
0 57 0 0 0 0 
0 57 0 0 0 0 
0 57 0 0 0 0 
0 57 0 0 0 0 
0 57 0 0 0 0 
0 57 0 0 0 0 
0 57 0 0 0 0 
0 57 0 0 0 0 
0 57 0 0 0 0 
0 57 0 0 0 0 
0 57 0 0 0 0 
0 57 0 0 0 0 
0 0 24 0 0 0 
0 0 24 0 0 0 
0 0 24 0 0 0 
0 0 24 0 0 0 
0 0 24 0 0 0 
0 0 24 0 0 0 
0 0 24 0 0 0 
0 0 24 0 0 0 
0 0 24 0 0 0 
0 0 24 0 0 0 
0 0 24 0 0 0 
0 0 24 0 0 0 
0 0 24 0 0 0 
0 0 24 0 0 0 
0 0 24 0 0 0 
0 0 0 0 47 0 
0 0 0 0 47 0 
0 0 0 0 47 0 
0 0 0 0 47 0 
0 0 0 0 47 0 
0 0 0 0 47 0 
0 0 0 0 47 0 
0 0 0 0 47 0 
0 0 0 0 47 0 
0 0 0 0 47 0 
0 0 0 0 47 0 
0 0 0 0 47 0 
0 0 0 0 47 0 
0 0 0 0 47 0 
0 0 0 0 47 0 
0 0 42 0 0 0 
0 0 42 0 0 0 
0 0 42 0 0 0 
0 0 42 0 0 0 
0 0 42 0 0 0 
0 0 42 0 0 0 
0 0 42 0 0 0 
0 0 42 0 0 0 
0 0 42 0 0 0 
0 0 42 0 0 0 
0 0 42 0 0 0 
0 0 42 0 0 0 
0 0 42 0 0 0 
0 0 42 0 0 0 
0 0 42 0 0 0 
55 0 0 50 0 0 
55 0 0 50 0 0 
55 0 0 50 0 0 
55 0 0 50 0 0 
55 0 0 50 0 0 
55 0 0 50 0 0 
55 0 0 50 0 0 
55 0 0 50 0 0 
55 0 0 50 0 0 
55 0 0 50 0 0 
55 0 0 50 0 0 
55 0 0 50 0 0 
55 0 0 50 0 0 
55 0 0 50 0 0 
55 0 0 50 0 0 
0 0 0 48 0 0 
0 0 0 48 0 0 
0 0 0 48 0 0 
0 0 0 48 0 0 
0 0 0 48 0 0 
0 0 0 48 0 0 
0 0 0 48 0 0 
0 0 0 48 0 0 
0 0 0 48 0 0 
0 0 0 48 0 0 
0 0 0 48 0 0 
0 0 0 48 0 0 
0 0 0 48 0 0 
0 0 0 48 0 0 
0 0 0 48 0 0 
0 0 0 54 0 0 
0 0 0 54 0 0 
0 0 0 54 0 0 
0 0 0 54 0 0 
0 0 0 54 0 0 
0 0 0 54 0 0 
0 0 0 54 0 0 
0 0 0 54 0 0 
0 0 0 54 0 0 
0 0 0 54 0 0 
0 0 0 54 0 0 
0 0 0 54 0 0 
0 0 0 54 0 0 
0 0 0 54 0 0 
0 0 0 54 0 0 
48 0 0 0 0 0 
48 0 0 0 0 0 
48 0 0 0 0 0 
48 0 0 0 0 0 
48 0 0 0 0 0 
48 0 0 0 0 0 
48 0 0 0 0 0 
48 0 0 0 0 0 
48 0 0 0 0 0 
48 0 0 0 0 0 
48 0 0 0 0 0 
48 0 0 0 0 0 
48 0 0 0 0 0 
48 0 0 0 0 0 
48 0 0 0 0 0 
32 0 0 0 0 24 
32 0 0 0 0 24 
32 0 0 0 0 24 
32 0 0 0 0 24 
32 0 0 0 0 24 
32 0 0 0 0 24 
32 0 0 0 0 24 
32 0 0 0 0 24 
32 0 0 0 0 24 
32 0 0 0 0 24 
32 0 0 0 0 24 
32 0 0 0 0 24 
32 0 0 0 0 24 
32 0 0 0 0 24 
32 0 0 0 0 24 
0 39 0 36 0 0 
0 39 0 36 0 0 
0 39 0 36 0 0 
0 39 0 36 0 0 
0 39 0 36 0 0 
0 39 0 36 0 0 
0 39 0 36 0 0 
0 39 0 36 0 0 
0 39 0 36 0 0 
0 39 0 36 0 0 
0 39 0 36 0 0 
0 39 0 36 0 0 
0 39 0 36 0 0 
0 39 0 36 0 0 
0 39 0 36 0 0 
0 59 0 0 0 0 
0 59 0 0 0 0 
0 59 0 0 0 0 
0 59 0 0 0 0 
0 59 0 0 0 0 
0 59 0 0 0 0 
0 59 0 0 0 0 
0 59 0 0 0 0 
0 59 0 0 0 0 
0 59 0 0 0 0 
0 59 0 0 0 0 
0 59 0 0 0 0 
0 59 0 0 0 0 
0 59 0 0 0 0 
0 59 0 0 0 0 
0 0 28 0 0 33 
0 0 28 0 0 33 
0 0 28 0 0 33 
0 0 28 0 0 33 
0 0 28 0 0 33 
0 0 28 0 0 33 
0 0 28 0 0 33 
0 0 28 0 0 33 
0 0 28 0 0 33 
0 0 28 0 0 33 
0 0 28 0 0 33 
0 0 28 0 0 33 
0 0 28 0 0 33 
0 0 28 0 0 33 
0 0 28 0 0 33 
27 0 0 0 0 0 
27 0 0 0 0 0 
27 0 0 0 0 0 
27 0 0 0 0 0 
27 0 0 0 0 0 
27 0 0 0 0 0 
27 0 0 0 0 0 
27 0 0 0 0 0 
27 0 0 0 0 0 
27 0 0 0 0 0 
27 0 0 0 0 0 
27 0 0 0 0 0 
27 0 0 0 0 0 
27 0 0 0 0 0 
27 0 0 0 0 0 
57 0 0 0 0 0 
57 0 0 0 0 0 
57 0 0 0 0 0 
57 0 0 0 0 0 
57 0 0 0 0 0 
57 0 0 0 0 0 
57 0 0 0 0 0 
57 0 0 0 0 0 
57 0 0 0 0 0 
57 0 0 0 0 0 
57 0 0 0 0 0 
57 0 0 0 0 0 
57 0 0 0 0 0 
57 0 0 0 0 0 
57 0 0 0 0 0 
0 0 34 0 0 0 
0 0 34 0 0 0 
0 0 34 0 0 0 
0 0 34 0 0 0 
0 0 34 0 0 0 
0 0 34 0 0 0 
0 0 34 0 0 0 
0 0 34 0 0 0 
0 0 34 0 0 0 
0 0 34 0 0 0 
0 0 34 0 0 0 
0 0 34 0 0 0 
0 0 34 0 0 0 
0 0 34 0 0 0 
0 0 34 0 0 0 
0 0 0 0 46 0 
0 0 0 0 46 0 
0 0 0 0 46 0 
0 0 0 0 46 0 
0 0 0 0 46 0 
0 0 0 0 46 0 
0 0 0 0 46 0 
0 0 0 0 46 0 
0 0 0 0 46 0 
0 0 0 0 46 0 
0 0 0 0 46 0 
0 0 0 0 46 0 
0 0 0 0 46 0 
0 0 0 0 46 0 
0 0 0 0 46 0 
0 0 19 0 36 0 
0 0 19 0 36 0 
0 0 19 0 36 0 
0 0 19 0 36 0 
0 0 19 0 36 0 
0 0 19 0 36 0 
0 0 19 0 36 0 
0 0 19 0 36 0 
0 0 19 0 36 0 
0 0 19 0 36 0 
0 0 19 0 36 0 
0 0 19 0 36 0 
0 0 19 0 36 0 
0 0 19 0 36 0 
0 0 19 0 36 0 
0 0 0 0 49 0 
0 0 0 0 49 0 
0 0 0 0 49 0 
0 0 0 0 49 0 
0 0 0 0 49 0 
0 0 0 0 49 0 
0 0 0 0 49 0 
0 0 0 0 49 0 
0 0 0 0 49 0 
0 0 0 0 49 0 
0 0 0 0 49 0 
0 0 0 0 49 0 
0 0 0 0 49 0 
0 0 0 0 49 0 
0 0 0 0 49 0 
31 0 0 0 0 0 
31 0 0 0 0 0 
31 0 0 0 0 0 
31 0 0 0 0 0 
31 0 0 0 0 0 
31 0 0 0 0 0 
31 0 0 0 0 0 
31 0 0 0 0 0 
31 0 0 0 0 0 
31 0 0 0 0 0 
31 0 0 0 0 0 
31 0 0 0 0 0 
31 0 0 0 0 0 
31 0 0 0 0 0 
31 0 0 0 0 0 
23 0 0 0 0 0 
23 0 0 0 0 0 
23 0 0 0 0 0 
23 0 0 0 0 0 
23 0 0 0 0 0 
23 0 0 0 0 0 
23 0 0 0 0 0 
23 0 0 0 0 0 
23 0 0 0 0 0 
23 0 0 0 0 0 
23 0 0 0 0 0 
23 0 0 0 0 0 
23 0 0 0 0 0 
23 0 0 0 0 0 
23 0 0 0 0 0 
23 0 0 0 46 0 
23 0 0 0 46 0 
23 0 0 0 46 0 
23 0 0 0 46 0 
23 0 0 0 46 0 
23 0 0 0 46 0 
23 0 0 0 46 0 
23 0 0 0 46 0 
23 0 0 0 46 0 
23 0 0 0 46 0 
23 0 0 0 46 0 
23 0 0 0 46 0 
23 0 0 0 46 0 
23 0 0 0 46 0 
23 0 0 0 46 0 
0 0 22 42 0 0 
0 0 22 42 0 0 
0 0 22 42 0 0 
0 0 22 42 0 0 
0 0 22 42 0 0 
0 0 22 42 0 0 
0 0 22 42 0 0 
0 0 22 42 0 0 
0 0 22 42 0 0 
0 0 22 42 0 0 
0 0 22 42 0 0 
0 0 22 42 0 0 
0 0 22 42 0 0 
0 0 22 42 0 0 
0 0 22 42 0 0 
0 15 0 0 0 0 
0 15 0 0 0 0 
0 15 0 0 0 0 
0 15 0 0 0 0 
0 15 0 0 0 0 
0 15 0 0 0 0 
0 15 0 0 0 0 
0 15 0 0 0 0 
0 15 0 0 0 0 
0 15 0 0 0 0 
0 15 0 0 0 0 
0 15 0 0 0 0 
0 15 0 0 0 0 
0 15 0 0 0 0 
0 15 0 0 0 0 
0 0 20 0 0 0 
0 0 20 0 0 0 
0 0 20 0 0 0 
0 0 20 0 0 0 
0 0 20 0 0 0 
0 0 20 0 0 0 
0 0 20 0 0 0 
0 0 20 0 0 0 
0 0 20 0 0 0 
0 0 20 0 0 0 
0 0 20 0 0 0 
0 0 20 0 0 0 
0 0 20 0 0 0 
0 0 20 0 0 0 
0 0 20 0 0 0 
30 0 0 0 0 0 
30 0 0 0 0 0 
30 0 0 0 0 0 
30 0 0 0 0 0 
30 0 0 0 0 0 
30 0 0 0 0 0 
30 0 0 0 0 0 
30 0 0 0 0 0 
30 0 0 0 0 0 
30 0 0 0 0 0 
30 0 0 0 0 0 
30 0 0 0 0 0 
30 0 0 0 0 0 
30 0 0 0 0 0 
30 0 0 0 0 0 
0 35 0 0 0 0 
0 35 0 0 0 0 
0 35 0 0 0 0 
0 35 0 0 0 0 
0 35 0 0 0 0 
0 35 0 0 0 0 
0 35 0 0 0 0 
0 35 0 0 0 0 
0 35 0 0 0 0 
0 35 0 0 0 0 
0 35 0 0 0 0 
0 35 0 0 0 0 
0 35 0 0 0 0 
0 35 0 0 0 0 
0 35 0 0 0 0 
45 0 0 0 0 0 
45 0 0 0 0 0 
45 0 0 0 0 0 
45 0 0 0 0 0 
45 0 0 0 0 0 
45 0 0 0 0 0 
45 0 0 0 0 0 
45 0 0 0 0 0 
45 0 0 0 0 0 
45 0 0 0 0 0 
45 0 0 0 0 0 
45 0 0 0 0 0 
45 0 0 0 0 0 
45 0 0 0 0 0 
45 0 0 0 0 0 
0 0 28 0 0 0 
0 0 28 0 0 0 
0 0 28 0 0 0 
0 0 28 0 0 0 
0 0 28 0 0 0 
0 0 28 0 0 0 
0 0 28 0 0 0 
0 0 28 0 0 0 
0 0 28 0 0 0 
0 0 28 0 0 0 
0 0 28 0 0 0 
0 0 28 0 0 0 
0 0 28 0 0 0 
0 0 28 0 0 0 
0 0 28 0 0 0 
44 0 0 22 0 0 
44 0 0 22 0 0 
44 0 0 22 0 0 
44 0 0 22 0 0 
44 0 0 22 0 0 
44 0 0 22 0 0 
44 0 0 22 0 0 
44 0 0 22 0 0 
44 0 0 22 0 0 
44 0 0 22 0 0 
44 0 0 22 0 0 
44 0 0 22 0 0 
44 0 0 22 0 0 
44 0 0 22 0 0 
44 0 0 22 0 0 
0 0 0 0 51 0 
0 0 0 0 51 0 
0 0 0 0 51 0 
0 0 0 0 51 0 
0 0 0 0 51 0 
0 0 0 0 51 0 
0 0 0 0 51 0 
0 0 0 0 51 0 
0 0 0 0 51 0 
0 0 0 0 51 0 
0 0 0 0 51 0 
0 0 0 0 51 0 
0 0 0 0 51 0 
0 0 0 0 51 0 
0 0 0 0 51 0 
0 43 0 0 0 0 
0 43 0 0 0 0 
0 43 0 0 0 0 
0 43 0 0 0 0 
0 43 0 0 0 0 
0 43 0 0 0 0 
0 43 0 0 0 0 
0 43 0 0 0 0 
0 43 0 0 0 0 
0 43 0 0 0 0 
0 43 0 0 0 0 
0 43 0 0 0 0 
0 43 0 0 0 0 
0 43 0 0 0 0 
0 43 0 0 0 0 
0 0 43 28 0 0 
0 0 43 28 0 0 
0 0 43 28 0 0 
0 0 43 28 0 0 
0 0 43 28 0 0 
0 0 43 28 0 0 
0 0 43 28 0 0 
0 0 43 28 0 0 
0 0 43 28 0 0 
0 0 43 28 0 0 
0 0 43 28 0 0 
0 0 43 28 0 0 
0 0 43 28 0 0 
0 0 43 28 0 0 
0 0 43 28 0 0 
0 0 0 40 0 0 
0 0 0 40 0 0 
0 0 0 40 0 0 
0 0 0 40 0 0 
0 0 0 40 0 0 
0 0 0 40 0 0 
0 0 0 40 0 0 
0 0 0 40 0 0 
0 0 0 40 0 0 
0 0 0 40 0 0 
0 0 0 40 0 0 
0 0 0 40 0 0 
0 0 0 40 0 0 
0 0 0 40 0 0 
0 0 0 40 0 0 
0 54 0 0 0 0 
0 54 0 0 0 0 
0 54 0 0 0 0 
0 54 0 0 0 0 
0 54 0 0 0 0 
0 54 0 0 0 0 
0 54 0 0 0 0 
0 54 0 0 0 0 
0 54 0 0 0 0 
0 54 0 0 0 0 
0 54 0 0 0 0 
0 54 0 0 0 0 
0 54 0 0 0 0 
0 54 0 0 0 0 
0 54 0 0 0 0 
0 0 39 0 0 0 
0 0 39 0 0 0 
0 0 39 0 0 0 
0 0 39 0 0 0 
0 0 39 0 0 0 
0 0 39 0 0 0 
0 0 39 0 0 0 
0 0 39 0 0 0 
0 0 39 0 0 0 
0 0 39 0 0 0 
0 0 39 0 0 0 
0 0 39 0 0 0 
0 0 39 0 0 0 
0 0 39 0 0 0 
0 0 39 0 0 0 
0 0 24 0 0 0 
0 0 24 0 0 0 
0 0 24 0 0 0 
0 0 24 0 0 0 
0 0 24 0 0 0 
0 0 24 0 0 0 
0 0 24 0 0 0 
0 0 24 0 0 0 
0 0 24 0 0 0 
0 0 24 0 0 0 
0 0 24 0 0 0 
0 0 24 0 0 0 
0 0 24 0 0 0 
0 0 24 0 0 0 
0 0 24 0 0 0 
46 0 0 0 16 0 
46 0 0 0 16 0 
46 0 0 0 16 0 
46 0 0 0 16 0 
46 0 0 0 16 0 
46 0 0 0 16 0 
46 0 0 0 16 0 
46 0 0 0 16 0 
46 0 0 0 16 0 
46 0 0 0 16 0 
46 0 0 0 16 0 
46 0 0 0 16 0 
46 0 0 0 16 0 
46 0 0 0 16 0 
46 0 0 0 16 0 
0 0 0 0 15 0 
0 0 0 0 15 0 
0 0 0 0 15 0 
0 0 0 0 15 0 
0 0 0 0 15 0 
0 0 0 0 15 0 
0 0 0 0 15 0 
0 0 0 0 15 0 
0 0 0 0 15 0 
0 0 0 0 15 0 
0 0 0 0 15 0 
0 0 0 0 15 0 
0 0 0 0 15 0 
0 0 0 0 15 0 
0 0 0 0 15 0 
18 0 0 0 0 0 
18 0 0 0 0 0 
18 0 0 0 0 0 
18 0 0 0 0 0 
18 0 0 0 0 0 
18 0 0 0 0 0 
18 0 0 0 0 0 
18 0 0 0 0 0 
18 0 0 0 0 0 
18 0 0 0 0 0 
18 0 0 0 0 0 
18 0 0 0 0 0 
18 0 0 0 0 0 
18 0 0 0 0 0 
18 0 0 0 0 0 
0 0 0 0 0 37 
0 0 0 0 0 37 
0 0 0 0 0 37 
0 0 0 0 0 37 
0 0 0 0 0 37 
0 0 0 0 0 37 
0 0 0 0 0 37 
0 0 0 0 0 37 
0 0 0 0 0 37 
0 0 0 0 0 37 
0 0 0 0 0 37 
0 0 0 0 0 37 
0 0 0 0 0 37 
0 0 0 0 0 37 
0 0 0 0 0 37 
0 0 0 0 29 0 
0 0 0 0 29 0 
0 0 0 0 29 0 
0 0 0 0 29 0 
0 0 0 0 29 0 
0 0 0 0 29 0 
0 0 0 0 29 0 
0 0 0 0 29 0 
0 0 0 0 29 0 
0 0 0 0 29 0 
0 0 0 0 29 0 
0 0 0 0 29 0 
0 0 0 0 29 0 
0 0 0 0 29 0 
0 0 0 0 29 0 
0 0 53 0 22 0 
0 0 53 0 22 0 
0 0 53 0 22 0 
0 0 53 0 22 0 
0 0 53 0 22 0 
0 0 53 0 22 0 
0 0 53 0 22 0 
0 0 53 0 22 0 
0 0 53 0 22 0 
0 0 53 0 22 0 
0 0 53 0 22 0 
0 0 53 0 22 0 
0 0 53 0 22 0 
0 0 53 0 22 0 
0 0 53 0 22 0 
0 0 37 0 18 0 
0 0 37 0 18 0 
0 0 37 0 18 0 
0 0 37 0 18 0 
0 0 37 0 18 0 
0 0 37 0 18 0 
0 0 37 0 18 0 
0 0 37 0 18 0 
0 0 37 0 18 0 
0 0 37 0 18 0 
0 0 37 0 18 0 
0 0 37 0 18 0 
0 0 37 0 18 0 
0 0 37 0 18 0 
0 0 37 0 18 0 
0 58 0 0 29 0 
0 58 0 0 29 0 
0 58 0 0 29 0 
0 58 0 0 29 0 
0 58 0 0 29 0 
0 58 0 0 29 0 
0 58 0 0 29 0 
0 58 0 0 29 0 
0 58 0 0 29 0 
0 58 0 0 29 0 
0 58 0 0 29 0 
0 58 0 0 29 0 
0 58 0 0 29 0 
0 58 0 0 29 0 
0 58 0 0 29 0 
0 0 58 0 0 0 
0 0 58 0 0 0 
0 0 58 0 0 0 
0 0 58 0 0 0 
0 0 58 0 0 0 
0 0 58 0 0 0 
0 0 58 0 0 0 
0 0 58 0 0 0 
0 0 58 0 0 0 
0 0 58 0 0 0 
0 0 58 0 0 0 
0 0 58 0 0 0 
0 0 58 0 0 0 
0 0 58 0 0 0 
0 0 58 0 0 0 
0 17 0 0 0 45 
0 17 0 0 0 45 
0 17 0 0 0 45 
0 17 0 0 0 45 
0 17 0 0 0 45 
0 17 0 0 0 45 
0 17 0 0 0 45 
0 17 0 0 0 45 
0 17 0 0 0 45 
0 17 0 0 0 45 
0 17 0 0 0 45 
0 17 0 0 0 45 
0 17 0 0 0 45 
0 17 0 0 0 45 
0 17 0 0 0 45 
0 0 54 0 0 0 
0 0 54 0 0 0 
0 0 54 0 0 0 
0 0 54 0 0 0 
0 0 54 0 0 0 
0 0 54 0 0 0 
0 0 54 0 0 0 
0 0 54 0 0 0 
0 0 54 0 0 0 
0 0 54 0 0 0 
0 0 54 0 0 0 
0 0 54 0 0 0 
0 0 54 0 0 0 
0 0 54 0 0 0 
0 0 54 0 0 0 
0 0 0 0 25 0 
0 0 0 0 25 0 
0 0 0 0 25 0 
0 0 0 0 25 0 
0 0 0 0 25 0 
0 0 0 0 25 0 
0 0 0 0 25 0 
0 0 0 0 25 0 
0 0 0 0 25 0 
0 0 0 0 25 0 
0 0 0 0 25 0 
0 0 0 0 25 0 
0 0 0 0 25 0 
0 0 0 0 25 0 
0 0 0 0 25 0 
0 0 0 0 49 0 
0 0 0 0 49 0 
0 0 0 0 49 0 
0 0 0 0 49 0 
0 0 0 0 49 0 
0 0 0 0 49 0 
0 0 0 0 49 0 
0 0 0 0 49 0 
0 0 0 0 49 0 
0 0 0 0 49 0 
0 0 0 0 49 0 
0 0 0 0 49 0 
0 0 0 0 49 0 
0 0 0 0 49 0 
0 0 0 0 49 0 
0 0 0 36 0 0 
0 0 0 36 0 0 
0 0 0 36 0 0 
0 0 0 36 0 0 
0 0 0 36 0 0 
0 0 0 36 0 0 
0 0 0 36 0 0 
0 0 0 36 0 0 
0 0 0 36 0 0 
0 0 0 36 0 0 
0 0 0 36 0 0 
0 0 0 36 0 0 
0 0 0 36 0 0 
0 0 0 36 0 0 
0 0 0 36 0 0 
0 0 0 0 0 23 
0 0 0 0 0 23 
0 0 0 0 0 23 
0 0 0 0 0 23 
0 0 0 0 0 23 
0 0 0 0 0 23 
0 0 0 0 0 23 
0 0 0 0 0 23 
0 0 0 0 0 23 
0 0 0 0 0 23 
0 0 0 0 0 23 
0 0 0 0 0 23 
0 0 0 0 0 23 
0 0 0 0 0 23 
0 0 0 0 0 23 
0 0 0 24 0 0 
0 0 0 24 0 0 
0 0 0 24 0 0 
0 0 0 24 0 0 
0 0 0 24 0 0 
0 0 0 24 0 0 
0 0 0 24 0 0 
0 0 0 24 0 0 
0 0 0 24 0 0 
0 0 0 24 0 0 
0 0 0 24 0 0 
0 0 0 24 0 0 
0 0 0 24 0 0 
0 0 0 24 0 0 
0 0 0 24 0 0 
0 0 0 42 0 0 
0 0 0 42 0 0 
0 0 0 42 0 0 
0 0 0 42 0 0 
0 0 0 42 0 0 
0 0 0 42 0 0 
0 0 0 42 0 0 
0 0 0 42 0 0 
0 0 0 42 0 0 
0 0 0 42 0 0 
0 0 0 42 0 0 
0 0 0 42 0 0 
0 0 0 42 0 0 
0 0 0 42 0 0 
0 0 0 42 0 0 
0 53 0 51 0 0 
0 53 0 51 0 0 
0 53 0 51 0 0 
0 53 0 51 0 0 
0 53 0 51 0 0 
0 53 0 51 0 0 
0 53 0 51 0 0 
0 53 0 51 0 0 
0 53 0 51 0 0 
0 53 0 51 0 0 
0 53 0 51 0 0 
0 53 0 51 0 0 
0 53 0 51 0 0 
0 53 0 51 0 0 
0 53 0 51 0 0 
0 19 0 0 0 21 
0 19 0 0 0 21 
0 19 0 0 0 21 
0 19 0 0 0 21 
0 19 0 0 0 21 
0 19 0 0 0 21 
0 19 0 0 0 21 
0 19 0 0 0 21 
0 19 0 0 0 21 
0 19 0 0 0 21 
0 19 0 0 0 21 
0 19 0 0 0 21 
0 19 0 0 0 21 
0 19 0 0 0 21 
0 19 0 0 0 21 
0 0 38 0 21 0 
0 0 38 0 21 0 
0 0 38 0 21 0 
0 0 38 0 21 0 
0 0 38 0 21 0 
0 0 38 0 21 0 
0 0 38 0 21 0 
0 0 38 0 21 0 
0 0 38 0 21 0 
0 0 38 0 21 0 
0 0 38 0 21 0 
0 0 38 0 21 0 
0 0 38 0 21 0 
0 0 38 0 21 0 
0 0 38 0 21 0 
0 0 17 0 0 0 
0 0 17 0 0 0 
0 0 17 0 0 0 
0 0 17 0 0 0 
0 0 17 0 0 0 
0 0 17 0 0 0 
0 0 17 0 0 0 
0 0 17 0 0 0 
0 0 17 0 0 0 
0 0 17 0 0 0 
0 0 17 0 0 0 
0 0 17 0 0 0 
0 0 17 0 0 0 
0 0 17 0 0 0 
0 0 17 0 0 0 
0 45 0 41 0 0 
0 45 0 41 0 0 
0 45 0 41 0 0 
0 45 0 41 0 0 
0 45 0 41 0 0 
0 45 0 41 0 0 
0 45 0 41 0 0 
0 45 0 41 0 0 
0 45 0 41 0 0 
0 45 0 41 0 0 
0 45 0 41 0 0 
0 45 0 41 0 0 
0 45 0 41 0 0 
0 45 0 41 0 0 
0 45 0 41 0 0 
0 0 0 36 0 0 
0 0 0 36 0 0 
0 0 0 36 0 0 
0 0 0 36 0 0 
0 0 0 36 0 0 
0 0 0 36 0 0 
0 0 0 36 0 0 
0 0 0 36 0 0 
0 0 0 36 0 0 
0 0 0 36 0 0 
0 0 0 36 0 0 
0 0 0 36 0 0 
0 0 0 36 0 0 
0 0 0 36 0 0 
0 0 0 36 0 0 
32 0 0 0 0 0 
32 0 0 0 0 0 
32 0 0 0 0 0 
32 0 0 0 0 0 
32 0 0 0 0 0 
32 0 0 0 0 0 
32 0 0 0 0 0 
32 0 0 0 0 0 
32 0 0 0 0 0 
32 0 0 0 0 0 
32 0 0 0 0 0 
32 0 0 0 0 0 
32 0 0 0 0 0 
32 0 0 0 0 0 
32 0 0 0 0 0 
0 0 0 0 0 39 
0 0 0 0 0 39 
0 0 0 0 0 39 
0 0 0 0 0 39 
0 0 0 0 0 39 
0 0 0 0 0 39 
0 0 0 0 0 39 
0 0 0 0 0 39 
0 0 0 0 0 39 
0 0 0 0 0 39 
0 0 0 0 0 39 
0 0 0 0 0 39 
0 0 0 0 0 39 
0 0 0 0 0 39 
0 0 0 0 0 39 
0 0 19 0 0 33 
0 0 19 0 0 33 
0 0 19 0 0 33 
0 0 19 0 0 33 
0 0 19 0 0 33 
0 0 19 0 0 33 
0 0 19 0 0 33 
0 0 19 0 0 33 
0 0 19 0 0 33 
0 0 19 0 0 33 
0 0 19 0 0 33 
0 0 19 0 0 33 
0 0 19 0 0 33 
0 0 19 0 0 33 
0 0 19 0 0 33 
0 0 27 0 0 55 
0 0 27 0 0 55 
0 0 27 0 0 55 
0 0 27 0 0 55 
0 0 27 0 0 55 
0 0 27 0 0 55 
0 0 27 0 0 55 
0 0 27 0 0 55 
0 0 27 0 0 55 
0 0 27 0 0 55 
0 0 27 0 0 55 
0 0 27 0 0 55 
0 0 27 0 0 55 
0 0 27 0 0 55 
0 0 27 0 0 55 
57 0 0 0 54 0 
57 0 0 0 54 0 
57 0 0 0 54 0 
57 0 0 0 54 0 
57 0 0 0 54 0 
57 0 0 0 54 0 
57 0 0 0 54 0 
57 0 0 0 54 0 
57 0 0 0 54 0 
57 0 0 0 54 0 
57 0 0 0 54 0 
57 0 0 0 54 0 
57 0 0 0 54 0 
57 0 0 0 54 0 
57 0 0 0 54 0 
0 0 0 30 0 0 
0 0 0 30 0 0 
0 0 0 30 0 0 
0 0 0 30 0 0 
0 0 0 30 0 0 
0 0 0 30 0 0 
0 0 0 30 0 0 
0 0 0 30 0 0 
0 0 0 30 0 0 
0 0 0 30 0 0 
0 0 0 30 0 0 
0 0 0 30 0 0 
0 0 0 30 0 0 
0 0 0 30 0 0 
0 0 0 30 0 0 
0 17 0 0 32 0 
0 17 0 0 32 0 
0 17 0 0 32 0 
0 17 0 0 32 0 
0 17 0 0 32 0 
0 17 0 0 32 0 
0 17 0 0 32 0 
0 17 0 0 32 0 
0 17 0 0 32 0 
0 17 0 0 32 0 
0 17 0 0 32 0 
0 17 0 0 32 0 
0 17 0 0 32 0 
0 17 0 0 32 0 
0 17 0 0 32 0 
40 0 0 0 0 0 
40 0 0 0 0 0 
40 0 0 0 0 0 
40 0 0 0 0 0 
40 0 0 0 0 0 
40 0 0 0 0 0 
40 0 0 0 0 0 
40 0 0 0 0 0 
40 0 0 0 0 0 
40 0 0 0 0 0 
40 0 0 0 0 0 
40 0 0 0 0 0 
40 0 0 0 0 0 
40 0 0 0 0 0 
40 0 0 0 0 0 
0.0 0.0 0.0 0.0 0.0 0.0 
0.0 0.0 0.0 0.0 0.0 0.0 
0.0 0.0 0.0 0.0 0.0 0.0 
0.0 0.0 0.0 0.0 0.0 0.0 
0.0 0.0 0.0 0.0 0.0 0.0 
0.0 0.0 0.0 0.0 0.0 0.0 
0.0 0.0 0.0 0.0 0.0 0.0 
0.0 0.0 0.0 0.0 0.0 0.0 
0.0 0.0 0.0 0.0 0.0 0.0 
0.0 0.0 0.0 0.0 0.0 0.0 
0.0 0.0 0.0 0.0 0.0 0.0 
0.0 0.0 0.0 0.0 0.0 0.0 
0.0 0.0 0.0 0.0 0.0 0.0 
0.0 0.0 0.0 0.0 0.0 0.0 
0.0 0.0 0.0 0.0 0.0 0.0 
mind
0 0 0 0 0 0 0 0 0 0 0 0 0 0 0 0 0 18 16 0 0 0 0 0 0 0 0 0 0 0 11 0 0 0 0 0 0 11 0 0 12 0 0 0 0 19 0 0 0 0 0 0 0 0 14 0 0 0 0 0 0 0 16 0 0 0 15 0 0 0 18 15 18 0 0 0 0
maxd
0 0 0 0 0 0 0 0 0 0 0 0 0 0 0 0 0 24 29 0 0 0 0 0 0 0 0 0 0 0 19 0 0 0 0 0 0 20 0 0 28 0 0 0 0 24 0 0 0 0 0 0 0 0 18 0 0 0 0 0 0 0 19 0 0 0 27 0 0 0 28 27 21 0 0 0 0
e
0 511 503 539 659 557 609 529 805 880 571 915 485 570 835 605 862 744 635 518 660 485 673 752 864 934 918 917 587 892 567 830 954 718 684 786 827 741 706 714 709 554 675 886 881 680 499 921 784 849 642 884 878 546 955 884 560 696 943 695 689 581 831 787 767 783 805 711 761 801 845 636 573 558 793 937 0
l
99999 631 623 659 779 677 729 649 925 1000 691 1035 605 690 955 725 982 864 755 638 780 605 793 872 984 1054 1038 1037 707 1012 687 950 1074 838 804 906 947 861 826 834 829 674 795 1006 1001 800 619 1041 904 969 762 1004 998 666 1075 1004 680 816 1063 815 809 701 951 907 887 903 925 831 881 921 965 756 693 678 913 1057 99999
