nbNodes
52
nbVehi
10
nbServi
6
r
1 1 1 1 1 1 
0 1 0 1 0 0 
0 0 0 1 0 0 
1 0 0 0 0 1 
1 0 0 0 1 0 
0 1 0 0 0 0 
0 0 0 1 0 0 
0 0 0 1 0 0 
1 0 0 0 0 1 
0 1 0 0 0 0 
0 0 0 0 1 0 
0 1 0 0 0 0 
0 0 0 0 1 0 
0 1 0 0 0 0 
0 1 0 0 0 0 
0 0 0 0 0 1 
0 0 0 1 0 0 
1 0 0 0 0 0 
1 0 0 0 1 0 
0 0 1 1 0 0 
0 1 0 0 0 0 
0 0 0 1 0 0 
0 0 0 0 1 0 
0 0 0 0 1 0 
0 0 0 0 1 0 
0 1 0 0 1 0 
0 1 0 0 0 0 
0 0 0 0 0 1 
1 0 0 0 0 0 
0 1 0 1 0 0 
0 1 0 1 0 0 
0 1 0 0 0 1 
0 0 0 0 0 1 
0 0 1 0 0 1 
0 1 0 0 0 0 
0 0 1 0 1 0 
1 0 0 0 0 1 
0 0 1 0 0 0 
0 1 0 0 0 0 
0 1 0 0 0 0 
0 1 0 0 1 0 
0 1 0 0 1 0 
0 0 0 0 0 1 
0 0 0 0 1 0 
0 0 0 1 0 0 
0 0 1 0 0 0 
0 1 0 0 1 0 
0 0 1 0 0 0 
0 0 1 0 0 0 
0 0 0 1 0 0 
0 1 0 0 0 0 
1 1 1 1 1 1 
DS
2 4 5 9 19 20 26 30 31 32 34 36 37 41 42 47 
a
0 0 1 0 0 0 
0 1 1 0 0 0 
1 1 1 0 0 0 
1 1 0 0 0 0 
0 1 0 0 0 0 
0 0 0 1 1 0 
0 0 0 1 1 1 
0 0 0 1 1 1 
0 0 0 1 1 0 
0 0 0 0 1 0 
x
-30.0861 -30.0448 -30.1496 -30.1087 -30.1523 -30.0683 -30.0714 -30.1484 -30.0526 -30.0008 -29.988 -30.1561 -30.089 -30.0199 -30.0685 -30.039 -30.0494 -30.0368 -29.9863 -30.0234 -30.1542 -30.0967 -30.1517 -30.1859 -30.0704 -30.1562 -30.1565 -30.0465 -30.0767 -30.0888 -30.1544 -30.0671 -30.1536 -30.0111 -30.0861 -30.0276 -30.1131 -30.0019 -30.0228 -30.0586 -30.0641 -30.0733 -30.0861 -29.9937 -30.0191 -30.1105 -29.994 -30.15 -30.0356 -30.0805 -30.0608 -30.0861
y
-51.1708 -51.2269 -51.1486 -51.2523 -51.1392 -51.1686 -51.183 -51.1473 -51.208 -51.1013 -51.1094 -51.1503 -51.1821 -51.1078 -51.2155 -51.1082 -51.2005 -51.154 -51.1129 -51.0876 -51.1401 -51.2319 -51.1485 -51.1855 -51.1735 -51.1334 -51.1391 -51.1481 -51.2178 -51.1931 -51.1438 -51.2096 -51.1378 -51.1835 -51.1708 -51.1062 -51.2329 -51.202 -51.1372 -51.2066 -51.1937 -51.1869 -51.185 -51.1126 -51.1817 -51.103 -51.1119 -51.1361 -51.1094 -51.2259 -51.1536 -51.1708
d
0.00000 20.00000 23.00000 23.00000 26.00000 10.00000 12.00000 24.00000 16.00000 31.00000 31.00000 27.00000 8.00000 27.00000 17.00000 26.00000 16.00000 19.00000 32.00000 32.00000 25.00000 19.00000 24.00000 30.00000 11.00000 28.00000 26.00000 18.00000 17.00000 13.00000 26.00000 15.00000 26.00000 22.00000 0.00000 28.00000 22.00000 25.00000 25.00000 17.00000 15.00000 13.00000 9.00000 29.00000 20.00000 25.00000 30.00000 26.00000 26.00000 18.00000 15.00000 0.00000
19.00000 0.00000 31.00000 13.00000 33.00000 12.00000 11.00000 32.00000 5.00000 25.00000 22.00000 35.00000 13.00000 23.00000 9.00000 22.00000 7.00000 14.00000 22.00000 28.00000 33.00000 14.00000 32.00000 35.00000 12.00000 35.00000 34.00000 15.00000 10.00000 14.00000 34.00000 8.00000 34.00000 13.00000 19.00000 24.00000 17.00000 11.00000 20.00000 7.00000 9.00000 11.00000 13.00000 23.00000 12.00000 27.00000 24.00000 34.00000 22.00000 10.00000 14.00000 19.00000
24.00000 32.00000 0.00000 24.00000 3.00000 31.00000 28.00000 2.00000 29.00000 43.00000 46.00000 5.00000 21.00000 41.00000 26.00000 38.00000 30.00000 35.00000 46.00000 45.00000 3.00000 21.00000 3.00000 16.00000 31.00000 5.00000 4.00000 34.00000 25.00000 25.00000 4.00000 26.00000 4.00000 37.00000 24.00000 40.00000 21.00000 39.00000 40.00000 29.00000 29.00000 27.00000 21.00000 44.00000 35.00000 20.00000 44.00000 5.00000 39.00000 24.00000 31.00000 24.00000
22.00000 13.00000 22.00000 0.00000 24.00000 18.00000 14.00000 22.00000 16.00000 34.00000 34.00000 25.00000 16.00000 30.00000 13.00000 29.00000 16.00000 22.00000 34.00000 35.00000 24.00000 5.00000 23.00000 25.00000 18.00000 26.00000 25.00000 22.00000 12.00000 14.00000 25.00000 13.00000 25.00000 23.00000 22.00000 31.00000 6.00000 23.00000 27.00000 16.00000 15.00000 13.00000 15.00000 32.00000 22.00000 33.00000 33.00000 24.00000 29.00000 10.00000 19.00000 22.00000
25.00000 33.00000 4.00000 25.00000 0.00000 32.00000 29.00000 3.00000 30.00000 40.00000 43.00000 6.00000 22.00000 39.00000 28.00000 36.00000 31.00000 34.00000 44.00000 43.00000 2.00000 22.00000 4.00000 15.00000 32.00000 3.00000 2.00000 32.00000 26.00000 26.00000 3.00000 27.00000 1.00000 38.00000 25.00000 38.00000 23.00000 41.00000 38.00000 30.00000 30.00000 28.00000 23.00000 41.00000 36.00000 18.00000 42.00000 2.00000 36.00000 25.00000 28.00000 25.00000
10.00000 13.00000 33.00000 20.00000 31.00000 0.00000 7.00000 33.00000 10.00000 21.00000 22.00000 35.00000 15.00000 17.00000 14.00000 17.00000 9.00000 10.00000 22.00000 23.00000 32.00000 15.00000 34.00000 37.00000 6.00000 32.00000 31.00000 9.00000 14.00000 15.00000 33.00000 12.00000 30.00000 14.00000 10.00000 18.00000 19.00000 17.00000 15.00000 11.00000 9.00000 7.00000 14.00000 20.00000 12.00000 18.00000 20.00000 30.00000 17.00000 15.00000 5.00000 10.00000
11.00000 11.00000 29.00000 16.00000 31.00000 6.00000 0.00000 29.00000 8.00000 24.00000 24.00000 32.00000 11.00000 20.00000 10.00000 19.00000 7.00000 12.00000 24.00000 25.00000 31.00000 11.00000 29.00000 33.00000 5.00000 33.00000 31.00000 12.00000 10.00000 11.00000 31.00000 8.00000 31.00000 13.00000 11.00000 21.00000 15.00000 17.00000 17.00000 9.00000 6.00000 3.00000 10.00000 22.00000 12.00000 21.00000 23.00000 31.00000 19.00000 11.00000 9.00000 11.00000
24.00000 31.00000 2.00000 23.00000 4.00000 30.00000 27.00000 0.00000 29.00000 42.00000 45.00000 5.00000 20.00000 41.00000 26.00000 38.00000 29.00000 35.00000 46.00000 44.00000 3.00000 20.00000 3.00000 16.00000 31.00000 6.00000 4.00000 34.00000 25.00000 25.00000 4.00000 25.00000 4.00000 36.00000 24.00000 40.00000 21.00000 39.00000 39.00000 28.00000 28.00000 26.00000 21.00000 43.00000 35.00000 20.00000 44.00000 4.00000 38.00000 23.00000 30.00000 24.00000
16.00000 6.00000 27.00000 15.00000 30.00000 9.00000 7.00000 28.00000 0.00000 25.00000 24.00000 31.00000 10.00000 21.00000 7.00000 20.00000 3.00000 13.00000 23.00000 26.00000 30.00000 10.00000 28.00000 32.00000 9.00000 32.00000 30.00000 13.00000 8.00000 10.00000 30.00000 4.00000 30.00000 12.00000 16.00000 22.00000 14.00000 12.00000 18.00000 4.00000 5.00000 7.00000 9.00000 23.00000 11.00000 24.00000 24.00000 30.00000 20.00000 9.00000 11.00000 16.00000
31.00000 27.00000 43.00000 36.00000 40.00000 21.00000 23.00000 42.00000 25.00000 0.00000 6.00000 45.00000 31.00000 7.00000 30.00000 12.00000 24.00000 15.00000 7.00000 10.00000 41.00000 31.00000 44.00000 52.00000 25.00000 41.00000 41.00000 15.00000 29.00000 31.00000 43.00000 27.00000 40.00000 18.00000 31.00000 9.00000 35.00000 20.00000 13.00000 27.00000 25.00000 25.00000 30.00000 5.00000 17.00000 30.00000 5.00000 39.00000 11.00000 31.00000 18.00000 31.00000
30.00000 22.00000 45.00000 34.00000 43.00000 21.00000 23.00000 44.00000 23.00000 5.00000 0.00000 47.00000 31.00000 9.00000 28.00000 13.00000 23.00000 14.00000 3.00000 13.00000 43.00000 31.00000 46.00000 52.00000 24.00000 43.00000 43.00000 14.00000 29.00000 31.00000 45.00000 26.00000 42.00000 16.00000 30.00000 11.00000 35.00000 16.00000 12.00000 25.00000 25.00000 25.00000 30.00000 2.00000 14.00000 30.00000 3.00000 41.00000 13.00000 31.00000 17.00000 30.00000
27.00000 35.00000 5.00000 26.00000 6.00000 34.00000 30.00000 5.00000 32.00000 45.00000 47.00000 0.00000 23.00000 43.00000 29.00000 40.00000 33.00000 38.00000 48.00000 47.00000 6.00000 24.00000 4.00000 15.00000 34.00000 7.00000 5.00000 36.00000 28.00000 28.00000 5.00000 29.00000 6.00000 40.00000 27.00000 42.00000 24.00000 42.00000 42.00000 32.00000 31.00000 29.00000 24.00000 45.00000 38.00000 22.00000 46.00000 7.00000 40.00000 27.00000 32.00000 27.00000
8.00000 14.00000 20.00000 17.00000 22.00000 13.00000 10.00000 20.00000 11.00000 29.00000 29.00000 23.00000 0.00000 25.00000 11.00000 24.00000 11.00000 17.00000 30.00000 30.00000 22.00000 12.00000 21.00000 27.00000 13.00000 24.00000 22.00000 17.00000 11.00000 7.00000 22.00000 8.00000 22.00000 19.00000 8.00000 26.00000 16.00000 21.00000 22.00000 10.00000 10.00000 8.00000 2.00000 27.00000 17.00000 22.00000 28.00000 22.00000 25.00000 12.00000 14.00000 8.00000
27.00000 24.00000 41.00000 32.00000 39.00000 17.00000 20.00000 41.00000 21.00000 7.00000 9.00000 43.00000 27.00000 0.00000 26.00000 6.00000 20.00000 11.00000 9.00000 7.00000 39.00000 27.00000 42.00000 49.00000 21.00000 39.00000 39.00000 11.00000 26.00000 28.00000 41.00000 24.00000 38.00000 16.00000 27.00000 4.00000 31.00000 18.00000 9.00000 23.00000 21.00000 22.00000 27.00000 7.00000 15.00000 27.00000 8.00000 37.00000 6.00000 27.00000 14.00000 27.00000
17.00000 10.00000 27.00000 13.00000 29.00000 13.00000 10.00000 27.00000 7.00000 29.00000 29.00000 30.00000 11.00000 25.00000 0.00000 24.00000 9.00000 17.00000 28.00000 30.00000 29.00000 9.00000 28.00000 31.00000 13.00000 31.00000 30.00000 17.00000 5.00000 11.00000 29.00000 4.00000 30.00000 17.00000 17.00000 26.00000 13.00000 18.00000 22.00000 8.00000 8.00000 8.00000 10.00000 27.00000 16.00000 28.00000 28.00000 29.00000 25.00000 5.00000 14.00000 17.00000
26.00000 23.00000 38.00000 31.00000 35.00000 17.00000 19.00000 37.00000 20.00000 12.00000 13.00000 40.00000 26.00000 6.00000 25.00000 0.00000 19.00000 10.00000 14.00000 10.00000 36.00000 26.00000 38.00000 48.00000 20.00000 36.00000 36.00000 10.00000 25.00000 27.00000 37.00000 23.00000 35.00000 18.00000 26.00000 5.00000 30.00000 21.00000 12.00000 22.00000 20.00000 21.00000 26.00000 11.00000 16.00000 26.00000 12.00000 34.00000 3.00000 26.00000 13.00000 26.00000
16.00000 7.00000 30.00000 17.00000 32.00000 8.00000 8.00000 30.00000 3.00000 23.00000 23.00000 33.00000 12.00000 19.00000 9.00000 18.00000 0.00000 11.00000 22.00000 24.00000 32.00000 13.00000 31.00000 34.00000 9.00000 34.00000 33.00000 11.00000 10.00000 13.00000 33.00000 7.00000 33.00000 11.00000 16.00000 20.00000 17.00000 11.00000 16.00000 5.00000 5.00000 9.00000 12.00000 21.00000 9.00000 23.00000 22.00000 33.00000 18.00000 12.00000 9.00000 16.00000
19.00000 15.00000 36.00000 24.00000 33.00000 9.00000 12.00000 35.00000 13.00000 15.00000 15.00000 38.00000 19.00000 11.00000 18.00000 10.00000 11.00000 0.00000 14.00000 16.00000 34.00000 19.00000 37.00000 41.00000 13.00000 34.00000 34.00000 3.00000 18.00000 19.00000 35.00000 15.00000 33.00000 10.00000 19.00000 12.00000 23.00000 14.00000 6.00000 15.00000 13.00000 14.00000 18.00000 13.00000 9.00000 21.00000 14.00000 32.00000 10.00000 19.00000 7.00000 19.00000
31.00000 23.00000 46.00000 34.00000 43.00000 22.00000 24.00000 45.00000 23.00000 6.00000 3.00000 48.00000 31.00000 10.00000 28.00000 14.00000 22.00000 15.00000 0.00000 14.00000 44.00000 31.00000 46.00000 53.00000 25.00000 44.00000 44.00000 15.00000 29.00000 32.00000 45.00000 26.00000 43.00000 15.00000 31.00000 12.00000 35.00000 16.00000 12.00000 25.00000 25.00000 26.00000 31.00000 3.00000 14.00000 31.00000 4.00000 42.00000 14.00000 30.00000 18.00000 31.00000
32.00000 29.00000 45.00000 37.00000 42.00000 22.00000 25.00000 44.00000 26.00000 10.00000 14.00000 47.00000 32.00000 6.00000 31.00000 10.00000 25.00000 16.00000 14.00000 0.00000 43.00000 32.00000 45.00000 54.00000 26.00000 43.00000 43.00000 16.00000 31.00000 32.00000 44.00000 29.00000 42.00000 21.00000 32.00000 7.00000 36.00000 23.00000 14.00000 28.00000 26.00000 26.00000 31.00000 12.00000 20.00000 31.00000 12.00000 41.00000 10.00000 32.00000 19.00000 32.00000
26.00000 34.00000 5.00000 25.00000 3.00000 33.00000 30.00000 4.00000 31.00000 41.00000 43.00000 6.00000 22.00000 39.00000 28.00000 36.00000 32.00000 34.00000 44.00000 43.00000 0.00000 23.00000 4.00000 14.00000 33.00000 3.00000 2.00000 32.00000 27.00000 27.00000 3.00000 28.00000 2.00000 39.00000 26.00000 38.00000 23.00000 41.00000 38.00000 31.00000 31.00000 28.00000 23.00000 41.00000 37.00000 18.00000 42.00000 4.00000 37.00000 26.00000 28.00000 26.00000
18.00000 13.00000 20.00000 7.00000 22.00000 14.00000 10.00000 20.00000 12.00000 30.00000 30.00000 23.00000 12.00000 26.00000 9.00000 25.00000 13.00000 18.00000 31.00000 31.00000 22.00000 0.00000 21.00000 24.00000 14.00000 24.00000 23.00000 18.00000 8.00000 11.00000 22.00000 9.00000 23.00000 20.00000 18.00000 27.00000 6.00000 22.00000 23.00000 12.00000 11.00000 9.00000 11.00000 28.00000 18.00000 29.00000 29.00000 22.00000 25.00000 6.00000 15.00000 18.00000
25.00000 33.00000 3.00000 25.00000 4.00000 32.00000 28.00000 3.00000 30.00000 43.00000 46.00000 4.00000 21.00000 42.00000 27.00000 39.00000 31.00000 36.00000 47.00000 45.00000 4.00000 21.00000 0.00000 15.00000 32.00000 6.00000 4.00000 35.00000 26.00000 26.00000 4.00000 27.00000 5.00000 38.00000 25.00000 41.00000 22.00000 40.00000 40.00000 30.00000 29.00000 27.00000 22.00000 44.00000 36.00000 21.00000 45.00000 5.00000 39.00000 24.00000 31.00000 25.00000
30.00000 35.00000 16.00000 25.00000 15.00000 35.00000 32.00000 16.00000 33.00000 52.00000 52.00000 16.00000 27.00000 47.00000 31.00000 47.00000 34.00000 39.00000 52.00000 53.00000 15.00000 23.00000 15.00000 0.00000 35.00000 16.00000 14.00000 39.00000 29.00000 31.00000 15.00000 30.00000 15.00000 41.00000 30.00000 49.00000 23.00000 44.00000 45.00000 33.00000 33.00000 31.00000 27.00000 50.00000 39.00000 31.00000 50.00000 16.00000 47.00000 28.00000 37.00000 30.00000
11.00000 13.00000 32.00000 19.00000 34.00000 6.00000 6.00000 32.00000 9.00000 25.00000 25.00000 35.00000 14.00000 21.00000 13.00000 20.00000 9.00000 13.00000 26.00000 26.00000 34.00000 14.00000 33.00000 36.00000 0.00000 35.00000 34.00000 12.00000 13.00000 14.00000 34.00000 11.00000 34.00000 15.00000 11.00000 22.00000 18.00000 19.00000 18.00000 11.00000 9.00000 6.00000 13.00000 23.00000 13.00000 22.00000 24.00000 33.00000 20.00000 14.00000 9.00000 11.00000
28.00000 35.00000 6.00000 27.00000 3.00000 33.00000 31.00000 6.00000 33.00000 41.00000 44.00000 8.00000 24.00000 39.00000 30.00000 36.00000 33.00000 34.00000 44.00000 43.00000 4.00000 24.00000 6.00000 16.00000 35.00000 0.00000 3.00000 32.00000 29.00000 29.00000 5.00000 30.00000 3.00000 40.00000 28.00000 38.00000 25.00000 43.00000 38.00000 33.00000 32.00000 30.00000 25.00000 42.00000 38.00000 18.00000 42.00000 4.00000 37.00000 27.00000 29.00000 28.00000
26.00000 34.00000 5.00000 25.00000 3.00000 33.00000 29.00000 4.00000 31.00000 41.00000 44.00000 6.00000 22.00000 39.00000 28.00000 36.00000 32.00000 34.00000 44.00000 43.00000 3.00000 23.00000 4.00000 14.00000 33.00000 3.00000 0.00000 32.00000 27.00000 27.00000 3.00000 28.00000 2.00000 39.00000 26.00000 38.00000 23.00000 41.00000 38.00000 31.00000 31.00000 28.00000 23.00000 42.00000 37.00000 18.00000 42.00000 4.00000 37.00000 26.00000 29.00000 26.00000
18.00000 16.00000 34.00000 23.00000 32.00000 8.00000 11.00000 34.00000 13.00000 14.00000 14.00000 36.00000 18.00000 10.00000 17.00000 9.00000 12.00000 3.00000 15.00000 15.00000 32.00000 18.00000 35.00000 40.00000 12.00000 33.00000 32.00000 0.00000 17.00000 19.00000 34.00000 15.00000 31.00000 11.00000 18.00000 11.00000 22.00000 15.00000 8.00000 15.00000 12.00000 13.00000 18.00000 12.00000 9.00000 19.00000 13.00000 31.00000 9.00000 18.00000 6.00000 18.00000
17.00000 11.00000 25.00000 12.00000 27.00000 12.00000 9.00000 25.00000 9.00000 29.00000 29.00000 28.00000 10.00000 25.00000 4.00000 24.00000 10.00000 16.00000 29.00000 30.00000 27.00000 7.00000 26.00000 29.00000 12.00000 29.00000 28.00000 16.00000 0.00000 9.00000 28.00000 4.00000 28.00000 18.00000 17.00000 26.00000 11.00000 19.00000 22.00000 9.00000 9.00000 8.00000 10.00000 27.00000 17.00000 27.00000 27.00000 27.00000 24.00000 4.00000 14.00000 17.00000
13.00000 14.00000 24.00000 16.00000 27.00000 13.00000 10.00000 25.00000 11.00000 30.00000 30.00000 28.00000 7.00000 26.00000 11.00000 25.00000 12.00000 18.00000 30.00000 31.00000 27.00000 11.00000 25.00000 31.00000 14.00000 29.00000 27.00000 17.00000 10.00000 0.00000 27.00000 9.00000 27.00000 19.00000 13.00000 27.00000 15.00000 21.00000 23.00000 11.00000 11.00000 8.00000 6.00000 28.00000 18.00000 26.00000 28.00000 27.00000 25.00000 11.00000 15.00000 13.00000
26.00000 33.00000 4.00000 25.00000 3.00000 33.00000 29.00000 4.00000 31.00000 42.00000 45.00000 5.00000 22.00000 40.00000 28.00000 37.00000 31.00000 35.00000 45.00000 44.00000 3.00000 22.00000 4.00000 14.00000 33.00000 5.00000 3.00000 33.00000 27.00000 27.00000 0.00000 28.00000 3.00000 38.00000 26.00000 39.00000 23.00000 41.00000 39.00000 31.00000 30.00000 28.00000 23.00000 43.00000 37.00000 19.00000 43.00000 4.00000 38.00000 25.00000 30.00000 26.00000
15.00000 8.00000 26.00000 14.00000 28.00000 11.00000 7.00000 27.00000 5.00000 27.00000 27.00000 30.00000 8.00000 23.00000 5.00000 22.00000 6.00000 15.00000 26.00000 28.00000 28.00000 9.00000 27.00000 30.00000 11.00000 30.00000 29.00000 15.00000 6.00000 9.00000 29.00000 0.00000 29.00000 14.00000 15.00000 24.00000 13.00000 15.00000 20.00000 5.00000 5.00000 6.00000 8.00000 25.00000 14.00000 26.00000 26.00000 29.00000 22.00000 7.00000 12.00000 15.00000
26.00000 33.00000 4.00000 25.00000 1.00000 32.00000 29.00000 4.00000 31.00000 40.00000 43.00000 6.00000 22.00000 39.00000 28.00000 35.00000 31.00000 33.00000 43.00000 42.00000 2.00000 22.00000 4.00000 14.00000 33.00000 3.00000 2.00000 32.00000 27.00000 27.00000 3.00000 28.00000 0.00000 38.00000 26.00000 37.00000 23.00000 41.00000 37.00000 31.00000 30.00000 28.00000 23.00000 41.00000 37.00000 17.00000 42.00000 2.00000 36.00000 25.00000 28.00000 26.00000
24.00000 13.00000 38.00000 24.00000 41.00000 14.00000 16.00000 39.00000 12.00000 17.00000 15.00000 42.00000 21.00000 14.00000 17.00000 18.00000 11.00000 9.00000 14.00000 20.00000 41.00000 21.00000 39.00000 43.00000 18.00000 42.00000 41.00000 12.00000 18.00000 21.00000 41.00000 15.00000 41.00000 0.00000 24.00000 17.00000 25.00000 6.00000 12.00000 14.00000 15.00000 16.00000 20.00000 14.00000 3.00000 29.00000 15.00000 40.00000 18.00000 19.00000 15.00000 24.00000
0.00000 20.00000 23.00000 23.00000 26.00000 10.00000 12.00000 24.00000 16.00000 31.00000 31.00000 27.00000 8.00000 27.00000 17.00000 26.00000 16.00000 19.00000 32.00000 32.00000 25.00000 19.00000 24.00000 30.00000 11.00000 28.00000 26.00000 18.00000 17.00000 13.00000 26.00000 15.00000 26.00000 22.00000 0.00000 28.00000 22.00000 25.00000 25.00000 17.00000 15.00000 13.00000 9.00000 29.00000 20.00000 25.00000 30.00000 26.00000 26.00000 18.00000 15.00000 0.00000
28.00000 25.00000 40.00000 33.00000 37.00000 18.00000 20.00000 39.00000 22.00000 10.00000 11.00000 42.00000 28.00000 4.00000 26.00000 5.00000 21.00000 12.00000 11.00000 7.00000 38.00000 28.00000 40.00000 49.00000 22.00000 38.00000 38.00000 11.00000 26.00000 28.00000 39.00000 24.00000 37.00000 18.00000 28.00000 0.00000 32.00000 20.00000 11.00000 24.00000 22.00000 22.00000 27.00000 9.00000 17.00000 27.00000 9.00000 36.00000 5.00000 28.00000 15.00000 28.00000
22.00000 17.00000 20.00000 7.00000 22.00000 18.00000 15.00000 21.00000 16.00000 34.00000 34.00000 24.00000 16.00000 30.00000 13.00000 29.00000 17.00000 22.00000 35.00000 35.00000 22.00000 6.00000 21.00000 23.00000 18.00000 25.00000 23.00000 22.00000 12.00000 15.00000 23.00000 13.00000 23.00000 24.00000 22.00000 31.00000 0.00000 26.00000 27.00000 16.00000 16.00000 13.00000 15.00000 32.00000 22.00000 33.00000 33.00000 23.00000 29.00000 11.00000 19.00000 22.00000
26.00000 11.00000 38.00000 22.00000 40.00000 17.00000 18.00000 38.00000 12.00000 20.00000 17.00000 41.00000 20.00000 18.00000 17.00000 22.00000 12.00000 13.00000 16.00000 23.00000 40.00000 21.00000 39.00000 42.00000 19.00000 42.00000 41.00000 15.00000 18.00000 21.00000 41.00000 15.00000 41.00000 6.00000 26.00000 20.00000 25.00000 0.00000 15.00000 14.00000 15.00000 18.00000 20.00000 17.00000 8.00000 31.00000 18.00000 41.00000 22.00000 19.00000 17.00000 26.00000
24.00000 21.00000 40.00000 29.00000 37.00000 15.00000 17.00000 39.00000 18.00000 12.00000 12.00000 42.00000 25.00000 8.00000 23.00000 12.00000 17.00000 7.00000 11.00000 13.00000 38.00000 25.00000 40.00000 46.00000 18.00000 38.00000 38.00000 8.00000 23.00000 25.00000 39.00000 21.00000 37.00000 14.00000 24.00000 10.00000 29.00000 15.00000 0.00000 20.00000 18.00000 19.00000 24.00000 10.00000 12.00000 25.00000 11.00000 36.00000 12.00000 25.00000 12.00000 24.00000
16.00000 7.00000 27.00000 15.00000 29.00000 10.00000 8.00000 28.00000 4.00000 26.00000 25.00000 31.00000 9.00000 22.00000 7.00000 21.00000 4.00000 14.00000 25.00000 27.00000 29.00000 10.00000 28.00000 31.00000 10.00000 31.00000 30.00000 14.00000 8.00000 10.00000 30.00000 4.00000 30.00000 13.00000 16.00000 23.00000 14.00000 14.00000 19.00000 0.00000 5.00000 7.00000 9.00000 24.00000 12.00000 25.00000 25.00000 30.00000 21.00000 9.00000 12.00000 16.00000
14.00000 10.00000 28.00000 15.00000 30.00000 7.00000 6.00000 28.00000 6.00000 25.00000 25.00000 31.00000 10.00000 21.00000 8.00000 20.00000 6.00000 12.00000 25.00000 26.00000 30.00000 10.00000 29.00000 32.00000 7.00000 32.00000 30.00000 12.00000 9.00000 10.00000 30.00000 5.00000 30.00000 14.00000 14.00000 22.00000 14.00000 16.00000 18.00000 6.00000 0.00000 5.00000 9.00000 23.00000 13.00000 22.00000 23.00000 30.00000 20.00000 10.00000 9.00000 14.00000
12.00000 11.00000 26.00000 14.00000 28.00000 7.00000 4.00000 26.00000 8.00000 24.00000 24.00000 29.00000 8.00000 20.00000 8.00000 19.00000 8.00000 12.00000 25.00000 25.00000 28.00000 9.00000 27.00000 31.00000 6.00000 30.00000 29.00000 12.00000 8.00000 8.00000 28.00000 6.00000 29.00000 14.00000 12.00000 21.00000 13.00000 17.00000 17.00000 8.00000 5.00000 0.00000 7.00000 22.00000 12.00000 23.00000 23.00000 28.00000 19.00000 9.00000 9.00000 12.00000
9.00000 13.00000 20.00000 16.00000 23.00000 13.00000 9.00000 21.00000 10.00000 29.00000 29.00000 24.00000 2.00000 25.00000 10.00000 24.00000 11.00000 17.00000 29.00000 30.00000 23.00000 12.00000 21.00000 27.00000 13.00000 25.00000 23.00000 16.00000 10.00000 6.00000 23.00000 8.00000 23.00000 18.00000 9.00000 26.00000 15.00000 20.00000 22.00000 10.00000 10.00000 7.00000 0.00000 27.00000 17.00000 23.00000 28.00000 23.00000 24.00000 12.00000 14.00000 9.00000
29.00000 24.00000 43.00000 34.00000 41.00000 19.00000 22.00000 43.00000 23.00000 5.00000 2.00000 45.00000 29.00000 7.00000 27.00000 12.00000 22.00000 13.00000 3.00000 12.00000 42.00000 29.00000 44.00000 51.00000 23.00000 42.00000 41.00000 13.00000 28.00000 29.00000 43.00000 25.00000 40.00000 15.00000 29.00000 10.00000 33.00000 16.00000 11.00000 25.00000 23.00000 23.00000 28.00000 0.00000 14.00000 28.00000 2.00000 40.00000 12.00000 29.00000 16.00000 29.00000
22.00000 12.00000 37.00000 23.00000 39.00000 13.00000 15.00000 38.00000 11.00000 18.00000 16.00000 41.00000 20.00000 15.00000 16.00000 18.00000 10.00000 9.00000 15.00000 20.00000 39.00000 20.00000 38.00000 41.00000 17.00000 41.00000 40.00000 11.00000 17.00000 20.00000 40.00000 14.00000 40.00000 3.00000 22.00000 17.00000 24.00000 7.00000 12.00000 13.00000 13.00000 15.00000 19.00000 14.00000 0.00000 28.00000 15.00000 39.00000 18.00000 18.00000 13.00000 22.00000
26.00000 27.00000 20.00000 34.00000 18.00000 20.00000 21.00000 20.00000 24.00000 30.00000 31.00000 22.00000 22.00000 26.00000 28.00000 25.00000 23.00000 21.00000 31.00000 31.00000 18.00000 29.00000 21.00000 31.00000 23.00000 19.00000 18.00000 19.00000 28.00000 27.00000 20.00000 26.00000 17.00000 27.00000 26.00000 27.00000 33.00000 31.00000 25.00000 25.00000 23.00000 23.00000 23.00000 29.00000 25.00000 0.00000 29.00000 17.00000 26.00000 29.00000 16.00000 26.00000
29.00000 25.00000 44.00000 34.00000 41.00000 20.00000 22.00000 43.00000 24.00000 6.00000 3.00000 46.00000 30.00000 8.00000 28.00000 12.00000 22.00000 13.00000 4.00000 13.00000 42.00000 30.00000 44.00000 51.00000 23.00000 42.00000 42.00000 13.00000 28.00000 30.00000 43.00000 26.00000 41.00000 16.00000 29.00000 10.00000 33.00000 17.00000 11.00000 26.00000 23.00000 24.00000 29.00000 1.00000 15.00000 29.00000 0.00000 40.00000 12.00000 29.00000 16.00000 29.00000
26.00000 34.00000 5.00000 26.00000 2.00000 31.00000 29.00000 4.00000 31.00000 39.00000 42.00000 7.00000 22.00000 38.00000 28.00000 34.00000 32.00000 32.00000 42.00000 41.00000 3.00000 22.00000 5.00000 15.00000 33.00000 4.00000 3.00000 31.00000 27.00000 27.00000 4.00000 28.00000 2.00000 38.00000 26.00000 36.00000 23.00000 41.00000 36.00000 31.00000 30.00000 28.00000 23.00000 40.00000 37.00000 17.00000 41.00000 0.00000 35.00000 25.00000 27.00000 26.00000
26.00000 23.00000 39.00000 31.00000 36.00000 16.00000 19.00000 38.00000 20.00000 12.00000 13.00000 40.00000 26.00000 6.00000 25.00000 3.00000 19.00000 10.00000 14.00000 10.00000 37.00000 26.00000 39.00000 48.00000 20.00000 37.00000 36.00000 10.00000 25.00000 27.00000 38.00000 23.00000 35.00000 18.00000 26.00000 5.00000 30.00000 21.00000 12.00000 22.00000 20.00000 21.00000 26.00000 11.00000 16.00000 26.00000 12.00000 35.00000 0.00000 26.00000 13.00000 26.00000
19.00000 10.00000 24.00000 10.00000 26.00000 14.00000 11.00000 24.00000 10.00000 30.00000 31.00000 27.00000 12.00000 26.00000 5.00000 26.00000 11.00000 18.00000 31.00000 32.00000 26.00000 6.00000 25.00000 28.00000 14.00000 28.00000 27.00000 18.00000 3.00000 11.00000 27.00000 6.00000 27.00000 19.00000 19.00000 27.00000 10.00000 20.00000 24.00000 10.00000 11.00000 10.00000 11.00000 29.00000 18.00000 29.00000 29.00000 26.00000 26.00000 0.00000 16.00000 19.00000
16.00000 14.00000 31.00000 21.00000 28.00000 7.00000 8.00000 30.00000 11.00000 18.00000 18.00000 33.00000 16.00000 14.00000 15.00000 13.00000 10.00000 8.00000 19.00000 19.00000 29.00000 16.00000 31.00000 38.00000 10.00000 29.00000 29.00000 7.00000 15.00000 16.00000 30.00000 13.00000 28.00000 14.00000 16.00000 15.00000 20.00000 17.00000 12.00000 12.00000 10.00000 10.00000 15.00000 16.00000 12.00000 16.00000 17.00000 27.00000 13.00000 16.00000 0.00000 16.00000
0.00000 20.00000 23.00000 23.00000 26.00000 10.00000 12.00000 24.00000 16.00000 31.00000 31.00000 27.00000 8.00000 27.00000 17.00000 26.00000 16.00000 19.00000 32.00000 32.00000 25.00000 19.00000 24.00000 30.00000 11.00000 28.00000 26.00000 18.00000 17.00000 13.00000 26.00000 15.00000 26.00000 22.00000 0.00000 28.00000 22.00000 25.00000 25.00000 17.00000 15.00000 13.00000 9.00000 29.00000 20.00000 25.00000 30.00000 26.00000 26.00000 18.00000 15.00000 0.00000
p
0.0 0.0 0.0 0.0 0.0 0.0 
0.0 0.0 0.0 0.0 0.0 0.0 
0.0 0.0 0.0 0.0 0.0 0.0 
0.0 0.0 0.0 0.0 0.0 0.0 
0.0 0.0 0.0 0.0 0.0 0.0 
0.0 0.0 0.0 0.0 0.0 0.0 
0.0 0.0 0.0 0.0 0.0 0.0 
0.0 0.0 0.0 0.0 0.0 0.0 
0.0 0.0 0.0 0.0 0.0 0.0 
0.0 0.0 0.0 0.0 0.0 0.0 
0 25 0 28 0 0 
0 25 0 28 0 0 
0 25 0 28 0 0 
0 25 0 28 0 0 
0 25 0 28 0 0 
0 25 0 28 0 0 
0 25 0 28 0 0 
0 25 0 28 0 0 
0 25 0 28 0 0 
0 25 0 28 0 0 
0 0 0 48 0 0 
0 0 0 48 0 0 
0 0 0 48 0 0 
0 0 0 48 0 0 
0 0 0 48 0 0 
0 0 0 48 0 0 
0 0 0 48 0 0 
0 0 0 48 0 0 
0 0 0 48 0 0 
0 0 0 48 0 0 
32 0 0 0 0 32 
32 0 0 0 0 32 
32 0 0 0 0 32 
32 0 0 0 0 32 
32 0 0 0 0 32 
32 0 0 0 0 32 
32 0 0 0 0 32 
32 0 0 0 0 32 
32 0 0 0 0 32 
32 0 0 0 0 32 
23 0 0 0 53 0 
23 0 0 0 53 0 
23 0 0 0 53 0 
23 0 0 0 53 0 
23 0 0 0 53 0 
23 0 0 0 53 0 
23 0 0 0 53 0 
23 0 0 0 53 0 
23 0 0 0 53 0 
23 0 0 0 53 0 
0 49 0 0 0 0 
0 49 0 0 0 0 
0 49 0 0 0 0 
0 49 0 0 0 0 
0 49 0 0 0 0 
0 49 0 0 0 0 
0 49 0 0 0 0 
0 49 0 0 0 0 
0 49 0 0 0 0 
0 49 0 0 0 0 
0 0 0 17 0 0 
0 0 0 17 0 0 
0 0 0 17 0 0 
0 0 0 17 0 0 
0 0 0 17 0 0 
0 0 0 17 0 0 
0 0 0 17 0 0 
0 0 0 17 0 0 
0 0 0 17 0 0 
0 0 0 17 0 0 
0 0 0 38 0 0 
0 0 0 38 0 0 
0 0 0 38 0 0 
0 0 0 38 0 0 
0 0 0 38 0 0 
0 0 0 38 0 0 
0 0 0 38 0 0 
0 0 0 38 0 0 
0 0 0 38 0 0 
0 0 0 38 0 0 
28 0 0 0 0 21 
28 0 0 0 0 21 
28 0 0 0 0 21 
28 0 0 0 0 21 
28 0 0 0 0 21 
28 0 0 0 0 21 
28 0 0 0 0 21 
28 0 0 0 0 21 
28 0 0 0 0 21 
28 0 0 0 0 21 
0 47 0 0 0 0 
0 47 0 0 0 0 
0 47 0 0 0 0 
0 47 0 0 0 0 
0 47 0 0 0 0 
0 47 0 0 0 0 
0 47 0 0 0 0 
0 47 0 0 0 0 
0 47 0 0 0 0 
0 47 0 0 0 0 
0 0 0 0 41 0 
0 0 0 0 41 0 
0 0 0 0 41 0 
0 0 0 0 41 0 
0 0 0 0 41 0 
0 0 0 0 41 0 
0 0 0 0 41 0 
0 0 0 0 41 0 
0 0 0 0 41 0 
0 0 0 0 41 0 
0 53 0 0 0 0 
0 53 0 0 0 0 
0 53 0 0 0 0 
0 53 0 0 0 0 
0 53 0 0 0 0 
0 53 0 0 0 0 
0 53 0 0 0 0 
0 53 0 0 0 0 
0 53 0 0 0 0 
0 53 0 0 0 0 
0 0 0 0 24 0 
0 0 0 0 24 0 
0 0 0 0 24 0 
0 0 0 0 24 0 
0 0 0 0 24 0 
0 0 0 0 24 0 
0 0 0 0 24 0 
0 0 0 0 24 0 
0 0 0 0 24 0 
0 0 0 0 24 0 
0 56 0 0 0 0 
0 56 0 0 0 0 
0 56 0 0 0 0 
0 56 0 0 0 0 
0 56 0 0 0 0 
0 56 0 0 0 0 
0 56 0 0 0 0 
0 56 0 0 0 0 
0 56 0 0 0 0 
0 56 0 0 0 0 
0 57 0 0 0 0 
0 57 0 0 0 0 
0 57 0 0 0 0 
0 57 0 0 0 0 
0 57 0 0 0 0 
0 57 0 0 0 0 
0 57 0 0 0 0 
0 57 0 0 0 0 
0 57 0 0 0 0 
0 57 0 0 0 0 
0 0 0 0 0 18 
0 0 0 0 0 18 
0 0 0 0 0 18 
0 0 0 0 0 18 
0 0 0 0 0 18 
0 0 0 0 0 18 
0 0 0 0 0 18 
0 0 0 0 0 18 
0 0 0 0 0 18 
0 0 0 0 0 18 
0 0 0 41 0 0 
0 0 0 41 0 0 
0 0 0 41 0 0 
0 0 0 41 0 0 
0 0 0 41 0 0 
0 0 0 41 0 0 
0 0 0 41 0 0 
0 0 0 41 0 0 
0 0 0 41 0 0 
0 0 0 41 0 0 
21 0 0 0 0 0 
21 0 0 0 0 0 
21 0 0 0 0 0 
21 0 0 0 0 0 
21 0 0 0 0 0 
21 0 0 0 0 0 
21 0 0 0 0 0 
21 0 0 0 0 0 
21 0 0 0 0 0 
21 0 0 0 0 0 
49 0 0 0 52 0 
49 0 0 0 52 0 
49 0 0 0 52 0 
49 0 0 0 52 0 
49 0 0 0 52 0 
49 0 0 0 52 0 
49 0 0 0 52 0 
49 0 0 0 52 0 
49 0 0 0 52 0 
49 0 0 0 52 0 
0 0 49 31 0 0 
0 0 49 31 0 0 
0 0 49 31 0 0 
0 0 49 31 0 0 
0 0 49 31 0 0 
0 0 49 31 0 0 
0 0 49 31 0 0 
0 0 49 31 0 0 
0 0 49 31 0 0 
0 0 49 31 0 0 
0 16 0 0 0 0 
0 16 0 0 0 0 
0 16 0 0 0 0 
0 16 0 0 0 0 
0 16 0 0 0 0 
0 16 0 0 0 0 
0 16 0 0 0 0 
0 16 0 0 0 0 
0 16 0 0 0 0 
0 16 0 0 0 0 
0 0 0 29 0 0 
0 0 0 29 0 0 
0 0 0 29 0 0 
0 0 0 29 0 0 
0 0 0 29 0 0 
0 0 0 29 0 0 
0 0 0 29 0 0 
0 0 0 29 0 0 
0 0 0 29 0 0 
0 0 0 29 0 0 
0 0 0 0 34 0 
0 0 0 0 34 0 
0 0 0 0 34 0 
0 0 0 0 34 0 
0 0 0 0 34 0 
0 0 0 0 34 0 
0 0 0 0 34 0 
0 0 0 0 34 0 
0 0 0 0 34 0 
0 0 0 0 34 0 
0 0 0 0 56 0 
0 0 0 0 56 0 
0 0 0 0 56 0 
0 0 0 0 56 0 
0 0 0 0 56 0 
0 0 0 0 56 0 
0 0 0 0 56 0 
0 0 0 0 56 0 
0 0 0 0 56 0 
0 0 0 0 56 0 
0 0 0 0 42 0 
0 0 0 0 42 0 
0 0 0 0 42 0 
0 0 0 0 42 0 
0 0 0 0 42 0 
0 0 0 0 42 0 
0 0 0 0 42 0 
0 0 0 0 42 0 
0 0 0 0 42 0 
0 0 0 0 42 0 
0 24 0 0 43 0 
0 24 0 0 43 0 
0 24 0 0 43 0 
0 24 0 0 43 0 
0 24 0 0 43 0 
0 24 0 0 43 0 
0 24 0 0 43 0 
0 24 0 0 43 0 
0 24 0 0 43 0 
0 24 0 0 43 0 
0 31 0 0 0 0 
0 31 0 0 0 0 
0 31 0 0 0 0 
0 31 0 0 0 0 
0 31 0 0 0 0 
0 31 0 0 0 0 
0 31 0 0 0 0 
0 31 0 0 0 0 
0 31 0 0 0 0 
0 31 0 0 0 0 
0 0 0 0 0 32 
0 0 0 0 0 32 
0 0 0 0 0 32 
0 0 0 0 0 32 
0 0 0 0 0 32 
0 0 0 0 0 32 
0 0 0 0 0 32 
0 0 0 0 0 32 
0 0 0 0 0 32 
0 0 0 0 0 32 
53 0 0 0 0 0 
53 0 0 0 0 0 
53 0 0 0 0 0 
53 0 0 0 0 0 
53 0 0 0 0 0 
53 0 0 0 0 0 
53 0 0 0 0 0 
53 0 0 0 0 0 
53 0 0 0 0 0 
53 0 0 0 0 0 
0 39 0 38 0 0 
0 39 0 38 0 0 
0 39 0 38 0 0 
0 39 0 38 0 0 
0 39 0 38 0 0 
0 39 0 38 0 0 
0 39 0 38 0 0 
0 39 0 38 0 0 
0 39 0 38 0 0 
0 39 0 38 0 0 
0 24 0 32 0 0 
0 24 0 32 0 0 
0 24 0 32 0 0 
0 24 0 32 0 0 
0 24 0 32 0 0 
0 24 0 32 0 0 
0 24 0 32 0 0 
0 24 0 32 0 0 
0 24 0 32 0 0 
0 24 0 32 0 0 
0 54 0 0 0 59 
0 54 0 0 0 59 
0 54 0 0 0 59 
0 54 0 0 0 59 
0 54 0 0 0 59 
0 54 0 0 0 59 
0 54 0 0 0 59 
0 54 0 0 0 59 
0 54 0 0 0 59 
0 54 0 0 0 59 
0 0 0 0 0 57 
0 0 0 0 0 57 
0 0 0 0 0 57 
0 0 0 0 0 57 
0 0 0 0 0 57 
0 0 0 0 0 57 
0 0 0 0 0 57 
0 0 0 0 0 57 
0 0 0 0 0 57 
0 0 0 0 0 57 
0 0 49 0 0 23 
0 0 49 0 0 23 
0 0 49 0 0 23 
0 0 49 0 0 23 
0 0 49 0 0 23 
0 0 49 0 0 23 
0 0 49 0 0 23 
0 0 49 0 0 23 
0 0 49 0 0 23 
0 0 49 0 0 23 
0 22 0 0 0 0 
0 22 0 0 0 0 
0 22 0 0 0 0 
0 22 0 0 0 0 
0 22 0 0 0 0 
0 22 0 0 0 0 
0 22 0 0 0 0 
0 22 0 0 0 0 
0 22 0 0 0 0 
0 22 0 0 0 0 
0 0 48 0 16 0 
0 0 48 0 16 0 
0 0 48 0 16 0 
0 0 48 0 16 0 
0 0 48 0 16 0 
0 0 48 0 16 0 
0 0 48 0 16 0 
0 0 48 0 16 0 
0 0 48 0 16 0 
0 0 48 0 16 0 
43 0 0 0 0 52 
43 0 0 0 0 52 
43 0 0 0 0 52 
43 0 0 0 0 52 
43 0 0 0 0 52 
43 0 0 0 0 52 
43 0 0 0 0 52 
43 0 0 0 0 52 
43 0 0 0 0 52 
43 0 0 0 0 52 
0 0 16 0 0 0 
0 0 16 0 0 0 
0 0 16 0 0 0 
0 0 16 0 0 0 
0 0 16 0 0 0 
0 0 16 0 0 0 
0 0 16 0 0 0 
0 0 16 0 0 0 
0 0 16 0 0 0 
0 0 16 0 0 0 
0 38 0 0 0 0 
0 38 0 0 0 0 
0 38 0 0 0 0 
0 38 0 0 0 0 
0 38 0 0 0 0 
0 38 0 0 0 0 
0 38 0 0 0 0 
0 38 0 0 0 0 
0 38 0 0 0 0 
0 38 0 0 0 0 
0 53 0 0 0 0 
0 53 0 0 0 0 
0 53 0 0 0 0 
0 53 0 0 0 0 
0 53 0 0 0 0 
0 53 0 0 0 0 
0 53 0 0 0 0 
0 53 0 0 0 0 
0 53 0 0 0 0 
0 53 0 0 0 0 
0 54 0 0 48 0 
0 54 0 0 48 0 
0 54 0 0 48 0 
0 54 0 0 48 0 
0 54 0 0 48 0 
0 54 0 0 48 0 
0 54 0 0 48 0 
0 54 0 0 48 0 
0 54 0 0 48 0 
0 54 0 0 48 0 
0 46 0 0 22 0 
0 46 0 0 22 0 
0 46 0 0 22 0 
0 46 0 0 22 0 
0 46 0 0 22 0 
0 46 0 0 22 0 
0 46 0 0 22 0 
0 46 0 0 22 0 
0 46 0 0 22 0 
0 46 0 0 22 0 
0 0 0 0 0 38 
0 0 0 0 0 38 
0 0 0 0 0 38 
0 0 0 0 0 38 
0 0 0 0 0 38 
0 0 0 0 0 38 
0 0 0 0 0 38 
0 0 0 0 0 38 
0 0 0 0 0 38 
0 0 0 0 0 38 
0 0 0 0 59 0 
0 0 0 0 59 0 
0 0 0 0 59 0 
0 0 0 0 59 0 
0 0 0 0 59 0 
0 0 0 0 59 0 
0 0 0 0 59 0 
0 0 0 0 59 0 
0 0 0 0 59 0 
0 0 0 0 59 0 
0 0 0 32 0 0 
0 0 0 32 0 0 
0 0 0 32 0 0 
0 0 0 32 0 0 
0 0 0 32 0 0 
0 0 0 32 0 0 
0 0 0 32 0 0 
0 0 0 32 0 0 
0 0 0 32 0 0 
0 0 0 32 0 0 
0 0 58 0 0 0 
0 0 58 0 0 0 
0 0 58 0 0 0 
0 0 58 0 0 0 
0 0 58 0 0 0 
0 0 58 0 0 0 
0 0 58 0 0 0 
0 0 58 0 0 0 
0 0 58 0 0 0 
0 0 58 0 0 0 
0 49 0 0 20 0 
0 49 0 0 20 0 
0 49 0 0 20 0 
0 49 0 0 20 0 
0 49 0 0 20 0 
0 49 0 0 20 0 
0 49 0 0 20 0 
0 49 0 0 20 0 
0 49 0 0 20 0 
0 49 0 0 20 0 
0 0 49 0 0 0 
0 0 49 0 0 0 
0 0 49 0 0 0 
0 0 49 0 0 0 
0 0 49 0 0 0 
0 0 49 0 0 0 
0 0 49 0 0 0 
0 0 49 0 0 0 
0 0 49 0 0 0 
0 0 49 0 0 0 
0 0 56 0 0 0 
0 0 56 0 0 0 
0 0 56 0 0 0 
0 0 56 0 0 0 
0 0 56 0 0 0 
0 0 56 0 0 0 
0 0 56 0 0 0 
0 0 56 0 0 0 
0 0 56 0 0 0 
0 0 56 0 0 0 
0 0 0 28 0 0 
0 0 0 28 0 0 
0 0 0 28 0 0 
0 0 0 28 0 0 
0 0 0 28 0 0 
0 0 0 28 0 0 
0 0 0 28 0 0 
0 0 0 28 0 0 
0 0 0 28 0 0 
0 0 0 28 0 0 
0 28 0 0 0 0 
0 28 0 0 0 0 
0 28 0 0 0 0 
0 28 0 0 0 0 
0 28 0 0 0 0 
0 28 0 0 0 0 
0 28 0 0 0 0 
0 28 0 0 0 0 
0 28 0 0 0 0 
0 28 0 0 0 0 
0.0 0.0 0.0 0.0 0.0 0.0 
0.0 0.0 0.0 0.0 0.0 0.0 
0.0 0.0 0.0 0.0 0.0 0.0 
0.0 0.0 0.0 0.0 0.0 0.0 
0.0 0.0 0.0 0.0 0.0 0.0 
0.0 0.0 0.0 0.0 0.0 0.0 
0.0 0.0 0.0 0.0 0.0 0.0 
0.0 0.0 0.0 0.0 0.0 0.0 
0.0 0.0 0.0 0.0 0.0 0.0 
0.0 0.0 0.0 0.0 0.0 0.0 
mind
0 13 0 0 0 0 0 0 0 0 0 0 0 0 0 0 0 0 16 0 0 0 0 0 0 0 0 0 0 16 0 0 0 0 0 11 19 0 0 0 17 14 0 0 0 0 18 0 0 0 0 0
maxd
0 26 0 0 0 0 0 0 0 0 0 0 0 0 0 0 0 0 21 0 0 0 0 0 0 0 0 0 0 28 0 0 0 0 0 28 30 0 0 0 21 18 0 0 0 0 24 0 0 0 0 0
e
0 733 519 546 494 621 676 768 907 708 943 889 510 521 518 913 606 908 780 952 917 731 548 684 555 692 718 874 901 734 804 785 536 769 886 819 561 510 742 809 509 707 834 819 530 841 527 623 900 689 566 0
l
99999 853 639 666 614 741 796 888 1027 828 1063 1009 630 641 638 1033 726 1028 900 1072 1037 851 668 804 675 812 838 994 1021 854 924 905 656 889 1006 939 681 630 862 929 629 827 954 939 650 961 647 743 1020 809 686 99999
