nbNodes
52
nbVehi
10
nbServi
6
r
1 1 1 1 1 1 
0 0 1 0 1 0 
0 0 1 0 0 1 
0 0 0 1 0 0 
0 0 0 1 0 0 
0 0 1 0 0 1 
0 0 0 0 0 1 
0 1 0 0 0 0 
0 0 1 1 0 0 
0 0 1 1 0 0 
0 0 0 0 0 1 
0 0 0 0 0 1 
0 0 0 0 0 1 
0 0 1 0 0 0 
0 0 1 0 0 0 
0 0 0 1 0 0 
0 0 1 0 0 1 
0 0 0 0 0 1 
0 0 1 0 0 0 
0 0 1 1 0 0 
0 0 0 1 0 0 
0 0 1 0 0 0 
1 0 0 0 0 0 
1 0 0 0 0 0 
0 1 0 0 0 1 
0 0 0 1 0 0 
1 0 0 0 0 0 
0 0 0 0 0 1 
0 0 0 0 1 0 
0 0 1 0 0 0 
0 0 1 1 0 0 
0 0 1 0 0 0 
1 0 0 0 0 0 
0 1 0 0 0 0 
0 0 0 0 0 1 
0 1 0 0 1 0 
0 0 1 0 0 0 
0 0 0 0 0 1 
0 0 0 0 1 0 
0 0 1 0 0 0 
1 0 0 1 0 0 
0 0 0 1 0 0 
0 1 0 0 0 0 
0 0 1 1 0 0 
1 0 0 0 1 0 
0 0 0 0 0 1 
0 0 1 0 1 0 
1 0 0 0 0 1 
0 0 0 0 0 1 
0 0 0 0 0 1 
0 0 1 1 0 0 
1 1 1 1 1 1 
DS
2 3 6 9 10 17 20 25 31 36 41 44 45 47 48 51 
a
0 0 1 0 0 0 
0 0 1 0 0 0 
0 1 1 0 0 0 
1 0 1 0 0 0 
1 1 1 0 0 0 
0 0 0 1 0 1 
0 0 0 0 0 1 
0 0 0 1 1 1 
0 0 0 0 1 1 
0 0 0 1 1 1 
x
-30.2077 -30.1593 -30.056 -30.0355 -29.9959 -30.0904 -30.0237 -30.0676 -29.9891 -30.0012 -30.0044 -30.1606 -29.9745 -30.1782 -30.0837 -30.027 -29.9997 -30.1352 -30.1556 -30.0181 -30.164 -30.0234 -30.0742 -29.9949 -30.0915 -30.0057 -30.0121 -29.988 -30.1646 -30.0358 -29.986 -30.0455 -30.0731 -30.0794 -30.0453 -30.0163 -29.9929 -30.0378 -30.156 -29.9848 -29.9911 -30.2077 -30.0974 -30.0164 -30.0303 -30.2328 -30.0437 -29.9939 -30.0197 -30.0283 -29.9928 -30.2077
y
-51.162 -51.1992 -51.1848 -51.1988 -51.1341 -51.1223 -51.207 -51.2084 -51.1363 -51.1373 -51.0909 -51.1994 -51.1765 -51.1715 -51.1249 -51.2235 -51.102 -51.1874 -51.1353 -51.1693 -51.2016 -51.092 -51.1633 -51.1467 -51.1809 -51.1153 -51.1205 -51.1073 -51.2013 -51.2258 -51.1074 -51.2042 -51.1723 -51.2302 -51.1909 -51.1734 -51.1052 -51.2047 -51.1986 -51.1278 -51.0981 -51.162 -51.2598 -51.2106 -51.225 -51.0965 -51.1525 -51.1475 -51.1948 -51.1452 -51.1351 -51.162
d
0.00000 17.00000 38.00000 42.00000 53.00000 35.00000 43.00000 34.00000 55.00000 51.00000 53.00000 18.00000 51.00000 10.00000 38.00000 43.00000 54.00000 20.00000 16.00000 45.00000 19.00000 53.00000 43.00000 55.00000 28.00000 52.00000 51.00000 55.00000 19.00000 41.00000 56.00000 39.00000 39.00000 33.00000 40.00000 44.00000 56.00000 40.00000 18.00000 55.00000 55.00000 0.00000 34.00000 46.00000 42.00000 14.00000 43.00000 55.00000 44.00000 46.00000 54.00000 0.00000
18.00000 0.00000 25.00000 28.00000 40.00000 29.00000 30.00000 21.00000 42.00000 38.00000 44.00000 1.00000 38.00000 10.00000 31.00000 30.00000 43.00000 8.00000 14.00000 31.00000 2.00000 41.00000 30.00000 42.00000 20.00000 40.00000 38.00000 42.00000 3.00000 28.00000 43.00000 26.00000 26.00000 20.00000 27.00000 31.00000 43.00000 27.00000 3.00000 42.00000 43.00000 18.00000 19.00000 33.00000 29.00000 23.00000 30.00000 42.00000 30.00000 33.00000 41.00000 18.00000
39.00000 24.00000 0.00000 7.00000 18.00000 15.00000 9.00000 8.00000 20.00000 17.00000 22.00000 25.00000 16.00000 32.00000 15.00000 10.00000 22.00000 23.00000 33.00000 10.00000 26.00000 20.00000 11.00000 20.00000 12.00000 18.00000 17.00000 21.00000 26.00000 9.00000 22.00000 5.00000 9.00000 13.00000 5.00000 10.00000 21.00000 6.00000 23.00000 20.00000 22.00000 39.00000 18.00000 12.00000 10.00000 43.00000 9.00000 21.00000 10.00000 11.00000 19.00000 39.00000
43.00000 29.00000 8.00000 0.00000 16.00000 20.00000 5.00000 11.00000 18.00000 15.00000 23.00000 29.00000 13.00000 36.00000 19.00000 7.00000 23.00000 28.00000 38.00000 8.00000 30.00000 22.00000 16.00000 18.00000 16.00000 20.00000 18.00000 21.00000 31.00000 7.00000 21.00000 5.00000 13.00000 14.00000 5.00000 8.00000 21.00000 4.00000 28.00000 18.00000 22.00000 43.00000 18.00000 8.00000 7.00000 47.00000 10.00000 19.00000 5.00000 13.00000 17.00000 43.00000
55.00000 41.00000 19.00000 18.00000 0.00000 25.00000 15.00000 23.00000 3.00000 3.00000 12.00000 41.00000 14.00000 48.00000 24.00000 18.00000 10.00000 40.00000 44.00000 11.00000 42.00000 13.00000 24.00000 5.00000 28.00000 9.00000 8.00000 8.00000 43.00000 19.00000 9.00000 17.00000 24.00000 27.00000 18.00000 10.00000 8.00000 18.00000 40.00000 5.00000 9.00000 55.00000 31.00000 16.00000 20.00000 57.00000 14.00000 5.00000 13.00000 11.00000 2.00000 55.00000
35.00000 28.00000 15.00000 20.00000 25.00000 0.00000 23.00000 20.00000 27.00000 24.00000 26.00000 29.00000 27.00000 30.00000 4.00000 23.00000 26.00000 24.00000 22.00000 21.00000 30.00000 24.00000 16.00000 27.00000 16.00000 22.00000 21.00000 25.00000 31.00000 22.00000 26.00000 18.00000 18.00000 25.00000 18.00000 21.00000 25.00000 20.00000 29.00000 27.00000 26.00000 35.00000 30.00000 25.00000 23.00000 35.00000 15.00000 28.00000 22.00000 17.00000 26.00000 35.00000
44.00000 30.00000 11.00000 6.00000 15.00000 22.00000 0.00000 12.00000 17.00000 14.00000 23.00000 30.00000 11.00000 37.00000 22.00000 5.00000 22.00000 29.00000 39.00000 8.00000 32.00000 23.00000 18.00000 17.00000 17.00000 20.00000 18.00000 19.00000 32.00000 6.00000 20.00000 6.00000 15.00000 15.00000 9.00000 8.00000 20.00000 6.00000 29.00000 18.00000 21.00000 44.00000 19.00000 5.00000 7.00000 48.00000 14.00000 17.00000 4.00000 15.00000 17.00000 44.00000
35.00000 20.00000 9.00000 9.00000 23.00000 19.00000 11.00000 0.00000 25.00000 22.00000 28.00000 21.00000 20.00000 28.00000 18.00000 11.00000 27.00000 19.00000 29.00000 15.00000 22.00000 25.00000 14.00000 25.00000 8.00000 24.00000 22.00000 27.00000 23.00000 9.00000 27.00000 7.00000 10.00000 8.00000 9.00000 15.00000 27.00000 8.00000 20.00000 25.00000 28.00000 35.00000 14.00000 14.00000 10.00000 39.00000 14.00000 25.00000 12.00000 17.00000 24.00000 35.00000
56.00000 42.00000 20.00000 19.00000 3.00000 25.00000 16.00000 24.00000 0.00000 4.00000 12.00000 42.00000 16.00000 49.00000 25.00000 20.00000 11.00000 41.00000 44.00000 12.00000 44.00000 15.00000 25.00000 6.00000 30.00000 10.00000 9.00000 8.00000 44.00000 20.00000 9.00000 19.00000 25.00000 28.00000 20.00000 11.00000 9.00000 19.00000 41.00000 3.00000 10.00000 56.00000 32.00000 17.00000 21.00000 58.00000 15.00000 6.00000 15.00000 11.00000 2.00000 56.00000
53.00000 39.00000 17.00000 16.00000 2.00000 22.00000 13.00000 21.00000 5.00000 0.00000 11.00000 39.00000 14.00000 46.00000 21.00000 17.00000 10.00000 38.00000 41.00000 9.00000 41.00000 12.00000 22.00000 4.00000 27.00000 8.00000 7.00000 8.00000 41.00000 17.00000 9.00000 15.00000 22.00000 25.00000 16.00000 8.00000 8.00000 16.00000 38.00000 5.00000 9.00000 53.00000 29.00000 15.00000 18.00000 55.00000 12.00000 5.00000 12.00000 8.00000 4.00000 53.00000
53.00000 44.00000 23.00000 24.00000 12.00000 25.00000 22.00000 28.00000 12.00000 12.00000 0.00000 45.00000 20.00000 48.00000 24.00000 25.00000 4.00000 43.00000 40.00000 17.00000 46.00000 8.00000 25.00000 14.00000 32.00000 7.00000 7.00000 7.00000 46.00000 26.00000 8.00000 24.00000 26.00000 33.00000 22.00000 16.00000 6.00000 24.00000 43.00000 12.00000 4.00000 53.00000 37.00000 24.00000 26.00000 51.00000 15.00000 14.00000 20.00000 16.00000 11.00000 53.00000
18.00000 1.00000 25.00000 28.00000 39.00000 29.00000 30.00000 21.00000 41.00000 38.00000 43.00000 0.00000 38.00000 10.00000 31.00000 29.00000 43.00000 8.00000 14.00000 31.00000 2.00000 41.00000 30.00000 41.00000 20.00000 40.00000 38.00000 42.00000 2.00000 28.00000 43.00000 26.00000 26.00000 20.00000 27.00000 31.00000 43.00000 27.00000 3.00000 42.00000 43.00000 18.00000 19.00000 33.00000 29.00000 23.00000 30.00000 42.00000 30.00000 33.00000 40.00000 18.00000
52.00000 38.00000 17.00000 16.00000 13.00000 29.00000 14.00000 20.00000 13.00000 14.00000 15.00000 38.00000 0.00000 45.00000 28.00000 13.00000 14.00000 37.00000 47.00000 14.00000 40.00000 20.00000 25.00000 15.00000 25.00000 15.00000 15.00000 11.00000 40.00000 13.00000 12.00000 16.00000 25.00000 23.00000 17.00000 13.00000 12.00000 14.00000 37.00000 12.00000 12.00000 52.00000 26.00000 12.00000 14.00000 57.00000 19.00000 16.00000 12.00000 19.00000 12.00000 52.00000
10.00000 10.00000 32.00000 35.00000 46.00000 30.00000 37.00000 28.00000 48.00000 45.00000 48.00000 10.00000 45.00000 0.00000 33.00000 36.00000 49.00000 12.00000 11.00000 38.00000 11.00000 48.00000 37.00000 49.00000 23.00000 47.00000 45.00000 49.00000 12.00000 35.00000 50.00000 33.00000 33.00000 27.00000 34.00000 38.00000 50.00000 34.00000 10.00000 49.00000 50.00000 10.00000 26.00000 40.00000 36.00000 18.00000 37.00000 49.00000 37.00000 40.00000 48.00000 10.00000
38.00000 31.00000 15.00000 20.00000 24.00000 4.00000 22.00000 19.00000 26.00000 23.00000 25.00000 32.00000 27.00000 33.00000 0.00000 23.00000 25.00000 27.00000 25.00000 20.00000 33.00000 23.00000 15.00000 26.00000 19.00000 22.00000 20.00000 24.00000 34.00000 21.00000 25.00000 18.00000 17.00000 24.00000 18.00000 20.00000 25.00000 19.00000 32.00000 27.00000 25.00000 38.00000 29.00000 25.00000 22.00000 39.00000 14.00000 27.00000 22.00000 17.00000 25.00000 38.00000
44.00000 30.00000 12.00000 8.00000 16.00000 24.00000 6.00000 12.00000 18.00000 16.00000 23.00000 30.00000 12.00000 37.00000 23.00000 0.00000 21.00000 29.00000 39.00000 12.00000 31.00000 26.00000 20.00000 17.00000 17.00000 21.00000 20.00000 18.00000 32.00000 5.00000 19.00000 7.00000 16.00000 15.00000 9.00000 11.00000 19.00000 6.00000 29.00000 19.00000 20.00000 44.00000 17.00000 6.00000 5.00000 48.00000 15.00000 18.00000 8.00000 17.00000 17.00000 44.00000
54.00000 44.00000 22.00000 23.00000 11.00000 24.00000 21.00000 27.00000 11.00000 11.00000 4.00000 44.00000 19.00000 49.00000 24.00000 24.00000 0.00000 43.00000 41.00000 17.00000 45.00000 8.00000 24.00000 13.00000 31.00000 7.00000 7.00000 6.00000 46.00000 25.00000 6.00000 24.00000 26.00000 32.00000 22.00000 16.00000 4.00000 24.00000 43.00000 11.00000 4.00000 54.00000 37.00000 24.00000 25.00000 52.00000 15.00000 13.00000 20.00000 15.00000 10.00000 54.00000
20.00000 8.00000 23.00000 26.00000 37.00000 24.00000 28.00000 19.00000 39.00000 36.00000 41.00000 8.00000 35.00000 12.00000 26.00000 27.00000 41.00000 0.00000 15.00000 29.00000 10.00000 39.00000 28.00000 39.00000 15.00000 37.00000 36.00000 40.00000 10.00000 25.00000 41.00000 23.00000 24.00000 17.00000 25.00000 29.00000 40.00000 25.00000 9.00000 39.00000 41.00000 20.00000 19.00000 30.00000 26.00000 24.00000 28.00000 40.00000 28.00000 30.00000 38.00000 20.00000
16.00000 14.00000 33.00000 36.00000 43.00000 22.00000 38.00000 29.00000 45.00000 42.00000 40.00000 14.00000 46.00000 11.00000 25.00000 38.00000 41.00000 15.00000 0.00000 39.00000 15.00000 41.00000 34.00000 45.00000 22.00000 41.00000 39.00000 43.00000 16.00000 36.00000 44.00000 34.00000 34.00000 28.00000 35.00000 39.00000 43.00000 35.00000 15.00000 45.00000 42.00000 16.00000 30.00000 41.00000 37.00000 20.00000 33.00000 46.00000 39.00000 36.00000 44.00000 16.00000
48.00000 33.00000 11.00000 9.00000 10.00000 20.00000 8.00000 15.00000 12.00000 9.00000 17.00000 34.00000 12.00000 41.00000 19.00000 11.00000 17.00000 32.00000 39.00000 0.00000 35.00000 17.00000 17.00000 12.00000 21.00000 14.00000 12.00000 14.00000 35.00000 12.00000 15.00000 10.00000 17.00000 19.00000 9.00000 2.00000 15.00000 10.00000 32.00000 12.00000 16.00000 48.00000 24.00000 10.00000 12.00000 52.00000 8.00000 12.00000 6.00000 8.00000 11.00000 48.00000
19.00000 2.00000 26.00000 30.00000 41.00000 30.00000 31.00000 23.00000 43.00000 40.00000 45.00000 2.00000 39.00000 11.00000 32.00000 31.00000 44.00000 10.00000 15.00000 33.00000 0.00000 43.00000 31.00000 43.00000 21.00000 41.00000 39.00000 44.00000 1.00000 29.00000 45.00000 27.00000 27.00000 21.00000 28.00000 33.00000 44.00000 29.00000 4.00000 43.00000 45.00000 19.00000 21.00000 34.00000 30.00000 24.00000 31.00000 43.00000 32.00000 34.00000 42.00000 19.00000
53.00000 42.00000 21.00000 22.00000 12.00000 23.00000 22.00000 26.00000 14.00000 12.00000 8.00000 43.00000 24.00000 48.00000 22.00000 25.00000 9.00000 41.00000 40.00000 17.00000 44.00000 0.00000 23.00000 14.00000 30.00000 9.00000 7.00000 12.00000 44.00000 25.00000 13.00000 23.00000 24.00000 31.00000 20.00000 16.00000 11.00000 22.00000 41.00000 14.00000 10.00000 53.00000 36.00000 24.00000 26.00000 53.00000 13.00000 14.00000 20.00000 13.00000 13.00000 53.00000
44.00000 31.00000 11.00000 16.00000 23.00000 14.00000 19.00000 15.00000 25.00000 21.00000 25.00000 31.00000 23.00000 38.00000 13.00000 19.00000 24.00000 30.00000 33.00000 17.00000 33.00000 23.00000 0.00000 25.00000 18.00000 21.00000 19.00000 24.00000 33.00000 17.00000 24.00000 14.00000 8.00000 20.00000 14.00000 17.00000 24.00000 16.00000 30.00000 25.00000 25.00000 44.00000 25.00000 21.00000 18.00000 47.00000 12.00000 25.00000 18.00000 16.00000 24.00000 44.00000
54.00000 40.00000 18.00000 17.00000 8.00000 26.00000 14.00000 22.00000 10.00000 8.00000 17.00000 40.00000 13.00000 47.00000 25.00000 17.00000 16.00000 39.00000 45.00000 9.00000 41.00000 18.00000 23.00000 0.00000 27.00000 13.00000 12.00000 13.00000 42.00000 17.00000 14.00000 16.00000 22.00000 26.00000 17.00000 9.00000 14.00000 17.00000 39.00000 11.00000 15.00000 54.00000 30.00000 14.00000 18.00000 58.00000 14.00000 1.00000 12.00000 13.00000 9.00000 54.00000
28.00000 19.00000 12.00000 15.00000 26.00000 16.00000 16.00000 8.00000 28.00000 25.00000 30.00000 20.00000 25.00000 22.00000 18.00000 16.00000 30.00000 15.00000 22.00000 18.00000 21.00000 28.00000 17.00000 29.00000 0.00000 27.00000 25.00000 29.00000 22.00000 14.00000 30.00000 12.00000 13.00000 13.00000 14.00000 18.00000 30.00000 14.00000 20.00000 29.00000 30.00000 28.00000 18.00000 19.00000 15.00000 32.00000 17.00000 29.00000 17.00000 20.00000 28.00000 28.00000
52.00000 40.00000 19.00000 20.00000 8.00000 21.00000 18.00000 24.00000 9.00000 8.00000 7.00000 41.00000 19.00000 47.00000 21.00000 22.00000 6.00000 39.00000 40.00000 14.00000 42.00000 10.00000 21.00000 10.00000 28.00000 0.00000 4.00000 6.00000 43.00000 23.00000 7.00000 21.00000 23.00000 29.00000 19.00000 13.00000 6.00000 21.00000 40.00000 10.00000 7.00000 52.00000 34.00000 20.00000 23.00000 54.00000 12.00000 10.00000 17.00000 12.00000 8.00000 52.00000
51.00000 39.00000 17.00000 18.00000 6.00000 19.00000 16.00000 22.00000 8.00000 6.00000 7.00000 39.00000 18.00000 45.00000 19.00000 20.00000 7.00000 38.00000 39.00000 12.00000 40.00000 8.00000 19.00000 9.00000 26.00000 4.00000 0.00000 6.00000 41.00000 20.00000 7.00000 19.00000 21.00000 27.00000 17.00000 11.00000 7.00000 19.00000 38.00000 9.00000 7.00000 51.00000 32.00000 18.00000 21.00000 52.00000 10.00000 9.00000 15.00000 10.00000 7.00000 51.00000
55.00000 43.00000 21.00000 21.00000 7.00000 24.00000 19.00000 26.00000 8.00000 8.00000 6.00000 43.00000 14.00000 50.00000 23.00000 19.00000 5.00000 42.00000 43.00000 14.00000 45.00000 11.00000 24.00000 9.00000 31.00000 6.00000 6.00000 0.00000 45.00000 20.00000 1.00000 21.00000 25.00000 30.00000 21.00000 13.00000 3.00000 21.00000 42.00000 6.00000 4.00000 55.00000 33.00000 19.00000 21.00000 55.00000 14.00000 10.00000 17.00000 14.00000 6.00000 55.00000
19.00000 3.00000 27.00000 30.00000 41.00000 30.00000 32.00000 23.00000 43.00000 40.00000 45.00000 2.00000 40.00000 11.00000 32.00000 31.00000 45.00000 10.00000 15.00000 33.00000 1.00000 43.00000 32.00000 43.00000 21.00000 42.00000 40.00000 44.00000 0.00000 30.00000 45.00000 28.00000 28.00000 21.00000 29.00000 33.00000 45.00000 29.00000 4.00000 43.00000 45.00000 19.00000 21.00000 35.00000 30.00000 25.00000 32.00000 44.00000 32.00000 35.00000 42.00000 19.00000
41.00000 27.00000 11.00000 8.00000 19.00000 22.00000 7.00000 9.00000 21.00000 18.00000 26.00000 27.00000 15.00000 34.00000 21.00000 4.00000 24.00000 26.00000 36.00000 11.00000 29.00000 26.00000 17.00000 21.00000 14.00000 24.00000 22.00000 21.00000 29.00000 0.00000 22.00000 6.00000 14.00000 12.00000 9.00000 11.00000 22.00000 6.00000 26.00000 22.00000 23.00000 41.00000 15.00000 8.00000 3.00000 46.00000 15.00000 21.00000 8.00000 17.00000 20.00000 41.00000
56.00000 44.00000 22.00000 22.00000 8.00000 25.00000 19.00000 27.00000 8.00000 8.00000 7.00000 44.00000 15.00000 51.00000 24.00000 20.00000 6.00000 43.00000 44.00000 15.00000 46.00000 12.00000 24.00000 10.00000 32.00000 7.00000 7.00000 1.00000 46.00000 21.00000 0.00000 22.00000 26.00000 31.00000 22.00000 14.00000 4.00000 22.00000 43.00000 7.00000 5.00000 56.00000 33.00000 20.00000 21.00000 56.00000 15.00000 11.00000 18.00000 15.00000 7.00000 56.00000
39.00000 25.00000 6.00000 5.00000 18.00000 18.00000 7.00000 6.00000 20.00000 17.00000 25.00000 25.00000 15.00000 32.00000 17.00000 7.00000 25.00000 24.00000 34.00000 10.00000 27.00000 23.00000 14.00000 20.00000 12.00000 21.00000 20.00000 23.00000 27.00000 5.00000 24.00000 0.00000 11.00000 10.00000 5.00000 10.00000 23.00000 4.00000 24.00000 21.00000 24.00000 39.00000 15.00000 9.00000 6.00000 44.00000 12.00000 21.00000 7.00000 15.00000 20.00000 39.00000
40.00000 26.00000 8.00000 13.00000 23.00000 16.00000 15.00000 10.00000 25.00000 22.00000 27.00000 27.00000 21.00000 34.00000 15.00000 15.00000 26.00000 25.00000 35.00000 15.00000 28.00000 24.00000 8.00000 25.00000 13.00000 23.00000 21.00000 25.00000 28.00000 13.00000 26.00000 11.00000 0.00000 15.00000 10.00000 15.00000 26.00000 12.00000 25.00000 25.00000 26.00000 40.00000 20.00000 18.00000 14.00000 45.00000 13.00000 25.00000 15.00000 16.00000 24.00000 40.00000
34.00000 19.00000 14.00000 14.00000 27.00000 24.00000 15.00000 8.00000 29.00000 26.00000 33.00000 20.00000 24.00000 27.00000 23.00000 15.00000 32.00000 18.00000 29.00000 19.00000 21.00000 30.00000 19.00000 29.00000 13.00000 29.00000 27.00000 31.00000 22.00000 12.00000 32.00000 11.00000 15.00000 0.00000 14.00000 19.00000 32.00000 12.00000 19.00000 29.00000 32.00000 34.00000 10.00000 18.00000 14.00000 38.00000 19.00000 29.00000 16.00000 22.00000 28.00000 34.00000
41.00000 27.00000 5.00000 6.00000 17.00000 18.00000 8.00000 9.00000 19.00000 16.00000 21.00000 27.00000 16.00000 34.00000 17.00000 9.00000 21.00000 26.00000 36.00000 10.00000 29.00000 19.00000 14.00000 19.00000 15.00000 18.00000 16.00000 20.00000 29.00000 9.00000 21.00000 5.00000 11.00000 14.00000 0.00000 10.00000 21.00000 6.00000 26.00000 20.00000 21.00000 41.00000 18.00000 11.00000 10.00000 46.00000 8.00000 20.00000 8.00000 11.00000 18.00000 41.00000
47.00000 32.00000 10.00000 9.00000 9.00000 21.00000 6.00000 14.00000 11.00000 8.00000 16.00000 33.00000 10.00000 40.00000 21.00000 10.00000 16.00000 31.00000 41.00000 2.00000 34.00000 16.00000 18.00000 11.00000 20.00000 14.00000 12.00000 14.00000 34.00000 11.00000 15.00000 9.00000 17.00000 18.00000 10.00000 0.00000 14.00000 9.00000 31.00000 12.00000 15.00000 47.00000 22.00000 9.00000 11.00000 51.00000 9.00000 12.00000 5.00000 9.00000 10.00000 47.00000
56.00000 44.00000 22.00000 22.00000 8.00000 25.00000 19.00000 28.00000 8.00000 8.00000 6.00000 44.00000 16.00000 50.00000 24.00000 21.00000 4.00000 43.00000 43.00000 15.00000 45.00000 10.00000 24.00000 10.00000 31.00000 7.00000 7.00000 3.00000 46.00000 22.00000 4.00000 22.00000 26.00000 31.00000 22.00000 14.00000 0.00000 22.00000 43.00000 8.00000 3.00000 56.00000 35.00000 21.00000 22.00000 54.00000 15.00000 11.00000 18.00000 15.00000 7.00000 56.00000
40.00000 26.00000 6.00000 4.00000 18.00000 18.00000 6.00000 8.00000 20.00000 16.00000 23.00000 26.00000 15.00000 33.00000 17.00000 8.00000 22.00000 25.00000 35.00000 10.00000 27.00000 21.00000 14.00000 20.00000 13.00000 19.00000 17.00000 22.00000 28.00000 6.00000 23.00000 2.00000 11.00000 11.00000 3.00000 10.00000 22.00000 0.00000 25.00000 20.00000 23.00000 40.00000 15.00000 9.00000 7.00000 44.00000 9.00000 20.00000 6.00000 12.00000 19.00000 40.00000
17.00000 2.00000 25.00000 28.00000 39.00000 28.00000 30.00000 21.00000 42.00000 38.00000 44.00000 2.00000 38.00000 9.00000 30.00000 30.00000 43.00000 8.00000 13.00000 31.00000 3.00000 41.00000 30.00000 42.00000 19.00000 40.00000 38.00000 42.00000 4.00000 28.00000 43.00000 26.00000 26.00000 20.00000 27.00000 31.00000 43.00000 27.00000 0.00000 42.00000 43.00000 17.00000 19.00000 33.00000 29.00000 22.00000 30.00000 42.00000 30.00000 33.00000 41.00000 17.00000
57.00000 42.00000 20.00000 19.00000 5.00000 26.00000 16.00000 25.00000 3.00000 5.00000 11.00000 43.00000 17.00000 50.00000 26.00000 20.00000 10.00000 41.00000 45.00000 12.00000 44.00000 15.00000 26.00000 7.00000 30.00000 10.00000 9.00000 7.00000 44.00000 21.00000 8.00000 19.00000 26.00000 28.00000 20.00000 11.00000 8.00000 19.00000 42.00000 0.00000 8.00000 57.00000 32.00000 18.00000 21.00000 59.00000 16.00000 8.00000 15.00000 12.00000 4.00000 57.00000
55.00000 44.00000 23.00000 23.00000 8.00000 25.00000 20.00000 28.00000 9.00000 9.00000 5.00000 45.00000 17.00000 50.00000 24.00000 22.00000 4.00000 43.00000 43.00000 16.00000 46.00000 10.00000 25.00000 11.00000 32.00000 7.00000 7.00000 3.00000 46.00000 22.00000 4.00000 22.00000 26.00000 32.00000 22.00000 15.00000 3.00000 23.00000 44.00000 9.00000 0.00000 55.00000 35.00000 22.00000 23.00000 54.00000 15.00000 11.00000 19.00000 16.00000 8.00000 55.00000
0.00000 17.00000 38.00000 42.00000 53.00000 35.00000 43.00000 34.00000 55.00000 51.00000 53.00000 18.00000 51.00000 10.00000 38.00000 43.00000 54.00000 20.00000 16.00000 45.00000 19.00000 53.00000 43.00000 55.00000 28.00000 52.00000 51.00000 55.00000 19.00000 41.00000 56.00000 39.00000 39.00000 33.00000 40.00000 44.00000 56.00000 40.00000 18.00000 55.00000 55.00000 0.00000 34.00000 46.00000 42.00000 14.00000 43.00000 55.00000 44.00000 46.00000 54.00000 0.00000
35.00000 19.00000 19.00000 18.00000 31.00000 28.00000 20.00000 15.00000 33.00000 30.00000 37.00000 19.00000 27.00000 26.00000 28.00000 17.00000 36.00000 19.00000 29.00000 23.00000 21.00000 35.00000 24.00000 33.00000 18.00000 33.00000 32.00000 33.00000 21.00000 14.00000 34.00000 15.00000 20.00000 11.00000 18.00000 23.00000 34.00000 16.00000 18.00000 34.00000 35.00000 35.00000 0.00000 21.00000 17.00000 39.00000 24.00000 33.00000 20.00000 27.00000 32.00000 35.00000
45.00000 31.00000 11.00000 7.00000 14.00000 23.00000 4.00000 13.00000 16.00000 14.00000 22.00000 31.00000 10.00000 38.00000 22.00000 6.00000 21.00000 30.00000 40.00000 8.00000 33.00000 22.00000 19.00000 16.00000 18.00000 19.00000 18.00000 18.00000 33.00000 6.00000 19.00000 7.00000 16.00000 16.00000 9.00000 7.00000 19.00000 7.00000 30.00000 17.00000 20.00000 45.00000 19.00000 0.00000 7.00000 49.00000 13.00000 16.00000 4.00000 15.00000 15.00000 45.00000
41.00000 27.00000 10.00000 7.00000 17.00000 21.00000 6.00000 8.00000 19.00000 17.00000 24.00000 27.00000 13.00000 34.00000 21.00000 2.00000 22.00000 26.00000 36.00000 10.00000 28.00000 25.00000 17.00000 19.00000 14.00000 22.00000 21.00000 19.00000 29.00000 2.00000 20.00000 6.00000 13.00000 12.00000 8.00000 10.00000 20.00000 5.00000 26.00000 20.00000 21.00000 41.00000 15.00000 6.00000 0.00000 45.00000 13.00000 19.00000 7.00000 16.00000 18.00000 41.00000
14.00000 23.00000 43.00000 46.00000 56.00000 35.00000 48.00000 39.00000 58.00000 55.00000 52.00000 23.00000 55.00000 18.00000 38.00000 47.00000 54.00000 25.00000 20.00000 49.00000 25.00000 53.00000 48.00000 59.00000 32.00000 54.00000 52.00000 56.00000 25.00000 45.00000 57.00000 43.00000 43.00000 37.00000 44.00000 49.00000 56.00000 45.00000 24.00000 59.00000 55.00000 14.00000 39.00000 50.00000 46.00000 0.00000 46.00000 59.00000 48.00000 49.00000 58.00000 14.00000
45.00000 30.00000 9.00000 10.00000 12.00000 14.00000 13.00000 14.00000 14.00000 10.00000 15.00000 31.00000 16.00000 38.00000 13.00000 14.00000 15.00000 29.00000 33.00000 10.00000 32.00000 13.00000 13.00000 14.00000 18.00000 12.00000 10.00000 14.00000 32.00000 14.00000 15.00000 11.00000 12.00000 19.00000 9.00000 10.00000 15.00000 11.00000 29.00000 14.00000 15.00000 45.00000 24.00000 15.00000 14.00000 46.00000 0.00000 14.00000 11.00000 5.00000 13.00000 45.00000
54.00000 40.00000 18.00000 17.00000 8.00000 26.00000 14.00000 22.00000 10.00000 8.00000 17.00000 40.00000 13.00000 47.00000 25.00000 17.00000 16.00000 39.00000 45.00000 9.00000 42.00000 18.00000 23.00000 1.00000 28.00000 13.00000 12.00000 14.00000 42.00000 17.00000 14.00000 16.00000 23.00000 26.00000 17.00000 9.00000 14.00000 17.00000 39.00000 11.00000 15.00000 54.00000 30.00000 14.00000 18.00000 59.00000 14.00000 0.00000 13.00000 14.00000 9.00000 54.00000
44.00000 30.00000 9.00000 6.00000 13.00000 21.00000 4.00000 12.00000 15.00000 12.00000 20.00000 30.00000 11.00000 37.00000 20.00000 8.00000 20.00000 29.00000 39.00000 6.00000 32.00000 20.00000 17.00000 15.00000 17.00000 17.00000 16.00000 18.00000 32.00000 8.00000 19.00000 6.00000 15.00000 15.00000 8.00000 5.00000 18.00000 6.00000 29.00000 15.00000 19.00000 44.00000 20.00000 6.00000 8.00000 48.00000 11.00000 16.00000 0.00000 12.00000 14.00000 44.00000
48.00000 34.00000 12.00000 13.00000 9.00000 16.00000 14.00000 18.00000 11.00000 8.00000 15.00000 35.00000 16.00000 42.00000 16.00000 17.00000 15.00000 33.00000 36.00000 9.00000 36.00000 14.00000 16.00000 11.00000 22.00000 12.00000 10.00000 14.00000 36.00000 17.00000 15.00000 14.00000 16.00000 23.00000 12.00000 9.00000 14.00000 14.00000 33.00000 11.00000 15.00000 48.00000 28.00000 16.00000 17.00000 49.00000 5.00000 12.00000 13.00000 0.00000 10.00000 48.00000
55.00000 41.00000 19.00000 18.00000 2.00000 25.00000 15.00000 23.00000 2.00000 4.00000 11.00000 41.00000 15.00000 48.00000 24.00000 18.00000 10.00000 40.00000 44.00000 11.00000 43.00000 14.00000 25.00000 5.00000 28.00000 9.00000 8.00000 8.00000 43.00000 19.00000 8.00000 17.00000 24.00000 27.00000 18.00000 10.00000 8.00000 18.00000 40.00000 4.00000 9.00000 55.00000 31.00000 16.00000 20.00000 57.00000 14.00000 5.00000 14.00000 11.00000 0.00000 55.00000
0.00000 17.00000 38.00000 42.00000 53.00000 35.00000 43.00000 34.00000 55.00000 51.00000 53.00000 18.00000 51.00000 10.00000 38.00000 43.00000 54.00000 20.00000 16.00000 45.00000 19.00000 53.00000 43.00000 55.00000 28.00000 52.00000 51.00000 55.00000 19.00000 41.00000 56.00000 39.00000 39.00000 33.00000 40.00000 44.00000 56.00000 40.00000 18.00000 55.00000 55.00000 0.00000 34.00000 46.00000 42.00000 14.00000 43.00000 55.00000 44.00000 46.00000 54.00000 0.00000
p
0.0 0.0 0.0 0.0 0.0 0.0 
0.0 0.0 0.0 0.0 0.0 0.0 
0.0 0.0 0.0 0.0 0.0 0.0 
0.0 0.0 0.0 0.0 0.0 0.0 
0.0 0.0 0.0 0.0 0.0 0.0 
0.0 0.0 0.0 0.0 0.0 0.0 
0.0 0.0 0.0 0.0 0.0 0.0 
0.0 0.0 0.0 0.0 0.0 0.0 
0.0 0.0 0.0 0.0 0.0 0.0 
0.0 0.0 0.0 0.0 0.0 0.0 
0 0 55 0 59 0 
0 0 55 0 59 0 
0 0 55 0 59 0 
0 0 55 0 59 0 
0 0 55 0 59 0 
0 0 55 0 59 0 
0 0 55 0 59 0 
0 0 55 0 59 0 
0 0 55 0 59 0 
0 0 55 0 59 0 
0 0 58 0 0 56 
0 0 58 0 0 56 
0 0 58 0 0 56 
0 0 58 0 0 56 
0 0 58 0 0 56 
0 0 58 0 0 56 
0 0 58 0 0 56 
0 0 58 0 0 56 
0 0 58 0 0 56 
0 0 58 0 0 56 
0 0 0 49 0 0 
0 0 0 49 0 0 
0 0 0 49 0 0 
0 0 0 49 0 0 
0 0 0 49 0 0 
0 0 0 49 0 0 
0 0 0 49 0 0 
0 0 0 49 0 0 
0 0 0 49 0 0 
0 0 0 49 0 0 
0 0 0 18 0 0 
0 0 0 18 0 0 
0 0 0 18 0 0 
0 0 0 18 0 0 
0 0 0 18 0 0 
0 0 0 18 0 0 
0 0 0 18 0 0 
0 0 0 18 0 0 
0 0 0 18 0 0 
0 0 0 18 0 0 
0 0 21 0 0 48 
0 0 21 0 0 48 
0 0 21 0 0 48 
0 0 21 0 0 48 
0 0 21 0 0 48 
0 0 21 0 0 48 
0 0 21 0 0 48 
0 0 21 0 0 48 
0 0 21 0 0 48 
0 0 21 0 0 48 
0 0 0 0 0 55 
0 0 0 0 0 55 
0 0 0 0 0 55 
0 0 0 0 0 55 
0 0 0 0 0 55 
0 0 0 0 0 55 
0 0 0 0 0 55 
0 0 0 0 0 55 
0 0 0 0 0 55 
0 0 0 0 0 55 
0 16 0 0 0 0 
0 16 0 0 0 0 
0 16 0 0 0 0 
0 16 0 0 0 0 
0 16 0 0 0 0 
0 16 0 0 0 0 
0 16 0 0 0 0 
0 16 0 0 0 0 
0 16 0 0 0 0 
0 16 0 0 0 0 
0 0 18 34 0 0 
0 0 18 34 0 0 
0 0 18 34 0 0 
0 0 18 34 0 0 
0 0 18 34 0 0 
0 0 18 34 0 0 
0 0 18 34 0 0 
0 0 18 34 0 0 
0 0 18 34 0 0 
0 0 18 34 0 0 
0 0 15 47 0 0 
0 0 15 47 0 0 
0 0 15 47 0 0 
0 0 15 47 0 0 
0 0 15 47 0 0 
0 0 15 47 0 0 
0 0 15 47 0 0 
0 0 15 47 0 0 
0 0 15 47 0 0 
0 0 15 47 0 0 
0 0 0 0 0 36 
0 0 0 0 0 36 
0 0 0 0 0 36 
0 0 0 0 0 36 
0 0 0 0 0 36 
0 0 0 0 0 36 
0 0 0 0 0 36 
0 0 0 0 0 36 
0 0 0 0 0 36 
0 0 0 0 0 36 
0 0 0 0 0 59 
0 0 0 0 0 59 
0 0 0 0 0 59 
0 0 0 0 0 59 
0 0 0 0 0 59 
0 0 0 0 0 59 
0 0 0 0 0 59 
0 0 0 0 0 59 
0 0 0 0 0 59 
0 0 0 0 0 59 
0 0 0 0 0 20 
0 0 0 0 0 20 
0 0 0 0 0 20 
0 0 0 0 0 20 
0 0 0 0 0 20 
0 0 0 0 0 20 
0 0 0 0 0 20 
0 0 0 0 0 20 
0 0 0 0 0 20 
0 0 0 0 0 20 
0 0 27 0 0 0 
0 0 27 0 0 0 
0 0 27 0 0 0 
0 0 27 0 0 0 
0 0 27 0 0 0 
0 0 27 0 0 0 
0 0 27 0 0 0 
0 0 27 0 0 0 
0 0 27 0 0 0 
0 0 27 0 0 0 
0 0 40 0 0 0 
0 0 40 0 0 0 
0 0 40 0 0 0 
0 0 40 0 0 0 
0 0 40 0 0 0 
0 0 40 0 0 0 
0 0 40 0 0 0 
0 0 40 0 0 0 
0 0 40 0 0 0 
0 0 40 0 0 0 
0 0 0 59 0 0 
0 0 0 59 0 0 
0 0 0 59 0 0 
0 0 0 59 0 0 
0 0 0 59 0 0 
0 0 0 59 0 0 
0 0 0 59 0 0 
0 0 0 59 0 0 
0 0 0 59 0 0 
0 0 0 59 0 0 
0 0 35 0 0 59 
0 0 35 0 0 59 
0 0 35 0 0 59 
0 0 35 0 0 59 
0 0 35 0 0 59 
0 0 35 0 0 59 
0 0 35 0 0 59 
0 0 35 0 0 59 
0 0 35 0 0 59 
0 0 35 0 0 59 
0 0 0 0 0 36 
0 0 0 0 0 36 
0 0 0 0 0 36 
0 0 0 0 0 36 
0 0 0 0 0 36 
0 0 0 0 0 36 
0 0 0 0 0 36 
0 0 0 0 0 36 
0 0 0 0 0 36 
0 0 0 0 0 36 
0 0 36 0 0 0 
0 0 36 0 0 0 
0 0 36 0 0 0 
0 0 36 0 0 0 
0 0 36 0 0 0 
0 0 36 0 0 0 
0 0 36 0 0 0 
0 0 36 0 0 0 
0 0 36 0 0 0 
0 0 36 0 0 0 
0 0 26 32 0 0 
0 0 26 32 0 0 
0 0 26 32 0 0 
0 0 26 32 0 0 
0 0 26 32 0 0 
0 0 26 32 0 0 
0 0 26 32 0 0 
0 0 26 32 0 0 
0 0 26 32 0 0 
0 0 26 32 0 0 
0 0 0 40 0 0 
0 0 0 40 0 0 
0 0 0 40 0 0 
0 0 0 40 0 0 
0 0 0 40 0 0 
0 0 0 40 0 0 
0 0 0 40 0 0 
0 0 0 40 0 0 
0 0 0 40 0 0 
0 0 0 40 0 0 
0 0 23 0 0 0 
0 0 23 0 0 0 
0 0 23 0 0 0 
0 0 23 0 0 0 
0 0 23 0 0 0 
0 0 23 0 0 0 
0 0 23 0 0 0 
0 0 23 0 0 0 
0 0 23 0 0 0 
0 0 23 0 0 0 
19 0 0 0 0 0 
19 0 0 0 0 0 
19 0 0 0 0 0 
19 0 0 0 0 0 
19 0 0 0 0 0 
19 0 0 0 0 0 
19 0 0 0 0 0 
19 0 0 0 0 0 
19 0 0 0 0 0 
19 0 0 0 0 0 
31 0 0 0 0 0 
31 0 0 0 0 0 
31 0 0 0 0 0 
31 0 0 0 0 0 
31 0 0 0 0 0 
31 0 0 0 0 0 
31 0 0 0 0 0 
31 0 0 0 0 0 
31 0 0 0 0 0 
31 0 0 0 0 0 
0 55 0 0 0 40 
0 55 0 0 0 40 
0 55 0 0 0 40 
0 55 0 0 0 40 
0 55 0 0 0 40 
0 55 0 0 0 40 
0 55 0 0 0 40 
0 55 0 0 0 40 
0 55 0 0 0 40 
0 55 0 0 0 40 
0 0 0 34 0 0 
0 0 0 34 0 0 
0 0 0 34 0 0 
0 0 0 34 0 0 
0 0 0 34 0 0 
0 0 0 34 0 0 
0 0 0 34 0 0 
0 0 0 34 0 0 
0 0 0 34 0 0 
0 0 0 34 0 0 
31 0 0 0 0 0 
31 0 0 0 0 0 
31 0 0 0 0 0 
31 0 0 0 0 0 
31 0 0 0 0 0 
31 0 0 0 0 0 
31 0 0 0 0 0 
31 0 0 0 0 0 
31 0 0 0 0 0 
31 0 0 0 0 0 
0 0 0 0 0 50 
0 0 0 0 0 50 
0 0 0 0 0 50 
0 0 0 0 0 50 
0 0 0 0 0 50 
0 0 0 0 0 50 
0 0 0 0 0 50 
0 0 0 0 0 50 
0 0 0 0 0 50 
0 0 0 0 0 50 
0 0 0 0 24 0 
0 0 0 0 24 0 
0 0 0 0 24 0 
0 0 0 0 24 0 
0 0 0 0 24 0 
0 0 0 0 24 0 
0 0 0 0 24 0 
0 0 0 0 24 0 
0 0 0 0 24 0 
0 0 0 0 24 0 
0 0 53 0 0 0 
0 0 53 0 0 0 
0 0 53 0 0 0 
0 0 53 0 0 0 
0 0 53 0 0 0 
0 0 53 0 0 0 
0 0 53 0 0 0 
0 0 53 0 0 0 
0 0 53 0 0 0 
0 0 53 0 0 0 
0 0 44 55 0 0 
0 0 44 55 0 0 
0 0 44 55 0 0 
0 0 44 55 0 0 
0 0 44 55 0 0 
0 0 44 55 0 0 
0 0 44 55 0 0 
0 0 44 55 0 0 
0 0 44 55 0 0 
0 0 44 55 0 0 
0 0 38 0 0 0 
0 0 38 0 0 0 
0 0 38 0 0 0 
0 0 38 0 0 0 
0 0 38 0 0 0 
0 0 38 0 0 0 
0 0 38 0 0 0 
0 0 38 0 0 0 
0 0 38 0 0 0 
0 0 38 0 0 0 
51 0 0 0 0 0 
51 0 0 0 0 0 
51 0 0 0 0 0 
51 0 0 0 0 0 
51 0 0 0 0 0 
51 0 0 0 0 0 
51 0 0 0 0 0 
51 0 0 0 0 0 
51 0 0 0 0 0 
51 0 0 0 0 0 
0 53 0 0 0 0 
0 53 0 0 0 0 
0 53 0 0 0 0 
0 53 0 0 0 0 
0 53 0 0 0 0 
0 53 0 0 0 0 
0 53 0 0 0 0 
0 53 0 0 0 0 
0 53 0 0 0 0 
0 53 0 0 0 0 
0 0 0 0 0 21 
0 0 0 0 0 21 
0 0 0 0 0 21 
0 0 0 0 0 21 
0 0 0 0 0 21 
0 0 0 0 0 21 
0 0 0 0 0 21 
0 0 0 0 0 21 
0 0 0 0 0 21 
0 0 0 0 0 21 
0 39 0 0 54 0 
0 39 0 0 54 0 
0 39 0 0 54 0 
0 39 0 0 54 0 
0 39 0 0 54 0 
0 39 0 0 54 0 
0 39 0 0 54 0 
0 39 0 0 54 0 
0 39 0 0 54 0 
0 39 0 0 54 0 
0 0 18 0 0 0 
0 0 18 0 0 0 
0 0 18 0 0 0 
0 0 18 0 0 0 
0 0 18 0 0 0 
0 0 18 0 0 0 
0 0 18 0 0 0 
0 0 18 0 0 0 
0 0 18 0 0 0 
0 0 18 0 0 0 
0 0 0 0 0 40 
0 0 0 0 0 40 
0 0 0 0 0 40 
0 0 0 0 0 40 
0 0 0 0 0 40 
0 0 0 0 0 40 
0 0 0 0 0 40 
0 0 0 0 0 40 
0 0 0 0 0 40 
0 0 0 0 0 40 
0 0 0 0 30 0 
0 0 0 0 30 0 
0 0 0 0 30 0 
0 0 0 0 30 0 
0 0 0 0 30 0 
0 0 0 0 30 0 
0 0 0 0 30 0 
0 0 0 0 30 0 
0 0 0 0 30 0 
0 0 0 0 30 0 
0 0 20 0 0 0 
0 0 20 0 0 0 
0 0 20 0 0 0 
0 0 20 0 0 0 
0 0 20 0 0 0 
0 0 20 0 0 0 
0 0 20 0 0 0 
0 0 20 0 0 0 
0 0 20 0 0 0 
0 0 20 0 0 0 
18 0 0 46 0 0 
18 0 0 46 0 0 
18 0 0 46 0 0 
18 0 0 46 0 0 
18 0 0 46 0 0 
18 0 0 46 0 0 
18 0 0 46 0 0 
18 0 0 46 0 0 
18 0 0 46 0 0 
18 0 0 46 0 0 
0 0 0 30 0 0 
0 0 0 30 0 0 
0 0 0 30 0 0 
0 0 0 30 0 0 
0 0 0 30 0 0 
0 0 0 30 0 0 
0 0 0 30 0 0 
0 0 0 30 0 0 
0 0 0 30 0 0 
0 0 0 30 0 0 
0 41 0 0 0 0 
0 41 0 0 0 0 
0 41 0 0 0 0 
0 41 0 0 0 0 
0 41 0 0 0 0 
0 41 0 0 0 0 
0 41 0 0 0 0 
0 41 0 0 0 0 
0 41 0 0 0 0 
0 41 0 0 0 0 
0 0 37 60 0 0 
0 0 37 60 0 0 
0 0 37 60 0 0 
0 0 37 60 0 0 
0 0 37 60 0 0 
0 0 37 60 0 0 
0 0 37 60 0 0 
0 0 37 60 0 0 
0 0 37 60 0 0 
0 0 37 60 0 0 
26 0 0 0 46 0 
26 0 0 0 46 0 
26 0 0 0 46 0 
26 0 0 0 46 0 
26 0 0 0 46 0 
26 0 0 0 46 0 
26 0 0 0 46 0 
26 0 0 0 46 0 
26 0 0 0 46 0 
26 0 0 0 46 0 
0 0 0 0 0 37 
0 0 0 0 0 37 
0 0 0 0 0 37 
0 0 0 0 0 37 
0 0 0 0 0 37 
0 0 0 0 0 37 
0 0 0 0 0 37 
0 0 0 0 0 37 
0 0 0 0 0 37 
0 0 0 0 0 37 
0 0 45 0 37 0 
0 0 45 0 37 0 
0 0 45 0 37 0 
0 0 45 0 37 0 
0 0 45 0 37 0 
0 0 45 0 37 0 
0 0 45 0 37 0 
0 0 45 0 37 0 
0 0 45 0 37 0 
0 0 45 0 37 0 
29 0 0 0 0 15 
29 0 0 0 0 15 
29 0 0 0 0 15 
29 0 0 0 0 15 
29 0 0 0 0 15 
29 0 0 0 0 15 
29 0 0 0 0 15 
29 0 0 0 0 15 
29 0 0 0 0 15 
29 0 0 0 0 15 
0 0 0 0 0 40 
0 0 0 0 0 40 
0 0 0 0 0 40 
0 0 0 0 0 40 
0 0 0 0 0 40 
0 0 0 0 0 40 
0 0 0 0 0 40 
0 0 0 0 0 40 
0 0 0 0 0 40 
0 0 0 0 0 40 
0 0 0 0 0 42 
0 0 0 0 0 42 
0 0 0 0 0 42 
0 0 0 0 0 42 
0 0 0 0 0 42 
0 0 0 0 0 42 
0 0 0 0 0 42 
0 0 0 0 0 42 
0 0 0 0 0 42 
0 0 0 0 0 42 
0 0 56 21 0 0 
0 0 56 21 0 0 
0 0 56 21 0 0 
0 0 56 21 0 0 
0 0 56 21 0 0 
0 0 56 21 0 0 
0 0 56 21 0 0 
0 0 56 21 0 0 
0 0 56 21 0 0 
0 0 56 21 0 0 
0.0 0.0 0.0 0.0 0.0 0.0 
0.0 0.0 0.0 0.0 0.0 0.0 
0.0 0.0 0.0 0.0 0.0 0.0 
0.0 0.0 0.0 0.0 0.0 0.0 
0.0 0.0 0.0 0.0 0.0 0.0 
0.0 0.0 0.0 0.0 0.0 0.0 
0.0 0.0 0.0 0.0 0.0 0.0 
0.0 0.0 0.0 0.0 0.0 0.0 
0.0 0.0 0.0 0.0 0.0 0.0 
0.0 0.0 0.0 0.0 0.0 0.0 
mind
0 0 0 0 0 18 0 0 11 15 0 0 0 0 0 0 0 0 0 10 0 0 0 0 0 0 0 0 0 0 0 0 0 0 0 0 0 0 0 0 22 0 0 26 0 0 15 16 0 0 0 0
maxd
0 0 0 0 0 26 0 0 11 19 0 0 0 0 0 0 0 0 0 18 0 0 0 0 0 0 0 0 0 0 0 0 0 0 0 0 0 0 0 0 29 0 0 28 0 0 23 17 0 0 0 0
e
0 953 956 589 848 837 715 717 721 634 784 778 945 531 956 556 520 731 951 759 491 789 665 887 715 914 523 792 834 645 609 789 532 629 717 697 776 648 713 580 647 877 603 797 950 825 745 558 727 584 575 0
l
99999 1073 1076 709 968 957 835 837 841 754 904 898 1065 651 1076 676 640 851 1071 879 611 909 785 1007 835 1034 643 912 954 765 729 909 652 749 837 817 896 768 833 700 767 997 723 917 1070 945 865 678 847 704 695 99999
