nbNodes
52
nbVehi
10
nbServi
6
r
1 1 1 1 1 1 
0 1 0 0 0 0 
0 0 0 0 0 1 
0 0 0 0 0 1 
0 0 0 0 0 1 
0 0 1 0 0 0 
0 0 0 0 1 0 
0 1 0 0 0 0 
1 0 0 0 0 0 
0 0 0 0 0 1 
0 0 1 0 0 0 
1 0 0 0 0 1 
0 0 0 0 1 0 
0 0 0 0 0 1 
0 0 0 0 0 1 
0 1 0 0 1 0 
1 0 0 1 0 0 
1 0 0 0 0 1 
0 1 0 0 0 1 
0 0 1 1 0 0 
0 0 0 0 1 0 
0 0 0 0 0 1 
0 0 1 0 1 0 
0 0 0 0 0 1 
0 0 0 0 0 1 
1 0 0 0 0 0 
0 0 1 0 1 0 
1 0 0 1 0 0 
1 0 0 0 0 0 
0 0 0 0 1 0 
0 0 0 0 1 0 
0 1 0 0 0 0 
0 0 0 0 0 1 
0 0 0 0 0 1 
0 0 1 0 1 0 
0 0 0 0 0 1 
1 0 0 0 0 1 
0 0 0 1 0 0 
0 0 0 1 0 0 
0 0 0 0 0 1 
0 1 0 1 0 0 
0 0 0 1 0 0 
0 1 0 0 1 0 
0 0 0 0 1 0 
0 0 0 0 0 1 
1 0 0 1 0 0 
0 0 1 0 1 0 
0 0 0 1 0 0 
0 0 0 0 0 1 
0 0 0 0 0 1 
1 0 0 1 0 0 
1 1 1 1 1 1 
DS
12 16 17 18 19 20 23 27 28 35 37 41 43 46 47 51 
a
1 1 0 0 0 0 
0 0 1 0 0 0 
0 0 1 0 0 0 
1 0 1 0 0 0 
1 1 0 0 0 0 
0 0 0 1 0 1 
0 0 0 0 1 0 
0 0 0 0 1 0 
0 0 0 1 1 1 
0 0 0 0 1 1 
x
-30.1136 -30.0285 -30.1729 -30.0609 -30.1191 -30.0797 -30.091 -30.0933 -30.1618 -30.1136 -30.1564 -30.1073 -30.079 -30.0356 -30.2117 -30.125 -30.051 -30.056 -30.1551 -30.1167 -30.0635 -30.0696 -30.1633 -30.1144 -30.0768 -30.0304 -30.1568 -30.0903 -30.1798 -30.1878 -30.0921 -30.034 -30.0169 -30.152 -30.0292 -30.1586 -30.0351 -30.1783 -30.0907 -30.032 -30.1174 -30.026 -30.1205 -30.0297 -30.1094 -30.0911 -30.1076 -30.1786 -30.0315 -30.0798 -30.1884 -30.1136
y
-51.2023 -51.2232 -51.1796 -51.2234 -51.2544 -51.2304 -51.1776 -51.2266 -51.2205 -51.2023 -51.2187 -51.2541 -51.1906 -51.2254 -51.1907 -51.2309 -51.2233 -51.1503 -51.2132 -51.231 -51.1558 -51.2029 -51.2286 -51.2549 -51.1758 -51.2331 -51.218 -51.1807 -51.1886 -51.1853 -51.1781 -51.2238 -51.1939 -51.2239 -51.2276 -51.2249 -51.2401 -51.1734 -51.1807 -51.224 -51.2499 -51.1979 -51.2537 -51.2288 -51.2413 -51.1819 -51.247 -51.1748 -51.2341 -51.2396 -51.1894 -51.2023
d
0.00000 22.00000 17.00000 18.00000 13.00000 12.00000 12.00000 9.00000 13.00000 0.00000 12.00000 11.00000 16.00000 20.00000 26.00000 7.00000 20.00000 24.00000 12.00000 8.00000 20.00000 14.00000 16.00000 12.00000 20.00000 23.00000 12.00000 11.00000 21.00000 22.00000 12.00000 22.00000 24.00000 12.00000 24.00000 13.00000 22.00000 19.00000 11.00000 22.00000 12.00000 22.00000 12.00000 24.00000 10.00000 10.00000 10.00000 18.00000 22.00000 13.00000 20.00000 0.00000
22.00000 0.00000 32.00000 9.00000 19.00000 13.00000 16.00000 16.00000 27.00000 22.00000 27.00000 16.00000 14.00000 3.00000 41.00000 21.00000 7.00000 18.00000 27.00000 20.00000 15.00000 10.00000 31.00000 18.00000 17.00000 4.00000 27.00000 15.00000 36.00000 36.00000 17.00000 3.00000 7.00000 26.00000 5.00000 28.00000 5.00000 34.00000 15.00000 4.00000 19.00000 6.00000 19.00000 5.00000 19.00000 15.00000 18.00000 34.00000 5.00000 13.00000 35.00000 22.00000
16.00000 33.00000 0.00000 29.00000 18.00000 24.00000 22.00000 20.00000 12.00000 16.00000 12.00000 19.00000 27.00000 32.00000 10.00000 14.00000 30.00000 35.00000 11.00000 17.00000 31.00000 25.00000 15.00000 19.00000 31.00000 34.00000 12.00000 21.00000 5.00000 5.00000 22.00000 33.00000 35.00000 12.00000 35.00000 13.00000 32.00000 3.00000 21.00000 33.00000 19.00000 33.00000 17.00000 34.00000 18.00000 20.00000 19.00000 3.00000 33.00000 23.00000 7.00000 16.00000
18.00000 10.00000 28.00000 0.00000 15.00000 7.00000 13.00000 11.00000 23.00000 18.00000 23.00000 12.00000 10.00000 8.00000 37.00000 17.00000 4.00000 17.00000 22.00000 15.00000 13.00000 6.00000 27.00000 13.00000 15.00000 10.00000 22.00000 12.00000 32.00000 32.00000 13.00000 9.00000 11.00000 22.00000 11.00000 23.00000 9.00000 30.00000 12.00000 9.00000 15.00000 10.00000 15.00000 11.00000 15.00000 11.00000 13.00000 30.00000 9.00000 8.00000 30.00000 18.00000
14.00000 21.00000 19.00000 16.00000 0.00000 14.00000 20.00000 11.00000 14.00000 14.00000 14.00000 4.00000 18.00000 18.00000 28.00000 9.00000 16.00000 26.00000 14.00000 9.00000 23.00000 16.00000 18.00000 4.00000 22.00000 20.00000 13.00000 19.00000 23.00000 23.00000 21.00000 19.00000 25.00000 13.00000 21.00000 14.00000 18.00000 21.00000 19.00000 19.00000 4.00000 23.00000 3.00000 21.00000 6.00000 19.00000 5.00000 21.00000 19.00000 10.00000 21.00000 14.00000
14.00000 15.00000 24.00000 7.00000 12.00000 0.00000 14.00000 7.00000 19.00000 14.00000 18.00000 9.00000 12.00000 11.00000 33.00000 12.00000 9.00000 20.00000 18.00000 11.00000 17.00000 9.00000 22.00000 10.00000 16.00000 14.00000 18.00000 13.00000 28.00000 28.00000 14.00000 13.00000 16.00000 18.00000 15.00000 19.00000 13.00000 26.00000 13.00000 13.00000 12.00000 14.00000 12.00000 15.00000 11.00000 13.00000 10.00000 25.00000 13.00000 5.00000 26.00000 14.00000
12.00000 17.00000 22.00000 14.00000 19.00000 14.00000 0.00000 13.00000 23.00000 12.00000 23.00000 18.00000 8.00000 15.00000 31.00000 18.00000 15.00000 19.00000 23.00000 17.00000 16.00000 8.00000 27.00000 18.00000 14.00000 18.00000 23.00000 2.00000 26.00000 27.00000 1.00000 16.00000 18.00000 22.00000 20.00000 24.00000 18.00000 24.00000 2.00000 17.00000 19.00000 17.00000 20.00000 19.00000 17.00000 3.00000 16.00000 23.00000 18.00000 16.00000 28.00000 12.00000
11.00000 19.00000 21.00000 13.00000 10.00000 8.00000 15.00000 0.00000 16.00000 11.00000 16.00000 8.00000 13.00000 16.00000 30.00000 10.00000 14.00000 21.00000 16.00000 9.00000 17.00000 11.00000 20.00000 9.00000 16.00000 17.00000 16.00000 13.00000 25.00000 25.00000 15.00000 17.00000 21.00000 15.00000 18.00000 17.00000 15.00000 23.00000 14.00000 17.00000 11.00000 19.00000 11.00000 18.00000 8.00000 13.00000 8.00000 23.00000 16.00000 7.00000 24.00000 11.00000
13.00000 29.00000 12.00000 24.00000 13.00000 19.00000 23.00000 15.00000 0.00000 13.00000 2.00000 14.00000 22.00000 27.00000 15.00000 9.00000 25.00000 30.00000 4.00000 12.00000 27.00000 20.00000 4.00000 14.00000 26.00000 29.00000 2.00000 23.00000 10.00000 10.00000 23.00000 28.00000 30.00000 4.00000 30.00000 3.00000 27.00000 12.00000 23.00000 28.00000 14.00000 28.00000 12.00000 30.00000 14.00000 22.00000 15.00000 11.00000 28.00000 18.00000 8.00000 13.00000
0.00000 22.00000 17.00000 18.00000 13.00000 12.00000 12.00000 9.00000 13.00000 0.00000 12.00000 11.00000 16.00000 20.00000 26.00000 7.00000 20.00000 24.00000 12.00000 8.00000 20.00000 14.00000 16.00000 12.00000 20.00000 23.00000 12.00000 11.00000 21.00000 22.00000 12.00000 22.00000 24.00000 12.00000 24.00000 13.00000 22.00000 19.00000 11.00000 22.00000 12.00000 22.00000 12.00000 24.00000 10.00000 10.00000 10.00000 18.00000 22.00000 13.00000 20.00000 0.00000
12.00000 28.00000 11.00000 24.00000 13.00000 18.00000 23.00000 15.00000 2.00000 12.00000 0.00000 14.00000 22.00000 26.00000 17.00000 9.00000 25.00000 30.00000 2.00000 11.00000 26.00000 20.00000 6.00000 14.00000 26.00000 28.00000 1.00000 23.00000 12.00000 11.00000 23.00000 28.00000 30.00000 3.00000 30.00000 3.00000 27.00000 13.00000 23.00000 28.00000 14.00000 28.00000 12.00000 29.00000 13.00000 22.00000 14.00000 13.00000 27.00000 18.00000 10.00000 12.00000
12.00000 18.00000 19.00000 12.00000 3.00000 10.00000 17.00000 8.00000 14.00000 12.00000 14.00000 0.00000 15.00000 15.00000 28.00000 9.00000 13.00000 24.00000 14.00000 8.00000 20.00000 13.00000 18.00000 2.00000 19.00000 16.00000 14.00000 16.00000 24.00000 23.00000 18.00000 16.00000 21.00000 13.00000 17.00000 15.00000 14.00000 22.00000 16.00000 16.00000 4.00000 19.00000 3.00000 17.00000 4.00000 16.00000 2.00000 21.00000 15.00000 7.00000 22.00000 12.00000
17.00000 15.00000 27.00000 11.00000 18.00000 12.00000 8.00000 12.00000 23.00000 17.00000 23.00000 16.00000 0.00000 13.00000 36.00000 17.00000 13.00000 15.00000 22.00000 15.00000 11.00000 6.00000 27.00000 16.00000 10.00000 16.00000 22.00000 7.00000 31.00000 32.00000 9.00000 14.00000 16.00000 22.00000 17.00000 23.00000 16.00000 29.00000 7.00000 15.00000 18.00000 14.00000 18.00000 17.00000 15.00000 7.00000 14.00000 28.00000 16.00000 14.00000 30.00000 17.00000
21.00000 4.00000 31.00000 8.00000 17.00000 12.00000 15.00000 15.00000 26.00000 21.00000 26.00000 15.00000 13.00000 0.00000 40.00000 20.00000 6.00000 18.00000 26.00000 19.00000 15.00000 9.00000 30.00000 16.00000 16.00000 4.00000 26.00000 14.00000 35.00000 35.00000 16.00000 2.00000 9.00000 25.00000 6.00000 27.00000 4.00000 33.00000 14.00000 3.00000 18.00000 7.00000 18.00000 5.00000 17.00000 14.00000 16.00000 33.00000 4.00000 11.00000 34.00000 21.00000
25.00000 42.00000 10.00000 38.00000 27.00000 32.00000 30.00000 29.00000 15.00000 25.00000 17.00000 28.00000 36.00000 40.00000 0.00000 23.00000 39.00000 44.00000 18.00000 25.00000 40.00000 34.00000 19.00000 28.00000 40.00000 42.00000 17.00000 30.00000 11.00000 11.00000 30.00000 42.00000 44.00000 18.00000 44.00000 17.00000 41.00000 9.00000 30.00000 42.00000 28.00000 42.00000 26.00000 43.00000 27.00000 29.00000 28.00000 8.00000 41.00000 32.00000 9.00000 25.00000
7.00000 22.00000 14.00000 18.00000 7.00000 13.00000 18.00000 9.00000 9.00000 7.00000 9.00000 8.00000 16.00000 21.00000 23.00000 0.00000 19.00000 24.00000 9.00000 6.00000 20.00000 14.00000 13.00000 8.00000 20.00000 23.00000 9.00000 17.00000 18.00000 18.00000 18.00000 22.00000 24.00000 8.00000 24.00000 10.00000 21.00000 16.00000 17.00000 22.00000 8.00000 22.00000 6.00000 23.00000 8.00000 16.00000 8.00000 16.00000 22.00000 12.00000 17.00000 7.00000
19.00000 8.00000 29.00000 4.00000 15.00000 9.00000 14.00000 13.00000 24.00000 19.00000 24.00000 13.00000 11.00000 5.00000 38.00000 18.00000 0.00000 17.00000 24.00000 17.00000 13.00000 7.00000 28.00000 14.00000 14.00000 8.00000 24.00000 12.00000 34.00000 33.00000 14.00000 7.00000 10.00000 23.00000 9.00000 25.00000 6.00000 32.00000 12.00000 7.00000 16.00000 8.00000 16.00000 9.00000 16.00000 12.00000 14.00000 31.00000 7.00000 9.00000 32.00000 19.00000
24.00000 16.00000 34.00000 16.00000 24.00000 18.00000 19.00000 18.00000 29.00000 24.00000 29.00000 22.00000 15.00000 15.00000 43.00000 23.00000 15.00000 0.00000 29.00000 22.00000 4.00000 13.00000 33.00000 22.00000 14.00000 18.00000 28.00000 17.00000 38.00000 38.00000 19.00000 16.00000 15.00000 28.00000 19.00000 29.00000 18.00000 36.00000 17.00000 17.00000 24.00000 15.00000 24.00000 18.00000 21.00000 17.00000 20.00000 36.00000 19.00000 20.00000 36.00000 24.00000
12.00000 28.00000 10.00000 24.00000 13.00000 18.00000 23.00000 15.00000 4.00000 12.00000 2.00000 14.00000 22.00000 26.00000 18.00000 9.00000 25.00000 30.00000 0.00000 11.00000 26.00000 20.00000 7.00000 14.00000 26.00000 28.00000 2.00000 23.00000 13.00000 13.00000 23.00000 28.00000 30.00000 4.00000 30.00000 4.00000 27.00000 12.00000 23.00000 28.00000 14.00000 28.00000 12.00000 29.00000 13.00000 22.00000 14.00000 12.00000 27.00000 18.00000 11.00000 12.00000
8.00000 22.00000 16.00000 17.00000 8.00000 12.00000 17.00000 8.00000 11.00000 8.00000 10.00000 8.00000 15.00000 20.00000 25.00000 5.00000 18.00000 24.00000 10.00000 0.00000 20.00000 13.00000 15.00000 8.00000 19.00000 22.00000 10.00000 16.00000 20.00000 20.00000 18.00000 21.00000 23.00000 10.00000 23.00000 11.00000 20.00000 18.00000 16.00000 21.00000 7.00000 22.00000 8.00000 23.00000 5.00000 16.00000 7.00000 17.00000 21.00000 11.00000 18.00000 8.00000
21.00000 15.00000 31.00000 13.00000 21.00000 16.00000 16.00000 15.00000 26.00000 21.00000 26.00000 19.00000 13.00000 13.00000 40.00000 20.00000 13.00000 6.00000 26.00000 19.00000 0.00000 10.00000 30.00000 20.00000 11.00000 16.00000 26.00000 15.00000 36.00000 35.00000 16.00000 14.00000 14.00000 25.00000 17.00000 27.00000 16.00000 34.00000 15.00000 15.00000 21.00000 14.00000 21.00000 17.00000 18.00000 15.00000 18.00000 33.00000 16.00000 18.00000 34.00000 21.00000
15.00000 11.00000 25.00000 7.00000 15.00000 9.00000 9.00000 8.00000 20.00000 15.00000 19.00000 13.00000 6.00000 9.00000 34.00000 14.00000 8.00000 14.00000 19.00000 12.00000 10.00000 0.00000 23.00000 13.00000 10.00000 12.00000 19.00000 8.00000 29.00000 29.00000 10.00000 10.00000 12.00000 19.00000 13.00000 20.00000 11.00000 27.00000 8.00000 11.00000 14.00000 10.00000 15.00000 13.00000 12.00000 8.00000 11.00000 26.00000 12.00000 11.00000 27.00000 15.00000
17.00000 33.00000 15.00000 28.00000 17.00000 23.00000 28.00000 19.00000 5.00000 17.00000 7.00000 18.00000 26.00000 31.00000 18.00000 14.00000 30.00000 35.00000 8.00000 16.00000 31.00000 24.00000 0.00000 18.00000 30.00000 33.00000 6.00000 27.00000 13.00000 13.00000 27.00000 32.00000 34.00000 6.00000 34.00000 5.00000 31.00000 15.00000 27.00000 33.00000 18.00000 33.00000 16.00000 34.00000 18.00000 26.00000 19.00000 14.00000 32.00000 22.00000 11.00000 17.00000
13.00000 21.00000 18.00000 15.00000 2.00000 13.00000 19.00000 10.00000 13.00000 13.00000 13.00000 4.00000 17.00000 17.00000 27.00000 8.00000 16.00000 26.00000 13.00000 9.00000 22.00000 15.00000 17.00000 0.00000 21.00000 19.00000 12.00000 18.00000 22.00000 22.00000 20.00000 19.00000 24.00000 12.00000 20.00000 13.00000 17.00000 20.00000 18.00000 19.00000 3.00000 22.00000 2.00000 20.00000 6.00000 18.00000 4.00000 20.00000 18.00000 9.00000 21.00000 13.00000
21.00000 17.00000 31.00000 15.00000 21.00000 16.00000 14.00000 15.00000 26.00000 21.00000 26.00000 19.00000 10.00000 15.00000 40.00000 20.00000 15.00000 15.00000 26.00000 19.00000 11.00000 10.00000 30.00000 20.00000 0.00000 18.00000 25.00000 13.00000 35.00000 35.00000 15.00000 17.00000 19.00000 25.00000 20.00000 26.00000 18.00000 33.00000 13.00000 17.00000 21.00000 17.00000 21.00000 19.00000 18.00000 13.00000 17.00000 33.00000 19.00000 18.00000 33.00000 21.00000
23.00000 5.00000 33.00000 9.00000 17.00000 13.00000 18.00000 17.00000 28.00000 23.00000 28.00000 15.00000 16.00000 5.00000 42.00000 22.00000 7.00000 21.00000 28.00000 21.00000 17.00000 12.00000 32.00000 16.00000 19.00000 0.00000 28.00000 17.00000 37.00000 37.00000 18.00000 5.00000 9.00000 27.00000 3.00000 29.00000 3.00000 35.00000 17.00000 4.00000 18.00000 9.00000 18.00000 3.00000 17.00000 17.00000 16.00000 35.00000 2.00000 12.00000 36.00000 23.00000
12.00000 28.00000 11.00000 23.00000 13.00000 18.00000 23.00000 14.00000 2.00000 12.00000 1.00000 14.00000 21.00000 26.00000 16.00000 9.00000 25.00000 30.00000 2.00000 11.00000 26.00000 19.00000 6.00000 14.00000 25.00000 28.00000 0.00000 22.00000 11.00000 11.00000 23.00000 27.00000 29.00000 3.00000 29.00000 3.00000 26.00000 13.00000 22.00000 28.00000 13.00000 28.00000 12.00000 29.00000 13.00000 21.00000 14.00000 12.00000 27.00000 18.00000 10.00000 12.00000
11.00000 16.00000 21.00000 13.00000 18.00000 13.00000 2.00000 12.00000 23.00000 11.00000 23.00000 16.00000 7.00000 14.00000 30.00000 17.00000 14.00000 18.00000 23.00000 16.00000 14.00000 7.00000 27.00000 17.00000 13.00000 17.00000 22.00000 0.00000 25.00000 26.00000 2.00000 15.00000 17.00000 22.00000 18.00000 23.00000 17.00000 23.00000 1.00000 16.00000 18.00000 16.00000 19.00000 18.00000 16.00000 1.00000 15.00000 23.00000 17.00000 15.00000 27.00000 11.00000
21.00000 38.00000 5.00000 33.00000 22.00000 28.00000 26.00000 24.00000 10.00000 21.00000 11.00000 23.00000 31.00000 36.00000 11.00000 18.00000 34.00000 39.00000 13.00000 21.00000 36.00000 29.00000 13.00000 23.00000 35.00000 38.00000 11.00000 25.00000 0.00000 3.00000 26.00000 37.00000 39.00000 13.00000 39.00000 12.00000 36.00000 4.00000 25.00000 37.00000 23.00000 37.00000 21.00000 39.00000 23.00000 24.00000 24.00000 4.00000 37.00000 27.00000 4.00000 21.00000
21.00000 38.00000 5.00000 33.00000 23.00000 28.00000 27.00000 24.00000 10.00000 21.00000 11.00000 24.00000 31.00000 36.00000 11.00000 19.00000 35.00000 40.00000 13.00000 21.00000 36.00000 29.00000 13.00000 23.00000 35.00000 38.00000 11.00000 26.00000 3.00000 0.00000 26.00000 37.00000 39.00000 13.00000 39.00000 12.00000 36.00000 5.00000 26.00000 38.00000 23.00000 37.00000 22.00000 39.00000 23.00000 25.00000 24.00000 4.00000 37.00000 27.00000 3.00000 21.00000
11.00000 17.00000 21.00000 14.00000 20.00000 15.00000 1.00000 14.00000 23.00000 11.00000 23.00000 18.00000 9.00000 16.00000 30.00000 17.00000 15.00000 20.00000 23.00000 18.00000 16.00000 9.00000 27.00000 18.00000 15.00000 19.00000 22.00000 2.00000 26.00000 26.00000 0.00000 17.00000 19.00000 22.00000 20.00000 23.00000 18.00000 24.00000 2.00000 17.00000 20.00000 17.00000 20.00000 20.00000 17.00000 3.00000 16.00000 23.00000 19.00000 16.00000 28.00000 11.00000
21.00000 3.00000 31.00000 8.00000 17.00000 12.00000 15.00000 14.00000 25.00000 21.00000 25.00000 15.00000 12.00000 2.00000 40.00000 19.00000 6.00000 18.00000 25.00000 18.00000 14.00000 8.00000 29.00000 16.00000 15.00000 5.00000 25.00000 14.00000 35.00000 35.00000 15.00000 0.00000 8.00000 25.00000 6.00000 26.00000 4.00000 33.00000 14.00000 3.00000 18.00000 6.00000 18.00000 6.00000 18.00000 13.00000 16.00000 32.00000 4.00000 11.00000 33.00000 21.00000
25.00000 7.00000 35.00000 11.00000 23.00000 16.00000 19.00000 18.00000 30.00000 25.00000 29.00000 20.00000 17.00000 7.00000 44.00000 23.00000 10.00000 15.00000 29.00000 22.00000 14.00000 13.00000 33.00000 22.00000 18.00000 10.00000 29.00000 18.00000 39.00000 39.00000 19.00000 7.00000 0.00000 29.00000 9.00000 30.00000 10.00000 37.00000 18.00000 9.00000 23.00000 3.00000 23.00000 9.00000 22.00000 17.00000 21.00000 36.00000 10.00000 17.00000 37.00000 25.00000
12.00000 28.00000 12.00000 23.00000 12.00000 18.00000 23.00000 14.00000 4.00000 12.00000 4.00000 13.00000 21.00000 26.00000 18.00000 9.00000 25.00000 30.00000 4.00000 11.00000 26.00000 19.00000 6.00000 13.00000 25.00000 28.00000 3.00000 22.00000 13.00000 13.00000 22.00000 27.00000 29.00000 0.00000 29.00000 3.00000 26.00000 14.00000 22.00000 28.00000 13.00000 28.00000 11.00000 29.00000 13.00000 21.00000 13.00000 14.00000 27.00000 17.00000 11.00000 12.00000
23.00000 4.00000 34.00000 11.00000 19.00000 15.00000 18.00000 17.00000 28.00000 23.00000 28.00000 17.00000 15.00000 5.00000 42.00000 22.00000 9.00000 20.00000 28.00000 21.00000 17.00000 11.00000 32.00000 18.00000 18.00000 5.00000 28.00000 16.00000 38.00000 38.00000 18.00000 4.00000 8.00000 28.00000 0.00000 29.00000 5.00000 36.00000 17.00000 5.00000 20.00000 8.00000 20.00000 3.00000 20.00000 16.00000 18.00000 35.00000 4.00000 14.00000 36.00000 23.00000
13.00000 29.00000 13.00000 24.00000 14.00000 19.00000 24.00000 15.00000 3.00000 13.00000 3.00000 15.00000 23.00000 27.00000 17.00000 10.00000 26.00000 31.00000 4.00000 12.00000 27.00000 20.00000 5.00000 15.00000 26.00000 29.00000 3.00000 23.00000 12.00000 12.00000 24.00000 29.00000 31.00000 3.00000 30.00000 0.00000 27.00000 14.00000 23.00000 29.00000 14.00000 29.00000 13.00000 30.00000 14.00000 22.00000 15.00000 13.00000 28.00000 19.00000 10.00000 13.00000
22.00000 6.00000 33.00000 9.00000 17.00000 12.00000 18.00000 17.00000 28.00000 22.00000 27.00000 14.00000 15.00000 4.00000 42.00000 21.00000 7.00000 21.00000 27.00000 20.00000 17.00000 11.00000 31.00000 15.00000 18.00000 3.00000 27.00000 16.00000 37.00000 37.00000 18.00000 5.00000 11.00000 27.00000 4.00000 28.00000 0.00000 35.00000 16.00000 4.00000 17.00000 9.00000 17.00000 4.00000 17.00000 16.00000 16.00000 34.00000 2.00000 11.00000 35.00000 22.00000
18.00000 35.00000 3.00000 31.00000 20.00000 26.00000 24.00000 22.00000 12.00000 18.00000 13.00000 21.00000 29.00000 34.00000 9.00000 16.00000 32.00000 37.00000 13.00000 19.00000 33.00000 27.00000 15.00000 21.00000 33.00000 36.00000 13.00000 23.00000 4.00000 5.00000 24.00000 35.00000 37.00000 14.00000 37.00000 14.00000 34.00000 0.00000 23.00000 35.00000 21.00000 35.00000 19.00000 36.00000 21.00000 22.00000 21.00000 1.00000 35.00000 25.00000 7.00000 18.00000
11.00000 16.00000 21.00000 13.00000 18.00000 13.00000 2.00000 12.00000 23.00000 11.00000 23.00000 16.00000 7.00000 14.00000 30.00000 17.00000 14.00000 18.00000 23.00000 16.00000 14.00000 7.00000 27.00000 17.00000 13.00000 17.00000 22.00000 1.00000 25.00000 26.00000 2.00000 15.00000 17.00000 22.00000 18.00000 23.00000 17.00000 23.00000 0.00000 16.00000 18.00000 16.00000 19.00000 18.00000 16.00000 1.00000 15.00000 23.00000 17.00000 15.00000 27.00000 11.00000
20.00000 4.00000 30.00000 7.00000 17.00000 12.00000 14.00000 14.00000 25.00000 20.00000 25.00000 15.00000 12.00000 2.00000 39.00000 19.00000 6.00000 18.00000 25.00000 18.00000 14.00000 8.00000 29.00000 16.00000 15.00000 5.00000 25.00000 13.00000 34.00000 34.00000 15.00000 1.00000 9.00000 24.00000 6.00000 26.00000 4.00000 32.00000 13.00000 0.00000 18.00000 7.00000 18.00000 6.00000 17.00000 13.00000 16.00000 32.00000 5.00000 11.00000 33.00000 20.00000
12.00000 20.00000 19.00000 15.00000 2.00000 13.00000 19.00000 10.00000 14.00000 12.00000 13.00000 3.00000 17.00000 17.00000 28.00000 8.00000 16.00000 25.00000 13.00000 7.00000 22.00000 15.00000 18.00000 3.00000 21.00000 19.00000 13.00000 18.00000 23.00000 23.00000 19.00000 18.00000 24.00000 12.00000 20.00000 14.00000 17.00000 21.00000 18.00000 18.00000 0.00000 22.00000 3.00000 20.00000 4.00000 18.00000 4.00000 20.00000 18.00000 9.00000 21.00000 12.00000
23.00000 7.00000 33.00000 10.00000 21.00000 14.00000 17.00000 16.00000 28.00000 23.00000 27.00000 19.00000 15.00000 6.00000 42.00000 22.00000 8.00000 15.00000 27.00000 20.00000 14.00000 11.00000 32.00000 20.00000 16.00000 9.00000 27.00000 16.00000 37.00000 37.00000 17.00000 6.00000 4.00000 27.00000 9.00000 28.00000 9.00000 35.00000 16.00000 8.00000 22.00000 0.00000 21.00000 9.00000 20.00000 16.00000 19.00000 34.00000 10.00000 15.00000 35.00000 23.00000
12.00000 20.00000 17.00000 15.00000 2.00000 13.00000 19.00000 10.00000 12.00000 12.00000 12.00000 3.00000 17.00000 17.00000 26.00000 7.00000 16.00000 25.00000 12.00000 8.00000 22.00000 15.00000 16.00000 3.00000 21.00000 19.00000 12.00000 18.00000 21.00000 21.00000 20.00000 18.00000 24.00000 11.00000 20.00000 13.00000 17.00000 19.00000 18.00000 18.00000 3.00000 22.00000 0.00000 20.00000 5.00000 18.00000 4.00000 19.00000 18.00000 9.00000 20.00000 12.00000
24.00000 4.00000 34.00000 11.00000 20.00000 15.00000 18.00000 17.00000 29.00000 24.00000 28.00000 17.00000 16.00000 5.00000 43.00000 22.00000 9.00000 20.00000 28.00000 21.00000 17.00000 12.00000 32.00000 18.00000 19.00000 5.00000 28.00000 17.00000 38.00000 38.00000 18.00000 5.00000 8.00000 28.00000 1.00000 29.00000 5.00000 36.00000 17.00000 5.00000 20.00000 8.00000 20.00000 0.00000 20.00000 16.00000 18.00000 35.00000 4.00000 14.00000 36.00000 24.00000
10.00000 20.00000 19.00000 15.00000 5.00000 11.00000 16.00000 7.00000 14.00000 10.00000 13.00000 4.00000 14.00000 17.00000 28.00000 8.00000 15.00000 23.00000 13.00000 5.00000 19.00000 12.00000 18.00000 4.00000 18.00000 18.00000 13.00000 15.00000 23.00000 23.00000 17.00000 18.00000 22.00000 13.00000 20.00000 14.00000 17.00000 21.00000 15.00000 18.00000 4.00000 20.00000 5.00000 19.00000 0.00000 15.00000 2.00000 20.00000 17.00000 8.00000 21.00000 10.00000
10.00000 16.00000 20.00000 12.00000 18.00000 13.00000 3.00000 12.00000 22.00000 10.00000 22.00000 16.00000 7.00000 14.00000 29.00000 16.00000 13.00000 18.00000 22.00000 16.00000 14.00000 7.00000 26.00000 17.00000 13.00000 17.00000 21.00000 1.00000 24.00000 25.00000 3.00000 15.00000 17.00000 21.00000 18.00000 22.00000 16.00000 22.00000 1.00000 16.00000 18.00000 15.00000 18.00000 18.00000 15.00000 0.00000 15.00000 22.00000 17.00000 15.00000 27.00000 10.00000
10.00000 18.00000 19.00000 13.00000 4.00000 10.00000 16.00000 7.00000 14.00000 10.00000 14.00000 2.00000 14.00000 15.00000 28.00000 8.00000 14.00000 22.00000 14.00000 6.00000 18.00000 12.00000 18.00000 3.00000 18.00000 17.00000 13.00000 15.00000 23.00000 23.00000 16.00000 17.00000 22.00000 13.00000 18.00000 14.00000 15.00000 21.00000 15.00000 16.00000 4.00000 20.00000 4.00000 18.00000 2.00000 14.00000 0.00000 21.00000 16.00000 7.00000 21.00000 10.00000
18.00000 35.00000 2.00000 30.00000 20.00000 25.00000 23.00000 21.00000 11.00000 18.00000 13.00000 21.00000 28.00000 33.00000 9.00000 16.00000 32.00000 36.00000 13.00000 18.00000 33.00000 26.00000 14.00000 20.00000 32.00000 35.00000 12.00000 23.00000 4.00000 5.00000 23.00000 34.00000 36.00000 13.00000 36.00000 13.00000 33.00000 1.00000 23.00000 35.00000 20.00000 35.00000 19.00000 36.00000 20.00000 22.00000 21.00000 0.00000 34.00000 25.00000 6.00000 18.00000
23.00000 5.00000 34.00000 10.00000 18.00000 13.00000 18.00000 18.00000 29.00000 23.00000 28.00000 15.00000 16.00000 5.00000 43.00000 22.00000 7.00000 21.00000 28.00000 21.00000 18.00000 12.00000 32.00000 16.00000 19.00000 2.00000 28.00000 17.00000 38.00000 38.00000 19.00000 5.00000 9.00000 28.00000 3.00000 29.00000 3.00000 36.00000 17.00000 5.00000 18.00000 9.00000 18.00000 3.00000 18.00000 17.00000 16.00000 35.00000 0.00000 12.00000 36.00000 23.00000
14.00000 13.00000 24.00000 8.00000 10.00000 6.00000 16.00000 8.00000 19.00000 14.00000 19.00000 7.00000 14.00000 10.00000 33.00000 13.00000 9.00000 23.00000 19.00000 12.00000 19.00000 11.00000 23.00000 8.00000 18.00000 12.00000 18.00000 15.00000 28.00000 28.00000 17.00000 12.00000 17.00000 18.00000 13.00000 19.00000 10.00000 26.00000 15.00000 11.00000 10.00000 15.00000 10.00000 13.00000 9.00000 15.00000 8.00000 26.00000 11.00000 0.00000 27.00000 14.00000
20.00000 36.00000 7.00000 32.00000 21.00000 26.00000 28.00000 23.00000 8.00000 20.00000 10.00000 22.00000 30.00000 34.00000 9.00000 17.00000 33.00000 38.00000 11.00000 19.00000 34.00000 28.00000 11.00000 22.00000 34.00000 36.00000 10.00000 27.00000 5.00000 2.00000 28.00000 36.00000 38.00000 11.00000 37.00000 10.00000 34.00000 7.00000 27.00000 36.00000 22.00000 36.00000 20.00000 37.00000 21.00000 27.00000 22.00000 6.00000 35.00000 26.00000 0.00000 20.00000
0.00000 22.00000 17.00000 18.00000 13.00000 12.00000 12.00000 9.00000 13.00000 0.00000 12.00000 11.00000 16.00000 20.00000 26.00000 7.00000 20.00000 24.00000 12.00000 8.00000 20.00000 14.00000 16.00000 12.00000 20.00000 23.00000 12.00000 11.00000 21.00000 22.00000 12.00000 22.00000 24.00000 12.00000 24.00000 13.00000 22.00000 19.00000 11.00000 22.00000 12.00000 22.00000 12.00000 24.00000 10.00000 10.00000 10.00000 18.00000 22.00000 13.00000 20.00000 0.00000
p
0.0 0.0 0.0 0.0 0.0 0.0 
0.0 0.0 0.0 0.0 0.0 0.0 
0.0 0.0 0.0 0.0 0.0 0.0 
0.0 0.0 0.0 0.0 0.0 0.0 
0.0 0.0 0.0 0.0 0.0 0.0 
0.0 0.0 0.0 0.0 0.0 0.0 
0.0 0.0 0.0 0.0 0.0 0.0 
0.0 0.0 0.0 0.0 0.0 0.0 
0.0 0.0 0.0 0.0 0.0 0.0 
0.0 0.0 0.0 0.0 0.0 0.0 
0 27 0 0 0 0 
0 27 0 0 0 0 
0 27 0 0 0 0 
0 27 0 0 0 0 
0 27 0 0 0 0 
0 27 0 0 0 0 
0 27 0 0 0 0 
0 27 0 0 0 0 
0 27 0 0 0 0 
0 27 0 0 0 0 
0 0 0 0 0 22 
0 0 0 0 0 22 
0 0 0 0 0 22 
0 0 0 0 0 22 
0 0 0 0 0 22 
0 0 0 0 0 22 
0 0 0 0 0 22 
0 0 0 0 0 22 
0 0 0 0 0 22 
0 0 0 0 0 22 
0 0 0 0 0 55 
0 0 0 0 0 55 
0 0 0 0 0 55 
0 0 0 0 0 55 
0 0 0 0 0 55 
0 0 0 0 0 55 
0 0 0 0 0 55 
0 0 0 0 0 55 
0 0 0 0 0 55 
0 0 0 0 0 55 
0 0 0 0 0 30 
0 0 0 0 0 30 
0 0 0 0 0 30 
0 0 0 0 0 30 
0 0 0 0 0 30 
0 0 0 0 0 30 
0 0 0 0 0 30 
0 0 0 0 0 30 
0 0 0 0 0 30 
0 0 0 0 0 30 
0 0 26 0 0 0 
0 0 26 0 0 0 
0 0 26 0 0 0 
0 0 26 0 0 0 
0 0 26 0 0 0 
0 0 26 0 0 0 
0 0 26 0 0 0 
0 0 26 0 0 0 
0 0 26 0 0 0 
0 0 26 0 0 0 
0 0 0 0 22 0 
0 0 0 0 22 0 
0 0 0 0 22 0 
0 0 0 0 22 0 
0 0 0 0 22 0 
0 0 0 0 22 0 
0 0 0 0 22 0 
0 0 0 0 22 0 
0 0 0 0 22 0 
0 0 0 0 22 0 
0 23 0 0 0 0 
0 23 0 0 0 0 
0 23 0 0 0 0 
0 23 0 0 0 0 
0 23 0 0 0 0 
0 23 0 0 0 0 
0 23 0 0 0 0 
0 23 0 0 0 0 
0 23 0 0 0 0 
0 23 0 0 0 0 
43 0 0 0 0 0 
43 0 0 0 0 0 
43 0 0 0 0 0 
43 0 0 0 0 0 
43 0 0 0 0 0 
43 0 0 0 0 0 
43 0 0 0 0 0 
43 0 0 0 0 0 
43 0 0 0 0 0 
43 0 0 0 0 0 
0 0 0 0 0 26 
0 0 0 0 0 26 
0 0 0 0 0 26 
0 0 0 0 0 26 
0 0 0 0 0 26 
0 0 0 0 0 26 
0 0 0 0 0 26 
0 0 0 0 0 26 
0 0 0 0 0 26 
0 0 0 0 0 26 
0 0 55 0 0 0 
0 0 55 0 0 0 
0 0 55 0 0 0 
0 0 55 0 0 0 
0 0 55 0 0 0 
0 0 55 0 0 0 
0 0 55 0 0 0 
0 0 55 0 0 0 
0 0 55 0 0 0 
0 0 55 0 0 0 
17 0 0 0 0 28 
17 0 0 0 0 28 
17 0 0 0 0 28 
17 0 0 0 0 28 
17 0 0 0 0 28 
17 0 0 0 0 28 
17 0 0 0 0 28 
17 0 0 0 0 28 
17 0 0 0 0 28 
17 0 0 0 0 28 
0 0 0 0 52 0 
0 0 0 0 52 0 
0 0 0 0 52 0 
0 0 0 0 52 0 
0 0 0 0 52 0 
0 0 0 0 52 0 
0 0 0 0 52 0 
0 0 0 0 52 0 
0 0 0 0 52 0 
0 0 0 0 52 0 
0 0 0 0 0 24 
0 0 0 0 0 24 
0 0 0 0 0 24 
0 0 0 0 0 24 
0 0 0 0 0 24 
0 0 0 0 0 24 
0 0 0 0 0 24 
0 0 0 0 0 24 
0 0 0 0 0 24 
0 0 0 0 0 24 
0 0 0 0 0 48 
0 0 0 0 0 48 
0 0 0 0 0 48 
0 0 0 0 0 48 
0 0 0 0 0 48 
0 0 0 0 0 48 
0 0 0 0 0 48 
0 0 0 0 0 48 
0 0 0 0 0 48 
0 0 0 0 0 48 
0 32 0 0 21 0 
0 32 0 0 21 0 
0 32 0 0 21 0 
0 32 0 0 21 0 
0 32 0 0 21 0 
0 32 0 0 21 0 
0 32 0 0 21 0 
0 32 0 0 21 0 
0 32 0 0 21 0 
0 32 0 0 21 0 
34 0 0 59 0 0 
34 0 0 59 0 0 
34 0 0 59 0 0 
34 0 0 59 0 0 
34 0 0 59 0 0 
34 0 0 59 0 0 
34 0 0 59 0 0 
34 0 0 59 0 0 
34 0 0 59 0 0 
34 0 0 59 0 0 
47 0 0 0 0 38 
47 0 0 0 0 38 
47 0 0 0 0 38 
47 0 0 0 0 38 
47 0 0 0 0 38 
47 0 0 0 0 38 
47 0 0 0 0 38 
47 0 0 0 0 38 
47 0 0 0 0 38 
47 0 0 0 0 38 
0 23 0 0 0 54 
0 23 0 0 0 54 
0 23 0 0 0 54 
0 23 0 0 0 54 
0 23 0 0 0 54 
0 23 0 0 0 54 
0 23 0 0 0 54 
0 23 0 0 0 54 
0 23 0 0 0 54 
0 23 0 0 0 54 
0 0 46 51 0 0 
0 0 46 51 0 0 
0 0 46 51 0 0 
0 0 46 51 0 0 
0 0 46 51 0 0 
0 0 46 51 0 0 
0 0 46 51 0 0 
0 0 46 51 0 0 
0 0 46 51 0 0 
0 0 46 51 0 0 
0 0 0 0 18 0 
0 0 0 0 18 0 
0 0 0 0 18 0 
0 0 0 0 18 0 
0 0 0 0 18 0 
0 0 0 0 18 0 
0 0 0 0 18 0 
0 0 0 0 18 0 
0 0 0 0 18 0 
0 0 0 0 18 0 
0 0 0 0 0 37 
0 0 0 0 0 37 
0 0 0 0 0 37 
0 0 0 0 0 37 
0 0 0 0 0 37 
0 0 0 0 0 37 
0 0 0 0 0 37 
0 0 0 0 0 37 
0 0 0 0 0 37 
0 0 0 0 0 37 
0 0 26 0 31 0 
0 0 26 0 31 0 
0 0 26 0 31 0 
0 0 26 0 31 0 
0 0 26 0 31 0 
0 0 26 0 31 0 
0 0 26 0 31 0 
0 0 26 0 31 0 
0 0 26 0 31 0 
0 0 26 0 31 0 
0 0 0 0 0 42 
0 0 0 0 0 42 
0 0 0 0 0 42 
0 0 0 0 0 42 
0 0 0 0 0 42 
0 0 0 0 0 42 
0 0 0 0 0 42 
0 0 0 0 0 42 
0 0 0 0 0 42 
0 0 0 0 0 42 
0 0 0 0 0 33 
0 0 0 0 0 33 
0 0 0 0 0 33 
0 0 0 0 0 33 
0 0 0 0 0 33 
0 0 0 0 0 33 
0 0 0 0 0 33 
0 0 0 0 0 33 
0 0 0 0 0 33 
0 0 0 0 0 33 
29 0 0 0 0 0 
29 0 0 0 0 0 
29 0 0 0 0 0 
29 0 0 0 0 0 
29 0 0 0 0 0 
29 0 0 0 0 0 
29 0 0 0 0 0 
29 0 0 0 0 0 
29 0 0 0 0 0 
29 0 0 0 0 0 
0 0 26 0 38 0 
0 0 26 0 38 0 
0 0 26 0 38 0 
0 0 26 0 38 0 
0 0 26 0 38 0 
0 0 26 0 38 0 
0 0 26 0 38 0 
0 0 26 0 38 0 
0 0 26 0 38 0 
0 0 26 0 38 0 
33 0 0 25 0 0 
33 0 0 25 0 0 
33 0 0 25 0 0 
33 0 0 25 0 0 
33 0 0 25 0 0 
33 0 0 25 0 0 
33 0 0 25 0 0 
33 0 0 25 0 0 
33 0 0 25 0 0 
33 0 0 25 0 0 
15 0 0 0 0 0 
15 0 0 0 0 0 
15 0 0 0 0 0 
15 0 0 0 0 0 
15 0 0 0 0 0 
15 0 0 0 0 0 
15 0 0 0 0 0 
15 0 0 0 0 0 
15 0 0 0 0 0 
15 0 0 0 0 0 
0 0 0 0 24 0 
0 0 0 0 24 0 
0 0 0 0 24 0 
0 0 0 0 24 0 
0 0 0 0 24 0 
0 0 0 0 24 0 
0 0 0 0 24 0 
0 0 0 0 24 0 
0 0 0 0 24 0 
0 0 0 0 24 0 
0 0 0 0 36 0 
0 0 0 0 36 0 
0 0 0 0 36 0 
0 0 0 0 36 0 
0 0 0 0 36 0 
0 0 0 0 36 0 
0 0 0 0 36 0 
0 0 0 0 36 0 
0 0 0 0 36 0 
0 0 0 0 36 0 
0 60 0 0 0 0 
0 60 0 0 0 0 
0 60 0 0 0 0 
0 60 0 0 0 0 
0 60 0 0 0 0 
0 60 0 0 0 0 
0 60 0 0 0 0 
0 60 0 0 0 0 
0 60 0 0 0 0 
0 60 0 0 0 0 
0 0 0 0 0 48 
0 0 0 0 0 48 
0 0 0 0 0 48 
0 0 0 0 0 48 
0 0 0 0 0 48 
0 0 0 0 0 48 
0 0 0 0 0 48 
0 0 0 0 0 48 
0 0 0 0 0 48 
0 0 0 0 0 48 
0 0 0 0 0 35 
0 0 0 0 0 35 
0 0 0 0 0 35 
0 0 0 0 0 35 
0 0 0 0 0 35 
0 0 0 0 0 35 
0 0 0 0 0 35 
0 0 0 0 0 35 
0 0 0 0 0 35 
0 0 0 0 0 35 
0 0 43 0 40 0 
0 0 43 0 40 0 
0 0 43 0 40 0 
0 0 43 0 40 0 
0 0 43 0 40 0 
0 0 43 0 40 0 
0 0 43 0 40 0 
0 0 43 0 40 0 
0 0 43 0 40 0 
0 0 43 0 40 0 
0 0 0 0 0 46 
0 0 0 0 0 46 
0 0 0 0 0 46 
0 0 0 0 0 46 
0 0 0 0 0 46 
0 0 0 0 0 46 
0 0 0 0 0 46 
0 0 0 0 0 46 
0 0 0 0 0 46 
0 0 0 0 0 46 
25 0 0 0 0 41 
25 0 0 0 0 41 
25 0 0 0 0 41 
25 0 0 0 0 41 
25 0 0 0 0 41 
25 0 0 0 0 41 
25 0 0 0 0 41 
25 0 0 0 0 41 
25 0 0 0 0 41 
25 0 0 0 0 41 
0 0 0 54 0 0 
0 0 0 54 0 0 
0 0 0 54 0 0 
0 0 0 54 0 0 
0 0 0 54 0 0 
0 0 0 54 0 0 
0 0 0 54 0 0 
0 0 0 54 0 0 
0 0 0 54 0 0 
0 0 0 54 0 0 
0 0 0 42 0 0 
0 0 0 42 0 0 
0 0 0 42 0 0 
0 0 0 42 0 0 
0 0 0 42 0 0 
0 0 0 42 0 0 
0 0 0 42 0 0 
0 0 0 42 0 0 
0 0 0 42 0 0 
0 0 0 42 0 0 
0 0 0 0 0 59 
0 0 0 0 0 59 
0 0 0 0 0 59 
0 0 0 0 0 59 
0 0 0 0 0 59 
0 0 0 0 0 59 
0 0 0 0 0 59 
0 0 0 0 0 59 
0 0 0 0 0 59 
0 0 0 0 0 59 
0 18 0 51 0 0 
0 18 0 51 0 0 
0 18 0 51 0 0 
0 18 0 51 0 0 
0 18 0 51 0 0 
0 18 0 51 0 0 
0 18 0 51 0 0 
0 18 0 51 0 0 
0 18 0 51 0 0 
0 18 0 51 0 0 
0 0 0 18 0 0 
0 0 0 18 0 0 
0 0 0 18 0 0 
0 0 0 18 0 0 
0 0 0 18 0 0 
0 0 0 18 0 0 
0 0 0 18 0 0 
0 0 0 18 0 0 
0 0 0 18 0 0 
0 0 0 18 0 0 
0 28 0 0 21 0 
0 28 0 0 21 0 
0 28 0 0 21 0 
0 28 0 0 21 0 
0 28 0 0 21 0 
0 28 0 0 21 0 
0 28 0 0 21 0 
0 28 0 0 21 0 
0 28 0 0 21 0 
0 28 0 0 21 0 
0 0 0 0 53 0 
0 0 0 0 53 0 
0 0 0 0 53 0 
0 0 0 0 53 0 
0 0 0 0 53 0 
0 0 0 0 53 0 
0 0 0 0 53 0 
0 0 0 0 53 0 
0 0 0 0 53 0 
0 0 0 0 53 0 
0 0 0 0 0 34 
0 0 0 0 0 34 
0 0 0 0 0 34 
0 0 0 0 0 34 
0 0 0 0 0 34 
0 0 0 0 0 34 
0 0 0 0 0 34 
0 0 0 0 0 34 
0 0 0 0 0 34 
0 0 0 0 0 34 
43 0 0 42 0 0 
43 0 0 42 0 0 
43 0 0 42 0 0 
43 0 0 42 0 0 
43 0 0 42 0 0 
43 0 0 42 0 0 
43 0 0 42 0 0 
43 0 0 42 0 0 
43 0 0 42 0 0 
43 0 0 42 0 0 
0 0 45 0 46 0 
0 0 45 0 46 0 
0 0 45 0 46 0 
0 0 45 0 46 0 
0 0 45 0 46 0 
0 0 45 0 46 0 
0 0 45 0 46 0 
0 0 45 0 46 0 
0 0 45 0 46 0 
0 0 45 0 46 0 
0 0 0 36 0 0 
0 0 0 36 0 0 
0 0 0 36 0 0 
0 0 0 36 0 0 
0 0 0 36 0 0 
0 0 0 36 0 0 
0 0 0 36 0 0 
0 0 0 36 0 0 
0 0 0 36 0 0 
0 0 0 36 0 0 
0 0 0 0 0 23 
0 0 0 0 0 23 
0 0 0 0 0 23 
0 0 0 0 0 23 
0 0 0 0 0 23 
0 0 0 0 0 23 
0 0 0 0 0 23 
0 0 0 0 0 23 
0 0 0 0 0 23 
0 0 0 0 0 23 
0 0 0 0 0 57 
0 0 0 0 0 57 
0 0 0 0 0 57 
0 0 0 0 0 57 
0 0 0 0 0 57 
0 0 0 0 0 57 
0 0 0 0 0 57 
0 0 0 0 0 57 
0 0 0 0 0 57 
0 0 0 0 0 57 
38 0 0 60 0 0 
38 0 0 60 0 0 
38 0 0 60 0 0 
38 0 0 60 0 0 
38 0 0 60 0 0 
38 0 0 60 0 0 
38 0 0 60 0 0 
38 0 0 60 0 0 
38 0 0 60 0 0 
38 0 0 60 0 0 
0.0 0.0 0.0 0.0 0.0 0.0 
0.0 0.0 0.0 0.0 0.0 0.0 
0.0 0.0 0.0 0.0 0.0 0.0 
0.0 0.0 0.0 0.0 0.0 0.0 
0.0 0.0 0.0 0.0 0.0 0.0 
0.0 0.0 0.0 0.0 0.0 0.0 
0.0 0.0 0.0 0.0 0.0 0.0 
0.0 0.0 0.0 0.0 0.0 0.0 
0.0 0.0 0.0 0.0 0.0 0.0 
0.0 0.0 0.0 0.0 0.0 0.0 
mind
0 0 0 0 0 0 0 0 0 0 0 0 0 0 0 10 14 0 17 0 0 0 0 0 0 0 10 0 0 0 0 0 0 0 0 0 21 0 0 0 26 0 15 0 0 0 22 0 0 0 0 0
maxd
0 0 0 0 0 0 0 0 0 0 0 0 0 0 0 25 24 0 28 0 0 0 0 0 0 0 10 0 0 0 0 0 0 0 0 0 29 0 0 0 27 0 28 0 0 0 26 0 0 0 0 0
e
0 645 690 912 929 729 887 507 639 604 895 789 582 650 493 569 607 802 510 696 736 649 515 728 499 483 710 622 650 827 587 904 850 831 767 674 899 724 834 725 541 735 612 785 601 812 664 644 812 549 615 0
l
99999 765 810 1032 1049 849 1007 627 759 724 1015 909 702 770 613 689 727 922 630 816 856 769 635 848 619 603 830 742 770 947 707 1024 970 951 887 794 1019 844 954 845 661 855 732 905 721 932 784 764 932 669 735 99999
