nbNodes
52
nbVehi
10
nbServi
6
r
1 1 1 1 1 1 
0 1 0 0 0 0 
0 0 1 0 0 0 
0 0 1 0 0 0 
0 1 0 0 0 0 
0 0 0 0 1 0 
1 0 0 0 0 1 
0 1 0 0 1 0 
0 0 0 0 0 1 
1 0 0 1 0 0 
0 0 1 0 1 0 
0 1 0 1 0 0 
1 0 0 1 0 0 
0 0 0 0 0 1 
0 0 0 1 0 0 
0 1 0 0 0 0 
0 0 1 0 0 0 
1 0 0 0 0 0 
1 0 0 0 0 0 
0 1 0 0 0 0 
1 0 0 0 1 0 
0 0 1 0 0 0 
0 0 0 0 1 0 
0 0 0 0 1 0 
0 0 0 0 0 1 
1 0 0 1 0 0 
0 0 0 1 0 0 
1 0 0 0 0 0 
0 0 1 0 0 0 
0 1 0 0 1 0 
0 0 0 0 1 0 
0 1 0 0 0 0 
0 1 0 0 0 1 
0 1 0 0 0 0 
0 0 0 0 0 1 
0 0 0 0 0 1 
0 1 0 0 0 1 
0 0 1 0 0 1 
1 0 0 0 0 1 
0 0 0 1 0 0 
0 1 0 0 0 0 
0 0 0 0 0 1 
0 1 0 0 0 0 
0 0 0 0 0 1 
0 1 0 0 0 0 
0 0 0 0 0 1 
0 0 1 0 0 0 
0 1 0 0 0 1 
0 0 0 0 1 0 
0 1 0 0 1 0 
0 1 0 0 1 0 
1 1 1 1 1 1 
DS
7 8 10 11 12 13 21 26 30 33 37 38 39 48 50 51 
a
0 1 0 0 0 0 
0 1 1 0 0 0 
1 1 1 0 0 0 
1 1 0 0 0 0 
1 1 1 0 0 0 
0 0 0 1 1 1 
0 0 0 0 1 0 
0 0 0 1 1 1 
0 0 0 0 0 1 
0 0 0 1 1 1 
x
-30.0425 -30.065 -29.9894 -30.0784 -29.9909 -29.9889 -30.1069 -30.0703 -30.089 -30.0771 -30.0825 -30.087 -30.0709 -30.0458 -30.1125 -30.0554 -29.9788 -30.0641 -30.112 -30.0947 -29.9795 -30.0853 -30.0811 -30.0425 -29.9813 -30.0939 -30.1126 -30.0665 -29.9801 -30.0798 -30.1097 -30.1151 -29.9777 -29.9753 -30.1037 -29.9784 -30.043 -29.9795 -30.0816 -30.07 -30.0641 -30.0937 -30.0876 -30.1185 -30.0724 -30.0654 -30.0748 -29.9832 -30.0692 -30.1064 -30.114 -30.0425
y
-51.1847 -51.1981 -51.1953 -51.1903 -51.1912 -51.1953 -51.2485 -51.2009 -51.2215 -51.1254 -51.1165 -51.1814 -51.1966 -51.2036 -51.154 -51.1994 -51.1983 -51.202 -51.1568 -51.2344 -51.1907 -51.1303 -51.2183 -51.1847 -51.1958 -51.2438 -51.1636 -51.1772 -51.1973 -51.1314 -51.2106 -51.1626 -51.195 -51.1746 -51.2253 -51.1972 -51.188 -51.1883 -51.1746 -51.1955 -51.1802 -51.2446 -51.123 -51.1572 -51.1793 -51.1525 -51.225 -51.1951 -51.1914 -51.1429 -51.1542 -51.1847
d
0.00000 9.00000 12.00000 14.00000 12.00000 13.00000 19.00000 10.00000 14.00000 15.00000 17.00000 18.00000 10.00000 8.00000 25.00000 9.00000 15.00000 10.00000 24.00000 17.00000 14.00000 17.00000 15.00000 0.00000 14.00000 19.00000 25.00000 10.00000 15.00000 17.00000 20.00000 26.00000 15.00000 15.00000 18.00000 16.00000 3.00000 15.00000 17.00000 10.00000 9.00000 19.00000 18.00000 28.00000 11.00000 11.00000 15.00000 14.00000 9.00000 21.00000 26.00000 0.00000
9.00000 0.00000 16.00000 7.00000 17.00000 16.00000 13.00000 2.00000 8.00000 13.00000 15.00000 11.00000 3.00000 6.00000 21.00000 5.00000 18.00000 2.00000 19.00000 10.00000 18.00000 15.00000 8.00000 9.00000 18.00000 12.00000 18.00000 6.00000 18.00000 15.00000 13.00000 19.00000 19.00000 19.00000 11.00000 19.00000 9.00000 19.00000 13.00000 3.00000 6.00000 12.00000 16.00000 21.00000 7.00000 9.00000 9.00000 17.00000 3.00000 19.00000 22.00000 9.00000
12.00000 16.00000 0.00000 21.00000 3.00000 1.00000 24.00000 17.00000 21.00000 22.00000 24.00000 24.00000 17.00000 13.00000 33.00000 14.00000 4.00000 16.00000 31.00000 23.00000 3.00000 24.00000 20.00000 12.00000 3.00000 22.00000 31.00000 18.00000 3.00000 24.00000 27.00000 32.00000 4.00000 7.00000 25.00000 4.00000 12.00000 4.00000 25.00000 17.00000 16.00000 22.00000 25.00000 34.00000 19.00000 18.00000 19.00000 2.00000 16.00000 28.00000 34.00000 12.00000
13.00000 7.00000 20.00000 0.00000 19.00000 20.00000 15.00000 6.00000 10.00000 15.00000 17.00000 9.00000 5.00000 10.00000 19.00000 10.00000 22.00000 7.00000 17.00000 12.00000 22.00000 18.00000 10.00000 13.00000 22.00000 14.00000 16.00000 8.00000 22.00000 18.00000 15.00000 17.00000 23.00000 22.00000 13.00000 23.00000 12.00000 22.00000 15.00000 5.00000 8.00000 14.00000 18.00000 19.00000 8.00000 11.00000 12.00000 21.00000 6.00000 17.00000 20.00000 13.00000
11.00000 17.00000 2.00000 21.00000 0.00000 3.00000 25.00000 18.00000 22.00000 22.00000 24.00000 25.00000 17.00000 13.00000 32.00000 15.00000 5.00000 17.00000 31.00000 24.00000 4.00000 24.00000 21.00000 11.00000 4.00000 23.00000 32.00000 18.00000 5.00000 24.00000 27.00000 33.00000 5.00000 7.00000 25.00000 5.00000 12.00000 4.00000 25.00000 17.00000 16.00000 23.00000 25.00000 35.00000 19.00000 18.00000 20.00000 3.00000 16.00000 28.00000 34.00000 11.00000
12.00000 17.00000 1.00000 21.00000 3.00000 0.00000 24.00000 18.00000 21.00000 22.00000 24.00000 24.00000 18.00000 13.00000 33.00000 14.00000 4.00000 16.00000 31.00000 24.00000 3.00000 25.00000 20.00000 12.00000 3.00000 22.00000 32.00000 18.00000 3.00000 25.00000 27.00000 33.00000 4.00000 8.00000 25.00000 4.00000 12.00000 4.00000 25.00000 18.00000 17.00000 22.00000 25.00000 34.00000 19.00000 18.00000 19.00000 2.00000 17.00000 29.00000 34.00000 12.00000
20.00000 14.00000 24.00000 14.00000 26.00000 24.00000 0.00000 12.00000 8.00000 22.00000 25.00000 17.00000 13.00000 16.00000 22.00000 16.00000 25.00000 13.00000 20.00000 6.00000 26.00000 25.00000 10.00000 20.00000 26.00000 6.00000 18.00000 15.00000 25.00000 25.00000 8.00000 19.00000 26.00000 28.00000 5.00000 26.00000 19.00000 27.00000 22.00000 13.00000 15.00000 6.00000 25.00000 21.00000 15.00000 18.00000 11.00000 25.00000 14.00000 25.00000 23.00000 20.00000
11.00000 2.00000 17.00000 5.00000 18.00000 17.00000 11.00000 0.00000 6.00000 13.00000 16.00000 9.00000 3.00000 7.00000 19.00000 6.00000 18.00000 3.00000 18.00000 8.00000 19.00000 16.00000 6.00000 11.00000 19.00000 11.00000 17.00000 6.00000 18.00000 16.00000 12.00000 18.00000 19.00000 20.00000 10.00000 19.00000 10.00000 20.00000 13.00000 3.00000 6.00000 11.00000 16.00000 19.00000 6.00000 9.00000 8.00000 18.00000 3.00000 18.00000 21.00000 11.00000
15.00000 9.00000 21.00000 9.00000 22.00000 22.00000 7.00000 7.00000 0.00000 17.00000 20.00000 12.00000 8.00000 11.00000 22.00000 11.00000 23.00000 8.00000 20.00000 4.00000 23.00000 20.00000 4.00000 15.00000 23.00000 7.00000 18.00000 10.00000 23.00000 20.00000 8.00000 19.00000 24.00000 24.00000 6.00000 24.00000 14.00000 25.00000 17.00000 8.00000 10.00000 7.00000 20.00000 21.00000 10.00000 13.00000 6.00000 23.00000 9.00000 20.00000 23.00000 15.00000
15.00000 14.00000 21.00000 17.00000 21.00000 21.00000 23.00000 14.00000 18.00000 0.00000 3.00000 20.00000 13.00000 15.00000 13.00000 14.00000 23.00000 15.00000 12.00000 20.00000 23.00000 5.00000 18.00000 15.00000 23.00000 23.00000 13.00000 11.00000 24.00000 5.00000 24.00000 14.00000 24.00000 23.00000 22.00000 24.00000 15.00000 24.00000 18.00000 14.00000 9.00000 23.00000 5.00000 16.00000 13.00000 7.00000 20.00000 22.00000 13.00000 9.00000 15.00000 15.00000
20.00000 19.00000 26.00000 22.00000 26.00000 26.00000 28.00000 19.00000 23.00000 7.00000 0.00000 23.00000 19.00000 20.00000 16.00000 19.00000 29.00000 20.00000 14.00000 25.00000 28.00000 7.00000 24.00000 20.00000 28.00000 28.00000 16.00000 16.00000 29.00000 8.00000 28.00000 16.00000 29.00000 28.00000 27.00000 29.00000 20.00000 29.00000 23.00000 19.00000 14.00000 28.00000 4.00000 19.00000 18.00000 12.00000 25.00000 28.00000 18.00000 12.00000 17.00000 20.00000
17.00000 11.00000 23.00000 9.00000 24.00000 23.00000 17.00000 9.00000 12.00000 20.00000 22.00000 0.00000 10.00000 13.00000 16.00000 13.00000 25.00000 10.00000 14.00000 14.00000 25.00000 18.00000 12.00000 17.00000 25.00000 17.00000 13.00000 13.00000 25.00000 18.00000 16.00000 14.00000 26.00000 26.00000 16.00000 26.00000 17.00000 26.00000 16.00000 10.00000 12.00000 17.00000 21.00000 16.00000 13.00000 16.00000 14.00000 25.00000 11.00000 14.00000 17.00000 17.00000
10.00000 3.00000 17.00000 5.00000 17.00000 17.00000 11.00000 2.00000 6.00000 13.00000 15.00000 10.00000 0.00000 8.00000 20.00000 7.00000 19.00000 4.00000 18.00000 9.00000 19.00000 15.00000 7.00000 10.00000 19.00000 11.00000 17.00000 6.00000 19.00000 15.00000 12.00000 18.00000 20.00000 19.00000 10.00000 20.00000 10.00000 20.00000 13.00000 2.00000 5.00000 11.00000 16.00000 20.00000 6.00000 9.00000 8.00000 18.00000 2.00000 18.00000 21.00000 10.00000
7.00000 6.00000 12.00000 12.00000 12.00000 12.00000 17.00000 8.00000 12.00000 14.00000 16.00000 14.00000 8.00000 0.00000 25.00000 4.00000 14.00000 6.00000 23.00000 14.00000 14.00000 16.00000 11.00000 7.00000 14.00000 15.00000 22.00000 8.00000 14.00000 16.00000 17.00000 23.00000 15.00000 15.00000 15.00000 15.00000 7.00000 15.00000 15.00000 8.00000 7.00000 15.00000 17.00000 25.00000 9.00000 10.00000 10.00000 13.00000 7.00000 20.00000 26.00000 7.00000
25.00000 21.00000 32.00000 19.00000 31.00000 32.00000 22.00000 19.00000 21.00000 13.00000 15.00000 16.00000 21.00000 23.00000 0.00000 23.00000 34.00000 20.00000 3.00000 21.00000 34.00000 11.00000 23.00000 25.00000 34.00000 23.00000 4.00000 22.00000 34.00000 11.00000 17.00000 5.00000 35.00000 34.00000 18.00000 35.00000 25.00000 34.00000 23.00000 21.00000 20.00000 23.00000 13.00000 7.00000 23.00000 18.00000 24.00000 33.00000 21.00000 7.00000 3.00000 25.00000
10.00000 3.00000 16.00000 9.00000 17.00000 17.00000 15.00000 4.00000 10.00000 12.00000 14.00000 13.00000 5.00000 6.00000 23.00000 0.00000 18.00000 4.00000 21.00000 12.00000 18.00000 14.00000 10.00000 10.00000 18.00000 14.00000 20.00000 5.00000 18.00000 14.00000 15.00000 21.00000 19.00000 20.00000 13.00000 19.00000 9.00000 20.00000 12.00000 5.00000 5.00000 14.00000 15.00000 23.00000 6.00000 8.00000 11.00000 18.00000 4.00000 18.00000 24.00000 10.00000
15.00000 18.00000 4.00000 22.00000 5.00000 4.00000 25.00000 19.00000 22.00000 25.00000 27.00000 25.00000 20.00000 15.00000 35.00000 16.00000 0.00000 17.00000 34.00000 25.00000 3.00000 27.00000 22.00000 15.00000 2.00000 23.00000 33.00000 20.00000 1.00000 27.00000 28.00000 33.00000 2.00000 9.00000 26.00000 2.00000 15.00000 4.00000 28.00000 20.00000 19.00000 23.00000 28.00000 35.00000 22.00000 21.00000 20.00000 3.00000 19.00000 31.00000 36.00000 15.00000
10.00000 2.00000 16.00000 7.00000 17.00000 16.00000 12.00000 3.00000 7.00000 14.00000 16.00000 10.00000 3.00000 6.00000 21.00000 5.00000 17.00000 0.00000 19.00000 10.00000 18.00000 16.00000 8.00000 10.00000 18.00000 12.00000 18.00000 7.00000 17.00000 16.00000 13.00000 19.00000 18.00000 19.00000 11.00000 18.00000 10.00000 19.00000 14.00000 4.00000 6.00000 12.00000 17.00000 21.00000 8.00000 10.00000 8.00000 17.00000 3.00000 19.00000 22.00000 10.00000
24.00000 19.00000 30.00000 17.00000 30.00000 30.00000 20.00000 18.00000 19.00000 11.00000 13.00000 14.00000 19.00000 22.00000 3.00000 21.00000 32.00000 19.00000 0.00000 19.00000 32.00000 9.00000 21.00000 24.00000 32.00000 21.00000 2.00000 20.00000 32.00000 10.00000 15.00000 3.00000 33.00000 32.00000 16.00000 33.00000 24.00000 33.00000 21.00000 19.00000 18.00000 21.00000 12.00000 5.00000 21.00000 16.00000 23.00000 31.00000 20.00000 6.00000 4.00000 24.00000
17.00000 11.00000 24.00000 12.00000 24.00000 24.00000 6.00000 10.00000 5.00000 20.00000 22.00000 14.00000 11.00000 14.00000 21.00000 13.00000 25.00000 11.00000 19.00000 0.00000 26.00000 22.00000 7.00000 17.00000 26.00000 6.00000 17.00000 13.00000 25.00000 22.00000 7.00000 18.00000 27.00000 26.00000 5.00000 26.00000 17.00000 27.00000 20.00000 11.00000 12.00000 6.00000 23.00000 20.00000 13.00000 16.00000 9.00000 25.00000 12.00000 23.00000 22.00000 17.00000
14.00000 18.00000 3.00000 23.00000 4.00000 3.00000 26.00000 20.00000 23.00000 24.00000 26.00000 26.00000 19.00000 15.00000 35.00000 16.00000 3.00000 18.00000 33.00000 25.00000 0.00000 26.00000 22.00000 14.00000 3.00000 24.00000 33.00000 20.00000 3.00000 26.00000 29.00000 34.00000 2.00000 8.00000 27.00000 3.00000 14.00000 2.00000 27.00000 19.00000 18.00000 24.00000 27.00000 36.00000 21.00000 20.00000 21.00000 2.00000 18.00000 30.00000 36.00000 14.00000
15.00000 15.00000 22.00000 18.00000 22.00000 22.00000 24.00000 15.00000 19.00000 3.00000 5.00000 20.00000 14.00000 15.00000 13.00000 15.00000 24.00000 16.00000 11.00000 21.00000 24.00000 0.00000 19.00000 15.00000 24.00000 23.00000 13.00000 12.00000 24.00000 2.00000 24.00000 13.00000 25.00000 24.00000 22.00000 25.00000 15.00000 25.00000 19.00000 14.00000 10.00000 23.00000 3.00000 16.00000 13.00000 8.00000 21.00000 23.00000 13.00000 9.00000 14.00000 15.00000
16.00000 9.00000 21.00000 10.00000 22.00000 21.00000 10.00000 8.00000 4.00000 18.00000 20.00000 12.00000 9.00000 10.00000 23.00000 10.00000 22.00000 8.00000 21.00000 7.00000 23.00000 21.00000 0.00000 16.00000 23.00000 8.00000 20.00000 11.00000 22.00000 21.00000 10.00000 21.00000 23.00000 24.00000 9.00000 23.00000 15.00000 24.00000 18.00000 9.00000 11.00000 8.00000 21.00000 23.00000 11.00000 14.00000 5.00000 22.00000 10.00000 21.00000 24.00000 16.00000
0.00000 9.00000 12.00000 14.00000 12.00000 13.00000 19.00000 10.00000 14.00000 15.00000 17.00000 18.00000 10.00000 8.00000 25.00000 9.00000 15.00000 10.00000 24.00000 17.00000 14.00000 17.00000 15.00000 0.00000 14.00000 19.00000 25.00000 10.00000 15.00000 17.00000 20.00000 26.00000 15.00000 15.00000 18.00000 16.00000 3.00000 15.00000 17.00000 10.00000 9.00000 19.00000 18.00000 28.00000 11.00000 11.00000 15.00000 14.00000 9.00000 21.00000 26.00000 0.00000
14.00000 18.00000 3.00000 23.00000 4.00000 3.00000 26.00000 19.00000 23.00000 24.00000 26.00000 25.00000 19.00000 15.00000 35.00000 16.00000 2.00000 18.00000 33.00000 25.00000 3.00000 26.00000 22.00000 14.00000 0.00000 24.00000 33.00000 20.00000 2.00000 26.00000 28.00000 34.00000 3.00000 9.00000 26.00000 2.00000 14.00000 4.00000 27.00000 19.00000 18.00000 24.00000 27.00000 36.00000 21.00000 20.00000 21.00000 1.00000 18.00000 30.00000 36.00000 14.00000
20.00000 14.00000 23.00000 14.00000 24.00000 23.00000 4.00000 13.00000 8.00000 23.00000 25.00000 17.00000 14.00000 15.00000 24.00000 15.00000 23.00000 14.00000 22.00000 5.00000 25.00000 25.00000 9.00000 20.00000 24.00000 0.00000 20.00000 15.00000 24.00000 25.00000 10.00000 21.00000 25.00000 26.00000 8.00000 25.00000 19.00000 26.00000 22.00000 13.00000 15.00000 1.00000 26.00000 23.00000 15.00000 18.00000 9.00000 24.00000 14.00000 26.00000 25.00000 20.00000
25.00000 18.00000 31.00000 16.00000 31.00000 31.00000 18.00000 17.00000 17.00000 13.00000 15.00000 13.00000 18.00000 21.00000 4.00000 20.00000 32.00000 18.00000 2.00000 17.00000 33.00000 11.00000 20.00000 25.00000 33.00000 20.00000 0.00000 20.00000 32.00000 11.00000 13.00000 1.00000 33.00000 34.00000 15.00000 33.00000 24.00000 34.00000 20.00000 18.00000 20.00000 19.00000 13.00000 4.00000 20.00000 18.00000 21.00000 32.00000 19.00000 7.00000 5.00000 25.00000
9.00000 7.00000 16.00000 8.00000 16.00000 16.00000 15.00000 6.00000 10.00000 10.00000 12.00000 13.00000 6.00000 7.00000 20.00000 6.00000 18.00000 7.00000 19.00000 13.00000 18.00000 12.00000 11.00000 9.00000 18.00000 15.00000 20.00000 0.00000 18.00000 12.00000 16.00000 21.00000 19.00000 18.00000 14.00000 19.00000 9.00000 19.00000 9.00000 6.00000 2.00000 15.00000 13.00000 23.00000 3.00000 5.00000 12.00000 17.00000 5.00000 16.00000 21.00000 9.00000
14.00000 18.00000 3.00000 22.00000 5.00000 3.00000 25.00000 19.00000 22.00000 24.00000 27.00000 25.00000 20.00000 15.00000 35.00000 16.00000 1.00000 17.00000 33.00000 25.00000 3.00000 27.00000 22.00000 14.00000 2.00000 23.00000 33.00000 20.00000 0.00000 27.00000 28.00000 33.00000 2.00000 9.00000 26.00000 2.00000 14.00000 4.00000 27.00000 20.00000 19.00000 23.00000 27.00000 35.00000 22.00000 21.00000 20.00000 2.00000 19.00000 31.00000 36.00000 14.00000
14.00000 14.00000 21.00000 17.00000 21.00000 21.00000 22.00000 14.00000 18.00000 2.00000 4.00000 20.00000 13.00000 14.00000 13.00000 13.00000 23.00000 15.00000 11.00000 20.00000 23.00000 5.00000 18.00000 14.00000 23.00000 22.00000 13.00000 11.00000 23.00000 0.00000 23.00000 13.00000 24.00000 23.00000 21.00000 24.00000 14.00000 24.00000 18.00000 13.00000 9.00000 22.00000 5.00000 16.00000 12.00000 7.00000 20.00000 22.00000 12.00000 9.00000 14.00000 14.00000
19.00000 13.00000 26.00000 14.00000 26.00000 26.00000 8.00000 12.00000 7.00000 22.00000 24.00000 16.00000 13.00000 16.00000 17.00000 15.00000 27.00000 13.00000 15.00000 7.00000 28.00000 24.00000 10.00000 19.00000 28.00000 9.00000 13.00000 14.00000 27.00000 24.00000 0.00000 14.00000 28.00000 28.00000 4.00000 28.00000 19.00000 29.00000 22.00000 13.00000 14.00000 9.00000 25.00000 16.00000 15.00000 18.00000 12.00000 27.00000 13.00000 20.00000 18.00000 19.00000
26.00000 19.00000 32.00000 17.00000 32.00000 32.00000 19.00000 18.00000 18.00000 13.00000 15.00000 14.00000 19.00000 22.00000 5.00000 21.00000 33.00000 19.00000 3.00000 18.00000 34.00000 11.00000 21.00000 26.00000 34.00000 20.00000 1.00000 21.00000 33.00000 12.00000 14.00000 0.00000 34.00000 34.00000 16.00000 34.00000 25.00000 35.00000 21.00000 19.00000 20.00000 20.00000 14.00000 3.00000 21.00000 18.00000 22.00000 33.00000 20.00000 8.00000 6.00000 26.00000
15.00000 19.00000 4.00000 23.00000 5.00000 4.00000 26.00000 19.00000 23.00000 25.00000 27.00000 26.00000 20.00000 16.00000 36.00000 17.00000 3.00000 18.00000 34.00000 25.00000 2.00000 27.00000 22.00000 15.00000 3.00000 24.00000 33.00000 21.00000 2.00000 28.00000 29.00000 34.00000 0.00000 9.00000 27.00000 2.00000 15.00000 3.00000 28.00000 20.00000 20.00000 24.00000 28.00000 36.00000 22.00000 21.00000 21.00000 3.00000 19.00000 31.00000 37.00000 15.00000
16.00000 21.00000 9.00000 25.00000 9.00000 9.00000 28.00000 21.00000 25.00000 26.00000 28.00000 28.00000 21.00000 18.00000 36.00000 19.00000 10.00000 20.00000 35.00000 27.00000 9.00000 28.00000 25.00000 16.00000 10.00000 26.00000 35.00000 22.00000 10.00000 28.00000 31.00000 36.00000 9.00000 0.00000 29.00000 10.00000 16.00000 9.00000 29.00000 21.00000 20.00000 26.00000 29.00000 38.00000 24.00000 22.00000 23.00000 10.00000 20.00000 32.00000 38.00000 16.00000
17.00000 11.00000 24.00000 12.00000 24.00000 24.00000 5.00000 10.00000 5.00000 20.00000 22.00000 14.00000 11.00000 14.00000 18.00000 13.00000 25.00000 11.00000 16.00000 5.00000 26.00000 22.00000 8.00000 17.00000 26.00000 7.00000 15.00000 13.00000 25.00000 22.00000 4.00000 16.00000 26.00000 26.00000 0.00000 26.00000 17.00000 27.00000 20.00000 11.00000 12.00000 7.00000 23.00000 17.00000 13.00000 16.00000 10.00000 25.00000 12.00000 22.00000 20.00000 17.00000
15.00000 19.00000 4.00000 23.00000 5.00000 4.00000 26.00000 19.00000 23.00000 25.00000 27.00000 26.00000 20.00000 16.00000 36.00000 17.00000 2.00000 18.00000 34.00000 25.00000 3.00000 28.00000 22.00000 15.00000 2.00000 24.00000 33.00000 21.00000 2.00000 28.00000 28.00000 34.00000 2.00000 9.00000 27.00000 0.00000 15.00000 4.00000 28.00000 21.00000 20.00000 24.00000 28.00000 36.00000 22.00000 21.00000 21.00000 3.00000 19.00000 32.00000 37.00000 15.00000
1.00000 8.00000 13.00000 13.00000 13.00000 13.00000 18.00000 9.00000 13.00000 14.00000 16.00000 17.00000 9.00000 6.00000 25.00000 7.00000 14.00000 9.00000 23.00000 16.00000 15.00000 16.00000 14.00000 1.00000 15.00000 18.00000 24.00000 9.00000 14.00000 16.00000 19.00000 25.00000 15.00000 15.00000 17.00000 15.00000 0.00000 16.00000 16.00000 9.00000 8.00000 18.00000 17.00000 27.00000 10.00000 10.00000 13.00000 14.00000 8.00000 20.00000 26.00000 1.00000
14.00000 20.00000 5.00000 24.00000 4.00000 5.00000 28.00000 21.00000 25.00000 25.00000 27.00000 28.00000 20.00000 16.00000 35.00000 18.00000 4.00000 20.00000 34.00000 27.00000 3.00000 27.00000 24.00000 14.00000 5.00000 26.00000 35.00000 21.00000 5.00000 27.00000 30.00000 36.00000 4.00000 8.00000 28.00000 5.00000 15.00000 0.00000 28.00000 20.00000 19.00000 26.00000 28.00000 38.00000 22.00000 21.00000 23.00000 4.00000 19.00000 31.00000 37.00000 14.00000
17.00000 14.00000 24.00000 15.00000 24.00000 24.00000 22.00000 14.00000 17.00000 17.00000 19.00000 16.00000 13.00000 15.00000 23.00000 14.00000 26.00000 15.00000 21.00000 20.00000 26.00000 19.00000 18.00000 17.00000 26.00000 22.00000 20.00000 9.00000 26.00000 19.00000 23.00000 21.00000 27.00000 26.00000 21.00000 27.00000 17.00000 27.00000 0.00000 13.00000 10.00000 22.00000 20.00000 23.00000 9.00000 12.00000 19.00000 25.00000 12.00000 21.00000 24.00000 17.00000
10.00000 3.00000 17.00000 5.00000 17.00000 17.00000 12.00000 3.00000 7.00000 13.00000 15.00000 10.00000 2.00000 8.00000 20.00000 7.00000 19.00000 4.00000 19.00000 9.00000 19.00000 15.00000 7.00000 10.00000 19.00000 12.00000 18.00000 5.00000 19.00000 15.00000 13.00000 19.00000 20.00000 19.00000 11.00000 20.00000 10.00000 20.00000 13.00000 0.00000 5.00000 12.00000 16.00000 20.00000 5.00000 8.00000 9.00000 18.00000 2.00000 19.00000 22.00000 10.00000
8.00000 6.00000 15.00000 9.00000 15.00000 15.00000 14.00000 5.00000 9.00000 10.00000 12.00000 13.00000 5.00000 6.00000 21.00000 5.00000 17.00000 6.00000 19.00000 12.00000 17.00000 12.00000 10.00000 8.00000 17.00000 14.00000 20.00000 3.00000 17.00000 12.00000 15.00000 21.00000 18.00000 17.00000 13.00000 18.00000 8.00000 18.00000 10.00000 5.00000 0.00000 14.00000 13.00000 23.00000 4.00000 6.00000 11.00000 16.00000 4.00000 16.00000 22.00000 8.00000
20.00000 14.00000 23.00000 14.00000 24.00000 23.00000 4.00000 13.00000 8.00000 23.00000 25.00000 17.00000 13.00000 15.00000 24.00000 15.00000 23.00000 14.00000 22.00000 5.00000 25.00000 25.00000 9.00000 20.00000 24.00000 1.00000 20.00000 15.00000 24.00000 25.00000 10.00000 21.00000 25.00000 26.00000 7.00000 24.00000 19.00000 26.00000 22.00000 13.00000 15.00000 0.00000 25.00000 23.00000 15.00000 18.00000 9.00000 24.00000 14.00000 25.00000 25.00000 20.00000
18.00000 18.00000 25.00000 21.00000 24.00000 25.00000 26.00000 18.00000 21.00000 4.00000 4.00000 20.00000 17.00000 18.00000 14.00000 17.00000 27.00000 19.00000 12.00000 24.00000 27.00000 3.00000 22.00000 18.00000 27.00000 26.00000 14.00000 15.00000 27.00000 4.00000 26.00000 14.00000 28.00000 27.00000 25.00000 28.00000 18.00000 28.00000 22.00000 17.00000 13.00000 26.00000 0.00000 16.00000 16.00000 11.00000 23.00000 26.00000 16.00000 9.00000 15.00000 18.00000
27.00000 21.00000 33.00000 19.00000 34.00000 34.00000 20.00000 19.00000 20.00000 16.00000 18.00000 16.00000 21.00000 23.00000 7.00000 23.00000 35.00000 20.00000 5.00000 20.00000 35.00000 14.00000 22.00000 27.00000 35.00000 22.00000 4.00000 23.00000 35.00000 14.00000 15.00000 3.00000 36.00000 36.00000 17.00000 36.00000 27.00000 37.00000 23.00000 21.00000 22.00000 22.00000 16.00000 0.00000 23.00000 20.00000 24.00000 35.00000 21.00000 10.00000 5.00000 27.00000
11.00000 7.00000 18.00000 8.00000 17.00000 18.00000 15.00000 6.00000 10.00000 12.00000 14.00000 13.00000 6.00000 9.00000 22.00000 8.00000 20.00000 7.00000 21.00000 13.00000 20.00000 14.00000 11.00000 11.00000 20.00000 15.00000 20.00000 4.00000 20.00000 14.00000 16.00000 21.00000 21.00000 20.00000 14.00000 21.00000 10.00000 20.00000 9.00000 6.00000 4.00000 15.00000 15.00000 23.00000 0.00000 8.00000 12.00000 19.00000 5.00000 18.00000 24.00000 11.00000
11.00000 11.00000 18.00000 14.00000 18.00000 18.00000 19.00000 11.00000 14.00000 5.00000 7.00000 18.00000 10.00000 11.00000 15.00000 10.00000 20.00000 12.00000 14.00000 17.00000 20.00000 7.00000 15.00000 11.00000 20.00000 19.00000 15.00000 8.00000 20.00000 7.00000 20.00000 16.00000 21.00000 20.00000 18.00000 21.00000 11.00000 21.00000 15.00000 10.00000 6.00000 19.00000 8.00000 18.00000 9.00000 0.00000 17.00000 19.00000 9.00000 11.00000 17.00000 11.00000
14.00000 9.00000 19.00000 11.00000 20.00000 19.00000 11.00000 8.00000 6.00000 20.00000 22.00000 14.00000 11.00000 9.00000 24.00000 9.00000 20.00000 8.00000 22.00000 9.00000 21.00000 22.00000 5.00000 14.00000 21.00000 8.00000 21.00000 12.00000 20.00000 22.00000 13.00000 22.00000 21.00000 22.00000 11.00000 21.00000 14.00000 22.00000 20.00000 11.00000 12.00000 8.00000 23.00000 24.00000 12.00000 15.00000 0.00000 20.00000 11.00000 22.00000 25.00000 14.00000
13.00000 18.00000 2.00000 22.00000 3.00000 2.00000 25.00000 19.00000 22.00000 23.00000 26.00000 25.00000 19.00000 14.00000 34.00000 15.00000 2.00000 17.00000 32.00000 25.00000 2.00000 26.00000 22.00000 13.00000 1.00000 23.00000 33.00000 19.00000 2.00000 26.00000 28.00000 34.00000 3.00000 9.00000 26.00000 3.00000 13.00000 4.00000 26.00000 19.00000 18.00000 23.00000 26.00000 35.00000 20.00000 19.00000 20.00000 0.00000 18.00000 30.00000 35.00000 13.00000
10.00000 3.00000 18.00000 6.00000 18.00000 18.00000 12.00000 3.00000 7.00000 12.00000 14.00000 11.00000 2.00000 7.00000 21.00000 7.00000 19.00000 3.00000 19.00000 10.00000 20.00000 14.00000 8.00000 10.00000 20.00000 12.00000 18.00000 5.00000 20.00000 14.00000 13.00000 19.00000 21.00000 20.00000 11.00000 20.00000 9.00000 21.00000 12.00000 2.00000 5.00000 12.00000 15.00000 21.00000 6.00000 8.00000 9.00000 19.00000 0.00000 18.00000 22.00000 10.00000
21.00000 19.00000 27.00000 17.00000 27.00000 28.00000 25.00000 18.00000 20.00000 9.00000 11.00000 14.00000 19.00000 21.00000 7.00000 20.00000 30.00000 19.00000 6.00000 23.00000 29.00000 7.00000 21.00000 21.00000 29.00000 25.00000 7.00000 17.00000 30.00000 7.00000 20.00000 8.00000 31.00000 30.00000 21.00000 31.00000 21.00000 30.00000 21.00000 19.00000 15.00000 25.00000 9.00000 10.00000 19.00000 14.00000 23.00000 29.00000 19.00000 0.00000 9.00000 21.00000
26.00000 22.00000 33.00000 20.00000 33.00000 33.00000 23.00000 21.00000 22.00000 14.00000 16.00000 17.00000 22.00000 25.00000 3.00000 24.00000 35.00000 22.00000 4.00000 22.00000 35.00000 12.00000 24.00000 26.00000 35.00000 25.00000 6.00000 23.00000 35.00000 13.00000 18.00000 6.00000 36.00000 35.00000 20.00000 36.00000 27.00000 36.00000 24.00000 22.00000 21.00000 25.00000 15.00000 5.00000 24.00000 19.00000 25.00000 34.00000 23.00000 9.00000 0.00000 26.00000
0.00000 9.00000 12.00000 14.00000 12.00000 13.00000 19.00000 10.00000 14.00000 15.00000 17.00000 18.00000 10.00000 8.00000 25.00000 9.00000 15.00000 10.00000 24.00000 17.00000 14.00000 17.00000 15.00000 0.00000 14.00000 19.00000 25.00000 10.00000 15.00000 17.00000 20.00000 26.00000 15.00000 15.00000 18.00000 16.00000 3.00000 15.00000 17.00000 10.00000 9.00000 19.00000 18.00000 28.00000 11.00000 11.00000 15.00000 14.00000 9.00000 21.00000 26.00000 0.00000
p
0.0 0.0 0.0 0.0 0.0 0.0 
0.0 0.0 0.0 0.0 0.0 0.0 
0.0 0.0 0.0 0.0 0.0 0.0 
0.0 0.0 0.0 0.0 0.0 0.0 
0.0 0.0 0.0 0.0 0.0 0.0 
0.0 0.0 0.0 0.0 0.0 0.0 
0.0 0.0 0.0 0.0 0.0 0.0 
0.0 0.0 0.0 0.0 0.0 0.0 
0.0 0.0 0.0 0.0 0.0 0.0 
0.0 0.0 0.0 0.0 0.0 0.0 
0 50 0 0 0 0 
0 50 0 0 0 0 
0 50 0 0 0 0 
0 50 0 0 0 0 
0 50 0 0 0 0 
0 50 0 0 0 0 
0 50 0 0 0 0 
0 50 0 0 0 0 
0 50 0 0 0 0 
0 50 0 0 0 0 
0 0 57 0 0 0 
0 0 57 0 0 0 
0 0 57 0 0 0 
0 0 57 0 0 0 
0 0 57 0 0 0 
0 0 57 0 0 0 
0 0 57 0 0 0 
0 0 57 0 0 0 
0 0 57 0 0 0 
0 0 57 0 0 0 
0 0 23 0 0 0 
0 0 23 0 0 0 
0 0 23 0 0 0 
0 0 23 0 0 0 
0 0 23 0 0 0 
0 0 23 0 0 0 
0 0 23 0 0 0 
0 0 23 0 0 0 
0 0 23 0 0 0 
0 0 23 0 0 0 
0 38 0 0 0 0 
0 38 0 0 0 0 
0 38 0 0 0 0 
0 38 0 0 0 0 
0 38 0 0 0 0 
0 38 0 0 0 0 
0 38 0 0 0 0 
0 38 0 0 0 0 
0 38 0 0 0 0 
0 38 0 0 0 0 
0 0 0 0 33 0 
0 0 0 0 33 0 
0 0 0 0 33 0 
0 0 0 0 33 0 
0 0 0 0 33 0 
0 0 0 0 33 0 
0 0 0 0 33 0 
0 0 0 0 33 0 
0 0 0 0 33 0 
0 0 0 0 33 0 
55 0 0 0 0 24 
55 0 0 0 0 24 
55 0 0 0 0 24 
55 0 0 0 0 24 
55 0 0 0 0 24 
55 0 0 0 0 24 
55 0 0 0 0 24 
55 0 0 0 0 24 
55 0 0 0 0 24 
55 0 0 0 0 24 
0 16 0 0 49 0 
0 16 0 0 49 0 
0 16 0 0 49 0 
0 16 0 0 49 0 
0 16 0 0 49 0 
0 16 0 0 49 0 
0 16 0 0 49 0 
0 16 0 0 49 0 
0 16 0 0 49 0 
0 16 0 0 49 0 
0 0 0 0 0 46 
0 0 0 0 0 46 
0 0 0 0 0 46 
0 0 0 0 0 46 
0 0 0 0 0 46 
0 0 0 0 0 46 
0 0 0 0 0 46 
0 0 0 0 0 46 
0 0 0 0 0 46 
0 0 0 0 0 46 
20 0 0 53 0 0 
20 0 0 53 0 0 
20 0 0 53 0 0 
20 0 0 53 0 0 
20 0 0 53 0 0 
20 0 0 53 0 0 
20 0 0 53 0 0 
20 0 0 53 0 0 
20 0 0 53 0 0 
20 0 0 53 0 0 
0 0 56 0 24 0 
0 0 56 0 24 0 
0 0 56 0 24 0 
0 0 56 0 24 0 
0 0 56 0 24 0 
0 0 56 0 24 0 
0 0 56 0 24 0 
0 0 56 0 24 0 
0 0 56 0 24 0 
0 0 56 0 24 0 
0 31 0 37 0 0 
0 31 0 37 0 0 
0 31 0 37 0 0 
0 31 0 37 0 0 
0 31 0 37 0 0 
0 31 0 37 0 0 
0 31 0 37 0 0 
0 31 0 37 0 0 
0 31 0 37 0 0 
0 31 0 37 0 0 
28 0 0 15 0 0 
28 0 0 15 0 0 
28 0 0 15 0 0 
28 0 0 15 0 0 
28 0 0 15 0 0 
28 0 0 15 0 0 
28 0 0 15 0 0 
28 0 0 15 0 0 
28 0 0 15 0 0 
28 0 0 15 0 0 
0 0 0 0 0 23 
0 0 0 0 0 23 
0 0 0 0 0 23 
0 0 0 0 0 23 
0 0 0 0 0 23 
0 0 0 0 0 23 
0 0 0 0 0 23 
0 0 0 0 0 23 
0 0 0 0 0 23 
0 0 0 0 0 23 
0 0 0 15 0 0 
0 0 0 15 0 0 
0 0 0 15 0 0 
0 0 0 15 0 0 
0 0 0 15 0 0 
0 0 0 15 0 0 
0 0 0 15 0 0 
0 0 0 15 0 0 
0 0 0 15 0 0 
0 0 0 15 0 0 
0 48 0 0 0 0 
0 48 0 0 0 0 
0 48 0 0 0 0 
0 48 0 0 0 0 
0 48 0 0 0 0 
0 48 0 0 0 0 
0 48 0 0 0 0 
0 48 0 0 0 0 
0 48 0 0 0 0 
0 48 0 0 0 0 
0 0 57 0 0 0 
0 0 57 0 0 0 
0 0 57 0 0 0 
0 0 57 0 0 0 
0 0 57 0 0 0 
0 0 57 0 0 0 
0 0 57 0 0 0 
0 0 57 0 0 0 
0 0 57 0 0 0 
0 0 57 0 0 0 
59 0 0 0 0 0 
59 0 0 0 0 0 
59 0 0 0 0 0 
59 0 0 0 0 0 
59 0 0 0 0 0 
59 0 0 0 0 0 
59 0 0 0 0 0 
59 0 0 0 0 0 
59 0 0 0 0 0 
59 0 0 0 0 0 
50 0 0 0 0 0 
50 0 0 0 0 0 
50 0 0 0 0 0 
50 0 0 0 0 0 
50 0 0 0 0 0 
50 0 0 0 0 0 
50 0 0 0 0 0 
50 0 0 0 0 0 
50 0 0 0 0 0 
50 0 0 0 0 0 
0 21 0 0 0 0 
0 21 0 0 0 0 
0 21 0 0 0 0 
0 21 0 0 0 0 
0 21 0 0 0 0 
0 21 0 0 0 0 
0 21 0 0 0 0 
0 21 0 0 0 0 
0 21 0 0 0 0 
0 21 0 0 0 0 
53 0 0 0 49 0 
53 0 0 0 49 0 
53 0 0 0 49 0 
53 0 0 0 49 0 
53 0 0 0 49 0 
53 0 0 0 49 0 
53 0 0 0 49 0 
53 0 0 0 49 0 
53 0 0 0 49 0 
53 0 0 0 49 0 
0 0 56 0 0 0 
0 0 56 0 0 0 
0 0 56 0 0 0 
0 0 56 0 0 0 
0 0 56 0 0 0 
0 0 56 0 0 0 
0 0 56 0 0 0 
0 0 56 0 0 0 
0 0 56 0 0 0 
0 0 56 0 0 0 
0 0 0 0 21 0 
0 0 0 0 21 0 
0 0 0 0 21 0 
0 0 0 0 21 0 
0 0 0 0 21 0 
0 0 0 0 21 0 
0 0 0 0 21 0 
0 0 0 0 21 0 
0 0 0 0 21 0 
0 0 0 0 21 0 
0 0 0 0 46 0 
0 0 0 0 46 0 
0 0 0 0 46 0 
0 0 0 0 46 0 
0 0 0 0 46 0 
0 0 0 0 46 0 
0 0 0 0 46 0 
0 0 0 0 46 0 
0 0 0 0 46 0 
0 0 0 0 46 0 
0 0 0 0 0 47 
0 0 0 0 0 47 
0 0 0 0 0 47 
0 0 0 0 0 47 
0 0 0 0 0 47 
0 0 0 0 0 47 
0 0 0 0 0 47 
0 0 0 0 0 47 
0 0 0 0 0 47 
0 0 0 0 0 47 
49 0 0 22 0 0 
49 0 0 22 0 0 
49 0 0 22 0 0 
49 0 0 22 0 0 
49 0 0 22 0 0 
49 0 0 22 0 0 
49 0 0 22 0 0 
49 0 0 22 0 0 
49 0 0 22 0 0 
49 0 0 22 0 0 
0 0 0 29 0 0 
0 0 0 29 0 0 
0 0 0 29 0 0 
0 0 0 29 0 0 
0 0 0 29 0 0 
0 0 0 29 0 0 
0 0 0 29 0 0 
0 0 0 29 0 0 
0 0 0 29 0 0 
0 0 0 29 0 0 
35 0 0 0 0 0 
35 0 0 0 0 0 
35 0 0 0 0 0 
35 0 0 0 0 0 
35 0 0 0 0 0 
35 0 0 0 0 0 
35 0 0 0 0 0 
35 0 0 0 0 0 
35 0 0 0 0 0 
35 0 0 0 0 0 
0 0 51 0 0 0 
0 0 51 0 0 0 
0 0 51 0 0 0 
0 0 51 0 0 0 
0 0 51 0 0 0 
0 0 51 0 0 0 
0 0 51 0 0 0 
0 0 51 0 0 0 
0 0 51 0 0 0 
0 0 51 0 0 0 
0 33 0 0 23 0 
0 33 0 0 23 0 
0 33 0 0 23 0 
0 33 0 0 23 0 
0 33 0 0 23 0 
0 33 0 0 23 0 
0 33 0 0 23 0 
0 33 0 0 23 0 
0 33 0 0 23 0 
0 33 0 0 23 0 
0 0 0 0 54 0 
0 0 0 0 54 0 
0 0 0 0 54 0 
0 0 0 0 54 0 
0 0 0 0 54 0 
0 0 0 0 54 0 
0 0 0 0 54 0 
0 0 0 0 54 0 
0 0 0 0 54 0 
0 0 0 0 54 0 
0 57 0 0 0 0 
0 57 0 0 0 0 
0 57 0 0 0 0 
0 57 0 0 0 0 
0 57 0 0 0 0 
0 57 0 0 0 0 
0 57 0 0 0 0 
0 57 0 0 0 0 
0 57 0 0 0 0 
0 57 0 0 0 0 
0 47 0 0 0 27 
0 47 0 0 0 27 
0 47 0 0 0 27 
0 47 0 0 0 27 
0 47 0 0 0 27 
0 47 0 0 0 27 
0 47 0 0 0 27 
0 47 0 0 0 27 
0 47 0 0 0 27 
0 47 0 0 0 27 
0 17 0 0 0 0 
0 17 0 0 0 0 
0 17 0 0 0 0 
0 17 0 0 0 0 
0 17 0 0 0 0 
0 17 0 0 0 0 
0 17 0 0 0 0 
0 17 0 0 0 0 
0 17 0 0 0 0 
0 17 0 0 0 0 
0 0 0 0 0 60 
0 0 0 0 0 60 
0 0 0 0 0 60 
0 0 0 0 0 60 
0 0 0 0 0 60 
0 0 0 0 0 60 
0 0 0 0 0 60 
0 0 0 0 0 60 
0 0 0 0 0 60 
0 0 0 0 0 60 
0 0 0 0 0 17 
0 0 0 0 0 17 
0 0 0 0 0 17 
0 0 0 0 0 17 
0 0 0 0 0 17 
0 0 0 0 0 17 
0 0 0 0 0 17 
0 0 0 0 0 17 
0 0 0 0 0 17 
0 0 0 0 0 17 
0 41 0 0 0 57 
0 41 0 0 0 57 
0 41 0 0 0 57 
0 41 0 0 0 57 
0 41 0 0 0 57 
0 41 0 0 0 57 
0 41 0 0 0 57 
0 41 0 0 0 57 
0 41 0 0 0 57 
0 41 0 0 0 57 
0 0 42 0 0 42 
0 0 42 0 0 42 
0 0 42 0 0 42 
0 0 42 0 0 42 
0 0 42 0 0 42 
0 0 42 0 0 42 
0 0 42 0 0 42 
0 0 42 0 0 42 
0 0 42 0 0 42 
0 0 42 0 0 42 
27 0 0 0 0 29 
27 0 0 0 0 29 
27 0 0 0 0 29 
27 0 0 0 0 29 
27 0 0 0 0 29 
27 0 0 0 0 29 
27 0 0 0 0 29 
27 0 0 0 0 29 
27 0 0 0 0 29 
27 0 0 0 0 29 
0 0 0 41 0 0 
0 0 0 41 0 0 
0 0 0 41 0 0 
0 0 0 41 0 0 
0 0 0 41 0 0 
0 0 0 41 0 0 
0 0 0 41 0 0 
0 0 0 41 0 0 
0 0 0 41 0 0 
0 0 0 41 0 0 
0 28 0 0 0 0 
0 28 0 0 0 0 
0 28 0 0 0 0 
0 28 0 0 0 0 
0 28 0 0 0 0 
0 28 0 0 0 0 
0 28 0 0 0 0 
0 28 0 0 0 0 
0 28 0 0 0 0 
0 28 0 0 0 0 
0 0 0 0 0 54 
0 0 0 0 0 54 
0 0 0 0 0 54 
0 0 0 0 0 54 
0 0 0 0 0 54 
0 0 0 0 0 54 
0 0 0 0 0 54 
0 0 0 0 0 54 
0 0 0 0 0 54 
0 0 0 0 0 54 
0 37 0 0 0 0 
0 37 0 0 0 0 
0 37 0 0 0 0 
0 37 0 0 0 0 
0 37 0 0 0 0 
0 37 0 0 0 0 
0 37 0 0 0 0 
0 37 0 0 0 0 
0 37 0 0 0 0 
0 37 0 0 0 0 
0 0 0 0 0 29 
0 0 0 0 0 29 
0 0 0 0 0 29 
0 0 0 0 0 29 
0 0 0 0 0 29 
0 0 0 0 0 29 
0 0 0 0 0 29 
0 0 0 0 0 29 
0 0 0 0 0 29 
0 0 0 0 0 29 
0 21 0 0 0 0 
0 21 0 0 0 0 
0 21 0 0 0 0 
0 21 0 0 0 0 
0 21 0 0 0 0 
0 21 0 0 0 0 
0 21 0 0 0 0 
0 21 0 0 0 0 
0 21 0 0 0 0 
0 21 0 0 0 0 
0 0 0 0 0 52 
0 0 0 0 0 52 
0 0 0 0 0 52 
0 0 0 0 0 52 
0 0 0 0 0 52 
0 0 0 0 0 52 
0 0 0 0 0 52 
0 0 0 0 0 52 
0 0 0 0 0 52 
0 0 0 0 0 52 
0 0 15 0 0 0 
0 0 15 0 0 0 
0 0 15 0 0 0 
0 0 15 0 0 0 
0 0 15 0 0 0 
0 0 15 0 0 0 
0 0 15 0 0 0 
0 0 15 0 0 0 
0 0 15 0 0 0 
0 0 15 0 0 0 
0 49 0 0 0 25 
0 49 0 0 0 25 
0 49 0 0 0 25 
0 49 0 0 0 25 
0 49 0 0 0 25 
0 49 0 0 0 25 
0 49 0 0 0 25 
0 49 0 0 0 25 
0 49 0 0 0 25 
0 49 0 0 0 25 
0 0 0 0 42 0 
0 0 0 0 42 0 
0 0 0 0 42 0 
0 0 0 0 42 0 
0 0 0 0 42 0 
0 0 0 0 42 0 
0 0 0 0 42 0 
0 0 0 0 42 0 
0 0 0 0 42 0 
0 0 0 0 42 0 
0 28 0 0 36 0 
0 28 0 0 36 0 
0 28 0 0 36 0 
0 28 0 0 36 0 
0 28 0 0 36 0 
0 28 0 0 36 0 
0 28 0 0 36 0 
0 28 0 0 36 0 
0 28 0 0 36 0 
0 28 0 0 36 0 
0 53 0 0 55 0 
0 53 0 0 55 0 
0 53 0 0 55 0 
0 53 0 0 55 0 
0 53 0 0 55 0 
0 53 0 0 55 0 
0 53 0 0 55 0 
0 53 0 0 55 0 
0 53 0 0 55 0 
0 53 0 0 55 0 
0.0 0.0 0.0 0.0 0.0 0.0 
0.0 0.0 0.0 0.0 0.0 0.0 
0.0 0.0 0.0 0.0 0.0 0.0 
0.0 0.0 0.0 0.0 0.0 0.0 
0.0 0.0 0.0 0.0 0.0 0.0 
0.0 0.0 0.0 0.0 0.0 0.0 
0.0 0.0 0.0 0.0 0.0 0.0 
0.0 0.0 0.0 0.0 0.0 0.0 
0.0 0.0 0.0 0.0 0.0 0.0 
0.0 0.0 0.0 0.0 0.0 0.0 
mind
0 0 0 0 0 0 21 12 0 0 27 0 0 0 0 0 0 0 0 0 10 0 0 0 0 0 0 0 0 10 0 0 13 0 0 0 0 13 0 0 0 0 0 0 0 0 0 11 0 0 0 0
maxd
0 0 0 0 0 0 30 28 0 0 28 0 0 0 0 0 0 0 0 0 29 0 0 0 0 0 0 0 0 30 0 0 21 0 0 0 0 29 0 0 0 0 0 0 0 0 0 29 0 0 0 0
e
0 489 606 638 746 487 522 692 780 607 579 554 744 683 798 552 893 532 527 629 823 800 537 585 756 939 515 891 946 544 546 636 611 847 675 547 743 875 612 822 899 594 844 499 931 944 818 684 711 571 736 0
l
99999 609 726 758 866 607 642 812 900 727 699 674 864 803 918 672 1013 652 647 749 943 920 657 705 876 1059 635 1011 1066 664 666 756 731 967 795 667 863 995 732 942 1019 714 964 619 1051 1064 938 804 831 691 856 99999
