nbNodes
52
nbVehi
10
nbServi
6
r
1 1 1 1 1 1 
0 0 0 1 0 0 
0 0 0 0 1 0 
0 0 0 1 0 0 
0 0 0 1 0 0 
0 0 0 0 0 1 
0 0 1 0 1 0 
0 1 0 0 0 0 
0 0 0 0 1 0 
0 0 1 0 0 0 
0 1 0 0 1 0 
0 0 0 1 0 0 
0 0 0 0 0 1 
0 1 0 0 1 0 
1 0 0 1 0 0 
0 0 0 1 0 0 
0 1 0 0 0 1 
0 0 1 0 0 0 
0 1 0 0 0 0 
0 0 1 0 0 1 
0 0 0 0 0 1 
0 0 0 0 1 0 
0 0 0 0 0 1 
0 1 0 0 1 0 
1 0 0 0 1 0 
1 0 0 1 0 0 
0 1 0 0 0 0 
0 0 0 0 0 1 
0 0 0 0 0 1 
0 0 1 0 0 0 
0 1 0 0 0 0 
0 0 0 0 0 1 
0 1 0 1 0 0 
0 1 0 0 0 0 
0 0 1 0 0 0 
0 0 1 0 0 1 
1 0 0 0 0 1 
0 1 0 0 0 1 
0 0 0 0 1 0 
0 0 1 0 0 0 
0 1 0 0 0 0 
0 0 1 1 0 0 
0 0 0 0 1 0 
1 0 0 0 1 0 
0 1 0 0 0 0 
0 0 0 0 0 1 
0 0 0 1 0 0 
0 0 1 0 0 1 
1 0 0 0 0 0 
0 1 0 0 0 0 
1 0 0 0 0 0 
1 1 1 1 1 1 
DS
7 11 14 15 17 20 24 25 26 33 36 37 38 42 44 48 
a
0 0 1 0 0 0 
1 1 1 0 0 0 
1 1 1 0 0 0 
0 1 1 0 0 0 
1 1 0 0 0 0 
0 0 0 0 1 1 
0 0 0 1 0 1 
0 0 0 1 0 0 
0 0 0 0 1 1 
0 0 0 1 1 0 
x
-30.1698 -30.014 -30.1125 -30.0374 -30.0297 -30.0191 -30.1107 -30.0174 -30.0445 -30.1217 -30.0529 -30.0231 -30.0426 -30.0291 -30.1698 -30.0212 -30.0433 -30.0604 -30.0169 -30.0222 -30.0579 -30.0351 -30.0231 -30.048 -30.0237 -30.0533 -30.0319 -30.0453 -30.0473 -30.0164 -30.0471 -30.0376 -30.0321 -30.1147 -30.0495 -30.0295 -30.1092 -30.0237 -30.0191 -30.025 -30.01 -30.0207 -30.0336 -30.0146 -30.0556 -30.0318 -30.1175 -30.0474 -30.049 -30.1173 -30.016 -30.1698
y
-51.1962 -51.2001 -51.2313 -51.1642 -51.1939 -51.1089 -51.2293 -51.1669 -51.1279 -51.2002 -51.1484 -51.1137 -51.1689 -51.1843 -51.1962 -51.1842 -51.1683 -51.1918 -51.1996 -51.2002 -51.1442 -51.115 -51.0962 -51.2074 -51.1891 -51.1519 -51.1156 -51.1514 -51.1879 -51.1895 -51.1613 -51.1583 -51.1869 -51.2127 -51.1735 -51.1457 -51.2322 -51.1158 -51.1178 -51.1834 -51.1719 -51.175 -51.116 -51.1729 -51.1436 -51.1929 -51.2274 -51.1562 -51.1535 -51.2298 -51.1218 -51.1962
d
0.00000 36.00000 18.00000 35.00000 35.00000 44.00000 17.00000 37.00000 39.00000 18.00000 36.00000 42.00000 33.00000 35.00000 0.00000 35.00000 33.00000 30.00000 35.00000 34.00000 35.00000 41.00000 46.00000 30.00000 36.00000 35.00000 41.00000 35.00000 32.00000 37.00000 34.00000 36.00000 34.00000 17.00000 31.00000 38.00000 18.00000 42.00000 42.00000 37.00000 38.00000 36.00000 41.00000 37.00000 36.00000 35.00000 18.00000 34.00000 34.00000 18.00000 43.00000 0.00000
38.00000 0.00000 23.00000 13.00000 7.00000 17.00000 22.00000 8.00000 17.00000 27.00000 16.00000 17.00000 11.00000 7.00000 38.00000 7.00000 11.00000 12.00000 4.00000 5.00000 18.00000 19.00000 20.00000 11.00000 6.00000 17.00000 19.00000 14.00000 11.00000 4.00000 14.00000 12.00000 7.00000 23.00000 12.00000 13.00000 22.00000 17.00000 16.00000 6.00000 8.00000 7.00000 19.00000 7.00000 18.00000 7.00000 24.00000 14.00000 16.00000 24.00000 15.00000 38.00000
18.00000 22.00000 0.00000 21.00000 22.00000 30.00000 2.00000 23.00000 25.00000 9.00000 22.00000 29.00000 19.00000 22.00000 18.00000 21.00000 19.00000 16.00000 22.00000 20.00000 22.00000 27.00000 33.00000 16.00000 22.00000 21.00000 28.00000 22.00000 18.00000 23.00000 20.00000 22.00000 21.00000 5.00000 18.00000 24.00000 2.00000 28.00000 28.00000 23.00000 24.00000 22.00000 27.00000 23.00000 22.00000 22.00000 3.00000 20.00000 21.00000 3.00000 29.00000 18.00000
36.00000 11.00000 21.00000 0.00000 9.00000 13.00000 21.00000 7.00000 9.00000 25.00000 8.00000 12.00000 4.00000 7.00000 36.00000 7.00000 4.00000 10.00000 11.00000 10.00000 10.00000 11.00000 16.00000 12.00000 9.00000 8.00000 11.00000 5.00000 7.00000 9.00000 5.00000 3.00000 7.00000 21.00000 6.00000 7.00000 20.00000 12.00000 12.00000 9.00000 9.00000 7.00000 10.00000 9.00000 9.00000 9.00000 22.00000 5.00000 7.00000 22.00000 12.00000 36.00000
34.00000 5.00000 20.00000 9.00000 0.00000 18.00000 19.00000 6.00000 14.00000 24.00000 13.00000 17.00000 8.00000 3.00000 34.00000 5.00000 8.00000 9.00000 4.00000 3.00000 15.00000 16.00000 21.00000 7.00000 3.00000 13.00000 16.00000 11.00000 7.00000 5.00000 11.00000 10.00000 3.00000 20.00000 8.00000 11.00000 19.00000 17.00000 16.00000 4.00000 7.00000 5.00000 16.00000 6.00000 14.00000 3.00000 21.00000 11.00000 13.00000 21.00000 15.00000 34.00000
45.00000 18.00000 31.00000 13.00000 18.00000 0.00000 30.00000 14.00000 9.00000 35.00000 12.00000 3.00000 14.00000 18.00000 45.00000 15.00000 15.00000 20.00000 18.00000 17.00000 14.00000 7.00000 6.00000 22.00000 16.00000 13.00000 6.00000 11.00000 18.00000 16.00000 13.00000 12.00000 17.00000 31.00000 16.00000 11.00000 30.00000 4.00000 3.00000 17.00000 13.00000 15.00000 6.00000 13.00000 13.00000 19.00000 32.00000 13.00000 14.00000 32.00000 5.00000 45.00000
17.00000 21.00000 2.00000 20.00000 21.00000 29.00000 0.00000 22.00000 25.00000 8.00000 21.00000 28.00000 18.00000 21.00000 17.00000 20.00000 18.00000 15.00000 21.00000 20.00000 21.00000 26.00000 32.00000 15.00000 21.00000 20.00000 27.00000 21.00000 17.00000 22.00000 19.00000 21.00000 20.00000 4.00000 17.00000 23.00000 2.00000 27.00000 27.00000 22.00000 24.00000 21.00000 26.00000 22.00000 21.00000 21.00000 3.00000 20.00000 20.00000 4.00000 28.00000 17.00000
39.00000 8.00000 24.00000 6.00000 8.00000 13.00000 23.00000 0.00000 11.00000 28.00000 10.00000 12.00000 7.00000 6.00000 39.00000 4.00000 7.00000 12.00000 7.00000 7.00000 12.00000 13.00000 16.00000 12.00000 6.00000 10.00000 13.00000 8.00000 10.00000 6.00000 9.00000 5.00000 7.00000 24.00000 8.00000 7.00000 23.00000 12.00000 11.00000 6.00000 4.00000 3.00000 13.00000 3.00000 11.00000 8.00000 25.00000 8.00000 10.00000 25.00000 10.00000 39.00000
41.00000 16.00000 26.00000 8.00000 15.00000 8.00000 26.00000 14.00000 0.00000 30.00000 7.00000 7.00000 10.00000 13.00000 41.00000 12.00000 10.00000 16.00000 16.00000 16.00000 9.00000 5.00000 10.00000 17.00000 15.00000 8.00000 5.00000 7.00000 13.00000 15.00000 9.00000 7.00000 13.00000 26.00000 11.00000 8.00000 25.00000 6.00000 6.00000 15.00000 15.00000 13.00000 5.00000 15.00000 8.00000 14.00000 27.00000 8.00000 9.00000 27.00000 7.00000 41.00000
19.00000 24.00000 9.00000 23.00000 24.00000 32.00000 8.00000 25.00000 27.00000 0.00000 24.00000 31.00000 21.00000 24.00000 19.00000 23.00000 21.00000 18.00000 24.00000 22.00000 23.00000 29.00000 35.00000 18.00000 24.00000 23.00000 30.00000 24.00000 20.00000 25.00000 22.00000 24.00000 23.00000 4.00000 20.00000 26.00000 9.00000 30.00000 30.00000 25.00000 26.00000 24.00000 29.00000 25.00000 24.00000 24.00000 8.00000 22.00000 22.00000 9.00000 31.00000 19.00000
35.00000 16.00000 21.00000 7.00000 14.00000 12.00000 20.00000 13.00000 7.00000 24.00000 0.00000 10.00000 8.00000 12.00000 35.00000 12.00000 8.00000 10.00000 15.00000 14.00000 3.00000 9.00000 14.00000 12.00000 14.00000 2.00000 9.00000 4.00000 11.00000 14.00000 6.00000 7.00000 12.00000 21.00000 7.00000 8.00000 20.00000 10.00000 10.00000 14.00000 14.00000 12.00000 8.00000 14.00000 3.00000 13.00000 21.00000 5.00000 4.00000 21.00000 11.00000 35.00000
43.00000 17.00000 29.00000 11.00000 17.00000 3.00000 28.00000 13.00000 7.00000 33.00000 10.00000 0.00000 12.00000 16.00000 43.00000 14.00000 13.00000 18.00000 17.00000 17.00000 12.00000 6.00000 5.00000 20.00000 15.00000 11.00000 4.00000 9.00000 16.00000 16.00000 11.00000 10.00000 15.00000 29.00000 14.00000 9.00000 28.00000 1.00000 2.00000 16.00000 12.00000 14.00000 5.00000 12.00000 11.00000 17.00000 29.00000 11.00000 11.00000 30.00000 3.00000 43.00000
33.00000 10.00000 19.00000 3.00000 8.00000 13.00000 18.00000 8.00000 8.00000 22.00000 7.00000 11.00000 0.00000 6.00000 33.00000 5.00000 1.00000 8.00000 9.00000 9.00000 9.00000 10.00000 15.00000 10.00000 8.00000 7.00000 10.00000 4.00000 6.00000 8.00000 4.00000 4.00000 6.00000 19.00000 3.00000 6.00000 18.00000 11.00000 11.00000 8.00000 9.00000 6.00000 9.00000 8.00000 8.00000 8.00000 19.00000 5.00000 7.00000 19.00000 12.00000 33.00000
34.00000 6.00000 20.00000 8.00000 2.00000 17.00000 19.00000 5.00000 12.00000 24.00000 11.00000 16.00000 6.00000 0.00000 34.00000 3.00000 6.00000 8.00000 6.00000 5.00000 13.00000 14.00000 20.00000 8.00000 3.00000 12.00000 15.00000 9.00000 6.00000 5.00000 9.00000 9.00000 2.00000 20.00000 7.00000 10.00000 19.00000 15.00000 15.00000 3.00000 7.00000 4.00000 14.00000 6.00000 13.00000 3.00000 21.00000 9.00000 11.00000 21.00000 14.00000 34.00000
0.00000 36.00000 18.00000 35.00000 35.00000 44.00000 17.00000 37.00000 39.00000 18.00000 36.00000 42.00000 33.00000 35.00000 0.00000 35.00000 33.00000 30.00000 35.00000 34.00000 35.00000 41.00000 46.00000 30.00000 36.00000 35.00000 41.00000 35.00000 32.00000 37.00000 34.00000 36.00000 34.00000 17.00000 31.00000 38.00000 18.00000 42.00000 42.00000 37.00000 38.00000 36.00000 41.00000 37.00000 36.00000 35.00000 18.00000 34.00000 34.00000 18.00000 43.00000 0.00000
37.00000 5.00000 22.00000 9.00000 5.00000 15.00000 21.00000 5.00000 15.00000 26.00000 14.00000 15.00000 8.00000 4.00000 37.00000 0.00000 9.00000 11.00000 4.00000 4.00000 15.00000 16.00000 18.00000 10.00000 3.00000 14.00000 17.00000 11.00000 9.00000 3.00000 11.00000 9.00000 4.00000 22.00000 9.00000 10.00000 21.00000 15.00000 14.00000 3.00000 5.00000 3.00000 16.00000 4.00000 15.00000 6.00000 23.00000 11.00000 13.00000 23.00000 13.00000 37.00000
33.00000 10.00000 19.00000 3.00000 8.00000 13.00000 18.00000 8.00000 8.00000 22.00000 7.00000 11.00000 1.00000 7.00000 33.00000 6.00000 0.00000 8.00000 10.00000 9.00000 9.00000 10.00000 15.00000 10.00000 8.00000 7.00000 10.00000 4.00000 7.00000 8.00000 4.00000 4.00000 6.00000 19.00000 3.00000 7.00000 18.00000 11.00000 11.00000 9.00000 9.00000 7.00000 9.00000 8.00000 8.00000 8.00000 19.00000 5.00000 7.00000 19.00000 12.00000 33.00000
28.00000 11.00000 14.00000 11.00000 10.00000 20.00000 13.00000 13.00000 15.00000 17.00000 10.00000 18.00000 9.00000 10.00000 28.00000 10.00000 9.00000 0.00000 11.00000 10.00000 9.00000 17.00000 22.00000 5.00000 11.00000 11.00000 17.00000 11.00000 6.00000 12.00000 10.00000 12.00000 9.00000 14.00000 7.00000 13.00000 13.00000 18.00000 18.00000 12.00000 14.00000 11.00000 16.00000 13.00000 10.00000 9.00000 14.00000 10.00000 10.00000 14.00000 19.00000 28.00000
36.00000 1.00000 21.00000 12.00000 6.00000 18.00000 21.00000 8.00000 17.00000 25.00000 16.00000 17.00000 10.00000 7.00000 36.00000 6.00000 11.00000 10.00000 0.00000 3.00000 17.00000 19.00000 21.00000 9.00000 5.00000 16.00000 19.00000 13.00000 10.00000 4.00000 13.00000 12.00000 7.00000 21.00000 11.00000 14.00000 20.00000 18.00000 16.00000 5.00000 8.00000 6.00000 18.00000 7.00000 17.00000 6.00000 22.00000 13.00000 15.00000 22.00000 15.00000 36.00000
35.00000 2.00000 21.00000 11.00000 5.00000 18.00000 20.00000 7.00000 16.00000 24.00000 15.00000 17.00000 9.00000 6.00000 35.00000 5.00000 10.00000 9.00000 2.00000 0.00000 16.00000 18.00000 21.00000 8.00000 4.00000 15.00000 18.00000 12.00000 9.00000 3.00000 12.00000 11.00000 6.00000 20.00000 10.00000 13.00000 20.00000 17.00000 16.00000 4.00000 7.00000 5.00000 17.00000 6.00000 16.00000 5.00000 21.00000 13.00000 14.00000 21.00000 15.00000 35.00000
35.00000 16.00000 20.00000 9.00000 14.00000 13.00000 20.00000 14.00000 8.00000 24.00000 3.00000 12.00000 8.00000 12.00000 35.00000 11.00000 8.00000 10.00000 15.00000 14.00000 0.00000 10.00000 16.00000 12.00000 14.00000 5.00000 11.00000 7.00000 11.00000 14.00000 6.00000 8.00000 12.00000 20.00000 7.00000 9.00000 19.00000 11.00000 11.00000 14.00000 15.00000 12.00000 10.00000 14.00000 2.00000 13.00000 21.00000 6.00000 6.00000 21.00000 12.00000 35.00000
42.00000 18.00000 28.00000 9.00000 16.00000 7.00000 27.00000 15.00000 5.00000 31.00000 8.00000 6.00000 11.00000 14.00000 42.00000 14.00000 11.00000 17.00000 17.00000 17.00000 10.00000 0.00000 8.00000 19.00000 16.00000 10.00000 3.00000 8.00000 14.00000 16.00000 10.00000 9.00000 14.00000 28.00000 12.00000 10.00000 27.00000 6.00000 6.00000 16.00000 15.00000 14.00000 2.00000 15.00000 10.00000 16.00000 28.00000 10.00000 10.00000 29.00000 7.00000 42.00000
47.00000 21.00000 33.00000 15.00000 21.00000 5.00000 32.00000 16.00000 11.00000 37.00000 14.00000 5.00000 16.00000 20.00000 47.00000 18.00000 17.00000 22.00000 20.00000 20.00000 16.00000 8.00000 0.00000 24.00000 19.00000 15.00000 8.00000 14.00000 20.00000 19.00000 15.00000 14.00000 19.00000 33.00000 18.00000 13.00000 32.00000 6.00000 5.00000 19.00000 15.00000 18.00000 8.00000 16.00000 15.00000 21.00000 34.00000 15.00000 16.00000 34.00000 7.00000 47.00000
30.00000 7.00000 15.00000 11.00000 6.00000 20.00000 15.00000 10.00000 15.00000 19.00000 13.00000 18.00000 9.00000 7.00000 30.00000 9.00000 9.00000 4.00000 6.00000 5.00000 12.00000 17.00000 22.00000 0.00000 7.00000 12.00000 17.00000 12.00000 6.00000 8.00000 11.00000 12.00000 7.00000 15.00000 9.00000 14.00000 14.00000 18.00000 18.00000 8.00000 11.00000 9.00000 17.00000 10.00000 13.00000 6.00000 16.00000 11.00000 11.00000 16.00000 19.00000 30.00000
35.00000 4.00000 21.00000 9.00000 3.00000 16.00000 20.00000 5.00000 14.00000 25.00000 13.00000 16.00000 7.00000 3.00000 35.00000 3.00000 7.00000 10.00000 4.00000 3.00000 14.00000 15.00000 19.00000 9.00000 0.00000 13.00000 16.00000 10.00000 7.00000 2.00000 10.00000 9.00000 3.00000 21.00000 8.00000 10.00000 20.00000 16.00000 15.00000 2.00000 6.00000 4.00000 15.00000 5.00000 14.00000 4.00000 22.00000 10.00000 12.00000 22.00000 13.00000 35.00000
36.00000 15.00000 21.00000 7.00000 14.00000 13.00000 21.00000 12.00000 8.00000 25.00000 2.00000 11.00000 8.00000 12.00000 36.00000 11.00000 8.00000 11.00000 15.00000 15.00000 5.00000 10.00000 15.00000 13.00000 14.00000 0.00000 10.00000 3.00000 12.00000 14.00000 6.00000 6.00000 12.00000 21.00000 8.00000 8.00000 20.00000 11.00000 11.00000 14.00000 13.00000 12.00000 10.00000 14.00000 4.00000 13.00000 22.00000 4.00000 3.00000 22.00000 12.00000 36.00000
42.00000 18.00000 28.00000 10.00000 17.00000 6.00000 27.00000 14.00000 6.00000 32.00000 9.00000 4.00000 11.00000 15.00000 42.00000 14.00000 12.00000 17.00000 18.00000 18.00000 11.00000 3.00000 7.00000 19.00000 16.00000 10.00000 0.00000 9.00000 15.00000 16.00000 11.00000 9.00000 14.00000 28.00000 13.00000 10.00000 27.00000 4.00000 4.00000 17.00000 13.00000 15.00000 1.00000 14.00000 10.00000 16.00000 29.00000 10.00000 11.00000 29.00000 5.00000 42.00000
36.00000 13.00000 22.00000 4.00000 11.00000 11.00000 21.00000 10.00000 6.00000 25.00000 4.00000 9.00000 6.00000 9.00000 36.00000 8.00000 6.00000 11.00000 12.00000 12.00000 7.00000 8.00000 13.00000 13.00000 11.00000 3.00000 8.00000 0.00000 9.00000 11.00000 4.00000 4.00000 9.00000 21.00000 7.00000 5.00000 21.00000 9.00000 9.00000 11.00000 11.00000 9.00000 8.00000 11.00000 6.00000 11.00000 22.00000 3.00000 3.00000 22.00000 10.00000 36.00000
31.00000 9.00000 17.00000 7.00000 7.00000 16.00000 16.00000 10.00000 12.00000 21.00000 11.00000 15.00000 5.00000 6.00000 31.00000 8.00000 6.00000 4.00000 9.00000 7.00000 11.00000 14.00000 19.00000 7.00000 7.00000 11.00000 14.00000 8.00000 0.00000 9.00000 8.00000 9.00000 5.00000 17.00000 6.00000 10.00000 16.00000 15.00000 15.00000 8.00000 11.00000 9.00000 13.00000 10.00000 12.00000 5.00000 17.00000 8.00000 10.00000 18.00000 15.00000 31.00000
36.00000 3.00000 22.00000 10.00000 5.00000 16.00000 21.00000 6.00000 14.00000 26.00000 13.00000 16.00000 8.00000 5.00000 36.00000 4.00000 8.00000 11.00000 3.00000 4.00000 15.00000 16.00000 19.00000 10.00000 3.00000 14.00000 17.00000 11.00000 8.00000 0.00000 11.00000 10.00000 5.00000 22.00000 9.00000 12.00000 21.00000 16.00000 15.00000 3.00000 6.00000 4.00000 16.00000 5.00000 15.00000 6.00000 22.00000 11.00000 13.00000 23.00000 14.00000 36.00000
35.00000 13.00000 20.00000 4.00000 11.00000 13.00000 19.00000 11.00000 8.00000 24.00000 6.00000 11.00000 4.00000 9.00000 35.00000 9.00000 4.00000 10.00000 13.00000 12.00000 8.00000 10.00000 15.00000 12.00000 11.00000 5.00000 10.00000 4.00000 9.00000 11.00000 0.00000 5.00000 9.00000 20.00000 5.00000 7.00000 19.00000 11.00000 11.00000 11.00000 12.00000 10.00000 9.00000 11.00000 8.00000 11.00000 21.00000 3.00000 5.00000 21.00000 12.00000 35.00000
36.00000 11.00000 22.00000 2.00000 9.00000 13.00000 21.00000 7.00000 8.00000 25.00000 7.00000 11.00000 4.00000 7.00000 36.00000 7.00000 5.00000 10.00000 11.00000 10.00000 9.00000 10.00000 15.00000 12.00000 9.00000 7.00000 10.00000 4.00000 8.00000 9.00000 5.00000 0.00000 7.00000 21.00000 6.00000 5.00000 21.00000 11.00000 11.00000 10.00000 9.00000 7.00000 9.00000 9.00000 8.00000 9.00000 22.00000 5.00000 7.00000 22.00000 11.00000 36.00000
34.00000 7.00000 20.00000 8.00000 3.00000 17.00000 19.00000 6.00000 12.00000 24.00000 11.00000 15.00000 6.00000 2.00000 34.00000 4.00000 6.00000 7.00000 6.00000 5.00000 13.00000 14.00000 19.00000 7.00000 3.00000 11.00000 14.00000 9.00000 5.00000 5.00000 9.00000 8.00000 0.00000 20.00000 6.00000 10.00000 19.00000 15.00000 15.00000 3.00000 7.00000 4.00000 13.00000 6.00000 12.00000 3.00000 21.00000 9.00000 11.00000 21.00000 15.00000 34.00000
17.00000 20.00000 6.00000 19.00000 20.00000 28.00000 5.00000 21.00000 24.00000 4.00000 20.00000 27.00000 17.00000 20.00000 17.00000 19.00000 18.00000 14.00000 20.00000 19.00000 20.00000 26.00000 31.00000 14.00000 21.00000 19.00000 26.00000 20.00000 16.00000 21.00000 19.00000 21.00000 19.00000 0.00000 16.00000 22.00000 5.00000 27.00000 27.00000 21.00000 23.00000 20.00000 25.00000 22.00000 20.00000 20.00000 5.00000 19.00000 19.00000 5.00000 27.00000 17.00000
32.00000 12.00000 18.00000 6.00000 10.00000 16.00000 17.00000 10.00000 11.00000 21.00000 8.00000 14.00000 4.00000 8.00000 32.00000 7.00000 4.00000 7.00000 11.00000 11.00000 8.00000 13.00000 18.00000 9.00000 10.00000 7.00000 13.00000 7.00000 7.00000 10.00000 5.00000 7.00000 8.00000 17.00000 0.00000 9.00000 17.00000 14.00000 14.00000 10.00000 11.00000 8.00000 12.00000 10.00000 8.00000 10.00000 18.00000 6.00000 6.00000 18.00000 14.00000 32.00000
39.00000 13.00000 25.00000 6.00000 10.00000 11.00000 24.00000 8.00000 8.00000 29.00000 7.00000 10.00000 8.00000 9.00000 39.00000 9.00000 8.00000 14.00000 13.00000 13.00000 10.00000 10.00000 13.00000 15.00000 11.00000 8.00000 11.00000 6.00000 11.00000 12.00000 7.00000 5.00000 10.00000 25.00000 9.00000 0.00000 24.00000 10.00000 9.00000 11.00000 8.00000 8.00000 10.00000 9.00000 9.00000 11.00000 25.00000 6.00000 8.00000 26.00000 9.00000 39.00000
18.00000 21.00000 2.00000 20.00000 20.00000 29.00000 2.00000 22.00000 24.00000 9.00000 21.00000 27.00000 18.00000 20.00000 18.00000 20.00000 18.00000 15.00000 20.00000 19.00000 20.00000 26.00000 31.00000 14.00000 21.00000 20.00000 26.00000 20.00000 17.00000 22.00000 19.00000 21.00000 19.00000 5.00000 16.00000 23.00000 0.00000 27.00000 27.00000 22.00000 23.00000 21.00000 26.00000 22.00000 21.00000 20.00000 4.00000 19.00000 19.00000 4.00000 28.00000 18.00000
43.00000 18.00000 29.00000 11.00000 17.00000 4.00000 28.00000 13.00000 7.00000 33.00000 9.00000 1.00000 12.00000 15.00000 43.00000 14.00000 13.00000 18.00000 17.00000 17.00000 11.00000 6.00000 6.00000 20.00000 16.00000 11.00000 5.00000 9.00000 15.00000 16.00000 11.00000 10.00000 15.00000 29.00000 14.00000 9.00000 28.00000 0.00000 3.00000 16.00000 12.00000 15.00000 5.00000 12.00000 11.00000 17.00000 29.00000 11.00000 11.00000 30.00000 3.00000 43.00000
43.00000 16.00000 29.00000 10.00000 17.00000 3.00000 28.00000 12.00000 6.00000 32.00000 9.00000 2.00000 12.00000 15.00000 43.00000 13.00000 12.00000 18.00000 16.00000 16.00000 11.00000 6.00000 5.00000 20.00000 14.00000 10.00000 5.00000 9.00000 15.00000 15.00000 11.00000 10.00000 15.00000 29.00000 13.00000 9.00000 28.00000 3.00000 0.00000 15.00000 11.00000 13.00000 6.00000 11.00000 11.00000 17.00000 29.00000 11.00000 11.00000 29.00000 2.00000 43.00000
34.00000 7.00000 20.00000 8.00000 4.00000 17.00000 19.00000 5.00000 12.00000 23.00000 11.00000 15.00000 6.00000 2.00000 34.00000 3.00000 6.00000 9.00000 7.00000 6.00000 13.00000 14.00000 19.00000 9.00000 5.00000 11.00000 14.00000 9.00000 6.00000 5.00000 9.00000 8.00000 3.00000 20.00000 6.00000 10.00000 19.00000 15.00000 15.00000 0.00000 6.00000 4.00000 13.00000 5.00000 12.00000 5.00000 20.00000 9.00000 11.00000 20.00000 14.00000 34.00000
41.00000 7.00000 26.00000 9.00000 9.00000 13.00000 25.00000 4.00000 14.00000 30.00000 13.00000 13.00000 10.00000 8.00000 41.00000 6.00000 10.00000 15.00000 7.00000 8.00000 15.00000 16.00000 16.00000 14.00000 7.00000 13.00000 15.00000 10.00000 13.00000 7.00000 11.00000 8.00000 8.00000 26.00000 11.00000 9.00000 25.00000 13.00000 12.00000 7.00000 0.00000 6.00000 15.00000 4.00000 14.00000 10.00000 27.00000 11.00000 13.00000 27.00000 11.00000 41.00000
37.00000 6.00000 23.00000 6.00000 6.00000 14.00000 22.00000 3.00000 12.00000 27.00000 11.00000 13.00000 8.00000 4.00000 37.00000 3.00000 8.00000 11.00000 5.00000 5.00000 13.00000 14.00000 17.00000 11.00000 4.00000 11.00000 14.00000 8.00000 8.00000 4.00000 9.00000 6.00000 5.00000 23.00000 9.00000 8.00000 22.00000 13.00000 12.00000 4.00000 4.00000 0.00000 13.00000 2.00000 12.00000 6.00000 24.00000 9.00000 11.00000 24.00000 11.00000 37.00000
42.00000 17.00000 27.00000 9.00000 16.00000 6.00000 26.00000 14.00000 5.00000 31.00000 8.00000 5.00000 11.00000 14.00000 42.00000 13.00000 11.00000 17.00000 17.00000 17.00000 10.00000 2.00000 8.00000 18.00000 16.00000 9.00000 1.00000 8.00000 14.00000 16.00000 10.00000 8.00000 14.00000 27.00000 12.00000 9.00000 26.00000 4.00000 4.00000 16.00000 14.00000 14.00000 0.00000 14.00000 9.00000 15.00000 28.00000 9.00000 10.00000 28.00000 5.00000 42.00000
39.00000 7.00000 24.00000 8.00000 7.00000 13.00000 23.00000 3.00000 13.00000 28.00000 12.00000 13.00000 9.00000 6.00000 39.00000 4.00000 10.00000 13.00000 6.00000 6.00000 14.00000 15.00000 16.00000 12.00000 5.00000 13.00000 15.00000 10.00000 10.00000 5.00000 11.00000 8.00000 6.00000 24.00000 11.00000 9.00000 23.00000 13.00000 12.00000 5.00000 3.00000 4.00000 15.00000 0.00000 14.00000 7.00000 25.00000 10.00000 12.00000 25.00000 10.00000 39.00000
35.00000 16.00000 21.00000 8.00000 15.00000 12.00000 20.00000 13.00000 8.00000 25.00000 3.00000 11.00000 9.00000 13.00000 35.00000 12.00000 8.00000 11.00000 16.00000 15.00000 2.00000 10.00000 15.00000 13.00000 15.00000 4.00000 10.00000 6.00000 11.00000 15.00000 7.00000 7.00000 13.00000 21.00000 8.00000 9.00000 20.00000 11.00000 11.00000 15.00000 14.00000 13.00000 9.00000 15.00000 0.00000 14.00000 22.00000 7.00000 5.00000 22.00000 11.00000 35.00000
35.00000 6.00000 21.00000 10.00000 2.00000 18.00000 20.00000 7.00000 14.00000 24.00000 13.00000 17.00000 8.00000 4.00000 35.00000 6.00000 8.00000 8.00000 6.00000 5.00000 15.00000 16.00000 21.00000 8.00000 4.00000 13.00000 16.00000 10.00000 7.00000 5.00000 10.00000 10.00000 3.00000 21.00000 8.00000 12.00000 20.00000 17.00000 17.00000 4.00000 8.00000 6.00000 15.00000 7.00000 14.00000 0.00000 21.00000 11.00000 13.00000 21.00000 16.00000 35.00000
16.00000 23.00000 3.00000 22.00000 22.00000 31.00000 4.00000 24.00000 26.00000 8.00000 23.00000 29.00000 20.00000 22.00000 16.00000 22.00000 20.00000 17.00000 22.00000 21.00000 22.00000 28.00000 33.00000 16.00000 23.00000 22.00000 28.00000 22.00000 19.00000 24.00000 21.00000 23.00000 21.00000 6.00000 18.00000 25.00000 4.00000 29.00000 29.00000 24.00000 25.00000 23.00000 28.00000 24.00000 23.00000 22.00000 0.00000 21.00000 21.00000 1.00000 30.00000 16.00000
35.00000 13.00000 20.00000 5.00000 12.00000 12.00000 19.00000 10.00000 7.00000 24.00000 5.00000 11.00000 6.00000 10.00000 35.00000 9.00000 6.00000 10.00000 13.00000 13.00000 7.00000 9.00000 14.00000 12.00000 11.00000 4.00000 9.00000 3.00000 10.00000 11.00000 3.00000 4.00000 9.00000 20.00000 6.00000 6.00000 19.00000 10.00000 10.00000 12.00000 11.00000 10.00000 9.00000 11.00000 7.00000 11.00000 21.00000 0.00000 3.00000 21.00000 11.00000 35.00000
35.00000 15.00000 21.00000 7.00000 14.00000 13.00000 20.00000 12.00000 8.00000 24.00000 4.00000 11.00000 7.00000 12.00000 35.00000 11.00000 7.00000 10.00000 15.00000 14.00000 6.00000 10.00000 15.00000 12.00000 13.00000 3.00000 10.00000 3.00000 11.00000 13.00000 5.00000 6.00000 11.00000 20.00000 7.00000 8.00000 20.00000 11.00000 11.00000 14.00000 13.00000 12.00000 9.00000 13.00000 5.00000 13.00000 21.00000 3.00000 0.00000 21.00000 12.00000 35.00000
17.00000 23.00000 3.00000 22.00000 23.00000 31.00000 4.00000 24.00000 26.00000 8.00000 23.00000 30.00000 20.00000 23.00000 17.00000 22.00000 20.00000 17.00000 23.00000 21.00000 22.00000 28.00000 34.00000 17.00000 23.00000 22.00000 29.00000 22.00000 19.00000 24.00000 21.00000 23.00000 22.00000 6.00000 19.00000 25.00000 4.00000 29.00000 29.00000 24.00000 25.00000 23.00000 28.00000 24.00000 23.00000 23.00000 1.00000 21.00000 21.00000 0.00000 30.00000 17.00000
44.00000 16.00000 30.00000 11.00000 16.00000 5.00000 29.00000 11.00000 7.00000 33.00000 10.00000 4.00000 13.00000 16.00000 44.00000 13.00000 13.00000 19.00000 16.00000 15.00000 12.00000 7.00000 7.00000 20.00000 14.00000 11.00000 6.00000 10.00000 16.00000 14.00000 12.00000 11.00000 16.00000 29.00000 14.00000 10.00000 29.00000 4.00000 3.00000 14.00000 11.00000 13.00000 6.00000 11.00000 11.00000 17.00000 30.00000 11.00000 12.00000 30.00000 0.00000 44.00000
0.00000 36.00000 18.00000 35.00000 35.00000 44.00000 17.00000 37.00000 39.00000 18.00000 36.00000 42.00000 33.00000 35.00000 0.00000 35.00000 33.00000 30.00000 35.00000 34.00000 35.00000 41.00000 46.00000 30.00000 36.00000 35.00000 41.00000 35.00000 32.00000 37.00000 34.00000 36.00000 34.00000 17.00000 31.00000 38.00000 18.00000 42.00000 42.00000 37.00000 38.00000 36.00000 41.00000 37.00000 36.00000 35.00000 18.00000 34.00000 34.00000 18.00000 43.00000 0.00000
p
0.0 0.0 0.0 0.0 0.0 0.0 
0.0 0.0 0.0 0.0 0.0 0.0 
0.0 0.0 0.0 0.0 0.0 0.0 
0.0 0.0 0.0 0.0 0.0 0.0 
0.0 0.0 0.0 0.0 0.0 0.0 
0.0 0.0 0.0 0.0 0.0 0.0 
0.0 0.0 0.0 0.0 0.0 0.0 
0.0 0.0 0.0 0.0 0.0 0.0 
0.0 0.0 0.0 0.0 0.0 0.0 
0.0 0.0 0.0 0.0 0.0 0.0 
0 0 0 28 0 0 
0 0 0 28 0 0 
0 0 0 28 0 0 
0 0 0 28 0 0 
0 0 0 28 0 0 
0 0 0 28 0 0 
0 0 0 28 0 0 
0 0 0 28 0 0 
0 0 0 28 0 0 
0 0 0 28 0 0 
0 0 0 0 57 0 
0 0 0 0 57 0 
0 0 0 0 57 0 
0 0 0 0 57 0 
0 0 0 0 57 0 
0 0 0 0 57 0 
0 0 0 0 57 0 
0 0 0 0 57 0 
0 0 0 0 57 0 
0 0 0 0 57 0 
0 0 0 29 0 0 
0 0 0 29 0 0 
0 0 0 29 0 0 
0 0 0 29 0 0 
0 0 0 29 0 0 
0 0 0 29 0 0 
0 0 0 29 0 0 
0 0 0 29 0 0 
0 0 0 29 0 0 
0 0 0 29 0 0 
0 0 0 47 0 0 
0 0 0 47 0 0 
0 0 0 47 0 0 
0 0 0 47 0 0 
0 0 0 47 0 0 
0 0 0 47 0 0 
0 0 0 47 0 0 
0 0 0 47 0 0 
0 0 0 47 0 0 
0 0 0 47 0 0 
0 0 0 0 0 20 
0 0 0 0 0 20 
0 0 0 0 0 20 
0 0 0 0 0 20 
0 0 0 0 0 20 
0 0 0 0 0 20 
0 0 0 0 0 20 
0 0 0 0 0 20 
0 0 0 0 0 20 
0 0 0 0 0 20 
0 0 17 0 25 0 
0 0 17 0 25 0 
0 0 17 0 25 0 
0 0 17 0 25 0 
0 0 17 0 25 0 
0 0 17 0 25 0 
0 0 17 0 25 0 
0 0 17 0 25 0 
0 0 17 0 25 0 
0 0 17 0 25 0 
0 31 0 0 0 0 
0 31 0 0 0 0 
0 31 0 0 0 0 
0 31 0 0 0 0 
0 31 0 0 0 0 
0 31 0 0 0 0 
0 31 0 0 0 0 
0 31 0 0 0 0 
0 31 0 0 0 0 
0 31 0 0 0 0 
0 0 0 0 53 0 
0 0 0 0 53 0 
0 0 0 0 53 0 
0 0 0 0 53 0 
0 0 0 0 53 0 
0 0 0 0 53 0 
0 0 0 0 53 0 
0 0 0 0 53 0 
0 0 0 0 53 0 
0 0 0 0 53 0 
0 0 51 0 0 0 
0 0 51 0 0 0 
0 0 51 0 0 0 
0 0 51 0 0 0 
0 0 51 0 0 0 
0 0 51 0 0 0 
0 0 51 0 0 0 
0 0 51 0 0 0 
0 0 51 0 0 0 
0 0 51 0 0 0 
0 17 0 0 23 0 
0 17 0 0 23 0 
0 17 0 0 23 0 
0 17 0 0 23 0 
0 17 0 0 23 0 
0 17 0 0 23 0 
0 17 0 0 23 0 
0 17 0 0 23 0 
0 17 0 0 23 0 
0 17 0 0 23 0 
0 0 0 21 0 0 
0 0 0 21 0 0 
0 0 0 21 0 0 
0 0 0 21 0 0 
0 0 0 21 0 0 
0 0 0 21 0 0 
0 0 0 21 0 0 
0 0 0 21 0 0 
0 0 0 21 0 0 
0 0 0 21 0 0 
0 0 0 0 0 21 
0 0 0 0 0 21 
0 0 0 0 0 21 
0 0 0 0 0 21 
0 0 0 0 0 21 
0 0 0 0 0 21 
0 0 0 0 0 21 
0 0 0 0 0 21 
0 0 0 0 0 21 
0 0 0 0 0 21 
0 26 0 0 48 0 
0 26 0 0 48 0 
0 26 0 0 48 0 
0 26 0 0 48 0 
0 26 0 0 48 0 
0 26 0 0 48 0 
0 26 0 0 48 0 
0 26 0 0 48 0 
0 26 0 0 48 0 
0 26 0 0 48 0 
59 0 0 28 0 0 
59 0 0 28 0 0 
59 0 0 28 0 0 
59 0 0 28 0 0 
59 0 0 28 0 0 
59 0 0 28 0 0 
59 0 0 28 0 0 
59 0 0 28 0 0 
59 0 0 28 0 0 
59 0 0 28 0 0 
0 0 0 40 0 0 
0 0 0 40 0 0 
0 0 0 40 0 0 
0 0 0 40 0 0 
0 0 0 40 0 0 
0 0 0 40 0 0 
0 0 0 40 0 0 
0 0 0 40 0 0 
0 0 0 40 0 0 
0 0 0 40 0 0 
0 24 0 0 0 27 
0 24 0 0 0 27 
0 24 0 0 0 27 
0 24 0 0 0 27 
0 24 0 0 0 27 
0 24 0 0 0 27 
0 24 0 0 0 27 
0 24 0 0 0 27 
0 24 0 0 0 27 
0 24 0 0 0 27 
0 0 58 0 0 0 
0 0 58 0 0 0 
0 0 58 0 0 0 
0 0 58 0 0 0 
0 0 58 0 0 0 
0 0 58 0 0 0 
0 0 58 0 0 0 
0 0 58 0 0 0 
0 0 58 0 0 0 
0 0 58 0 0 0 
0 18 0 0 0 0 
0 18 0 0 0 0 
0 18 0 0 0 0 
0 18 0 0 0 0 
0 18 0 0 0 0 
0 18 0 0 0 0 
0 18 0 0 0 0 
0 18 0 0 0 0 
0 18 0 0 0 0 
0 18 0 0 0 0 
0 0 59 0 0 36 
0 0 59 0 0 36 
0 0 59 0 0 36 
0 0 59 0 0 36 
0 0 59 0 0 36 
0 0 59 0 0 36 
0 0 59 0 0 36 
0 0 59 0 0 36 
0 0 59 0 0 36 
0 0 59 0 0 36 
0 0 0 0 0 25 
0 0 0 0 0 25 
0 0 0 0 0 25 
0 0 0 0 0 25 
0 0 0 0 0 25 
0 0 0 0 0 25 
0 0 0 0 0 25 
0 0 0 0 0 25 
0 0 0 0 0 25 
0 0 0 0 0 25 
0 0 0 0 31 0 
0 0 0 0 31 0 
0 0 0 0 31 0 
0 0 0 0 31 0 
0 0 0 0 31 0 
0 0 0 0 31 0 
0 0 0 0 31 0 
0 0 0 0 31 0 
0 0 0 0 31 0 
0 0 0 0 31 0 
0 0 0 0 0 17 
0 0 0 0 0 17 
0 0 0 0 0 17 
0 0 0 0 0 17 
0 0 0 0 0 17 
0 0 0 0 0 17 
0 0 0 0 0 17 
0 0 0 0 0 17 
0 0 0 0 0 17 
0 0 0 0 0 17 
0 25 0 0 55 0 
0 25 0 0 55 0 
0 25 0 0 55 0 
0 25 0 0 55 0 
0 25 0 0 55 0 
0 25 0 0 55 0 
0 25 0 0 55 0 
0 25 0 0 55 0 
0 25 0 0 55 0 
0 25 0 0 55 0 
24 0 0 0 52 0 
24 0 0 0 52 0 
24 0 0 0 52 0 
24 0 0 0 52 0 
24 0 0 0 52 0 
24 0 0 0 52 0 
24 0 0 0 52 0 
24 0 0 0 52 0 
24 0 0 0 52 0 
24 0 0 0 52 0 
27 0 0 56 0 0 
27 0 0 56 0 0 
27 0 0 56 0 0 
27 0 0 56 0 0 
27 0 0 56 0 0 
27 0 0 56 0 0 
27 0 0 56 0 0 
27 0 0 56 0 0 
27 0 0 56 0 0 
27 0 0 56 0 0 
0 26 0 0 0 0 
0 26 0 0 0 0 
0 26 0 0 0 0 
0 26 0 0 0 0 
0 26 0 0 0 0 
0 26 0 0 0 0 
0 26 0 0 0 0 
0 26 0 0 0 0 
0 26 0 0 0 0 
0 26 0 0 0 0 
0 0 0 0 0 18 
0 0 0 0 0 18 
0 0 0 0 0 18 
0 0 0 0 0 18 
0 0 0 0 0 18 
0 0 0 0 0 18 
0 0 0 0 0 18 
0 0 0 0 0 18 
0 0 0 0 0 18 
0 0 0 0 0 18 
0 0 0 0 0 32 
0 0 0 0 0 32 
0 0 0 0 0 32 
0 0 0 0 0 32 
0 0 0 0 0 32 
0 0 0 0 0 32 
0 0 0 0 0 32 
0 0 0 0 0 32 
0 0 0 0 0 32 
0 0 0 0 0 32 
0 0 54 0 0 0 
0 0 54 0 0 0 
0 0 54 0 0 0 
0 0 54 0 0 0 
0 0 54 0 0 0 
0 0 54 0 0 0 
0 0 54 0 0 0 
0 0 54 0 0 0 
0 0 54 0 0 0 
0 0 54 0 0 0 
0 39 0 0 0 0 
0 39 0 0 0 0 
0 39 0 0 0 0 
0 39 0 0 0 0 
0 39 0 0 0 0 
0 39 0 0 0 0 
0 39 0 0 0 0 
0 39 0 0 0 0 
0 39 0 0 0 0 
0 39 0 0 0 0 
0 0 0 0 0 38 
0 0 0 0 0 38 
0 0 0 0 0 38 
0 0 0 0 0 38 
0 0 0 0 0 38 
0 0 0 0 0 38 
0 0 0 0 0 38 
0 0 0 0 0 38 
0 0 0 0 0 38 
0 0 0 0 0 38 
0 18 0 23 0 0 
0 18 0 23 0 0 
0 18 0 23 0 0 
0 18 0 23 0 0 
0 18 0 23 0 0 
0 18 0 23 0 0 
0 18 0 23 0 0 
0 18 0 23 0 0 
0 18 0 23 0 0 
0 18 0 23 0 0 
0 39 0 0 0 0 
0 39 0 0 0 0 
0 39 0 0 0 0 
0 39 0 0 0 0 
0 39 0 0 0 0 
0 39 0 0 0 0 
0 39 0 0 0 0 
0 39 0 0 0 0 
0 39 0 0 0 0 
0 39 0 0 0 0 
0 0 56 0 0 0 
0 0 56 0 0 0 
0 0 56 0 0 0 
0 0 56 0 0 0 
0 0 56 0 0 0 
0 0 56 0 0 0 
0 0 56 0 0 0 
0 0 56 0 0 0 
0 0 56 0 0 0 
0 0 56 0 0 0 
0 0 27 0 0 15 
0 0 27 0 0 15 
0 0 27 0 0 15 
0 0 27 0 0 15 
0 0 27 0 0 15 
0 0 27 0 0 15 
0 0 27 0 0 15 
0 0 27 0 0 15 
0 0 27 0 0 15 
0 0 27 0 0 15 
56 0 0 0 0 34 
56 0 0 0 0 34 
56 0 0 0 0 34 
56 0 0 0 0 34 
56 0 0 0 0 34 
56 0 0 0 0 34 
56 0 0 0 0 34 
56 0 0 0 0 34 
56 0 0 0 0 34 
56 0 0 0 0 34 
0 56 0 0 0 27 
0 56 0 0 0 27 
0 56 0 0 0 27 
0 56 0 0 0 27 
0 56 0 0 0 27 
0 56 0 0 0 27 
0 56 0 0 0 27 
0 56 0 0 0 27 
0 56 0 0 0 27 
0 56 0 0 0 27 
0 0 0 0 52 0 
0 0 0 0 52 0 
0 0 0 0 52 0 
0 0 0 0 52 0 
0 0 0 0 52 0 
0 0 0 0 52 0 
0 0 0 0 52 0 
0 0 0 0 52 0 
0 0 0 0 52 0 
0 0 0 0 52 0 
0 0 50 0 0 0 
0 0 50 0 0 0 
0 0 50 0 0 0 
0 0 50 0 0 0 
0 0 50 0 0 0 
0 0 50 0 0 0 
0 0 50 0 0 0 
0 0 50 0 0 0 
0 0 50 0 0 0 
0 0 50 0 0 0 
0 19 0 0 0 0 
0 19 0 0 0 0 
0 19 0 0 0 0 
0 19 0 0 0 0 
0 19 0 0 0 0 
0 19 0 0 0 0 
0 19 0 0 0 0 
0 19 0 0 0 0 
0 19 0 0 0 0 
0 19 0 0 0 0 
0 0 47 19 0 0 
0 0 47 19 0 0 
0 0 47 19 0 0 
0 0 47 19 0 0 
0 0 47 19 0 0 
0 0 47 19 0 0 
0 0 47 19 0 0 
0 0 47 19 0 0 
0 0 47 19 0 0 
0 0 47 19 0 0 
0 0 0 0 54 0 
0 0 0 0 54 0 
0 0 0 0 54 0 
0 0 0 0 54 0 
0 0 0 0 54 0 
0 0 0 0 54 0 
0 0 0 0 54 0 
0 0 0 0 54 0 
0 0 0 0 54 0 
0 0 0 0 54 0 
34 0 0 0 37 0 
34 0 0 0 37 0 
34 0 0 0 37 0 
34 0 0 0 37 0 
34 0 0 0 37 0 
34 0 0 0 37 0 
34 0 0 0 37 0 
34 0 0 0 37 0 
34 0 0 0 37 0 
34 0 0 0 37 0 
0 56 0 0 0 0 
0 56 0 0 0 0 
0 56 0 0 0 0 
0 56 0 0 0 0 
0 56 0 0 0 0 
0 56 0 0 0 0 
0 56 0 0 0 0 
0 56 0 0 0 0 
0 56 0 0 0 0 
0 56 0 0 0 0 
0 0 0 0 0 26 
0 0 0 0 0 26 
0 0 0 0 0 26 
0 0 0 0 0 26 
0 0 0 0 0 26 
0 0 0 0 0 26 
0 0 0 0 0 26 
0 0 0 0 0 26 
0 0 0 0 0 26 
0 0 0 0 0 26 
0 0 0 34 0 0 
0 0 0 34 0 0 
0 0 0 34 0 0 
0 0 0 34 0 0 
0 0 0 34 0 0 
0 0 0 34 0 0 
0 0 0 34 0 0 
0 0 0 34 0 0 
0 0 0 34 0 0 
0 0 0 34 0 0 
0 0 40 0 0 54 
0 0 40 0 0 54 
0 0 40 0 0 54 
0 0 40 0 0 54 
0 0 40 0 0 54 
0 0 40 0 0 54 
0 0 40 0 0 54 
0 0 40 0 0 54 
0 0 40 0 0 54 
0 0 40 0 0 54 
49 0 0 0 0 0 
49 0 0 0 0 0 
49 0 0 0 0 0 
49 0 0 0 0 0 
49 0 0 0 0 0 
49 0 0 0 0 0 
49 0 0 0 0 0 
49 0 0 0 0 0 
49 0 0 0 0 0 
49 0 0 0 0 0 
0 58 0 0 0 0 
0 58 0 0 0 0 
0 58 0 0 0 0 
0 58 0 0 0 0 
0 58 0 0 0 0 
0 58 0 0 0 0 
0 58 0 0 0 0 
0 58 0 0 0 0 
0 58 0 0 0 0 
0 58 0 0 0 0 
21 0 0 0 0 0 
21 0 0 0 0 0 
21 0 0 0 0 0 
21 0 0 0 0 0 
21 0 0 0 0 0 
21 0 0 0 0 0 
21 0 0 0 0 0 
21 0 0 0 0 0 
21 0 0 0 0 0 
21 0 0 0 0 0 
0.0 0.0 0.0 0.0 0.0 0.0 
0.0 0.0 0.0 0.0 0.0 0.0 
0.0 0.0 0.0 0.0 0.0 0.0 
0.0 0.0 0.0 0.0 0.0 0.0 
0.0 0.0 0.0 0.0 0.0 0.0 
0.0 0.0 0.0 0.0 0.0 0.0 
0.0 0.0 0.0 0.0 0.0 0.0 
0.0 0.0 0.0 0.0 0.0 0.0 
0.0 0.0 0.0 0.0 0.0 0.0 
0.0 0.0 0.0 0.0 0.0 0.0 
mind
0 0 0 0 0 0 0 0 0 0 28 0 0 0 15 0 24 0 0 0 0 0 0 11 0 0 0 0 0 0 0 0 10 0 0 15 0 12 0 0 0 26 0 0 0 0 0 0 0 0 0 0
maxd
0 0 0 0 0 0 0 0 0 0 30 0 0 0 18 0 27 0 0 0 0 0 0 15 0 0 0 0 0 0 0 0 20 0 0 24 0 14 0 0 0 26 0 0 0 0 0 0 0 0 0 0
e
0 821 690 775 622 941 827 820 627 856 912 866 866 556 679 795 722 802 767 885 676 643 537 917 883 711 661 960 546 590 830 512 675 637 663 888 499 675 641 629 696 494 752 498 492 914 926 647 634 946 937 0
l
99999 941 810 895 742 1061 947 940 747 976 1032 986 986 676 799 915 842 922 887 1005 796 763 657 1037 1003 831 781 1080 666 710 950 632 795 757 783 1008 619 795 761 749 816 614 872 618 612 1034 1046 767 754 1066 1057 99999
