nbNodes
52
nbVehi
10
nbServi
6
r
1 1 1 1 1 1 
0 1 0 0 0 0 
0 0 0 0 0 1 
1 0 0 0 1 0 
0 1 0 1 0 0 
0 0 1 0 0 0 
0 0 0 1 0 0 
0 0 1 1 0 0 
0 0 0 0 1 0 
0 0 0 0 1 0 
0 1 0 0 0 0 
0 0 0 0 1 0 
0 0 1 0 0 0 
0 0 1 0 1 0 
0 0 0 0 1 0 
0 1 0 1 0 0 
0 1 0 0 0 0 
0 1 0 1 0 0 
0 1 0 0 0 1 
0 0 1 0 0 0 
0 0 1 0 0 0 
0 0 1 1 0 0 
0 1 0 0 0 0 
0 0 0 1 0 0 
0 0 1 1 0 0 
0 0 0 0 0 1 
0 1 0 0 0 0 
0 1 0 1 0 0 
0 0 1 0 0 0 
0 0 0 0 0 1 
0 1 0 1 0 0 
0 1 0 0 0 0 
0 1 0 0 0 0 
0 1 0 0 1 0 
0 0 0 1 0 0 
0 0 0 0 1 0 
0 1 0 1 0 0 
0 0 0 0 1 0 
0 1 0 0 0 1 
0 0 0 1 0 0 
1 0 0 0 0 0 
1 0 0 0 0 0 
0 1 0 0 1 0 
0 0 0 1 0 0 
0 0 0 1 0 0 
0 1 0 1 0 0 
0 1 0 0 0 0 
0 0 0 0 0 1 
0 0 1 0 0 0 
0 0 0 0 0 1 
0 0 0 0 1 0 
1 1 1 1 1 1 
DS
4 5 8 14 16 18 19 22 25 28 31 34 37 39 43 46 
a
0 1 0 0 0 0 
1 1 0 0 0 0 
1 0 1 0 0 0 
0 1 1 0 0 0 
0 1 0 0 0 0 
0 0 0 1 1 1 
0 0 0 1 1 0 
0 0 0 1 0 1 
0 0 0 1 1 0 
0 0 0 1 1 1 
x
-30.0033 -30.1613 -30.0666 -30.1548 -30.1564 -30.051 -30.0259 -30.0644 -30.0327 -30.0607 -30.1143 -30.1086 -30.0303 -30.0809 -29.9884 -30.0346 -30.0669 -29.9798 -30.0033 -30.084 -30.0404 -30.1228 -30.1228 -29.9849 -30.0605 -30.0776 -30.0261 -30.0472 -30.0405 -30.0569 -30.0224 -30.043 -30.0154 -30.0205 -30.0433 -30.027 -30.0699 -30.0453 -30.0368 -30.1598 -30.0025 -29.9857 -30.0978 -30.0247 -30.0046 -30.0348 -29.9929 -30.0182 -30.1511 -30.1305 -30.0563 -30.0033
y
-51.162 -51.1378 -51.2296 -51.1363 -51.177 -51.1617 -51.1029 -51.1537 -51.1464 -51.2183 -51.2416 -51.2325 -51.1916 -51.2349 -51.0932 -51.2255 -51.2152 -51.1996 -51.162 -51.2167 -51.1538 -51.2153 -51.1095 -51.1947 -51.153 -51.1683 -51.1042 -51.1855 -51.2091 -51.1518 -51.1284 -51.1641 -51.1081 -51.1024 -51.1604 -51.1976 -51.1974 -51.1566 -51.1225 -51.1341 -51.0933 -51.1102 -51.2282 -51.1235 -51.1815 -51.1315 -51.1054 -51.1854 -51.14 -51.2134 -51.1664 -51.162
d
0.00000 44.00000 20.00000 42.00000 40.00000 14.00000 15.00000 16.00000 10.00000 18.00000 29.00000 27.00000 10.00000 24.00000 15.00000 15.00000 19.00000 10.00000 0.00000 22.00000 10.00000 31.00000 29.00000 10.00000 15.00000 18.00000 15.00000 14.00000 14.00000 15.00000 12.00000 11.00000 13.00000 14.00000 11.00000 10.00000 19.00000 11.00000 14.00000 43.00000 15.00000 11.00000 25.00000 12.00000 5.00000 13.00000 12.00000 8.00000 42.00000 31.00000 13.00000 0.00000
43.00000 0.00000 30.00000 4.00000 9.00000 33.00000 41.00000 29.00000 37.00000 30.00000 25.00000 22.00000 37.00000 26.00000 43.00000 36.00000 28.00000 43.00000 43.00000 25.00000 35.00000 20.00000 18.00000 44.00000 31.00000 33.00000 41.00000 33.00000 33.00000 32.00000 41.00000 35.00000 42.00000 42.00000 34.00000 37.00000 29.00000 34.00000 38.00000 3.00000 42.00000 46.00000 21.00000 40.00000 41.00000 37.00000 45.00000 37.00000 5.00000 19.00000 32.00000 43.00000
21.00000 31.00000 0.00000 31.00000 26.00000 17.00000 28.00000 16.00000 20.00000 4.00000 13.00000 13.00000 13.00000 7.00000 32.00000 10.00000 6.00000 18.00000 21.00000 8.00000 17.00000 17.00000 29.00000 20.00000 17.00000 16.00000 28.00000 13.00000 9.00000 19.00000 26.00000 17.00000 29.00000 27.00000 17.00000 12.00000 10.00000 18.00000 23.00000 32.00000 32.00000 27.00000 11.00000 25.00000 18.00000 22.00000 29.00000 15.00000 30.00000 17.00000 14.00000 21.00000
41.00000 3.00000 31.00000 0.00000 10.00000 30.00000 39.00000 27.00000 35.00000 31.00000 26.00000 23.00000 38.00000 27.00000 41.00000 37.00000 29.00000 44.00000 41.00000 26.00000 33.00000 21.00000 16.00000 45.00000 28.00000 34.00000 39.00000 34.00000 34.00000 30.00000 39.00000 33.00000 40.00000 40.00000 32.00000 37.00000 30.00000 32.00000 36.00000 2.00000 40.00000 44.00000 22.00000 38.00000 41.00000 35.00000 43.00000 38.00000 3.00000 20.00000 31.00000 41.00000
39.00000 9.00000 25.00000 9.00000 0.00000 30.00000 43.00000 30.00000 34.00000 26.00000 18.00000 15.00000 33.00000 21.00000 48.00000 31.00000 24.00000 39.00000 39.00000 21.00000 32.00000 14.00000 23.00000 40.00000 30.00000 30.00000 43.00000 28.00000 29.00000 32.00000 41.00000 31.00000 43.00000 42.00000 32.00000 32.00000 24.00000 32.00000 38.00000 9.00000 46.00000 46.00000 16.00000 40.00000 36.00000 37.00000 46.00000 33.00000 10.00000 11.00000 28.00000 39.00000
13.00000 33.00000 17.00000 31.00000 31.00000 0.00000 16.00000 5.00000 7.00000 14.00000 20.00000 18.00000 12.00000 18.00000 21.00000 14.00000 13.00000 17.00000 13.00000 13.00000 5.00000 22.00000 18.00000 17.00000 4.00000 8.00000 16.00000 8.00000 11.00000 7.00000 14.00000 4.00000 16.00000 15.00000 4.00000 13.00000 10.00000 4.00000 11.00000 32.00000 19.00000 19.00000 16.00000 13.00000 13.00000 10.00000 19.00000 10.00000 31.00000 22.00000 4.00000 13.00000
15.00000 41.00000 29.00000 39.00000 44.00000 16.00000 0.00000 15.00000 14.00000 27.00000 34.00000 31.00000 20.00000 31.00000 12.00000 24.00000 27.00000 23.00000 15.00000 26.00000 12.00000 36.00000 29.00000 22.00000 16.00000 22.00000 2.00000 19.00000 22.00000 15.00000 8.00000 15.00000 6.00000 4.00000 14.00000 20.00000 23.00000 14.00000 8.00000 40.00000 9.00000 12.00000 29.00000 7.00000 17.00000 11.00000 12.00000 18.00000 39.00000 35.00000 17.00000 15.00000
16.00000 30.00000 16.00000 28.00000 31.00000 5.00000 16.00000 0.00000 10.00000 14.00000 20.00000 17.00000 14.00000 17.00000 21.00000 14.00000 13.00000 19.00000 16.00000 13.00000 8.00000 22.00000 16.00000 19.00000 2.00000 8.00000 16.00000 10.00000 12.00000 5.00000 14.00000 8.00000 16.00000 15.00000 7.00000 15.00000 10.00000 7.00000 11.00000 29.00000 19.00000 19.00000 16.00000 13.00000 15.00000 10.00000 19.00000 12.00000 28.00000 21.00000 4.00000 16.00000
9.00000 37.00000 20.00000 35.00000 36.00000 7.00000 13.00000 9.00000 0.00000 18.00000 25.00000 23.00000 9.00000 23.00000 18.00000 15.00000 18.00000 16.00000 9.00000 18.00000 3.00000 27.00000 22.00000 16.00000 9.00000 13.00000 13.00000 10.00000 13.00000 8.00000 8.00000 6.00000 13.00000 12.00000 5.00000 12.00000 15.00000 5.00000 9.00000 36.00000 16.00000 14.00000 21.00000 8.00000 11.00000 5.00000 15.00000 9.00000 35.00000 27.00000 9.00000 9.00000
18.00000 31.00000 5.00000 31.00000 26.00000 13.00000 25.00000 13.00000 16.00000 0.00000 16.00000 13.00000 9.00000 10.00000 29.00000 8.00000 4.00000 15.00000 18.00000 7.00000 14.00000 17.00000 26.00000 16.00000 13.00000 13.00000 25.00000 10.00000 6.00000 15.00000 23.00000 13.00000 25.00000 24.00000 13.00000 9.00000 6.00000 14.00000 19.00000 32.00000 28.00000 24.00000 11.00000 22.00000 15.00000 18.00000 26.00000 12.00000 31.00000 17.00000 10.00000 18.00000
29.00000 25.00000 14.00000 24.00000 18.00000 20.00000 33.00000 21.00000 24.00000 15.00000 0.00000 3.00000 23.00000 10.00000 38.00000 18.00000 14.00000 27.00000 29.00000 10.00000 22.00000 10.00000 33.00000 28.00000 20.00000 20.00000 33.00000 18.00000 18.00000 23.00000 31.00000 21.00000 33.00000 32.00000 22.00000 22.00000 14.00000 21.00000 28.00000 25.00000 36.00000 35.00000 6.00000 30.00000 26.00000 27.00000 35.00000 23.00000 24.00000 9.00000 17.00000 29.00000
27.00000 22.00000 13.00000 22.00000 15.00000 18.00000 31.00000 18.00000 22.00000 13.00000 3.00000 0.00000 21.00000 9.00000 36.00000 18.00000 12.00000 27.00000 27.00000 8.00000 20.00000 7.00000 31.00000 27.00000 18.00000 18.00000 31.00000 16.00000 17.00000 21.00000 29.00000 19.00000 31.00000 30.00000 20.00000 20.00000 12.00000 19.00000 26.00000 23.00000 34.00000 33.00000 4.00000 28.00000 24.00000 25.00000 33.00000 21.00000 22.00000 6.00000 15.00000 27.00000
11.00000 38.00000 13.00000 38.00000 33.00000 12.00000 20.00000 13.00000 10.00000 11.00000 22.00000 20.00000 0.00000 17.00000 21.00000 8.00000 11.00000 12.00000 11.00000 15.00000 9.00000 24.00000 26.00000 12.00000 12.00000 14.00000 20.00000 6.00000 7.00000 15.00000 16.00000 9.00000 18.00000 19.00000 9.00000 4.00000 12.00000 10.00000 15.00000 39.00000 21.00000 17.00000 18.00000 17.00000 8.00000 14.00000 19.00000 5.00000 37.00000 24.00000 10.00000 11.00000
24.00000 27.00000 7.00000 27.00000 22.00000 18.00000 31.00000 18.00000 22.00000 9.00000 11.00000 9.00000 17.00000 0.00000 34.00000 12.00000 7.00000 21.00000 24.00000 6.00000 19.00000 13.00000 31.00000 22.00000 17.00000 18.00000 30.00000 16.00000 12.00000 21.00000 29.00000 19.00000 31.00000 29.00000 19.00000 16.00000 11.00000 19.00000 25.00000 28.00000 34.00000 29.00000 7.00000 27.00000 22.00000 24.00000 31.00000 19.00000 27.00000 13.00000 15.00000 24.00000
15.00000 44.00000 31.00000 42.00000 49.00000 21.00000 12.00000 20.00000 18.00000 29.00000 39.00000 36.00000 21.00000 34.00000 0.00000 24.00000 30.00000 21.00000 15.00000 31.00000 17.00000 41.00000 33.00000 21.00000 21.00000 27.00000 12.00000 24.00000 25.00000 20.00000 13.00000 20.00000 9.00000 10.00000 19.00000 21.00000 28.00000 19.00000 13.00000 43.00000 5.00000 6.00000 34.00000 12.00000 17.00000 15.00000 5.00000 19.00000 42.00000 40.00000 22.00000 15.00000
16.00000 36.00000 9.00000 35.00000 30.00000 15.00000 25.00000 16.00000 16.00000 8.00000 18.00000 17.00000 8.00000 12.00000 25.00000 0.00000 9.00000 12.00000 16.00000 12.00000 14.00000 22.00000 29.00000 13.00000 15.00000 16.00000 25.00000 10.00000 6.00000 18.00000 23.00000 13.00000 24.00000 24.00000 14.00000 8.00000 11.00000 14.00000 19.00000 36.00000 26.00000 21.00000 16.00000 22.00000 13.00000 19.00000 23.00000 10.00000 35.00000 21.00000 13.00000 16.00000
20.00000 30.00000 7.00000 29.00000 24.00000 13.00000 26.00000 14.00000 17.00000 3.00000 14.00000 11.00000 12.00000 7.00000 31.00000 10.00000 0.00000 18.00000 20.00000 5.00000 15.00000 15.00000 27.00000 18.00000 13.00000 14.00000 26.00000 12.00000 8.00000 16.00000 24.00000 14.00000 26.00000 25.00000 15.00000 11.00000 6.00000 15.00000 21.00000 30.00000 29.00000 26.00000 9.00000 23.00000 17.00000 20.00000 28.00000 14.00000 29.00000 15.00000 11.00000 20.00000
11.00000 44.00000 18.00000 43.00000 39.00000 19.00000 23.00000 21.00000 16.00000 17.00000 27.00000 25.00000 13.00000 21.00000 18.00000 11.00000 17.00000 0.00000 11.00000 21.00000 16.00000 30.00000 34.00000 3.00000 20.00000 22.00000 23.00000 15.00000 12.00000 22.00000 20.00000 16.00000 21.00000 22.00000 17.00000 11.00000 19.00000 18.00000 22.00000 44.00000 19.00000 14.00000 24.00000 20.00000 8.00000 21.00000 16.00000 11.00000 43.00000 29.00000 17.00000 11.00000
0.00000 44.00000 20.00000 42.00000 40.00000 14.00000 15.00000 16.00000 10.00000 18.00000 29.00000 27.00000 10.00000 24.00000 15.00000 15.00000 19.00000 10.00000 0.00000 22.00000 10.00000 31.00000 29.00000 10.00000 15.00000 18.00000 15.00000 14.00000 14.00000 15.00000 12.00000 11.00000 13.00000 14.00000 11.00000 10.00000 19.00000 11.00000 14.00000 43.00000 15.00000 11.00000 25.00000 12.00000 5.00000 13.00000 12.00000 8.00000 42.00000 31.00000 13.00000 0.00000
22.00000 26.00000 8.00000 25.00000 20.00000 13.00000 26.00000 13.00000 17.00000 7.00000 10.00000 7.00000 16.00000 6.00000 31.00000 14.00000 6.00000 22.00000 22.00000 0.00000 15.00000 12.00000 26.00000 22.00000 13.00000 13.00000 26.00000 11.00000 12.00000 16.00000 24.00000 14.00000 26.00000 25.00000 15.00000 15.00000 7.00000 14.00000 21.00000 26.00000 29.00000 28.00000 5.00000 23.00000 19.00000 20.00000 28.00000 16.00000 25.00000 11.00000 10.00000 22.00000
9.00000 35.00000 18.00000 33.00000 33.00000 5.00000 12.00000 7.00000 3.00000 16.00000 23.00000 20.00000 9.00000 20.00000 17.00000 13.00000 16.00000 15.00000 9.00000 15.00000 0.00000 25.00000 20.00000 15.00000 6.00000 11.00000 12.00000 8.00000 11.00000 6.00000 10.00000 3.00000 12.00000 11.00000 3.00000 11.00000 13.00000 2.00000 7.00000 34.00000 15.00000 14.00000 19.00000 9.00000 11.00000 6.00000 15.00000 8.00000 33.00000 24.00000 6.00000 9.00000
29.00000 20.00000 16.00000 19.00000 15.00000 21.00000 34.00000 21.00000 25.00000 16.00000 10.00000 7.00000 23.00000 12.00000 38.00000 22.00000 14.00000 29.00000 29.00000 11.00000 22.00000 0.00000 31.00000 30.00000 20.00000 21.00000 33.00000 19.00000 19.00000 24.00000 32.00000 22.00000 34.00000 33.00000 22.00000 22.00000 15.00000 22.00000 28.00000 20.00000 37.00000 36.00000 7.00000 30.00000 27.00000 27.00000 36.00000 23.00000 19.00000 6.00000 18.00000 29.00000
30.00000 17.00000 31.00000 15.00000 22.00000 19.00000 30.00000 16.00000 23.00000 28.00000 35.00000 32.00000 28.00000 32.00000 34.00000 29.00000 27.00000 33.00000 30.00000 27.00000 21.00000 32.00000 0.00000 33.00000 17.00000 23.00000 29.00000 24.00000 26.00000 18.00000 28.00000 22.00000 30.00000 29.00000 21.00000 29.00000 25.00000 20.00000 24.00000 16.00000 32.00000 32.00000 30.00000 26.00000 30.00000 23.00000 32.00000 26.00000 15.00000 32.00000 19.00000 30.00000
10.00000 44.00000 19.00000 44.00000 39.00000 19.00000 23.00000 20.00000 16.00000 17.00000 28.00000 26.00000 12.00000 22.00000 19.00000 11.00000 18.00000 3.00000 10.00000 21.00000 16.00000 31.00000 33.00000 0.00000 19.00000 21.00000 23.00000 15.00000 13.00000 21.00000 19.00000 16.00000 21.00000 22.00000 16.00000 10.00000 19.00000 17.00000 21.00000 45.00000 20.00000 14.00000 24.00000 19.00000 7.00000 20.00000 17.00000 10.00000 44.00000 30.00000 17.00000 10.00000
16.00000 30.00000 17.00000 28.00000 31.00000 5.00000 16.00000 2.00000 10.00000 14.00000 21.00000 18.00000 14.00000 18.00000 21.00000 15.00000 14.00000 19.00000 16.00000 13.00000 7.00000 23.00000 16.00000 19.00000 0.00000 9.00000 16.00000 10.00000 12.00000 5.00000 14.00000 8.00000 16.00000 15.00000 7.00000 15.00000 11.00000 6.00000 11.00000 29.00000 19.00000 19.00000 17.00000 13.00000 16.00000 10.00000 18.00000 12.00000 28.00000 22.00000 5.00000 16.00000
19.00000 33.00000 17.00000 33.00000 30.00000 9.00000 22.00000 8.00000 14.00000 15.00000 21.00000 18.00000 15.00000 18.00000 27.00000 16.00000 14.00000 21.00000 19.00000 13.00000 12.00000 23.00000 21.00000 21.00000 8.00000 0.00000 22.00000 11.00000 13.00000 11.00000 20.00000 11.00000 22.00000 21.00000 11.00000 16.00000 11.00000 10.00000 17.00000 34.00000 25.00000 25.00000 17.00000 19.00000 18.00000 16.00000 24.00000 14.00000 33.00000 22.00000 6.00000 19.00000
15.00000 41.00000 29.00000 39.00000 44.00000 16.00000 2.00000 15.00000 14.00000 27.00000 34.00000 31.00000 20.00000 31.00000 12.00000 24.00000 26.00000 23.00000 15.00000 26.00000 12.00000 36.00000 28.00000 22.00000 16.00000 22.00000 0.00000 19.00000 22.00000 15.00000 8.00000 15.00000 6.00000 4.00000 14.00000 20.00000 23.00000 14.00000 8.00000 40.00000 9.00000 12.00000 29.00000 7.00000 17.00000 10.00000 12.00000 18.00000 39.00000 35.00000 17.00000 15.00000
14.00000 34.00000 13.00000 34.00000 29.00000 9.00000 18.00000 10.00000 9.00000 10.00000 18.00000 16.00000 6.00000 15.00000 23.00000 9.00000 11.00000 15.00000 14.00000 11.00000 7.00000 20.00000 23.00000 15.00000 9.00000 11.00000 18.00000 0.00000 7.00000 12.00000 16.00000 6.00000 18.00000 17.00000 7.00000 8.00000 7.00000 8.00000 13.00000 35.00000 21.00000 21.00000 14.00000 15.00000 12.00000 12.00000 20.00000 9.00000 33.00000 20.00000 6.00000 14.00000
16.00000 34.00000 9.00000 33.00000 28.00000 11.00000 22.00000 12.00000 13.00000 7.00000 18.00000 15.00000 8.00000 12.00000 26.00000 7.00000 7.00000 12.00000 16.00000 10.00000 11.00000 20.00000 25.00000 13.00000 11.00000 13.00000 22.00000 7.00000 0.00000 14.00000 20.00000 10.00000 22.00000 21.00000 11.00000 7.00000 9.00000 12.00000 17.00000 34.00000 25.00000 21.00000 13.00000 19.00000 13.00000 16.00000 23.00000 10.00000 33.00000 19.00000 8.00000 16.00000
15.00000 32.00000 18.00000 30.00000 32.00000 5.00000 15.00000 4.00000 9.00000 15.00000 22.00000 19.00000 14.00000 19.00000 20.00000 16.00000 14.00000 19.00000 15.00000 14.00000 7.00000 23.00000 17.00000 19.00000 5.00000 10.00000 15.00000 9.00000 12.00000 0.00000 13.00000 8.00000 15.00000 14.00000 7.00000 14.00000 11.00000 6.00000 10.00000 31.00000 18.00000 18.00000 17.00000 12.00000 15.00000 9.00000 18.00000 12.00000 30.00000 23.00000 5.00000 15.00000
12.00000 41.00000 27.00000 39.00000 41.00000 14.00000 8.00000 13.00000 8.00000 25.00000 31.00000 29.00000 17.00000 29.00000 13.00000 22.00000 24.00000 20.00000 12.00000 24.00000 10.00000 33.00000 26.00000 20.00000 14.00000 20.00000 8.00000 16.00000 19.00000 12.00000 0.00000 13.00000 8.00000 7.00000 12.00000 17.00000 21.00000 11.00000 6.00000 40.00000 11.00000 10.00000 27.00000 3.00000 14.00000 6.00000 10.00000 15.00000 39.00000 33.00000 15.00000 12.00000
11.00000 36.00000 17.00000 34.00000 33.00000 6.00000 14.00000 8.00000 5.00000 15.00000 22.00000 20.00000 9.00000 20.00000 19.00000 12.00000 15.00000 15.00000 11.00000 15.00000 3.00000 24.00000 22.00000 14.00000 7.00000 11.00000 14.00000 7.00000 10.00000 8.00000 12.00000 0.00000 14.00000 13.00000 2.00000 10.00000 12.00000 4.00000 9.00000 36.00000 17.00000 16.00000 18.00000 11.00000 11.00000 8.00000 16.00000 7.00000 34.00000 24.00000 7.00000 11.00000
11.00000 42.00000 27.00000 40.00000 43.00000 15.00000 5.00000 14.00000 12.00000 25.00000 33.00000 30.00000 17.00000 30.00000 9.00000 22.00000 25.00000 19.00000 11.00000 25.00000 11.00000 34.00000 27.00000 19.00000 15.00000 21.00000 5.00000 18.00000 21.00000 14.00000 7.00000 14.00000 0.00000 4.00000 13.00000 16.00000 22.00000 13.00000 7.00000 41.00000 6.00000 8.00000 28.00000 6.00000 13.00000 9.00000 8.00000 15.00000 40.00000 34.00000 16.00000 11.00000
13.00000 41.00000 27.00000 39.00000 42.00000 15.00000 3.00000 13.00000 11.00000 25.00000 32.00000 29.00000 18.00000 29.00000 10.00000 22.00000 25.00000 21.00000 13.00000 24.00000 10.00000 34.00000 27.00000 20.00000 14.00000 20.00000 3.00000 17.00000 20.00000 13.00000 6.00000 13.00000 4.00000 0.00000 12.00000 18.00000 21.00000 12.00000 6.00000 40.00000 7.00000 9.00000 27.00000 5.00000 15.00000 9.00000 9.00000 16.00000 39.00000 33.00000 15.00000 13.00000
11.00000 35.00000 19.00000 33.00000 33.00000 4.00000 14.00000 7.00000 5.00000 16.00000 22.00000 20.00000 11.00000 20.00000 19.00000 14.00000 15.00000 16.00000 11.00000 15.00000 3.00000 24.00000 20.00000 16.00000 6.00000 10.00000 14.00000 9.00000 12.00000 8.00000 12.00000 2.00000 14.00000 13.00000 0.00000 12.00000 12.00000 2.00000 9.00000 34.00000 17.00000 16.00000 18.00000 11.00000 13.00000 8.00000 16.00000 9.00000 33.00000 24.00000 6.00000 11.00000
11.00000 37.00000 12.00000 36.00000 31.00000 12.00000 20.00000 14.00000 11.00000 9.00000 21.00000 18.00000 3.00000 15.00000 22.00000 6.00000 10.00000 11.00000 11.00000 13.00000 10.00000 23.00000 27.00000 11.00000 13.00000 15.00000 20.00000 7.00000 5.00000 15.00000 17.00000 9.00000 19.00000 19.00000 10.00000 0.00000 11.00000 11.00000 16.00000 37.00000 21.00000 18.00000 16.00000 17.00000 8.00000 15.00000 19.00000 6.00000 36.00000 22.00000 10.00000 11.00000
19.00000 29.00000 11.00000 29.00000 23.00000 10.00000 23.00000 10.00000 14.00000 7.00000 13.00000 10.00000 11.00000 10.00000 28.00000 11.00000 5.00000 18.00000 19.00000 5.00000 12.00000 15.00000 23.00000 19.00000 10.00000 10.00000 23.00000 7.00000 9.00000 13.00000 21.00000 11.00000 23.00000 22.00000 12.00000 12.00000 0.00000 12.00000 18.00000 30.00000 26.00000 26.00000 9.00000 20.00000 16.00000 17.00000 26.00000 13.00000 28.00000 14.00000 8.00000 19.00000
11.00000 34.00000 18.00000 32.00000 32.00000 4.00000 13.00000 6.00000 4.00000 16.00000 22.00000 19.00000 11.00000 19.00000 18.00000 14.00000 15.00000 17.00000 11.00000 14.00000 2.00000 24.00000 19.00000 16.00000 5.00000 10.00000 13.00000 9.00000 12.00000 7.00000 11.00000 4.00000 14.00000 12.00000 2.00000 12.00000 11.00000 0.00000 8.00000 33.00000 16.00000 16.00000 17.00000 10.00000 13.00000 7.00000 16.00000 9.00000 32.00000 23.00000 5.00000 11.00000
14.00000 37.00000 23.00000 35.00000 38.00000 11.00000 9.00000 9.00000 8.00000 21.00000 28.00000 25.00000 15.00000 25.00000 14.00000 18.00000 21.00000 20.00000 14.00000 20.00000 6.00000 30.00000 23.00000 20.00000 10.00000 16.00000 9.00000 13.00000 16.00000 9.00000 7.00000 9.00000 9.00000 8.00000 8.00000 16.00000 17.00000 8.00000 0.00000 37.00000 12.00000 11.00000 23.00000 6.00000 17.00000 5.00000 11.00000 13.00000 35.00000 29.00000 11.00000 14.00000
43.00000 3.00000 31.00000 3.00000 10.00000 32.00000 40.00000 29.00000 36.00000 31.00000 26.00000 23.00000 38.00000 27.00000 43.00000 37.00000 29.00000 44.00000 43.00000 26.00000 34.00000 20.00000 17.00000 45.00000 30.00000 34.00000 40.00000 34.00000 34.00000 31.00000 40.00000 35.00000 42.00000 41.00000 34.00000 37.00000 30.00000 33.00000 37.00000 0.00000 41.00000 45.00000 22.00000 39.00000 41.00000 36.00000 44.00000 38.00000 5.00000 19.00000 32.00000 43.00000
15.00000 43.00000 31.00000 40.00000 47.00000 19.00000 9.00000 18.00000 16.00000 29.00000 37.00000 34.00000 21.00000 34.00000 5.00000 26.00000 29.00000 22.00000 15.00000 29.00000 15.00000 39.00000 32.00000 23.00000 19.00000 25.00000 9.00000 22.00000 25.00000 18.00000 11.00000 18.00000 6.00000 6.00000 17.00000 21.00000 26.00000 17.00000 11.00000 42.00000 0.00000 7.00000 32.00000 10.00000 18.00000 14.00000 5.00000 19.00000 41.00000 38.00000 20.00000 15.00000
11.00000 45.00000 26.00000 43.00000 46.00000 18.00000 12.00000 17.00000 14.00000 25.00000 35.00000 33.00000 17.00000 29.00000 6.00000 19.00000 26.00000 16.00000 11.00000 28.00000 14.00000 37.00000 30.00000 16.00000 18.00000 24.00000 12.00000 21.00000 21.00000 16.00000 10.00000 17.00000 9.00000 9.00000 16.00000 17.00000 25.00000 16.00000 10.00000 44.00000 7.00000 0.00000 31.00000 9.00000 13.00000 12.00000 3.00000 15.00000 43.00000 37.00000 19.00000 11.00000
23.00000 22.00000 10.00000 21.00000 17.00000 14.00000 27.00000 15.00000 18.00000 10.00000 6.00000 4.00000 17.00000 6.00000 32.00000 16.00000 8.00000 23.00000 23.00000 5.00000 16.00000 7.00000 28.00000 24.00000 14.00000 15.00000 27.00000 13.00000 13.00000 18.00000 25.00000 16.00000 28.00000 26.00000 16.00000 16.00000 9.00000 16.00000 22.00000 22.00000 30.00000 30.00000 0.00000 24.00000 20.00000 21.00000 30.00000 17.00000 21.00000 8.00000 12.00000 23.00000
12.00000 39.00000 25.00000 37.00000 40.00000 12.00000 7.00000 11.00000 8.00000 23.00000 30.00000 27.00000 17.00000 27.00000 12.00000 20.00000 22.00000 20.00000 12.00000 22.00000 8.00000 32.00000 24.00000 20.00000 12.00000 18.00000 7.00000 15.00000 18.00000 11.00000 3.00000 11.00000 7.00000 6.00000 10.00000 17.00000 19.00000 10.00000 4.00000 38.00000 10.00000 9.00000 25.00000 0.00000 14.00000 6.00000 9.00000 15.00000 37.00000 31.00000 13.00000 12.00000
4.00000 43.00000 19.00000 42.00000 38.00000 14.00000 17.00000 16.00000 10.00000 16.00000 28.00000 25.00000 9.00000 22.00000 17.00000 12.00000 17.00000 7.00000 4.00000 20.00000 10.00000 29.00000 30.00000 7.00000 16.00000 18.00000 17.00000 12.00000 12.00000 16.00000 14.00000 11.00000 15.00000 16.00000 12.00000 8.00000 18.00000 12.00000 16.00000 44.00000 17.00000 13.00000 23.00000 14.00000 0.00000 14.00000 14.00000 7.00000 42.00000 29.00000 14.00000 4.00000
12.00000 36.00000 22.00000 34.00000 37.00000 9.00000 11.00000 8.00000 6.00000 20.00000 27.00000 24.00000 14.00000 24.00000 16.00000 17.00000 20.00000 19.00000 12.00000 19.00000 5.00000 29.00000 22.00000 19.00000 9.00000 15.00000 11.00000 12.00000 15.00000 8.00000 6.00000 8.00000 11.00000 10.00000 7.00000 15.00000 16.00000 7.00000 5.00000 35.00000 14.00000 13.00000 22.00000 6.00000 14.00000 0.00000 13.00000 12.00000 34.00000 28.00000 10.00000 12.00000
13.00000 45.00000 29.00000 43.00000 46.00000 19.00000 11.00000 18.00000 16.00000 27.00000 36.00000 34.00000 19.00000 32.00000 5.00000 22.00000 27.00000 19.00000 13.00000 29.00000 15.00000 38.00000 31.00000 19.00000 19.00000 24.00000 11.00000 21.00000 23.00000 17.00000 11.00000 17.00000 8.00000 9.00000 17.00000 19.00000 26.00000 16.00000 11.00000 45.00000 5.00000 4.00000 32.00000 9.00000 15.00000 13.00000 0.00000 17.00000 43.00000 38.00000 20.00000 13.00000
8.00000 41.00000 16.00000 40.00000 35.00000 13.00000 18.00000 15.00000 9.00000 14.00000 25.00000 22.00000 6.00000 20.00000 19.00000 10.00000 14.00000 9.00000 8.00000 17.00000 9.00000 26.00000 28.00000 9.00000 14.00000 16.00000 18.00000 9.00000 10.00000 15.00000 14.00000 10.00000 16.00000 17.00000 10.00000 5.00000 14.00000 11.00000 16.00000 41.00000 19.00000 15.00000 20.00000 14.00000 4.00000 14.00000 17.00000 0.00000 40.00000 26.00000 11.00000 8.00000
41.00000 5.00000 29.00000 2.00000 10.00000 31.00000 39.00000 28.00000 35.00000 29.00000 24.00000 22.00000 37.00000 25.00000 42.00000 35.00000 28.00000 42.00000 41.00000 24.00000 33.00000 19.00000 16.00000 43.00000 29.00000 33.00000 39.00000 32.00000 33.00000 30.00000 39.00000 34.00000 41.00000 40.00000 33.00000 36.00000 28.00000 32.00000 36.00000 4.00000 40.00000 44.00000 21.00000 38.00000 40.00000 35.00000 43.00000 37.00000 0.00000 19.00000 31.00000 41.00000
30.00000 20.00000 17.00000 20.00000 12.00000 21.00000 34.00000 22.00000 25.00000 17.00000 9.00000 7.00000 24.00000 12.00000 39.00000 23.00000 15.00000 30.00000 30.00000 12.00000 23.00000 5.00000 32.00000 31.00000 21.00000 22.00000 34.00000 20.00000 20.00000 24.00000 32.00000 23.00000 34.00000 33.00000 23.00000 23.00000 16.00000 23.00000 29.00000 20.00000 37.00000 37.00000 8.00000 31.00000 27.00000 28.00000 37.00000 24.00000 21.00000 0.00000 19.00000 30.00000
14.00000 32.00000 15.00000 30.00000 30.00000 3.00000 17.00000 4.00000 8.00000 13.00000 19.00000 17.00000 11.00000 17.00000 22.00000 13.00000 12.00000 17.00000 14.00000 12.00000 6.00000 21.00000 17.00000 17.00000 3.00000 7.00000 17.00000 7.00000 10.00000 6.00000 15.00000 6.00000 17.00000 16.00000 5.00000 12.00000 9.00000 5.00000 11.00000 31.00000 20.00000 19.00000 15.00000 14.00000 13.00000 10.00000 19.00000 10.00000 30.00000 21.00000 0.00000 14.00000
0.00000 44.00000 20.00000 42.00000 40.00000 14.00000 15.00000 16.00000 10.00000 18.00000 29.00000 27.00000 10.00000 24.00000 15.00000 15.00000 19.00000 10.00000 0.00000 22.00000 10.00000 31.00000 29.00000 10.00000 15.00000 18.00000 15.00000 14.00000 14.00000 15.00000 12.00000 11.00000 13.00000 14.00000 11.00000 10.00000 19.00000 11.00000 14.00000 43.00000 15.00000 11.00000 25.00000 12.00000 5.00000 13.00000 12.00000 8.00000 42.00000 31.00000 13.00000 0.00000
p
0.0 0.0 0.0 0.0 0.0 0.0 
0.0 0.0 0.0 0.0 0.0 0.0 
0.0 0.0 0.0 0.0 0.0 0.0 
0.0 0.0 0.0 0.0 0.0 0.0 
0.0 0.0 0.0 0.0 0.0 0.0 
0.0 0.0 0.0 0.0 0.0 0.0 
0.0 0.0 0.0 0.0 0.0 0.0 
0.0 0.0 0.0 0.0 0.0 0.0 
0.0 0.0 0.0 0.0 0.0 0.0 
0.0 0.0 0.0 0.0 0.0 0.0 
0 58 0 0 0 0 
0 58 0 0 0 0 
0 58 0 0 0 0 
0 58 0 0 0 0 
0 58 0 0 0 0 
0 58 0 0 0 0 
0 58 0 0 0 0 
0 58 0 0 0 0 
0 58 0 0 0 0 
0 58 0 0 0 0 
0 0 0 0 0 50 
0 0 0 0 0 50 
0 0 0 0 0 50 
0 0 0 0 0 50 
0 0 0 0 0 50 
0 0 0 0 0 50 
0 0 0 0 0 50 
0 0 0 0 0 50 
0 0 0 0 0 50 
0 0 0 0 0 50 
55 0 0 0 25 0 
55 0 0 0 25 0 
55 0 0 0 25 0 
55 0 0 0 25 0 
55 0 0 0 25 0 
55 0 0 0 25 0 
55 0 0 0 25 0 
55 0 0 0 25 0 
55 0 0 0 25 0 
55 0 0 0 25 0 
0 55 0 34 0 0 
0 55 0 34 0 0 
0 55 0 34 0 0 
0 55 0 34 0 0 
0 55 0 34 0 0 
0 55 0 34 0 0 
0 55 0 34 0 0 
0 55 0 34 0 0 
0 55 0 34 0 0 
0 55 0 34 0 0 
0 0 33 0 0 0 
0 0 33 0 0 0 
0 0 33 0 0 0 
0 0 33 0 0 0 
0 0 33 0 0 0 
0 0 33 0 0 0 
0 0 33 0 0 0 
0 0 33 0 0 0 
0 0 33 0 0 0 
0 0 33 0 0 0 
0 0 0 31 0 0 
0 0 0 31 0 0 
0 0 0 31 0 0 
0 0 0 31 0 0 
0 0 0 31 0 0 
0 0 0 31 0 0 
0 0 0 31 0 0 
0 0 0 31 0 0 
0 0 0 31 0 0 
0 0 0 31 0 0 
0 0 44 16 0 0 
0 0 44 16 0 0 
0 0 44 16 0 0 
0 0 44 16 0 0 
0 0 44 16 0 0 
0 0 44 16 0 0 
0 0 44 16 0 0 
0 0 44 16 0 0 
0 0 44 16 0 0 
0 0 44 16 0 0 
0 0 0 0 42 0 
0 0 0 0 42 0 
0 0 0 0 42 0 
0 0 0 0 42 0 
0 0 0 0 42 0 
0 0 0 0 42 0 
0 0 0 0 42 0 
0 0 0 0 42 0 
0 0 0 0 42 0 
0 0 0 0 42 0 
0 0 0 0 36 0 
0 0 0 0 36 0 
0 0 0 0 36 0 
0 0 0 0 36 0 
0 0 0 0 36 0 
0 0 0 0 36 0 
0 0 0 0 36 0 
0 0 0 0 36 0 
0 0 0 0 36 0 
0 0 0 0 36 0 
0 34 0 0 0 0 
0 34 0 0 0 0 
0 34 0 0 0 0 
0 34 0 0 0 0 
0 34 0 0 0 0 
0 34 0 0 0 0 
0 34 0 0 0 0 
0 34 0 0 0 0 
0 34 0 0 0 0 
0 34 0 0 0 0 
0 0 0 0 43 0 
0 0 0 0 43 0 
0 0 0 0 43 0 
0 0 0 0 43 0 
0 0 0 0 43 0 
0 0 0 0 43 0 
0 0 0 0 43 0 
0 0 0 0 43 0 
0 0 0 0 43 0 
0 0 0 0 43 0 
0 0 28 0 0 0 
0 0 28 0 0 0 
0 0 28 0 0 0 
0 0 28 0 0 0 
0 0 28 0 0 0 
0 0 28 0 0 0 
0 0 28 0 0 0 
0 0 28 0 0 0 
0 0 28 0 0 0 
0 0 28 0 0 0 
0 0 17 0 28 0 
0 0 17 0 28 0 
0 0 17 0 28 0 
0 0 17 0 28 0 
0 0 17 0 28 0 
0 0 17 0 28 0 
0 0 17 0 28 0 
0 0 17 0 28 0 
0 0 17 0 28 0 
0 0 17 0 28 0 
0 0 0 0 32 0 
0 0 0 0 32 0 
0 0 0 0 32 0 
0 0 0 0 32 0 
0 0 0 0 32 0 
0 0 0 0 32 0 
0 0 0 0 32 0 
0 0 0 0 32 0 
0 0 0 0 32 0 
0 0 0 0 32 0 
0 36 0 32 0 0 
0 36 0 32 0 0 
0 36 0 32 0 0 
0 36 0 32 0 0 
0 36 0 32 0 0 
0 36 0 32 0 0 
0 36 0 32 0 0 
0 36 0 32 0 0 
0 36 0 32 0 0 
0 36 0 32 0 0 
0 48 0 0 0 0 
0 48 0 0 0 0 
0 48 0 0 0 0 
0 48 0 0 0 0 
0 48 0 0 0 0 
0 48 0 0 0 0 
0 48 0 0 0 0 
0 48 0 0 0 0 
0 48 0 0 0 0 
0 48 0 0 0 0 
0 51 0 20 0 0 
0 51 0 20 0 0 
0 51 0 20 0 0 
0 51 0 20 0 0 
0 51 0 20 0 0 
0 51 0 20 0 0 
0 51 0 20 0 0 
0 51 0 20 0 0 
0 51 0 20 0 0 
0 51 0 20 0 0 
0 22 0 0 0 16 
0 22 0 0 0 16 
0 22 0 0 0 16 
0 22 0 0 0 16 
0 22 0 0 0 16 
0 22 0 0 0 16 
0 22 0 0 0 16 
0 22 0 0 0 16 
0 22 0 0 0 16 
0 22 0 0 0 16 
0 0 20 0 0 0 
0 0 20 0 0 0 
0 0 20 0 0 0 
0 0 20 0 0 0 
0 0 20 0 0 0 
0 0 20 0 0 0 
0 0 20 0 0 0 
0 0 20 0 0 0 
0 0 20 0 0 0 
0 0 20 0 0 0 
0 0 38 0 0 0 
0 0 38 0 0 0 
0 0 38 0 0 0 
0 0 38 0 0 0 
0 0 38 0 0 0 
0 0 38 0 0 0 
0 0 38 0 0 0 
0 0 38 0 0 0 
0 0 38 0 0 0 
0 0 38 0 0 0 
0 0 19 42 0 0 
0 0 19 42 0 0 
0 0 19 42 0 0 
0 0 19 42 0 0 
0 0 19 42 0 0 
0 0 19 42 0 0 
0 0 19 42 0 0 
0 0 19 42 0 0 
0 0 19 42 0 0 
0 0 19 42 0 0 
0 49 0 0 0 0 
0 49 0 0 0 0 
0 49 0 0 0 0 
0 49 0 0 0 0 
0 49 0 0 0 0 
0 49 0 0 0 0 
0 49 0 0 0 0 
0 49 0 0 0 0 
0 49 0 0 0 0 
0 49 0 0 0 0 
0 0 0 20 0 0 
0 0 0 20 0 0 
0 0 0 20 0 0 
0 0 0 20 0 0 
0 0 0 20 0 0 
0 0 0 20 0 0 
0 0 0 20 0 0 
0 0 0 20 0 0 
0 0 0 20 0 0 
0 0 0 20 0 0 
0 0 55 52 0 0 
0 0 55 52 0 0 
0 0 55 52 0 0 
0 0 55 52 0 0 
0 0 55 52 0 0 
0 0 55 52 0 0 
0 0 55 52 0 0 
0 0 55 52 0 0 
0 0 55 52 0 0 
0 0 55 52 0 0 
0 0 0 0 0 18 
0 0 0 0 0 18 
0 0 0 0 0 18 
0 0 0 0 0 18 
0 0 0 0 0 18 
0 0 0 0 0 18 
0 0 0 0 0 18 
0 0 0 0 0 18 
0 0 0 0 0 18 
0 0 0 0 0 18 
0 21 0 0 0 0 
0 21 0 0 0 0 
0 21 0 0 0 0 
0 21 0 0 0 0 
0 21 0 0 0 0 
0 21 0 0 0 0 
0 21 0 0 0 0 
0 21 0 0 0 0 
0 21 0 0 0 0 
0 21 0 0 0 0 
0 48 0 31 0 0 
0 48 0 31 0 0 
0 48 0 31 0 0 
0 48 0 31 0 0 
0 48 0 31 0 0 
0 48 0 31 0 0 
0 48 0 31 0 0 
0 48 0 31 0 0 
0 48 0 31 0 0 
0 48 0 31 0 0 
0 0 55 0 0 0 
0 0 55 0 0 0 
0 0 55 0 0 0 
0 0 55 0 0 0 
0 0 55 0 0 0 
0 0 55 0 0 0 
0 0 55 0 0 0 
0 0 55 0 0 0 
0 0 55 0 0 0 
0 0 55 0 0 0 
0 0 0 0 0 60 
0 0 0 0 0 60 
0 0 0 0 0 60 
0 0 0 0 0 60 
0 0 0 0 0 60 
0 0 0 0 0 60 
0 0 0 0 0 60 
0 0 0 0 0 60 
0 0 0 0 0 60 
0 0 0 0 0 60 
0 36 0 37 0 0 
0 36 0 37 0 0 
0 36 0 37 0 0 
0 36 0 37 0 0 
0 36 0 37 0 0 
0 36 0 37 0 0 
0 36 0 37 0 0 
0 36 0 37 0 0 
0 36 0 37 0 0 
0 36 0 37 0 0 
0 34 0 0 0 0 
0 34 0 0 0 0 
0 34 0 0 0 0 
0 34 0 0 0 0 
0 34 0 0 0 0 
0 34 0 0 0 0 
0 34 0 0 0 0 
0 34 0 0 0 0 
0 34 0 0 0 0 
0 34 0 0 0 0 
0 44 0 0 0 0 
0 44 0 0 0 0 
0 44 0 0 0 0 
0 44 0 0 0 0 
0 44 0 0 0 0 
0 44 0 0 0 0 
0 44 0 0 0 0 
0 44 0 0 0 0 
0 44 0 0 0 0 
0 44 0 0 0 0 
0 54 0 0 57 0 
0 54 0 0 57 0 
0 54 0 0 57 0 
0 54 0 0 57 0 
0 54 0 0 57 0 
0 54 0 0 57 0 
0 54 0 0 57 0 
0 54 0 0 57 0 
0 54 0 0 57 0 
0 54 0 0 57 0 
0 0 0 27 0 0 
0 0 0 27 0 0 
0 0 0 27 0 0 
0 0 0 27 0 0 
0 0 0 27 0 0 
0 0 0 27 0 0 
0 0 0 27 0 0 
0 0 0 27 0 0 
0 0 0 27 0 0 
0 0 0 27 0 0 
0 0 0 0 48 0 
0 0 0 0 48 0 
0 0 0 0 48 0 
0 0 0 0 48 0 
0 0 0 0 48 0 
0 0 0 0 48 0 
0 0 0 0 48 0 
0 0 0 0 48 0 
0 0 0 0 48 0 
0 0 0 0 48 0 
0 25 0 15 0 0 
0 25 0 15 0 0 
0 25 0 15 0 0 
0 25 0 15 0 0 
0 25 0 15 0 0 
0 25 0 15 0 0 
0 25 0 15 0 0 
0 25 0 15 0 0 
0 25 0 15 0 0 
0 25 0 15 0 0 
0 0 0 0 20 0 
0 0 0 0 20 0 
0 0 0 0 20 0 
0 0 0 0 20 0 
0 0 0 0 20 0 
0 0 0 0 20 0 
0 0 0 0 20 0 
0 0 0 0 20 0 
0 0 0 0 20 0 
0 0 0 0 20 0 
0 53 0 0 0 17 
0 53 0 0 0 17 
0 53 0 0 0 17 
0 53 0 0 0 17 
0 53 0 0 0 17 
0 53 0 0 0 17 
0 53 0 0 0 17 
0 53 0 0 0 17 
0 53 0 0 0 17 
0 53 0 0 0 17 
0 0 0 59 0 0 
0 0 0 59 0 0 
0 0 0 59 0 0 
0 0 0 59 0 0 
0 0 0 59 0 0 
0 0 0 59 0 0 
0 0 0 59 0 0 
0 0 0 59 0 0 
0 0 0 59 0 0 
0 0 0 59 0 0 
59 0 0 0 0 0 
59 0 0 0 0 0 
59 0 0 0 0 0 
59 0 0 0 0 0 
59 0 0 0 0 0 
59 0 0 0 0 0 
59 0 0 0 0 0 
59 0 0 0 0 0 
59 0 0 0 0 0 
59 0 0 0 0 0 
60 0 0 0 0 0 
60 0 0 0 0 0 
60 0 0 0 0 0 
60 0 0 0 0 0 
60 0 0 0 0 0 
60 0 0 0 0 0 
60 0 0 0 0 0 
60 0 0 0 0 0 
60 0 0 0 0 0 
60 0 0 0 0 0 
0 18 0 0 17 0 
0 18 0 0 17 0 
0 18 0 0 17 0 
0 18 0 0 17 0 
0 18 0 0 17 0 
0 18 0 0 17 0 
0 18 0 0 17 0 
0 18 0 0 17 0 
0 18 0 0 17 0 
0 18 0 0 17 0 
0 0 0 59 0 0 
0 0 0 59 0 0 
0 0 0 59 0 0 
0 0 0 59 0 0 
0 0 0 59 0 0 
0 0 0 59 0 0 
0 0 0 59 0 0 
0 0 0 59 0 0 
0 0 0 59 0 0 
0 0 0 59 0 0 
0 0 0 60 0 0 
0 0 0 60 0 0 
0 0 0 60 0 0 
0 0 0 60 0 0 
0 0 0 60 0 0 
0 0 0 60 0 0 
0 0 0 60 0 0 
0 0 0 60 0 0 
0 0 0 60 0 0 
0 0 0 60 0 0 
0 16 0 46 0 0 
0 16 0 46 0 0 
0 16 0 46 0 0 
0 16 0 46 0 0 
0 16 0 46 0 0 
0 16 0 46 0 0 
0 16 0 46 0 0 
0 16 0 46 0 0 
0 16 0 46 0 0 
0 16 0 46 0 0 
0 41 0 0 0 0 
0 41 0 0 0 0 
0 41 0 0 0 0 
0 41 0 0 0 0 
0 41 0 0 0 0 
0 41 0 0 0 0 
0 41 0 0 0 0 
0 41 0 0 0 0 
0 41 0 0 0 0 
0 41 0 0 0 0 
0 0 0 0 0 26 
0 0 0 0 0 26 
0 0 0 0 0 26 
0 0 0 0 0 26 
0 0 0 0 0 26 
0 0 0 0 0 26 
0 0 0 0 0 26 
0 0 0 0 0 26 
0 0 0 0 0 26 
0 0 0 0 0 26 
0 0 42 0 0 0 
0 0 42 0 0 0 
0 0 42 0 0 0 
0 0 42 0 0 0 
0 0 42 0 0 0 
0 0 42 0 0 0 
0 0 42 0 0 0 
0 0 42 0 0 0 
0 0 42 0 0 0 
0 0 42 0 0 0 
0 0 0 0 0 59 
0 0 0 0 0 59 
0 0 0 0 0 59 
0 0 0 0 0 59 
0 0 0 0 0 59 
0 0 0 0 0 59 
0 0 0 0 0 59 
0 0 0 0 0 59 
0 0 0 0 0 59 
0 0 0 0 0 59 
0 0 0 0 16 0 
0 0 0 0 16 0 
0 0 0 0 16 0 
0 0 0 0 16 0 
0 0 0 0 16 0 
0 0 0 0 16 0 
0 0 0 0 16 0 
0 0 0 0 16 0 
0 0 0 0 16 0 
0 0 0 0 16 0 
0.0 0.0 0.0 0.0 0.0 0.0 
0.0 0.0 0.0 0.0 0.0 0.0 
0.0 0.0 0.0 0.0 0.0 0.0 
0.0 0.0 0.0 0.0 0.0 0.0 
0.0 0.0 0.0 0.0 0.0 0.0 
0.0 0.0 0.0 0.0 0.0 0.0 
0.0 0.0 0.0 0.0 0.0 0.0 
0.0 0.0 0.0 0.0 0.0 0.0 
0.0 0.0 0.0 0.0 0.0 0.0 
0.0 0.0 0.0 0.0 0.0 0.0 
mind
0 0 0 10 14 0 0 0 0 0 0 0 0 17 0 21 0 15 0 0 0 0 0 0 0 0 0 11 0 0 0 0 0 22 0 0 0 0 13 0 0 0 0 0 0 0 0 0 0 0 0 0
maxd
0 0 0 23 30 0 0 0 0 0 0 0 0 26 0 26 0 16 0 0 0 0 0 0 0 0 0 23 0 0 0 0 0 30 0 0 0 0 26 0 0 0 0 0 0 0 0 0 0 0 0 0
e
0 762 870 855 891 656 922 842 896 761 770 520 936 872 667 581 761 598 703 960 722 758 907 625 627 876 724 578 747 894 938 828 536 576 515 761 601 547 664 818 600 888 855 848 542 852 575 514 638 701 760 0
l
99999 882 990 975 1011 776 1042 962 1016 881 890 640 1056 992 787 701 881 718 823 1080 842 878 1027 745 747 996 844 698 867 1014 1058 948 656 696 635 881 721 667 784 938 720 1008 975 968 662 972 695 634 758 821 880 99999
