nbNodes
52
nbVehi
10
nbServi
6
r
1 1 1 1 1 1 
0 1 0 0 1 0 
1 0 0 0 1 0 
0 0 0 1 0 0 
0 1 0 1 0 0 
0 0 0 0 0 1 
1 0 0 1 0 0 
0 0 1 0 0 1 
0 1 0 0 0 0 
0 0 1 0 0 0 
0 0 0 0 0 1 
0 0 0 0 0 1 
1 0 0 0 0 0 
1 0 0 1 0 0 
0 1 0 1 0 0 
0 0 0 0 1 0 
0 1 0 0 0 0 
0 1 0 1 0 0 
0 0 0 0 0 1 
0 0 1 1 0 0 
0 0 1 0 0 0 
0 0 0 1 0 0 
0 1 0 0 0 0 
1 0 0 1 0 0 
0 0 0 0 1 0 
0 0 1 0 0 1 
0 0 1 0 0 0 
0 0 0 1 0 0 
1 0 0 0 0 1 
1 0 0 0 0 0 
0 0 0 1 0 0 
0 0 0 1 0 0 
0 0 1 0 0 0 
0 1 0 1 0 0 
0 1 0 1 0 0 
0 0 0 0 0 1 
0 1 0 0 0 0 
0 0 0 0 1 0 
0 0 0 1 0 0 
0 0 0 1 0 0 
0 1 0 0 0 0 
0 0 0 1 0 0 
1 0 0 0 0 0 
0 0 0 0 1 0 
0 0 0 1 0 0 
0 0 1 0 0 0 
0 1 0 0 0 0 
0 0 1 0 0 1 
0 1 0 1 0 0 
0 0 0 0 0 1 
0 0 0 1 0 0 
1 1 1 1 1 1 
DS
2 3 5 7 8 14 15 18 20 24 26 29 34 35 48 49 
a
0 1 1 0 0 0 
1 0 1 0 0 0 
0 0 1 0 0 0 
1 1 1 0 0 0 
0 1 1 0 0 0 
0 0 0 1 1 1 
0 0 0 0 1 0 
0 0 0 1 1 0 
0 0 0 1 1 1 
0 0 0 0 0 1 
x
-29.9985 -30.0495 -30.0709 -30.0507 -30.0514 -30.0222 -30.0394 -30.0058 -30.0683 -30.0163 -30.0439 -30.1585 -30.0476 -30.0483 -30.0094 -29.9985 -30.035 -30.0541 -30.0314 -30.0044 -30.1052 -30.0551 -30.029 -30.0346 -30.0295 -30.0466 -30.1175 -30.0704 -30.0625 -30.0332 -30.0321 -30.0294 -29.995 -30.1368 -30.0738 -30.0495 -30.0554 -30.0327 -30.009 -30.0579 -29.9948 -29.9985 -29.9832 -30.0475 -30.0259 -30.0721 -30.0499 -29.9975 -30.0581 -30.0601 -30.0359 -29.9985
y
-51.1366 -51.1866 -51.2178 -51.1984 -51.188 -51.1316 -51.2051 -51.1816 -51.1606 -51.1567 -51.1525 -51.1443 -51.1971 -51.2097 -51.1706 -51.0955 -51.1662 -51.1525 -51.1858 -51.194 -51.1127 -51.1674 -51.1884 -51.2179 -51.1612 -51.1278 -51.1072 -51.2215 -51.1445 -51.2355 -51.1828 -51.2249 -51.1002 -51.1941 -51.2305 -51.1609 -51.1948 -51.1544 -51.1964 -51.1421 -51.1098 -51.1366 -51.1951 -51.1605 -51.2132 -51.1732 -51.2133 -51.0887 -51.1856 -51.1435 -51.1652 -51.1366
d
0.00000 17.00000 23.00000 18.00000 17.00000 7.00000 16.00000 9.00000 20.00000 9.00000 13.00000 44.00000 17.00000 17.00000 7.00000 10.00000 12.00000 15.00000 13.00000 11.00000 26.00000 17.00000 12.00000 18.00000 10.00000 11.00000 28.00000 22.00000 18.00000 19.00000 13.00000 17.00000 9.00000 38.00000 24.00000 15.00000 19.00000 11.00000 12.00000 16.00000 9.00000 0.00000 13.00000 14.00000 15.00000 23.00000 18.00000 11.00000 19.00000 17.00000 12.00000 0.00000
18.00000 0.00000 11.00000 5.00000 1.00000 16.00000 6.00000 12.00000 9.00000 14.00000 9.00000 32.00000 4.00000 6.00000 12.00000 23.00000 8.00000 11.00000 7.00000 13.00000 19.00000 6.00000 8.00000 9.00000 10.00000 13.00000 21.00000 11.00000 12.00000 12.00000 7.00000 10.00000 23.00000 24.00000 13.00000 8.00000 4.00000 10.00000 12.00000 11.00000 21.00000 18.00000 16.00000 9.00000 10.00000 8.00000 7.00000 24.00000 3.00000 12.00000 9.00000 18.00000
24.00000 13.00000 0.00000 9.00000 12.00000 24.00000 10.00000 19.00000 14.00000 21.00000 17.00000 28.00000 9.00000 8.00000 19.00000 31.00000 16.00000 17.00000 14.00000 17.00000 24.00000 12.00000 14.00000 11.00000 18.00000 21.00000 27.00000 3.00000 18.00000 14.00000 14.00000 13.00000 31.00000 20.00000 4.00000 15.00000 9.00000 18.00000 16.00000 17.00000 29.00000 24.00000 20.00000 15.00000 14.00000 12.00000 8.00000 32.00000 11.00000 18.00000 17.00000 24.00000
18.00000 5.00000 9.00000 0.00000 4.00000 17.00000 4.00000 12.00000 9.00000 13.00000 10.00000 31.00000 2.00000 3.00000 12.00000 24.00000 10.00000 11.00000 6.00000 11.00000 19.00000 6.00000 7.00000 7.00000 10.00000 15.00000 21.00000 9.00000 12.00000 10.00000 6.00000 9.00000 24.00000 23.00000 10.00000 9.00000 2.00000 11.00000 10.00000 11.00000 23.00000 18.00000 14.00000 9.00000 8.00000 8.00000 4.00000 25.00000 3.00000 12.00000 10.00000 18.00000
18.00000 2.00000 11.00000 4.00000 0.00000 16.00000 5.00000 13.00000 9.00000 14.00000 9.00000 32.00000 3.00000 6.00000 12.00000 23.00000 9.00000 11.00000 7.00000 12.00000 19.00000 6.00000 8.00000 8.00000 10.00000 14.00000 21.00000 11.00000 12.00000 12.00000 7.00000 10.00000 23.00000 24.00000 12.00000 9.00000 5.00000 11.00000 11.00000 11.00000 22.00000 18.00000 15.00000 9.00000 9.00000 9.00000 6.00000 24.00000 3.00000 12.00000 9.00000 18.00000
7.00000 15.00000 23.00000 18.00000 15.00000 0.00000 18.00000 12.00000 16.00000 9.00000 8.00000 38.00000 17.00000 19.00000 10.00000 12.00000 11.00000 10.00000 14.00000 14.00000 21.00000 12.00000 14.00000 20.00000 10.00000 8.00000 23.00000 24.00000 13.00000 23.00000 13.00000 20.00000 12.00000 36.00000 26.00000 11.00000 18.00000 8.00000 14.00000 11.00000 11.00000 7.00000 17.00000 11.00000 17.00000 19.00000 19.00000 13.00000 17.00000 12.00000 11.00000 7.00000
18.00000 5.00000 10.00000 4.00000 6.00000 17.00000 0.00000 12.00000 12.00000 14.00000 10.00000 33.00000 3.00000 4.00000 12.00000 24.00000 10.00000 13.00000 7.00000 10.00000 21.00000 8.00000 7.00000 6.00000 11.00000 14.00000 24.00000 9.00000 15.00000 10.00000 7.00000 9.00000 24.00000 25.00000 10.00000 11.00000 5.00000 11.00000 9.00000 14.00000 22.00000 18.00000 13.00000 10.00000 7.00000 11.00000 4.00000 25.00000 6.00000 14.00000 10.00000 18.00000
7.00000 13.00000 18.00000 13.00000 13.00000 12.00000 11.00000 0.00000 18.00000 7.00000 11.00000 42.00000 12.00000 12.00000 5.00000 17.00000 9.00000 15.00000 9.00000 4.00000 26.00000 14.00000 9.00000 11.00000 8.00000 16.00000 29.00000 17.00000 19.00000 12.00000 9.00000 11.00000 16.00000 34.00000 19.00000 14.00000 14.00000 9.00000 5.00000 16.00000 16.00000 7.00000 6.00000 13.00000 8.00000 20.00000 13.00000 18.00000 14.00000 17.00000 9.00000 7.00000
19.00000 11.00000 15.00000 10.00000 10.00000 15.00000 13.00000 16.00000 0.00000 15.00000 9.00000 31.00000 11.00000 11.00000 16.00000 22.00000 11.00000 8.00000 13.00000 17.00000 14.00000 5.00000 14.00000 14.00000 12.00000 12.00000 16.00000 16.00000 7.00000 17.00000 12.00000 16.00000 22.00000 27.00000 17.00000 7.00000 9.00000 11.00000 18.00000 7.00000 20.00000 19.00000 20.00000 7.00000 17.00000 8.00000 12.00000 23.00000 9.00000 7.00000 11.00000 19.00000
7.00000 12.00000 21.00000 14.00000 13.00000 8.00000 13.00000 7.00000 16.00000 0.00000 7.00000 40.00000 13.00000 15.00000 5.00000 15.00000 7.00000 11.00000 10.00000 9.00000 22.00000 11.00000 10.00000 15.00000 6.00000 12.00000 25.00000 20.00000 15.00000 18.00000 9.00000 15.00000 14.00000 34.00000 21.00000 10.00000 15.00000 5.00000 10.00000 12.00000 14.00000 7.00000 13.00000 9.00000 12.00000 18.00000 15.00000 16.00000 15.00000 13.00000 7.00000 7.00000
11.00000 8.00000 16.00000 11.00000 9.00000 9.00000 11.00000 12.00000 10.00000 8.00000 0.00000 34.00000 10.00000 13.00000 10.00000 16.00000 5.00000 4.00000 8.00000 12.00000 17.00000 5.00000 9.00000 14.00000 5.00000 6.00000 19.00000 18.00000 9.00000 16.00000 8.00000 14.00000 16.00000 29.00000 19.00000 4.00000 11.00000 3.00000 13.00000 7.00000 14.00000 11.00000 15.00000 3.00000 13.00000 12.00000 13.00000 17.00000 11.00000 8.00000 5.00000 11.00000
44.00000 32.00000 27.00000 31.00000 31.00000 39.00000 32.00000 39.00000 33.00000 40.00000 34.00000 0.00000 31.00000 30.00000 38.00000 42.00000 35.00000 33.00000 35.00000 39.00000 20.00000 31.00000 36.00000 33.00000 36.00000 37.00000 17.00000 27.00000 32.00000 36.00000 35.00000 35.00000 43.00000 16.00000 26.00000 32.00000 31.00000 36.00000 38.00000 31.00000 45.00000 44.00000 42.00000 32.00000 36.00000 31.00000 31.00000 41.00000 31.00000 31.00000 36.00000 44.00000
18.00000 4.00000 10.00000 2.00000 4.00000 17.00000 4.00000 12.00000 9.00000 13.00000 10.00000 32.00000 0.00000 4.00000 11.00000 24.00000 10.00000 10.00000 6.00000 11.00000 19.00000 6.00000 6.00000 7.00000 9.00000 14.00000 21.00000 9.00000 12.00000 10.00000 5.00000 8.00000 24.00000 24.00000 11.00000 8.00000 2.00000 10.00000 9.00000 11.00000 22.00000 18.00000 14.00000 9.00000 8.00000 8.00000 5.00000 25.00000 3.00000 11.00000 10.00000 18.00000
18.00000 7.00000 8.00000 4.00000 7.00000 19.00000 4.00000 12.00000 11.00000 14.00000 12.00000 31.00000 3.00000 0.00000 12.00000 26.00000 12.00000 13.00000 8.00000 11.00000 21.00000 8.00000 8.00000 5.00000 12.00000 17.00000 24.00000 7.00000 15.00000 8.00000 8.00000 7.00000 25.00000 23.00000 8.00000 11.00000 5.00000 13.00000 10.00000 14.00000 25.00000 18.00000 14.00000 11.00000 7.00000 10.00000 3.00000 27.00000 6.00000 14.00000 12.00000 18.00000
7.00000 12.00000 18.00000 13.00000 13.00000 10.00000 11.00000 3.00000 16.00000 5.00000 9.00000 42.00000 12.00000 13.00000 0.00000 17.00000 7.00000 13.00000 9.00000 5.00000 24.00000 12.00000 8.00000 12.00000 6.00000 14.00000 27.00000 18.00000 17.00000 14.00000 8.00000 11.00000 15.00000 34.00000 19.00000 12.00000 14.00000 7.00000 5.00000 14.00000 15.00000 7.00000 8.00000 11.00000 8.00000 18.00000 13.00000 18.00000 14.00000 15.00000 7.00000 7.00000
11.00000 22.00000 31.00000 25.00000 23.00000 13.00000 24.00000 18.00000 24.00000 17.00000 16.00000 43.00000 24.00000 26.00000 16.00000 0.00000 19.00000 18.00000 22.00000 20.00000 28.00000 20.00000 21.00000 24.00000 19.00000 14.00000 31.00000 31.00000 21.00000 25.00000 21.00000 24.00000 3.00000 43.00000 32.00000 19.00000 25.00000 17.00000 21.00000 18.00000 6.00000 11.00000 21.00000 18.00000 23.00000 26.00000 26.00000 2.00000 24.00000 19.00000 18.00000 11.00000
12.00000 7.00000 16.00000 10.00000 8.00000 11.00000 10.00000 10.00000 10.00000 7.00000 5.00000 37.00000 9.00000 12.00000 8.00000 19.00000 0.00000 9.00000 7.00000 11.00000 19.00000 6.00000 7.00000 13.00000 3.00000 10.00000 22.00000 17.00000 12.00000 15.00000 6.00000 13.00000 19.00000 28.00000 18.00000 6.00000 10.00000 4.00000 12.00000 10.00000 17.00000 12.00000 14.00000 6.00000 12.00000 12.00000 12.00000 20.00000 10.00000 11.00000 1.00000 12.00000
15.00000 12.00000 17.00000 12.00000 10.00000 11.00000 13.00000 16.00000 10.00000 12.00000 4.00000 33.00000 11.00000 14.00000 14.00000 18.00000 9.00000 0.00000 12.00000 16.00000 15.00000 6.00000 13.00000 16.00000 9.00000 9.00000 18.00000 18.00000 7.00000 20.00000 12.00000 18.00000 19.00000 30.00000 19.00000 6.00000 12.00000 7.00000 17.00000 5.00000 17.00000 15.00000 19.00000 5.00000 17.00000 13.00000 14.00000 20.00000 11.00000 6.00000 8.00000 15.00000
13.00000 5.00000 13.00000 6.00000 6.00000 15.00000 7.00000 8.00000 12.00000 9.00000 8.00000 36.00000 5.00000 8.00000 7.00000 22.00000 7.00000 12.00000 0.00000 8.00000 21.00000 8.00000 2.00000 9.00000 7.00000 13.00000 24.00000 13.00000 14.00000 12.00000 2.00000 9.00000 20.00000 28.00000 15.00000 9.00000 7.00000 8.00000 9.00000 13.00000 20.00000 13.00000 11.00000 9.00000 8.00000 13.00000 8.00000 22.00000 7.00000 14.00000 7.00000 13.00000
10.00000 11.00000 17.00000 11.00000 11.00000 14.00000 9.00000 5.00000 16.00000 9.00000 13.00000 40.00000 10.00000 11.00000 8.00000 20.00000 11.00000 17.00000 8.00000 0.00000 26.00000 13.00000 7.00000 10.00000 9.00000 17.00000 28.00000 16.00000 19.00000 11.00000 7.00000 9.00000 18.00000 32.00000 17.00000 14.00000 12.00000 11.00000 3.00000 18.00000 18.00000 10.00000 6.00000 13.00000 7.00000 18.00000 11.00000 21.00000 13.00000 19.00000 11.00000 10.00000
27.00000 20.00000 24.00000 19.00000 18.00000 21.00000 21.00000 25.00000 17.00000 23.00000 17.00000 20.00000 19.00000 20.00000 24.00000 28.00000 19.00000 15.00000 22.00000 25.00000 0.00000 14.00000 23.00000 24.00000 21.00000 19.00000 5.00000 25.00000 14.00000 27.00000 21.00000 26.00000 29.00000 28.00000 27.00000 15.00000 18.00000 19.00000 26.00000 13.00000 27.00000 27.00000 28.00000 15.00000 25.00000 19.00000 21.00000 30.00000 18.00000 14.00000 20.00000 27.00000
16.00000 7.00000 13.00000 8.00000 6.00000 14.00000 9.00000 11.00000 6.00000 11.00000 6.00000 33.00000 7.00000 9.00000 11.00000 21.00000 6.00000 6.00000 8.00000 12.00000 15.00000 0.00000 9.00000 12.00000 7.00000 11.00000 17.00000 14.00000 8.00000 16.00000 8.00000 14.00000 21.00000 25.00000 15.00000 4.00000 7.00000 8.00000 13.00000 7.00000 19.00000 16.00000 15.00000 4.00000 13.00000 8.00000 10.00000 22.00000 7.00000 8.00000 6.00000 16.00000
13.00000 6.00000 13.00000 7.00000 6.00000 14.00000 6.00000 7.00000 12.00000 9.00000 9.00000 37.00000 6.00000 8.00000 6.00000 21.00000 7.00000 13.00000 2.00000 8.00000 22.00000 9.00000 0.00000 8.00000 7.00000 14.00000 25.00000 13.00000 15.00000 11.00000 3.00000 9.00000 19.00000 29.00000 14.00000 10.00000 8.00000 8.00000 7.00000 14.00000 19.00000 13.00000 11.00000 10.00000 7.00000 14.00000 8.00000 22.00000 8.00000 15.00000 7.00000 13.00000
16.00000 7.00000 11.00000 6.00000 8.00000 19.00000 4.00000 11.00000 14.00000 14.00000 12.00000 35.00000 5.00000 5.00000 11.00000 23.00000 11.00000 15.00000 8.00000 8.00000 23.00000 10.00000 7.00000 0.00000 12.00000 16.00000 26.00000 11.00000 16.00000 6.00000 8.00000 4.00000 21.00000 27.00000 12.00000 13.00000 7.00000 13.00000 8.00000 16.00000 22.00000 16.00000 10.00000 12.00000 5.00000 13.00000 6.00000 24.00000 7.00000 16.00000 12.00000 16.00000
10.00000 9.00000 18.00000 11.00000 9.00000 9.00000 11.00000 8.00000 12.00000 5.00000 5.00000 38.00000 10.00000 13.00000 7.00000 19.00000 3.00000 9.00000 6.00000 10.00000 20.00000 8.00000 7.00000 13.00000 0.00000 10.00000 23.00000 18.00000 12.00000 16.00000 6.00000 14.00000 17.00000 30.00000 19.00000 7.00000 12.00000 3.00000 11.00000 10.00000 17.00000 10.00000 14.00000 7.00000 12.00000 14.00000 13.00000 19.00000 11.00000 11.00000 2.00000 10.00000
12.00000 13.00000 22.00000 16.00000 14.00000 8.00000 16.00000 17.00000 15.00000 13.00000 7.00000 37.00000 15.00000 18.00000 15.00000 14.00000 10.00000 9.00000 13.00000 17.00000 19.00000 11.00000 14.00000 19.00000 10.00000 0.00000 22.00000 23.00000 12.00000 21.00000 13.00000 19.00000 14.00000 35.00000 24.00000 10.00000 16.00000 8.00000 18.00000 9.00000 12.00000 12.00000 20.00000 9.00000 18.00000 18.00000 18.00000 15.00000 16.00000 10.00000 10.00000 12.00000
29.00000 22.00000 27.00000 22.00000 21.00000 24.00000 24.00000 27.00000 19.00000 25.00000 19.00000 17.00000 22.00000 23.00000 27.00000 31.00000 22.00000 18.00000 24.00000 28.00000 5.00000 16.00000 25.00000 26.00000 23.00000 22.00000 0.00000 28.00000 17.00000 29.00000 24.00000 28.00000 31.00000 31.00000 29.00000 17.00000 21.00000 21.00000 29.00000 16.00000 29.00000 29.00000 31.00000 17.00000 28.00000 22.00000 24.00000 32.00000 21.00000 16.00000 22.00000 29.00000
23.00000 12.00000 3.00000 9.00000 12.00000 24.00000 9.00000 17.00000 15.00000 20.00000 17.00000 29.00000 9.00000 7.00000 17.00000 31.00000 17.00000 18.00000 14.00000 16.00000 25.00000 13.00000 13.00000 10.00000 17.00000 22.00000 28.00000 0.00000 19.00000 12.00000 13.00000 12.00000 30.00000 21.00000 4.00000 16.00000 10.00000 18.00000 15.00000 18.00000 30.00000 23.00000 19.00000 16.00000 13.00000 14.00000 7.00000 32.00000 11.00000 19.00000 18.00000 23.00000
19.00000 12.00000 17.00000 13.00000 11.00000 14.00000 14.00000 17.00000 10.00000 15.00000 9.00000 32.00000 12.00000 14.00000 17.00000 21.00000 12.00000 7.00000 14.00000 18.00000 14.00000 7.00000 15.00000 17.00000 13.00000 11.00000 17.00000 19.00000 0.00000 20.00000 14.00000 18.00000 21.00000 30.00000 20.00000 7.00000 12.00000 11.00000 19.00000 5.00000 19.00000 19.00000 21.00000 8.00000 18.00000 13.00000 15.00000 22.00000 12.00000 5.00000 12.00000 19.00000
17.00000 12.00000 12.00000 10.00000 12.00000 22.00000 8.00000 12.00000 17.00000 17.00000 16.00000 35.00000 9.00000 8.00000 15.00000 24.00000 16.00000 19.00000 11.00000 11.00000 27.00000 14.00000 10.00000 5.00000 15.00000 21.00000 29.00000 11.00000 21.00000 0.00000 11.00000 5.00000 23.00000 27.00000 10.00000 17.00000 11.00000 16.00000 10.00000 20.00000 23.00000 17.00000 12.00000 17.00000 7.00000 16.00000 7.00000 25.00000 12.00000 20.00000 16.00000 17.00000
13.00000 5.00000 14.00000 7.00000 6.00000 13.00000 7.00000 8.00000 11.00000 9.00000 8.00000 36.00000 6.00000 8.00000 7.00000 22.00000 6.00000 12.00000 3.00000 8.00000 21.00000 8.00000 4.00000 9.00000 5.00000 12.00000 23.00000 14.00000 14.00000 12.00000 0.00000 10.00000 20.00000 27.00000 15.00000 9.00000 7.00000 6.00000 9.00000 13.00000 20.00000 13.00000 11.00000 9.00000 9.00000 13.00000 9.00000 22.00000 8.00000 14.00000 6.00000 13.00000
16.00000 9.00000 10.00000 8.00000 10.00000 19.00000 6.00000 11.00000 14.00000 14.00000 13.00000 34.00000 7.00000 6.00000 12.00000 23.00000 13.00000 17.00000 8.00000 9.00000 24.00000 12.00000 7.00000 3.00000 12.00000 18.00000 27.00000 10.00000 18.00000 3.00000 8.00000 0.00000 22.00000 26.00000 11.00000 15.00000 9.00000 13.00000 8.00000 17.00000 22.00000 16.00000 10.00000 14.00000 5.00000 13.00000 5.00000 24.00000 9.00000 18.00000 13.00000 16.00000
9.00000 22.00000 30.00000 25.00000 23.00000 13.00000 23.00000 16.00000 24.00000 16.00000 16.00000 44.00000 24.00000 24.00000 14.00000 3.00000 19.00000 18.00000 20.00000 18.00000 28.00000 20.00000 19.00000 23.00000 17.00000 14.00000 31.00000 29.00000 20.00000 23.00000 20.00000 22.00000 0.00000 43.00000 31.00000 19.00000 25.00000 17.00000 19.00000 18.00000 5.00000 9.00000 20.00000 18.00000 22.00000 26.00000 25.00000 4.00000 24.00000 19.00000 18.00000 9.00000
37.00000 24.00000 19.00000 23.00000 23.00000 35.00000 24.00000 31.00000 25.00000 32.00000 28.00000 15.00000 23.00000 22.00000 31.00000 41.00000 27.00000 28.00000 27.00000 31.00000 27.00000 23.00000 28.00000 25.00000 28.00000 32.00000 30.00000 19.00000 29.00000 28.00000 27.00000 27.00000 42.00000 0.00000 19.00000 26.00000 23.00000 29.00000 30.00000 28.00000 40.00000 37.00000 34.00000 26.00000 28.00000 23.00000 23.00000 43.00000 23.00000 29.00000 28.00000 37.00000
25.00000 14.00000 5.00000 10.00000 13.00000 26.00000 10.00000 19.00000 16.00000 21.00000 19.00000 28.00000 10.00000 8.00000 19.00000 32.00000 18.00000 19.00000 15.00000 17.00000 26.00000 14.00000 14.00000 11.00000 18.00000 23.00000 29.00000 3.00000 20.00000 12.00000 14.00000 13.00000 31.00000 20.00000 0.00000 17.00000 11.00000 19.00000 16.00000 20.00000 31.00000 25.00000 20.00000 17.00000 14.00000 15.00000 9.00000 34.00000 12.00000 20.00000 19.00000 25.00000
14.00000 9.00000 14.00000 10.00000 8.00000 12.00000 11.00000 13.00000 8.00000 10.00000 4.00000 32.00000 9.00000 11.00000 12.00000 19.00000 6.00000 5.00000 9.00000 13.00000 15.00000 4.00000 10.00000 14.00000 7.00000 9.00000 17.00000 16.00000 8.00000 17.00000 9.00000 15.00000 19.00000 27.00000 17.00000 0.00000 9.00000 6.00000 14.00000 7.00000 17.00000 14.00000 16.00000 2.00000 14.00000 10.00000 12.00000 20.00000 9.00000 8.00000 6.00000 14.00000
19.00000 5.00000 9.00000 2.00000 4.00000 17.00000 5.00000 13.00000 8.00000 15.00000 10.00000 31.00000 3.00000 4.00000 13.00000 24.00000 9.00000 10.00000 8.00000 12.00000 18.00000 5.00000 8.00000 7.00000 11.00000 15.00000 21.00000 9.00000 11.00000 11.00000 7.00000 9.00000 24.00000 23.00000 11.00000 8.00000 0.00000 11.00000 11.00000 11.00000 23.00000 19.00000 15.00000 8.00000 9.00000 7.00000 5.00000 25.00000 2.00000 11.00000 10.00000 19.00000
10.00000 9.00000 18.00000 11.00000 10.00000 8.00000 12.00000 9.00000 12.00000 6.00000 3.00000 36.00000 10.00000 13.00000 7.00000 17.00000 4.00000 7.00000 7.00000 11.00000 18.00000 7.00000 7.00000 14.00000 3.00000 8.00000 21.00000 18.00000 11.00000 17.00000 6.00000 14.00000 17.00000 31.00000 20.00000 6.00000 12.00000 0.00000 12.00000 8.00000 16.00000 10.00000 14.00000 5.00000 13.00000 14.00000 13.00000 18.00000 12.00000 9.00000 4.00000 10.00000
11.00000 11.00000 16.00000 10.00000 11.00000 13.00000 8.00000 5.00000 16.00000 9.00000 13.00000 39.00000 9.00000 10.00000 7.00000 20.00000 10.00000 16.00000 8.00000 2.00000 26.00000 13.00000 7.00000 9.00000 9.00000 17.00000 28.00000 15.00000 19.00000 11.00000 7.00000 8.00000 19.00000 31.00000 16.00000 14.00000 11.00000 10.00000 0.00000 18.00000 19.00000 11.00000 6.00000 14.00000 6.00000 17.00000 10.00000 21.00000 12.00000 19.00000 10.00000 11.00000
16.00000 11.00000 16.00000 11.00000 10.00000 11.00000 12.00000 16.00000 9.00000 13.00000 7.00000 31.00000 10.00000 13.00000 15.00000 18.00000 10.00000 5.00000 13.00000 16.00000 14.00000 5.00000 14.00000 16.00000 10.00000 9.00000 16.00000 18.00000 5.00000 19.00000 12.00000 17.00000 18.00000 29.00000 19.00000 6.00000 11.00000 9.00000 18.00000 0.00000 17.00000 16.00000 19.00000 6.00000 16.00000 12.00000 13.00000 19.00000 10.00000 2.00000 10.00000 16.00000
9.00000 21.00000 30.00000 24.00000 22.00000 12.00000 23.00000 16.00000 23.00000 16.00000 15.00000 45.00000 23.00000 24.00000 14.00000 6.00000 17.00000 17.00000 20.00000 18.00000 27.00000 19.00000 19.00000 24.00000 17.00000 13.00000 30.00000 29.00000 19.00000 24.00000 20.00000 23.00000 5.00000 42.00000 31.00000 18.00000 24.00000 16.00000 19.00000 17.00000 0.00000 9.00000 20.00000 17.00000 22.00000 25.00000 25.00000 7.00000 23.00000 18.00000 17.00000 9.00000
0.00000 17.00000 23.00000 18.00000 17.00000 7.00000 16.00000 9.00000 20.00000 9.00000 13.00000 44.00000 17.00000 17.00000 7.00000 10.00000 12.00000 15.00000 13.00000 11.00000 26.00000 17.00000 12.00000 18.00000 10.00000 11.00000 28.00000 22.00000 18.00000 19.00000 13.00000 17.00000 9.00000 38.00000 24.00000 15.00000 19.00000 11.00000 12.00000 16.00000 9.00000 0.00000 13.00000 14.00000 15.00000 23.00000 18.00000 11.00000 19.00000 17.00000 12.00000 0.00000
12.00000 14.00000 20.00000 14.00000 15.00000 17.00000 12.00000 7.00000 20.00000 12.00000 16.00000 43.00000 13.00000 14.00000 10.00000 19.00000 14.00000 20.00000 11.00000 6.00000 29.00000 16.00000 11.00000 11.00000 13.00000 21.00000 32.00000 19.00000 23.00000 12.00000 11.00000 11.00000 18.00000 35.00000 20.00000 18.00000 15.00000 14.00000 7.00000 21.00000 18.00000 12.00000 0.00000 17.00000 9.00000 21.00000 14.00000 20.00000 16.00000 22.00000 14.00000 12.00000
13.00000 9.00000 15.00000 10.00000 8.00000 11.00000 11.00000 13.00000 8.00000 10.00000 3.00000 33.00000 9.00000 11.00000 12.00000 18.00000 6.00000 5.00000 9.00000 13.00000 15.00000 4.00000 10.00000 14.00000 7.00000 9.00000 18.00000 16.00000 8.00000 17.00000 9.00000 15.00000 18.00000 27.00000 17.00000 2.00000 9.00000 5.00000 14.00000 7.00000 17.00000 13.00000 16.00000 0.00000 14.00000 10.00000 12.00000 19.00000 9.00000 8.00000 6.00000 13.00000
15.00000 8.00000 12.00000 7.00000 9.00000 18.00000 5.00000 10.00000 15.00000 13.00000 13.00000 35.00000 6.00000 7.00000 11.00000 22.00000 12.00000 16.00000 7.00000 7.00000 24.00000 11.00000 6.00000 4.00000 11.00000 17.00000 27.00000 11.00000 18.00000 6.00000 7.00000 3.00000 21.00000 27.00000 12.00000 14.00000 8.00000 12.00000 6.00000 17.00000 21.00000 15.00000 9.00000 13.00000 0.00000 14.00000 6.00000 23.00000 9.00000 17.00000 12.00000 15.00000
22.00000 10.00000 12.00000 9.00000 9.00000 20.00000 11.00000 16.00000 8.00000 18.00000 12.00000 33.00000 10.00000 9.00000 16.00000 27.00000 12.00000 13.00000 13.00000 17.00000 18.00000 8.00000 14.00000 13.00000 14.00000 17.00000 21.00000 14.00000 12.00000 16.00000 13.00000 15.00000 27.00000 25.00000 15.00000 11.00000 7.00000 14.00000 17.00000 12.00000 25.00000 22.00000 20.00000 11.00000 15.00000 0.00000 11.00000 28.00000 8.00000 12.00000 13.00000 22.00000
19.00000 8.00000 6.00000 4.00000 7.00000 20.00000 4.00000 13.00000 10.00000 15.00000 13.00000 30.00000 4.00000 2.00000 13.00000 27.00000 12.00000 14.00000 9.00000 11.00000 20.00000 9.00000 8.00000 5.00000 12.00000 17.00000 23.00000 6.00000 14.00000 9.00000 8.00000 7.00000 26.00000 22.00000 7.00000 12.00000 6.00000 13.00000 10.00000 13.00000 25.00000 19.00000 14.00000 12.00000 8.00000 9.00000 0.00000 28.00000 6.00000 14.00000 13.00000 19.00000
12.00000 24.00000 32.00000 27.00000 24.00000 14.00000 25.00000 19.00000 25.00000 18.00000 17.00000 41.00000 26.00000 27.00000 17.00000 2.00000 20.00000 19.00000 23.00000 21.00000 30.00000 21.00000 22.00000 25.00000 20.00000 15.00000 32.00000 32.00000 22.00000 26.00000 22.00000 25.00000 4.00000 45.00000 33.00000 20.00000 27.00000 19.00000 22.00000 20.00000 7.00000 12.00000 22.00000 19.00000 24.00000 28.00000 27.00000 0.00000 26.00000 21.00000 20.00000 12.00000
18.00000 6.00000 9.00000 5.00000 5.00000 16.00000 7.00000 13.00000 8.00000 14.00000 9.00000 30.00000 6.00000 5.00000 12.00000 23.00000 9.00000 9.00000 9.00000 13.00000 17.00000 4.00000 10.00000 9.00000 10.00000 14.00000 20.00000 10.00000 11.00000 12.00000 9.00000 11.00000 23.00000 21.00000 11.00000 7.00000 3.00000 10.00000 13.00000 10.00000 22.00000 18.00000 16.00000 7.00000 11.00000 7.00000 7.00000 24.00000 0.00000 10.00000 9.00000 18.00000
17.00000 11.00000 17.00000 12.00000 10.00000 12.00000 13.00000 17.00000 10.00000 14.00000 8.00000 32.00000 11.00000 13.00000 16.00000 19.00000 11.00000 6.00000 13.00000 17.00000 14.00000 6.00000 14.00000 16.00000 11.00000 10.00000 17.00000 18.00000 6.00000 19.00000 13.00000 17.00000 19.00000 29.00000 19.00000 7.00000 11.00000 10.00000 18.00000 2.00000 18.00000 17.00000 20.00000 7.00000 17.00000 12.00000 14.00000 20.00000 11.00000 0.00000 11.00000 17.00000
12.00000 7.00000 16.00000 10.00000 7.00000 11.00000 10.00000 10.00000 10.00000 7.00000 4.00000 37.00000 9.00000 11.00000 9.00000 18.00000 1.00000 8.00000 7.00000 11.00000 19.00000 7.00000 8.00000 12.00000 3.00000 9.00000 22.00000 16.00000 11.00000 15.00000 6.00000 12.00000 18.00000 29.00000 18.00000 5.00000 11.00000 5.00000 12.00000 9.00000 17.00000 12.00000 14.00000 5.00000 12.00000 12.00000 12.00000 19.00000 9.00000 10.00000 0.00000 12.00000
0.00000 17.00000 23.00000 18.00000 17.00000 7.00000 16.00000 9.00000 20.00000 9.00000 13.00000 44.00000 17.00000 17.00000 7.00000 10.00000 12.00000 15.00000 13.00000 11.00000 26.00000 17.00000 12.00000 18.00000 10.00000 11.00000 28.00000 22.00000 18.00000 19.00000 13.00000 17.00000 9.00000 38.00000 24.00000 15.00000 19.00000 11.00000 12.00000 16.00000 9.00000 0.00000 13.00000 14.00000 15.00000 23.00000 18.00000 11.00000 19.00000 17.00000 12.00000 0.00000
p
0.0 0.0 0.0 0.0 0.0 0.0 
0.0 0.0 0.0 0.0 0.0 0.0 
0.0 0.0 0.0 0.0 0.0 0.0 
0.0 0.0 0.0 0.0 0.0 0.0 
0.0 0.0 0.0 0.0 0.0 0.0 
0.0 0.0 0.0 0.0 0.0 0.0 
0.0 0.0 0.0 0.0 0.0 0.0 
0.0 0.0 0.0 0.0 0.0 0.0 
0.0 0.0 0.0 0.0 0.0 0.0 
0.0 0.0 0.0 0.0 0.0 0.0 
0 16 0 0 31 0 
0 16 0 0 31 0 
0 16 0 0 31 0 
0 16 0 0 31 0 
0 16 0 0 31 0 
0 16 0 0 31 0 
0 16 0 0 31 0 
0 16 0 0 31 0 
0 16 0 0 31 0 
0 16 0 0 31 0 
50 0 0 0 16 0 
50 0 0 0 16 0 
50 0 0 0 16 0 
50 0 0 0 16 0 
50 0 0 0 16 0 
50 0 0 0 16 0 
50 0 0 0 16 0 
50 0 0 0 16 0 
50 0 0 0 16 0 
50 0 0 0 16 0 
0 0 0 53 0 0 
0 0 0 53 0 0 
0 0 0 53 0 0 
0 0 0 53 0 0 
0 0 0 53 0 0 
0 0 0 53 0 0 
0 0 0 53 0 0 
0 0 0 53 0 0 
0 0 0 53 0 0 
0 0 0 53 0 0 
0 27 0 43 0 0 
0 27 0 43 0 0 
0 27 0 43 0 0 
0 27 0 43 0 0 
0 27 0 43 0 0 
0 27 0 43 0 0 
0 27 0 43 0 0 
0 27 0 43 0 0 
0 27 0 43 0 0 
0 27 0 43 0 0 
0 0 0 0 0 46 
0 0 0 0 0 46 
0 0 0 0 0 46 
0 0 0 0 0 46 
0 0 0 0 0 46 
0 0 0 0 0 46 
0 0 0 0 0 46 
0 0 0 0 0 46 
0 0 0 0 0 46 
0 0 0 0 0 46 
58 0 0 59 0 0 
58 0 0 59 0 0 
58 0 0 59 0 0 
58 0 0 59 0 0 
58 0 0 59 0 0 
58 0 0 59 0 0 
58 0 0 59 0 0 
58 0 0 59 0 0 
58 0 0 59 0 0 
58 0 0 59 0 0 
0 0 56 0 0 56 
0 0 56 0 0 56 
0 0 56 0 0 56 
0 0 56 0 0 56 
0 0 56 0 0 56 
0 0 56 0 0 56 
0 0 56 0 0 56 
0 0 56 0 0 56 
0 0 56 0 0 56 
0 0 56 0 0 56 
0 41 0 0 0 0 
0 41 0 0 0 0 
0 41 0 0 0 0 
0 41 0 0 0 0 
0 41 0 0 0 0 
0 41 0 0 0 0 
0 41 0 0 0 0 
0 41 0 0 0 0 
0 41 0 0 0 0 
0 41 0 0 0 0 
0 0 51 0 0 0 
0 0 51 0 0 0 
0 0 51 0 0 0 
0 0 51 0 0 0 
0 0 51 0 0 0 
0 0 51 0 0 0 
0 0 51 0 0 0 
0 0 51 0 0 0 
0 0 51 0 0 0 
0 0 51 0 0 0 
0 0 0 0 0 59 
0 0 0 0 0 59 
0 0 0 0 0 59 
0 0 0 0 0 59 
0 0 0 0 0 59 
0 0 0 0 0 59 
0 0 0 0 0 59 
0 0 0 0 0 59 
0 0 0 0 0 59 
0 0 0 0 0 59 
0 0 0 0 0 39 
0 0 0 0 0 39 
0 0 0 0 0 39 
0 0 0 0 0 39 
0 0 0 0 0 39 
0 0 0 0 0 39 
0 0 0 0 0 39 
0 0 0 0 0 39 
0 0 0 0 0 39 
0 0 0 0 0 39 
35 0 0 0 0 0 
35 0 0 0 0 0 
35 0 0 0 0 0 
35 0 0 0 0 0 
35 0 0 0 0 0 
35 0 0 0 0 0 
35 0 0 0 0 0 
35 0 0 0 0 0 
35 0 0 0 0 0 
35 0 0 0 0 0 
28 0 0 30 0 0 
28 0 0 30 0 0 
28 0 0 30 0 0 
28 0 0 30 0 0 
28 0 0 30 0 0 
28 0 0 30 0 0 
28 0 0 30 0 0 
28 0 0 30 0 0 
28 0 0 30 0 0 
28 0 0 30 0 0 
0 60 0 52 0 0 
0 60 0 52 0 0 
0 60 0 52 0 0 
0 60 0 52 0 0 
0 60 0 52 0 0 
0 60 0 52 0 0 
0 60 0 52 0 0 
0 60 0 52 0 0 
0 60 0 52 0 0 
0 60 0 52 0 0 
0 0 0 0 49 0 
0 0 0 0 49 0 
0 0 0 0 49 0 
0 0 0 0 49 0 
0 0 0 0 49 0 
0 0 0 0 49 0 
0 0 0 0 49 0 
0 0 0 0 49 0 
0 0 0 0 49 0 
0 0 0 0 49 0 
0 40 0 0 0 0 
0 40 0 0 0 0 
0 40 0 0 0 0 
0 40 0 0 0 0 
0 40 0 0 0 0 
0 40 0 0 0 0 
0 40 0 0 0 0 
0 40 0 0 0 0 
0 40 0 0 0 0 
0 40 0 0 0 0 
0 53 0 18 0 0 
0 53 0 18 0 0 
0 53 0 18 0 0 
0 53 0 18 0 0 
0 53 0 18 0 0 
0 53 0 18 0 0 
0 53 0 18 0 0 
0 53 0 18 0 0 
0 53 0 18 0 0 
0 53 0 18 0 0 
0 0 0 0 0 17 
0 0 0 0 0 17 
0 0 0 0 0 17 
0 0 0 0 0 17 
0 0 0 0 0 17 
0 0 0 0 0 17 
0 0 0 0 0 17 
0 0 0 0 0 17 
0 0 0 0 0 17 
0 0 0 0 0 17 
0 0 36 27 0 0 
0 0 36 27 0 0 
0 0 36 27 0 0 
0 0 36 27 0 0 
0 0 36 27 0 0 
0 0 36 27 0 0 
0 0 36 27 0 0 
0 0 36 27 0 0 
0 0 36 27 0 0 
0 0 36 27 0 0 
0 0 57 0 0 0 
0 0 57 0 0 0 
0 0 57 0 0 0 
0 0 57 0 0 0 
0 0 57 0 0 0 
0 0 57 0 0 0 
0 0 57 0 0 0 
0 0 57 0 0 0 
0 0 57 0 0 0 
0 0 57 0 0 0 
0 0 0 19 0 0 
0 0 0 19 0 0 
0 0 0 19 0 0 
0 0 0 19 0 0 
0 0 0 19 0 0 
0 0 0 19 0 0 
0 0 0 19 0 0 
0 0 0 19 0 0 
0 0 0 19 0 0 
0 0 0 19 0 0 
0 36 0 0 0 0 
0 36 0 0 0 0 
0 36 0 0 0 0 
0 36 0 0 0 0 
0 36 0 0 0 0 
0 36 0 0 0 0 
0 36 0 0 0 0 
0 36 0 0 0 0 
0 36 0 0 0 0 
0 36 0 0 0 0 
40 0 0 38 0 0 
40 0 0 38 0 0 
40 0 0 38 0 0 
40 0 0 38 0 0 
40 0 0 38 0 0 
40 0 0 38 0 0 
40 0 0 38 0 0 
40 0 0 38 0 0 
40 0 0 38 0 0 
40 0 0 38 0 0 
0 0 0 0 48 0 
0 0 0 0 48 0 
0 0 0 0 48 0 
0 0 0 0 48 0 
0 0 0 0 48 0 
0 0 0 0 48 0 
0 0 0 0 48 0 
0 0 0 0 48 0 
0 0 0 0 48 0 
0 0 0 0 48 0 
0 0 19 0 0 58 
0 0 19 0 0 58 
0 0 19 0 0 58 
0 0 19 0 0 58 
0 0 19 0 0 58 
0 0 19 0 0 58 
0 0 19 0 0 58 
0 0 19 0 0 58 
0 0 19 0 0 58 
0 0 19 0 0 58 
0 0 17 0 0 0 
0 0 17 0 0 0 
0 0 17 0 0 0 
0 0 17 0 0 0 
0 0 17 0 0 0 
0 0 17 0 0 0 
0 0 17 0 0 0 
0 0 17 0 0 0 
0 0 17 0 0 0 
0 0 17 0 0 0 
0 0 0 16 0 0 
0 0 0 16 0 0 
0 0 0 16 0 0 
0 0 0 16 0 0 
0 0 0 16 0 0 
0 0 0 16 0 0 
0 0 0 16 0 0 
0 0 0 16 0 0 
0 0 0 16 0 0 
0 0 0 16 0 0 
57 0 0 0 0 55 
57 0 0 0 0 55 
57 0 0 0 0 55 
57 0 0 0 0 55 
57 0 0 0 0 55 
57 0 0 0 0 55 
57 0 0 0 0 55 
57 0 0 0 0 55 
57 0 0 0 0 55 
57 0 0 0 0 55 
34 0 0 0 0 0 
34 0 0 0 0 0 
34 0 0 0 0 0 
34 0 0 0 0 0 
34 0 0 0 0 0 
34 0 0 0 0 0 
34 0 0 0 0 0 
34 0 0 0 0 0 
34 0 0 0 0 0 
34 0 0 0 0 0 
0 0 0 53 0 0 
0 0 0 53 0 0 
0 0 0 53 0 0 
0 0 0 53 0 0 
0 0 0 53 0 0 
0 0 0 53 0 0 
0 0 0 53 0 0 
0 0 0 53 0 0 
0 0 0 53 0 0 
0 0 0 53 0 0 
0 0 0 18 0 0 
0 0 0 18 0 0 
0 0 0 18 0 0 
0 0 0 18 0 0 
0 0 0 18 0 0 
0 0 0 18 0 0 
0 0 0 18 0 0 
0 0 0 18 0 0 
0 0 0 18 0 0 
0 0 0 18 0 0 
0 0 16 0 0 0 
0 0 16 0 0 0 
0 0 16 0 0 0 
0 0 16 0 0 0 
0 0 16 0 0 0 
0 0 16 0 0 0 
0 0 16 0 0 0 
0 0 16 0 0 0 
0 0 16 0 0 0 
0 0 16 0 0 0 
0 37 0 19 0 0 
0 37 0 19 0 0 
0 37 0 19 0 0 
0 37 0 19 0 0 
0 37 0 19 0 0 
0 37 0 19 0 0 
0 37 0 19 0 0 
0 37 0 19 0 0 
0 37 0 19 0 0 
0 37 0 19 0 0 
0 56 0 33 0 0 
0 56 0 33 0 0 
0 56 0 33 0 0 
0 56 0 33 0 0 
0 56 0 33 0 0 
0 56 0 33 0 0 
0 56 0 33 0 0 
0 56 0 33 0 0 
0 56 0 33 0 0 
0 56 0 33 0 0 
0 0 0 0 0 46 
0 0 0 0 0 46 
0 0 0 0 0 46 
0 0 0 0 0 46 
0 0 0 0 0 46 
0 0 0 0 0 46 
0 0 0 0 0 46 
0 0 0 0 0 46 
0 0 0 0 0 46 
0 0 0 0 0 46 
0 25 0 0 0 0 
0 25 0 0 0 0 
0 25 0 0 0 0 
0 25 0 0 0 0 
0 25 0 0 0 0 
0 25 0 0 0 0 
0 25 0 0 0 0 
0 25 0 0 0 0 
0 25 0 0 0 0 
0 25 0 0 0 0 
0 0 0 0 53 0 
0 0 0 0 53 0 
0 0 0 0 53 0 
0 0 0 0 53 0 
0 0 0 0 53 0 
0 0 0 0 53 0 
0 0 0 0 53 0 
0 0 0 0 53 0 
0 0 0 0 53 0 
0 0 0 0 53 0 
0 0 0 51 0 0 
0 0 0 51 0 0 
0 0 0 51 0 0 
0 0 0 51 0 0 
0 0 0 51 0 0 
0 0 0 51 0 0 
0 0 0 51 0 0 
0 0 0 51 0 0 
0 0 0 51 0 0 
0 0 0 51 0 0 
0 0 0 43 0 0 
0 0 0 43 0 0 
0 0 0 43 0 0 
0 0 0 43 0 0 
0 0 0 43 0 0 
0 0 0 43 0 0 
0 0 0 43 0 0 
0 0 0 43 0 0 
0 0 0 43 0 0 
0 0 0 43 0 0 
0 35 0 0 0 0 
0 35 0 0 0 0 
0 35 0 0 0 0 
0 35 0 0 0 0 
0 35 0 0 0 0 
0 35 0 0 0 0 
0 35 0 0 0 0 
0 35 0 0 0 0 
0 35 0 0 0 0 
0 35 0 0 0 0 
0 0 0 30 0 0 
0 0 0 30 0 0 
0 0 0 30 0 0 
0 0 0 30 0 0 
0 0 0 30 0 0 
0 0 0 30 0 0 
0 0 0 30 0 0 
0 0 0 30 0 0 
0 0 0 30 0 0 
0 0 0 30 0 0 
58 0 0 0 0 0 
58 0 0 0 0 0 
58 0 0 0 0 0 
58 0 0 0 0 0 
58 0 0 0 0 0 
58 0 0 0 0 0 
58 0 0 0 0 0 
58 0 0 0 0 0 
58 0 0 0 0 0 
58 0 0 0 0 0 
0 0 0 0 32 0 
0 0 0 0 32 0 
0 0 0 0 32 0 
0 0 0 0 32 0 
0 0 0 0 32 0 
0 0 0 0 32 0 
0 0 0 0 32 0 
0 0 0 0 32 0 
0 0 0 0 32 0 
0 0 0 0 32 0 
0 0 0 59 0 0 
0 0 0 59 0 0 
0 0 0 59 0 0 
0 0 0 59 0 0 
0 0 0 59 0 0 
0 0 0 59 0 0 
0 0 0 59 0 0 
0 0 0 59 0 0 
0 0 0 59 0 0 
0 0 0 59 0 0 
0 0 29 0 0 0 
0 0 29 0 0 0 
0 0 29 0 0 0 
0 0 29 0 0 0 
0 0 29 0 0 0 
0 0 29 0 0 0 
0 0 29 0 0 0 
0 0 29 0 0 0 
0 0 29 0 0 0 
0 0 29 0 0 0 
0 29 0 0 0 0 
0 29 0 0 0 0 
0 29 0 0 0 0 
0 29 0 0 0 0 
0 29 0 0 0 0 
0 29 0 0 0 0 
0 29 0 0 0 0 
0 29 0 0 0 0 
0 29 0 0 0 0 
0 29 0 0 0 0 
0 0 39 0 0 31 
0 0 39 0 0 31 
0 0 39 0 0 31 
0 0 39 0 0 31 
0 0 39 0 0 31 
0 0 39 0 0 31 
0 0 39 0 0 31 
0 0 39 0 0 31 
0 0 39 0 0 31 
0 0 39 0 0 31 
0 57 0 30 0 0 
0 57 0 30 0 0 
0 57 0 30 0 0 
0 57 0 30 0 0 
0 57 0 30 0 0 
0 57 0 30 0 0 
0 57 0 30 0 0 
0 57 0 30 0 0 
0 57 0 30 0 0 
0 57 0 30 0 0 
0 0 0 0 0 39 
0 0 0 0 0 39 
0 0 0 0 0 39 
0 0 0 0 0 39 
0 0 0 0 0 39 
0 0 0 0 0 39 
0 0 0 0 0 39 
0 0 0 0 0 39 
0 0 0 0 0 39 
0 0 0 0 0 39 
0 0 0 46 0 0 
0 0 0 46 0 0 
0 0 0 46 0 0 
0 0 0 46 0 0 
0 0 0 46 0 0 
0 0 0 46 0 0 
0 0 0 46 0 0 
0 0 0 46 0 0 
0 0 0 46 0 0 
0 0 0 46 0 0 
0.0 0.0 0.0 0.0 0.0 0.0 
0.0 0.0 0.0 0.0 0.0 0.0 
0.0 0.0 0.0 0.0 0.0 0.0 
0.0 0.0 0.0 0.0 0.0 0.0 
0.0 0.0 0.0 0.0 0.0 0.0 
0.0 0.0 0.0 0.0 0.0 0.0 
0.0 0.0 0.0 0.0 0.0 0.0 
0.0 0.0 0.0 0.0 0.0 0.0 
0.0 0.0 0.0 0.0 0.0 0.0 
0.0 0.0 0.0 0.0 0.0 0.0 
mind
0 10 17 0 17 0 0 0 0 0 0 0 0 0 0 0 0 0 0 18 0 0 0 0 0 21 0 0 10 0 0 0 0 14 0 0 0 0 0 0 0 0 0 0 0 0 0 0 23 0 0 0
maxd
0 26 29 0 25 0 0 0 0 0 0 0 0 0 0 0 0 0 0 22 0 0 0 0 0 24 0 0 28 0 0 0 0 25 0 0 0 0 0 0 0 0 0 0 0 0 0 0 26 0 0 0
e
0 602 754 651 531 832 503 660 941 789 907 881 836 809 504 793 659 947 731 847 662 910 547 814 799 608 731 648 560 817 756 645 601 523 846 519 590 898 783 777 681 657 491 565 834 604 796 564 863 615 794 0
l
99999 722 874 771 651 952 623 780 1061 909 1027 1001 956 929 624 913 779 1067 851 967 782 1030 667 934 919 728 851 768 680 937 876 765 721 643 966 639 710 1018 903 897 801 777 611 685 954 724 916 684 983 735 914 99999
