nbNodes
52
nbVehi
10
nbServi
6
r
1 1 1 1 1 1 
0 0 1 0 0 0 
0 0 1 0 1 0 
0 0 0 0 1 0 
1 0 0 0 0 0 
1 0 0 0 0 0 
0 0 0 1 0 0 
1 0 0 0 1 0 
1 0 0 0 0 0 
0 0 0 1 0 0 
0 0 0 0 0 1 
0 0 0 1 0 0 
0 0 0 1 0 0 
1 0 0 0 0 0 
1 0 0 0 0 0 
0 0 1 0 1 0 
0 0 0 0 1 0 
0 0 0 1 0 0 
0 1 0 0 1 0 
0 0 0 0 0 1 
1 0 0 0 1 0 
0 0 1 0 0 1 
1 0 0 0 0 1 
0 0 1 0 0 1 
0 1 0 0 0 0 
1 0 0 0 0 0 
1 0 0 1 0 0 
0 0 0 0 0 1 
0 0 1 0 0 0 
0 0 1 0 0 0 
0 0 0 0 1 0 
1 0 0 0 0 0 
0 1 0 0 1 0 
0 1 0 0 0 0 
0 0 1 0 0 0 
0 0 0 0 1 0 
0 0 0 1 0 0 
0 1 0 0 1 0 
0 1 0 0 0 1 
0 1 0 0 0 0 
1 0 0 0 0 0 
0 1 0 0 0 0 
0 0 1 0 0 0 
0 1 0 0 0 0 
0 0 1 0 0 1 
1 0 0 0 0 0 
0 0 1 0 0 1 
0 0 1 0 1 0 
1 0 0 0 0 0 
0 0 0 1 0 0 
0 1 0 0 0 1 
1 1 1 1 1 1 
DS
3 8 16 19 21 22 23 24 27 33 38 39 45 47 48 51 
a
1 1 1 0 0 0 
1 1 0 0 0 0 
0 0 1 0 0 0 
1 0 0 0 0 0 
0 0 1 0 0 0 
0 0 0 1 1 1 
0 0 0 0 0 1 
0 0 0 1 1 1 
0 0 0 1 1 0 
0 0 0 1 1 1 
x
-30.0678 -30.0867 -30.0835 -30.0236 -30.0808 -30.0074 -29.9921 -30.019 -30.0782 -30.0611 -30.0678 -29.9864 -29.9903 -30.0039 -30.0072 -30.0251 -30.015 -29.9856 -30.028 -30.0732 -29.9892 -30.0146 -30.0311 -30.1539 -30.0774 -30.0009 -30.1477 -29.9883 -29.9856 -29.9858 -30.1574 -30.0233 -30.0103 -30.0192 -29.9878 -30.1482 -30.0157 -29.9882 -30.0149 -30.1522 -30.0947 -30.0881 -30.072 -29.9897 -30.0747 -30.0113 -30.0834 -29.995 -30.0789 -30.084 -29.9787 -30.0678
y
-51.1638 -51.2395 -51.2291 -51.1246 -51.2193 -51.1313 -51.1479 -51.1284 -51.2363 -51.2289 -51.1638 -51.1998 -51.1976 -51.1146 -51.1928 -51.1242 -51.0999 -51.1366 -51.1859 -51.2203 -51.1364 -51.1223 -51.1375 -51.1347 -51.2311 -51.0997 -51.148 -51.1337 -51.1282 -51.1328 -51.1493 -51.088 -51.1081 -51.1081 -51.1939 -51.1429 -51.1268 -51.1998 -51.1193 -51.1482 -51.2344 -51.2251 -51.2277 -51.2005 -51.2236 -51.1368 -51.2121 -51.1115 -51.237 -51.2377 -51.1985 -51.1638
d
0.00000 18.00000 17.00000 15.00000 14.00000 19.00000 22.00000 17.00000 19.00000 15.00000 0.00000 18.00000 19.00000 18.00000 16.00000 15.00000 18.00000 23.00000 13.00000 15.00000 21.00000 17.00000 13.00000 30.00000 17.00000 20.00000 32.00000 22.00000 21.00000 22.00000 33.00000 21.00000 18.00000 16.00000 18.00000 31.00000 17.00000 18.00000 15.00000 32.00000 16.00000 15.00000 16.00000 18.00000 16.00000 17.00000 12.00000 19.00000 19.00000 18.00000 20.00000 0.00000
18.00000 0.00000 4.00000 28.00000 6.00000 28.00000 31.00000 29.00000 4.00000 8.00000 18.00000 21.00000 22.00000 31.00000 21.00000 28.00000 31.00000 32.00000 18.00000 6.00000 30.00000 29.00000 25.00000 27.00000 6.00000 33.00000 23.00000 31.00000 31.00000 31.00000 26.00000 34.00000 31.00000 29.00000 21.00000 25.00000 29.00000 21.00000 28.00000 24.00000 5.00000 5.00000 7.00000 20.00000 7.00000 26.00000 8.00000 32.00000 3.00000 2.00000 21.00000 18.00000
16.00000 4.00000 0.00000 27.00000 4.00000 28.00000 31.00000 28.00000 4.00000 8.00000 16.00000 22.00000 23.00000 30.00000 22.00000 27.00000 30.00000 32.00000 18.00000 4.00000 31.00000 28.00000 23.00000 28.00000 4.00000 32.00000 24.00000 31.00000 31.00000 31.00000 27.00000 33.00000 30.00000 28.00000 22.00000 26.00000 29.00000 22.00000 27.00000 25.00000 7.00000 4.00000 5.00000 22.00000 5.00000 27.00000 7.00000 31.00000 4.00000 3.00000 23.00000 16.00000
16.00000 28.00000 27.00000 0.00000 24.00000 6.00000 11.00000 3.00000 29.00000 24.00000 16.00000 19.00000 19.00000 6.00000 15.00000 1.00000 6.00000 11.00000 15.00000 25.00000 10.00000 5.00000 5.00000 37.00000 27.00000 8.00000 39.00000 10.00000 10.00000 10.00000 41.00000 9.00000 6.00000 4.00000 18.00000 38.00000 3.00000 18.00000 3.00000 40.00000 26.00000 25.00000 25.00000 18.00000 26.00000 7.00000 22.00000 7.00000 29.00000 28.00000 20.00000 16.00000
14.00000 6.00000 4.00000 24.00000 0.00000 26.00000 29.00000 25.00000 7.00000 8.00000 14.00000 21.00000 22.00000 27.00000 20.00000 24.00000 27.00000 30.00000 16.00000 4.00000 28.00000 26.00000 21.00000 27.00000 4.00000 29.00000 24.00000 29.00000 28.00000 29.00000 27.00000 30.00000 27.00000 25.00000 21.00000 26.00000 26.00000 21.00000 24.00000 25.00000 7.00000 5.00000 5.00000 21.00000 4.00000 24.00000 5.00000 28.00000 6.00000 6.00000 22.00000 14.00000
19.00000 28.00000 27.00000 6.00000 25.00000 0.00000 7.00000 4.00000 28.00000 22.00000 19.00000 15.00000 15.00000 8.00000 11.00000 6.00000 7.00000 7.00000 12.00000 24.00000 6.00000 3.00000 7.00000 40.00000 25.00000 10.00000 42.00000 6.00000 6.00000 6.00000 43.00000 12.00000 8.00000 7.00000 14.00000 41.00000 3.00000 14.00000 5.00000 43.00000 28.00000 27.00000 23.00000 14.00000 24.00000 3.00000 24.00000 8.00000 28.00000 28.00000 16.00000 19.00000
20.00000 28.00000 28.00000 14.00000 26.00000 10.00000 0.00000 12.00000 29.00000 23.00000 20.00000 12.00000 13.00000 14.00000 10.00000 14.00000 15.00000 12.00000 13.00000 25.00000 10.00000 11.00000 14.00000 45.00000 26.00000 16.00000 46.00000 11.00000 11.00000 12.00000 48.00000 20.00000 14.00000 15.00000 11.00000 46.00000 12.00000 11.00000 13.00000 47.00000 29.00000 27.00000 24.00000 12.00000 24.00000 9.00000 25.00000 14.00000 28.00000 28.00000 13.00000 20.00000
18.00000 29.00000 28.00000 3.00000 25.00000 4.00000 10.00000 0.00000 30.00000 24.00000 18.00000 17.00000 18.00000 7.00000 13.00000 3.00000 7.00000 10.00000 14.00000 26.00000 9.00000 4.00000 6.00000 39.00000 27.00000 9.00000 40.00000 9.00000 9.00000 9.00000 42.00000 10.00000 7.00000 5.00000 16.00000 39.00000 2.00000 16.00000 4.00000 41.00000 27.00000 26.00000 25.00000 17.00000 26.00000 4.00000 24.00000 8.00000 30.00000 29.00000 18.00000 18.00000
19.00000 4.00000 4.00000 29.00000 7.00000 29.00000 31.00000 30.00000 0.00000 8.00000 19.00000 21.00000 22.00000 32.00000 21.00000 30.00000 32.00000 32.00000 18.00000 7.00000 31.00000 29.00000 26.00000 30.00000 4.00000 34.00000 26.00000 31.00000 31.00000 32.00000 30.00000 35.00000 32.00000 31.00000 21.00000 28.00000 29.00000 21.00000 29.00000 27.00000 8.00000 7.00000 6.00000 21.00000 7.00000 27.00000 9.00000 33.00000 1.00000 3.00000 22.00000 19.00000
14.00000 8.00000 8.00000 23.00000 9.00000 23.00000 26.00000 24.00000 8.00000 0.00000 14.00000 16.00000 17.00000 26.00000 16.00000 24.00000 26.00000 27.00000 12.00000 6.00000 25.00000 23.00000 20.00000 33.00000 5.00000 29.00000 30.00000 26.00000 25.00000 26.00000 33.00000 30.00000 27.00000 25.00000 17.00000 31.00000 23.00000 16.00000 24.00000 30.00000 11.00000 10.00000 5.00000 16.00000 6.00000 21.00000 9.00000 28.00000 8.00000 8.00000 17.00000 14.00000
0.00000 18.00000 17.00000 15.00000 14.00000 19.00000 22.00000 17.00000 19.00000 15.00000 0.00000 18.00000 19.00000 18.00000 16.00000 15.00000 18.00000 23.00000 13.00000 15.00000 21.00000 17.00000 13.00000 30.00000 17.00000 20.00000 32.00000 22.00000 21.00000 22.00000 33.00000 21.00000 18.00000 16.00000 18.00000 31.00000 17.00000 18.00000 15.00000 32.00000 16.00000 15.00000 16.00000 18.00000 16.00000 17.00000 12.00000 19.00000 19.00000 18.00000 20.00000 0.00000
19.00000 21.00000 22.00000 18.00000 21.00000 15.00000 15.00000 17.00000 21.00000 16.00000 19.00000 0.00000 3.00000 18.00000 5.00000 19.00000 19.00000 16.00000 10.00000 20.00000 15.00000 16.00000 17.00000 44.00000 20.00000 17.00000 40.00000 15.00000 16.00000 16.00000 43.00000 25.00000 19.00000 19.00000 2.00000 42.00000 16.00000 1.00000 17.00000 41.00000 23.00000 22.00000 18.00000 2.00000 19.00000 14.00000 20.00000 16.00000 21.00000 21.00000 3.00000 19.00000
20.00000 22.00000 23.00000 19.00000 22.00000 15.00000 16.00000 17.00000 22.00000 17.00000 20.00000 3.00000 0.00000 19.00000 6.00000 19.00000 20.00000 17.00000 11.00000 21.00000 16.00000 17.00000 18.00000 45.00000 21.00000 18.00000 41.00000 16.00000 17.00000 17.00000 44.00000 25.00000 19.00000 20.00000 4.00000 43.00000 17.00000 2.00000 18.00000 42.00000 24.00000 23.00000 19.00000 3.00000 20.00000 14.00000 21.00000 17.00000 22.00000 22.00000 4.00000 20.00000
20.00000 32.00000 31.00000 7.00000 28.00000 8.00000 12.00000 9.00000 34.00000 28.00000 20.00000 20.00000 20.00000 0.00000 17.00000 7.00000 7.00000 11.00000 18.00000 29.00000 10.00000 7.00000 11.00000 41.00000 31.00000 5.00000 43.00000 10.00000 9.00000 10.00000 45.00000 13.00000 5.00000 8.00000 19.00000 42.00000 8.00000 19.00000 5.00000 44.00000 30.00000 29.00000 29.00000 19.00000 30.00000 9.00000 26.00000 4.00000 33.00000 32.00000 21.00000 20.00000
16.00000 20.00000 19.00000 15.00000 18.00000 12.00000 14.00000 13.00000 20.00000 15.00000 16.00000 5.00000 6.00000 17.00000 0.00000 15.00000 16.00000 15.00000 7.00000 17.00000 13.00000 12.00000 13.00000 41.00000 18.00000 19.00000 38.00000 14.00000 14.00000 15.00000 41.00000 21.00000 17.00000 16.00000 5.00000 40.00000 12.00000 5.00000 14.00000 39.00000 21.00000 20.00000 16.00000 5.00000 16.00000 10.00000 17.00000 17.00000 20.00000 20.00000 7.00000 16.00000
16.00000 28.00000 26.00000 1.00000 24.00000 6.00000 11.00000 4.00000 29.00000 24.00000 16.00000 19.00000 20.00000 6.00000 15.00000 0.00000 6.00000 12.00000 16.00000 25.00000 10.00000 5.00000 6.00000 37.00000 26.00000 9.00000 39.00000 11.00000 10.00000 11.00000 40.00000 9.00000 6.00000 5.00000 18.00000 38.00000 3.00000 18.00000 3.00000 40.00000 26.00000 24.00000 25.00000 19.00000 25.00000 7.00000 22.00000 7.00000 28.00000 27.00000 20.00000 16.00000
20.00000 31.00000 30.00000 6.00000 28.00000 8.00000 13.00000 8.00000 33.00000 28.00000 20.00000 21.00000 22.00000 8.00000 17.00000 6.00000 0.00000 14.00000 19.00000 28.00000 12.00000 7.00000 10.00000 39.00000 30.00000 5.00000 41.00000 13.00000 12.00000 13.00000 42.00000 6.00000 5.00000 3.00000 20.00000 40.00000 7.00000 20.00000 5.00000 41.00000 29.00000 28.00000 29.00000 21.00000 29.00000 10.00000 26.00000 8.00000 32.00000 31.00000 22.00000 20.00000
24.00000 32.00000 31.00000 12.00000 29.00000 8.00000 8.00000 10.00000 32.00000 26.00000 24.00000 16.00000 17.00000 11.00000 14.00000 12.00000 13.00000 0.00000 16.00000 28.00000 2.00000 9.00000 13.00000 46.00000 29.00000 12.00000 48.00000 2.00000 3.00000 2.00000 49.00000 18.00000 12.00000 13.00000 15.00000 47.00000 9.00000 15.00000 10.00000 48.00000 32.00000 31.00000 27.00000 16.00000 28.00000 8.00000 28.00000 9.00000 31.00000 31.00000 17.00000 24.00000
11.00000 19.00000 18.00000 15.00000 16.00000 12.00000 16.00000 13.00000 19.00000 13.00000 11.00000 10.00000 11.00000 17.00000 8.00000 16.00000 16.00000 16.00000 0.00000 15.00000 15.00000 13.00000 11.00000 37.00000 16.00000 20.00000 35.00000 15.00000 15.00000 15.00000 38.00000 21.00000 17.00000 16.00000 10.00000 36.00000 13.00000 10.00000 14.00000 35.00000 18.00000 16.00000 14.00000 10.00000 15.00000 10.00000 14.00000 17.00000 18.00000 18.00000 12.00000 11.00000
14.00000 7.00000 5.00000 24.00000 5.00000 25.00000 28.00000 26.00000 7.00000 5.00000 14.00000 19.00000 20.00000 27.00000 18.00000 25.00000 27.00000 29.00000 14.00000 0.00000 27.00000 25.00000 21.00000 30.00000 4.00000 30.00000 26.00000 28.00000 27.00000 28.00000 29.00000 31.00000 28.00000 26.00000 19.00000 28.00000 25.00000 19.00000 25.00000 27.00000 9.00000 8.00000 3.00000 18.00000 2.00000 23.00000 6.00000 29.00000 7.00000 6.00000 20.00000 14.00000
22.00000 30.00000 29.00000 10.00000 28.00000 6.00000 7.00000 9.00000 31.00000 25.00000 22.00000 14.00000 15.00000 10.00000 13.00000 11.00000 11.00000 2.00000 15.00000 27.00000 0.00000 8.00000 11.00000 44.00000 27.00000 11.00000 46.00000 1.00000 3.00000 2.00000 47.00000 16.00000 10.00000 11.00000 14.00000 45.00000 8.00000 14.00000 9.00000 47.00000 31.00000 29.00000 26.00000 14.00000 26.00000 6.00000 27.00000 9.00000 30.00000 30.00000 16.00000 22.00000
17.00000 28.00000 27.00000 3.00000 25.00000 5.00000 10.00000 4.00000 30.00000 25.00000 17.00000 18.00000 19.00000 5.00000 14.00000 4.00000 4.00000 11.00000 15.00000 26.00000 9.00000 0.00000 8.00000 38.00000 27.00000 7.00000 40.00000 10.00000 9.00000 10.00000 41.00000 9.00000 5.00000 4.00000 17.00000 39.00000 4.00000 17.00000 2.00000 41.00000 27.00000 25.00000 26.00000 18.00000 26.00000 6.00000 23.00000 6.00000 29.00000 28.00000 19.00000 17.00000
14.00000 26.00000 25.00000 5.00000 22.00000 7.00000 13.00000 5.00000 27.00000 22.00000 14.00000 18.00000 18.00000 10.00000 14.00000 5.00000 10.00000 14.00000 12.00000 23.00000 12.00000 7.00000 0.00000 35.00000 24.00000 12.00000 37.00000 13.00000 12.00000 13.00000 38.00000 13.00000 10.00000 8.00000 17.00000 36.00000 6.00000 17.00000 7.00000 38.00000 24.00000 22.00000 23.00000 17.00000 23.00000 6.00000 20.00000 11.00000 26.00000 25.00000 19.00000 14.00000
32.00000 26.00000 26.00000 37.00000 27.00000 41.00000 46.00000 39.00000 29.00000 32.00000 32.00000 43.00000 44.00000 40.00000 41.00000 38.00000 40.00000 46.00000 38.00000 29.00000 45.00000 39.00000 36.00000 0.00000 28.00000 40.00000 5.00000 45.00000 45.00000 45.00000 6.00000 42.00000 41.00000 39.00000 43.00000 5.00000 39.00000 43.00000 38.00000 5.00000 24.00000 24.00000 29.00000 43.00000 29.00000 39.00000 25.00000 42.00000 28.00000 27.00000 44.00000 32.00000
16.00000 5.00000 3.00000 26.00000 4.00000 26.00000 29.00000 27.00000 4.00000 6.00000 16.00000 20.00000 21.00000 29.00000 19.00000 27.00000 29.00000 30.00000 15.00000 4.00000 28.00000 26.00000 23.00000 29.00000 0.00000 32.00000 25.00000 29.00000 28.00000 29.00000 28.00000 33.00000 30.00000 28.00000 20.00000 27.00000 27.00000 20.00000 27.00000 26.00000 8.00000 6.00000 3.00000 19.00000 4.00000 24.00000 7.00000 31.00000 4.00000 5.00000 21.00000 16.00000
22.00000 34.00000 32.00000 8.00000 30.00000 9.00000 13.00000 10.00000 35.00000 29.00000 22.00000 21.00000 22.00000 6.00000 18.00000 9.00000 4.00000 12.00000 19.00000 31.00000 11.00000 8.00000 13.00000 41.00000 32.00000 0.00000 43.00000 11.00000 11.00000 11.00000 44.00000 10.00000 5.00000 7.00000 20.00000 42.00000 9.00000 20.00000 6.00000 44.00000 32.00000 30.00000 30.00000 21.00000 31.00000 10.00000 28.00000 6.00000 34.00000 33.00000 21.00000 22.00000
31.00000 23.00000 23.00000 39.00000 23.00000 43.00000 46.00000 41.00000 25.00000 29.00000 31.00000 40.00000 41.00000 42.00000 38.00000 40.00000 42.00000 47.00000 34.00000 25.00000 46.00000 41.00000 38.00000 5.00000 24.00000 42.00000 0.00000 46.00000 46.00000 46.00000 5.00000 44.00000 43.00000 41.00000 40.00000 3.00000 41.00000 40.00000 40.00000 3.00000 21.00000 21.00000 26.00000 39.00000 26.00000 41.00000 21.00000 44.00000 25.00000 23.00000 41.00000 31.00000
22.00000 30.00000 29.00000 10.00000 28.00000 7.00000 7.00000 9.00000 31.00000 25.00000 22.00000 15.00000 16.00000 10.00000 13.00000 11.00000 11.00000 2.00000 15.00000 27.00000 2.00000 8.00000 12.00000 45.00000 27.00000 10.00000 47.00000 0.00000 2.00000 1.00000 48.00000 17.00000 10.00000 11.00000 14.00000 46.00000 8.00000 14.00000 8.00000 48.00000 30.00000 29.00000 26.00000 15.00000 26.00000 7.00000 27.00000 8.00000 30.00000 30.00000 16.00000 22.00000
22.00000 30.00000 29.00000 10.00000 28.00000 7.00000 8.00000 9.00000 31.00000 25.00000 22.00000 15.00000 16.00000 10.00000 13.00000 11.00000 11.00000 3.00000 15.00000 27.00000 3.00000 8.00000 12.00000 45.00000 27.00000 10.00000 47.00000 2.00000 0.00000 2.00000 48.00000 17.00000 10.00000 11.00000 15.00000 46.00000 8.00000 15.00000 8.00000 48.00000 30.00000 29.00000 26.00000 15.00000 26.00000 7.00000 27.00000 8.00000 30.00000 30.00000 17.00000 22.00000
23.00000 31.00000 30.00000 11.00000 28.00000 7.00000 8.00000 9.00000 31.00000 25.00000 23.00000 16.00000 16.00000 10.00000 14.00000 11.00000 12.00000 3.00000 15.00000 27.00000 2.00000 8.00000 13.00000 45.00000 28.00000 11.00000 47.00000 2.00000 2.00000 0.00000 49.00000 17.00000 10.00000 12.00000 15.00000 46.00000 9.00000 15.00000 9.00000 48.00000 31.00000 30.00000 26.00000 15.00000 27.00000 8.00000 27.00000 8.00000 30.00000 30.00000 17.00000 23.00000
33.00000 25.00000 25.00000 41.00000 25.00000 45.00000 49.00000 43.00000 27.00000 31.00000 33.00000 42.00000 43.00000 44.00000 40.00000 42.00000 44.00000 49.00000 37.00000 27.00000 48.00000 43.00000 39.00000 6.00000 26.00000 44.00000 5.00000 48.00000 48.00000 48.00000 0.00000 46.00000 44.00000 43.00000 42.00000 6.00000 43.00000 42.00000 41.00000 4.00000 23.00000 23.00000 28.00000 41.00000 28.00000 43.00000 23.00000 45.00000 27.00000 26.00000 43.00000 33.00000
23.00000 34.00000 33.00000 9.00000 31.00000 12.00000 17.00000 11.00000 36.00000 31.00000 23.00000 24.00000 25.00000 11.00000 20.00000 10.00000 6.00000 17.00000 22.00000 31.00000 16.00000 10.00000 14.00000 42.00000 33.00000 10.00000 44.00000 16.00000 16.00000 16.00000 45.00000 0.00000 10.00000 6.00000 24.00000 43.00000 10.00000 24.00000 8.00000 45.00000 32.00000 31.00000 32.00000 24.00000 32.00000 13.00000 29.00000 12.00000 35.00000 34.00000 25.00000 23.00000
20.00000 31.00000 30.00000 6.00000 28.00000 7.00000 11.00000 8.00000 33.00000 27.00000 20.00000 19.00000 20.00000 5.00000 16.00000 7.00000 4.00000 12.00000 17.00000 28.00000 10.00000 6.00000 11.00000 41.00000 30.00000 5.00000 43.00000 10.00000 10.00000 11.00000 44.00000 9.00000 0.00000 4.00000 18.00000 42.00000 7.00000 18.00000 4.00000 43.00000 29.00000 28.00000 28.00000 19.00000 29.00000 8.00000 26.00000 6.00000 32.00000 31.00000 20.00000 20.00000
18.00000 30.00000 29.00000 5.00000 26.00000 7.00000 12.00000 6.00000 31.00000 26.00000 18.00000 19.00000 20.00000 6.00000 15.00000 5.00000 3.00000 12.00000 17.00000 27.00000 11.00000 6.00000 9.00000 39.00000 29.00000 8.00000 41.00000 11.00000 11.00000 11.00000 43.00000 7.00000 4.00000 0.00000 19.00000 40.00000 6.00000 19.00000 3.00000 42.00000 28.00000 27.00000 27.00000 19.00000 28.00000 8.00000 24.00000 7.00000 31.00000 30.00000 21.00000 18.00000
19.00000 23.00000 23.00000 18.00000 22.00000 14.00000 15.00000 16.00000 23.00000 18.00000 19.00000 4.00000 5.00000 18.00000 5.00000 18.00000 19.00000 16.00000 10.00000 21.00000 15.00000 16.00000 17.00000 45.00000 21.00000 18.00000 42.00000 15.00000 16.00000 16.00000 45.00000 24.00000 18.00000 19.00000 0.00000 44.00000 16.00000 3.00000 17.00000 43.00000 25.00000 23.00000 20.00000 4.00000 20.00000 13.00000 21.00000 17.00000 22.00000 22.00000 5.00000 19.00000
33.00000 25.00000 25.00000 39.00000 25.00000 42.00000 47.00000 40.00000 27.00000 31.00000 33.00000 42.00000 43.00000 42.00000 40.00000 39.00000 41.00000 48.00000 36.00000 27.00000 46.00000 40.00000 37.00000 5.00000 26.00000 41.00000 3.00000 46.00000 46.00000 46.00000 6.00000 43.00000 42.00000 40.00000 42.00000 0.00000 41.00000 42.00000 39.00000 3.00000 23.00000 23.00000 28.00000 41.00000 28.00000 40.00000 23.00000 43.00000 27.00000 25.00000 43.00000 33.00000
18.00000 29.00000 29.00000 3.00000 26.00000 4.00000 9.00000 2.00000 30.00000 24.00000 18.00000 16.00000 17.00000 7.00000 12.00000 4.00000 6.00000 9.00000 14.00000 26.00000 8.00000 3.00000 6.00000 39.00000 27.00000 10.00000 41.00000 8.00000 8.00000 8.00000 43.00000 10.00000 7.00000 6.00000 16.00000 40.00000 0.00000 16.00000 4.00000 42.00000 28.00000 27.00000 25.00000 16.00000 25.00000 5.00000 24.00000 8.00000 29.00000 29.00000 18.00000 18.00000
18.00000 20.00000 22.00000 18.00000 20.00000 14.00000 15.00000 16.00000 21.00000 15.00000 18.00000 1.00000 2.00000 18.00000 5.00000 18.00000 19.00000 16.00000 10.00000 19.00000 14.00000 15.00000 16.00000 43.00000 19.00000 17.00000 40.00000 15.00000 15.00000 16.00000 43.00000 24.00000 18.00000 19.00000 3.00000 41.00000 16.00000 0.00000 17.00000 40.00000 23.00000 21.00000 18.00000 1.00000 18.00000 13.00000 19.00000 15.00000 20.00000 20.00000 3.00000 18.00000
18.00000 29.00000 28.00000 4.00000 26.00000 4.00000 9.00000 6.00000 30.00000 24.00000 18.00000 16.00000 17.00000 4.00000 12.00000 5.00000 5.00000 9.00000 14.00000 26.00000 8.00000 4.00000 9.00000 39.00000 27.00000 7.00000 41.00000 8.00000 8.00000 8.00000 42.00000 10.00000 5.00000 5.00000 16.00000 40.00000 6.00000 16.00000 0.00000 42.00000 28.00000 26.00000 25.00000 16.00000 26.00000 5.00000 24.00000 5.00000 29.00000 29.00000 18.00000 18.00000
32.00000 24.00000 24.00000 40.00000 24.00000 44.00000 48.00000 42.00000 27.00000 30.00000 32.00000 41.00000 42.00000 43.00000 39.00000 41.00000 43.00000 49.00000 36.00000 27.00000 47.00000 42.00000 39.00000 5.00000 26.00000 43.00000 3.00000 47.00000 47.00000 48.00000 4.00000 45.00000 44.00000 42.00000 41.00000 3.00000 42.00000 41.00000 41.00000 0.00000 22.00000 22.00000 27.00000 41.00000 27.00000 42.00000 23.00000 44.00000 26.00000 25.00000 42.00000 32.00000
16.00000 5.00000 6.00000 26.00000 7.00000 28.00000 31.00000 27.00000 8.00000 12.00000 16.00000 24.00000 26.00000 29.00000 23.00000 26.00000 29.00000 32.00000 19.00000 9.00000 30.00000 28.00000 23.00000 24.00000 8.00000 31.00000 21.00000 31.00000 30.00000 31.00000 24.00000 32.00000 29.00000 27.00000 24.00000 23.00000 28.00000 24.00000 26.00000 22.00000 0.00000 5.00000 9.00000 24.00000 9.00000 26.00000 6.00000 30.00000 7.00000 6.00000 25.00000 16.00000
14.00000 5.00000 4.00000 24.00000 4.00000 26.00000 30.00000 26.00000 7.00000 10.00000 14.00000 23.00000 24.00000 27.00000 21.00000 25.00000 27.00000 31.00000 18.00000 6.00000 29.00000 26.00000 21.00000 26.00000 6.00000 30.00000 22.00000 29.00000 29.00000 29.00000 25.00000 31.00000 28.00000 26.00000 23.00000 24.00000 27.00000 23.00000 25.00000 23.00000 5.00000 0.00000 7.00000 23.00000 7.00000 25.00000 5.00000 29.00000 6.00000 5.00000 24.00000 14.00000
15.00000 7.00000 5.00000 25.00000 5.00000 24.00000 27.00000 25.00000 6.00000 4.00000 15.00000 18.00000 20.00000 28.00000 17.00000 25.00000 28.00000 28.00000 13.00000 3.00000 27.00000 25.00000 22.00000 31.00000 3.00000 30.00000 27.00000 27.00000 27.00000 27.00000 30.00000 31.00000 28.00000 26.00000 18.00000 29.00000 25.00000 18.00000 25.00000 28.00000 9.00000 7.00000 0.00000 18.00000 2.00000 22.00000 7.00000 29.00000 6.00000 6.00000 19.00000 15.00000
19.00000 21.00000 22.00000 18.00000 20.00000 14.00000 15.00000 16.00000 21.00000 16.00000 19.00000 2.00000 3.00000 18.00000 5.00000 19.00000 19.00000 16.00000 10.00000 19.00000 15.00000 16.00000 17.00000 43.00000 19.00000 17.00000 40.00000 15.00000 15.00000 16.00000 43.00000 24.00000 18.00000 19.00000 3.00000 42.00000 16.00000 1.00000 17.00000 41.00000 23.00000 22.00000 18.00000 0.00000 19.00000 13.00000 19.00000 16.00000 20.00000 20.00000 3.00000 19.00000
15.00000 6.00000 4.00000 25.00000 4.00000 25.00000 28.00000 26.00000 7.00000 5.00000 15.00000 19.00000 20.00000 28.00000 18.00000 26.00000 28.00000 29.00000 14.00000 2.00000 27.00000 25.00000 22.00000 30.00000 4.00000 31.00000 27.00000 28.00000 27.00000 28.00000 30.00000 32.00000 29.00000 27.00000 19.00000 28.00000 25.00000 19.00000 26.00000 27.00000 9.00000 7.00000 2.00000 19.00000 0.00000 23.00000 6.00000 30.00000 6.00000 5.00000 20.00000 15.00000
18.00000 27.00000 27.00000 6.00000 25.00000 3.00000 8.00000 4.00000 28.00000 22.00000 18.00000 14.00000 15.00000 8.00000 10.00000 6.00000 7.00000 8.00000 12.00000 24.00000 7.00000 4.00000 6.00000 39.00000 25.00000 10.00000 41.00000 7.00000 7.00000 7.00000 42.00000 12.00000 8.00000 7.00000 14.00000 40.00000 4.00000 14.00000 5.00000 42.00000 27.00000 26.00000 23.00000 14.00000 23.00000 0.00000 23.00000 9.00000 27.00000 27.00000 16.00000 18.00000
11.00000 10.00000 9.00000 21.00000 7.00000 23.00000 26.00000 22.00000 12.00000 11.00000 11.00000 20.00000 21.00000 24.00000 18.00000 21.00000 24.00000 27.00000 14.00000 8.00000 26.00000 23.00000 18.00000 29.00000 9.00000 26.00000 26.00000 26.00000 25.00000 26.00000 29.00000 27.00000 24.00000 22.00000 20.00000 27.00000 23.00000 20.00000 21.00000 26.00000 9.00000 7.00000 9.00000 19.00000 8.00000 21.00000 0.00000 25.00000 11.00000 10.00000 21.00000 11.00000
21.00000 32.00000 31.00000 7.00000 28.00000 8.00000 10.00000 9.00000 33.00000 27.00000 21.00000 18.00000 19.00000 5.00000 16.00000 7.00000 8.00000 9.00000 17.00000 29.00000 8.00000 7.00000 11.00000 42.00000 30.00000 6.00000 43.00000 8.00000 8.00000 8.00000 45.00000 13.00000 6.00000 8.00000 17.00000 42.00000 8.00000 17.00000 5.00000 44.00000 30.00000 29.00000 28.00000 18.00000 29.00000 9.00000 27.00000 0.00000 33.00000 32.00000 19.00000 21.00000
18.00000 3.00000 4.00000 29.00000 6.00000 28.00000 31.00000 29.00000 1.00000 7.00000 18.00000 20.00000 22.00000 32.00000 21.00000 29.00000 32.00000 32.00000 18.00000 6.00000 30.00000 29.00000 25.00000 29.00000 4.00000 34.00000 26.00000 31.00000 31.00000 31.00000 29.00000 35.00000 32.00000 30.00000 21.00000 28.00000 29.00000 20.00000 29.00000 27.00000 8.00000 6.00000 6.00000 20.00000 7.00000 26.00000 9.00000 32.00000 0.00000 3.00000 21.00000 18.00000
18.00000 2.00000 3.00000 28.00000 5.00000 28.00000 30.00000 29.00000 4.00000 7.00000 18.00000 20.00000 21.00000 31.00000 20.00000 28.00000 31.00000 31.00000 17.00000 5.00000 30.00000 28.00000 25.00000 28.00000 6.00000 33.00000 24.00000 30.00000 30.00000 31.00000 27.00000 34.00000 31.00000 29.00000 21.00000 26.00000 28.00000 20.00000 28.00000 25.00000 6.00000 5.00000 6.00000 20.00000 6.00000 26.00000 8.00000 32.00000 3.00000 0.00000 21.00000 18.00000
21.00000 22.00000 23.00000 20.00000 22.00000 16.00000 17.00000 19.00000 22.00000 17.00000 21.00000 3.00000 5.00000 19.00000 7.00000 21.00000 20.00000 18.00000 12.00000 21.00000 17.00000 18.00000 19.00000 45.00000 21.00000 18.00000 41.00000 17.00000 16.00000 17.00000 44.00000 26.00000 20.00000 21.00000 4.00000 43.00000 18.00000 3.00000 19.00000 42.00000 24.00000 23.00000 19.00000 4.00000 20.00000 16.00000 21.00000 17.00000 22.00000 22.00000 0.00000 21.00000
0.00000 18.00000 17.00000 15.00000 14.00000 19.00000 22.00000 17.00000 19.00000 15.00000 0.00000 18.00000 19.00000 18.00000 16.00000 15.00000 18.00000 23.00000 13.00000 15.00000 21.00000 17.00000 13.00000 30.00000 17.00000 20.00000 32.00000 22.00000 21.00000 22.00000 33.00000 21.00000 18.00000 16.00000 18.00000 31.00000 17.00000 18.00000 15.00000 32.00000 16.00000 15.00000 16.00000 18.00000 16.00000 17.00000 12.00000 19.00000 19.00000 18.00000 20.00000 0.00000
p
0.0 0.0 0.0 0.0 0.0 0.0 
0.0 0.0 0.0 0.0 0.0 0.0 
0.0 0.0 0.0 0.0 0.0 0.0 
0.0 0.0 0.0 0.0 0.0 0.0 
0.0 0.0 0.0 0.0 0.0 0.0 
0.0 0.0 0.0 0.0 0.0 0.0 
0.0 0.0 0.0 0.0 0.0 0.0 
0.0 0.0 0.0 0.0 0.0 0.0 
0.0 0.0 0.0 0.0 0.0 0.0 
0.0 0.0 0.0 0.0 0.0 0.0 
0 0 31 0 0 0 
0 0 31 0 0 0 
0 0 31 0 0 0 
0 0 31 0 0 0 
0 0 31 0 0 0 
0 0 31 0 0 0 
0 0 31 0 0 0 
0 0 31 0 0 0 
0 0 31 0 0 0 
0 0 31 0 0 0 
0 0 25 0 36 0 
0 0 25 0 36 0 
0 0 25 0 36 0 
0 0 25 0 36 0 
0 0 25 0 36 0 
0 0 25 0 36 0 
0 0 25 0 36 0 
0 0 25 0 36 0 
0 0 25 0 36 0 
0 0 25 0 36 0 
0 0 0 0 58 0 
0 0 0 0 58 0 
0 0 0 0 58 0 
0 0 0 0 58 0 
0 0 0 0 58 0 
0 0 0 0 58 0 
0 0 0 0 58 0 
0 0 0 0 58 0 
0 0 0 0 58 0 
0 0 0 0 58 0 
21 0 0 0 0 0 
21 0 0 0 0 0 
21 0 0 0 0 0 
21 0 0 0 0 0 
21 0 0 0 0 0 
21 0 0 0 0 0 
21 0 0 0 0 0 
21 0 0 0 0 0 
21 0 0 0 0 0 
21 0 0 0 0 0 
33 0 0 0 0 0 
33 0 0 0 0 0 
33 0 0 0 0 0 
33 0 0 0 0 0 
33 0 0 0 0 0 
33 0 0 0 0 0 
33 0 0 0 0 0 
33 0 0 0 0 0 
33 0 0 0 0 0 
33 0 0 0 0 0 
0 0 0 15 0 0 
0 0 0 15 0 0 
0 0 0 15 0 0 
0 0 0 15 0 0 
0 0 0 15 0 0 
0 0 0 15 0 0 
0 0 0 15 0 0 
0 0 0 15 0 0 
0 0 0 15 0 0 
0 0 0 15 0 0 
30 0 0 0 25 0 
30 0 0 0 25 0 
30 0 0 0 25 0 
30 0 0 0 25 0 
30 0 0 0 25 0 
30 0 0 0 25 0 
30 0 0 0 25 0 
30 0 0 0 25 0 
30 0 0 0 25 0 
30 0 0 0 25 0 
55 0 0 0 0 0 
55 0 0 0 0 0 
55 0 0 0 0 0 
55 0 0 0 0 0 
55 0 0 0 0 0 
55 0 0 0 0 0 
55 0 0 0 0 0 
55 0 0 0 0 0 
55 0 0 0 0 0 
55 0 0 0 0 0 
0 0 0 34 0 0 
0 0 0 34 0 0 
0 0 0 34 0 0 
0 0 0 34 0 0 
0 0 0 34 0 0 
0 0 0 34 0 0 
0 0 0 34 0 0 
0 0 0 34 0 0 
0 0 0 34 0 0 
0 0 0 34 0 0 
0 0 0 0 0 41 
0 0 0 0 0 41 
0 0 0 0 0 41 
0 0 0 0 0 41 
0 0 0 0 0 41 
0 0 0 0 0 41 
0 0 0 0 0 41 
0 0 0 0 0 41 
0 0 0 0 0 41 
0 0 0 0 0 41 
0 0 0 46 0 0 
0 0 0 46 0 0 
0 0 0 46 0 0 
0 0 0 46 0 0 
0 0 0 46 0 0 
0 0 0 46 0 0 
0 0 0 46 0 0 
0 0 0 46 0 0 
0 0 0 46 0 0 
0 0 0 46 0 0 
0 0 0 60 0 0 
0 0 0 60 0 0 
0 0 0 60 0 0 
0 0 0 60 0 0 
0 0 0 60 0 0 
0 0 0 60 0 0 
0 0 0 60 0 0 
0 0 0 60 0 0 
0 0 0 60 0 0 
0 0 0 60 0 0 
47 0 0 0 0 0 
47 0 0 0 0 0 
47 0 0 0 0 0 
47 0 0 0 0 0 
47 0 0 0 0 0 
47 0 0 0 0 0 
47 0 0 0 0 0 
47 0 0 0 0 0 
47 0 0 0 0 0 
47 0 0 0 0 0 
52 0 0 0 0 0 
52 0 0 0 0 0 
52 0 0 0 0 0 
52 0 0 0 0 0 
52 0 0 0 0 0 
52 0 0 0 0 0 
52 0 0 0 0 0 
52 0 0 0 0 0 
52 0 0 0 0 0 
52 0 0 0 0 0 
0 0 32 0 17 0 
0 0 32 0 17 0 
0 0 32 0 17 0 
0 0 32 0 17 0 
0 0 32 0 17 0 
0 0 32 0 17 0 
0 0 32 0 17 0 
0 0 32 0 17 0 
0 0 32 0 17 0 
0 0 32 0 17 0 
0 0 0 0 17 0 
0 0 0 0 17 0 
0 0 0 0 17 0 
0 0 0 0 17 0 
0 0 0 0 17 0 
0 0 0 0 17 0 
0 0 0 0 17 0 
0 0 0 0 17 0 
0 0 0 0 17 0 
0 0 0 0 17 0 
0 0 0 18 0 0 
0 0 0 18 0 0 
0 0 0 18 0 0 
0 0 0 18 0 0 
0 0 0 18 0 0 
0 0 0 18 0 0 
0 0 0 18 0 0 
0 0 0 18 0 0 
0 0 0 18 0 0 
0 0 0 18 0 0 
0 37 0 0 18 0 
0 37 0 0 18 0 
0 37 0 0 18 0 
0 37 0 0 18 0 
0 37 0 0 18 0 
0 37 0 0 18 0 
0 37 0 0 18 0 
0 37 0 0 18 0 
0 37 0 0 18 0 
0 37 0 0 18 0 
0 0 0 0 0 32 
0 0 0 0 0 32 
0 0 0 0 0 32 
0 0 0 0 0 32 
0 0 0 0 0 32 
0 0 0 0 0 32 
0 0 0 0 0 32 
0 0 0 0 0 32 
0 0 0 0 0 32 
0 0 0 0 0 32 
28 0 0 0 55 0 
28 0 0 0 55 0 
28 0 0 0 55 0 
28 0 0 0 55 0 
28 0 0 0 55 0 
28 0 0 0 55 0 
28 0 0 0 55 0 
28 0 0 0 55 0 
28 0 0 0 55 0 
28 0 0 0 55 0 
0 0 42 0 0 50 
0 0 42 0 0 50 
0 0 42 0 0 50 
0 0 42 0 0 50 
0 0 42 0 0 50 
0 0 42 0 0 50 
0 0 42 0 0 50 
0 0 42 0 0 50 
0 0 42 0 0 50 
0 0 42 0 0 50 
36 0 0 0 0 36 
36 0 0 0 0 36 
36 0 0 0 0 36 
36 0 0 0 0 36 
36 0 0 0 0 36 
36 0 0 0 0 36 
36 0 0 0 0 36 
36 0 0 0 0 36 
36 0 0 0 0 36 
36 0 0 0 0 36 
0 0 17 0 0 51 
0 0 17 0 0 51 
0 0 17 0 0 51 
0 0 17 0 0 51 
0 0 17 0 0 51 
0 0 17 0 0 51 
0 0 17 0 0 51 
0 0 17 0 0 51 
0 0 17 0 0 51 
0 0 17 0 0 51 
0 53 0 0 0 0 
0 53 0 0 0 0 
0 53 0 0 0 0 
0 53 0 0 0 0 
0 53 0 0 0 0 
0 53 0 0 0 0 
0 53 0 0 0 0 
0 53 0 0 0 0 
0 53 0 0 0 0 
0 53 0 0 0 0 
47 0 0 0 0 0 
47 0 0 0 0 0 
47 0 0 0 0 0 
47 0 0 0 0 0 
47 0 0 0 0 0 
47 0 0 0 0 0 
47 0 0 0 0 0 
47 0 0 0 0 0 
47 0 0 0 0 0 
47 0 0 0 0 0 
15 0 0 15 0 0 
15 0 0 15 0 0 
15 0 0 15 0 0 
15 0 0 15 0 0 
15 0 0 15 0 0 
15 0 0 15 0 0 
15 0 0 15 0 0 
15 0 0 15 0 0 
15 0 0 15 0 0 
15 0 0 15 0 0 
0 0 0 0 0 57 
0 0 0 0 0 57 
0 0 0 0 0 57 
0 0 0 0 0 57 
0 0 0 0 0 57 
0 0 0 0 0 57 
0 0 0 0 0 57 
0 0 0 0 0 57 
0 0 0 0 0 57 
0 0 0 0 0 57 
0 0 49 0 0 0 
0 0 49 0 0 0 
0 0 49 0 0 0 
0 0 49 0 0 0 
0 0 49 0 0 0 
0 0 49 0 0 0 
0 0 49 0 0 0 
0 0 49 0 0 0 
0 0 49 0 0 0 
0 0 49 0 0 0 
0 0 37 0 0 0 
0 0 37 0 0 0 
0 0 37 0 0 0 
0 0 37 0 0 0 
0 0 37 0 0 0 
0 0 37 0 0 0 
0 0 37 0 0 0 
0 0 37 0 0 0 
0 0 37 0 0 0 
0 0 37 0 0 0 
0 0 0 0 23 0 
0 0 0 0 23 0 
0 0 0 0 23 0 
0 0 0 0 23 0 
0 0 0 0 23 0 
0 0 0 0 23 0 
0 0 0 0 23 0 
0 0 0 0 23 0 
0 0 0 0 23 0 
0 0 0 0 23 0 
58 0 0 0 0 0 
58 0 0 0 0 0 
58 0 0 0 0 0 
58 0 0 0 0 0 
58 0 0 0 0 0 
58 0 0 0 0 0 
58 0 0 0 0 0 
58 0 0 0 0 0 
58 0 0 0 0 0 
58 0 0 0 0 0 
0 18 0 0 46 0 
0 18 0 0 46 0 
0 18 0 0 46 0 
0 18 0 0 46 0 
0 18 0 0 46 0 
0 18 0 0 46 0 
0 18 0 0 46 0 
0 18 0 0 46 0 
0 18 0 0 46 0 
0 18 0 0 46 0 
0 27 0 0 0 0 
0 27 0 0 0 0 
0 27 0 0 0 0 
0 27 0 0 0 0 
0 27 0 0 0 0 
0 27 0 0 0 0 
0 27 0 0 0 0 
0 27 0 0 0 0 
0 27 0 0 0 0 
0 27 0 0 0 0 
0 0 49 0 0 0 
0 0 49 0 0 0 
0 0 49 0 0 0 
0 0 49 0 0 0 
0 0 49 0 0 0 
0 0 49 0 0 0 
0 0 49 0 0 0 
0 0 49 0 0 0 
0 0 49 0 0 0 
0 0 49 0 0 0 
0 0 0 0 54 0 
0 0 0 0 54 0 
0 0 0 0 54 0 
0 0 0 0 54 0 
0 0 0 0 54 0 
0 0 0 0 54 0 
0 0 0 0 54 0 
0 0 0 0 54 0 
0 0 0 0 54 0 
0 0 0 0 54 0 
0 0 0 51 0 0 
0 0 0 51 0 0 
0 0 0 51 0 0 
0 0 0 51 0 0 
0 0 0 51 0 0 
0 0 0 51 0 0 
0 0 0 51 0 0 
0 0 0 51 0 0 
0 0 0 51 0 0 
0 0 0 51 0 0 
0 16 0 0 60 0 
0 16 0 0 60 0 
0 16 0 0 60 0 
0 16 0 0 60 0 
0 16 0 0 60 0 
0 16 0 0 60 0 
0 16 0 0 60 0 
0 16 0 0 60 0 
0 16 0 0 60 0 
0 16 0 0 60 0 
0 52 0 0 0 54 
0 52 0 0 0 54 
0 52 0 0 0 54 
0 52 0 0 0 54 
0 52 0 0 0 54 
0 52 0 0 0 54 
0 52 0 0 0 54 
0 52 0 0 0 54 
0 52 0 0 0 54 
0 52 0 0 0 54 
0 56 0 0 0 0 
0 56 0 0 0 0 
0 56 0 0 0 0 
0 56 0 0 0 0 
0 56 0 0 0 0 
0 56 0 0 0 0 
0 56 0 0 0 0 
0 56 0 0 0 0 
0 56 0 0 0 0 
0 56 0 0 0 0 
57 0 0 0 0 0 
57 0 0 0 0 0 
57 0 0 0 0 0 
57 0 0 0 0 0 
57 0 0 0 0 0 
57 0 0 0 0 0 
57 0 0 0 0 0 
57 0 0 0 0 0 
57 0 0 0 0 0 
57 0 0 0 0 0 
0 34 0 0 0 0 
0 34 0 0 0 0 
0 34 0 0 0 0 
0 34 0 0 0 0 
0 34 0 0 0 0 
0 34 0 0 0 0 
0 34 0 0 0 0 
0 34 0 0 0 0 
0 34 0 0 0 0 
0 34 0 0 0 0 
0 0 51 0 0 0 
0 0 51 0 0 0 
0 0 51 0 0 0 
0 0 51 0 0 0 
0 0 51 0 0 0 
0 0 51 0 0 0 
0 0 51 0 0 0 
0 0 51 0 0 0 
0 0 51 0 0 0 
0 0 51 0 0 0 
0 37 0 0 0 0 
0 37 0 0 0 0 
0 37 0 0 0 0 
0 37 0 0 0 0 
0 37 0 0 0 0 
0 37 0 0 0 0 
0 37 0 0 0 0 
0 37 0 0 0 0 
0 37 0 0 0 0 
0 37 0 0 0 0 
0 0 37 0 0 41 
0 0 37 0 0 41 
0 0 37 0 0 41 
0 0 37 0 0 41 
0 0 37 0 0 41 
0 0 37 0 0 41 
0 0 37 0 0 41 
0 0 37 0 0 41 
0 0 37 0 0 41 
0 0 37 0 0 41 
42 0 0 0 0 0 
42 0 0 0 0 0 
42 0 0 0 0 0 
42 0 0 0 0 0 
42 0 0 0 0 0 
42 0 0 0 0 0 
42 0 0 0 0 0 
42 0 0 0 0 0 
42 0 0 0 0 0 
42 0 0 0 0 0 
0 0 36 0 0 29 
0 0 36 0 0 29 
0 0 36 0 0 29 
0 0 36 0 0 29 
0 0 36 0 0 29 
0 0 36 0 0 29 
0 0 36 0 0 29 
0 0 36 0 0 29 
0 0 36 0 0 29 
0 0 36 0 0 29 
0 0 34 0 22 0 
0 0 34 0 22 0 
0 0 34 0 22 0 
0 0 34 0 22 0 
0 0 34 0 22 0 
0 0 34 0 22 0 
0 0 34 0 22 0 
0 0 34 0 22 0 
0 0 34 0 22 0 
0 0 34 0 22 0 
39 0 0 0 0 0 
39 0 0 0 0 0 
39 0 0 0 0 0 
39 0 0 0 0 0 
39 0 0 0 0 0 
39 0 0 0 0 0 
39 0 0 0 0 0 
39 0 0 0 0 0 
39 0 0 0 0 0 
39 0 0 0 0 0 
0 0 0 26 0 0 
0 0 0 26 0 0 
0 0 0 26 0 0 
0 0 0 26 0 0 
0 0 0 26 0 0 
0 0 0 26 0 0 
0 0 0 26 0 0 
0 0 0 26 0 0 
0 0 0 26 0 0 
0 0 0 26 0 0 
0 19 0 0 0 54 
0 19 0 0 0 54 
0 19 0 0 0 54 
0 19 0 0 0 54 
0 19 0 0 0 54 
0 19 0 0 0 54 
0 19 0 0 0 54 
0 19 0 0 0 54 
0 19 0 0 0 54 
0 19 0 0 0 54 
0.0 0.0 0.0 0.0 0.0 0.0 
0.0 0.0 0.0 0.0 0.0 0.0 
0.0 0.0 0.0 0.0 0.0 0.0 
0.0 0.0 0.0 0.0 0.0 0.0 
0.0 0.0 0.0 0.0 0.0 0.0 
0.0 0.0 0.0 0.0 0.0 0.0 
0.0 0.0 0.0 0.0 0.0 0.0 
0.0 0.0 0.0 0.0 0.0 0.0 
0.0 0.0 0.0 0.0 0.0 0.0 
0.0 0.0 0.0 0.0 0.0 0.0 
mind
0 0 24 0 0 0 0 0 0 0 0 0 0 0 0 18 0 0 15 0 0 0 0 17 0 0 0 0 0 0 0 0 0 0 0 0 0 19 0 0 0 0 0 0 0 0 14 24 0 0 18 0
maxd
0 0 27 0 0 0 0 0 0 0 0 0 0 0 0 21 0 0 26 0 0 0 0 28 0 0 0 0 0 0 0 0 0 0 0 0 0 27 0 0 0 0 0 0 0 0 23 28 0 0 22 0
e
0 671 801 483 525 931 866 930 823 945 599 581 934 844 834 640 626 787 772 720 631 831 848 788 621 720 504 821 645 606 754 531 654 772 746 603 948 913 579 812 839 718 665 730 614 489 910 711 897 492 679 0
l
99999 791 921 603 645 1051 986 1050 943 1065 719 701 1054 964 954 760 746 907 892 840 751 951 968 908 741 840 624 941 765 726 874 651 774 892 866 723 1068 1033 699 932 959 838 785 850 734 609 1030 831 1017 612 799 99999
