nbNodes
52
nbVehi
10
nbServi
6
r
1 1 1 1 1 1 
0 0 0 0 1 0 
0 0 0 0 1 0 
0 0 1 0 0 0 
0 0 1 0 0 1 
0 0 1 1 0 0 
0 0 1 0 1 0 
0 0 1 0 0 1 
0 0 1 0 0 0 
0 0 0 0 0 1 
0 0 0 0 1 0 
1 0 0 0 0 0 
0 0 0 0 1 0 
1 0 0 0 0 0 
1 0 0 0 1 0 
0 0 0 1 0 0 
0 0 0 0 0 1 
0 1 0 1 0 0 
0 0 0 0 0 1 
1 0 0 0 0 1 
0 0 0 1 0 0 
0 0 0 0 0 1 
1 0 0 1 0 0 
1 0 0 0 0 1 
1 0 0 0 1 0 
1 0 0 0 1 0 
0 0 0 1 0 0 
0 0 0 0 0 1 
1 0 0 0 0 0 
0 0 1 0 0 0 
0 0 0 0 0 1 
1 0 0 0 1 0 
1 0 0 0 0 0 
0 0 0 0 0 1 
0 0 1 0 1 0 
0 0 1 0 0 0 
0 0 1 0 0 0 
0 0 1 1 0 0 
0 0 0 0 0 1 
1 0 0 0 0 0 
0 0 0 1 0 0 
0 0 1 0 0 0 
0 0 0 1 0 0 
0 0 0 0 1 0 
0 0 1 1 0 0 
0 0 1 0 0 0 
0 0 1 0 0 0 
0 0 1 0 1 0 
0 1 0 0 0 0 
1 0 0 0 0 0 
0 0 0 1 0 0 
1 1 1 1 1 1 
DS
5 6 7 8 15 18 20 23 24 25 26 32 35 38 45 48 
a
1 1 1 0 0 0 
1 0 1 0 0 0 
0 1 0 0 0 0 
1 0 0 0 0 0 
1 1 1 0 0 0 
0 0 0 1 0 0 
0 0 0 1 1 1 
0 0 0 1 1 0 
0 0 0 1 1 0 
0 0 0 1 1 0 
x
-29.9801 -30.0852 -30.1234 -30.0768 -30.0387 -30.133 -30.0356 -29.9933 -30.082 -30.1005 -30.0125 -29.9972 -30.028 -30.0363 -30.0362 -30.0382 -30.0657 -30.0307 -30.0737 -29.9801 -30.102 -30.0685 -30.1481 -30.0735 -30.0966 -30.1315 -30.1266 -30.0384 -30.0416 -30.0363 -30.0822 -30.1249 -30.0737 -30.1672 -30.1526 -30.0982 -30.0423 -30.0796 -30.1298 -30.0977 -30.0861 -30.0702 -30.1558 -30.0961 -30.026 -29.9993 -30.0002 -30.0175 -30.0336 -30.036 -29.9998 -29.9801
y
-51.1997 -51.192 -51.2119 -51.2016 -51.1022 -51.2038 -51.1193 -51.107 -51.2213 -51.1887 -51.141 -51.157 -51.0997 -51.1056 -51.1109 -51.1095 -51.2165 -51.1152 -51.2219 -51.1997 -51.1403 -51.152 -51.2014 -51.2126 -51.1342 -51.2054 -51.1093 -51.1229 -51.1988 -51.0994 -51.229 -51.2107 -51.2303 -51.1925 -51.2036 -51.1563 -51.1284 -51.2129 -51.2149 -51.1376 -51.2297 -51.2179 -51.2133 -51.1377 -51.1328 -51.1014 -51.1262 -51.1011 -51.1316 -51.104 -51.1584 -51.1997
d
0.00000 21.00000 29.00000 18.00000 26.00000 34.00000 23.00000 16.00000 22.00000 27.00000 15.00000 12.00000 24.00000 26.00000 24.00000 24.00000 17.00000 23.00000 20.00000 0.00000 30.00000 21.00000 35.00000 19.00000 28.00000 35.00000 36.00000 21.00000 14.00000 26.00000 22.00000 29.00000 20.00000 39.00000 35.00000 30.00000 22.00000 21.00000 29.00000 29.00000 24.00000 19.00000 35.00000 29.00000 19.00000 18.00000 16.00000 22.00000 21.00000 25.00000 11.00000 0.00000
21.00000 0.00000 15.00000 4.00000 23.00000 20.00000 20.00000 28.00000 9.00000 7.00000 22.00000 23.00000 25.00000 24.00000 21.00000 22.00000 8.00000 21.00000 10.00000 21.00000 13.00000 13.00000 22.00000 8.00000 16.00000 20.00000 25.00000 19.00000 12.00000 23.00000 11.00000 16.00000 12.00000 23.00000 22.00000 11.00000 19.00000 7.00000 16.00000 15.00000 11.00000 8.00000 22.00000 15.00000 22.00000 28.00000 25.00000 26.00000 20.00000 22.00000 22.00000 21.00000
28.00000 14.00000 0.00000 11.00000 29.00000 6.00000 26.00000 34.00000 10.00000 10.00000 28.00000 29.00000 31.00000 30.00000 28.00000 28.00000 13.00000 27.00000 13.00000 28.00000 19.00000 20.00000 11.00000 11.00000 21.00000 7.00000 30.00000 25.00000 19.00000 30.00000 10.00000 1.00000 13.00000 14.00000 11.00000 17.00000 25.00000 10.00000 3.00000 20.00000 9.00000 13.00000 11.00000 21.00000 28.00000 34.00000 31.00000 32.00000 26.00000 29.00000 28.00000 28.00000
20.00000 4.00000 13.00000 0.00000 22.00000 18.00000 19.00000 26.00000 7.00000 10.00000 20.00000 21.00000 24.00000 22.00000 20.00000 20.00000 7.00000 20.00000 8.00000 20.00000 15.00000 12.00000 20.00000 6.00000 18.00000 19.00000 26.00000 17.00000 11.00000 22.00000 9.00000 14.00000 10.00000 23.00000 19.00000 13.00000 18.00000 5.00000 14.00000 17.00000 8.00000 7.00000 19.00000 18.00000 20.00000 27.00000 24.00000 25.00000 18.00000 21.00000 20.00000 20.00000
24.00000 25.00000 32.00000 22.00000 0.00000 37.00000 6.00000 14.00000 25.00000 30.00000 15.00000 17.00000 7.00000 5.00000 5.00000 5.00000 24.00000 6.00000 27.00000 24.00000 21.00000 13.00000 38.00000 25.00000 20.00000 38.00000 27.00000 5.00000 18.00000 5.00000 28.00000 33.00000 28.00000 42.00000 38.00000 24.00000 8.00000 24.00000 32.00000 21.00000 27.00000 25.00000 38.00000 20.00000 11.00000 14.00000 13.00000 11.00000 8.00000 4.00000 18.00000 24.00000
33.00000 19.00000 6.00000 17.00000 35.00000 0.00000 32.00000 39.00000 15.00000 13.00000 34.00000 35.00000 37.00000 35.00000 33.00000 34.00000 19.00000 33.00000 19.00000 33.00000 21.00000 25.00000 10.00000 17.00000 24.00000 2.00000 32.00000 31.00000 24.00000 35.00000 16.00000 6.00000 19.00000 14.00000 10.00000 20.00000 31.00000 15.00000 8.00000 23.00000 14.00000 18.00000 11.00000 24.00000 33.00000 40.00000 37.00000 38.00000 31.00000 34.00000 33.00000 33.00000
21.00000 22.00000 29.00000 19.00000 6.00000 34.00000 0.00000 10.00000 22.00000 27.00000 11.00000 13.00000 7.00000 6.00000 4.00000 4.00000 21.00000 3.00000 24.00000 21.00000 19.00000 10.00000 35.00000 22.00000 17.00000 35.00000 24.00000 2.00000 14.00000 6.00000 25.00000 29.00000 25.00000 39.00000 35.00000 22.00000 5.00000 21.00000 29.00000 18.00000 24.00000 22.00000 35.00000 17.00000 8.00000 10.00000 9.00000 8.00000 5.00000 5.00000 14.00000 21.00000
18.00000 29.00000 36.00000 27.00000 14.00000 41.00000 11.00000 0.00000 30.00000 35.00000 11.00000 11.00000 10.00000 13.00000 13.00000 13.00000 27.00000 11.00000 29.00000 18.00000 26.00000 18.00000 43.00000 28.00000 24.00000 42.00000 32.00000 10.00000 22.00000 14.00000 32.00000 37.00000 29.00000 46.00000 42.00000 29.00000 12.00000 28.00000 37.00000 26.00000 32.00000 28.00000 42.00000 25.00000 12.00000 4.00000 6.00000 10.00000 13.00000 13.00000 12.00000 18.00000
22.00000 10.00000 11.00000 7.00000 25.00000 16.00000 22.00000 30.00000 0.00000 15.00000 24.00000 25.00000 27.00000 26.00000 23.00000 24.00000 6.00000 23.00000 4.00000 22.00000 21.00000 15.00000 18.00000 4.00000 22.00000 17.00000 30.00000 21.00000 13.00000 26.00000 4.00000 12.00000 6.00000 21.00000 17.00000 19.00000 21.00000 5.00000 12.00000 22.00000 4.00000 5.00000 17.00000 23.00000 24.00000 30.00000 27.00000 28.00000 22.00000 25.00000 24.00000 22.00000
26.00000 8.00000 10.00000 9.00000 29.00000 13.00000 25.00000 33.00000 15.00000 0.00000 27.00000 28.00000 31.00000 29.00000 27.00000 27.00000 13.00000 27.00000 16.00000 26.00000 11.00000 19.00000 19.00000 14.00000 14.00000 14.00000 23.00000 24.00000 17.00000 29.00000 16.00000 11.00000 18.00000 21.00000 18.00000 9.00000 24.00000 13.00000 13.00000 13.00000 15.00000 14.00000 18.00000 13.00000 27.00000 33.00000 31.00000 31.00000 25.00000 28.00000 27.00000 26.00000
15.00000 24.00000 31.00000 21.00000 13.00000 36.00000 10.00000 10.00000 25.00000 29.00000 0.00000 7.00000 11.00000 13.00000 11.00000 12.00000 20.00000 9.00000 23.00000 15.00000 22.00000 14.00000 37.00000 22.00000 20.00000 37.00000 28.00000 8.00000 15.00000 13.00000 26.00000 32.00000 23.00000 41.00000 37.00000 25.00000 11.00000 23.00000 32.00000 22.00000 26.00000 22.00000 37.00000 21.00000 6.00000 12.00000 6.00000 9.00000 8.00000 12.00000 7.00000 15.00000
10.00000 24.00000 30.00000 21.00000 17.00000 36.00000 14.00000 10.00000 24.00000 29.00000 7.00000 0.00000 15.00000 16.00000 15.00000 15.00000 19.00000 13.00000 22.00000 10.00000 26.00000 17.00000 37.00000 21.00000 24.00000 36.00000 32.00000 12.00000 14.00000 17.00000 24.00000 31.00000 22.00000 41.00000 37.00000 29.00000 15.00000 22.00000 31.00000 25.00000 26.00000 21.00000 37.00000 25.00000 10.00000 13.00000 6.00000 12.00000 13.00000 15.00000 2.00000 10.00000
23.00000 27.00000 34.00000 24.00000 8.00000 39.00000 7.00000 10.00000 28.00000 32.00000 12.00000 14.00000 0.00000 5.00000 7.00000 6.00000 27.00000 5.00000 29.00000 23.00000 24.00000 15.00000 40.00000 27.00000 22.00000 40.00000 29.00000 7.00000 20.00000 6.00000 30.00000 35.00000 30.00000 44.00000 40.00000 27.00000 10.00000 26.00000 35.00000 23.00000 29.00000 27.00000 40.00000 23.00000 11.00000 9.00000 10.00000 7.00000 10.00000 5.00000 15.00000 23.00000
24.00000 25.00000 32.00000 22.00000 5.00000 37.00000 6.00000 13.00000 26.00000 30.00000 14.00000 16.00000 5.00000 0.00000 5.00000 4.00000 25.00000 5.00000 27.00000 24.00000 22.00000 13.00000 39.00000 25.00000 20.00000 38.00000 28.00000 5.00000 18.00000 3.00000 28.00000 33.00000 28.00000 42.00000 38.00000 25.00000 8.00000 24.00000 33.00000 21.00000 27.00000 25.00000 38.00000 21.00000 12.00000 12.00000 12.00000 9.00000 9.00000 2.00000 17.00000 24.00000
22.00000 23.00000 30.00000 20.00000 5.00000 35.00000 4.00000 12.00000 24.00000 28.00000 13.00000 15.00000 7.00000 5.00000 0.00000 3.00000 23.00000 4.00000 25.00000 22.00000 20.00000 11.00000 36.00000 23.00000 18.00000 36.00000 26.00000 3.00000 16.00000 5.00000 26.00000 31.00000 26.00000 40.00000 36.00000 23.00000 6.00000 22.00000 31.00000 19.00000 25.00000 23.00000 36.00000 19.00000 9.00000 12.00000 11.00000 10.00000 6.00000 4.00000 16.00000 22.00000
23.00000 23.00000 30.00000 21.00000 5.00000 35.00000 4.00000 12.00000 24.00000 29.00000 13.00000 16.00000 6.00000 3.00000 3.00000 0.00000 23.00000 5.00000 25.00000 23.00000 20.00000 12.00000 37.00000 23.00000 18.00000 36.00000 26.00000 4.00000 16.00000 4.00000 26.00000 31.00000 26.00000 40.00000 36.00000 23.00000 6.00000 22.00000 31.00000 20.00000 26.00000 23.00000 36.00000 19.00000 10.00000 13.00000 11.00000 9.00000 7.00000 3.00000 17.00000 23.00000
17.00000 8.00000 14.00000 5.00000 24.00000 20.00000 21.00000 27.00000 7.00000 13.00000 20.00000 21.00000 26.00000 24.00000 22.00000 23.00000 0.00000 22.00000 5.00000 17.00000 19.00000 14.00000 21.00000 3.00000 21.00000 20.00000 28.00000 20.00000 8.00000 24.00000 7.00000 15.00000 7.00000 24.00000 21.00000 17.00000 20.00000 5.00000 15.00000 20.00000 8.00000 3.00000 21.00000 21.00000 22.00000 29.00000 23.00000 27.00000 20.00000 23.00000 19.00000 17.00000
21.00000 23.00000 30.00000 20.00000 6.00000 35.00000 3.00000 9.00000 24.00000 29.00000 10.00000 12.00000 5.00000 5.00000 4.00000 5.00000 23.00000 0.00000 25.00000 21.00000 20.00000 12.00000 37.00000 23.00000 18.00000 36.00000 26.00000 4.00000 16.00000 5.00000 26.00000 31.00000 26.00000 40.00000 36.00000 23.00000 6.00000 22.00000 31.00000 20.00000 25.00000 23.00000 36.00000 19.00000 8.00000 10.00000 8.00000 7.00000 7.00000 4.00000 13.00000 21.00000
20.00000 10.00000 14.00000 7.00000 26.00000 19.00000 23.00000 30.00000 5.00000 16.00000 23.00000 23.00000 28.00000 27.00000 25.00000 25.00000 5.00000 24.00000 0.00000 20.00000 21.00000 16.00000 21.00000 5.00000 23.00000 20.00000 31.00000 22.00000 11.00000 27.00000 4.00000 15.00000 4.00000 24.00000 20.00000 20.00000 22.00000 6.00000 15.00000 23.00000 6.00000 3.00000 20.00000 24.00000 25.00000 31.00000 26.00000 29.00000 23.00000 26.00000 22.00000 20.00000
0.00000 21.00000 29.00000 18.00000 26.00000 34.00000 23.00000 16.00000 22.00000 27.00000 15.00000 12.00000 24.00000 26.00000 24.00000 24.00000 17.00000 23.00000 20.00000 0.00000 30.00000 21.00000 35.00000 19.00000 28.00000 35.00000 36.00000 21.00000 14.00000 26.00000 22.00000 29.00000 20.00000 39.00000 35.00000 30.00000 22.00000 21.00000 29.00000 29.00000 24.00000 19.00000 35.00000 29.00000 19.00000 18.00000 16.00000 22.00000 21.00000 25.00000 11.00000 0.00000
29.00000 13.00000 19.00000 15.00000 21.00000 21.00000 19.00000 26.00000 20.00000 11.00000 22.00000 25.00000 24.00000 22.00000 20.00000 20.00000 19.00000 20.00000 21.00000 29.00000 0.00000 11.00000 23.00000 19.00000 4.00000 22.00000 13.00000 18.00000 20.00000 22.00000 22.00000 19.00000 23.00000 23.00000 24.00000 4.00000 18.00000 18.00000 21.00000 3.00000 22.00000 19.00000 27.00000 4.00000 20.00000 27.00000 25.00000 25.00000 18.00000 21.00000 25.00000 29.00000
22.00000 16.00000 23.00000 13.00000 17.00000 28.00000 13.00000 21.00000 17.00000 21.00000 17.00000 20.00000 19.00000 17.00000 15.00000 15.00000 16.00000 14.00000 18.00000 22.00000 14.00000 0.00000 30.00000 16.00000 12.00000 29.00000 19.00000 12.00000 13.00000 17.00000 19.00000 24.00000 19.00000 33.00000 29.00000 16.00000 12.00000 15.00000 24.00000 13.00000 18.00000 16.00000 29.00000 12.00000 15.00000 21.00000 20.00000 19.00000 13.00000 16.00000 20.00000 22.00000
34.00000 20.00000 8.00000 17.00000 35.00000 9.00000 32.00000 40.00000 16.00000 17.00000 34.00000 35.00000 37.00000 36.00000 34.00000 34.00000 19.00000 33.00000 19.00000 34.00000 24.00000 26.00000 0.00000 17.00000 27.00000 9.00000 27.00000 31.00000 25.00000 36.00000 16.00000 8.00000 19.00000 7.00000 3.00000 24.00000 31.00000 16.00000 6.00000 26.00000 15.00000 19.00000 5.00000 27.00000 34.00000 40.00000 37.00000 38.00000 32.00000 35.00000 34.00000 34.00000
19.00000 8.00000 12.00000 5.00000 24.00000 17.00000 20.00000 28.00000 5.00000 13.00000 22.00000 23.00000 26.00000 24.00000 22.00000 22.00000 4.00000 21.00000 4.00000 19.00000 19.00000 14.00000 19.00000 0.00000 20.00000 18.00000 28.00000 19.00000 10.00000 24.00000 5.00000 13.00000 6.00000 22.00000 18.00000 17.00000 19.00000 3.00000 13.00000 20.00000 6.00000 3.00000 18.00000 21.00000 22.00000 28.00000 25.00000 26.00000 20.00000 23.00000 21.00000 19.00000
27.00000 16.00000 21.00000 18.00000 19.00000 24.00000 17.00000 24.00000 22.00000 14.00000 20.00000 23.00000 22.00000 20.00000 18.00000 19.00000 21.00000 18.00000 23.00000 27.00000 4.00000 9.00000 26.00000 21.00000 0.00000 24.00000 11.00000 16.00000 18.00000 20.00000 24.00000 22.00000 25.00000 25.00000 26.00000 7.00000 16.00000 20.00000 24.00000 3.00000 23.00000 21.00000 29.00000 2.00000 19.00000 25.00000 23.00000 23.00000 17.00000 19.00000 23.00000 27.00000
34.00000 20.00000 7.00000 17.00000 36.00000 2.00000 33.00000 40.00000 16.00000 14.00000 34.00000 35.00000 38.00000 36.00000 34.00000 34.00000 20.00000 34.00000 19.00000 34.00000 22.00000 26.00000 11.00000 17.00000 25.00000 0.00000 33.00000 31.00000 25.00000 36.00000 16.00000 7.00000 20.00000 15.00000 11.00000 21.00000 32.00000 16.00000 9.00000 24.00000 15.00000 19.00000 12.00000 25.00000 34.00000 40.00000 38.00000 38.00000 32.00000 35.00000 34.00000 34.00000
34.00000 26.00000 30.00000 26.00000 27.00000 32.00000 24.00000 32.00000 29.00000 24.00000 28.00000 31.00000 29.00000 28.00000 26.00000 26.00000 28.00000 25.00000 31.00000 34.00000 13.00000 17.00000 26.00000 29.00000 11.00000 32.00000 0.00000 23.00000 25.00000 28.00000 32.00000 31.00000 32.00000 26.00000 26.00000 17.00000 23.00000 28.00000 31.00000 14.00000 31.00000 29.00000 29.00000 12.00000 26.00000 32.00000 31.00000 30.00000 24.00000 27.00000 31.00000 34.00000
19.00000 20.00000 27.00000 17.00000 6.00000 32.00000 3.00000 10.00000 21.00000 25.00000 11.00000 13.00000 8.00000 6.00000 4.00000 4.00000 20.00000 4.00000 22.00000 19.00000 17.00000 8.00000 34.00000 20.00000 15.00000 33.00000 23.00000 0.00000 13.00000 6.00000 23.00000 28.00000 23.00000 37.00000 33.00000 20.00000 3.00000 19.00000 28.00000 16.00000 22.00000 20.00000 33.00000 16.00000 7.00000 11.00000 9.00000 9.00000 4.00000 5.00000 14.00000 19.00000
13.00000 12.00000 20.00000 9.00000 17.00000 25.00000 14.00000 21.00000 13.00000 17.00000 15.00000 16.00000 19.00000 17.00000 15.00000 16.00000 8.00000 15.00000 11.00000 13.00000 20.00000 12.00000 26.00000 10.00000 19.00000 25.00000 26.00000 13.00000 0.00000 17.00000 13.00000 20.00000 11.00000 30.00000 26.00000 21.00000 13.00000 11.00000 20.00000 20.00000 15.00000 10.00000 26.00000 19.00000 15.00000 22.00000 18.00000 20.00000 13.00000 16.00000 14.00000 13.00000
25.00000 26.00000 32.00000 23.00000 5.00000 38.00000 7.00000 13.00000 26.00000 31.00000 14.00000 17.00000 6.00000 3.00000 5.00000 4.00000 25.00000 6.00000 28.00000 25.00000 23.00000 14.00000 39.00000 25.00000 21.00000 38.00000 28.00000 6.00000 18.00000 0.00000 28.00000 33.00000 28.00000 42.00000 39.00000 25.00000 8.00000 24.00000 33.00000 22.00000 28.00000 25.00000 39.00000 21.00000 12.00000 13.00000 12.00000 9.00000 9.00000 2.00000 18.00000 25.00000
22.00000 11.00000 11.00000 9.00000 27.00000 17.00000 24.00000 31.00000 3.00000 16.00000 26.00000 26.00000 29.00000 27.00000 25.00000 25.00000 7.00000 25.00000 4.00000 22.00000 22.00000 17.00000 18.00000 5.00000 24.00000 17.00000 31.00000 23.00000 14.00000 27.00000 0.00000 12.00000 4.00000 22.00000 18.00000 20.00000 23.00000 6.00000 12.00000 24.00000 3.00000 5.00000 18.00000 24.00000 25.00000 32.00000 29.00000 30.00000 23.00000 26.00000 25.00000 22.00000
29.00000 15.00000 1.00000 12.00000 30.00000 6.00000 27.00000 35.00000 11.00000 11.00000 29.00000 30.00000 32.00000 31.00000 28.00000 29.00000 14.00000 28.00000 14.00000 29.00000 19.00000 20.00000 11.00000 12.00000 22.00000 7.00000 31.00000 26.00000 20.00000 31.00000 11.00000 0.00000 14.00000 14.00000 10.00000 18.00000 26.00000 10.00000 3.00000 21.00000 10.00000 13.00000 10.00000 22.00000 29.00000 35.00000 32.00000 33.00000 27.00000 30.00000 29.00000 29.00000
20.00000 12.00000 14.00000 10.00000 27.00000 20.00000 23.00000 30.00000 5.00000 18.00000 23.00000 23.00000 29.00000 27.00000 25.00000 25.00000 7.00000 25.00000 4.00000 20.00000 23.00000 17.00000 21.00000 6.00000 24.00000 20.00000 32.00000 22.00000 11.00000 27.00000 4.00000 15.00000 0.00000 25.00000 21.00000 21.00000 23.00000 7.00000 15.00000 25.00000 6.00000 5.00000 21.00000 25.00000 25.00000 31.00000 26.00000 29.00000 23.00000 26.00000 22.00000 20.00000
39.00000 23.00000 13.00000 22.00000 41.00000 14.00000 37.00000 45.00000 21.00000 21.00000 39.00000 40.00000 43.00000 41.00000 39.00000 39.00000 24.00000 38.00000 24.00000 39.00000 23.00000 31.00000 7.00000 22.00000 25.00000 14.00000 26.00000 36.00000 30.00000 41.00000 21.00000 13.00000 24.00000 0.00000 7.00000 23.00000 36.00000 21.00000 11.00000 25.00000 20.00000 24.00000 10.00000 25.00000 39.00000 45.00000 43.00000 43.00000 37.00000 40.00000 39.00000 39.00000
35.00000 21.00000 9.00000 19.00000 37.00000 10.00000 34.00000 41.00000 17.00000 18.00000 36.00000 37.00000 39.00000 37.00000 35.00000 36.00000 21.00000 35.00000 21.00000 35.00000 24.00000 27.00000 3.00000 19.00000 26.00000 11.00000 26.00000 33.00000 26.00000 37.00000 17.00000 9.00000 21.00000 7.00000 0.00000 23.00000 33.00000 17.00000 8.00000 25.00000 16.00000 20.00000 6.00000 26.00000 35.00000 42.00000 39.00000 40.00000 33.00000 36.00000 35.00000 35.00000
30.00000 11.00000 17.00000 13.00000 24.00000 20.00000 22.00000 29.00000 18.00000 9.00000 25.00000 28.00000 27.00000 25.00000 23.00000 23.00000 17.00000 23.00000 19.00000 30.00000 4.00000 14.00000 23.00000 17.00000 7.00000 21.00000 16.00000 20.00000 21.00000 25.00000 20.00000 18.00000 21.00000 23.00000 23.00000 0.00000 21.00000 16.00000 20.00000 6.00000 20.00000 17.00000 26.00000 7.00000 23.00000 30.00000 28.00000 28.00000 21.00000 24.00000 28.00000 30.00000
21.00000 22.00000 28.00000 19.00000 7.00000 34.00000 4.00000 11.00000 22.00000 27.00000 12.00000 15.00000 9.00000 7.00000 5.00000 6.00000 21.00000 5.00000 24.00000 21.00000 19.00000 10.00000 35.00000 21.00000 17.00000 34.00000 24.00000 3.00000 14.00000 7.00000 24.00000 29.00000 24.00000 39.00000 35.00000 21.00000 0.00000 20.00000 29.00000 18.00000 24.00000 21.00000 35.00000 17.00000 8.00000 12.00000 10.00000 10.00000 5.00000 6.00000 15.00000 21.00000
21.00000 6.00000 11.00000 4.00000 22.00000 16.00000 19.00000 26.00000 5.00000 12.00000 21.00000 22.00000 24.00000 22.00000 20.00000 21.00000 6.00000 20.00000 7.00000 21.00000 17.00000 12.00000 17.00000 4.00000 19.00000 17.00000 26.00000 18.00000 12.00000 22.00000 7.00000 12.00000 8.00000 21.00000 17.00000 15.00000 18.00000 0.00000 12.00000 19.00000 6.00000 6.00000 17.00000 20.00000 21.00000 27.00000 24.00000 25.00000 19.00000 21.00000 20.00000 21.00000
30.00000 16.00000 3.00000 13.00000 31.00000 8.00000 28.00000 36.00000 12.00000 13.00000 30.00000 31.00000 33.00000 32.00000 29.00000 30.00000 15.00000 29.00000 15.00000 30.00000 22.00000 21.00000 9.00000 13.00000 24.00000 9.00000 32.00000 27.00000 21.00000 32.00000 12.00000 3.00000 15.00000 12.00000 8.00000 20.00000 27.00000 12.00000 0.00000 23.00000 11.00000 14.00000 8.00000 24.00000 30.00000 36.00000 33.00000 34.00000 28.00000 31.00000 30.00000 30.00000
28.00000 15.00000 20.00000 17.00000 21.00000 23.00000 18.00000 26.00000 22.00000 13.00000 21.00000 25.00000 23.00000 22.00000 19.00000 20.00000 21.00000 19.00000 23.00000 28.00000 3.00000 11.00000 25.00000 21.00000 3.00000 24.00000 13.00000 17.00000 19.00000 22.00000 24.00000 21.00000 25.00000 25.00000 25.00000 6.00000 17.00000 20.00000 23.00000 0.00000 23.00000 21.00000 28.00000 3.00000 20.00000 26.00000 24.00000 24.00000 18.00000 20.00000 24.00000 28.00000
23.00000 11.00000 10.00000 9.00000 27.00000 15.00000 24.00000 31.00000 3.00000 16.00000 26.00000 26.00000 29.00000 27.00000 25.00000 25.00000 9.00000 25.00000 6.00000 23.00000 22.00000 17.00000 17.00000 6.00000 24.00000 16.00000 31.00000 23.00000 16.00000 27.00000 3.00000 11.00000 6.00000 20.00000 16.00000 20.00000 23.00000 6.00000 11.00000 24.00000 0.00000 7.00000 16.00000 24.00000 25.00000 32.00000 29.00000 30.00000 23.00000 26.00000 25.00000 23.00000
19.00000 8.00000 14.00000 5.00000 24.00000 19.00000 21.00000 29.00000 6.00000 13.00000 22.00000 22.00000 26.00000 25.00000 22.00000 23.00000 3.00000 22.00000 3.00000 19.00000 19.00000 14.00000 20.00000 3.00000 21.00000 20.00000 29.00000 20.00000 10.00000 25.00000 5.00000 15.00000 5.00000 24.00000 20.00000 17.00000 20.00000 5.00000 15.00000 21.00000 6.00000 0.00000 20.00000 22.00000 23.00000 29.00000 25.00000 27.00000 21.00000 24.00000 21.00000 19.00000
35.00000 21.00000 9.00000 19.00000 37.00000 11.00000 34.00000 41.00000 17.00000 18.00000 36.00000 37.00000 39.00000 37.00000 35.00000 35.00000 21.00000 35.00000 20.00000 35.00000 26.00000 27.00000 5.00000 19.00000 28.00000 12.00000 29.00000 33.00000 26.00000 37.00000 17.00000 9.00000 21.00000 9.00000 5.00000 25.00000 33.00000 17.00000 7.00000 27.00000 16.00000 20.00000 0.00000 28.00000 35.00000 42.00000 39.00000 40.00000 33.00000 36.00000 35.00000 35.00000
27.00000 16.00000 21.00000 17.00000 20.00000 24.00000 17.00000 25.00000 23.00000 14.00000 21.00000 24.00000 23.00000 21.00000 19.00000 19.00000 21.00000 18.00000 24.00000 27.00000 4.00000 10.00000 26.00000 22.00000 2.00000 24.00000 12.00000 16.00000 18.00000 21.00000 25.00000 22.00000 25.00000 25.00000 26.00000 7.00000 16.00000 21.00000 24.00000 3.00000 24.00000 22.00000 29.00000 0.00000 19.00000 25.00000 24.00000 23.00000 17.00000 20.00000 24.00000 27.00000
19.00000 23.00000 29.00000 20.00000 11.00000 35.00000 8.00000 12.00000 23.00000 28.00000 6.00000 11.00000 10.00000 12.00000 9.00000 10.00000 22.00000 8.00000 25.00000 19.00000 20.00000 11.00000 36.00000 22.00000 18.00000 35.00000 25.00000 7.00000 15.00000 12.00000 25.00000 30.00000 25.00000 40.00000 36.00000 22.00000 7.00000 21.00000 30.00000 19.00000 25.00000 22.00000 36.00000 18.00000 0.00000 12.00000 8.00000 10.00000 4.00000 11.00000 11.00000 19.00000
21.00000 29.00000 36.00000 26.00000 14.00000 41.00000 11.00000 4.00000 30.00000 35.00000 12.00000 13.00000 8.00000 12.00000 12.00000 12.00000 29.00000 11.00000 31.00000 21.00000 26.00000 18.00000 43.00000 29.00000 24.00000 42.00000 32.00000 10.00000 22.00000 12.00000 32.00000 37.00000 32.00000 46.00000 42.00000 29.00000 12.00000 28.00000 37.00000 26.00000 31.00000 29.00000 42.00000 25.00000 12.00000 0.00000 9.00000 9.00000 13.00000 11.00000 14.00000 21.00000
15.00000 26.00000 33.00000 23.00000 13.00000 39.00000 10.00000 6.00000 27.00000 32.00000 7.00000 6.00000 11.00000 12.00000 11.00000 11.00000 22.00000 9.00000 25.00000 15.00000 25.00000 16.00000 40.00000 24.00000 23.00000 39.00000 31.00000 8.00000 17.00000 13.00000 27.00000 34.00000 25.00000 43.00000 40.00000 28.00000 11.00000 25.00000 34.00000 24.00000 29.00000 24.00000 39.00000 24.00000 7.00000 8.00000 0.00000 8.00000 10.00000 12.00000 7.00000 15.00000
23.00000 28.00000 35.00000 26.00000 11.00000 40.00000 10.00000 8.00000 29.00000 34.00000 12.00000 15.00000 6.00000 9.00000 10.00000 9.00000 28.00000 8.00000 30.00000 23.00000 25.00000 17.00000 42.00000 28.00000 23.00000 41.00000 31.00000 9.00000 21.00000 9.00000 31.00000 36.00000 31.00000 45.00000 41.00000 28.00000 11.00000 27.00000 36.00000 25.00000 31.00000 28.00000 41.00000 24.00000 11.00000 6.00000 10.00000 0.00000 12.00000 8.00000 16.00000 23.00000
20.00000 21.00000 28.00000 18.00000 9.00000 33.00000 5.00000 13.00000 22.00000 26.00000 8.00000 12.00000 11.00000 9.00000 7.00000 7.00000 20.00000 6.00000 23.00000 20.00000 18.00000 9.00000 34.00000 21.00000 16.00000 34.00000 23.00000 4.00000 14.00000 9.00000 24.00000 29.00000 24.00000 38.00000 34.00000 21.00000 4.00000 20.00000 28.00000 17.00000 23.00000 21.00000 34.00000 16.00000 4.00000 13.00000 10.00000 11.00000 0.00000 8.00000 12.00000 20.00000
23.00000 24.00000 31.00000 21.00000 4.00000 36.00000 5.00000 12.00000 25.00000 30.00000 13.00000 15.00000 4.00000 2.00000 4.00000 3.00000 24.00000 4.00000 26.00000 23.00000 21.00000 13.00000 38.00000 24.00000 19.00000 37.00000 27.00000 5.00000 17.00000 2.00000 27.00000 32.00000 27.00000 41.00000 37.00000 24.00000 7.00000 23.00000 32.00000 21.00000 26.00000 24.00000 37.00000 20.00000 11.00000 11.00000 11.00000 8.00000 8.00000 0.00000 16.00000 23.00000
11.00000 23.00000 30.00000 20.00000 17.00000 35.00000 13.00000 10.00000 24.00000 29.00000 7.00000 3.00000 15.00000 16.00000 15.00000 15.00000 19.00000 13.00000 22.00000 11.00000 26.00000 17.00000 37.00000 21.00000 24.00000 36.00000 32.00000 12.00000 14.00000 16.00000 24.00000 31.00000 22.00000 40.00000 36.00000 29.00000 15.00000 22.00000 31.00000 25.00000 25.00000 21.00000 36.00000 25.00000 10.00000 13.00000 6.00000 12.00000 13.00000 15.00000 0.00000 11.00000
0.00000 21.00000 29.00000 18.00000 26.00000 34.00000 23.00000 16.00000 22.00000 27.00000 15.00000 12.00000 24.00000 26.00000 24.00000 24.00000 17.00000 23.00000 20.00000 0.00000 30.00000 21.00000 35.00000 19.00000 28.00000 35.00000 36.00000 21.00000 14.00000 26.00000 22.00000 29.00000 20.00000 39.00000 35.00000 30.00000 22.00000 21.00000 29.00000 29.00000 24.00000 19.00000 35.00000 29.00000 19.00000 18.00000 16.00000 22.00000 21.00000 25.00000 11.00000 0.00000
p
0.0 0.0 0.0 0.0 0.0 0.0 
0.0 0.0 0.0 0.0 0.0 0.0 
0.0 0.0 0.0 0.0 0.0 0.0 
0.0 0.0 0.0 0.0 0.0 0.0 
0.0 0.0 0.0 0.0 0.0 0.0 
0.0 0.0 0.0 0.0 0.0 0.0 
0.0 0.0 0.0 0.0 0.0 0.0 
0.0 0.0 0.0 0.0 0.0 0.0 
0.0 0.0 0.0 0.0 0.0 0.0 
0.0 0.0 0.0 0.0 0.0 0.0 
0 0 0 0 24 0 
0 0 0 0 24 0 
0 0 0 0 24 0 
0 0 0 0 24 0 
0 0 0 0 24 0 
0 0 0 0 24 0 
0 0 0 0 24 0 
0 0 0 0 24 0 
0 0 0 0 24 0 
0 0 0 0 24 0 
0 0 0 0 16 0 
0 0 0 0 16 0 
0 0 0 0 16 0 
0 0 0 0 16 0 
0 0 0 0 16 0 
0 0 0 0 16 0 
0 0 0 0 16 0 
0 0 0 0 16 0 
0 0 0 0 16 0 
0 0 0 0 16 0 
0 0 36 0 0 0 
0 0 36 0 0 0 
0 0 36 0 0 0 
0 0 36 0 0 0 
0 0 36 0 0 0 
0 0 36 0 0 0 
0 0 36 0 0 0 
0 0 36 0 0 0 
0 0 36 0 0 0 
0 0 36 0 0 0 
0 0 36 0 0 57 
0 0 36 0 0 57 
0 0 36 0 0 57 
0 0 36 0 0 57 
0 0 36 0 0 57 
0 0 36 0 0 57 
0 0 36 0 0 57 
0 0 36 0 0 57 
0 0 36 0 0 57 
0 0 36 0 0 57 
0 0 31 18 0 0 
0 0 31 18 0 0 
0 0 31 18 0 0 
0 0 31 18 0 0 
0 0 31 18 0 0 
0 0 31 18 0 0 
0 0 31 18 0 0 
0 0 31 18 0 0 
0 0 31 18 0 0 
0 0 31 18 0 0 
0 0 43 0 19 0 
0 0 43 0 19 0 
0 0 43 0 19 0 
0 0 43 0 19 0 
0 0 43 0 19 0 
0 0 43 0 19 0 
0 0 43 0 19 0 
0 0 43 0 19 0 
0 0 43 0 19 0 
0 0 43 0 19 0 
0 0 59 0 0 37 
0 0 59 0 0 37 
0 0 59 0 0 37 
0 0 59 0 0 37 
0 0 59 0 0 37 
0 0 59 0 0 37 
0 0 59 0 0 37 
0 0 59 0 0 37 
0 0 59 0 0 37 
0 0 59 0 0 37 
0 0 29 0 0 0 
0 0 29 0 0 0 
0 0 29 0 0 0 
0 0 29 0 0 0 
0 0 29 0 0 0 
0 0 29 0 0 0 
0 0 29 0 0 0 
0 0 29 0 0 0 
0 0 29 0 0 0 
0 0 29 0 0 0 
0 0 0 0 0 39 
0 0 0 0 0 39 
0 0 0 0 0 39 
0 0 0 0 0 39 
0 0 0 0 0 39 
0 0 0 0 0 39 
0 0 0 0 0 39 
0 0 0 0 0 39 
0 0 0 0 0 39 
0 0 0 0 0 39 
0 0 0 0 47 0 
0 0 0 0 47 0 
0 0 0 0 47 0 
0 0 0 0 47 0 
0 0 0 0 47 0 
0 0 0 0 47 0 
0 0 0 0 47 0 
0 0 0 0 47 0 
0 0 0 0 47 0 
0 0 0 0 47 0 
16 0 0 0 0 0 
16 0 0 0 0 0 
16 0 0 0 0 0 
16 0 0 0 0 0 
16 0 0 0 0 0 
16 0 0 0 0 0 
16 0 0 0 0 0 
16 0 0 0 0 0 
16 0 0 0 0 0 
16 0 0 0 0 0 
0 0 0 0 34 0 
0 0 0 0 34 0 
0 0 0 0 34 0 
0 0 0 0 34 0 
0 0 0 0 34 0 
0 0 0 0 34 0 
0 0 0 0 34 0 
0 0 0 0 34 0 
0 0 0 0 34 0 
0 0 0 0 34 0 
40 0 0 0 0 0 
40 0 0 0 0 0 
40 0 0 0 0 0 
40 0 0 0 0 0 
40 0 0 0 0 0 
40 0 0 0 0 0 
40 0 0 0 0 0 
40 0 0 0 0 0 
40 0 0 0 0 0 
40 0 0 0 0 0 
19 0 0 0 27 0 
19 0 0 0 27 0 
19 0 0 0 27 0 
19 0 0 0 27 0 
19 0 0 0 27 0 
19 0 0 0 27 0 
19 0 0 0 27 0 
19 0 0 0 27 0 
19 0 0 0 27 0 
19 0 0 0 27 0 
0 0 0 42 0 0 
0 0 0 42 0 0 
0 0 0 42 0 0 
0 0 0 42 0 0 
0 0 0 42 0 0 
0 0 0 42 0 0 
0 0 0 42 0 0 
0 0 0 42 0 0 
0 0 0 42 0 0 
0 0 0 42 0 0 
0 0 0 0 0 48 
0 0 0 0 0 48 
0 0 0 0 0 48 
0 0 0 0 0 48 
0 0 0 0 0 48 
0 0 0 0 0 48 
0 0 0 0 0 48 
0 0 0 0 0 48 
0 0 0 0 0 48 
0 0 0 0 0 48 
0 45 0 52 0 0 
0 45 0 52 0 0 
0 45 0 52 0 0 
0 45 0 52 0 0 
0 45 0 52 0 0 
0 45 0 52 0 0 
0 45 0 52 0 0 
0 45 0 52 0 0 
0 45 0 52 0 0 
0 45 0 52 0 0 
0 0 0 0 0 43 
0 0 0 0 0 43 
0 0 0 0 0 43 
0 0 0 0 0 43 
0 0 0 0 0 43 
0 0 0 0 0 43 
0 0 0 0 0 43 
0 0 0 0 0 43 
0 0 0 0 0 43 
0 0 0 0 0 43 
24 0 0 0 0 46 
24 0 0 0 0 46 
24 0 0 0 0 46 
24 0 0 0 0 46 
24 0 0 0 0 46 
24 0 0 0 0 46 
24 0 0 0 0 46 
24 0 0 0 0 46 
24 0 0 0 0 46 
24 0 0 0 0 46 
0 0 0 52 0 0 
0 0 0 52 0 0 
0 0 0 52 0 0 
0 0 0 52 0 0 
0 0 0 52 0 0 
0 0 0 52 0 0 
0 0 0 52 0 0 
0 0 0 52 0 0 
0 0 0 52 0 0 
0 0 0 52 0 0 
0 0 0 0 0 37 
0 0 0 0 0 37 
0 0 0 0 0 37 
0 0 0 0 0 37 
0 0 0 0 0 37 
0 0 0 0 0 37 
0 0 0 0 0 37 
0 0 0 0 0 37 
0 0 0 0 0 37 
0 0 0 0 0 37 
42 0 0 51 0 0 
42 0 0 51 0 0 
42 0 0 51 0 0 
42 0 0 51 0 0 
42 0 0 51 0 0 
42 0 0 51 0 0 
42 0 0 51 0 0 
42 0 0 51 0 0 
42 0 0 51 0 0 
42 0 0 51 0 0 
60 0 0 0 0 56 
60 0 0 0 0 56 
60 0 0 0 0 56 
60 0 0 0 0 56 
60 0 0 0 0 56 
60 0 0 0 0 56 
60 0 0 0 0 56 
60 0 0 0 0 56 
60 0 0 0 0 56 
60 0 0 0 0 56 
32 0 0 0 53 0 
32 0 0 0 53 0 
32 0 0 0 53 0 
32 0 0 0 53 0 
32 0 0 0 53 0 
32 0 0 0 53 0 
32 0 0 0 53 0 
32 0 0 0 53 0 
32 0 0 0 53 0 
32 0 0 0 53 0 
32 0 0 0 21 0 
32 0 0 0 21 0 
32 0 0 0 21 0 
32 0 0 0 21 0 
32 0 0 0 21 0 
32 0 0 0 21 0 
32 0 0 0 21 0 
32 0 0 0 21 0 
32 0 0 0 21 0 
32 0 0 0 21 0 
0 0 0 54 0 0 
0 0 0 54 0 0 
0 0 0 54 0 0 
0 0 0 54 0 0 
0 0 0 54 0 0 
0 0 0 54 0 0 
0 0 0 54 0 0 
0 0 0 54 0 0 
0 0 0 54 0 0 
0 0 0 54 0 0 
0 0 0 0 0 52 
0 0 0 0 0 52 
0 0 0 0 0 52 
0 0 0 0 0 52 
0 0 0 0 0 52 
0 0 0 0 0 52 
0 0 0 0 0 52 
0 0 0 0 0 52 
0 0 0 0 0 52 
0 0 0 0 0 52 
27 0 0 0 0 0 
27 0 0 0 0 0 
27 0 0 0 0 0 
27 0 0 0 0 0 
27 0 0 0 0 0 
27 0 0 0 0 0 
27 0 0 0 0 0 
27 0 0 0 0 0 
27 0 0 0 0 0 
27 0 0 0 0 0 
0 0 52 0 0 0 
0 0 52 0 0 0 
0 0 52 0 0 0 
0 0 52 0 0 0 
0 0 52 0 0 0 
0 0 52 0 0 0 
0 0 52 0 0 0 
0 0 52 0 0 0 
0 0 52 0 0 0 
0 0 52 0 0 0 
0 0 0 0 0 44 
0 0 0 0 0 44 
0 0 0 0 0 44 
0 0 0 0 0 44 
0 0 0 0 0 44 
0 0 0 0 0 44 
0 0 0 0 0 44 
0 0 0 0 0 44 
0 0 0 0 0 44 
0 0 0 0 0 44 
47 0 0 0 35 0 
47 0 0 0 35 0 
47 0 0 0 35 0 
47 0 0 0 35 0 
47 0 0 0 35 0 
47 0 0 0 35 0 
47 0 0 0 35 0 
47 0 0 0 35 0 
47 0 0 0 35 0 
47 0 0 0 35 0 
51 0 0 0 0 0 
51 0 0 0 0 0 
51 0 0 0 0 0 
51 0 0 0 0 0 
51 0 0 0 0 0 
51 0 0 0 0 0 
51 0 0 0 0 0 
51 0 0 0 0 0 
51 0 0 0 0 0 
51 0 0 0 0 0 
0 0 0 0 0 28 
0 0 0 0 0 28 
0 0 0 0 0 28 
0 0 0 0 0 28 
0 0 0 0 0 28 
0 0 0 0 0 28 
0 0 0 0 0 28 
0 0 0 0 0 28 
0 0 0 0 0 28 
0 0 0 0 0 28 
0 0 45 0 38 0 
0 0 45 0 38 0 
0 0 45 0 38 0 
0 0 45 0 38 0 
0 0 45 0 38 0 
0 0 45 0 38 0 
0 0 45 0 38 0 
0 0 45 0 38 0 
0 0 45 0 38 0 
0 0 45 0 38 0 
0 0 27 0 0 0 
0 0 27 0 0 0 
0 0 27 0 0 0 
0 0 27 0 0 0 
0 0 27 0 0 0 
0 0 27 0 0 0 
0 0 27 0 0 0 
0 0 27 0 0 0 
0 0 27 0 0 0 
0 0 27 0 0 0 
0 0 38 0 0 0 
0 0 38 0 0 0 
0 0 38 0 0 0 
0 0 38 0 0 0 
0 0 38 0 0 0 
0 0 38 0 0 0 
0 0 38 0 0 0 
0 0 38 0 0 0 
0 0 38 0 0 0 
0 0 38 0 0 0 
0 0 35 38 0 0 
0 0 35 38 0 0 
0 0 35 38 0 0 
0 0 35 38 0 0 
0 0 35 38 0 0 
0 0 35 38 0 0 
0 0 35 38 0 0 
0 0 35 38 0 0 
0 0 35 38 0 0 
0 0 35 38 0 0 
0 0 0 0 0 45 
0 0 0 0 0 45 
0 0 0 0 0 45 
0 0 0 0 0 45 
0 0 0 0 0 45 
0 0 0 0 0 45 
0 0 0 0 0 45 
0 0 0 0 0 45 
0 0 0 0 0 45 
0 0 0 0 0 45 
50 0 0 0 0 0 
50 0 0 0 0 0 
50 0 0 0 0 0 
50 0 0 0 0 0 
50 0 0 0 0 0 
50 0 0 0 0 0 
50 0 0 0 0 0 
50 0 0 0 0 0 
50 0 0 0 0 0 
50 0 0 0 0 0 
0 0 0 60 0 0 
0 0 0 60 0 0 
0 0 0 60 0 0 
0 0 0 60 0 0 
0 0 0 60 0 0 
0 0 0 60 0 0 
0 0 0 60 0 0 
0 0 0 60 0 0 
0 0 0 60 0 0 
0 0 0 60 0 0 
0 0 51 0 0 0 
0 0 51 0 0 0 
0 0 51 0 0 0 
0 0 51 0 0 0 
0 0 51 0 0 0 
0 0 51 0 0 0 
0 0 51 0 0 0 
0 0 51 0 0 0 
0 0 51 0 0 0 
0 0 51 0 0 0 
0 0 0 50 0 0 
0 0 0 50 0 0 
0 0 0 50 0 0 
0 0 0 50 0 0 
0 0 0 50 0 0 
0 0 0 50 0 0 
0 0 0 50 0 0 
0 0 0 50 0 0 
0 0 0 50 0 0 
0 0 0 50 0 0 
0 0 0 0 52 0 
0 0 0 0 52 0 
0 0 0 0 52 0 
0 0 0 0 52 0 
0 0 0 0 52 0 
0 0 0 0 52 0 
0 0 0 0 52 0 
0 0 0 0 52 0 
0 0 0 0 52 0 
0 0 0 0 52 0 
0 0 20 39 0 0 
0 0 20 39 0 0 
0 0 20 39 0 0 
0 0 20 39 0 0 
0 0 20 39 0 0 
0 0 20 39 0 0 
0 0 20 39 0 0 
0 0 20 39 0 0 
0 0 20 39 0 0 
0 0 20 39 0 0 
0 0 35 0 0 0 
0 0 35 0 0 0 
0 0 35 0 0 0 
0 0 35 0 0 0 
0 0 35 0 0 0 
0 0 35 0 0 0 
0 0 35 0 0 0 
0 0 35 0 0 0 
0 0 35 0 0 0 
0 0 35 0 0 0 
0 0 20 0 0 0 
0 0 20 0 0 0 
0 0 20 0 0 0 
0 0 20 0 0 0 
0 0 20 0 0 0 
0 0 20 0 0 0 
0 0 20 0 0 0 
0 0 20 0 0 0 
0 0 20 0 0 0 
0 0 20 0 0 0 
0 0 56 0 16 0 
0 0 56 0 16 0 
0 0 56 0 16 0 
0 0 56 0 16 0 
0 0 56 0 16 0 
0 0 56 0 16 0 
0 0 56 0 16 0 
0 0 56 0 16 0 
0 0 56 0 16 0 
0 0 56 0 16 0 
0 42 0 0 0 0 
0 42 0 0 0 0 
0 42 0 0 0 0 
0 42 0 0 0 0 
0 42 0 0 0 0 
0 42 0 0 0 0 
0 42 0 0 0 0 
0 42 0 0 0 0 
0 42 0 0 0 0 
0 42 0 0 0 0 
19 0 0 0 0 0 
19 0 0 0 0 0 
19 0 0 0 0 0 
19 0 0 0 0 0 
19 0 0 0 0 0 
19 0 0 0 0 0 
19 0 0 0 0 0 
19 0 0 0 0 0 
19 0 0 0 0 0 
19 0 0 0 0 0 
0 0 0 48 0 0 
0 0 0 48 0 0 
0 0 0 48 0 0 
0 0 0 48 0 0 
0 0 0 48 0 0 
0 0 0 48 0 0 
0 0 0 48 0 0 
0 0 0 48 0 0 
0 0 0 48 0 0 
0 0 0 48 0 0 
0.0 0.0 0.0 0.0 0.0 0.0 
0.0 0.0 0.0 0.0 0.0 0.0 
0.0 0.0 0.0 0.0 0.0 0.0 
0.0 0.0 0.0 0.0 0.0 0.0 
0.0 0.0 0.0 0.0 0.0 0.0 
0.0 0.0 0.0 0.0 0.0 0.0 
0.0 0.0 0.0 0.0 0.0 0.0 
0.0 0.0 0.0 0.0 0.0 0.0 
0.0 0.0 0.0 0.0 0.0 0.0 
0.0 0.0 0.0 0.0 0.0 0.0 
mind
0 0 0 0 25 13 0 0 0 0 0 0 0 0 0 0 0 0 0 0 0 0 18 0 20 13 0 0 0 0 0 11 0 0 0 0 0 15 0 0 0 0 0 0 12 0 0 0 0 0 0 0
maxd
0 0 0 0 28 21 0 0 0 0 0 0 0 0 0 0 0 0 0 0 0 0 19 0 24 22 0 0 0 0 0 30 0 0 0 0 0 29 0 0 0 0 0 0 16 0 0 0 0 0 0 0
e
0 803 767 576 701 691 946 621 810 500 879 832 716 540 597 693 707 829 704 603 796 556 622 896 490 586 584 544 763 598 778 704 567 924 899 829 869 834 737 694 830 708 769 882 629 610 606 519 552 826 688 0
l
99999 923 887 696 821 811 1066 741 930 620 999 952 836 660 717 813 827 949 824 723 916 676 742 1016 610 706 704 664 883 718 898 824 687 1044 1019 949 989 954 857 814 950 828 889 1002 749 730 726 639 672 946 808 99999
