nbNodes
52
nbVehi
10
nbServi
6
r
1 1 1 1 1 1 
0 0 1 0 0 1 
0 0 0 1 0 0 
0 1 0 1 0 0 
0 0 1 0 0 1 
0 1 0 0 0 0 
0 0 0 0 1 0 
0 1 0 0 0 1 
0 0 0 1 0 0 
0 0 0 0 0 1 
0 1 0 1 0 0 
0 1 0 0 0 0 
0 0 0 1 0 0 
0 0 0 1 0 0 
0 1 0 0 0 0 
0 0 0 0 0 1 
0 0 1 0 0 0 
0 1 0 0 0 0 
0 0 1 0 0 0 
0 1 0 0 0 1 
0 0 0 0 1 0 
1 0 0 0 0 0 
0 0 1 0 0 0 
0 0 1 0 0 0 
0 1 0 0 0 1 
0 0 1 0 0 1 
0 0 1 0 0 0 
0 0 1 0 0 0 
0 0 1 0 0 0 
0 0 1 0 0 0 
0 1 0 0 0 1 
1 0 0 0 0 0 
0 0 0 0 0 1 
1 0 0 1 0 0 
0 0 1 0 1 0 
1 0 0 0 0 0 
0 0 1 0 0 1 
0 1 0 0 0 0 
0 0 1 0 1 0 
0 0 0 0 0 1 
1 0 0 1 0 0 
1 0 0 0 0 0 
0 0 0 1 0 0 
0 1 0 0 1 0 
1 0 0 0 0 0 
1 0 0 0 0 0 
0 0 0 1 0 0 
1 0 0 0 1 0 
0 0 0 0 0 1 
0 0 0 0 0 1 
0 0 1 0 0 0 
1 1 1 1 1 1 
DS
2 4 5 8 11 20 25 26 31 34 35 37 39 41 44 48 
a
1 0 1 0 0 0 
1 1 1 0 0 0 
0 1 0 0 0 0 
1 1 1 0 0 0 
0 0 1 0 0 0 
0 0 0 0 1 0 
0 0 0 1 0 1 
0 0 0 1 0 1 
0 0 0 1 0 1 
0 0 0 1 1 1 
x
-30.0753 -29.985 -30.0191 -30.0089 -30.1163 -30.0201 -30.0057 -29.9936 -30.0291 -30.0932 -29.9921 -30.0487 -30.1179 -30.0123 -30.0211 -30.004 -30.018 -30.0753 -30.0054 -30.0041 -30.0128 -29.993 -30.0942 -30.0632 -29.9894 -30.0204 -30.1313 -30.1156 -30.117 -30.0307 -30.0318 -30.1167 -30.0828 -30.0071 -30.0005 -29.9882 -30.1117 -30.0389 -30.1804 -30.0057 -30.0106 -30.1106 -30.0084 -30.0831 -30.0232 -30.1175 -30.069 -29.9815 -30.0065 -29.9927 -29.9871 -30.0753
y
-51.2271 -51.1359 -51.1545 -51.1553 -51.1067 -51.1532 -51.1563 -51.0984 -51.1675 -51.2352 -51.1479 -51.1989 -51.1035 -51.1521 -51.189 -51.1761 -51.1546 -51.2271 -51.2082 -51.1313 -51.1748 -51.1478 -51.1775 -51.1711 -51.136 -51.1594 -51.2062 -51.1037 -51.1934 -51.1392 -51.1677 -51.2554 -51.2318 -51.1207 -51.1073 -51.129 -51.2329 -51.1411 -51.1807 -51.1957 -51.1185 -51.1052 -51.0937 -51.1243 -51.1867 -51.1 -51.1682 -51.1319 -51.1586 -51.1052 -51.1132 -51.2271
d
0.00000 29.00000 21.00000 22.00000 29.00000 22.00000 23.00000 32.00000 18.00000 9.00000 29.00000 11.00000 30.00000 22.00000 16.00000 20.00000 21.00000 0.00000 18.00000 26.00000 19.00000 28.00000 14.00000 14.00000 28.00000 20.00000 21.00000 29.00000 18.00000 23.00000 19.00000 13.00000 4.00000 28.00000 30.00000 27.00000 12.00000 22.00000 28.00000 17.00000 27.00000 29.00000 31.00000 22.00000 15.00000 30.00000 15.00000 29.00000 22.00000 31.00000 30.00000 0.00000
28.00000 0.00000 12.00000 9.00000 32.00000 13.00000 9.00000 10.00000 14.00000 33.00000 8.00000 21.00000 33.00000 11.00000 15.00000 12.00000 12.00000 28.00000 16.00000 7.00000 12.00000 8.00000 32.00000 22.00000 2.00000 13.00000 43.00000 32.00000 40.00000 12.00000 15.00000 36.00000 30.00000 9.00000 11.00000 3.00000 34.00000 15.00000 50.00000 14.00000 10.00000 32.00000 13.00000 25.00000 15.00000 33.00000 23.00000 2.00000 10.00000 9.00000 8.00000 28.00000
22.00000 11.00000 0.00000 4.00000 24.00000 1.00000 4.00000 14.00000 4.00000 24.00000 11.00000 12.00000 24.00000 4.00000 9.00000 8.00000 1.00000 22.00000 11.00000 8.00000 7.00000 10.00000 23.00000 12.00000 10.00000 2.00000 34.00000 24.00000 30.00000 5.00000 5.00000 28.00000 23.00000 10.00000 13.00000 9.00000 25.00000 7.00000 41.00000 9.00000 10.00000 23.00000 14.00000 17.00000 9.00000 25.00000 13.00000 11.00000 5.00000 13.00000 12.00000 22.00000
21.00000 11.00000 5.00000 0.00000 27.00000 5.00000 2.00000 14.00000 7.00000 26.00000 9.00000 14.00000 28.00000 3.00000 7.00000 6.00000 5.00000 21.00000 9.00000 8.00000 5.00000 9.00000 24.00000 14.00000 9.00000 6.00000 35.00000 28.00000 32.00000 9.00000 7.00000 29.00000 23.00000 10.00000 13.00000 9.00000 27.00000 11.00000 43.00000 7.00000 10.00000 27.00000 13.00000 21.00000 7.00000 29.00000 15.00000 11.00000 3.00000 13.00000 12.00000 21.00000
29.00000 33.00000 24.00000 25.00000 0.00000 23.00000 26.00000 31.00000 23.00000 30.00000 32.00000 22.00000 2.00000 25.00000 26.00000 28.00000 24.00000 29.00000 30.00000 28.00000 26.00000 32.00000 19.00000 18.00000 31.00000 23.00000 33.00000 1.00000 24.00000 22.00000 22.00000 34.00000 29.00000 26.00000 28.00000 30.00000 31.00000 19.00000 26.00000 28.00000 24.00000 2.00000 29.00000 11.00000 26.00000 2.00000 19.00000 33.00000 26.00000 30.00000 30.00000 29.00000
22.00000 11.00000 1.00000 4.00000 23.00000 0.00000 4.00000 14.00000 5.00000 24.00000 10.00000 13.00000 24.00000 3.00000 10.00000 8.00000 2.00000 22.00000 12.00000 8.00000 7.00000 10.00000 23.00000 12.00000 10.00000 2.00000 34.00000 24.00000 31.00000 5.00000 5.00000 28.00000 23.00000 10.00000 13.00000 9.00000 25.00000 7.00000 41.00000 9.00000 10.00000 23.00000 13.00000 16.00000 10.00000 24.00000 13.00000 11.00000 5.00000 13.00000 12.00000 22.00000
21.00000 10.00000 5.00000 3.00000 27.00000 5.00000 0.00000 13.00000 8.00000 27.00000 9.00000 15.00000 28.00000 3.00000 8.00000 6.00000 5.00000 21.00000 10.00000 7.00000 5.00000 8.00000 25.00000 15.00000 8.00000 6.00000 36.00000 28.00000 33.00000 9.00000 8.00000 29.00000 24.00000 10.00000 13.00000 8.00000 28.00000 11.00000 43.00000 8.00000 10.00000 27.00000 13.00000 21.00000 8.00000 29.00000 16.00000 10.00000 2.00000 12.00000 11.00000 21.00000
31.00000 11.00000 16.00000 12.00000 31.00000 16.00000 13.00000 0.00000 17.00000 35.00000 12.00000 24.00000 32.00000 14.00000 18.00000 16.00000 16.00000 31.00000 20.00000 10.00000 15.00000 12.00000 34.00000 22.00000 10.00000 17.00000 45.00000 32.00000 41.00000 15.00000 18.00000 39.00000 34.00000 8.00000 4.00000 8.00000 36.00000 15.00000 52.00000 18.00000 8.00000 31.00000 5.00000 25.00000 18.00000 33.00000 23.00000 11.00000 14.00000 3.00000 6.00000 31.00000
18.00000 15.00000 5.00000 8.00000 23.00000 5.00000 8.00000 18.00000 0.00000 21.00000 14.00000 9.00000 24.00000 7.00000 7.00000 9.00000 5.00000 18.00000 12.00000 11.00000 7.00000 14.00000 20.00000 9.00000 14.00000 3.00000 31.00000 24.00000 27.00000 7.00000 2.00000 25.00000 20.00000 14.00000 17.00000 13.00000 22.00000 8.00000 38.00000 10.00000 13.00000 23.00000 17.00000 17.00000 6.00000 25.00000 10.00000 15.00000 8.00000 16.00000 16.00000 18.00000
10.00000 32.00000 22.00000 24.00000 29.00000 22.00000 25.00000 33.00000 19.00000 0.00000 31.00000 14.00000 30.00000 24.00000 20.00000 23.00000 22.00000 10.00000 23.00000 28.00000 21.00000 31.00000 14.00000 13.00000 31.00000 21.00000 15.00000 29.00000 12.00000 22.00000 18.00000 10.00000 6.00000 28.00000 30.00000 29.00000 7.00000 22.00000 23.00000 22.00000 26.00000 28.00000 31.00000 22.00000 20.00000 30.00000 15.00000 32.00000 24.00000 32.00000 32.00000 10.00000
25.00000 12.00000 11.00000 8.00000 32.00000 11.00000 7.00000 16.00000 11.00000 31.00000 0.00000 18.00000 33.00000 9.00000 12.00000 8.00000 10.00000 25.00000 12.00000 9.00000 9.00000 1.00000 29.00000 18.00000 10.00000 10.00000 40.00000 32.00000 37.00000 14.00000 11.00000 33.00000 27.00000 12.00000 15.00000 11.00000 31.00000 16.00000 47.00000 10.00000 13.00000 31.00000 17.00000 25.00000 12.00000 33.00000 19.00000 13.00000 7.00000 14.00000 14.00000 25.00000
11.00000 22.00000 12.00000 15.00000 21.00000 12.00000 15.00000 24.00000 9.00000 16.00000 21.00000 0.00000 22.00000 14.00000 9.00000 13.00000 12.00000 11.00000 11.00000 18.00000 11.00000 21.00000 14.00000 7.00000 21.00000 11.00000 25.00000 22.00000 22.00000 14.00000 9.00000 19.00000 13.00000 19.00000 21.00000 20.00000 16.00000 14.00000 32.00000 10.00000 18.00000 21.00000 23.00000 15.00000 8.00000 23.00000 8.00000 22.00000 14.00000 23.00000 23.00000 11.00000
30.00000 34.00000 25.00000 27.00000 2.00000 24.00000 27.00000 32.00000 24.00000 32.00000 33.00000 24.00000 0.00000 26.00000 27.00000 30.00000 25.00000 30.00000 31.00000 29.00000 27.00000 33.00000 21.00000 19.00000 33.00000 25.00000 34.00000 2.00000 26.00000 23.00000 23.00000 35.00000 30.00000 27.00000 29.00000 32.00000 32.00000 21.00000 26.00000 29.00000 26.00000 3.00000 30.00000 12.00000 27.00000 2.00000 20.00000 34.00000 28.00000 31.00000 31.00000 30.00000
24.00000 9.00000 4.00000 5.00000 26.00000 4.00000 6.00000 12.00000 8.00000 27.00000 9.00000 16.00000 27.00000 0.00000 11.00000 9.00000 4.00000 24.00000 13.00000 6.00000 8.00000 9.00000 26.00000 15.00000 8.00000 5.00000 37.00000 26.00000 33.00000 7.00000 8.00000 31.00000 26.00000 8.00000 12.00000 7.00000 28.00000 9.00000 44.00000 11.00000 8.00000 25.00000 12.00000 19.00000 11.00000 27.00000 15.00000 9.00000 6.00000 11.00000 10.00000 24.00000
15.00000 17.00000 10.00000 10.00000 26.00000 10.00000 10.00000 20.00000 8.00000 20.00000 16.00000 8.00000 27.00000 9.00000 0.00000 7.00000 10.00000 15.00000 7.00000 13.00000 6.00000 16.00000 18.00000 12.00000 16.00000 9.00000 30.00000 27.00000 27.00000 13.00000 8.00000 23.00000 17.00000 16.00000 19.00000 14.00000 21.00000 14.00000 37.00000 6.00000 15.00000 26.00000 19.00000 20.00000 4.00000 28.00000 13.00000 17.00000 9.00000 18.00000 18.00000 15.00000
20.00000 11.00000 7.00000 6.00000 28.00000 8.00000 5.00000 15.00000 7.00000 25.00000 10.00000 13.00000 29.00000 6.00000 7.00000 0.00000 7.00000 20.00000 7.00000 8.00000 4.00000 9.00000 24.00000 15.00000 9.00000 7.00000 35.00000 29.00000 32.00000 11.00000 7.00000 28.00000 22.00000 11.00000 14.00000 10.00000 27.00000 13.00000 42.00000 5.00000 12.00000 28.00000 16.00000 21.00000 7.00000 29.00000 16.00000 12.00000 5.00000 13.00000 13.00000 20.00000
22.00000 11.00000 1.00000 3.00000 24.00000 1.00000 4.00000 14.00000 5.00000 25.00000 10.00000 13.00000 25.00000 3.00000 9.00000 7.00000 0.00000 22.00000 11.00000 7.00000 7.00000 10.00000 23.00000 12.00000 10.00000 2.00000 34.00000 24.00000 31.00000 5.00000 5.00000 29.00000 24.00000 10.00000 13.00000 9.00000 26.00000 7.00000 41.00000 9.00000 9.00000 23.00000 13.00000 17.00000 9.00000 25.00000 13.00000 11.00000 5.00000 12.00000 12.00000 22.00000
0.00000 29.00000 21.00000 22.00000 29.00000 22.00000 23.00000 32.00000 18.00000 9.00000 29.00000 11.00000 30.00000 22.00000 16.00000 20.00000 21.00000 0.00000 18.00000 26.00000 19.00000 28.00000 14.00000 14.00000 28.00000 20.00000 21.00000 29.00000 18.00000 23.00000 19.00000 13.00000 4.00000 28.00000 30.00000 27.00000 12.00000 22.00000 28.00000 17.00000 27.00000 29.00000 31.00000 22.00000 15.00000 30.00000 15.00000 29.00000 22.00000 31.00000 30.00000 0.00000
18.00000 16.00000 11.00000 10.00000 30.00000 11.00000 10.00000 19.00000 11.00000 22.00000 15.00000 11.00000 31.00000 10.00000 7.00000 6.00000 11.00000 18.00000 0.00000 13.00000 7.00000 15.00000 22.00000 16.00000 15.00000 10.00000 33.00000 30.00000 30.00000 15.00000 11.00000 24.00000 20.00000 16.00000 19.00000 15.00000 24.00000 16.00000 40.00000 3.00000 16.00000 29.00000 20.00000 23.00000 8.00000 31.00000 16.00000 17.00000 10.00000 18.00000 17.00000 18.00000
25.00000 7.00000 9.00000 6.00000 27.00000 9.00000 6.00000 9.00000 11.00000 30.00000 6.00000 18.00000 28.00000 7.00000 12.00000 10.00000 9.00000 25.00000 14.00000 0.00000 9.00000 6.00000 29.00000 19.00000 5.00000 10.00000 40.00000 28.00000 36.00000 8.00000 11.00000 33.00000 27.00000 5.00000 8.00000 4.00000 31.00000 11.00000 47.00000 11.00000 6.00000 27.00000 10.00000 21.00000 12.00000 29.00000 19.00000 7.00000 7.00000 8.00000 7.00000 25.00000
18.00000 13.00000 6.00000 6.00000 27.00000 7.00000 6.00000 15.00000 6.00000 23.00000 12.00000 11.00000 28.00000 5.00000 5.00000 4.00000 6.00000 18.00000 8.00000 9.00000 0.00000 12.00000 22.00000 14.00000 11.00000 5.00000 33.00000 27.00000 29.00000 10.00000 6.00000 26.00000 20.00000 12.00000 15.00000 10.00000 24.00000 12.00000 40.00000 5.00000 11.00000 27.00000 15.00000 20.00000 5.00000 28.00000 14.00000 13.00000 5.00000 14.00000 13.00000 18.00000
25.00000 11.00000 10.00000 8.00000 31.00000 11.00000 7.00000 15.00000 10.00000 30.00000 1.00000 18.00000 32.00000 9.00000 12.00000 8.00000 10.00000 25.00000 12.00000 9.00000 9.00000 0.00000 29.00000 18.00000 10.00000 10.00000 40.00000 32.00000 36.00000 14.00000 11.00000 33.00000 27.00000 11.00000 15.00000 10.00000 31.00000 16.00000 47.00000 10.00000 12.00000 31.00000 17.00000 25.00000 12.00000 33.00000 19.00000 12.00000 7.00000 14.00000 13.00000 25.00000
14.00000 31.00000 21.00000 24.00000 19.00000 21.00000 24.00000 32.00000 18.00000 16.00000 30.00000 13.00000 20.00000 23.00000 19.00000 23.00000 22.00000 14.00000 21.00000 27.00000 20.00000 30.00000 0.00000 13.00000 30.00000 20.00000 18.00000 19.00000 10.00000 22.00000 18.00000 19.00000 14.00000 27.00000 29.00000 29.00000 16.00000 21.00000 22.00000 20.00000 26.00000 19.00000 30.00000 17.00000 19.00000 20.00000 14.00000 31.00000 24.00000 31.00000 31.00000 14.00000
15.00000 22.00000 13.00000 15.00000 17.00000 13.00000 15.00000 23.00000 10.00000 16.00000 22.00000 8.00000 18.00000 15.00000 13.00000 16.00000 13.00000 15.00000 18.00000 19.00000 13.00000 21.00000 15.00000 0.00000 21.00000 12.00000 26.00000 17.00000 22.00000 13.00000 9.00000 20.00000 15.00000 18.00000 20.00000 20.00000 17.00000 11.00000 33.00000 15.00000 16.00000 16.00000 21.00000 10.00000 13.00000 18.00000 2.00000 22.00000 16.00000 21.00000 22.00000 15.00000
27.00000 2.00000 12.00000 8.00000 31.00000 11.00000 9.00000 10.00000 13.00000 33.00000 7.00000 20.00000 32.00000 10.00000 14.00000 11.00000 11.00000 27.00000 15.00000 6.00000 11.00000 6.00000 31.00000 21.00000 0.00000 12.00000 42.00000 31.00000 39.00000 11.00000 14.00000 35.00000 29.00000 8.00000 10.00000 3.00000 33.00000 13.00000 49.00000 13.00000 9.00000 30.00000 12.00000 24.00000 14.00000 32.00000 22.00000 3.00000 9.00000 9.00000 7.00000 27.00000
20.00000 12.00000 2.00000 5.00000 24.00000 2.00000 5.00000 15.00000 3.00000 23.00000 12.00000 11.00000 25.00000 5.00000 8.00000 7.00000 2.00000 20.00000 11.00000 9.00000 6.00000 11.00000 22.00000 11.00000 11.00000 0.00000 33.00000 24.00000 29.00000 6.00000 4.00000 27.00000 22.00000 11.00000 14.00000 10.00000 24.00000 8.00000 40.00000 8.00000 11.00000 23.00000 14.00000 17.00000 9.00000 25.00000 12.00000 12.00000 5.00000 14.00000 13.00000 20.00000
20.00000 42.00000 32.00000 34.00000 33.00000 32.00000 35.00000 43.00000 29.00000 17.00000 41.00000 24.00000 34.00000 34.00000 30.00000 33.00000 32.00000 20.00000 33.00000 38.00000 31.00000 41.00000 18.00000 23.00000 40.00000 31.00000 0.00000 33.00000 11.00000 32.00000 28.00000 18.00000 17.00000 38.00000 40.00000 39.00000 14.00000 32.00000 18.00000 32.00000 36.00000 32.00000 41.00000 31.00000 30.00000 34.00000 25.00000 42.00000 34.00000 42.00000 42.00000 20.00000
30.00000 33.00000 24.00000 26.00000 1.00000 24.00000 26.00000 32.00000 24.00000 31.00000 33.00000 23.00000 2.00000 26.00000 26.00000 29.00000 25.00000 30.00000 31.00000 29.00000 27.00000 32.00000 20.00000 19.00000 32.00000 24.00000 34.00000 0.00000 25.00000 22.00000 23.00000 35.00000 30.00000 26.00000 29.00000 31.00000 32.00000 20.00000 26.00000 29.00000 25.00000 2.00000 30.00000 11.00000 26.00000 2.00000 19.00000 33.00000 27.00000 30.00000 31.00000 30.00000
16.00000 38.00000 28.00000 30.00000 24.00000 28.00000 31.00000 39.00000 25.00000 13.00000 37.00000 20.00000 25.00000 30.00000 27.00000 29.00000 28.00000 16.00000 29.00000 34.00000 27.00000 37.00000 10.00000 19.00000 37.00000 27.00000 10.00000 24.00000 0.00000 28.00000 25.00000 15.00000 13.00000 34.00000 36.00000 36.00000 10.00000 28.00000 18.00000 28.00000 33.00000 24.00000 37.00000 22.00000 26.00000 25.00000 21.00000 38.00000 30.00000 38.00000 38.00000 16.00000
24.00000 14.00000 6.00000 8.00000 22.00000 6.00000 8.00000 14.00000 7.00000 26.00000 13.00000 15.00000 23.00000 8.00000 13.00000 12.00000 7.00000 24.00000 16.00000 8.00000 11.00000 13.00000 24.00000 13.00000 12.00000 7.00000 35.00000 22.00000 32.00000 0.00000 8.00000 30.00000 25.00000 9.00000 11.00000 11.00000 27.00000 5.00000 42.00000 14.00000 8.00000 21.00000 13.00000 15.00000 12.00000 23.00000 14.00000 14.00000 9.00000 13.00000 13.00000 24.00000
19.00000 15.00000 5.00000 8.00000 23.00000 5.00000 8.00000 18.00000 2.00000 21.00000 15.00000 10.00000 24.00000 8.00000 8.00000 9.00000 5.00000 19.00000 13.00000 12.00000 7.00000 14.00000 19.00000 9.00000 14.00000 4.00000 30.00000 23.00000 27.00000 7.00000 0.00000 24.00000 19.00000 14.00000 17.00000 13.00000 21.00000 8.00000 37.00000 11.00000 14.00000 22.00000 18.00000 16.00000 7.00000 24.00000 9.00000 15.00000 8.00000 17.00000 16.00000 19.00000
13.00000 36.00000 27.00000 29.00000 33.00000 27.00000 29.00000 37.00000 23.00000 8.00000 36.00000 19.00000 34.00000 29.00000 23.00000 27.00000 27.00000 13.00000 24.00000 33.00000 26.00000 35.00000 18.00000 18.00000 35.00000 26.00000 17.00000 34.00000 15.00000 27.00000 23.00000 0.00000 9.00000 32.00000 34.00000 34.00000 6.00000 27.00000 21.00000 24.00000 31.00000 33.00000 36.00000 27.00000 23.00000 35.00000 20.00000 36.00000 29.00000 36.00000 36.00000 13.00000
4.00000 32.00000 23.00000 25.00000 29.00000 23.00000 25.00000 33.00000 19.00000 5.00000 31.00000 13.00000 30.00000 24.00000 18.00000 22.00000 23.00000 4.00000 19.00000 29.00000 22.00000 31.00000 14.00000 14.00000 31.00000 22.00000 18.00000 30.00000 15.00000 23.00000 19.00000 10.00000 0.00000 28.00000 30.00000 30.00000 9.00000 23.00000 25.00000 20.00000 27.00000 29.00000 32.00000 23.00000 18.00000 31.00000 16.00000 32.00000 25.00000 32.00000 31.00000 4.00000
28.00000 9.00000 12.00000 9.00000 26.00000 12.00000 9.00000 8.00000 14.00000 30.00000 8.00000 21.00000 27.00000 10.00000 15.00000 13.00000 12.00000 28.00000 16.00000 6.00000 12.00000 8.00000 29.00000 18.00000 7.00000 13.00000 40.00000 27.00000 36.00000 10.00000 14.00000 34.00000 29.00000 0.00000 5.00000 6.00000 31.00000 10.00000 47.00000 14.00000 3.00000 26.00000 8.00000 20.00000 15.00000 28.00000 18.00000 9.00000 10.00000 7.00000 7.00000 28.00000
31.00000 12.00000 15.00000 12.00000 29.00000 15.00000 12.00000 4.00000 17.00000 33.00000 12.00000 23.00000 29.00000 13.00000 18.00000 16.00000 15.00000 31.00000 20.00000 9.00000 15.00000 12.00000 31.00000 20.00000 10.00000 16.00000 42.00000 29.00000 38.00000 12.00000 17.00000 36.00000 31.00000 5.00000 0.00000 9.00000 33.00000 13.00000 49.00000 17.00000 5.00000 28.00000 4.00000 22.00000 18.00000 30.00000 21.00000 11.00000 13.00000 4.00000 7.00000 31.00000
26.00000 3.00000 11.00000 7.00000 31.00000 11.00000 8.00000 9.00000 13.00000 32.00000 7.00000 20.00000 32.00000 9.00000 13.00000 11.00000 11.00000 26.00000 15.00000 6.00000 10.00000 7.00000 30.00000 20.00000 2.00000 12.00000 41.00000 31.00000 38.00000 11.00000 13.00000 34.00000 29.00000 7.00000 9.00000 0.00000 33.00000 14.00000 48.00000 13.00000 8.00000 31.00000 11.00000 24.00000 13.00000 32.00000 21.00000 3.00000 9.00000 7.00000 6.00000 26.00000
12.00000 34.00000 25.00000 27.00000 31.00000 24.00000 27.00000 35.00000 21.00000 9.00000 34.00000 16.00000 32.00000 26.00000 23.00000 26.00000 25.00000 12.00000 25.00000 31.00000 24.00000 33.00000 16.00000 16.00000 33.00000 23.00000 14.00000 32.00000 11.00000 25.00000 21.00000 6.00000 9.00000 30.00000 32.00000 32.00000 0.00000 24.00000 20.00000 24.00000 29.00000 31.00000 33.00000 24.00000 22.00000 32.00000 17.00000 34.00000 27.00000 34.00000 34.00000 12.00000
21.00000 15.00000 8.00000 9.00000 19.00000 7.00000 10.00000 15.00000 8.00000 23.00000 15.00000 13.00000 20.00000 9.00000 12.00000 13.00000 8.00000 21.00000 17.00000 11.00000 12.00000 14.00000 22.00000 10.00000 14.00000 8.00000 32.00000 19.00000 29.00000 4.00000 8.00000 27.00000 22.00000 10.00000 13.00000 13.00000 24.00000 0.00000 40.00000 14.00000 9.00000 18.00000 14.00000 12.00000 12.00000 20.00000 11.00000 15.00000 11.00000 14.00000 15.00000 21.00000
28.00000 50.00000 40.00000 42.00000 26.00000 40.00000 43.00000 51.00000 37.00000 24.00000 49.00000 32.00000 26.00000 42.00000 38.00000 41.00000 40.00000 28.00000 41.00000 46.00000 39.00000 49.00000 22.00000 31.00000 48.00000 39.00000 19.00000 27.00000 18.00000 40.00000 36.00000 21.00000 24.00000 46.00000 48.00000 47.00000 20.00000 40.00000 0.00000 40.00000 44.00000 27.00000 48.00000 33.00000 38.00000 26.00000 33.00000 50.00000 42.00000 49.00000 50.00000 28.00000
17.00000 15.00000 9.00000 9.00000 28.00000 10.00000 9.00000 18.00000 9.00000 23.00000 14.00000 10.00000 29.00000 8.00000 5.00000 5.00000 9.00000 17.00000 3.00000 12.00000 5.00000 13.00000 21.00000 14.00000 13.00000 8.00000 32.00000 29.00000 29.00000 13.00000 9.00000 25.00000 19.00000 15.00000 18.00000 13.00000 24.00000 15.00000 39.00000 0.00000 14.00000 28.00000 18.00000 22.00000 6.00000 30.00000 15.00000 15.00000 8.00000 17.00000 16.00000 17.00000
27.00000 9.00000 12.00000 8.00000 25.00000 12.00000 9.00000 7.00000 14.00000 29.00000 9.00000 19.00000 26.00000 10.00000 14.00000 12.00000 12.00000 27.00000 16.00000 6.00000 11.00000 9.00000 28.00000 16.00000 8.00000 13.00000 39.00000 26.00000 35.00000 9.00000 14.00000 33.00000 28.00000 2.00000 4.00000 7.00000 30.00000 9.00000 46.00000 14.00000 0.00000 25.00000 6.00000 18.00000 14.00000 26.00000 17.00000 9.00000 10.00000 6.00000 6.00000 27.00000
29.00000 32.00000 23.00000 25.00000 2.00000 23.00000 26.00000 31.00000 23.00000 30.00000 32.00000 22.00000 3.00000 25.00000 25.00000 28.00000 24.00000 29.00000 30.00000 28.00000 26.00000 32.00000 19.00000 18.00000 31.00000 23.00000 33.00000 2.00000 24.00000 21.00000 22.00000 34.00000 29.00000 26.00000 28.00000 30.00000 31.00000 19.00000 27.00000 28.00000 24.00000 0.00000 29.00000 10.00000 25.00000 4.00000 18.00000 32.00000 26.00000 29.00000 30.00000 29.00000
31.00000 14.00000 16.00000 12.00000 29.00000 15.00000 13.00000 4.00000 17.00000 34.00000 14.00000 24.00000 30.00000 14.00000 18.00000 16.00000 15.00000 31.00000 20.00000 9.00000 15.00000 13.00000 32.00000 21.00000 13.00000 16.00000 43.00000 30.00000 39.00000 13.00000 18.00000 37.00000 32.00000 7.00000 4.00000 11.00000 34.00000 13.00000 49.00000 18.00000 6.00000 29.00000 0.00000 23.00000 18.00000 31.00000 22.00000 14.00000 13.00000 6.00000 9.00000 31.00000
23.00000 27.00000 18.00000 20.00000 11.00000 18.00000 20.00000 25.00000 18.00000 25.00000 27.00000 17.00000 12.00000 20.00000 20.00000 23.00000 19.00000 23.00000 25.00000 23.00000 21.00000 26.00000 18.00000 12.00000 26.00000 18.00000 32.00000 11.00000 23.00000 16.00000 17.00000 29.00000 24.00000 20.00000 23.00000 25.00000 26.00000 14.00000 34.00000 22.00000 19.00000 11.00000 24.00000 0.00000 20.00000 12.00000 13.00000 27.00000 21.00000 24.00000 25.00000 23.00000
15.00000 15.00000 8.00000 8.00000 24.00000 8.00000 8.00000 18.00000 6.00000 20.00000 14.00000 8.00000 25.00000 7.00000 2.00000 7.00000 8.00000 15.00000 8.00000 11.00000 4.00000 14.00000 18.00000 10.00000 14.00000 7.00000 29.00000 25.00000 26.00000 11.00000 6.00000 23.00000 17.00000 14.00000 17.00000 13.00000 21.00000 12.00000 36.00000 6.00000 14.00000 24.00000 17.00000 18.00000 0.00000 26.00000 11.00000 15.00000 8.00000 16.00000 16.00000 15.00000
30.00000 34.00000 25.00000 27.00000 2.00000 25.00000 27.00000 32.00000 25.00000 32.00000 34.00000 24.00000 2.00000 27.00000 27.00000 30.00000 26.00000 30.00000 32.00000 30.00000 28.00000 33.00000 21.00000 19.00000 33.00000 25.00000 35.00000 2.00000 26.00000 23.00000 24.00000 36.00000 31.00000 27.00000 30.00000 32.00000 33.00000 21.00000 26.00000 29.00000 26.00000 4.00000 31.00000 12.00000 27.00000 0.00000 20.00000 34.00000 28.00000 31.00000 32.00000 30.00000
16.00000 23.00000 14.00000 16.00000 18.00000 13.00000 16.00000 23.00000 11.00000 18.00000 23.00000 10.00000 18.00000 15.00000 14.00000 16.00000 14.00000 16.00000 18.00000 20.00000 14.00000 22.00000 16.00000 2.00000 22.00000 13.00000 27.00000 18.00000 24.00000 14.00000 10.00000 21.00000 16.00000 18.00000 21.00000 21.00000 18.00000 12.00000 34.00000 16.00000 17.00000 17.00000 22.00000 11.00000 14.00000 19.00000 0.00000 23.00000 17.00000 22.00000 23.00000 16.00000
28.00000 3.00000 12.00000 9.00000 32.00000 13.00000 9.00000 10.00000 14.00000 33.00000 9.00000 21.00000 33.00000 10.00000 15.00000 13.00000 12.00000 28.00000 17.00000 7.00000 12.00000 8.00000 32.00000 22.00000 4.00000 13.00000 43.00000 33.00000 39.00000 13.00000 14.00000 36.00000 30.00000 9.00000 11.00000 3.00000 34.00000 15.00000 50.00000 15.00000 10.00000 32.00000 12.00000 26.00000 15.00000 34.00000 23.00000 0.00000 10.00000 9.00000 8.00000 28.00000
21.00000 10.00000 6.00000 4.00000 28.00000 6.00000 2.00000 14.00000 8.00000 27.00000 9.00000 14.00000 29.00000 4.00000 8.00000 6.00000 5.00000 21.00000 10.00000 8.00000 5.00000 9.00000 25.00000 15.00000 9.00000 6.00000 36.00000 29.00000 33.00000 10.00000 8.00000 29.00000 24.00000 10.00000 14.00000 9.00000 27.00000 12.00000 43.00000 8.00000 10.00000 28.00000 14.00000 22.00000 8.00000 30.00000 16.00000 11.00000 0.00000 13.00000 12.00000 21.00000
30.00000 10.00000 15.00000 11.00000 30.00000 15.00000 12.00000 3.00000 16.00000 34.00000 11.00000 23.00000 31.00000 13.00000 17.00000 15.00000 14.00000 30.00000 18.00000 9.00000 14.00000 10.00000 33.00000 21.00000 9.00000 15.00000 44.00000 30.00000 40.00000 14.00000 17.00000 37.00000 32.00000 7.00000 4.00000 7.00000 35.00000 14.00000 51.00000 17.00000 7.00000 30.00000 6.00000 23.00000 17.00000 31.00000 22.00000 9.00000 12.00000 0.00000 5.00000 30.00000
30.00000 8.00000 14.00000 10.00000 30.00000 14.00000 11.00000 6.00000 16.00000 34.00000 10.00000 23.00000 31.00000 12.00000 16.00000 14.00000 14.00000 30.00000 17.00000 9.00000 13.00000 10.00000 33.00000 21.00000 8.00000 15.00000 44.00000 30.00000 40.00000 14.00000 16.00000 36.00000 31.00000 7.00000 6.00000 6.00000 35.00000 14.00000 51.00000 16.00000 7.00000 30.00000 8.00000 23.00000 16.00000 31.00000 22.00000 8.00000 12.00000 5.00000 0.00000 30.00000
0.00000 29.00000 21.00000 22.00000 29.00000 22.00000 23.00000 32.00000 18.00000 9.00000 29.00000 11.00000 30.00000 22.00000 16.00000 20.00000 21.00000 0.00000 18.00000 26.00000 19.00000 28.00000 14.00000 14.00000 28.00000 20.00000 21.00000 29.00000 18.00000 23.00000 19.00000 13.00000 4.00000 28.00000 30.00000 27.00000 12.00000 22.00000 28.00000 17.00000 27.00000 29.00000 31.00000 22.00000 15.00000 30.00000 15.00000 29.00000 22.00000 31.00000 30.00000 0.00000
p
0.0 0.0 0.0 0.0 0.0 0.0 
0.0 0.0 0.0 0.0 0.0 0.0 
0.0 0.0 0.0 0.0 0.0 0.0 
0.0 0.0 0.0 0.0 0.0 0.0 
0.0 0.0 0.0 0.0 0.0 0.0 
0.0 0.0 0.0 0.0 0.0 0.0 
0.0 0.0 0.0 0.0 0.0 0.0 
0.0 0.0 0.0 0.0 0.0 0.0 
0.0 0.0 0.0 0.0 0.0 0.0 
0.0 0.0 0.0 0.0 0.0 0.0 
0 0 43 0 0 51 
0 0 43 0 0 51 
0 0 43 0 0 51 
0 0 43 0 0 51 
0 0 43 0 0 51 
0 0 43 0 0 51 
0 0 43 0 0 51 
0 0 43 0 0 51 
0 0 43 0 0 51 
0 0 43 0 0 51 
0 0 0 16 0 0 
0 0 0 16 0 0 
0 0 0 16 0 0 
0 0 0 16 0 0 
0 0 0 16 0 0 
0 0 0 16 0 0 
0 0 0 16 0 0 
0 0 0 16 0 0 
0 0 0 16 0 0 
0 0 0 16 0 0 
0 56 0 43 0 0 
0 56 0 43 0 0 
0 56 0 43 0 0 
0 56 0 43 0 0 
0 56 0 43 0 0 
0 56 0 43 0 0 
0 56 0 43 0 0 
0 56 0 43 0 0 
0 56 0 43 0 0 
0 56 0 43 0 0 
0 0 60 0 0 42 
0 0 60 0 0 42 
0 0 60 0 0 42 
0 0 60 0 0 42 
0 0 60 0 0 42 
0 0 60 0 0 42 
0 0 60 0 0 42 
0 0 60 0 0 42 
0 0 60 0 0 42 
0 0 60 0 0 42 
0 18 0 0 0 0 
0 18 0 0 0 0 
0 18 0 0 0 0 
0 18 0 0 0 0 
0 18 0 0 0 0 
0 18 0 0 0 0 
0 18 0 0 0 0 
0 18 0 0 0 0 
0 18 0 0 0 0 
0 18 0 0 0 0 
0 0 0 0 22 0 
0 0 0 0 22 0 
0 0 0 0 22 0 
0 0 0 0 22 0 
0 0 0 0 22 0 
0 0 0 0 22 0 
0 0 0 0 22 0 
0 0 0 0 22 0 
0 0 0 0 22 0 
0 0 0 0 22 0 
0 58 0 0 0 43 
0 58 0 0 0 43 
0 58 0 0 0 43 
0 58 0 0 0 43 
0 58 0 0 0 43 
0 58 0 0 0 43 
0 58 0 0 0 43 
0 58 0 0 0 43 
0 58 0 0 0 43 
0 58 0 0 0 43 
0 0 0 53 0 0 
0 0 0 53 0 0 
0 0 0 53 0 0 
0 0 0 53 0 0 
0 0 0 53 0 0 
0 0 0 53 0 0 
0 0 0 53 0 0 
0 0 0 53 0 0 
0 0 0 53 0 0 
0 0 0 53 0 0 
0 0 0 0 0 38 
0 0 0 0 0 38 
0 0 0 0 0 38 
0 0 0 0 0 38 
0 0 0 0 0 38 
0 0 0 0 0 38 
0 0 0 0 0 38 
0 0 0 0 0 38 
0 0 0 0 0 38 
0 0 0 0 0 38 
0 33 0 27 0 0 
0 33 0 27 0 0 
0 33 0 27 0 0 
0 33 0 27 0 0 
0 33 0 27 0 0 
0 33 0 27 0 0 
0 33 0 27 0 0 
0 33 0 27 0 0 
0 33 0 27 0 0 
0 33 0 27 0 0 
0 29 0 0 0 0 
0 29 0 0 0 0 
0 29 0 0 0 0 
0 29 0 0 0 0 
0 29 0 0 0 0 
0 29 0 0 0 0 
0 29 0 0 0 0 
0 29 0 0 0 0 
0 29 0 0 0 0 
0 29 0 0 0 0 
0 0 0 46 0 0 
0 0 0 46 0 0 
0 0 0 46 0 0 
0 0 0 46 0 0 
0 0 0 46 0 0 
0 0 0 46 0 0 
0 0 0 46 0 0 
0 0 0 46 0 0 
0 0 0 46 0 0 
0 0 0 46 0 0 
0 0 0 45 0 0 
0 0 0 45 0 0 
0 0 0 45 0 0 
0 0 0 45 0 0 
0 0 0 45 0 0 
0 0 0 45 0 0 
0 0 0 45 0 0 
0 0 0 45 0 0 
0 0 0 45 0 0 
0 0 0 45 0 0 
0 57 0 0 0 0 
0 57 0 0 0 0 
0 57 0 0 0 0 
0 57 0 0 0 0 
0 57 0 0 0 0 
0 57 0 0 0 0 
0 57 0 0 0 0 
0 57 0 0 0 0 
0 57 0 0 0 0 
0 57 0 0 0 0 
0 0 0 0 0 49 
0 0 0 0 0 49 
0 0 0 0 0 49 
0 0 0 0 0 49 
0 0 0 0 0 49 
0 0 0 0 0 49 
0 0 0 0 0 49 
0 0 0 0 0 49 
0 0 0 0 0 49 
0 0 0 0 0 49 
0 0 35 0 0 0 
0 0 35 0 0 0 
0 0 35 0 0 0 
0 0 35 0 0 0 
0 0 35 0 0 0 
0 0 35 0 0 0 
0 0 35 0 0 0 
0 0 35 0 0 0 
0 0 35 0 0 0 
0 0 35 0 0 0 
0 27 0 0 0 0 
0 27 0 0 0 0 
0 27 0 0 0 0 
0 27 0 0 0 0 
0 27 0 0 0 0 
0 27 0 0 0 0 
0 27 0 0 0 0 
0 27 0 0 0 0 
0 27 0 0 0 0 
0 27 0 0 0 0 
0 0 50 0 0 0 
0 0 50 0 0 0 
0 0 50 0 0 0 
0 0 50 0 0 0 
0 0 50 0 0 0 
0 0 50 0 0 0 
0 0 50 0 0 0 
0 0 50 0 0 0 
0 0 50 0 0 0 
0 0 50 0 0 0 
0 59 0 0 0 24 
0 59 0 0 0 24 
0 59 0 0 0 24 
0 59 0 0 0 24 
0 59 0 0 0 24 
0 59 0 0 0 24 
0 59 0 0 0 24 
0 59 0 0 0 24 
0 59 0 0 0 24 
0 59 0 0 0 24 
0 0 0 0 38 0 
0 0 0 0 38 0 
0 0 0 0 38 0 
0 0 0 0 38 0 
0 0 0 0 38 0 
0 0 0 0 38 0 
0 0 0 0 38 0 
0 0 0 0 38 0 
0 0 0 0 38 0 
0 0 0 0 38 0 
21 0 0 0 0 0 
21 0 0 0 0 0 
21 0 0 0 0 0 
21 0 0 0 0 0 
21 0 0 0 0 0 
21 0 0 0 0 0 
21 0 0 0 0 0 
21 0 0 0 0 0 
21 0 0 0 0 0 
21 0 0 0 0 0 
0 0 47 0 0 0 
0 0 47 0 0 0 
0 0 47 0 0 0 
0 0 47 0 0 0 
0 0 47 0 0 0 
0 0 47 0 0 0 
0 0 47 0 0 0 
0 0 47 0 0 0 
0 0 47 0 0 0 
0 0 47 0 0 0 
0 0 41 0 0 0 
0 0 41 0 0 0 
0 0 41 0 0 0 
0 0 41 0 0 0 
0 0 41 0 0 0 
0 0 41 0 0 0 
0 0 41 0 0 0 
0 0 41 0 0 0 
0 0 41 0 0 0 
0 0 41 0 0 0 
0 58 0 0 0 15 
0 58 0 0 0 15 
0 58 0 0 0 15 
0 58 0 0 0 15 
0 58 0 0 0 15 
0 58 0 0 0 15 
0 58 0 0 0 15 
0 58 0 0 0 15 
0 58 0 0 0 15 
0 58 0 0 0 15 
0 0 20 0 0 58 
0 0 20 0 0 58 
0 0 20 0 0 58 
0 0 20 0 0 58 
0 0 20 0 0 58 
0 0 20 0 0 58 
0 0 20 0 0 58 
0 0 20 0 0 58 
0 0 20 0 0 58 
0 0 20 0 0 58 
0 0 34 0 0 0 
0 0 34 0 0 0 
0 0 34 0 0 0 
0 0 34 0 0 0 
0 0 34 0 0 0 
0 0 34 0 0 0 
0 0 34 0 0 0 
0 0 34 0 0 0 
0 0 34 0 0 0 
0 0 34 0 0 0 
0 0 32 0 0 0 
0 0 32 0 0 0 
0 0 32 0 0 0 
0 0 32 0 0 0 
0 0 32 0 0 0 
0 0 32 0 0 0 
0 0 32 0 0 0 
0 0 32 0 0 0 
0 0 32 0 0 0 
0 0 32 0 0 0 
0 0 16 0 0 0 
0 0 16 0 0 0 
0 0 16 0 0 0 
0 0 16 0 0 0 
0 0 16 0 0 0 
0 0 16 0 0 0 
0 0 16 0 0 0 
0 0 16 0 0 0 
0 0 16 0 0 0 
0 0 16 0 0 0 
0 0 43 0 0 0 
0 0 43 0 0 0 
0 0 43 0 0 0 
0 0 43 0 0 0 
0 0 43 0 0 0 
0 0 43 0 0 0 
0 0 43 0 0 0 
0 0 43 0 0 0 
0 0 43 0 0 0 
0 0 43 0 0 0 
0 55 0 0 0 15 
0 55 0 0 0 15 
0 55 0 0 0 15 
0 55 0 0 0 15 
0 55 0 0 0 15 
0 55 0 0 0 15 
0 55 0 0 0 15 
0 55 0 0 0 15 
0 55 0 0 0 15 
0 55 0 0 0 15 
52 0 0 0 0 0 
52 0 0 0 0 0 
52 0 0 0 0 0 
52 0 0 0 0 0 
52 0 0 0 0 0 
52 0 0 0 0 0 
52 0 0 0 0 0 
52 0 0 0 0 0 
52 0 0 0 0 0 
52 0 0 0 0 0 
0 0 0 0 0 58 
0 0 0 0 0 58 
0 0 0 0 0 58 
0 0 0 0 0 58 
0 0 0 0 0 58 
0 0 0 0 0 58 
0 0 0 0 0 58 
0 0 0 0 0 58 
0 0 0 0 0 58 
0 0 0 0 0 58 
58 0 0 23 0 0 
58 0 0 23 0 0 
58 0 0 23 0 0 
58 0 0 23 0 0 
58 0 0 23 0 0 
58 0 0 23 0 0 
58 0 0 23 0 0 
58 0 0 23 0 0 
58 0 0 23 0 0 
58 0 0 23 0 0 
0 0 26 0 26 0 
0 0 26 0 26 0 
0 0 26 0 26 0 
0 0 26 0 26 0 
0 0 26 0 26 0 
0 0 26 0 26 0 
0 0 26 0 26 0 
0 0 26 0 26 0 
0 0 26 0 26 0 
0 0 26 0 26 0 
44 0 0 0 0 0 
44 0 0 0 0 0 
44 0 0 0 0 0 
44 0 0 0 0 0 
44 0 0 0 0 0 
44 0 0 0 0 0 
44 0 0 0 0 0 
44 0 0 0 0 0 
44 0 0 0 0 0 
44 0 0 0 0 0 
0 0 55 0 0 48 
0 0 55 0 0 48 
0 0 55 0 0 48 
0 0 55 0 0 48 
0 0 55 0 0 48 
0 0 55 0 0 48 
0 0 55 0 0 48 
0 0 55 0 0 48 
0 0 55 0 0 48 
0 0 55 0 0 48 
0 54 0 0 0 0 
0 54 0 0 0 0 
0 54 0 0 0 0 
0 54 0 0 0 0 
0 54 0 0 0 0 
0 54 0 0 0 0 
0 54 0 0 0 0 
0 54 0 0 0 0 
0 54 0 0 0 0 
0 54 0 0 0 0 
0 0 32 0 18 0 
0 0 32 0 18 0 
0 0 32 0 18 0 
0 0 32 0 18 0 
0 0 32 0 18 0 
0 0 32 0 18 0 
0 0 32 0 18 0 
0 0 32 0 18 0 
0 0 32 0 18 0 
0 0 32 0 18 0 
0 0 0 0 0 36 
0 0 0 0 0 36 
0 0 0 0 0 36 
0 0 0 0 0 36 
0 0 0 0 0 36 
0 0 0 0 0 36 
0 0 0 0 0 36 
0 0 0 0 0 36 
0 0 0 0 0 36 
0 0 0 0 0 36 
15 0 0 26 0 0 
15 0 0 26 0 0 
15 0 0 26 0 0 
15 0 0 26 0 0 
15 0 0 26 0 0 
15 0 0 26 0 0 
15 0 0 26 0 0 
15 0 0 26 0 0 
15 0 0 26 0 0 
15 0 0 26 0 0 
22 0 0 0 0 0 
22 0 0 0 0 0 
22 0 0 0 0 0 
22 0 0 0 0 0 
22 0 0 0 0 0 
22 0 0 0 0 0 
22 0 0 0 0 0 
22 0 0 0 0 0 
22 0 0 0 0 0 
22 0 0 0 0 0 
0 0 0 31 0 0 
0 0 0 31 0 0 
0 0 0 31 0 0 
0 0 0 31 0 0 
0 0 0 31 0 0 
0 0 0 31 0 0 
0 0 0 31 0 0 
0 0 0 31 0 0 
0 0 0 31 0 0 
0 0 0 31 0 0 
0 38 0 0 18 0 
0 38 0 0 18 0 
0 38 0 0 18 0 
0 38 0 0 18 0 
0 38 0 0 18 0 
0 38 0 0 18 0 
0 38 0 0 18 0 
0 38 0 0 18 0 
0 38 0 0 18 0 
0 38 0 0 18 0 
36 0 0 0 0 0 
36 0 0 0 0 0 
36 0 0 0 0 0 
36 0 0 0 0 0 
36 0 0 0 0 0 
36 0 0 0 0 0 
36 0 0 0 0 0 
36 0 0 0 0 0 
36 0 0 0 0 0 
36 0 0 0 0 0 
33 0 0 0 0 0 
33 0 0 0 0 0 
33 0 0 0 0 0 
33 0 0 0 0 0 
33 0 0 0 0 0 
33 0 0 0 0 0 
33 0 0 0 0 0 
33 0 0 0 0 0 
33 0 0 0 0 0 
33 0 0 0 0 0 
0 0 0 54 0 0 
0 0 0 54 0 0 
0 0 0 54 0 0 
0 0 0 54 0 0 
0 0 0 54 0 0 
0 0 0 54 0 0 
0 0 0 54 0 0 
0 0 0 54 0 0 
0 0 0 54 0 0 
0 0 0 54 0 0 
16 0 0 0 35 0 
16 0 0 0 35 0 
16 0 0 0 35 0 
16 0 0 0 35 0 
16 0 0 0 35 0 
16 0 0 0 35 0 
16 0 0 0 35 0 
16 0 0 0 35 0 
16 0 0 0 35 0 
16 0 0 0 35 0 
0 0 0 0 0 49 
0 0 0 0 0 49 
0 0 0 0 0 49 
0 0 0 0 0 49 
0 0 0 0 0 49 
0 0 0 0 0 49 
0 0 0 0 0 49 
0 0 0 0 0 49 
0 0 0 0 0 49 
0 0 0 0 0 49 
0 0 0 0 0 50 
0 0 0 0 0 50 
0 0 0 0 0 50 
0 0 0 0 0 50 
0 0 0 0 0 50 
0 0 0 0 0 50 
0 0 0 0 0 50 
0 0 0 0 0 50 
0 0 0 0 0 50 
0 0 0 0 0 50 
0 0 40 0 0 0 
0 0 40 0 0 0 
0 0 40 0 0 0 
0 0 40 0 0 0 
0 0 40 0 0 0 
0 0 40 0 0 0 
0 0 40 0 0 0 
0 0 40 0 0 0 
0 0 40 0 0 0 
0 0 40 0 0 0 
0.0 0.0 0.0 0.0 0.0 0.0 
0.0 0.0 0.0 0.0 0.0 0.0 
0.0 0.0 0.0 0.0 0.0 0.0 
0.0 0.0 0.0 0.0 0.0 0.0 
0.0 0.0 0.0 0.0 0.0 0.0 
0.0 0.0 0.0 0.0 0.0 0.0 
0.0 0.0 0.0 0.0 0.0 0.0 
0.0 0.0 0.0 0.0 0.0 0.0 
0.0 0.0 0.0 0.0 0.0 0.0 
0.0 0.0 0.0 0.0 0.0 0.0 
mind
0 19 0 0 0 0 0 16 0 0 19 0 0 0 0 0 0 0 0 22 0 0 0 0 25 0 0 0 0 0 0 0 0 13 0 0 0 0 11 0 15 0 0 0 0 0 0 0 0 0 0 0
maxd
0 22 0 0 0 0 0 22 0 0 24 0 0 0 0 0 0 0 0 26 0 0 0 0 29 0 0 0 0 0 0 0 0 18 0 0 0 0 12 0 23 0 0 0 0 0 0 0 0 0 0 0
e
0 619 794 798 658 960 947 520 870 747 530 588 619 766 656 788 929 560 748 821 521 630 843 533 589 887 756 929 508 620 497 895 504 640 663 701 694 611 649 504 567 498 724 560 531 819 832 494 689 698 784 0
l
99999 739 914 918 778 1080 1067 640 990 867 650 708 739 886 776 908 1049 680 868 941 641 750 963 653 709 1007 876 1049 628 740 617 1015 624 760 783 821 814 731 769 624 687 618 844 680 651 939 952 614 809 818 904 99999
