nbNodes
52
nbVehi
10
nbServi
6
r
1 1 1 1 1 1 
0 0 1 0 0 0 
0 1 0 0 0 0 
0 0 0 0 1 0 
0 0 1 0 0 1 
0 0 0 1 0 0 
0 0 0 0 0 1 
0 0 0 1 0 0 
0 0 1 0 1 0 
1 0 0 0 0 1 
0 0 0 0 0 1 
0 0 0 1 0 0 
0 1 0 0 1 0 
0 0 1 0 0 0 
0 0 0 0 1 0 
0 0 0 0 1 0 
0 0 1 0 0 0 
0 0 0 0 1 0 
1 0 0 1 0 0 
0 0 0 0 1 0 
0 1 0 0 0 0 
0 0 0 0 1 0 
0 0 1 0 1 0 
1 0 0 0 0 0 
0 0 1 0 0 1 
0 0 0 0 1 0 
0 0 1 0 0 0 
0 0 1 0 0 0 
0 0 1 0 0 1 
0 0 0 0 1 0 
0 0 1 0 1 0 
0 0 1 0 1 0 
1 0 0 0 0 0 
0 0 1 0 0 0 
0 0 1 0 1 0 
1 0 0 0 1 0 
0 0 0 0 0 1 
0 0 0 1 0 0 
0 0 0 0 1 0 
0 1 0 0 0 0 
0 0 1 0 1 0 
0 1 0 0 1 0 
1 0 0 0 0 0 
1 0 0 0 0 0 
0 1 0 0 0 1 
0 0 0 0 0 1 
0 0 1 0 0 1 
1 0 0 0 0 0 
0 0 0 0 1 0 
0 0 1 0 0 0 
0 0 0 0 0 1 
1 1 1 1 1 1 
DS
5 9 10 13 19 23 25 29 31 32 35 36 41 42 45 47 
a
0 0 1 0 0 0 
1 1 1 0 0 0 
0 1 1 0 0 0 
1 0 1 0 0 0 
1 0 1 0 0 0 
0 0 0 0 1 1 
0 0 0 0 1 0 
0 0 0 1 0 0 
0 0 0 1 1 1 
0 0 0 0 1 1 
x
-30.0678 -30.0648 -29.9994 -30.0612 -30.0125 -30.0143 -29.9892 -30.017 -30.0141 -30.0533 -30.151 -30.1457 -30.0109 -30.0116 -30.0108 -30.066 -30.1548 -30.143 -30.145 -29.9807 -29.9927 -30.0003 -29.982 -30.0633 -30.0674 -30.0647 -29.9918 -30.0678 -29.9933 -30.007 -30.1451 -30.0151 -30.0638 -30.0084 -30.0074 -30.0004 -30.1314 -29.9912 -30.1361 -30.1526 -30.025 -30.0171 -29.9924 -30.0083 -30.1474 -30.0258 -30.0182 -29.9875 -30.0158 -30.1473 -30.0402 -30.0678
y
-51.1638 -51.1983 -51.126 -51.2007 -51.1919 -51.1447 -51.1214 -51.2072 -51.1274 -51.1908 -51.2109 -51.2194 -51.1922 -51.1406 -51.2091 -51.2033 -51.2198 -51.2073 -51.2077 -51.1366 -51.1084 -51.1254 -51.1209 -51.2012 -51.2038 -51.1981 -51.1201 -51.1638 -51.121 -51.2059 -51.211 -51.1437 -51.2178 -51.1147 -51.2047 -51.1372 -51.2011 -51.1204 -51.2143 -51.2028 -51.1999 -51.2088 -51.1132 -51.1144 -51.1997 -51.1272 -51.1119 -51.1333 -51.1258 -51.2079 -51.2143 -51.1638
d
0.00000 10.00000 19.00000 11.00000 16.00000 16.00000 21.00000 16.00000 18.00000 8.00000 26.00000 24.00000 16.00000 16.00000 18.00000 11.00000 25.00000 26.00000 25.00000 24.00000 20.00000 20.00000 27.00000 11.00000 11.00000 10.00000 21.00000 0.00000 21.00000 18.00000 25.00000 16.00000 14.00000 17.00000 18.00000 18.00000 24.00000 21.00000 24.00000 26.00000 14.00000 18.00000 19.00000 17.00000 28.00000 16.00000 16.00000 22.00000 17.00000 25.00000 12.00000 0.00000
9.00000 0.00000 23.00000 2.00000 13.00000 19.00000 24.00000 12.00000 22.00000 6.00000 20.00000 18.00000 12.00000 20.00000 14.00000 2.00000 19.00000 20.00000 18.00000 26.00000 24.00000 23.00000 30.00000 2.00000 3.00000 1.00000 24.00000 9.00000 24.00000 14.00000 19.00000 19.00000 7.00000 22.00000 14.00000 21.00000 18.00000 25.00000 17.00000 20.00000 9.00000 13.00000 24.00000 22.00000 22.00000 21.00000 21.00000 25.00000 22.00000 19.00000 7.00000 9.00000
21.00000 23.00000 0.00000 23.00000 14.00000 9.00000 4.00000 15.00000 4.00000 20.00000 40.00000 37.00000 14.00000 7.00000 16.00000 23.00000 39.00000 39.00000 38.00000 7.00000 5.00000 1.00000 10.00000 23.00000 23.00000 23.00000 3.00000 21.00000 3.00000 14.00000 38.00000 8.00000 23.00000 5.00000 14.00000 4.00000 37.00000 4.00000 37.00000 40.00000 14.00000 16.00000 4.00000 6.00000 41.00000 9.00000 7.00000 5.00000 5.00000 38.00000 20.00000 21.00000
9.00000 2.00000 23.00000 0.00000 13.00000 19.00000 24.00000 12.00000 22.00000 6.00000 21.00000 18.00000 12.00000 20.00000 14.00000 2.00000 20.00000 20.00000 19.00000 27.00000 25.00000 23.00000 30.00000 1.00000 3.00000 2.00000 25.00000 9.00000 25.00000 14.00000 20.00000 19.00000 7.00000 22.00000 14.00000 21.00000 19.00000 25.00000 18.00000 21.00000 9.00000 14.00000 24.00000 22.00000 22.00000 21.00000 21.00000 25.00000 22.00000 19.00000 7.00000 9.00000
14.00000 13.00000 13.00000 13.00000 0.00000 11.00000 15.00000 5.00000 13.00000 11.00000 31.00000 28.00000 2.00000 11.00000 7.00000 13.00000 30.00000 30.00000 29.00000 17.00000 17.00000 14.00000 21.00000 14.00000 13.00000 13.00000 15.00000 14.00000 15.00000 6.00000 29.00000 11.00000 13.00000 17.00000 6.00000 12.00000 28.00000 16.00000 28.00000 31.00000 5.00000 6.00000 16.00000 17.00000 32.00000 17.00000 16.00000 15.00000 13.00000 29.00000 10.00000 14.00000
16.00000 19.00000 6.00000 19.00000 13.00000 0.00000 8.00000 14.00000 5.00000 16.00000 35.00000 33.00000 12.00000 2.00000 15.00000 20.00000 34.00000 35.00000 34.00000 10.00000 10.00000 7.00000 14.00000 20.00000 20.00000 19.00000 8.00000 16.00000 8.00000 13.00000 34.00000 1.00000 21.00000 9.00000 13.00000 5.00000 33.00000 9.00000 33.00000 35.00000 13.00000 15.00000 9.00000 9.00000 37.00000 9.00000 8.00000 9.00000 6.00000 34.00000 18.00000 16.00000
22.00000 24.00000 5.00000 24.00000 15.00000 10.00000 0.00000 16.00000 8.00000 21.00000 41.00000 38.00000 15.00000 8.00000 17.00000 24.00000 40.00000 40.00000 39.00000 6.00000 4.00000 5.00000 9.00000 24.00000 24.00000 24.00000 3.00000 22.00000 4.00000 16.00000 39.00000 9.00000 24.00000 8.00000 15.00000 5.00000 38.00000 2.00000 38.00000 41.00000 15.00000 17.00000 4.00000 8.00000 42.00000 12.00000 10.00000 5.00000 8.00000 39.00000 21.00000 22.00000
16.00000 12.00000 15.00000 12.00000 5.00000 12.00000 16.00000 0.00000 14.00000 10.00000 29.00000 26.00000 4.00000 12.00000 4.00000 12.00000 28.00000 29.00000 27.00000 18.00000 18.00000 15.00000 22.00000 12.00000 12.00000 12.00000 17.00000 16.00000 17.00000 4.00000 28.00000 13.00000 12.00000 18.00000 4.00000 13.00000 27.00000 17.00000 26.00000 29.00000 3.00000 3.00000 17.00000 18.00000 31.00000 19.00000 17.00000 16.00000 15.00000 28.00000 7.00000 16.00000
18.00000 22.00000 4.00000 22.00000 14.00000 8.00000 7.00000 15.00000 0.00000 19.00000 38.00000 36.00000 13.00000 6.00000 16.00000 23.00000 37.00000 38.00000 37.00000 10.00000 8.00000 5.00000 13.00000 23.00000 22.00000 22.00000 7.00000 18.00000 7.00000 14.00000 37.00000 7.00000 23.00000 6.00000 14.00000 5.00000 36.00000 7.00000 36.00000 38.00000 14.00000 16.00000 7.00000 6.00000 40.00000 5.00000 5.00000 8.00000 2.00000 37.00000 19.00000 18.00000
8.00000 5.00000 19.00000 6.00000 10.00000 15.00000 20.00000 9.00000 18.00000 0.00000 23.00000 21.00000 10.00000 16.00000 11.00000 6.00000 22.00000 23.00000 22.00000 23.00000 21.00000 20.00000 27.00000 6.00000 7.00000 5.00000 21.00000 8.00000 21.00000 12.00000 22.00000 15.00000 9.00000 18.00000 11.00000 18.00000 21.00000 21.00000 20.00000 23.00000 7.00000 11.00000 20.00000 18.00000 25.00000 17.00000 17.00000 21.00000 18.00000 22.00000 6.00000 8.00000
26.00000 21.00000 39.00000 22.00000 31.00000 35.00000 40.00000 30.00000 38.00000 24.00000 0.00000 5.00000 30.00000 36.00000 32.00000 20.00000 4.00000 5.00000 4.00000 43.00000 40.00000 39.00000 46.00000 21.00000 20.00000 21.00000 41.00000 26.00000 41.00000 32.00000 4.00000 35.00000 21.00000 38.00000 32.00000 37.00000 9.00000 41.00000 8.00000 5.00000 27.00000 31.00000 40.00000 38.00000 7.00000 37.00000 37.00000 41.00000 38.00000 4.00000 25.00000 26.00000
23.00000 19.00000 36.00000 20.00000 29.00000 33.00000 38.00000 28.00000 36.00000 22.00000 5.00000 0.00000 28.00000 33.00000 30.00000 18.00000 4.00000 5.00000 4.00000 40.00000 38.00000 37.00000 44.00000 19.00000 18.00000 19.00000 38.00000 23.00000 38.00000 30.00000 4.00000 33.00000 19.00000 36.00000 30.00000 35.00000 8.00000 39.00000 5.00000 5.00000 25.00000 29.00000 38.00000 36.00000 7.00000 34.00000 35.00000 39.00000 36.00000 4.00000 22.00000 23.00000
15.00000 13.00000 12.00000 13.00000 3.00000 10.00000 14.00000 4.00000 12.00000 11.00000 31.00000 28.00000 0.00000 10.00000 6.00000 13.00000 30.00000 30.00000 29.00000 16.00000 16.00000 13.00000 20.00000 14.00000 13.00000 13.00000 14.00000 15.00000 14.00000 5.00000 30.00000 10.00000 13.00000 16.00000 5.00000 11.00000 29.00000 15.00000 28.00000 31.00000 5.00000 6.00000 15.00000 16.00000 32.00000 16.00000 14.00000 14.00000 12.00000 29.00000 10.00000 15.00000
17.00000 20.00000 6.00000 20.00000 12.00000 3.00000 7.00000 13.00000 4.00000 17.00000 37.00000 34.00000 11.00000 0.00000 14.00000 20.00000 36.00000 36.00000 35.00000 10.00000 9.00000 6.00000 13.00000 21.00000 20.00000 20.00000 8.00000 17.00000 8.00000 12.00000 36.00000 2.00000 20.00000 8.00000 12.00000 4.00000 35.00000 8.00000 34.00000 37.00000 12.00000 14.00000 8.00000 8.00000 38.00000 8.00000 6.00000 8.00000 4.00000 35.00000 17.00000 17.00000
18.00000 14.00000 16.00000 14.00000 5.00000 13.00000 17.00000 4.00000 15.00000 12.00000 31.00000 28.00000 5.00000 13.00000 0.00000 14.00000 30.00000 30.00000 29.00000 19.00000 18.00000 16.00000 23.00000 14.00000 14.00000 14.00000 17.00000 18.00000 18.00000 3.00000 30.00000 13.00000 14.00000 19.00000 3.00000 14.00000 29.00000 18.00000 28.00000 31.00000 5.00000 3.00000 18.00000 19.00000 33.00000 19.00000 18.00000 17.00000 16.00000 30.00000 10.00000 18.00000
10.00000 2.00000 22.00000 2.00000 12.00000 19.00000 24.00000 11.00000 22.00000 7.00000 19.00000 17.00000 12.00000 19.00000 13.00000 0.00000 18.00000 19.00000 18.00000 26.00000 25.00000 23.00000 30.00000 2.00000 1.00000 2.00000 24.00000 10.00000 24.00000 14.00000 18.00000 20.00000 5.00000 23.00000 13.00000 21.00000 17.00000 25.00000 17.00000 19.00000 9.00000 13.00000 25.00000 23.00000 21.00000 22.00000 22.00000 25.00000 22.00000 18.00000 6.00000 10.00000
24.00000 20.00000 38.00000 21.00000 30.00000 34.00000 39.00000 29.00000 37.00000 23.00000 4.00000 4.00000 29.00000 34.00000 31.00000 19.00000 0.00000 5.00000 4.00000 41.00000 39.00000 38.00000 45.00000 20.00000 19.00000 20.00000 39.00000 24.00000 39.00000 31.00000 4.00000 34.00000 20.00000 37.00000 31.00000 36.00000 9.00000 40.00000 6.00000 6.00000 26.00000 30.00000 39.00000 37.00000 7.00000 35.00000 36.00000 40.00000 37.00000 4.00000 23.00000 24.00000
25.00000 21.00000 38.00000 21.00000 30.00000 34.00000 39.00000 29.00000 37.00000 23.00000 5.00000 5.00000 29.00000 35.00000 31.00000 20.00000 5.00000 0.00000 2.00000 42.00000 39.00000 38.00000 45.00000 21.00000 19.00000 21.00000 40.00000 25.00000 40.00000 31.00000 3.00000 34.00000 20.00000 37.00000 31.00000 36.00000 8.00000 40.00000 7.00000 5.00000 26.00000 31.00000 39.00000 37.00000 6.00000 36.00000 36.00000 40.00000 37.00000 3.00000 24.00000 25.00000
24.00000 20.00000 37.00000 20.00000 29.00000 33.00000 38.00000 28.00000 36.00000 23.00000 4.00000 4.00000 29.00000 34.00000 30.00000 19.00000 4.00000 2.00000 0.00000 41.00000 39.00000 38.00000 44.00000 20.00000 18.00000 20.00000 39.00000 24.00000 39.00000 31.00000 3.00000 33.00000 19.00000 36.00000 30.00000 36.00000 7.00000 39.00000 6.00000 4.00000 26.00000 30.00000 38.00000 36.00000 6.00000 35.00000 35.00000 39.00000 36.00000 2.00000 23.00000 24.00000
25.00000 26.00000 7.00000 26.00000 17.00000 12.00000 6.00000 18.00000 10.00000 23.00000 43.00000 40.00000 17.00000 10.00000 19.00000 26.00000 42.00000 42.00000 41.00000 0.00000 9.00000 7.00000 8.00000 27.00000 26.00000 26.00000 8.00000 25.00000 8.00000 17.00000 42.00000 11.00000 26.00000 11.00000 17.00000 7.00000 41.00000 8.00000 40.00000 43.00000 18.00000 19.00000 8.00000 11.00000 45.00000 14.00000 13.00000 3.00000 11.00000 42.00000 23.00000 25.00000
22.00000 26.00000 6.00000 26.00000 18.00000 12.00000 6.00000 19.00000 9.00000 22.00000 42.00000 39.00000 17.00000 11.00000 20.00000 27.00000 41.00000 41.00000 40.00000 10.00000 0.00000 6.00000 11.00000 27.00000 26.00000 26.00000 4.00000 22.00000 5.00000 18.00000 41.00000 12.00000 27.00000 6.00000 18.00000 8.00000 40.00000 5.00000 39.00000 42.00000 18.00000 20.00000 3.00000 6.00000 44.00000 11.00000 8.00000 8.00000 9.00000 40.00000 23.00000 22.00000
20.00000 23.00000 2.00000 22.00000 14.00000 9.00000 5.00000 15.00000 4.00000 20.00000 40.00000 37.00000 14.00000 7.00000 16.00000 23.00000 39.00000 39.00000 38.00000 8.00000 6.00000 0.00000 11.00000 23.00000 23.00000 23.00000 4.00000 20.00000 4.00000 14.00000 38.00000 8.00000 23.00000 5.00000 14.00000 4.00000 37.00000 5.00000 37.00000 40.00000 14.00000 16.00000 5.00000 5.00000 41.00000 8.00000 7.00000 6.00000 5.00000 38.00000 20.00000 20.00000
28.00000 29.00000 10.00000 29.00000 21.00000 15.00000 9.00000 22.00000 13.00000 27.00000 46.00000 44.00000 20.00000 14.00000 23.00000 29.00000 45.00000 46.00000 45.00000 8.00000 12.00000 10.00000 0.00000 30.00000 29.00000 29.00000 10.00000 28.00000 11.00000 21.00000 45.00000 14.00000 29.00000 14.00000 21.00000 11.00000 44.00000 11.00000 44.00000 46.00000 21.00000 23.00000 11.00000 14.00000 48.00000 17.00000 16.00000 8.00000 14.00000 45.00000 26.00000 28.00000
10.00000 2.00000 23.00000 1.00000 13.00000 20.00000 25.00000 12.00000 23.00000 7.00000 21.00000 18.00000 13.00000 20.00000 14.00000 2.00000 20.00000 20.00000 19.00000 27.00000 25.00000 24.00000 31.00000 0.00000 2.00000 2.00000 25.00000 10.00000 25.00000 15.00000 19.00000 20.00000 6.00000 23.00000 14.00000 22.00000 18.00000 26.00000 18.00000 21.00000 10.00000 14.00000 25.00000 23.00000 22.00000 22.00000 22.00000 26.00000 23.00000 19.00000 7.00000 10.00000
10.00000 3.00000 23.00000 3.00000 12.00000 20.00000 24.00000 11.00000 22.00000 8.00000 19.00000 16.00000 12.00000 20.00000 14.00000 1.00000 18.00000 18.00000 17.00000 26.00000 25.00000 23.00000 30.00000 2.00000 0.00000 3.00000 24.00000 10.00000 24.00000 14.00000 18.00000 20.00000 5.00000 23.00000 13.00000 21.00000 17.00000 25.00000 16.00000 19.00000 9.00000 13.00000 25.00000 23.00000 21.00000 21.00000 22.00000 25.00000 22.00000 18.00000 6.00000 10.00000
9.00000 1.00000 23.00000 2.00000 13.00000 19.00000 24.00000 12.00000 22.00000 6.00000 20.00000 18.00000 12.00000 20.00000 14.00000 2.00000 19.00000 20.00000 19.00000 27.00000 24.00000 23.00000 30.00000 2.00000 3.00000 0.00000 24.00000 9.00000 24.00000 14.00000 19.00000 19.00000 7.00000 22.00000 14.00000 21.00000 18.00000 25.00000 17.00000 20.00000 9.00000 13.00000 24.00000 22.00000 22.00000 21.00000 21.00000 25.00000 22.00000 19.00000 7.00000 9.00000
22.00000 24.00000 4.00000 24.00000 15.00000 10.00000 3.00000 17.00000 7.00000 21.00000 41.00000 38.00000 15.00000 9.00000 17.00000 24.00000 40.00000 41.00000 39.00000 8.00000 3.00000 4.00000 10.00000 25.00000 24.00000 24.00000 0.00000 22.00000 2.00000 16.00000 40.00000 9.00000 24.00000 6.00000 16.00000 6.00000 39.00000 2.00000 38.00000 41.00000 16.00000 18.00000 2.00000 6.00000 43.00000 11.00000 8.00000 6.00000 7.00000 40.00000 21.00000 22.00000
0.00000 10.00000 19.00000 11.00000 16.00000 16.00000 21.00000 16.00000 18.00000 8.00000 26.00000 24.00000 16.00000 16.00000 18.00000 11.00000 25.00000 26.00000 25.00000 24.00000 20.00000 20.00000 27.00000 11.00000 11.00000 10.00000 21.00000 0.00000 21.00000 18.00000 25.00000 16.00000 14.00000 17.00000 18.00000 18.00000 24.00000 21.00000 24.00000 26.00000 14.00000 18.00000 19.00000 17.00000 28.00000 16.00000 16.00000 22.00000 17.00000 25.00000 12.00000 0.00000
23.00000 24.00000 4.00000 24.00000 15.00000 10.00000 4.00000 16.00000 7.00000 21.00000 41.00000 38.00000 15.00000 9.00000 17.00000 24.00000 40.00000 40.00000 39.00000 8.00000 5.00000 4.00000 11.00000 25.00000 24.00000 24.00000 2.00000 23.00000 0.00000 16.00000 40.00000 9.00000 24.00000 7.00000 16.00000 6.00000 39.00000 2.00000 38.00000 41.00000 16.00000 18.00000 4.00000 7.00000 43.00000 11.00000 9.00000 6.00000 7.00000 40.00000 21.00000 23.00000
17.00000 14.00000 14.00000 14.00000 5.00000 12.00000 15.00000 4.00000 14.00000 12.00000 32.00000 29.00000 4.00000 12.00000 3.00000 14.00000 31.00000 31.00000 30.00000 17.00000 17.00000 15.00000 22.00000 15.00000 14.00000 14.00000 16.00000 17.00000 16.00000 0.00000 30.00000 12.00000 14.00000 17.00000 2.00000 13.00000 30.00000 17.00000 29.00000 32.00000 6.00000 4.00000 17.00000 18.00000 33.00000 18.00000 17.00000 16.00000 14.00000 30.00000 10.00000 17.00000
23.00000 19.00000 36.00000 19.00000 28.00000 32.00000 37.00000 27.00000 35.00000 22.00000 5.00000 3.00000 28.00000 33.00000 29.00000 18.00000 4.00000 5.00000 4.00000 40.00000 38.00000 37.00000 43.00000 19.00000 17.00000 19.00000 38.00000 23.00000 38.00000 30.00000 0.00000 32.00000 18.00000 35.00000 29.00000 35.00000 6.00000 38.00000 5.00000 5.00000 25.00000 29.00000 37.00000 35.00000 7.00000 34.00000 34.00000 38.00000 35.00000 4.00000 22.00000 23.00000
16.00000 19.00000 7.00000 19.00000 13.00000 2.00000 8.00000 14.00000 5.00000 16.00000 35.00000 33.00000 12.00000 2.00000 15.00000 20.00000 34.00000 35.00000 34.00000 11.00000 10.00000 7.00000 14.00000 20.00000 20.00000 19.00000 9.00000 16.00000 9.00000 13.00000 34.00000 0.00000 21.00000 9.00000 13.00000 5.00000 33.00000 9.00000 33.00000 35.00000 13.00000 15.00000 9.00000 9.00000 37.00000 8.00000 8.00000 9.00000 6.00000 34.00000 18.00000 16.00000
13.00000 7.00000 23.00000 7.00000 13.00000 20.00000 25.00000 12.00000 23.00000 10.00000 21.00000 18.00000 13.00000 20.00000 14.00000 5.00000 20.00000 20.00000 19.00000 27.00000 27.00000 24.00000 31.00000 6.00000 5.00000 7.00000 25.00000 13.00000 25.00000 14.00000 20.00000 21.00000 0.00000 25.00000 14.00000 22.00000 19.00000 26.00000 18.00000 21.00000 10.00000 14.00000 26.00000 25.00000 22.00000 24.00000 24.00000 25.00000 23.00000 19.00000 7.00000 13.00000
19.00000 22.00000 6.00000 23.00000 17.00000 11.00000 8.00000 18.00000 6.00000 19.00000 38.00000 36.00000 16.00000 9.00000 19.00000 23.00000 37.00000 38.00000 37.00000 11.00000 5.00000 6.00000 15.00000 23.00000 23.00000 22.00000 6.00000 19.00000 7.00000 17.00000 37.00000 10.00000 25.00000 0.00000 17.00000 8.00000 36.00000 7.00000 36.00000 39.00000 17.00000 19.00000 5.00000 1.00000 40.00000 7.00000 5.00000 9.00000 6.00000 37.00000 22.00000 19.00000
18.00000 14.00000 14.00000 14.00000 5.00000 12.00000 16.00000 4.00000 14.00000 12.00000 31.00000 29.00000 5.00000 12.00000 3.00000 14.00000 30.00000 31.00000 30.00000 18.00000 17.00000 15.00000 22.00000 14.00000 14.00000 14.00000 16.00000 18.00000 16.00000 1.00000 30.00000 12.00000 14.00000 18.00000 0.00000 13.00000 29.00000 17.00000 29.00000 31.00000 5.00000 4.00000 17.00000 18.00000 33.00000 18.00000 17.00000 16.00000 15.00000 30.00000 10.00000 18.00000
19.00000 21.00000 4.00000 21.00000 12.00000 6.00000 5.00000 13.00000 5.00000 18.00000 38.00000 35.00000 12.00000 4.00000 14.00000 21.00000 37.00000 37.00000 36.00000 7.00000 7.00000 4.00000 11.00000 21.00000 21.00000 21.00000 6.00000 19.00000 6.00000 13.00000 37.00000 5.00000 21.00000 7.00000 13.00000 0.00000 36.00000 6.00000 35.00000 38.00000 12.00000 14.00000 6.00000 7.00000 39.00000 9.00000 8.00000 5.00000 6.00000 36.00000 18.00000 19.00000
22.00000 18.00000 35.00000 18.00000 27.00000 31.00000 37.00000 26.00000 34.00000 21.00000 10.00000 8.00000 27.00000 32.00000 29.00000 17.00000 9.00000 9.00000 8.00000 39.00000 37.00000 36.00000 43.00000 18.00000 17.00000 18.00000 37.00000 22.00000 37.00000 29.00000 6.00000 32.00000 18.00000 34.00000 28.00000 34.00000 0.00000 38.00000 10.00000 8.00000 24.00000 28.00000 37.00000 35.00000 9.00000 33.00000 33.00000 37.00000 35.00000 7.00000 21.00000 22.00000
23.00000 24.00000 4.00000 24.00000 16.00000 11.00000 2.00000 17.00000 7.00000 22.00000 42.00000 39.00000 15.00000 9.00000 18.00000 25.00000 41.00000 41.00000 40.00000 8.00000 4.00000 4.00000 10.00000 25.00000 25.00000 25.00000 2.00000 23.00000 2.00000 16.00000 40.00000 10.00000 25.00000 7.00000 16.00000 6.00000 39.00000 0.00000 39.00000 42.00000 16.00000 18.00000 3.00000 7.00000 43.00000 11.00000 9.00000 6.00000 8.00000 40.00000 22.00000 23.00000
22.00000 18.00000 35.00000 18.00000 27.00000 31.00000 36.00000 26.00000 34.00000 21.00000 7.00000 5.00000 27.00000 32.00000 28.00000 17.00000 6.00000 7.00000 6.00000 39.00000 37.00000 36.00000 43.00000 18.00000 17.00000 18.00000 37.00000 22.00000 37.00000 29.00000 6.00000 31.00000 18.00000 34.00000 28.00000 34.00000 8.00000 37.00000 0.00000 7.00000 24.00000 28.00000 36.00000 34.00000 9.00000 33.00000 33.00000 37.00000 34.00000 6.00000 21.00000 22.00000
25.00000 21.00000 38.00000 22.00000 31.00000 35.00000 40.00000 30.00000 38.00000 24.00000 6.00000 6.00000 30.00000 35.00000 32.00000 20.00000 6.00000 5.00000 4.00000 42.00000 40.00000 39.00000 46.00000 21.00000 20.00000 21.00000 40.00000 25.00000 40.00000 32.00000 4.00000 35.00000 21.00000 38.00000 32.00000 37.00000 8.00000 41.00000 7.00000 0.00000 27.00000 31.00000 40.00000 38.00000 3.00000 36.00000 37.00000 41.00000 38.00000 3.00000 24.00000 25.00000
14.00000 10.00000 15.00000 10.00000 4.00000 12.00000 16.00000 3.00000 14.00000 8.00000 27.00000 25.00000 4.00000 12.00000 5.00000 10.00000 26.00000 27.00000 26.00000 19.00000 18.00000 15.00000 22.00000 10.00000 10.00000 10.00000 17.00000 14.00000 17.00000 5.00000 26.00000 12.00000 10.00000 18.00000 5.00000 13.00000 25.00000 17.00000 25.00000 27.00000 0.00000 5.00000 17.00000 18.00000 29.00000 18.00000 17.00000 17.00000 15.00000 26.00000 7.00000 14.00000
16.00000 12.00000 15.00000 12.00000 5.00000 13.00000 16.00000 1.00000 15.00000 10.00000 29.00000 26.00000 4.00000 13.00000 4.00000 12.00000 28.00000 29.00000 27.00000 18.00000 17.00000 16.00000 22.00000 12.00000 12.00000 12.00000 17.00000 16.00000 17.00000 4.00000 28.00000 13.00000 12.00000 18.00000 4.00000 13.00000 27.00000 17.00000 26.00000 29.00000 3.00000 0.00000 17.00000 18.00000 31.00000 19.00000 18.00000 17.00000 15.00000 28.00000 7.00000 16.00000
20.00000 24.00000 5.00000 25.00000 16.00000 11.00000 4.00000 17.00000 8.00000 21.00000 40.00000 38.00000 16.00000 10.00000 18.00000 25.00000 39.00000 40.00000 38.00000 9.00000 2.00000 5.00000 11.00000 25.00000 25.00000 24.00000 3.00000 20.00000 4.00000 17.00000 39.00000 10.00000 25.00000 4.00000 17.00000 7.00000 38.00000 3.00000 37.00000 40.00000 17.00000 19.00000 0.00000 4.00000 42.00000 9.00000 6.00000 7.00000 7.00000 39.00000 22.00000 20.00000
19.00000 22.00000 6.00000 23.00000 17.00000 11.00000 8.00000 18.00000 6.00000 19.00000 39.00000 36.00000 16.00000 9.00000 19.00000 23.00000 38.00000 38.00000 37.00000 11.00000 5.00000 6.00000 15.00000 23.00000 23.00000 22.00000 6.00000 19.00000 7.00000 17.00000 37.00000 10.00000 25.00000 1.00000 17.00000 8.00000 36.00000 7.00000 36.00000 39.00000 17.00000 19.00000 5.00000 0.00000 40.00000 7.00000 5.00000 9.00000 6.00000 37.00000 22.00000 19.00000
25.00000 21.00000 38.00000 21.00000 30.00000 34.00000 39.00000 29.00000 37.00000 24.00000 5.00000 5.00000 30.00000 35.00000 31.00000 20.00000 5.00000 4.00000 3.00000 42.00000 40.00000 39.00000 45.00000 21.00000 19.00000 21.00000 40.00000 25.00000 40.00000 31.00000 3.00000 34.00000 20.00000 37.00000 31.00000 36.00000 8.00000 40.00000 7.00000 3.00000 27.00000 31.00000 39.00000 37.00000 0.00000 36.00000 36.00000 40.00000 37.00000 2.00000 24.00000 25.00000
17.00000 21.00000 8.00000 21.00000 18.00000 10.00000 11.00000 19.00000 5.00000 17.00000 37.00000 34.00000 17.00000 9.00000 20.00000 22.00000 36.00000 36.00000 35.00000 14.00000 9.00000 9.00000 17.00000 22.00000 22.00000 21.00000 11.00000 17.00000 11.00000 18.00000 36.00000 9.00000 24.00000 7.00000 18.00000 9.00000 35.00000 11.00000 34.00000 37.00000 18.00000 20.00000 9.00000 7.00000 38.00000 0.00000 6.00000 12.00000 4.00000 35.00000 21.00000 17.00000
18.00000 21.00000 7.00000 22.00000 17.00000 11.00000 10.00000 18.00000 6.00000 18.00000 38.00000 35.00000 16.00000 9.00000 19.00000 22.00000 37.00000 37.00000 36.00000 12.00000 7.00000 7.00000 16.00000 22.00000 23.00000 21.00000 9.00000 18.00000 9.00000 17.00000 36.00000 10.00000 25.00000 5.00000 17.00000 8.00000 35.00000 9.00000 35.00000 38.00000 17.00000 19.00000 7.00000 5.00000 39.00000 6.00000 0.00000 10.00000 5.00000 36.00000 21.00000 18.00000
23.00000 24.00000 5.00000 24.00000 15.00000 10.00000 4.00000 16.00000 8.00000 21.00000 41.00000 38.00000 15.00000 8.00000 17.00000 24.00000 40.00000 40.00000 39.00000 3.00000 7.00000 5.00000 8.00000 24.00000 24.00000 24.00000 6.00000 23.00000 6.00000 15.00000 40.00000 9.00000 24.00000 9.00000 15.00000 5.00000 39.00000 6.00000 38.00000 41.00000 15.00000 17.00000 6.00000 9.00000 42.00000 12.00000 11.00000 0.00000 8.00000 39.00000 21.00000 23.00000
18.00000 22.00000 5.00000 23.00000 14.00000 8.00000 7.00000 15.00000 2.00000 19.00000 38.00000 36.00000 14.00000 6.00000 17.00000 23.00000 37.00000 38.00000 37.00000 10.00000 8.00000 5.00000 14.00000 23.00000 23.00000 22.00000 7.00000 18.00000 7.00000 15.00000 37.00000 7.00000 23.00000 6.00000 15.00000 6.00000 36.00000 8.00000 36.00000 38.00000 15.00000 17.00000 8.00000 6.00000 40.00000 5.00000 5.00000 8.00000 0.00000 37.00000 20.00000 18.00000
23.00000 19.00000 36.00000 20.00000 28.00000 33.00000 38.00000 28.00000 36.00000 22.00000 4.00000 3.00000 28.00000 33.00000 30.00000 18.00000 4.00000 3.00000 1.00000 40.00000 38.00000 37.00000 44.00000 19.00000 18.00000 19.00000 38.00000 23.00000 38.00000 30.00000 2.00000 33.00000 19.00000 36.00000 30.00000 35.00000 7.00000 39.00000 5.00000 3.00000 25.00000 29.00000 38.00000 36.00000 5.00000 34.00000 35.00000 39.00000 36.00000 0.00000 22.00000 23.00000
12.00000 8.00000 19.00000 8.00000 9.00000 16.00000 20.00000 7.00000 18.00000 7.00000 24.00000 22.00000 8.00000 16.00000 9.00000 7.00000 23.00000 24.00000 23.00000 23.00000 21.00000 19.00000 26.00000 7.00000 7.00000 8.00000 21.00000 12.00000 21.00000 10.00000 23.00000 16.00000 7.00000 20.00000 9.00000 17.00000 22.00000 21.00000 22.00000 24.00000 5.00000 8.00000 21.00000 20.00000 26.00000 19.00000 19.00000 21.00000 19.00000 23.00000 0.00000 12.00000
0.00000 10.00000 19.00000 11.00000 16.00000 16.00000 21.00000 16.00000 18.00000 8.00000 26.00000 24.00000 16.00000 16.00000 18.00000 11.00000 25.00000 26.00000 25.00000 24.00000 20.00000 20.00000 27.00000 11.00000 11.00000 10.00000 21.00000 0.00000 21.00000 18.00000 25.00000 16.00000 14.00000 17.00000 18.00000 18.00000 24.00000 21.00000 24.00000 26.00000 14.00000 18.00000 19.00000 17.00000 28.00000 16.00000 16.00000 22.00000 17.00000 25.00000 12.00000 0.00000
p
0.0 0.0 0.0 0.0 0.0 0.0 
0.0 0.0 0.0 0.0 0.0 0.0 
0.0 0.0 0.0 0.0 0.0 0.0 
0.0 0.0 0.0 0.0 0.0 0.0 
0.0 0.0 0.0 0.0 0.0 0.0 
0.0 0.0 0.0 0.0 0.0 0.0 
0.0 0.0 0.0 0.0 0.0 0.0 
0.0 0.0 0.0 0.0 0.0 0.0 
0.0 0.0 0.0 0.0 0.0 0.0 
0.0 0.0 0.0 0.0 0.0 0.0 
0 0 58 0 0 0 
0 0 58 0 0 0 
0 0 58 0 0 0 
0 0 58 0 0 0 
0 0 58 0 0 0 
0 0 58 0 0 0 
0 0 58 0 0 0 
0 0 58 0 0 0 
0 0 58 0 0 0 
0 0 58 0 0 0 
0 17 0 0 0 0 
0 17 0 0 0 0 
0 17 0 0 0 0 
0 17 0 0 0 0 
0 17 0 0 0 0 
0 17 0 0 0 0 
0 17 0 0 0 0 
0 17 0 0 0 0 
0 17 0 0 0 0 
0 17 0 0 0 0 
0 0 0 0 32 0 
0 0 0 0 32 0 
0 0 0 0 32 0 
0 0 0 0 32 0 
0 0 0 0 32 0 
0 0 0 0 32 0 
0 0 0 0 32 0 
0 0 0 0 32 0 
0 0 0 0 32 0 
0 0 0 0 32 0 
0 0 40 0 0 16 
0 0 40 0 0 16 
0 0 40 0 0 16 
0 0 40 0 0 16 
0 0 40 0 0 16 
0 0 40 0 0 16 
0 0 40 0 0 16 
0 0 40 0 0 16 
0 0 40 0 0 16 
0 0 40 0 0 16 
0 0 0 40 0 0 
0 0 0 40 0 0 
0 0 0 40 0 0 
0 0 0 40 0 0 
0 0 0 40 0 0 
0 0 0 40 0 0 
0 0 0 40 0 0 
0 0 0 40 0 0 
0 0 0 40 0 0 
0 0 0 40 0 0 
0 0 0 0 0 18 
0 0 0 0 0 18 
0 0 0 0 0 18 
0 0 0 0 0 18 
0 0 0 0 0 18 
0 0 0 0 0 18 
0 0 0 0 0 18 
0 0 0 0 0 18 
0 0 0 0 0 18 
0 0 0 0 0 18 
0 0 0 31 0 0 
0 0 0 31 0 0 
0 0 0 31 0 0 
0 0 0 31 0 0 
0 0 0 31 0 0 
0 0 0 31 0 0 
0 0 0 31 0 0 
0 0 0 31 0 0 
0 0 0 31 0 0 
0 0 0 31 0 0 
0 0 39 0 60 0 
0 0 39 0 60 0 
0 0 39 0 60 0 
0 0 39 0 60 0 
0 0 39 0 60 0 
0 0 39 0 60 0 
0 0 39 0 60 0 
0 0 39 0 60 0 
0 0 39 0 60 0 
0 0 39 0 60 0 
44 0 0 0 0 43 
44 0 0 0 0 43 
44 0 0 0 0 43 
44 0 0 0 0 43 
44 0 0 0 0 43 
44 0 0 0 0 43 
44 0 0 0 0 43 
44 0 0 0 0 43 
44 0 0 0 0 43 
44 0 0 0 0 43 
0 0 0 0 0 42 
0 0 0 0 0 42 
0 0 0 0 0 42 
0 0 0 0 0 42 
0 0 0 0 0 42 
0 0 0 0 0 42 
0 0 0 0 0 42 
0 0 0 0 0 42 
0 0 0 0 0 42 
0 0 0 0 0 42 
0 0 0 52 0 0 
0 0 0 52 0 0 
0 0 0 52 0 0 
0 0 0 52 0 0 
0 0 0 52 0 0 
0 0 0 52 0 0 
0 0 0 52 0 0 
0 0 0 52 0 0 
0 0 0 52 0 0 
0 0 0 52 0 0 
0 59 0 0 41 0 
0 59 0 0 41 0 
0 59 0 0 41 0 
0 59 0 0 41 0 
0 59 0 0 41 0 
0 59 0 0 41 0 
0 59 0 0 41 0 
0 59 0 0 41 0 
0 59 0 0 41 0 
0 59 0 0 41 0 
0 0 50 0 0 0 
0 0 50 0 0 0 
0 0 50 0 0 0 
0 0 50 0 0 0 
0 0 50 0 0 0 
0 0 50 0 0 0 
0 0 50 0 0 0 
0 0 50 0 0 0 
0 0 50 0 0 0 
0 0 50 0 0 0 
0 0 0 0 28 0 
0 0 0 0 28 0 
0 0 0 0 28 0 
0 0 0 0 28 0 
0 0 0 0 28 0 
0 0 0 0 28 0 
0 0 0 0 28 0 
0 0 0 0 28 0 
0 0 0 0 28 0 
0 0 0 0 28 0 
0 0 0 0 21 0 
0 0 0 0 21 0 
0 0 0 0 21 0 
0 0 0 0 21 0 
0 0 0 0 21 0 
0 0 0 0 21 0 
0 0 0 0 21 0 
0 0 0 0 21 0 
0 0 0 0 21 0 
0 0 0 0 21 0 
0 0 47 0 0 0 
0 0 47 0 0 0 
0 0 47 0 0 0 
0 0 47 0 0 0 
0 0 47 0 0 0 
0 0 47 0 0 0 
0 0 47 0 0 0 
0 0 47 0 0 0 
0 0 47 0 0 0 
0 0 47 0 0 0 
0 0 0 0 53 0 
0 0 0 0 53 0 
0 0 0 0 53 0 
0 0 0 0 53 0 
0 0 0 0 53 0 
0 0 0 0 53 0 
0 0 0 0 53 0 
0 0 0 0 53 0 
0 0 0 0 53 0 
0 0 0 0 53 0 
25 0 0 34 0 0 
25 0 0 34 0 0 
25 0 0 34 0 0 
25 0 0 34 0 0 
25 0 0 34 0 0 
25 0 0 34 0 0 
25 0 0 34 0 0 
25 0 0 34 0 0 
25 0 0 34 0 0 
25 0 0 34 0 0 
0 0 0 0 27 0 
0 0 0 0 27 0 
0 0 0 0 27 0 
0 0 0 0 27 0 
0 0 0 0 27 0 
0 0 0 0 27 0 
0 0 0 0 27 0 
0 0 0 0 27 0 
0 0 0 0 27 0 
0 0 0 0 27 0 
0 56 0 0 0 0 
0 56 0 0 0 0 
0 56 0 0 0 0 
0 56 0 0 0 0 
0 56 0 0 0 0 
0 56 0 0 0 0 
0 56 0 0 0 0 
0 56 0 0 0 0 
0 56 0 0 0 0 
0 56 0 0 0 0 
0 0 0 0 30 0 
0 0 0 0 30 0 
0 0 0 0 30 0 
0 0 0 0 30 0 
0 0 0 0 30 0 
0 0 0 0 30 0 
0 0 0 0 30 0 
0 0 0 0 30 0 
0 0 0 0 30 0 
0 0 0 0 30 0 
0 0 36 0 50 0 
0 0 36 0 50 0 
0 0 36 0 50 0 
0 0 36 0 50 0 
0 0 36 0 50 0 
0 0 36 0 50 0 
0 0 36 0 50 0 
0 0 36 0 50 0 
0 0 36 0 50 0 
0 0 36 0 50 0 
60 0 0 0 0 0 
60 0 0 0 0 0 
60 0 0 0 0 0 
60 0 0 0 0 0 
60 0 0 0 0 0 
60 0 0 0 0 0 
60 0 0 0 0 0 
60 0 0 0 0 0 
60 0 0 0 0 0 
60 0 0 0 0 0 
0 0 32 0 0 22 
0 0 32 0 0 22 
0 0 32 0 0 22 
0 0 32 0 0 22 
0 0 32 0 0 22 
0 0 32 0 0 22 
0 0 32 0 0 22 
0 0 32 0 0 22 
0 0 32 0 0 22 
0 0 32 0 0 22 
0 0 0 0 22 0 
0 0 0 0 22 0 
0 0 0 0 22 0 
0 0 0 0 22 0 
0 0 0 0 22 0 
0 0 0 0 22 0 
0 0 0 0 22 0 
0 0 0 0 22 0 
0 0 0 0 22 0 
0 0 0 0 22 0 
0 0 36 0 0 0 
0 0 36 0 0 0 
0 0 36 0 0 0 
0 0 36 0 0 0 
0 0 36 0 0 0 
0 0 36 0 0 0 
0 0 36 0 0 0 
0 0 36 0 0 0 
0 0 36 0 0 0 
0 0 36 0 0 0 
0 0 57 0 0 0 
0 0 57 0 0 0 
0 0 57 0 0 0 
0 0 57 0 0 0 
0 0 57 0 0 0 
0 0 57 0 0 0 
0 0 57 0 0 0 
0 0 57 0 0 0 
0 0 57 0 0 0 
0 0 57 0 0 0 
0 0 31 0 0 41 
0 0 31 0 0 41 
0 0 31 0 0 41 
0 0 31 0 0 41 
0 0 31 0 0 41 
0 0 31 0 0 41 
0 0 31 0 0 41 
0 0 31 0 0 41 
0 0 31 0 0 41 
0 0 31 0 0 41 
0 0 0 0 42 0 
0 0 0 0 42 0 
0 0 0 0 42 0 
0 0 0 0 42 0 
0 0 0 0 42 0 
0 0 0 0 42 0 
0 0 0 0 42 0 
0 0 0 0 42 0 
0 0 0 0 42 0 
0 0 0 0 42 0 
0 0 60 0 54 0 
0 0 60 0 54 0 
0 0 60 0 54 0 
0 0 60 0 54 0 
0 0 60 0 54 0 
0 0 60 0 54 0 
0 0 60 0 54 0 
0 0 60 0 54 0 
0 0 60 0 54 0 
0 0 60 0 54 0 
0 0 33 0 30 0 
0 0 33 0 30 0 
0 0 33 0 30 0 
0 0 33 0 30 0 
0 0 33 0 30 0 
0 0 33 0 30 0 
0 0 33 0 30 0 
0 0 33 0 30 0 
0 0 33 0 30 0 
0 0 33 0 30 0 
21 0 0 0 0 0 
21 0 0 0 0 0 
21 0 0 0 0 0 
21 0 0 0 0 0 
21 0 0 0 0 0 
21 0 0 0 0 0 
21 0 0 0 0 0 
21 0 0 0 0 0 
21 0 0 0 0 0 
21 0 0 0 0 0 
0 0 35 0 0 0 
0 0 35 0 0 0 
0 0 35 0 0 0 
0 0 35 0 0 0 
0 0 35 0 0 0 
0 0 35 0 0 0 
0 0 35 0 0 0 
0 0 35 0 0 0 
0 0 35 0 0 0 
0 0 35 0 0 0 
0 0 48 0 58 0 
0 0 48 0 58 0 
0 0 48 0 58 0 
0 0 48 0 58 0 
0 0 48 0 58 0 
0 0 48 0 58 0 
0 0 48 0 58 0 
0 0 48 0 58 0 
0 0 48 0 58 0 
0 0 48 0 58 0 
33 0 0 0 48 0 
33 0 0 0 48 0 
33 0 0 0 48 0 
33 0 0 0 48 0 
33 0 0 0 48 0 
33 0 0 0 48 0 
33 0 0 0 48 0 
33 0 0 0 48 0 
33 0 0 0 48 0 
33 0 0 0 48 0 
0 0 0 0 0 39 
0 0 0 0 0 39 
0 0 0 0 0 39 
0 0 0 0 0 39 
0 0 0 0 0 39 
0 0 0 0 0 39 
0 0 0 0 0 39 
0 0 0 0 0 39 
0 0 0 0 0 39 
0 0 0 0 0 39 
0 0 0 41 0 0 
0 0 0 41 0 0 
0 0 0 41 0 0 
0 0 0 41 0 0 
0 0 0 41 0 0 
0 0 0 41 0 0 
0 0 0 41 0 0 
0 0 0 41 0 0 
0 0 0 41 0 0 
0 0 0 41 0 0 
0 0 0 0 41 0 
0 0 0 0 41 0 
0 0 0 0 41 0 
0 0 0 0 41 0 
0 0 0 0 41 0 
0 0 0 0 41 0 
0 0 0 0 41 0 
0 0 0 0 41 0 
0 0 0 0 41 0 
0 0 0 0 41 0 
0 56 0 0 0 0 
0 56 0 0 0 0 
0 56 0 0 0 0 
0 56 0 0 0 0 
0 56 0 0 0 0 
0 56 0 0 0 0 
0 56 0 0 0 0 
0 56 0 0 0 0 
0 56 0 0 0 0 
0 56 0 0 0 0 
0 0 24 0 54 0 
0 0 24 0 54 0 
0 0 24 0 54 0 
0 0 24 0 54 0 
0 0 24 0 54 0 
0 0 24 0 54 0 
0 0 24 0 54 0 
0 0 24 0 54 0 
0 0 24 0 54 0 
0 0 24 0 54 0 
0 46 0 0 17 0 
0 46 0 0 17 0 
0 46 0 0 17 0 
0 46 0 0 17 0 
0 46 0 0 17 0 
0 46 0 0 17 0 
0 46 0 0 17 0 
0 46 0 0 17 0 
0 46 0 0 17 0 
0 46 0 0 17 0 
38 0 0 0 0 0 
38 0 0 0 0 0 
38 0 0 0 0 0 
38 0 0 0 0 0 
38 0 0 0 0 0 
38 0 0 0 0 0 
38 0 0 0 0 0 
38 0 0 0 0 0 
38 0 0 0 0 0 
38 0 0 0 0 0 
52 0 0 0 0 0 
52 0 0 0 0 0 
52 0 0 0 0 0 
52 0 0 0 0 0 
52 0 0 0 0 0 
52 0 0 0 0 0 
52 0 0 0 0 0 
52 0 0 0 0 0 
52 0 0 0 0 0 
52 0 0 0 0 0 
0 19 0 0 0 33 
0 19 0 0 0 33 
0 19 0 0 0 33 
0 19 0 0 0 33 
0 19 0 0 0 33 
0 19 0 0 0 33 
0 19 0 0 0 33 
0 19 0 0 0 33 
0 19 0 0 0 33 
0 19 0 0 0 33 
0 0 0 0 0 32 
0 0 0 0 0 32 
0 0 0 0 0 32 
0 0 0 0 0 32 
0 0 0 0 0 32 
0 0 0 0 0 32 
0 0 0 0 0 32 
0 0 0 0 0 32 
0 0 0 0 0 32 
0 0 0 0 0 32 
0 0 20 0 0 37 
0 0 20 0 0 37 
0 0 20 0 0 37 
0 0 20 0 0 37 
0 0 20 0 0 37 
0 0 20 0 0 37 
0 0 20 0 0 37 
0 0 20 0 0 37 
0 0 20 0 0 37 
0 0 20 0 0 37 
20 0 0 0 0 0 
20 0 0 0 0 0 
20 0 0 0 0 0 
20 0 0 0 0 0 
20 0 0 0 0 0 
20 0 0 0 0 0 
20 0 0 0 0 0 
20 0 0 0 0 0 
20 0 0 0 0 0 
20 0 0 0 0 0 
0 0 0 0 52 0 
0 0 0 0 52 0 
0 0 0 0 52 0 
0 0 0 0 52 0 
0 0 0 0 52 0 
0 0 0 0 52 0 
0 0 0 0 52 0 
0 0 0 0 52 0 
0 0 0 0 52 0 
0 0 0 0 52 0 
0 0 42 0 0 0 
0 0 42 0 0 0 
0 0 42 0 0 0 
0 0 42 0 0 0 
0 0 42 0 0 0 
0 0 42 0 0 0 
0 0 42 0 0 0 
0 0 42 0 0 0 
0 0 42 0 0 0 
0 0 42 0 0 0 
0 0 0 0 0 33 
0 0 0 0 0 33 
0 0 0 0 0 33 
0 0 0 0 0 33 
0 0 0 0 0 33 
0 0 0 0 0 33 
0 0 0 0 0 33 
0 0 0 0 0 33 
0 0 0 0 0 33 
0 0 0 0 0 33 
0.0 0.0 0.0 0.0 0.0 0.0 
0.0 0.0 0.0 0.0 0.0 0.0 
0.0 0.0 0.0 0.0 0.0 0.0 
0.0 0.0 0.0 0.0 0.0 0.0 
0.0 0.0 0.0 0.0 0.0 0.0 
0.0 0.0 0.0 0.0 0.0 0.0 
0.0 0.0 0.0 0.0 0.0 0.0 
0.0 0.0 0.0 0.0 0.0 0.0 
0.0 0.0 0.0 0.0 0.0 0.0 
0.0 0.0 0.0 0.0 0.0 0.0 
mind
0 0 0 0 17 0 0 0 0 0 0 0 0 0 0 0 0 0 0 0 0 0 21 0 0 0 0 0 11 0 16 19 0 0 17 0 0 0 0 0 11 0 0 0 0 0 18 0 0 0 0 0
maxd
0 0 0 0 28 0 0 0 0 0 0 0 0 0 0 0 0 0 0 0 0 0 27 0 0 0 0 0 18 0 30 19 0 0 28 0 0 0 0 0 23 0 0 0 0 0 20 0 0 0 0 0
e
0 944 960 630 837 824 939 836 618 699 906 817 869 831 537 956 652 929 542 790 601 730 742 657 904 757 935 858 489 773 669 865 935 826 854 944 885 561 557 512 854 733 799 907 558 766 688 857 794 761 864 0
l
99999 1064 1080 750 957 944 1059 956 738 819 1026 937 989 951 657 1076 772 1049 662 910 721 850 862 777 1024 877 1055 978 609 893 789 985 1055 946 974 1064 1005 681 677 632 974 853 919 1027 678 886 808 977 914 881 984 99999
