nbNodes
52
nbVehi
10
nbServi
6
r
1 1 1 1 1 1 
0 1 0 0 0 0 
1 0 0 0 0 0 
0 0 0 0 1 0 
0 1 0 0 0 0 
1 0 0 0 0 0 
0 0 0 0 1 0 
1 0 0 1 0 0 
0 0 0 1 0 0 
0 0 0 0 0 1 
1 0 0 0 0 0 
1 0 0 1 0 0 
1 0 0 1 0 0 
0 0 1 0 0 0 
1 0 0 0 1 0 
0 0 0 0 1 0 
1 0 0 0 1 0 
0 1 0 1 0 0 
0 0 1 0 0 0 
1 0 0 0 0 0 
1 0 0 0 1 0 
0 0 0 0 1 0 
0 0 1 0 1 0 
0 0 1 0 0 0 
1 0 0 0 0 0 
0 0 0 0 1 0 
0 0 0 1 0 0 
0 0 1 1 0 0 
0 0 0 0 1 0 
0 1 0 1 0 0 
0 0 1 0 0 0 
0 0 0 0 1 0 
1 0 0 0 0 0 
1 0 0 1 0 0 
0 0 1 0 1 0 
0 0 1 0 1 0 
1 0 0 0 0 0 
1 0 0 0 0 0 
0 0 0 0 1 0 
0 0 1 0 0 0 
1 0 0 0 0 0 
0 0 1 1 0 0 
0 0 0 1 0 0 
0 1 0 0 0 0 
0 0 0 0 1 0 
0 1 0 0 1 0 
1 0 0 0 0 1 
0 0 1 0 0 0 
0 0 0 1 0 0 
0 0 0 0 1 0 
0 0 1 0 0 0 
1 1 1 1 1 1 
DS
8 12 13 15 17 18 21 23 28 30 34 35 36 42 46 47 
a
0 0 1 0 0 0 
0 1 0 0 0 0 
1 1 1 0 0 0 
1 1 1 0 0 0 
1 0 0 0 0 0 
0 0 0 0 1 0 
0 0 0 0 0 1 
0 0 0 1 0 0 
0 0 0 0 1 1 
0 0 0 1 1 0 
x
-30.0779 -30.2108 -30.0524 -30.1585 -30.144 -30.0702 -30.054 -30.0474 -30.0117 -30.126 -30.0463 -29.9885 -30.0424 -29.9959 -30.1079 -30.0174 -30.063 -30.0703 -30.0563 -30.0414 -29.9879 -30.1418 -30.0283 -30.0328 -30.0509 -30.1076 -29.9955 -30.1341 -30.0217 -30.063 -30.1268 -29.9945 -30.0479 -30.0441 -30.0391 -29.9935 -30.0433 -30.1276 -30.0779 -30.0465 -30.0016 -29.9933 -30.1328 -30.0736 -30.0465 -30.0463 -30.0733 -30.0597 -30.0508 -30.1264 -30.076 -30.0779
y
-51.2139 -51.1899 -51.1806 -51.1677 -51.1423 -51.1795 -51.1837 -51.1546 -51.1961 -51.0985 -51.1462 -51.1983 -51.1607 -51.1475 -51.1298 -51.1921 -51.1887 -51.2047 -51.1438 -51.1886 -51.1089 -51.1003 -51.2125 -51.1157 -51.1646 -51.2235 -51.1217 -51.1757 -51.1462 -51.1874 -51.2395 -51.1453 -51.1913 -51.1471 -51.156 -51.1019 -51.1076 -51.203 -51.2139 -51.1888 -51.1336 -51.1459 -51.2331 -51.1642 -51.1481 -51.1486 -51.2069 -51.2271 -51.1563 -51.0995 -51.2014 -51.2139
d
0.00000 33.00000 9.00000 24.00000 26.00000 9.00000 10.00000 14.00000 16.00000 28.00000 16.00000 20.00000 14.00000 27.00000 23.00000 15.00000 9.00000 5.00000 16.00000 14.00000 28.00000 35.00000 15.00000 22.00000 13.00000 9.00000 28.00000 16.00000 19.00000 10.00000 15.00000 28.00000 12.00000 16.00000 16.00000 29.00000 23.00000 15.00000 0.00000 12.00000 23.00000 28.00000 14.00000 15.00000 15.00000 15.00000 5.00000 9.00000 13.00000 28.00000 5.00000 0.00000
31.00000 0.00000 36.00000 16.00000 20.00000 36.00000 37.00000 41.00000 44.00000 29.00000 43.00000 48.00000 41.00000 54.00000 35.00000 43.00000 36.00000 33.00000 42.00000 41.00000 54.00000 28.00000 43.00000 49.00000 39.00000 26.00000 54.00000 18.00000 46.00000 37.00000 23.00000 55.00000 39.00000 42.00000 43.00000 56.00000 49.00000 22.00000 31.00000 39.00000 50.00000 54.00000 21.00000 42.00000 42.00000 42.00000 32.00000 38.00000 40.00000 29.00000 32.00000 31.00000
10.00000 40.00000 0.00000 31.00000 32.00000 8.00000 3.00000 8.00000 11.00000 23.00000 8.00000 13.00000 6.00000 19.00000 19.00000 9.00000 6.00000 9.00000 10.00000 5.00000 19.00000 30.00000 11.00000 13.00000 5.00000 15.00000 19.00000 23.00000 11.00000 6.00000 21.00000 20.00000 5.00000 8.00000 8.00000 20.00000 14.00000 21.00000 10.00000 5.00000 15.00000 19.00000 20.00000 10.00000 8.00000 8.00000 9.00000 13.00000 8.00000 23.00000 8.00000 10.00000
24.00000 18.00000 29.00000 0.00000 10.00000 28.00000 30.00000 33.00000 37.00000 21.00000 35.00000 41.00000 33.00000 46.00000 26.00000 36.00000 29.00000 25.00000 33.00000 33.00000 46.00000 20.00000 35.00000 40.00000 32.00000 17.00000 47.00000 9.00000 39.00000 29.00000 16.00000 48.00000 32.00000 35.00000 36.00000 48.00000 41.00000 14.00000 24.00000 31.00000 43.00000 47.00000 14.00000 34.00000 35.00000 34.00000 25.00000 31.00000 33.00000 20.00000 24.00000 24.00000
24.00000 21.00000 29.00000 10.00000 0.00000 29.00000 30.00000 32.00000 37.00000 14.00000 32.00000 41.00000 34.00000 46.00000 23.00000 36.00000 29.00000 26.00000 30.00000 34.00000 44.00000 14.00000 36.00000 38.00000 32.00000 18.00000 44.00000 10.00000 38.00000 30.00000 22.00000 47.00000 32.00000 33.00000 35.00000 43.00000 36.00000 17.00000 24.00000 32.00000 42.00000 47.00000 20.00000 35.00000 33.00000 33.00000 25.00000 31.00000 32.00000 14.00000 25.00000 24.00000
9.00000 38.00000 5.00000 29.00000 30.00000 0.00000 6.00000 10.00000 15.00000 22.00000 12.00000 18.00000 10.00000 23.00000 18.00000 13.00000 6.00000 8.00000 10.00000 10.00000 24.00000 29.00000 14.00000 18.00000 9.00000 13.00000 24.00000 21.00000 15.00000 6.00000 20.00000 24.00000 8.00000 12.00000 12.00000 25.00000 19.00000 20.00000 9.00000 8.00000 19.00000 24.00000 18.00000 9.00000 11.00000 11.00000 7.00000 12.00000 10.00000 22.00000 6.00000 9.00000
9.00000 38.00000 3.00000 29.00000 30.00000 7.00000 0.00000 8.00000 12.00000 23.00000 10.00000 15.00000 7.00000 20.00000 19.00000 10.00000 5.00000 8.00000 10.00000 5.00000 21.00000 30.00000 10.00000 15.00000 6.00000 13.00000 21.00000 21.00000 12.00000 5.00000 20.00000 22.00000 4.00000 9.00000 10.00000 22.00000 16.00000 20.00000 9.00000 4.00000 17.00000 21.00000 18.00000 10.00000 9.00000 9.00000 7.00000 11.00000 7.00000 22.00000 6.00000 9.00000
14.00000 43.00000 7.00000 34.00000 33.00000 9.00000 8.00000 0.00000 14.00000 21.00000 4.00000 16.00000 4.00000 15.00000 17.00000 11.00000 10.00000 13.00000 6.00000 9.00000 16.00000 28.00000 14.00000 10.00000 4.00000 19.00000 16.00000 26.00000 7.00000 10.00000 25.00000 16.00000 10.00000 4.00000 4.00000 17.00000 11.00000 25.00000 14.00000 10.00000 11.00000 16.00000 23.00000 11.00000 4.00000 4.00000 12.00000 16.00000 2.00000 20.00000 12.00000 14.00000
16.00000 46.00000 13.00000 37.00000 38.00000 15.00000 11.00000 13.00000 0.00000 31.00000 14.00000 7.00000 11.00000 14.00000 26.00000 3.00000 12.00000 13.00000 17.00000 9.00000 17.00000 38.00000 6.00000 19.00000 13.00000 21.00000 16.00000 29.00000 12.00000 12.00000 27.00000 16.00000 10.00000 14.00000 13.00000 19.00000 20.00000 28.00000 16.00000 10.00000 11.00000 15.00000 26.00000 18.00000 13.00000 13.00000 14.00000 13.00000 14.00000 30.00000 14.00000 16.00000
28.00000 31.00000 23.00000 21.00000 15.00000 23.00000 23.00000 21.00000 31.00000 0.00000 20.00000 33.00000 22.00000 34.00000 14.00000 28.00000 24.00000 27.00000 19.00000 26.00000 32.00000 9.00000 30.00000 26.00000 20.00000 31.00000 32.00000 22.00000 26.00000 24.00000 33.00000 36.00000 25.00000 21.00000 24.00000 32.00000 26.00000 30.00000 28.00000 25.00000 31.00000 35.00000 31.00000 23.00000 21.00000 21.00000 26.00000 30.00000 20.00000 1.00000 26.00000 28.00000
16.00000 46.00000 10.00000 35.00000 32.00000 12.00000 10.00000 5.00000 14.00000 20.00000 0.00000 16.00000 5.00000 15.00000 16.00000 11.00000 13.00000 16.00000 4.00000 9.00000 13.00000 27.00000 14.00000 7.00000 7.00000 21.00000 13.00000 26.00000 7.00000 13.00000 27.00000 16.00000 11.00000 2.00000 4.00000 15.00000 8.00000 28.00000 16.00000 10.00000 11.00000 15.00000 26.00000 12.00000 2.00000 2.00000 15.00000 18.00000 4.00000 20.00000 14.00000 16.00000
19.00000 49.00000 16.00000 40.00000 41.00000 19.00000 14.00000 17.00000 7.00000 34.00000 17.00000 0.00000 15.00000 15.00000 30.00000 8.00000 17.00000 16.00000 20.00000 12.00000 14.00000 41.00000 10.00000 22.00000 17.00000 25.00000 17.00000 32.00000 15.00000 16.00000 30.00000 16.00000 15.00000 17.00000 16.00000 16.00000 23.00000 31.00000 19.00000 14.00000 13.00000 15.00000 29.00000 21.00000 17.00000 17.00000 17.00000 16.00000 18.00000 34.00000 17.00000 19.00000
15.00000 44.00000 9.00000 35.00000 34.00000 11.00000 8.00000 4.00000 13.00000 22.00000 4.00000 15.00000 0.00000 15.00000 18.00000 10.00000 11.00000 14.00000 7.00000 8.00000 15.00000 29.00000 13.00000 9.00000 5.00000 20.00000 15.00000 27.00000 7.00000 11.00000 26.00000 16.00000 10.00000 4.00000 4.00000 16.00000 10.00000 26.00000 15.00000 9.00000 11.00000 15.00000 25.00000 12.00000 4.00000 4.00000 13.00000 17.00000 4.00000 22.00000 13.00000 15.00000
24.00000 54.00000 19.00000 45.00000 46.00000 21.00000 17.00000 15.00000 11.00000 34.00000 15.00000 11.00000 14.00000 0.00000 30.00000 11.00000 20.00000 21.00000 18.00000 15.00000 13.00000 41.00000 15.00000 17.00000 16.00000 29.00000 11.00000 37.00000 11.00000 20.00000 36.00000 3.00000 18.00000 15.00000 14.00000 14.00000 19.00000 36.00000 24.00000 17.00000 8.00000 2.00000 34.00000 22.00000 15.00000 15.00000 23.00000 22.00000 16.00000 34.00000 22.00000 24.00000
23.00000 37.00000 18.00000 26.00000 23.00000 19.00000 19.00000 16.00000 27.00000 13.00000 16.00000 29.00000 18.00000 30.00000 0.00000 24.00000 20.00000 22.00000 14.00000 22.00000 28.00000 20.00000 26.00000 22.00000 16.00000 24.00000 28.00000 17.00000 22.00000 20.00000 29.00000 31.00000 21.00000 17.00000 19.00000 29.00000 23.00000 24.00000 23.00000 21.00000 26.00000 31.00000 27.00000 19.00000 17.00000 17.00000 22.00000 26.00000 16.00000 13.00000 19.00000 23.00000
15.00000 45.00000 10.00000 36.00000 37.00000 14.00000 8.00000 11.00000 3.00000 28.00000 11.00000 8.00000 9.00000 15.00000 24.00000 0.00000 12.00000 12.00000 15.00000 6.00000 17.00000 35.00000 5.00000 17.00000 11.00000 20.00000 15.00000 28.00000 11.00000 11.00000 27.00000 16.00000 9.00000 11.00000 11.00000 18.00000 17.00000 27.00000 15.00000 8.00000 11.00000 15.00000 25.00000 16.00000 11.00000 11.00000 14.00000 13.00000 12.00000 28.00000 14.00000 15.00000
7.00000 37.00000 5.00000 28.00000 29.00000 4.00000 5.00000 9.00000 13.00000 22.00000 12.00000 17.00000 10.00000 23.00000 18.00000 12.00000 0.00000 6.00000 10.00000 8.00000 23.00000 29.00000 11.00000 17.00000 8.00000 12.00000 23.00000 20.00000 15.00000 1.00000 18.00000 24.00000 6.00000 11.00000 12.00000 24.00000 18.00000 19.00000 7.00000 6.00000 19.00000 23.00000 17.00000 9.00000 11.00000 10.00000 6.00000 10.00000 9.00000 22.00000 5.00000 7.00000
4.00000 34.00000 7.00000 25.00000 26.00000 7.00000 8.00000 12.00000 15.00000 26.00000 14.00000 19.00000 12.00000 25.00000 20.00000 13.00000 7.00000 0.00000 14.00000 11.00000 25.00000 33.00000 13.00000 19.00000 10.00000 9.00000 25.00000 16.00000 17.00000 7.00000 15.00000 26.00000 10.00000 13.00000 14.00000 26.00000 20.00000 15.00000 4.00000 10.00000 21.00000 25.00000 14.00000 13.00000 13.00000 13.00000 3.00000 10.00000 11.00000 25.00000 2.00000 4.00000
15.00000 44.00000 8.00000 33.00000 31.00000 10.00000 9.00000 6.00000 17.00000 19.00000 4.00000 19.00000 8.00000 18.00000 15.00000 14.00000 11.00000 14.00000 0.00000 12.00000 16.00000 26.00000 16.00000 10.00000 6.00000 20.00000 16.00000 25.00000 10.00000 11.00000 26.00000 19.00000 11.00000 5.00000 7.00000 17.00000 11.00000 26.00000 15.00000 11.00000 15.00000 19.00000 24.00000 10.00000 5.00000 5.00000 13.00000 17.00000 5.00000 18.00000 13.00000 15.00000
13.00000 42.00000 7.00000 33.00000 34.00000 10.00000 5.00000 9.00000 10.00000 26.00000 9.00000 13.00000 7.00000 19.00000 22.00000 8.00000 7.00000 10.00000 12.00000 0.00000 20.00000 33.00000 8.00000 14.00000 8.00000 17.00000 19.00000 25.00000 12.00000 7.00000 24.00000 20.00000 4.00000 9.00000 9.00000 21.00000 15.00000 24.00000 13.00000 4.00000 15.00000 19.00000 22.00000 13.00000 9.00000 9.00000 11.00000 12.00000 9.00000 25.00000 11.00000 13.00000
28.00000 57.00000 22.00000 46.00000 44.00000 23.00000 21.00000 16.00000 17.00000 32.00000 14.00000 17.00000 16.00000 9.00000 28.00000 16.00000 24.00000 26.00000 16.00000 20.00000 0.00000 39.00000 19.00000 11.00000 18.00000 33.00000 6.00000 38.00000 13.00000 24.00000 39.00000 10.00000 22.00000 15.00000 15.00000 4.00000 13.00000 39.00000 28.00000 21.00000 9.00000 10.00000 38.00000 23.00000 14.00000 14.00000 26.00000 26.00000 16.00000 32.00000 26.00000 28.00000
35.00000 30.00000 29.00000 20.00000 14.00000 30.00000 30.00000 27.00000 38.00000 8.00000 27.00000 40.00000 29.00000 41.00000 20.00000 35.00000 31.00000 34.00000 25.00000 33.00000 39.00000 0.00000 37.00000 32.00000 26.00000 30.00000 39.00000 21.00000 33.00000 31.00000 32.00000 42.00000 32.00000 28.00000 30.00000 37.00000 30.00000 29.00000 35.00000 32.00000 37.00000 41.00000 30.00000 30.00000 27.00000 28.00000 33.00000 37.00000 27.00000 8.00000 32.00000 35.00000
13.00000 43.00000 10.00000 34.00000 36.00000 13.00000 10.00000 14.00000 7.00000 30.00000 14.00000 10.00000 12.00000 19.00000 26.00000 6.00000 10.00000 10.00000 17.00000 9.00000 19.00000 37.00000 0.00000 19.00000 13.00000 19.00000 20.00000 26.00000 15.00000 10.00000 24.00000 20.00000 8.00000 14.00000 14.00000 21.00000 20.00000 25.00000 13.00000 8.00000 16.00000 19.00000 24.00000 17.00000 14.00000 14.00000 12.00000 10.00000 14.00000 29.00000 11.00000 13.00000
22.00000 51.00000 16.00000 40.00000 38.00000 18.00000 15.00000 10.00000 19.00000 26.00000 8.00000 21.00000 10.00000 13.00000 22.00000 16.00000 18.00000 21.00000 10.00000 14.00000 10.00000 32.00000 20.00000 0.00000 13.00000 27.00000 10.00000 32.00000 12.00000 18.00000 33.00000 14.00000 16.00000 9.00000 9.00000 11.00000 6.00000 33.00000 22.00000 15.00000 10.00000 13.00000 32.00000 18.00000 9.00000 9.00000 20.00000 24.00000 11.00000 26.00000 20.00000 22.00000
13.00000 42.00000 6.00000 33.00000 32.00000 8.00000 6.00000 4.00000 13.00000 20.00000 7.00000 15.00000 4.00000 18.00000 16.00000 10.00000 9.00000 12.00000 7.00000 8.00000 18.00000 27.00000 13.00000 12.00000 0.00000 17.00000 18.00000 25.00000 10.00000 9.00000 23.00000 19.00000 8.00000 6.00000 7.00000 19.00000 13.00000 24.00000 13.00000 8.00000 14.00000 18.00000 22.00000 9.00000 5.00000 5.00000 11.00000 15.00000 3.00000 20.00000 10.00000 13.00000
8.00000 28.00000 13.00000 17.00000 18.00000 12.00000 13.00000 17.00000 21.00000 31.00000 20.00000 25.00000 17.00000 30.00000 24.00000 20.00000 13.00000 9.00000 19.00000 17.00000 31.00000 30.00000 19.00000 25.00000 16.00000 0.00000 31.00000 9.00000 22.00000 13.00000 10.00000 31.00000 16.00000 19.00000 19.00000 32.00000 26.00000 8.00000 8.00000 15.00000 26.00000 31.00000 9.00000 18.00000 19.00000 18.00000 9.00000 15.00000 17.00000 30.00000 8.00000 8.00000
26.00000 56.00000 21.00000 46.00000 43.00000 23.00000 19.00000 16.00000 15.00000 32.00000 14.00000 15.00000 15.00000 7.00000 27.00000 13.00000 23.00000 23.00000 16.00000 17.00000 4.00000 39.00000 17.00000 11.00000 18.00000 31.00000 0.00000 38.00000 10.00000 22.00000 38.00000 8.00000 20.00000 14.00000 15.00000 5.00000 13.00000 38.00000 26.00000 19.00000 6.00000 7.00000 36.00000 23.00000 14.00000 14.00000 25.00000 24.00000 16.00000 31.00000 25.00000 26.00000
15.00000 20.00000 20.00000 9.00000 10.00000 20.00000 21.00000 25.00000 28.00000 22.00000 26.00000 32.00000 25.00000 38.00000 17.00000 27.00000 20.00000 17.00000 25.00000 25.00000 38.00000 21.00000 27.00000 32.00000 23.00000 9.00000 38.00000 0.00000 30.00000 20.00000 13.00000 39.00000 23.00000 26.00000 27.00000 39.00000 33.00000 8.00000 15.00000 23.00000 34.00000 38.00000 12.00000 26.00000 26.00000 26.00000 16.00000 22.00000 24.00000 22.00000 15.00000 15.00000
20.00000 49.00000 14.00000 40.00000 38.00000 16.00000 13.00000 7.00000 12.00000 26.00000 7.00000 14.00000 7.00000 10.00000 22.00000 11.00000 16.00000 18.00000 10.00000 11.00000 12.00000 33.00000 15.00000 12.00000 10.00000 25.00000 10.00000 32.00000 0.00000 16.00000 31.00000 11.00000 13.00000 7.00000 7.00000 13.00000 13.00000 31.00000 20.00000 13.00000 6.00000 10.00000 30.00000 17.00000 7.00000 7.00000 18.00000 20.00000 8.00000 26.00000 18.00000 20.00000
7.00000 36.00000 4.00000 27.00000 29.00000 3.00000 5.00000 9.00000 13.00000 21.00000 11.00000 17.00000 9.00000 22.00000 17.00000 12.00000 2.00000 6.00000 9.00000 8.00000 23.00000 28.00000 12.00000 17.00000 7.00000 12.00000 23.00000 19.00000 14.00000 0.00000 18.00000 23.00000 6.00000 11.00000 11.00000 24.00000 18.00000 18.00000 7.00000 7.00000 18.00000 22.00000 17.00000 8.00000 10.00000 10.00000 5.00000 10.00000 8.00000 21.00000 5.00000 7.00000
15.00000 25.00000 20.00000 16.00000 22.00000 19.00000 21.00000 24.00000 27.00000 33.00000 27.00000 29.00000 25.00000 38.00000 28.00000 26.00000 20.00000 16.00000 26.00000 24.00000 38.00000 33.00000 24.00000 32.00000 23.00000 9.00000 38.00000 13.00000 30.00000 20.00000 0.00000 39.00000 23.00000 26.00000 27.00000 39.00000 33.00000 10.00000 15.00000 22.00000 34.00000 38.00000 3.00000 25.00000 26.00000 25.00000 16.00000 17.00000 24.00000 33.00000 15.00000 15.00000
26.00000 56.00000 20.00000 47.00000 47.00000 22.00000 19.00000 16.00000 13.00000 35.00000 16.00000 13.00000 15.00000 3.00000 31.00000 13.00000 22.00000 23.00000 20.00000 17.00000 15.00000 42.00000 17.00000 18.00000 18.00000 31.00000 13.00000 39.00000 13.00000 22.00000 37.00000 0.00000 19.00000 16.00000 15.00000 16.00000 20.00000 37.00000 26.00000 18.00000 10.00000 1.00000 36.00000 24.00000 16.00000 16.00000 24.00000 23.00000 17.00000 35.00000 24.00000 26.00000
11.00000 41.00000 5.00000 32.00000 33.00000 8.00000 4.00000 9.00000 11.00000 25.00000 10.00000 14.00000 7.00000 20.00000 21.00000 9.00000 6.00000 8.00000 12.00000 4.00000 21.00000 32.00000 9.00000 15.00000 9.00000 16.00000 21.00000 24.00000 12.00000 5.00000 22.00000 21.00000 0.00000 10.00000 10.00000 22.00000 16.00000 22.00000 11.00000 2.00000 16.00000 21.00000 21.00000 13.00000 9.00000 9.00000 10.00000 10.00000 10.00000 25.00000 9.00000 11.00000
16.00000 45.00000 9.00000 36.00000 33.00000 11.00000 10.00000 4.00000 14.00000 21.00000 2.00000 16.00000 4.00000 15.00000 17.00000 11.00000 12.00000 15.00000 6.00000 9.00000 13.00000 28.00000 14.00000 8.00000 5.00000 20.00000 14.00000 27.00000 7.00000 12.00000 26.00000 16.00000 11.00000 0.00000 4.00000 15.00000 8.00000 27.00000 16.00000 10.00000 11.00000 16.00000 25.00000 12.00000 1.00000 1.00000 14.00000 18.00000 3.00000 21.00000 13.00000 16.00000
16.00000 46.00000 11.00000 37.00000 36.00000 13.00000 9.00000 5.00000 13.00000 24.00000 5.00000 15.00000 5.00000 14.00000 20.00000 10.00000 12.00000 16.00000 8.00000 8.00000 16.00000 31.00000 13.00000 10.00000 8.00000 21.00000 15.00000 29.00000 7.00000 12.00000 27.00000 16.00000 10.00000 5.00000 0.00000 18.00000 11.00000 28.00000 16.00000 9.00000 11.00000 15.00000 26.00000 14.00000 5.00000 5.00000 15.00000 17.00000 6.00000 24.00000 14.00000 16.00000
29.00000 59.00000 23.00000 47.00000 43.00000 25.00000 22.00000 17.00000 19.00000 32.00000 15.00000 19.00000 17.00000 11.00000 29.00000 18.00000 25.00000 27.00000 17.00000 21.00000 3.00000 38.00000 21.00000 12.00000 20.00000 34.00000 7.00000 39.00000 14.00000 25.00000 40.00000 12.00000 23.00000 16.00000 17.00000 0.00000 15.00000 40.00000 29.00000 22.00000 10.00000 11.00000 39.00000 25.00000 16.00000 16.00000 28.00000 28.00000 18.00000 32.00000 27.00000 29.00000
23.00000 52.00000 17.00000 41.00000 36.00000 19.00000 16.00000 11.00000 20.00000 25.00000 9.00000 22.00000 11.00000 16.00000 23.00000 17.00000 19.00000 22.00000 11.00000 15.00000 13.00000 30.00000 21.00000 6.00000 14.00000 28.00000 13.00000 33.00000 13.00000 19.00000 34.00000 17.00000 17.00000 10.00000 10.00000 14.00000 0.00000 34.00000 23.00000 16.00000 13.00000 16.00000 33.00000 19.00000 10.00000 10.00000 22.00000 25.00000 12.00000 25.00000 21.00000 23.00000
14.00000 23.00000 19.00000 13.00000 17.00000 19.00000 20.00000 24.00000 27.00000 29.00000 26.00000 31.00000 24.00000 37.00000 23.00000 26.00000 19.00000 16.00000 25.00000 23.00000 37.00000 29.00000 25.00000 31.00000 22.00000 8.00000 37.00000 8.00000 29.00000 19.00000 11.00000 38.00000 22.00000 25.00000 26.00000 38.00000 32.00000 0.00000 14.00000 22.00000 33.00000 37.00000 9.00000 25.00000 25.00000 24.00000 15.00000 21.00000 23.00000 29.00000 14.00000 14.00000
0.00000 33.00000 9.00000 24.00000 26.00000 9.00000 10.00000 14.00000 16.00000 28.00000 16.00000 20.00000 14.00000 27.00000 23.00000 15.00000 9.00000 5.00000 16.00000 14.00000 28.00000 35.00000 15.00000 22.00000 13.00000 9.00000 28.00000 16.00000 19.00000 10.00000 15.00000 28.00000 12.00000 16.00000 16.00000 29.00000 23.00000 15.00000 0.00000 12.00000 23.00000 28.00000 14.00000 15.00000 15.00000 15.00000 5.00000 9.00000 13.00000 28.00000 5.00000 0.00000
11.00000 40.00000 5.00000 31.00000 33.00000 8.00000 4.00000 8.00000 10.00000 25.00000 9.00000 14.00000 6.00000 20.00000 21.00000 9.00000 5.00000 9.00000 12.00000 3.00000 20.00000 32.00000 8.00000 14.00000 8.00000 16.00000 20.00000 24.00000 12.00000 5.00000 22.00000 21.00000 2.00000 9.00000 9.00000 21.00000 15.00000 22.00000 11.00000 0.00000 16.00000 20.00000 21.00000 13.00000 9.00000 9.00000 9.00000 11.00000 9.00000 25.00000 9.00000 11.00000
24.00000 54.00000 19.00000 45.00000 43.00000 21.00000 17.00000 14.00000 12.00000 31.00000 12.00000 13.00000 14.00000 4.00000 27.00000 11.00000 20.00000 21.00000 15.00000 15.00000 6.00000 38.00000 15.00000 10.00000 16.00000 29.00000 5.00000 37.00000 8.00000 20.00000 35.00000 6.00000 18.00000 12.00000 14.00000 8.00000 12.00000 36.00000 24.00000 17.00000 0.00000 5.00000 34.00000 22.00000 13.00000 13.00000 22.00000 22.00000 15.00000 30.00000 22.00000 24.00000
25.00000 55.00000 20.00000 46.00000 46.00000 22.00000 18.00000 16.00000 12.00000 35.00000 15.00000 12.00000 15.00000 2.00000 30.00000 12.00000 21.00000 22.00000 19.00000 16.00000 14.00000 42.00000 16.00000 18.00000 17.00000 30.00000 12.00000 38.00000 12.00000 21.00000 36.00000 1.00000 18.00000 16.00000 15.00000 15.00000 20.00000 37.00000 25.00000 18.00000 9.00000 0.00000 35.00000 23.00000 15.00000 15.00000 23.00000 23.00000 16.00000 34.00000 23.00000 25.00000
14.00000 23.00000 19.00000 14.00000 21.00000 18.00000 19.00000 23.00000 27.00000 31.00000 26.00000 30.00000 23.00000 36.00000 27.00000 26.00000 19.00000 15.00000 25.00000 23.00000 37.00000 30.00000 25.00000 31.00000 22.00000 8.00000 37.00000 12.00000 28.00000 19.00000 3.00000 37.00000 22.00000 25.00000 26.00000 38.00000 32.00000 9.00000 14.00000 21.00000 33.00000 37.00000 0.00000 24.00000 25.00000 24.00000 15.00000 18.00000 23.00000 31.00000 14.00000 14.00000
16.00000 45.00000 11.00000 35.00000 34.00000 9.00000 12.00000 11.00000 19.00000 22.00000 12.00000 21.00000 12.00000 25.00000 18.00000 17.00000 12.00000 15.00000 10.00000 14.00000 23.00000 29.00000 18.00000 17.00000 9.00000 20.00000 23.00000 26.00000 17.00000 12.00000 27.00000 26.00000 13.00000 12.00000 14.00000 24.00000 18.00000 27.00000 16.00000 13.00000 21.00000 25.00000 25.00000 0.00000 12.00000 12.00000 14.00000 18.00000 10.00000 22.00000 13.00000 16.00000
15.00000 45.00000 9.00000 35.00000 33.00000 11.00000 10.00000 4.00000 14.00000 21.00000 2.00000 16.00000 4.00000 15.00000 17.00000 11.00000 11.00000 14.00000 5.00000 8.00000 14.00000 28.00000 14.00000 8.00000 5.00000 20.00000 14.00000 27.00000 7.00000 12.00000 26.00000 16.00000 10.00000 1.00000 4.00000 15.00000 9.00000 26.00000 15.00000 10.00000 11.00000 15.00000 25.00000 12.00000 0.00000 1.00000 14.00000 18.00000 3.00000 21.00000 13.00000 15.00000
15.00000 44.00000 8.00000 35.00000 33.00000 10.00000 9.00000 4.00000 14.00000 21.00000 2.00000 16.00000 4.00000 15.00000 17.00000 11.00000 11.00000 14.00000 5.00000 8.00000 14.00000 28.00000 14.00000 8.00000 5.00000 20.00000 14.00000 27.00000 7.00000 11.00000 26.00000 16.00000 10.00000 1.00000 4.00000 15.00000 9.00000 26.00000 15.00000 10.00000 11.00000 15.00000 25.00000 12.00000 1.00000 0.00000 13.00000 17.00000 3.00000 21.00000 13.00000 15.00000
5.00000 34.00000 8.00000 25.00000 26.00000 7.00000 9.00000 12.00000 14.00000 26.00000 15.00000 18.00000 13.00000 25.00000 21.00000 13.00000 7.00000 2.00000 14.00000 12.00000 26.00000 33.00000 12.00000 20.00000 11.00000 9.00000 26.00000 17.00000 18.00000 7.00000 16.00000 27.00000 10.00000 14.00000 15.00000 27.00000 21.00000 16.00000 5.00000 10.00000 22.00000 26.00000 14.00000 13.00000 14.00000 13.00000 0.00000 8.00000 12.00000 26.00000 2.00000 5.00000
8.00000 38.00000 12.00000 29.00000 31.00000 12.00000 12.00000 17.00000 14.00000 30.00000 18.00000 17.00000 16.00000 26.00000 26.00000 13.00000 9.00000 7.00000 18.00000 12.00000 26.00000 37.00000 12.00000 23.00000 15.00000 14.00000 27.00000 22.00000 21.00000 9.00000 17.00000 27.00000 11.00000 18.00000 18.00000 28.00000 24.00000 20.00000 8.00000 11.00000 22.00000 26.00000 17.00000 17.00000 18.00000 18.00000 8.00000 0.00000 16.00000 30.00000 8.00000 8.00000
14.00000 43.00000 7.00000 34.00000 32.00000 9.00000 8.00000 2.00000 15.00000 20.00000 5.00000 17.00000 5.00000 16.00000 16.00000 12.00000 10.00000 13.00000 5.00000 10.00000 16.00000 27.00000 15.00000 10.00000 3.00000 18.00000 16.00000 26.00000 8.00000 10.00000 24.00000 17.00000 10.00000 3.00000 5.00000 17.00000 11.00000 25.00000 14.00000 10.00000 12.00000 17.00000 23.00000 10.00000 3.00000 3.00000 12.00000 16.00000 0.00000 20.00000 11.00000 14.00000
28.00000 30.00000 22.00000 20.00000 14.00000 23.00000 23.00000 20.00000 31.00000 1.00000 20.00000 33.00000 22.00000 34.00000 13.00000 28.00000 24.00000 27.00000 18.00000 26.00000 32.00000 8.00000 30.00000 26.00000 19.00000 30.00000 32.00000 22.00000 26.00000 24.00000 33.00000 35.00000 25.00000 21.00000 23.00000 32.00000 25.00000 30.00000 28.00000 25.00000 30.00000 34.00000 31.00000 23.00000 21.00000 21.00000 26.00000 30.00000 20.00000 0.00000 25.00000 28.00000
5.00000 34.00000 6.00000 24.00000 25.00000 6.00000 7.00000 11.00000 14.00000 25.00000 13.00000 18.00000 11.00000 24.00000 19.00000 12.00000 6.00000 3.00000 13.00000 10.00000 24.00000 31.00000 12.00000 18.00000 9.00000 10.00000 24.00000 15.00000 16.00000 6.00000 16.00000 25.00000 9.00000 12.00000 13.00000 25.00000 19.00000 16.00000 5.00000 9.00000 20.00000 24.00000 15.00000 12.00000 12.00000 12.00000 3.00000 8.00000 10.00000 24.00000 0.00000 5.00000
0.00000 33.00000 9.00000 24.00000 26.00000 9.00000 10.00000 14.00000 16.00000 28.00000 16.00000 20.00000 14.00000 27.00000 23.00000 15.00000 9.00000 5.00000 16.00000 14.00000 28.00000 35.00000 15.00000 22.00000 13.00000 9.00000 28.00000 16.00000 19.00000 10.00000 15.00000 28.00000 12.00000 16.00000 16.00000 29.00000 23.00000 15.00000 0.00000 12.00000 23.00000 28.00000 14.00000 15.00000 15.00000 15.00000 5.00000 9.00000 13.00000 28.00000 5.00000 0.00000
p
0.0 0.0 0.0 0.0 0.0 0.0 
0.0 0.0 0.0 0.0 0.0 0.0 
0.0 0.0 0.0 0.0 0.0 0.0 
0.0 0.0 0.0 0.0 0.0 0.0 
0.0 0.0 0.0 0.0 0.0 0.0 
0.0 0.0 0.0 0.0 0.0 0.0 
0.0 0.0 0.0 0.0 0.0 0.0 
0.0 0.0 0.0 0.0 0.0 0.0 
0.0 0.0 0.0 0.0 0.0 0.0 
0.0 0.0 0.0 0.0 0.0 0.0 
0 31 0 0 0 0 
0 31 0 0 0 0 
0 31 0 0 0 0 
0 31 0 0 0 0 
0 31 0 0 0 0 
0 31 0 0 0 0 
0 31 0 0 0 0 
0 31 0 0 0 0 
0 31 0 0 0 0 
0 31 0 0 0 0 
55 0 0 0 0 0 
55 0 0 0 0 0 
55 0 0 0 0 0 
55 0 0 0 0 0 
55 0 0 0 0 0 
55 0 0 0 0 0 
55 0 0 0 0 0 
55 0 0 0 0 0 
55 0 0 0 0 0 
55 0 0 0 0 0 
0 0 0 0 56 0 
0 0 0 0 56 0 
0 0 0 0 56 0 
0 0 0 0 56 0 
0 0 0 0 56 0 
0 0 0 0 56 0 
0 0 0 0 56 0 
0 0 0 0 56 0 
0 0 0 0 56 0 
0 0 0 0 56 0 
0 30 0 0 0 0 
0 30 0 0 0 0 
0 30 0 0 0 0 
0 30 0 0 0 0 
0 30 0 0 0 0 
0 30 0 0 0 0 
0 30 0 0 0 0 
0 30 0 0 0 0 
0 30 0 0 0 0 
0 30 0 0 0 0 
34 0 0 0 0 0 
34 0 0 0 0 0 
34 0 0 0 0 0 
34 0 0 0 0 0 
34 0 0 0 0 0 
34 0 0 0 0 0 
34 0 0 0 0 0 
34 0 0 0 0 0 
34 0 0 0 0 0 
34 0 0 0 0 0 
0 0 0 0 56 0 
0 0 0 0 56 0 
0 0 0 0 56 0 
0 0 0 0 56 0 
0 0 0 0 56 0 
0 0 0 0 56 0 
0 0 0 0 56 0 
0 0 0 0 56 0 
0 0 0 0 56 0 
0 0 0 0 56 0 
55 0 0 33 0 0 
55 0 0 33 0 0 
55 0 0 33 0 0 
55 0 0 33 0 0 
55 0 0 33 0 0 
55 0 0 33 0 0 
55 0 0 33 0 0 
55 0 0 33 0 0 
55 0 0 33 0 0 
55 0 0 33 0 0 
0 0 0 51 0 0 
0 0 0 51 0 0 
0 0 0 51 0 0 
0 0 0 51 0 0 
0 0 0 51 0 0 
0 0 0 51 0 0 
0 0 0 51 0 0 
0 0 0 51 0 0 
0 0 0 51 0 0 
0 0 0 51 0 0 
0 0 0 0 0 41 
0 0 0 0 0 41 
0 0 0 0 0 41 
0 0 0 0 0 41 
0 0 0 0 0 41 
0 0 0 0 0 41 
0 0 0 0 0 41 
0 0 0 0 0 41 
0 0 0 0 0 41 
0 0 0 0 0 41 
59 0 0 0 0 0 
59 0 0 0 0 0 
59 0 0 0 0 0 
59 0 0 0 0 0 
59 0 0 0 0 0 
59 0 0 0 0 0 
59 0 0 0 0 0 
59 0 0 0 0 0 
59 0 0 0 0 0 
59 0 0 0 0 0 
26 0 0 26 0 0 
26 0 0 26 0 0 
26 0 0 26 0 0 
26 0 0 26 0 0 
26 0 0 26 0 0 
26 0 0 26 0 0 
26 0 0 26 0 0 
26 0 0 26 0 0 
26 0 0 26 0 0 
26 0 0 26 0 0 
37 0 0 41 0 0 
37 0 0 41 0 0 
37 0 0 41 0 0 
37 0 0 41 0 0 
37 0 0 41 0 0 
37 0 0 41 0 0 
37 0 0 41 0 0 
37 0 0 41 0 0 
37 0 0 41 0 0 
37 0 0 41 0 0 
0 0 37 0 0 0 
0 0 37 0 0 0 
0 0 37 0 0 0 
0 0 37 0 0 0 
0 0 37 0 0 0 
0 0 37 0 0 0 
0 0 37 0 0 0 
0 0 37 0 0 0 
0 0 37 0 0 0 
0 0 37 0 0 0 
41 0 0 0 54 0 
41 0 0 0 54 0 
41 0 0 0 54 0 
41 0 0 0 54 0 
41 0 0 0 54 0 
41 0 0 0 54 0 
41 0 0 0 54 0 
41 0 0 0 54 0 
41 0 0 0 54 0 
41 0 0 0 54 0 
0 0 0 0 33 0 
0 0 0 0 33 0 
0 0 0 0 33 0 
0 0 0 0 33 0 
0 0 0 0 33 0 
0 0 0 0 33 0 
0 0 0 0 33 0 
0 0 0 0 33 0 
0 0 0 0 33 0 
0 0 0 0 33 0 
21 0 0 0 36 0 
21 0 0 0 36 0 
21 0 0 0 36 0 
21 0 0 0 36 0 
21 0 0 0 36 0 
21 0 0 0 36 0 
21 0 0 0 36 0 
21 0 0 0 36 0 
21 0 0 0 36 0 
21 0 0 0 36 0 
0 22 0 43 0 0 
0 22 0 43 0 0 
0 22 0 43 0 0 
0 22 0 43 0 0 
0 22 0 43 0 0 
0 22 0 43 0 0 
0 22 0 43 0 0 
0 22 0 43 0 0 
0 22 0 43 0 0 
0 22 0 43 0 0 
0 0 46 0 0 0 
0 0 46 0 0 0 
0 0 46 0 0 0 
0 0 46 0 0 0 
0 0 46 0 0 0 
0 0 46 0 0 0 
0 0 46 0 0 0 
0 0 46 0 0 0 
0 0 46 0 0 0 
0 0 46 0 0 0 
45 0 0 0 0 0 
45 0 0 0 0 0 
45 0 0 0 0 0 
45 0 0 0 0 0 
45 0 0 0 0 0 
45 0 0 0 0 0 
45 0 0 0 0 0 
45 0 0 0 0 0 
45 0 0 0 0 0 
45 0 0 0 0 0 
49 0 0 0 55 0 
49 0 0 0 55 0 
49 0 0 0 55 0 
49 0 0 0 55 0 
49 0 0 0 55 0 
49 0 0 0 55 0 
49 0 0 0 55 0 
49 0 0 0 55 0 
49 0 0 0 55 0 
49 0 0 0 55 0 
0 0 0 0 39 0 
0 0 0 0 39 0 
0 0 0 0 39 0 
0 0 0 0 39 0 
0 0 0 0 39 0 
0 0 0 0 39 0 
0 0 0 0 39 0 
0 0 0 0 39 0 
0 0 0 0 39 0 
0 0 0 0 39 0 
0 0 15 0 21 0 
0 0 15 0 21 0 
0 0 15 0 21 0 
0 0 15 0 21 0 
0 0 15 0 21 0 
0 0 15 0 21 0 
0 0 15 0 21 0 
0 0 15 0 21 0 
0 0 15 0 21 0 
0 0 15 0 21 0 
0 0 29 0 0 0 
0 0 29 0 0 0 
0 0 29 0 0 0 
0 0 29 0 0 0 
0 0 29 0 0 0 
0 0 29 0 0 0 
0 0 29 0 0 0 
0 0 29 0 0 0 
0 0 29 0 0 0 
0 0 29 0 0 0 
22 0 0 0 0 0 
22 0 0 0 0 0 
22 0 0 0 0 0 
22 0 0 0 0 0 
22 0 0 0 0 0 
22 0 0 0 0 0 
22 0 0 0 0 0 
22 0 0 0 0 0 
22 0 0 0 0 0 
22 0 0 0 0 0 
0 0 0 0 50 0 
0 0 0 0 50 0 
0 0 0 0 50 0 
0 0 0 0 50 0 
0 0 0 0 50 0 
0 0 0 0 50 0 
0 0 0 0 50 0 
0 0 0 0 50 0 
0 0 0 0 50 0 
0 0 0 0 50 0 
0 0 0 46 0 0 
0 0 0 46 0 0 
0 0 0 46 0 0 
0 0 0 46 0 0 
0 0 0 46 0 0 
0 0 0 46 0 0 
0 0 0 46 0 0 
0 0 0 46 0 0 
0 0 0 46 0 0 
0 0 0 46 0 0 
0 0 60 44 0 0 
0 0 60 44 0 0 
0 0 60 44 0 0 
0 0 60 44 0 0 
0 0 60 44 0 0 
0 0 60 44 0 0 
0 0 60 44 0 0 
0 0 60 44 0 0 
0 0 60 44 0 0 
0 0 60 44 0 0 
0 0 0 0 28 0 
0 0 0 0 28 0 
0 0 0 0 28 0 
0 0 0 0 28 0 
0 0 0 0 28 0 
0 0 0 0 28 0 
0 0 0 0 28 0 
0 0 0 0 28 0 
0 0 0 0 28 0 
0 0 0 0 28 0 
0 51 0 46 0 0 
0 51 0 46 0 0 
0 51 0 46 0 0 
0 51 0 46 0 0 
0 51 0 46 0 0 
0 51 0 46 0 0 
0 51 0 46 0 0 
0 51 0 46 0 0 
0 51 0 46 0 0 
0 51 0 46 0 0 
0 0 20 0 0 0 
0 0 20 0 0 0 
0 0 20 0 0 0 
0 0 20 0 0 0 
0 0 20 0 0 0 
0 0 20 0 0 0 
0 0 20 0 0 0 
0 0 20 0 0 0 
0 0 20 0 0 0 
0 0 20 0 0 0 
0 0 0 0 18 0 
0 0 0 0 18 0 
0 0 0 0 18 0 
0 0 0 0 18 0 
0 0 0 0 18 0 
0 0 0 0 18 0 
0 0 0 0 18 0 
0 0 0 0 18 0 
0 0 0 0 18 0 
0 0 0 0 18 0 
59 0 0 0 0 0 
59 0 0 0 0 0 
59 0 0 0 0 0 
59 0 0 0 0 0 
59 0 0 0 0 0 
59 0 0 0 0 0 
59 0 0 0 0 0 
59 0 0 0 0 0 
59 0 0 0 0 0 
59 0 0 0 0 0 
50 0 0 16 0 0 
50 0 0 16 0 0 
50 0 0 16 0 0 
50 0 0 16 0 0 
50 0 0 16 0 0 
50 0 0 16 0 0 
50 0 0 16 0 0 
50 0 0 16 0 0 
50 0 0 16 0 0 
50 0 0 16 0 0 
0 0 40 0 31 0 
0 0 40 0 31 0 
0 0 40 0 31 0 
0 0 40 0 31 0 
0 0 40 0 31 0 
0 0 40 0 31 0 
0 0 40 0 31 0 
0 0 40 0 31 0 
0 0 40 0 31 0 
0 0 40 0 31 0 
0 0 40 0 37 0 
0 0 40 0 37 0 
0 0 40 0 37 0 
0 0 40 0 37 0 
0 0 40 0 37 0 
0 0 40 0 37 0 
0 0 40 0 37 0 
0 0 40 0 37 0 
0 0 40 0 37 0 
0 0 40 0 37 0 
37 0 0 0 0 0 
37 0 0 0 0 0 
37 0 0 0 0 0 
37 0 0 0 0 0 
37 0 0 0 0 0 
37 0 0 0 0 0 
37 0 0 0 0 0 
37 0 0 0 0 0 
37 0 0 0 0 0 
37 0 0 0 0 0 
52 0 0 0 0 0 
52 0 0 0 0 0 
52 0 0 0 0 0 
52 0 0 0 0 0 
52 0 0 0 0 0 
52 0 0 0 0 0 
52 0 0 0 0 0 
52 0 0 0 0 0 
52 0 0 0 0 0 
52 0 0 0 0 0 
0 0 0 0 58 0 
0 0 0 0 58 0 
0 0 0 0 58 0 
0 0 0 0 58 0 
0 0 0 0 58 0 
0 0 0 0 58 0 
0 0 0 0 58 0 
0 0 0 0 58 0 
0 0 0 0 58 0 
0 0 0 0 58 0 
0 0 17 0 0 0 
0 0 17 0 0 0 
0 0 17 0 0 0 
0 0 17 0 0 0 
0 0 17 0 0 0 
0 0 17 0 0 0 
0 0 17 0 0 0 
0 0 17 0 0 0 
0 0 17 0 0 0 
0 0 17 0 0 0 
28 0 0 0 0 0 
28 0 0 0 0 0 
28 0 0 0 0 0 
28 0 0 0 0 0 
28 0 0 0 0 0 
28 0 0 0 0 0 
28 0 0 0 0 0 
28 0 0 0 0 0 
28 0 0 0 0 0 
28 0 0 0 0 0 
0 0 34 57 0 0 
0 0 34 57 0 0 
0 0 34 57 0 0 
0 0 34 57 0 0 
0 0 34 57 0 0 
0 0 34 57 0 0 
0 0 34 57 0 0 
0 0 34 57 0 0 
0 0 34 57 0 0 
0 0 34 57 0 0 
0 0 0 23 0 0 
0 0 0 23 0 0 
0 0 0 23 0 0 
0 0 0 23 0 0 
0 0 0 23 0 0 
0 0 0 23 0 0 
0 0 0 23 0 0 
0 0 0 23 0 0 
0 0 0 23 0 0 
0 0 0 23 0 0 
0 39 0 0 0 0 
0 39 0 0 0 0 
0 39 0 0 0 0 
0 39 0 0 0 0 
0 39 0 0 0 0 
0 39 0 0 0 0 
0 39 0 0 0 0 
0 39 0 0 0 0 
0 39 0 0 0 0 
0 39 0 0 0 0 
0 0 0 0 16 0 
0 0 0 0 16 0 
0 0 0 0 16 0 
0 0 0 0 16 0 
0 0 0 0 16 0 
0 0 0 0 16 0 
0 0 0 0 16 0 
0 0 0 0 16 0 
0 0 0 0 16 0 
0 0 0 0 16 0 
0 51 0 0 20 0 
0 51 0 0 20 0 
0 51 0 0 20 0 
0 51 0 0 20 0 
0 51 0 0 20 0 
0 51 0 0 20 0 
0 51 0 0 20 0 
0 51 0 0 20 0 
0 51 0 0 20 0 
0 51 0 0 20 0 
29 0 0 0 0 23 
29 0 0 0 0 23 
29 0 0 0 0 23 
29 0 0 0 0 23 
29 0 0 0 0 23 
29 0 0 0 0 23 
29 0 0 0 0 23 
29 0 0 0 0 23 
29 0 0 0 0 23 
29 0 0 0 0 23 
0 0 33 0 0 0 
0 0 33 0 0 0 
0 0 33 0 0 0 
0 0 33 0 0 0 
0 0 33 0 0 0 
0 0 33 0 0 0 
0 0 33 0 0 0 
0 0 33 0 0 0 
0 0 33 0 0 0 
0 0 33 0 0 0 
0 0 0 45 0 0 
0 0 0 45 0 0 
0 0 0 45 0 0 
0 0 0 45 0 0 
0 0 0 45 0 0 
0 0 0 45 0 0 
0 0 0 45 0 0 
0 0 0 45 0 0 
0 0 0 45 0 0 
0 0 0 45 0 0 
0 0 0 0 28 0 
0 0 0 0 28 0 
0 0 0 0 28 0 
0 0 0 0 28 0 
0 0 0 0 28 0 
0 0 0 0 28 0 
0 0 0 0 28 0 
0 0 0 0 28 0 
0 0 0 0 28 0 
0 0 0 0 28 0 
0 0 59 0 0 0 
0 0 59 0 0 0 
0 0 59 0 0 0 
0 0 59 0 0 0 
0 0 59 0 0 0 
0 0 59 0 0 0 
0 0 59 0 0 0 
0 0 59 0 0 0 
0 0 59 0 0 0 
0 0 59 0 0 0 
0.0 0.0 0.0 0.0 0.0 0.0 
0.0 0.0 0.0 0.0 0.0 0.0 
0.0 0.0 0.0 0.0 0.0 0.0 
0.0 0.0 0.0 0.0 0.0 0.0 
0.0 0.0 0.0 0.0 0.0 0.0 
0.0 0.0 0.0 0.0 0.0 0.0 
0.0 0.0 0.0 0.0 0.0 0.0 
0.0 0.0 0.0 0.0 0.0 0.0 
0.0 0.0 0.0 0.0 0.0 0.0 
0.0 0.0 0.0 0.0 0.0 0.0 
mind
0 0 0 0 0 0 0 0 0 0 0 0 12 0 0 0 15 11 0 0 0 0 0 0 0 0 0 13 0 12 0 0 0 26 0 29 0 0 0 0 0 0 0 0 0 25 0 0 0 0 0 0
maxd
0 0 0 0 0 0 0 0 0 0 0 0 19 0 0 0 15 24 0 0 0 0 0 0 0 0 0 25 0 19 0 0 0 28 0 30 0 0 0 0 0 0 0 0 0 26 0 0 0 0 0 0
e
0 802 726 766 553 711 557 640 911 841 813 754 655 885 554 844 566 681 804 731 918 922 699 894 640 497 802 910 542 602 694 763 547 804 608 618 699 902 814 493 737 895 872 906 842 569 638 927 762 627 579 0
l
99999 922 846 886 673 831 677 760 1031 961 933 874 775 1005 674 964 686 801 924 851 1038 1042 819 1014 760 617 922 1030 662 722 814 883 667 924 728 738 819 1022 934 613 857 1015 992 1026 962 689 758 1047 882 747 699 99999
