nbNodes
52
nbVehi
10
nbServi
6
r
1 1 1 1 1 1 
0 0 0 0 0 1 
0 0 1 0 0 0 
0 1 0 0 0 1 
0 0 0 1 0 0 
1 0 0 0 0 0 
0 0 0 0 0 1 
1 0 0 1 0 0 
0 0 0 1 0 0 
0 0 1 0 0 0 
0 0 1 0 0 0 
1 0 0 0 1 0 
0 1 0 1 0 0 
1 0 0 0 0 0 
1 0 0 0 0 1 
0 0 0 0 0 1 
0 0 0 0 1 0 
1 0 0 0 0 0 
0 0 0 1 0 0 
0 0 1 1 0 0 
0 0 0 0 0 1 
0 0 1 0 0 1 
0 1 0 0 1 0 
0 0 1 0 0 0 
0 1 0 0 0 1 
0 1 0 1 0 0 
0 0 1 0 0 0 
0 0 0 0 0 1 
0 1 0 0 0 0 
0 0 0 0 1 0 
0 1 0 0 0 0 
0 1 0 0 0 0 
1 0 0 0 0 0 
1 0 0 0 0 1 
0 0 0 1 0 0 
1 0 0 0 1 0 
0 1 0 0 0 0 
1 0 0 0 0 0 
1 0 0 0 0 1 
0 0 0 0 0 1 
0 1 0 0 0 0 
0 0 0 0 1 0 
0 1 0 0 0 1 
1 0 0 0 1 0 
0 1 0 0 0 0 
0 1 0 0 0 0 
0 1 0 0 1 0 
0 0 1 0 0 0 
0 0 0 1 0 0 
0 1 0 0 0 0 
0 1 0 0 0 0 
1 1 1 1 1 1 
DS
4 8 12 13 15 20 22 23 25 26 34 36 39 43 44 47 
a
1 1 1 0 0 0 
1 1 1 0 0 0 
1 1 1 0 0 0 
1 1 1 0 0 0 
1 1 1 0 0 0 
0 0 0 1 1 1 
0 0 0 1 0 1 
0 0 0 1 1 1 
0 0 0 1 0 0 
0 0 0 0 1 1 
x
-30.0361 -30.0057 -30.0361 -30.0873 -30.0046 -30.027 -30.0873 -30.0159 -30.0283 -30.0364 -30.0431 -30.0893 -30.0322 -30.0205 -30.0375 -30.0104 -30.0328 -30.0337 -30.0172 -30.0162 -30.0268 -30.015 -30.0318 -30.0201 -30.0051 -30.0162 -30.0424 -30.0282 -30.0413 -30.0407 -30.0417 -30.0328 -30.0168 -30.0854 -30.0142 -30.0359 -29.978 -30.0178 -30.0943 -30.0366 -30.0146 -30.0865 -30.0087 -30.0925 -30.0868 -30.0236 -30.0058 -30.0079 -30.0161 -30.028 -30.0106 -30.0361
y
-51.1489 -51.1957 -51.1489 -51.1146 -51.1815 -51.0886 -51.1298 -51.1928 -51.0895 -51.1109 -51.1073 -51.1225 -51.1144 -51.1365 -51.1109 -51.1646 -51.1135 -51.11 -51.122 -51.174 -51.144 -51.1813 -51.1134 -51.2105 -51.2007 -51.1774 -51.1067 -51.089 -51.0936 -51.1606 -51.127 -51.1148 -51.1951 -51.1149 -51.1983 -51.1112 -51.1986 -51.1768 -51.13 -51.1129 -51.1769 -51.1312 -51.1923 -51.1249 -51.1247 -51.0914 -51.1816 -51.1931 -51.2 -51.1025 -51.2014 -51.1489
d
0.00000 12.00000 0.00000 16.00000 11.00000 17.00000 15.00000 11.00000 18.00000 9.00000 11.00000 16.00000 10.00000 6.00000 10.00000 8.00000 9.00000 11.00000 11.00000 9.00000 4.00000 10.00000 9.00000 14.00000 13.00000 10.00000 10.00000 17.00000 12.00000 4.00000 8.00000 10.00000 12.00000 16.00000 13.00000 9.00000 17.00000 9.00000 15.00000 10.00000 10.00000 14.00000 12.00000 17.00000 16.00000 15.00000 11.00000 13.00000 12.00000 14.00000 14.00000 0.00000
11.00000 0.00000 11.00000 23.00000 5.00000 21.00000 22.00000 4.00000 22.00000 18.00000 20.00000 23.00000 18.00000 13.00000 19.00000 8.00000 18.00000 20.00000 13.00000 5.00000 12.00000 5.00000 18.00000 6.00000 1.00000 6.00000 19.00000 22.00000 21.00000 11.00000 17.00000 18.00000 5.00000 23.00000 3.00000 18.00000 6.00000 6.00000 22.00000 19.00000 5.00000 22.00000 2.00000 24.00000 23.00000 19.00000 5.00000 1.00000 4.00000 19.00000 3.00000 11.00000
0.00000 12.00000 0.00000 16.00000 11.00000 17.00000 15.00000 11.00000 18.00000 9.00000 11.00000 16.00000 10.00000 6.00000 10.00000 8.00000 9.00000 11.00000 11.00000 9.00000 4.00000 10.00000 9.00000 14.00000 13.00000 10.00000 10.00000 17.00000 12.00000 4.00000 8.00000 10.00000 12.00000 16.00000 13.00000 9.00000 17.00000 9.00000 15.00000 10.00000 10.00000 14.00000 12.00000 17.00000 16.00000 15.00000 11.00000 13.00000 12.00000 14.00000 14.00000 0.00000
17.00000 25.00000 17.00000 0.00000 24.00000 24.00000 7.00000 23.00000 25.00000 17.00000 17.00000 4.00000 18.00000 21.00000 17.00000 23.00000 17.00000 19.00000 21.00000 22.00000 18.00000 22.00000 18.00000 25.00000 25.00000 22.00000 16.00000 24.00000 16.00000 16.00000 18.00000 18.00000 23.00000 1.00000 24.00000 17.00000 28.00000 22.00000 6.00000 17.00000 22.00000 7.00000 24.00000 4.00000 3.00000 23.00000 24.00000 25.00000 24.00000 20.00000 25.00000 17.00000
10.00000 4.00000 10.00000 24.00000 0.00000 20.00000 23.00000 7.00000 21.00000 17.00000 18.00000 24.00000 17.00000 12.00000 18.00000 5.00000 17.00000 19.00000 12.00000 5.00000 11.00000 4.00000 17.00000 9.00000 5.00000 5.00000 18.00000 20.00000 20.00000 11.00000 16.00000 17.00000 7.00000 23.00000 6.00000 17.00000 7.00000 5.00000 23.00000 18.00000 4.00000 22.00000 4.00000 25.00000 24.00000 18.00000 2.00000 4.00000 7.00000 18.00000 6.00000 10.00000
17.00000 21.00000 17.00000 26.00000 19.00000 0.00000 25.00000 22.00000 2.00000 11.00000 12.00000 25.00000 9.00000 14.00000 11.00000 16.00000 9.00000 9.00000 9.00000 18.00000 16.00000 21.00000 9.00000 25.00000 22.00000 20.00000 11.00000 2.00000 13.00000 17.00000 12.00000 9.00000 22.00000 25.00000 22.00000 11.00000 26.00000 19.00000 25.00000 11.00000 20.00000 24.00000 21.00000 26.00000 25.00000 3.00000 19.00000 21.00000 23.00000 6.00000 23.00000 17.00000
14.00000 22.00000 14.00000 7.00000 21.00000 24.00000 0.00000 20.00000 25.00000 17.00000 18.00000 5.00000 17.00000 18.00000 17.00000 20.00000 16.00000 18.00000 18.00000 19.00000 15.00000 19.00000 16.00000 22.00000 23.00000 19.00000 17.00000 24.00000 17.00000 13.00000 15.00000 17.00000 20.00000 7.00000 21.00000 17.00000 26.00000 19.00000 7.00000 17.00000 19.00000 2.00000 21.00000 7.00000 4.00000 22.00000 21.00000 22.00000 21.00000 21.00000 22.00000 14.00000
11.00000 4.00000 11.00000 21.00000 5.00000 22.00000 20.00000 0.00000 23.00000 17.00000 18.00000 21.00000 17.00000 14.00000 17.00000 8.00000 17.00000 19.00000 14.00000 5.00000 12.00000 4.00000 17.00000 5.00000 5.00000 5.00000 17.00000 22.00000 20.00000 9.00000 15.00000 17.00000 2.00000 21.00000 2.00000 17.00000 9.00000 5.00000 20.00000 17.00000 5.00000 20.00000 5.00000 22.00000 21.00000 20.00000 5.00000 4.00000 3.00000 20.00000 3.00000 11.00000
18.00000 22.00000 18.00000 26.00000 20.00000 2.00000 26.00000 23.00000 0.00000 12.00000 13.00000 26.00000 10.00000 15.00000 12.00000 17.00000 10.00000 10.00000 10.00000 19.00000 16.00000 21.00000 9.00000 26.00000 23.00000 21.00000 12.00000 1.00000 14.00000 18.00000 13.00000 10.00000 23.00000 26.00000 23.00000 12.00000 27.00000 20.00000 25.00000 12.00000 21.00000 25.00000 21.00000 27.00000 26.00000 4.00000 20.00000 22.00000 24.00000 7.00000 24.00000 18.00000
9.00000 19.00000 9.00000 18.00000 18.00000 11.00000 17.00000 17.00000 11.00000 0.00000 4.00000 18.00000 4.00000 11.00000 2.00000 15.00000 3.00000 3.00000 7.00000 16.00000 10.00000 16.00000 3.00000 20.00000 19.00000 16.00000 3.00000 11.00000 6.00000 10.00000 5.00000 4.00000 17.00000 18.00000 18.00000 2.00000 22.00000 16.00000 17.00000 2.00000 16.00000 17.00000 18.00000 19.00000 18.00000 9.00000 18.00000 19.00000 18.00000 7.00000 19.00000 9.00000
11.00000 20.00000 11.00000 19.00000 19.00000 12.00000 19.00000 18.00000 13.00000 4.00000 0.00000 19.00000 5.00000 13.00000 5.00000 16.00000 5.00000 6.00000 9.00000 18.00000 12.00000 17.00000 5.00000 21.00000 21.00000 18.00000 4.00000 13.00000 6.00000 11.00000 6.00000 5.00000 18.00000 18.00000 19.00000 4.00000 24.00000 17.00000 19.00000 5.00000 18.00000 18.00000 20.00000 20.00000 19.00000 11.00000 19.00000 20.00000 19.00000 8.00000 20.00000 11.00000
17.00000 24.00000 17.00000 3.00000 23.00000 26.00000 5.00000 22.00000 27.00000 19.00000 20.00000 0.00000 19.00000 20.00000 19.00000 23.00000 19.00000 20.00000 20.00000 22.00000 18.00000 21.00000 19.00000 24.00000 25.00000 21.00000 18.00000 27.00000 18.00000 16.00000 17.00000 19.00000 22.00000 4.00000 23.00000 19.00000 28.00000 21.00000 5.00000 19.00000 22.00000 6.00000 24.00000 4.00000 2.00000 24.00000 23.00000 24.00000 23.00000 22.00000 24.00000 17.00000
10.00000 18.00000 10.00000 18.00000 16.00000 9.00000 18.00000 17.00000 10.00000 4.00000 5.00000 18.00000 0.00000 11.00000 4.00000 13.00000 1.00000 3.00000 6.00000 15.00000 10.00000 16.00000 1.00000 20.00000 19.00000 16.00000 4.00000 10.00000 7.00000 10.00000 5.00000 2.00000 17.00000 18.00000 18.00000 4.00000 23.00000 16.00000 17.00000 4.00000 16.00000 17.00000 17.00000 19.00000 18.00000 8.00000 16.00000 18.00000 18.00000 6.00000 19.00000 10.00000
6.00000 13.00000 6.00000 19.00000 11.00000 12.00000 18.00000 14.00000 13.00000 11.00000 12.00000 19.00000 10.00000 0.00000 11.00000 8.00000 10.00000 11.00000 6.00000 10.00000 3.00000 12.00000 9.00000 16.00000 13.00000 12.00000 11.00000 13.00000 14.00000 10.00000 10.00000 10.00000 14.00000 19.00000 14.00000 11.00000 18.00000 11.00000 18.00000 11.00000 11.00000 18.00000 12.00000 20.00000 19.00000 11.00000 11.00000 13.00000 15.00000 10.00000 15.00000 6.00000
10.00000 19.00000 10.00000 18.00000 18.00000 11.00000 17.00000 17.00000 12.00000 2.00000 4.00000 18.00000 4.00000 11.00000 0.00000 15.00000 3.00000 4.00000 7.00000 17.00000 10.00000 16.00000 4.00000 20.00000 20.00000 16.00000 4.00000 12.00000 6.00000 10.00000 5.00000 4.00000 17.00000 18.00000 18.00000 2.00000 23.00000 16.00000 17.00000 3.00000 17.00000 17.00000 19.00000 19.00000 18.00000 10.00000 18.00000 19.00000 18.00000 8.00000 19.00000 10.00000
7.00000 6.00000 7.00000 21.00000 5.00000 17.00000 20.00000 7.00000 18.00000 15.00000 16.00000 21.00000 15.00000 9.00000 15.00000 0.00000 14.00000 16.00000 9.00000 3.00000 8.00000 6.00000 14.00000 10.00000 7.00000 5.00000 15.00000 18.00000 17.00000 8.00000 13.00000 15.00000 7.00000 21.00000 7.00000 15.00000 11.00000 4.00000 20.00000 15.00000 5.00000 19.00000 6.00000 22.00000 21.00000 15.00000 4.00000 6.00000 8.00000 15.00000 8.00000 7.00000
9.00000 17.00000 9.00000 18.00000 16.00000 9.00000 17.00000 17.00000 10.00000 3.00000 5.00000 18.00000 1.00000 10.00000 3.00000 13.00000 0.00000 3.00000 5.00000 15.00000 10.00000 16.00000 1.00000 19.00000 18.00000 16.00000 4.00000 9.00000 6.00000 10.00000 5.00000 1.00000 17.00000 17.00000 18.00000 3.00000 22.00000 15.00000 17.00000 3.00000 16.00000 16.00000 17.00000 19.00000 18.00000 7.00000 16.00000 18.00000 18.00000 5.00000 19.00000 9.00000
11.00000 20.00000 11.00000 20.00000 18.00000 9.00000 19.00000 19.00000 10.00000 3.00000 6.00000 20.00000 3.00000 13.00000 4.00000 15.00000 3.00000 0.00000 8.00000 17.00000 12.00000 18.00000 3.00000 21.00000 20.00000 18.00000 6.00000 10.00000 8.00000 12.00000 6.00000 3.00000 19.00000 19.00000 20.00000 3.00000 24.00000 17.00000 19.00000 5.00000 18.00000 18.00000 19.00000 21.00000 20.00000 8.00000 18.00000 20.00000 19.00000 6.00000 21.00000 11.00000
11.00000 14.00000 11.00000 19.00000 13.00000 9.00000 18.00000 15.00000 10.00000 7.00000 8.00000 19.00000 7.00000 7.00000 7.00000 10.00000 6.00000 8.00000 0.00000 12.00000 9.00000 14.00000 6.00000 18.00000 15.00000 13.00000 8.00000 9.00000 10.00000 11.00000 6.00000 7.00000 15.00000 19.00000 15.00000 7.00000 19.00000 12.00000 18.00000 8.00000 13.00000 18.00000 14.00000 20.00000 19.00000 7.00000 13.00000 14.00000 16.00000 7.00000 16.00000 11.00000
8.00000 5.00000 8.00000 22.00000 4.00000 18.00000 21.00000 5.00000 19.00000 15.00000 16.00000 22.00000 16.00000 11.00000 15.00000 5.00000 15.00000 17.00000 11.00000 0.00000 9.00000 3.00000 15.00000 7.00000 6.00000 3.00000 16.00000 19.00000 18.00000 9.00000 14.00000 15.00000 5.00000 21.00000 6.00000 15.00000 10.00000 1.00000 21.00000 16.00000 2.00000 20.00000 5.00000 23.00000 22.00000 17.00000 4.00000 5.00000 6.00000 17.00000 7.00000 8.00000
4.00000 12.00000 4.00000 17.00000 10.00000 15.00000 16.00000 13.00000 16.00000 10.00000 11.00000 17.00000 11.00000 4.00000 10.00000 7.00000 10.00000 12.00000 8.00000 9.00000 0.00000 11.00000 10.00000 15.00000 13.00000 11.00000 11.00000 15.00000 13.00000 7.00000 8.00000 10.00000 13.00000 16.00000 13.00000 10.00000 17.00000 10.00000 16.00000 11.00000 11.00000 15.00000 11.00000 18.00000 17.00000 13.00000 10.00000 12.00000 14.00000 13.00000 14.00000 4.00000
9.00000 4.00000 9.00000 22.00000 3.00000 20.00000 21.00000 3.00000 20.00000 16.00000 18.00000 22.00000 17.00000 12.00000 17.00000 7.00000 16.00000 18.00000 12.00000 4.00000 11.00000 0.00000 16.00000 6.00000 5.00000 3.00000 17.00000 20.00000 19.00000 10.00000 15.00000 17.00000 3.00000 22.00000 4.00000 17.00000 9.00000 3.00000 21.00000 17.00000 2.00000 21.00000 4.00000 23.00000 22.00000 18.00000 3.00000 4.00000 4.00000 18.00000 6.00000 9.00000
9.00000 17.00000 9.00000 18.00000 16.00000 8.00000 17.00000 17.00000 9.00000 3.00000 5.00000 18.00000 1.00000 10.00000 4.00000 13.00000 1.00000 3.00000 5.00000 15.00000 10.00000 16.00000 0.00000 19.00000 18.00000 16.00000 4.00000 9.00000 6.00000 10.00000 5.00000 1.00000 17.00000 18.00000 18.00000 4.00000 22.00000 15.00000 17.00000 3.00000 16.00000 16.00000 17.00000 19.00000 18.00000 7.00000 16.00000 17.00000 18.00000 5.00000 19.00000 9.00000
13.00000 4.00000 13.00000 24.00000 7.00000 24.00000 23.00000 4.00000 25.00000 19.00000 21.00000 23.00000 20.00000 16.00000 20.00000 10.00000 19.00000 21.00000 16.00000 8.00000 15.00000 6.00000 19.00000 0.00000 4.00000 7.00000 20.00000 25.00000 22.00000 12.00000 18.00000 20.00000 4.00000 23.00000 4.00000 19.00000 8.00000 7.00000 23.00000 20.00000 8.00000 22.00000 5.00000 24.00000 23.00000 22.00000 8.00000 4.00000 4.00000 22.00000 3.00000 13.00000
13.00000 3.00000 13.00000 25.00000 6.00000 22.00000 24.00000 5.00000 23.00000 20.00000 21.00000 24.00000 20.00000 15.00000 20.00000 9.00000 19.00000 21.00000 15.00000 7.00000 13.00000 6.00000 19.00000 5.00000 0.00000 7.00000 20.00000 23.00000 23.00000 13.00000 18.00000 20.00000 5.00000 24.00000 4.00000 20.00000 7.00000 7.00000 24.00000 20.00000 7.00000 23.00000 3.00000 25.00000 24.00000 21.00000 6.00000 3.00000 6.00000 21.00000 4.00000 13.00000
9.00000 6.00000 9.00000 22.00000 4.00000 19.00000 21.00000 5.00000 20.00000 16.00000 17.00000 22.00000 16.00000 12.00000 16.00000 6.00000 16.00000 18.00000 12.00000 3.00000 10.00000 3.00000 16.00000 7.00000 6.00000 0.00000 16.00000 20.00000 19.00000 9.00000 14.00000 16.00000 5.00000 22.00000 6.00000 16.00000 11.00000 1.00000 21.00000 17.00000 2.00000 21.00000 5.00000 23.00000 22.00000 18.00000 4.00000 6.00000 5.00000 18.00000 7.00000 9.00000
10.00000 19.00000 10.00000 18.00000 18.00000 11.00000 18.00000 17.00000 12.00000 3.00000 4.00000 18.00000 4.00000 12.00000 4.00000 15.00000 4.00000 6.00000 8.00000 17.00000 11.00000 16.00000 4.00000 20.00000 20.00000 17.00000 0.00000 12.00000 5.00000 10.00000 5.00000 4.00000 17.00000 17.00000 18.00000 4.00000 23.00000 16.00000 18.00000 4.00000 17.00000 17.00000 19.00000 19.00000 18.00000 10.00000 18.00000 19.00000 18.00000 7.00000 20.00000 10.00000
17.00000 21.00000 17.00000 26.00000 20.00000 2.00000 25.00000 22.00000 1.00000 11.00000 13.00000 26.00000 10.00000 14.00000 12.00000 17.00000 9.00000 10.00000 9.00000 19.00000 16.00000 21.00000 9.00000 25.00000 22.00000 21.00000 12.00000 0.00000 14.00000 18.00000 13.00000 10.00000 22.00000 26.00000 23.00000 11.00000 27.00000 19.00000 25.00000 12.00000 20.00000 24.00000 21.00000 27.00000 26.00000 4.00000 20.00000 22.00000 23.00000 7.00000 23.00000 17.00000
12.00000 21.00000 12.00000 17.00000 21.00000 13.00000 18.00000 20.00000 14.00000 6.00000 6.00000 18.00000 7.00000 14.00000 6.00000 18.00000 6.00000 8.00000 10.00000 19.00000 13.00000 19.00000 6.00000 22.00000 22.00000 19.00000 5.00000 13.00000 0.00000 13.00000 8.00000 7.00000 20.00000 17.00000 21.00000 6.00000 25.00000 19.00000 18.00000 6.00000 19.00000 18.00000 21.00000 19.00000 18.00000 11.00000 20.00000 21.00000 21.00000 9.00000 22.00000 12.00000
4.00000 13.00000 4.00000 15.00000 12.00000 16.00000 14.00000 11.00000 17.00000 9.00000 10.00000 15.00000 9.00000 8.00000 9.00000 9.00000 8.00000 10.00000 10.00000 11.00000 6.00000 10.00000 8.00000 14.00000 14.00000 10.00000 9.00000 16.00000 11.00000 0.00000 7.00000 9.00000 11.00000 15.00000 12.00000 9.00000 17.00000 10.00000 14.00000 9.00000 11.00000 13.00000 13.00000 16.00000 15.00000 14.00000 12.00000 13.00000 12.00000 13.00000 13.00000 4.00000
7.00000 16.00000 7.00000 16.00000 16.00000 12.00000 15.00000 15.00000 13.00000 5.00000 6.00000 16.00000 5.00000 9.00000 5.00000 13.00000 4.00000 6.00000 6.00000 14.00000 8.00000 14.00000 5.00000 17.00000 17.00000 14.00000 5.00000 13.00000 8.00000 8.00000 0.00000 5.00000 15.00000 16.00000 16.00000 5.00000 20.00000 13.00000 15.00000 5.00000 14.00000 14.00000 16.00000 17.00000 16.00000 10.00000 16.00000 16.00000 16.00000 9.00000 17.00000 7.00000
9.00000 18.00000 9.00000 18.00000 16.00000 9.00000 17.00000 17.00000 10.00000 4.00000 5.00000 18.00000 2.00000 11.00000 4.00000 13.00000 1.00000 3.00000 6.00000 15.00000 10.00000 16.00000 2.00000 20.00000 18.00000 16.00000 4.00000 10.00000 7.00000 10.00000 5.00000 0.00000 17.00000 18.00000 18.00000 4.00000 22.00000 15.00000 17.00000 4.00000 16.00000 17.00000 17.00000 19.00000 18.00000 8.00000 16.00000 18.00000 18.00000 6.00000 19.00000 9.00000
11.00000 4.00000 11.00000 21.00000 6.00000 22.00000 20.00000 2.00000 23.00000 17.00000 18.00000 21.00000 17.00000 14.00000 17.00000 8.00000 17.00000 19.00000 14.00000 5.00000 12.00000 4.00000 17.00000 4.00000 5.00000 5.00000 17.00000 22.00000 20.00000 9.00000 15.00000 17.00000 0.00000 21.00000 2.00000 17.00000 9.00000 5.00000 20.00000 17.00000 5.00000 20.00000 4.00000 22.00000 21.00000 20.00000 6.00000 4.00000 2.00000 20.00000 3.00000 11.00000
18.00000 25.00000 18.00000 1.00000 25.00000 23.00000 7.00000 23.00000 24.00000 16.00000 17.00000 4.00000 18.00000 21.00000 17.00000 24.00000 17.00000 19.00000 21.00000 23.00000 19.00000 23.00000 17.00000 25.00000 26.00000 23.00000 16.00000 24.00000 15.00000 17.00000 18.00000 17.00000 23.00000 0.00000 25.00000 17.00000 29.00000 22.00000 7.00000 17.00000 23.00000 7.00000 25.00000 5.00000 4.00000 22.00000 24.00000 25.00000 24.00000 20.00000 26.00000 18.00000
13.00000 3.00000 13.00000 24.00000 7.00000 22.00000 23.00000 3.00000 23.00000 19.00000 20.00000 23.00000 20.00000 15.00000 19.00000 10.00000 19.00000 21.00000 15.00000 7.00000 13.00000 6.00000 19.00000 5.00000 4.00000 7.00000 20.00000 23.00000 22.00000 12.00000 17.00000 19.00000 4.00000 23.00000 0.00000 19.00000 8.00000 7.00000 23.00000 20.00000 7.00000 22.00000 3.00000 24.00000 23.00000 21.00000 6.00000 3.00000 3.00000 21.00000 2.00000 13.00000
9.00000 19.00000 9.00000 18.00000 18.00000 11.00000 17.00000 17.00000 12.00000 2.00000 4.00000 18.00000 4.00000 11.00000 2.00000 15.00000 3.00000 3.00000 7.00000 16.00000 10.00000 16.00000 4.00000 20.00000 20.00000 16.00000 3.00000 11.00000 6.00000 10.00000 5.00000 4.00000 17.00000 18.00000 18.00000 0.00000 23.00000 16.00000 17.00000 3.00000 16.00000 17.00000 18.00000 19.00000 18.00000 9.00000 18.00000 19.00000 18.00000 7.00000 19.00000 9.00000
17.00000 7.00000 17.00000 29.00000 8.00000 26.00000 28.00000 10.00000 27.00000 24.00000 25.00000 28.00000 24.00000 19.00000 24.00000 11.00000 24.00000 25.00000 19.00000 11.00000 18.00000 11.00000 23.00000 10.00000 6.00000 11.00000 24.00000 26.00000 27.00000 16.00000 22.00000 24.00000 11.00000 28.00000 9.00000 24.00000 0.00000 12.00000 27.00000 24.00000 11.00000 27.00000 8.00000 29.00000 28.00000 24.00000 9.00000 7.00000 10.00000 25.00000 8.00000 17.00000
8.00000 6.00000 8.00000 22.00000 5.00000 19.00000 21.00000 4.00000 20.00000 16.00000 17.00000 22.00000 16.00000 11.00000 16.00000 5.00000 15.00000 17.00000 11.00000 2.00000 9.00000 3.00000 16.00000 7.00000 7.00000 2.00000 16.00000 19.00000 19.00000 9.00000 14.00000 16.00000 4.00000 22.00000 5.00000 16.00000 11.00000 0.00000 21.00000 16.00000 1.00000 21.00000 6.00000 23.00000 22.00000 17.00000 4.00000 6.00000 5.00000 17.00000 6.00000 8.00000
15.00000 22.00000 15.00000 6.00000 22.00000 25.00000 4.00000 21.00000 25.00000 17.00000 18.00000 5.00000 18.00000 19.00000 17.00000 21.00000 17.00000 19.00000 19.00000 20.00000 16.00000 20.00000 17.00000 22.00000 23.00000 20.00000 18.00000 25.00000 18.00000 14.00000 16.00000 17.00000 21.00000 7.00000 22.00000 17.00000 26.00000 19.00000 0.00000 18.00000 20.00000 3.00000 22.00000 4.00000 4.00000 23.00000 22.00000 22.00000 22.00000 21.00000 23.00000 15.00000
9.00000 18.00000 9.00000 18.00000 18.00000 10.00000 17.00000 17.00000 11.00000 3.00000 5.00000 18.00000 3.00000 11.00000 4.00000 15.00000 2.00000 4.00000 7.00000 16.00000 10.00000 16.00000 3.00000 19.00000 19.00000 16.00000 4.00000 11.00000 7.00000 10.00000 5.00000 3.00000 17.00000 18.00000 18.00000 4.00000 22.00000 16.00000 17.00000 0.00000 16.00000 16.00000 18.00000 19.00000 18.00000 9.00000 17.00000 18.00000 18.00000 7.00000 19.00000 9.00000
9.00000 5.00000 9.00000 23.00000 4.00000 19.00000 22.00000 5.00000 20.00000 17.00000 18.00000 23.00000 17.00000 11.00000 17.00000 6.00000 16.00000 18.00000 12.00000 3.00000 10.00000 2.00000 16.00000 8.00000 6.00000 1.00000 17.00000 20.00000 19.00000 10.00000 15.00000 17.00000 5.00000 23.00000 6.00000 17.00000 11.00000 1.00000 22.00000 17.00000 0.00000 21.00000 5.00000 24.00000 23.00000 18.00000 4.00000 6.00000 6.00000 17.00000 7.00000 9.00000
13.00000 21.00000 13.00000 6.00000 20.00000 23.00000 3.00000 19.00000 24.00000 16.00000 17.00000 5.00000 16.00000 17.00000 16.00000 19.00000 15.00000 17.00000 17.00000 18.00000 14.00000 18.00000 15.00000 21.00000 21.00000 18.00000 16.00000 23.00000 16.00000 12.00000 14.00000 16.00000 19.00000 7.00000 20.00000 16.00000 25.00000 18.00000 6.00000 16.00000 18.00000 0.00000 20.00000 6.00000 4.00000 21.00000 20.00000 21.00000 20.00000 20.00000 21.00000 13.00000
12.00000 2.00000 12.00000 24.00000 6.00000 22.00000 23.00000 4.00000 23.00000 19.00000 20.00000 24.00000 19.00000 14.00000 19.00000 9.00000 19.00000 21.00000 14.00000 6.00000 13.00000 5.00000 18.00000 5.00000 3.00000 6.00000 19.00000 22.00000 22.00000 12.00000 17.00000 19.00000 4.00000 23.00000 2.00000 19.00000 8.00000 7.00000 23.00000 19.00000 6.00000 22.00000 0.00000 24.00000 23.00000 20.00000 6.00000 2.00000 3.00000 20.00000 3.00000 12.00000
17.00000 24.00000 17.00000 4.00000 23.00000 26.00000 5.00000 22.00000 27.00000 19.00000 20.00000 4.00000 19.00000 20.00000 19.00000 23.00000 19.00000 20.00000 20.00000 22.00000 18.00000 21.00000 19.00000 24.00000 25.00000 21.00000 19.00000 27.00000 19.00000 16.00000 17.00000 19.00000 22.00000 5.00000 23.00000 19.00000 28.00000 21.00000 4.00000 19.00000 22.00000 5.00000 24.00000 0.00000 4.00000 24.00000 23.00000 24.00000 23.00000 23.00000 24.00000 17.00000
15.00000 23.00000 15.00000 3.00000 22.00000 25.00000 4.00000 21.00000 26.00000 18.00000 19.00000 2.00000 18.00000 19.00000 18.00000 21.00000 17.00000 19.00000 19.00000 20.00000 16.00000 20.00000 17.00000 22.00000 23.00000 20.00000 18.00000 25.00000 18.00000 14.00000 16.00000 18.00000 21.00000 4.00000 22.00000 18.00000 26.00000 20.00000 4.00000 18.00000 20.00000 4.00000 22.00000 4.00000 0.00000 23.00000 22.00000 23.00000 22.00000 22.00000 23.00000 15.00000
15.00000 19.00000 15.00000 24.00000 18.00000 3.00000 23.00000 20.00000 4.00000 9.00000 11.00000 24.00000 8.00000 12.00000 10.00000 15.00000 7.00000 8.00000 7.00000 17.00000 14.00000 19.00000 7.00000 23.00000 20.00000 18.00000 10.00000 4.00000 12.00000 16.00000 10.00000 8.00000 20.00000 23.00000 20.00000 9.00000 24.00000 17.00000 23.00000 10.00000 18.00000 22.00000 19.00000 25.00000 24.00000 0.00000 18.00000 19.00000 21.00000 5.00000 21.00000 15.00000
10.00000 4.00000 10.00000 24.00000 1.00000 20.00000 23.00000 7.00000 21.00000 18.00000 19.00000 24.00000 18.00000 12.00000 18.00000 5.00000 17.00000 19.00000 12.00000 5.00000 11.00000 5.00000 17.00000 8.00000 5.00000 5.00000 18.00000 21.00000 20.00000 11.00000 16.00000 18.00000 7.00000 24.00000 5.00000 18.00000 8.00000 5.00000 23.00000 18.00000 5.00000 22.00000 4.00000 25.00000 24.00000 18.00000 0.00000 4.00000 6.00000 18.00000 6.00000 10.00000
10.00000 2.00000 10.00000 22.00000 4.00000 20.00000 22.00000 4.00000 21.00000 18.00000 19.00000 22.00000 18.00000 12.00000 18.00000 7.00000 17.00000 19.00000 13.00000 4.00000 11.00000 4.00000 17.00000 5.00000 3.00000 5.00000 18.00000 21.00000 21.00000 10.00000 16.00000 18.00000 4.00000 22.00000 2.00000 18.00000 8.00000 5.00000 21.00000 18.00000 5.00000 21.00000 1.00000 23.00000 22.00000 19.00000 4.00000 0.00000 3.00000 18.00000 3.00000 10.00000
13.00000 3.00000 13.00000 23.00000 7.00000 23.00000 22.00000 4.00000 24.00000 19.00000 20.00000 23.00000 19.00000 15.00000 19.00000 10.00000 19.00000 21.00000 15.00000 7.00000 14.00000 6.00000 19.00000 4.00000 4.00000 7.00000 19.00000 24.00000 22.00000 11.00000 17.00000 19.00000 3.00000 23.00000 2.00000 19.00000 8.00000 7.00000 22.00000 19.00000 7.00000 22.00000 4.00000 24.00000 23.00000 21.00000 7.00000 3.00000 0.00000 21.00000 2.00000 13.00000
13.00000 19.00000 13.00000 22.00000 18.00000 6.00000 21.00000 20.00000 7.00000 7.00000 9.00000 22.00000 5.00000 12.00000 7.00000 14.00000 5.00000 6.00000 7.00000 16.00000 14.00000 19.00000 5.00000 23.00000 20.00000 18.00000 7.00000 7.00000 9.00000 14.00000 9.00000 6.00000 20.00000 22.00000 20.00000 7.00000 24.00000 17.00000 21.00000 8.00000 18.00000 21.00000 19.00000 23.00000 22.00000 5.00000 17.00000 19.00000 21.00000 0.00000 21.00000 13.00000
12.00000 2.00000 12.00000 24.00000 6.00000 22.00000 23.00000 4.00000 23.00000 20.00000 21.00000 24.00000 20.00000 14.00000 20.00000 9.00000 19.00000 21.00000 15.00000 6.00000 13.00000 6.00000 19.00000 6.00000 2.00000 7.00000 20.00000 23.00000 23.00000 12.00000 18.00000 20.00000 4.00000 24.00000 3.00000 20.00000 7.00000 7.00000 23.00000 20.00000 7.00000 23.00000 3.00000 25.00000 24.00000 21.00000 6.00000 3.00000 4.00000 20.00000 0.00000 12.00000
0.00000 12.00000 0.00000 16.00000 11.00000 17.00000 15.00000 11.00000 18.00000 9.00000 11.00000 16.00000 10.00000 6.00000 10.00000 8.00000 9.00000 11.00000 11.00000 9.00000 4.00000 10.00000 9.00000 14.00000 13.00000 10.00000 10.00000 17.00000 12.00000 4.00000 8.00000 10.00000 12.00000 16.00000 13.00000 9.00000 17.00000 9.00000 15.00000 10.00000 10.00000 14.00000 12.00000 17.00000 16.00000 15.00000 11.00000 13.00000 12.00000 14.00000 14.00000 0.00000
p
0.0 0.0 0.0 0.0 0.0 0.0 
0.0 0.0 0.0 0.0 0.0 0.0 
0.0 0.0 0.0 0.0 0.0 0.0 
0.0 0.0 0.0 0.0 0.0 0.0 
0.0 0.0 0.0 0.0 0.0 0.0 
0.0 0.0 0.0 0.0 0.0 0.0 
0.0 0.0 0.0 0.0 0.0 0.0 
0.0 0.0 0.0 0.0 0.0 0.0 
0.0 0.0 0.0 0.0 0.0 0.0 
0.0 0.0 0.0 0.0 0.0 0.0 
0 0 0 0 0 56 
0 0 0 0 0 56 
0 0 0 0 0 56 
0 0 0 0 0 56 
0 0 0 0 0 56 
0 0 0 0 0 56 
0 0 0 0 0 56 
0 0 0 0 0 56 
0 0 0 0 0 56 
0 0 0 0 0 56 
0 0 38 0 0 0 
0 0 38 0 0 0 
0 0 38 0 0 0 
0 0 38 0 0 0 
0 0 38 0 0 0 
0 0 38 0 0 0 
0 0 38 0 0 0 
0 0 38 0 0 0 
0 0 38 0 0 0 
0 0 38 0 0 0 
0 56 0 0 0 40 
0 56 0 0 0 40 
0 56 0 0 0 40 
0 56 0 0 0 40 
0 56 0 0 0 40 
0 56 0 0 0 40 
0 56 0 0 0 40 
0 56 0 0 0 40 
0 56 0 0 0 40 
0 56 0 0 0 40 
0 0 0 37 0 0 
0 0 0 37 0 0 
0 0 0 37 0 0 
0 0 0 37 0 0 
0 0 0 37 0 0 
0 0 0 37 0 0 
0 0 0 37 0 0 
0 0 0 37 0 0 
0 0 0 37 0 0 
0 0 0 37 0 0 
21 0 0 0 0 0 
21 0 0 0 0 0 
21 0 0 0 0 0 
21 0 0 0 0 0 
21 0 0 0 0 0 
21 0 0 0 0 0 
21 0 0 0 0 0 
21 0 0 0 0 0 
21 0 0 0 0 0 
21 0 0 0 0 0 
0 0 0 0 0 41 
0 0 0 0 0 41 
0 0 0 0 0 41 
0 0 0 0 0 41 
0 0 0 0 0 41 
0 0 0 0 0 41 
0 0 0 0 0 41 
0 0 0 0 0 41 
0 0 0 0 0 41 
0 0 0 0 0 41 
50 0 0 43 0 0 
50 0 0 43 0 0 
50 0 0 43 0 0 
50 0 0 43 0 0 
50 0 0 43 0 0 
50 0 0 43 0 0 
50 0 0 43 0 0 
50 0 0 43 0 0 
50 0 0 43 0 0 
50 0 0 43 0 0 
0 0 0 32 0 0 
0 0 0 32 0 0 
0 0 0 32 0 0 
0 0 0 32 0 0 
0 0 0 32 0 0 
0 0 0 32 0 0 
0 0 0 32 0 0 
0 0 0 32 0 0 
0 0 0 32 0 0 
0 0 0 32 0 0 
0 0 36 0 0 0 
0 0 36 0 0 0 
0 0 36 0 0 0 
0 0 36 0 0 0 
0 0 36 0 0 0 
0 0 36 0 0 0 
0 0 36 0 0 0 
0 0 36 0 0 0 
0 0 36 0 0 0 
0 0 36 0 0 0 
0 0 52 0 0 0 
0 0 52 0 0 0 
0 0 52 0 0 0 
0 0 52 0 0 0 
0 0 52 0 0 0 
0 0 52 0 0 0 
0 0 52 0 0 0 
0 0 52 0 0 0 
0 0 52 0 0 0 
0 0 52 0 0 0 
50 0 0 0 37 0 
50 0 0 0 37 0 
50 0 0 0 37 0 
50 0 0 0 37 0 
50 0 0 0 37 0 
50 0 0 0 37 0 
50 0 0 0 37 0 
50 0 0 0 37 0 
50 0 0 0 37 0 
50 0 0 0 37 0 
0 41 0 22 0 0 
0 41 0 22 0 0 
0 41 0 22 0 0 
0 41 0 22 0 0 
0 41 0 22 0 0 
0 41 0 22 0 0 
0 41 0 22 0 0 
0 41 0 22 0 0 
0 41 0 22 0 0 
0 41 0 22 0 0 
29 0 0 0 0 0 
29 0 0 0 0 0 
29 0 0 0 0 0 
29 0 0 0 0 0 
29 0 0 0 0 0 
29 0 0 0 0 0 
29 0 0 0 0 0 
29 0 0 0 0 0 
29 0 0 0 0 0 
29 0 0 0 0 0 
26 0 0 0 0 53 
26 0 0 0 0 53 
26 0 0 0 0 53 
26 0 0 0 0 53 
26 0 0 0 0 53 
26 0 0 0 0 53 
26 0 0 0 0 53 
26 0 0 0 0 53 
26 0 0 0 0 53 
26 0 0 0 0 53 
0 0 0 0 0 30 
0 0 0 0 0 30 
0 0 0 0 0 30 
0 0 0 0 0 30 
0 0 0 0 0 30 
0 0 0 0 0 30 
0 0 0 0 0 30 
0 0 0 0 0 30 
0 0 0 0 0 30 
0 0 0 0 0 30 
0 0 0 0 45 0 
0 0 0 0 45 0 
0 0 0 0 45 0 
0 0 0 0 45 0 
0 0 0 0 45 0 
0 0 0 0 45 0 
0 0 0 0 45 0 
0 0 0 0 45 0 
0 0 0 0 45 0 
0 0 0 0 45 0 
53 0 0 0 0 0 
53 0 0 0 0 0 
53 0 0 0 0 0 
53 0 0 0 0 0 
53 0 0 0 0 0 
53 0 0 0 0 0 
53 0 0 0 0 0 
53 0 0 0 0 0 
53 0 0 0 0 0 
53 0 0 0 0 0 
0 0 0 24 0 0 
0 0 0 24 0 0 
0 0 0 24 0 0 
0 0 0 24 0 0 
0 0 0 24 0 0 
0 0 0 24 0 0 
0 0 0 24 0 0 
0 0 0 24 0 0 
0 0 0 24 0 0 
0 0 0 24 0 0 
0 0 48 60 0 0 
0 0 48 60 0 0 
0 0 48 60 0 0 
0 0 48 60 0 0 
0 0 48 60 0 0 
0 0 48 60 0 0 
0 0 48 60 0 0 
0 0 48 60 0 0 
0 0 48 60 0 0 
0 0 48 60 0 0 
0 0 0 0 0 58 
0 0 0 0 0 58 
0 0 0 0 0 58 
0 0 0 0 0 58 
0 0 0 0 0 58 
0 0 0 0 0 58 
0 0 0 0 0 58 
0 0 0 0 0 58 
0 0 0 0 0 58 
0 0 0 0 0 58 
0 0 49 0 0 44 
0 0 49 0 0 44 
0 0 49 0 0 44 
0 0 49 0 0 44 
0 0 49 0 0 44 
0 0 49 0 0 44 
0 0 49 0 0 44 
0 0 49 0 0 44 
0 0 49 0 0 44 
0 0 49 0 0 44 
0 49 0 0 50 0 
0 49 0 0 50 0 
0 49 0 0 50 0 
0 49 0 0 50 0 
0 49 0 0 50 0 
0 49 0 0 50 0 
0 49 0 0 50 0 
0 49 0 0 50 0 
0 49 0 0 50 0 
0 49 0 0 50 0 
0 0 46 0 0 0 
0 0 46 0 0 0 
0 0 46 0 0 0 
0 0 46 0 0 0 
0 0 46 0 0 0 
0 0 46 0 0 0 
0 0 46 0 0 0 
0 0 46 0 0 0 
0 0 46 0 0 0 
0 0 46 0 0 0 
0 50 0 0 0 39 
0 50 0 0 0 39 
0 50 0 0 0 39 
0 50 0 0 0 39 
0 50 0 0 0 39 
0 50 0 0 0 39 
0 50 0 0 0 39 
0 50 0 0 0 39 
0 50 0 0 0 39 
0 50 0 0 0 39 
0 60 0 19 0 0 
0 60 0 19 0 0 
0 60 0 19 0 0 
0 60 0 19 0 0 
0 60 0 19 0 0 
0 60 0 19 0 0 
0 60 0 19 0 0 
0 60 0 19 0 0 
0 60 0 19 0 0 
0 60 0 19 0 0 
0 0 56 0 0 0 
0 0 56 0 0 0 
0 0 56 0 0 0 
0 0 56 0 0 0 
0 0 56 0 0 0 
0 0 56 0 0 0 
0 0 56 0 0 0 
0 0 56 0 0 0 
0 0 56 0 0 0 
0 0 56 0 0 0 
0 0 0 0 0 56 
0 0 0 0 0 56 
0 0 0 0 0 56 
0 0 0 0 0 56 
0 0 0 0 0 56 
0 0 0 0 0 56 
0 0 0 0 0 56 
0 0 0 0 0 56 
0 0 0 0 0 56 
0 0 0 0 0 56 
0 21 0 0 0 0 
0 21 0 0 0 0 
0 21 0 0 0 0 
0 21 0 0 0 0 
0 21 0 0 0 0 
0 21 0 0 0 0 
0 21 0 0 0 0 
0 21 0 0 0 0 
0 21 0 0 0 0 
0 21 0 0 0 0 
0 0 0 0 19 0 
0 0 0 0 19 0 
0 0 0 0 19 0 
0 0 0 0 19 0 
0 0 0 0 19 0 
0 0 0 0 19 0 
0 0 0 0 19 0 
0 0 0 0 19 0 
0 0 0 0 19 0 
0 0 0 0 19 0 
0 19 0 0 0 0 
0 19 0 0 0 0 
0 19 0 0 0 0 
0 19 0 0 0 0 
0 19 0 0 0 0 
0 19 0 0 0 0 
0 19 0 0 0 0 
0 19 0 0 0 0 
0 19 0 0 0 0 
0 19 0 0 0 0 
0 38 0 0 0 0 
0 38 0 0 0 0 
0 38 0 0 0 0 
0 38 0 0 0 0 
0 38 0 0 0 0 
0 38 0 0 0 0 
0 38 0 0 0 0 
0 38 0 0 0 0 
0 38 0 0 0 0 
0 38 0 0 0 0 
19 0 0 0 0 0 
19 0 0 0 0 0 
19 0 0 0 0 0 
19 0 0 0 0 0 
19 0 0 0 0 0 
19 0 0 0 0 0 
19 0 0 0 0 0 
19 0 0 0 0 0 
19 0 0 0 0 0 
19 0 0 0 0 0 
16 0 0 0 0 24 
16 0 0 0 0 24 
16 0 0 0 0 24 
16 0 0 0 0 24 
16 0 0 0 0 24 
16 0 0 0 0 24 
16 0 0 0 0 24 
16 0 0 0 0 24 
16 0 0 0 0 24 
16 0 0 0 0 24 
0 0 0 52 0 0 
0 0 0 52 0 0 
0 0 0 52 0 0 
0 0 0 52 0 0 
0 0 0 52 0 0 
0 0 0 52 0 0 
0 0 0 52 0 0 
0 0 0 52 0 0 
0 0 0 52 0 0 
0 0 0 52 0 0 
28 0 0 0 35 0 
28 0 0 0 35 0 
28 0 0 0 35 0 
28 0 0 0 35 0 
28 0 0 0 35 0 
28 0 0 0 35 0 
28 0 0 0 35 0 
28 0 0 0 35 0 
28 0 0 0 35 0 
28 0 0 0 35 0 
0 28 0 0 0 0 
0 28 0 0 0 0 
0 28 0 0 0 0 
0 28 0 0 0 0 
0 28 0 0 0 0 
0 28 0 0 0 0 
0 28 0 0 0 0 
0 28 0 0 0 0 
0 28 0 0 0 0 
0 28 0 0 0 0 
50 0 0 0 0 0 
50 0 0 0 0 0 
50 0 0 0 0 0 
50 0 0 0 0 0 
50 0 0 0 0 0 
50 0 0 0 0 0 
50 0 0 0 0 0 
50 0 0 0 0 0 
50 0 0 0 0 0 
50 0 0 0 0 0 
48 0 0 0 0 56 
48 0 0 0 0 56 
48 0 0 0 0 56 
48 0 0 0 0 56 
48 0 0 0 0 56 
48 0 0 0 0 56 
48 0 0 0 0 56 
48 0 0 0 0 56 
48 0 0 0 0 56 
48 0 0 0 0 56 
0 0 0 0 0 54 
0 0 0 0 0 54 
0 0 0 0 0 54 
0 0 0 0 0 54 
0 0 0 0 0 54 
0 0 0 0 0 54 
0 0 0 0 0 54 
0 0 0 0 0 54 
0 0 0 0 0 54 
0 0 0 0 0 54 
0 31 0 0 0 0 
0 31 0 0 0 0 
0 31 0 0 0 0 
0 31 0 0 0 0 
0 31 0 0 0 0 
0 31 0 0 0 0 
0 31 0 0 0 0 
0 31 0 0 0 0 
0 31 0 0 0 0 
0 31 0 0 0 0 
0 0 0 0 15 0 
0 0 0 0 15 0 
0 0 0 0 15 0 
0 0 0 0 15 0 
0 0 0 0 15 0 
0 0 0 0 15 0 
0 0 0 0 15 0 
0 0 0 0 15 0 
0 0 0 0 15 0 
0 0 0 0 15 0 
0 38 0 0 0 21 
0 38 0 0 0 21 
0 38 0 0 0 21 
0 38 0 0 0 21 
0 38 0 0 0 21 
0 38 0 0 0 21 
0 38 0 0 0 21 
0 38 0 0 0 21 
0 38 0 0 0 21 
0 38 0 0 0 21 
17 0 0 0 60 0 
17 0 0 0 60 0 
17 0 0 0 60 0 
17 0 0 0 60 0 
17 0 0 0 60 0 
17 0 0 0 60 0 
17 0 0 0 60 0 
17 0 0 0 60 0 
17 0 0 0 60 0 
17 0 0 0 60 0 
0 22 0 0 0 0 
0 22 0 0 0 0 
0 22 0 0 0 0 
0 22 0 0 0 0 
0 22 0 0 0 0 
0 22 0 0 0 0 
0 22 0 0 0 0 
0 22 0 0 0 0 
0 22 0 0 0 0 
0 22 0 0 0 0 
0 52 0 0 0 0 
0 52 0 0 0 0 
0 52 0 0 0 0 
0 52 0 0 0 0 
0 52 0 0 0 0 
0 52 0 0 0 0 
0 52 0 0 0 0 
0 52 0 0 0 0 
0 52 0 0 0 0 
0 52 0 0 0 0 
0 35 0 0 30 0 
0 35 0 0 30 0 
0 35 0 0 30 0 
0 35 0 0 30 0 
0 35 0 0 30 0 
0 35 0 0 30 0 
0 35 0 0 30 0 
0 35 0 0 30 0 
0 35 0 0 30 0 
0 35 0 0 30 0 
0 0 16 0 0 0 
0 0 16 0 0 0 
0 0 16 0 0 0 
0 0 16 0 0 0 
0 0 16 0 0 0 
0 0 16 0 0 0 
0 0 16 0 0 0 
0 0 16 0 0 0 
0 0 16 0 0 0 
0 0 16 0 0 0 
0 0 0 19 0 0 
0 0 0 19 0 0 
0 0 0 19 0 0 
0 0 0 19 0 0 
0 0 0 19 0 0 
0 0 0 19 0 0 
0 0 0 19 0 0 
0 0 0 19 0 0 
0 0 0 19 0 0 
0 0 0 19 0 0 
0 46 0 0 0 0 
0 46 0 0 0 0 
0 46 0 0 0 0 
0 46 0 0 0 0 
0 46 0 0 0 0 
0 46 0 0 0 0 
0 46 0 0 0 0 
0 46 0 0 0 0 
0 46 0 0 0 0 
0 46 0 0 0 0 
0 32 0 0 0 0 
0 32 0 0 0 0 
0 32 0 0 0 0 
0 32 0 0 0 0 
0 32 0 0 0 0 
0 32 0 0 0 0 
0 32 0 0 0 0 
0 32 0 0 0 0 
0 32 0 0 0 0 
0 32 0 0 0 0 
0.0 0.0 0.0 0.0 0.0 0.0 
0.0 0.0 0.0 0.0 0.0 0.0 
0.0 0.0 0.0 0.0 0.0 0.0 
0.0 0.0 0.0 0.0 0.0 0.0 
0.0 0.0 0.0 0.0 0.0 0.0 
0.0 0.0 0.0 0.0 0.0 0.0 
0.0 0.0 0.0 0.0 0.0 0.0 
0.0 0.0 0.0 0.0 0.0 0.0 
0.0 0.0 0.0 0.0 0.0 0.0 
0.0 0.0 0.0 0.0 0.0 0.0 
mind
0 0 0 0 0 0 0 11 0 0 0 11 19 0 0 0 0 0 0 0 0 20 18 0 0 13 0 0 0 0 0 0 0 0 0 0 0 0 0 0 0 0 14 0 0 0 16 0 0 0 0 0
maxd
0 0 0 0 0 0 0 21 0 0 0 11 24 0 0 0 0 0 0 0 0 28 22 0 0 21 0 0 0 0 0 0 0 0 0 0 0 0 0 0 0 0 22 0 0 0 19 0 0 0 0 0
e
0 570 935 957 704 723 690 543 499 597 587 833 946 744 925 909 879 528 918 930 704 731 491 761 619 866 885 844 783 559 554 584 697 865 959 616 515 705 894 916 709 554 761 808 659 674 611 522 893 950 491 0
l
99999 690 1055 1077 824 843 810 663 619 717 707 953 1066 864 1045 1029 999 648 1038 1050 824 851 611 881 739 986 1005 964 903 679 674 704 817 985 1079 736 635 825 1014 1036 829 674 881 928 779 794 731 642 1013 1070 611 99999
