nbNodes
52
nbVehi
10
nbServi
6
r
1 1 1 1 1 1 
0 0 1 0 0 0 
0 1 0 1 0 0 
1 0 0 0 0 0 
0 0 0 0 0 1 
0 1 0 0 0 0 
0 0 0 1 0 0 
0 0 1 0 0 0 
1 0 0 0 0 0 
0 1 0 0 1 0 
0 0 0 1 0 0 
0 0 1 0 0 0 
0 0 1 0 0 0 
0 0 0 1 0 0 
0 0 0 0 1 0 
0 0 0 0 1 0 
0 1 0 0 0 0 
0 0 0 0 0 1 
0 1 0 0 0 1 
1 0 0 0 0 0 
0 0 1 0 1 0 
1 0 0 0 0 0 
0 0 1 0 0 0 
0 0 0 0 0 1 
0 0 0 0 0 1 
1 0 0 0 0 1 
1 0 0 0 0 1 
0 1 0 0 0 0 
0 0 1 0 0 1 
1 0 0 0 0 0 
0 0 0 1 0 0 
0 1 0 0 0 0 
0 0 0 1 0 0 
0 0 0 1 0 0 
0 0 1 0 0 0 
0 0 0 0 0 1 
0 0 1 0 0 1 
0 0 0 0 1 0 
0 1 0 0 0 0 
1 0 0 0 1 0 
0 1 0 1 0 0 
1 0 0 0 0 1 
1 0 0 0 0 1 
0 1 0 1 0 0 
0 0 1 0 0 1 
0 0 1 0 1 0 
0 0 0 0 1 0 
1 0 0 0 0 0 
0 0 0 0 1 0 
1 0 0 0 1 0 
0 1 0 0 0 0 
1 1 1 1 1 1 
DS
3 10 19 21 26 27 29 37 40 41 42 43 44 45 46 50 
a
1 0 1 0 0 0 
1 1 1 0 0 0 
1 0 1 0 0 0 
0 1 0 0 0 0 
0 1 0 0 0 0 
0 0 0 1 1 0 
0 0 0 1 1 1 
0 0 0 1 0 0 
0 0 0 0 0 1 
0 0 0 1 1 1 
x
-30.0209 -30.0248 -29.9891 -30.0406 -30.0187 -30.0372 -30.0547 -30.0341 -30.0389 -30.0192 -30.0452 -30.0471 -30.001 -30.0272 -30.0373 -30.0336 -30.0209 -30.0253 -30.0491 -30.0259 -30.0239 -30.0141 -30.0455 -30.0447 -30.0239 -30.0137 -30.0489 -30.0432 -30.0473 -30.0333 -30.0392 -29.995 -29.9894 -30.04 -30.0219 -30.0406 -29.9921 -30.0062 -29.9876 -30.0362 -30.0173 -30.0425 -30.0038 -30.0228 -30.0504 -30.0387 -30.0313 -30.0428 -30.0441 -30.0435 -30.0386 -30.0209
y
-51.1567 -51.1445 -51.1362 -51.1712 -51.1911 -51.1722 -51.1482 -51.1872 -51.2001 -51.1062 -51.1875 -51.1467 -51.1026 -51.1006 -51.1073 -51.1175 -51.1567 -51.1922 -51.1961 -51.1002 -51.1779 -51.1924 -51.158 -51.1263 -51.1806 -51.1994 -51.1288 -51.1695 -51.1558 -51.1145 -51.157 -51.1002 -51.105 -51.1447 -51.2097 -51.1423 -51.1078 -51.1052 -51.1082 -51.1056 -51.2135 -51.1826 -51.1292 -51.1523 -51.19 -51.1064 -51.1147 -51.1656 -51.1504 -51.2007 -51.1077 -51.1567
d
0.00000 5.00000 11.00000 8.00000 9.00000 6.00000 11.00000 8.00000 10.00000 13.00000 11.00000 8.00000 15.00000 16.00000 14.00000 13.00000 0.00000 10.00000 12.00000 15.00000 6.00000 10.00000 8.00000 11.00000 7.00000 11.00000 13.00000 8.00000 8.00000 13.00000 6.00000 16.00000 14.00000 8.00000 12.00000 8.00000 13.00000 15.00000 14.00000 15.00000 14.00000 9.00000 9.00000 3.00000 12.00000 14.00000 13.00000 7.00000 7.00000 13.00000 14.00000 0.00000
6.00000 0.00000 11.00000 10.00000 12.00000 8.00000 9.00000 10.00000 12.00000 11.00000 12.00000 6.00000 13.00000 13.00000 12.00000 10.00000 6.00000 12.00000 14.00000 12.00000 8.00000 13.00000 7.00000 9.00000 10.00000 13.00000 10.00000 9.00000 7.00000 11.00000 6.00000 15.00000 13.00000 5.00000 15.00000 5.00000 12.00000 13.00000 13.00000 13.00000 17.00000 10.00000 9.00000 4.00000 13.00000 12.00000 11.00000 9.00000 6.00000 15.00000 12.00000 6.00000
13.00000 10.00000 0.00000 17.00000 14.00000 15.00000 17.00000 16.00000 18.00000 12.00000 20.00000 15.00000 10.00000 14.00000 15.00000 14.00000 13.00000 15.00000 20.00000 14.00000 13.00000 15.00000 16.00000 14.00000 13.00000 15.00000 16.00000 17.00000 16.00000 14.00000 15.00000 10.00000 9.00000 13.00000 17.00000 14.00000 8.00000 12.00000 8.00000 16.00000 17.00000 18.00000 6.00000 12.00000 21.00000 16.00000 13.00000 16.00000 15.00000 19.00000 16.00000 13.00000
8.00000 7.00000 15.00000 0.00000 9.00000 3.00000 8.00000 6.00000 7.00000 13.00000 7.00000 5.00000 16.00000 14.00000 11.00000 9.00000 8.00000 9.00000 8.00000 14.00000 6.00000 9.00000 4.00000 8.00000 6.00000 10.00000 9.00000 2.00000 4.00000 10.00000 4.00000 18.00000 16.00000 5.00000 11.00000 6.00000 15.00000 15.00000 16.00000 12.00000 13.00000 5.00000 13.00000 7.00000 6.00000 11.00000 10.00000 2.00000 4.00000 10.00000 11.00000 8.00000
9.00000 12.00000 14.00000 7.00000 0.00000 7.00000 14.00000 5.00000 7.00000 16.00000 8.00000 11.00000 19.00000 19.00000 18.00000 16.00000 9.00000 3.00000 8.00000 18.00000 5.00000 2.00000 10.00000 15.00000 4.00000 3.00000 16.00000 8.00000 11.00000 16.00000 11.00000 19.00000 17.00000 11.00000 4.00000 13.00000 16.00000 18.00000 17.00000 19.00000 6.00000 7.00000 13.00000 10.00000 9.00000 17.00000 17.00000 8.00000 11.00000 7.00000 18.00000 9.00000
7.00000 9.00000 16.00000 3.00000 7.00000 0.00000 10.00000 5.00000 5.00000 16.00000 5.00000 8.00000 18.00000 17.00000 14.00000 12.00000 7.00000 8.00000 7.00000 17.00000 4.00000 8.00000 7.00000 11.00000 4.00000 9.00000 12.00000 4.00000 7.00000 12.00000 6.00000 21.00000 19.00000 8.00000 10.00000 9.00000 18.00000 18.00000 19.00000 15.00000 12.00000 3.00000 15.00000 8.00000 6.00000 14.00000 13.00000 5.00000 7.00000 8.00000 14.00000 7.00000
11.00000 9.00000 18.00000 8.00000 15.00000 9.00000 0.00000 12.00000 12.00000 13.00000 11.00000 4.00000 15.00000 14.00000 11.00000 9.00000 11.00000 15.00000 11.00000 14.00000 12.00000 15.00000 6.00000 8.00000 12.00000 16.00000 8.00000 8.00000 6.00000 10.00000 7.00000 18.00000 16.00000 5.00000 17.00000 6.00000 15.00000 15.00000 16.00000 12.00000 18.00000 10.00000 15.00000 10.00000 10.00000 11.00000 10.00000 9.00000 6.00000 12.00000 11.00000 11.00000
8.00000 11.00000 16.00000 5.00000 5.00000 5.00000 12.00000 0.00000 4.00000 17.00000 5.00000 9.00000 20.00000 18.00000 15.00000 14.00000 8.00000 4.00000 5.00000 18.00000 4.00000 6.00000 8.00000 12.00000 4.00000 7.00000 14.00000 6.00000 8.00000 14.00000 8.00000 21.00000 19.00000 9.00000 8.00000 11.00000 18.00000 19.00000 19.00000 16.00000 10.00000 5.00000 14.00000 9.00000 6.00000 15.00000 14.00000 6.00000 8.00000 7.00000 15.00000 8.00000
12.00000 14.00000 20.00000 7.00000 8.00000 9.00000 15.00000 5.00000 0.00000 20.00000 5.00000 12.00000 22.00000 21.00000 18.00000 16.00000 12.00000 6.00000 5.00000 21.00000 8.00000 8.00000 11.00000 15.00000 8.00000 8.00000 16.00000 9.00000 11.00000 17.00000 11.00000 24.00000 23.00000 12.00000 7.00000 13.00000 22.00000 22.00000 22.00000 19.00000 8.00000 8.00000 18.00000 13.00000 7.00000 18.00000 17.00000 9.00000 11.00000 5.00000 18.00000 12.00000
15.00000 11.00000 11.00000 15.00000 17.00000 14.00000 12.00000 17.00000 18.00000 0.00000 18.00000 11.00000 7.00000 5.00000 6.00000 7.00000 15.00000 18.00000 20.00000 4.00000 16.00000 18.00000 12.00000 8.00000 16.00000 18.00000 11.00000 14.00000 12.00000 6.00000 11.00000 8.00000 9.00000 10.00000 19.00000 10.00000 8.00000 5.00000 9.00000 6.00000 21.00000 15.00000 8.00000 13.00000 18.00000 8.00000 6.00000 14.00000 11.00000 21.00000 6.00000 15.00000
10.00000 11.00000 19.00000 4.00000 9.00000 5.00000 11.00000 6.00000 4.00000 16.00000 0.00000 8.00000 19.00000 17.00000 15.00000 13.00000 10.00000 7.00000 5.00000 17.00000 7.00000 10.00000 7.00000 11.00000 7.00000 10.00000 13.00000 5.00000 7.00000 13.00000 7.00000 21.00000 19.00000 8.00000 10.00000 10.00000 19.00000 18.00000 20.00000 15.00000 10.00000 5.00000 17.00000 10.00000 3.00000 14.00000 13.00000 5.00000 7.00000 6.00000 15.00000 10.00000
8.00000 6.00000 15.00000 7.00000 12.00000 6.00000 4.00000 9.00000 10.00000 11.00000 10.00000 0.00000 13.00000 11.00000 9.00000 7.00000 8.00000 12.00000 12.00000 12.00000 9.00000 12.00000 5.00000 6.00000 9.00000 13.00000 7.00000 7.00000 5.00000 7.00000 4.00000 15.00000 14.00000 2.00000 14.00000 4.00000 13.00000 13.00000 14.00000 10.00000 16.00000 8.00000 13.00000 7.00000 11.00000 8.00000 8.00000 6.00000 3.00000 13.00000 9.00000 8.00000
17.00000 14.00000 10.00000 18.00000 18.00000 17.00000 15.00000 20.00000 20.00000 7.00000 20.00000 14.00000 0.00000 8.00000 10.00000 11.00000 17.00000 19.00000 22.00000 7.00000 17.00000 19.00000 15.00000 11.00000 17.00000 19.00000 13.00000 17.00000 15.00000 10.00000 14.00000 3.00000 4.00000 13.00000 21.00000 12.00000 4.00000 3.00000 5.00000 11.00000 22.00000 18.00000 9.00000 15.00000 21.00000 12.00000 10.00000 16.00000 13.00000 23.00000 11.00000 17.00000
17.00000 14.00000 14.00000 16.00000 19.00000 15.00000 13.00000 18.00000 19.00000 5.00000 19.00000 12.00000 8.00000 0.00000 5.00000 6.00000 17.00000 20.00000 21.00000 3.00000 18.00000 20.00000 13.00000 9.00000 18.00000 20.00000 12.00000 16.00000 14.00000 5.00000 13.00000 10.00000 12.00000 11.00000 22.00000 11.00000 11.00000 8.00000 12.00000 6.00000 24.00000 17.00000 11.00000 15.00000 20.00000 7.00000 5.00000 15.00000 12.00000 22.00000 6.00000 17.00000
14.00000 12.00000 14.00000 13.00000 18.00000 12.00000 11.00000 16.00000 16.00000 6.00000 16.00000 10.00000 11.00000 5.00000 0.00000 6.00000 14.00000 19.00000 18.00000 5.00000 15.00000 19.00000 11.00000 7.00000 15.00000 20.00000 9.00000 13.00000 11.00000 5.00000 10.00000 12.00000 12.00000 9.00000 20.00000 8.00000 12.00000 9.00000 12.00000 2.00000 23.00000 14.00000 11.00000 13.00000 17.00000 3.00000 5.00000 12.00000 9.00000 19.00000 2.00000 14.00000
12.00000 10.00000 12.00000 11.00000 16.00000 10.00000 9.00000 14.00000 14.00000 7.00000 14.00000 8.00000 9.00000 6.00000 6.00000 0.00000 12.00000 17.00000 16.00000 7.00000 13.00000 17.00000 9.00000 5.00000 13.00000 18.00000 7.00000 11.00000 9.00000 2.00000 8.00000 11.00000 10.00000 7.00000 18.00000 6.00000 9.00000 9.00000 10.00000 7.00000 21.00000 12.00000 9.00000 11.00000 15.00000 5.00000 3.00000 10.00000 7.00000 17.00000 6.00000 12.00000
0.00000 5.00000 11.00000 8.00000 9.00000 6.00000 11.00000 8.00000 10.00000 13.00000 11.00000 8.00000 15.00000 16.00000 14.00000 13.00000 0.00000 10.00000 12.00000 15.00000 6.00000 10.00000 8.00000 11.00000 7.00000 11.00000 13.00000 8.00000 8.00000 13.00000 6.00000 16.00000 14.00000 8.00000 12.00000 8.00000 13.00000 15.00000 14.00000 15.00000 14.00000 9.00000 9.00000 3.00000 12.00000 14.00000 13.00000 7.00000 7.00000 13.00000 14.00000 0.00000
8.00000 11.00000 15.00000 6.00000 3.00000 6.00000 13.00000 3.00000 6.00000 17.00000 7.00000 11.00000 19.00000 20.00000 17.00000 15.00000 8.00000 0.00000 8.00000 19.00000 3.00000 4.00000 10.00000 14.00000 3.00000 5.00000 15.00000 7.00000 10.00000 15.00000 10.00000 19.00000 18.00000 11.00000 6.00000 12.00000 17.00000 19.00000 18.00000 18.00000 8.00000 7.00000 13.00000 9.00000 8.00000 17.00000 16.00000 8.00000 10.00000 7.00000 17.00000 8.00000
12.00000 14.00000 21.00000 7.00000 9.00000 8.00000 11.00000 6.00000 4.00000 19.00000 4.00000 11.00000 22.00000 20.00000 18.00000 16.00000 12.00000 7.00000 0.00000 20.00000 8.00000 9.00000 9.00000 14.00000 8.00000 9.00000 16.00000 8.00000 9.00000 16.00000 10.00000 24.00000 22.00000 11.00000 9.00000 13.00000 22.00000 21.00000 23.00000 18.00000 10.00000 8.00000 19.00000 13.00000 2.00000 17.00000 16.00000 8.00000 10.00000 4.00000 18.00000 12.00000
17.00000 13.00000 13.00000 16.00000 19.00000 15.00000 14.00000 19.00000 19.00000 4.00000 19.00000 13.00000 7.00000 2.00000 5.00000 7.00000 17.00000 19.00000 21.00000 0.00000 18.00000 19.00000 14.00000 10.00000 18.00000 19.00000 12.00000 16.00000 14.00000 6.00000 13.00000 9.00000 11.00000 11.00000 21.00000 11.00000 10.00000 8.00000 11.00000 6.00000 23.00000 17.00000 10.00000 15.00000 20.00000 7.00000 5.00000 15.00000 12.00000 22.00000 6.00000 17.00000
6.00000 9.00000 13.00000 7.00000 5.00000 6.00000 12.00000 4.00000 6.00000 15.00000 7.00000 9.00000 17.00000 18.00000 16.00000 14.00000 6.00000 6.00000 8.00000 17.00000 0.00000 6.00000 9.00000 12.00000 2.00000 7.00000 14.00000 8.00000 9.00000 14.00000 7.00000 18.00000 16.00000 9.00000 7.00000 10.00000 15.00000 17.00000 16.00000 16.00000 10.00000 7.00000 11.00000 7.00000 8.00000 15.00000 15.00000 7.00000 8.00000 9.00000 16.00000 6.00000
9.00000 13.00000 14.00000 8.00000 4.00000 8.00000 15.00000 6.00000 8.00000 16.00000 10.00000 13.00000 19.00000 19.00000 19.00000 17.00000 9.00000 4.00000 9.00000 18.00000 6.00000 0.00000 12.00000 16.00000 6.00000 3.00000 17.00000 9.00000 12.00000 17.00000 12.00000 19.00000 17.00000 13.00000 5.00000 14.00000 16.00000 18.00000 17.00000 20.00000 7.00000 9.00000 13.00000 11.00000 11.00000 19.00000 18.00000 10.00000 12.00000 8.00000 19.00000 9.00000
8.00000 6.00000 15.00000 5.00000 11.00000 6.00000 7.00000 9.00000 10.00000 12.00000 10.00000 4.00000 15.00000 13.00000 10.00000 9.00000 8.00000 12.00000 10.00000 13.00000 8.00000 12.00000 0.00000 7.00000 8.00000 13.00000 9.00000 4.00000 2.00000 9.00000 3.00000 17.00000 15.00000 4.00000 14.00000 6.00000 15.00000 14.00000 16.00000 11.00000 16.00000 7.00000 13.00000 6.00000 9.00000 10.00000 9.00000 4.00000 3.00000 11.00000 10.00000 8.00000
11.00000 9.00000 13.00000 10.00000 15.00000 9.00000 7.00000 12.00000 13.00000 8.00000 13.00000 6.00000 11.00000 9.00000 6.00000 4.00000 11.00000 15.00000 15.00000 9.00000 12.00000 15.00000 7.00000 0.00000 12.00000 16.00000 3.00000 10.00000 8.00000 5.00000 6.00000 13.00000 11.00000 5.00000 17.00000 5.00000 11.00000 10.00000 11.00000 7.00000 19.00000 10.00000 10.00000 9.00000 14.00000 6.00000 5.00000 9.00000 6.00000 16.00000 6.00000 11.00000
6.00000 9.00000 13.00000 8.00000 5.00000 6.00000 13.00000 4.00000 6.00000 15.00000 8.00000 10.00000 17.00000 18.00000 16.00000 14.00000 6.00000 6.00000 8.00000 17.00000 1.00000 6.00000 9.00000 13.00000 0.00000 7.00000 14.00000 9.00000 9.00000 15.00000 8.00000 18.00000 16.00000 10.00000 7.00000 11.00000 15.00000 17.00000 16.00000 17.00000 10.00000 8.00000 11.00000 7.00000 8.00000 16.00000 15.00000 8.00000 9.00000 9.00000 16.00000 6.00000
11.00000 14.00000 15.00000 10.00000 5.00000 10.00000 17.00000 8.00000 8.00000 17.00000 10.00000 15.00000 20.00000 20.00000 21.00000 19.00000 11.00000 6.00000 9.00000 20.00000 8.00000 3.00000 14.00000 18.00000 7.00000 0.00000 19.00000 11.00000 14.00000 19.00000 13.00000 20.00000 18.00000 14.00000 5.00000 16.00000 17.00000 19.00000 18.00000 22.00000 6.00000 10.00000 14.00000 12.00000 11.00000 20.00000 19.00000 11.00000 14.00000 8.00000 21.00000 11.00000
13.00000 11.00000 16.00000 12.00000 17.00000 11.00000 8.00000 14.00000 15.00000 11.00000 15.00000 8.00000 13.00000 12.00000 9.00000 7.00000 13.00000 17.00000 17.00000 12.00000 14.00000 17.00000 9.00000 3.00000 14.00000 18.00000 0.00000 12.00000 10.00000 7.00000 9.00000 15.00000 14.00000 7.00000 19.00000 7.00000 13.00000 13.00000 14.00000 10.00000 21.00000 13.00000 13.00000 11.00000 16.00000 8.00000 8.00000 11.00000 8.00000 18.00000 9.00000 13.00000
7.00000 8.00000 16.00000 2.00000 8.00000 3.00000 8.00000 6.00000 6.00000 13.00000 7.00000 5.00000 16.00000 14.00000 12.00000 10.00000 7.00000 9.00000 8.00000 14.00000 5.00000 9.00000 4.00000 8.00000 5.00000 10.00000 10.00000 0.00000 4.00000 10.00000 4.00000 18.00000 16.00000 5.00000 11.00000 7.00000 16.00000 15.00000 17.00000 12.00000 13.00000 4.00000 14.00000 7.00000 6.00000 11.00000 10.00000 2.00000 4.00000 9.00000 12.00000 7.00000
8.00000 7.00000 15.00000 7.00000 12.00000 6.00000 6.00000 9.00000 10.00000 12.00000 10.00000 4.00000 15.00000 13.00000 11.00000 9.00000 8.00000 12.00000 10.00000 13.00000 8.00000 12.00000 2.00000 7.00000 8.00000 13.00000 9.00000 6.00000 0.00000 9.00000 3.00000 17.00000 15.00000 4.00000 14.00000 6.00000 15.00000 14.00000 16.00000 11.00000 16.00000 7.00000 13.00000 6.00000 9.00000 10.00000 9.00000 6.00000 3.00000 11.00000 11.00000 8.00000
13.00000 11.00000 12.00000 12.00000 16.00000 11.00000 9.00000 14.00000 14.00000 6.00000 15.00000 8.00000 10.00000 5.00000 5.00000 2.00000 13.00000 17.00000 17.00000 6.00000 13.00000 17.00000 9.00000 5.00000 13.00000 18.00000 8.00000 11.00000 9.00000 0.00000 8.00000 12.00000 10.00000 7.00000 19.00000 7.00000 9.00000 9.00000 10.00000 6.00000 21.00000 12.00000 9.00000 11.00000 15.00000 4.00000 2.00000 11.00000 7.00000 18.00000 5.00000 13.00000
6.00000 6.00000 14.00000 5.00000 10.00000 4.00000 8.00000 7.00000 8.00000 13.00000 8.00000 5.00000 16.00000 14.00000 11.00000 10.00000 6.00000 10.00000 10.00000 14.00000 7.00000 10.00000 4.00000 8.00000 7.00000 11.00000 9.00000 5.00000 5.00000 10.00000 0.00000 18.00000 16.00000 5.00000 12.00000 7.00000 16.00000 15.00000 16.00000 12.00000 14.00000 6.00000 12.00000 5.00000 9.00000 11.00000 10.00000 4.00000 4.00000 11.00000 11.00000 6.00000
17.00000 15.00000 10.00000 20.00000 19.00000 19.00000 17.00000 20.00000 22.00000 9.00000 23.00000 16.00000 3.00000 9.00000 12.00000 13.00000 17.00000 19.00000 24.00000 9.00000 18.00000 19.00000 17.00000 13.00000 18.00000 19.00000 16.00000 19.00000 17.00000 12.00000 16.00000 0.00000 4.00000 15.00000 21.00000 15.00000 4.00000 5.00000 4.00000 13.00000 23.00000 20.00000 10.00000 16.00000 23.00000 14.00000 12.00000 19.00000 15.00000 23.00000 13.00000 17.00000
15.00000 13.00000 8.00000 18.00000 17.00000 17.00000 16.00000 18.00000 21.00000 9.00000 21.00000 14.00000 5.00000 12.00000 13.00000 12.00000 15.00000 17.00000 22.00000 11.00000 16.00000 17.00000 16.00000 11.00000 16.00000 18.00000 14.00000 18.00000 16.00000 11.00000 15.00000 5.00000 0.00000 13.00000 19.00000 13.00000 3.00000 7.00000 2.00000 14.00000 21.00000 19.00000 8.00000 15.00000 22.00000 13.00000 11.00000 17.00000 14.00000 21.00000 14.00000 15.00000
8.00000 5.00000 14.00000 7.00000 12.00000 6.00000 5.00000 9.00000 10.00000 10.00000 10.00000 2.00000 13.00000 11.00000 9.00000 7.00000 8.00000 12.00000 12.00000 12.00000 9.00000 12.00000 4.00000 6.00000 9.00000 13.00000 7.00000 7.00000 5.00000 7.00000 3.00000 15.00000 14.00000 0.00000 14.00000 3.00000 13.00000 13.00000 14.00000 10.00000 16.00000 7.00000 11.00000 6.00000 11.00000 8.00000 8.00000 6.00000 3.00000 13.00000 9.00000 8.00000
12.00000 16.00000 16.00000 11.00000 6.00000 11.00000 18.00000 8.00000 8.00000 19.00000 8.00000 15.00000 20.00000 22.00000 21.00000 20.00000 12.00000 6.00000 8.00000 22.00000 8.00000 5.00000 14.00000 18.00000 8.00000 4.00000 19.00000 12.00000 14.00000 20.00000 14.00000 20.00000 19.00000 15.00000 0.00000 17.00000 18.00000 21.00000 18.00000 22.00000 3.00000 11.00000 15.00000 14.00000 9.00000 21.00000 20.00000 12.00000 14.00000 7.00000 21.00000 12.00000
8.00000 5.00000 14.00000 7.00000 12.00000 6.00000 5.00000 10.00000 10.00000 10.00000 10.00000 4.00000 13.00000 11.00000 9.00000 7.00000 8.00000 13.00000 12.00000 12.00000 9.00000 13.00000 5.00000 6.00000 9.00000 14.00000 7.00000 7.00000 5.00000 7.00000 4.00000 15.00000 14.00000 3.00000 14.00000 0.00000 13.00000 13.00000 14.00000 10.00000 16.00000 8.00000 12.00000 7.00000 11.00000 8.00000 8.00000 6.00000 3.00000 13.00000 9.00000 8.00000
15.00000 13.00000 8.00000 18.00000 16.00000 17.00000 15.00000 18.00000 21.00000 9.00000 21.00000 14.00000 4.00000 10.00000 13.00000 11.00000 15.00000 17.00000 22.00000 10.00000 16.00000 17.00000 15.00000 11.00000 15.00000 17.00000 14.00000 17.00000 16.00000 11.00000 14.00000 3.00000 2.00000 13.00000 19.00000 13.00000 0.00000 6.00000 2.00000 13.00000 21.00000 18.00000 8.00000 14.00000 22.00000 13.00000 11.00000 17.00000 14.00000 21.00000 13.00000 15.00000
16.00000 13.00000 11.00000 17.00000 18.00000 16.00000 15.00000 19.00000 20.00000 5.00000 20.00000 13.00000 3.00000 7.00000 9.00000 10.00000 16.00000 18.00000 22.00000 7.00000 17.00000 18.00000 15.00000 10.00000 17.00000 18.00000 13.00000 17.00000 15.00000 9.00000 14.00000 5.00000 7.00000 12.00000 20.00000 12.00000 6.00000 0.00000 7.00000 10.00000 22.00000 18.00000 9.00000 15.00000 21.00000 11.00000 9.00000 16.00000 13.00000 22.00000 10.00000 16.00000
15.00000 13.00000 8.00000 18.00000 17.00000 17.00000 16.00000 18.00000 21.00000 9.00000 21.00000 14.00000 5.00000 11.00000 13.00000 12.00000 15.00000 17.00000 22.00000 10.00000 16.00000 17.00000 16.00000 11.00000 16.00000 17.00000 14.00000 18.00000 16.00000 12.00000 15.00000 4.00000 2.00000 13.00000 19.00000 13.00000 2.00000 6.00000 0.00000 14.00000 20.00000 19.00000 8.00000 14.00000 22.00000 13.00000 11.00000 17.00000 14.00000 21.00000 14.00000 15.00000
15.00000 13.00000 15.00000 14.00000 19.00000 13.00000 12.00000 16.00000 17.00000 7.00000 17.00000 10.00000 11.00000 5.00000 2.00000 7.00000 15.00000 19.00000 19.00000 6.00000 16.00000 19.00000 12.00000 7.00000 16.00000 20.00000 10.00000 14.00000 12.00000 6.00000 11.00000 13.00000 13.00000 9.00000 21.00000 9.00000 12.00000 10.00000 13.00000 0.00000 23.00000 15.00000 12.00000 14.00000 18.00000 4.00000 6.00000 13.00000 10.00000 20.00000 3.00000 15.00000
13.00000 16.00000 17.00000 11.00000 6.00000 11.00000 19.00000 9.00000 9.00000 20.00000 10.00000 16.00000 20.00000 23.00000 22.00000 20.00000 13.00000 7.00000 9.00000 23.00000 9.00000 6.00000 15.00000 19.00000 9.00000 5.00000 20.00000 12.00000 15.00000 21.00000 15.00000 19.00000 18.00000 16.00000 3.00000 17.00000 17.00000 21.00000 17.00000 23.00000 0.00000 12.00000 16.00000 14.00000 11.00000 22.00000 21.00000 13.00000 15.00000 8.00000 22.00000 13.00000
9.00000 11.00000 18.00000 4.00000 7.00000 5.00000 11.00000 3.00000 4.00000 17.00000 3.00000 9.00000 19.00000 17.00000 15.00000 13.00000 9.00000 6.00000 6.00000 18.00000 6.00000 8.00000 8.00000 12.00000 6.00000 9.00000 13.00000 5.00000 8.00000 13.00000 8.00000 21.00000 20.00000 8.00000 9.00000 10.00000 19.00000 19.00000 20.00000 16.00000 10.00000 0.00000 16.00000 10.00000 4.00000 14.00000 14.00000 5.00000 8.00000 7.00000 15.00000 9.00000
11.00000 8.00000 5.00000 15.00000 12.00000 13.00000 14.00000 14.00000 16.00000 8.00000 18.00000 13.00000 9.00000 11.00000 12.00000 11.00000 11.00000 13.00000 18.00000 10.00000 11.00000 13.00000 14.00000 10.00000 11.00000 13.00000 13.00000 15.00000 14.00000 10.00000 13.00000 9.00000 8.00000 11.00000 15.00000 12.00000 7.00000 8.00000 8.00000 13.00000 16.00000 15.00000 0.00000 10.00000 18.00000 12.00000 10.00000 14.00000 13.00000 17.00000 13.00000 11.00000
3.00000 4.00000 10.00000 9.00000 10.00000 6.00000 9.00000 8.00000 10.00000 12.00000 11.00000 7.00000 14.00000 15.00000 13.00000 11.00000 3.00000 10.00000 12.00000 14.00000 6.00000 11.00000 6.00000 10.00000 8.00000 11.00000 11.00000 8.00000 6.00000 11.00000 5.00000 14.00000 13.00000 6.00000 13.00000 7.00000 12.00000 14.00000 13.00000 14.00000 15.00000 9.00000 8.00000 0.00000 12.00000 12.00000 12.00000 7.00000 6.00000 13.00000 13.00000 3.00000
12.00000 13.00000 21.00000 6.00000 10.00000 8.00000 12.00000 7.00000 5.00000 18.00000 3.00000 10.00000 21.00000 19.00000 17.00000 15.00000 12.00000 8.00000 3.00000 20.00000 9.00000 10.00000 9.00000 14.00000 9.00000 10.00000 15.00000 7.00000 9.00000 15.00000 10.00000 23.00000 22.00000 10.00000 9.00000 12.00000 21.00000 21.00000 22.00000 18.00000 10.00000 6.00000 19.00000 12.00000 0.00000 16.00000 16.00000 7.00000 10.00000 4.00000 17.00000 12.00000
14.00000 12.00000 15.00000 13.00000 18.00000 12.00000 10.00000 15.00000 16.00000 8.00000 16.00000 9.00000 12.00000 7.00000 3.00000 5.00000 14.00000 18.00000 18.00000 7.00000 15.00000 18.00000 10.00000 6.00000 14.00000 19.00000 9.00000 12.00000 10.00000 4.00000 9.00000 14.00000 13.00000 8.00000 20.00000 8.00000 12.00000 11.00000 13.00000 4.00000 22.00000 13.00000 12.00000 12.00000 17.00000 0.00000 5.00000 12.00000 9.00000 19.00000 2.00000 14.00000
14.00000 11.00000 12.00000 13.00000 17.00000 12.00000 10.00000 15.00000 15.00000 6.00000 16.00000 9.00000 9.00000 5.00000 5.00000 3.00000 14.00000 18.00000 18.00000 5.00000 14.00000 18.00000 10.00000 6.00000 14.00000 18.00000 9.00000 12.00000 10.00000 2.00000 9.00000 11.00000 10.00000 8.00000 20.00000 8.00000 9.00000 9.00000 10.00000 5.00000 22.00000 13.00000 9.00000 12.00000 16.00000 5.00000 0.00000 12.00000 8.00000 19.00000 5.00000 14.00000
8.00000 8.00000 16.00000 3.00000 9.00000 4.00000 8.00000 7.00000 8.00000 14.00000 7.00000 6.00000 16.00000 14.00000 12.00000 10.00000 8.00000 10.00000 9.00000 15.00000 6.00000 10.00000 4.00000 9.00000 6.00000 11.00000 10.00000 2.00000 5.00000 10.00000 5.00000 18.00000 17.00000 6.00000 12.00000 7.00000 16.00000 16.00000 17.00000 13.00000 14.00000 5.00000 14.00000 7.00000 7.00000 11.00000 11.00000 0.00000 5.00000 10.00000 12.00000 8.00000
7.00000 6.00000 14.00000 6.00000 11.00000 5.00000 6.00000 9.00000 9.00000 11.00000 9.00000 3.00000 14.00000 12.00000 9.00000 7.00000 7.00000 12.00000 11.00000 12.00000 8.00000 12.00000 3.00000 6.00000 8.00000 13.00000 7.00000 6.00000 3.00000 8.00000 3.00000 16.00000 14.00000 3.00000 13.00000 5.00000 13.00000 13.00000 14.00000 10.00000 16.00000 7.00000 12.00000 6.00000 10.00000 9.00000 8.00000 5.00000 0.00000 12.00000 9.00000 7.00000
12.00000 14.00000 21.00000 7.00000 9.00000 9.00000 12.00000 6.00000 4.00000 20.00000 4.00000 12.00000 22.00000 21.00000 18.00000 16.00000 12.00000 7.00000 2.00000 21.00000 8.00000 9.00000 10.00000 15.00000 8.00000 9.00000 16.00000 8.00000 10.00000 16.00000 11.00000 25.00000 23.00000 12.00000 9.00000 13.00000 22.00000 22.00000 23.00000 19.00000 10.00000 8.00000 19.00000 13.00000 3.00000 18.00000 17.00000 9.00000 11.00000 0.00000 18.00000 12.00000
14.00000 12.00000 15.00000 13.00000 18.00000 12.00000 11.00000 16.00000 16.00000 7.00000 16.00000 10.00000 12.00000 6.00000 2.00000 6.00000 14.00000 19.00000 18.00000 6.00000 15.00000 19.00000 11.00000 7.00000 15.00000 20.00000 9.00000 13.00000 11.00000 5.00000 10.00000 13.00000 13.00000 9.00000 20.00000 8.00000 12.00000 10.00000 13.00000 3.00000 22.00000 14.00000 12.00000 13.00000 17.00000 2.00000 6.00000 12.00000 9.00000 19.00000 0.00000 14.00000
0.00000 5.00000 11.00000 8.00000 9.00000 6.00000 11.00000 8.00000 10.00000 13.00000 11.00000 8.00000 15.00000 16.00000 14.00000 13.00000 0.00000 10.00000 12.00000 15.00000 6.00000 10.00000 8.00000 11.00000 7.00000 11.00000 13.00000 8.00000 8.00000 13.00000 6.00000 16.00000 14.00000 8.00000 12.00000 8.00000 13.00000 15.00000 14.00000 15.00000 14.00000 9.00000 9.00000 3.00000 12.00000 14.00000 13.00000 7.00000 7.00000 13.00000 14.00000 0.00000
p
0.0 0.0 0.0 0.0 0.0 0.0 
0.0 0.0 0.0 0.0 0.0 0.0 
0.0 0.0 0.0 0.0 0.0 0.0 
0.0 0.0 0.0 0.0 0.0 0.0 
0.0 0.0 0.0 0.0 0.0 0.0 
0.0 0.0 0.0 0.0 0.0 0.0 
0.0 0.0 0.0 0.0 0.0 0.0 
0.0 0.0 0.0 0.0 0.0 0.0 
0.0 0.0 0.0 0.0 0.0 0.0 
0.0 0.0 0.0 0.0 0.0 0.0 
0 0 46 0 0 0 
0 0 46 0 0 0 
0 0 46 0 0 0 
0 0 46 0 0 0 
0 0 46 0 0 0 
0 0 46 0 0 0 
0 0 46 0 0 0 
0 0 46 0 0 0 
0 0 46 0 0 0 
0 0 46 0 0 0 
0 15 0 60 0 0 
0 15 0 60 0 0 
0 15 0 60 0 0 
0 15 0 60 0 0 
0 15 0 60 0 0 
0 15 0 60 0 0 
0 15 0 60 0 0 
0 15 0 60 0 0 
0 15 0 60 0 0 
0 15 0 60 0 0 
50 0 0 0 0 0 
50 0 0 0 0 0 
50 0 0 0 0 0 
50 0 0 0 0 0 
50 0 0 0 0 0 
50 0 0 0 0 0 
50 0 0 0 0 0 
50 0 0 0 0 0 
50 0 0 0 0 0 
50 0 0 0 0 0 
0 0 0 0 0 58 
0 0 0 0 0 58 
0 0 0 0 0 58 
0 0 0 0 0 58 
0 0 0 0 0 58 
0 0 0 0 0 58 
0 0 0 0 0 58 
0 0 0 0 0 58 
0 0 0 0 0 58 
0 0 0 0 0 58 
0 22 0 0 0 0 
0 22 0 0 0 0 
0 22 0 0 0 0 
0 22 0 0 0 0 
0 22 0 0 0 0 
0 22 0 0 0 0 
0 22 0 0 0 0 
0 22 0 0 0 0 
0 22 0 0 0 0 
0 22 0 0 0 0 
0 0 0 42 0 0 
0 0 0 42 0 0 
0 0 0 42 0 0 
0 0 0 42 0 0 
0 0 0 42 0 0 
0 0 0 42 0 0 
0 0 0 42 0 0 
0 0 0 42 0 0 
0 0 0 42 0 0 
0 0 0 42 0 0 
0 0 44 0 0 0 
0 0 44 0 0 0 
0 0 44 0 0 0 
0 0 44 0 0 0 
0 0 44 0 0 0 
0 0 44 0 0 0 
0 0 44 0 0 0 
0 0 44 0 0 0 
0 0 44 0 0 0 
0 0 44 0 0 0 
58 0 0 0 0 0 
58 0 0 0 0 0 
58 0 0 0 0 0 
58 0 0 0 0 0 
58 0 0 0 0 0 
58 0 0 0 0 0 
58 0 0 0 0 0 
58 0 0 0 0 0 
58 0 0 0 0 0 
58 0 0 0 0 0 
0 54 0 0 59 0 
0 54 0 0 59 0 
0 54 0 0 59 0 
0 54 0 0 59 0 
0 54 0 0 59 0 
0 54 0 0 59 0 
0 54 0 0 59 0 
0 54 0 0 59 0 
0 54 0 0 59 0 
0 54 0 0 59 0 
0 0 0 16 0 0 
0 0 0 16 0 0 
0 0 0 16 0 0 
0 0 0 16 0 0 
0 0 0 16 0 0 
0 0 0 16 0 0 
0 0 0 16 0 0 
0 0 0 16 0 0 
0 0 0 16 0 0 
0 0 0 16 0 0 
0 0 41 0 0 0 
0 0 41 0 0 0 
0 0 41 0 0 0 
0 0 41 0 0 0 
0 0 41 0 0 0 
0 0 41 0 0 0 
0 0 41 0 0 0 
0 0 41 0 0 0 
0 0 41 0 0 0 
0 0 41 0 0 0 
0 0 31 0 0 0 
0 0 31 0 0 0 
0 0 31 0 0 0 
0 0 31 0 0 0 
0 0 31 0 0 0 
0 0 31 0 0 0 
0 0 31 0 0 0 
0 0 31 0 0 0 
0 0 31 0 0 0 
0 0 31 0 0 0 
0 0 0 50 0 0 
0 0 0 50 0 0 
0 0 0 50 0 0 
0 0 0 50 0 0 
0 0 0 50 0 0 
0 0 0 50 0 0 
0 0 0 50 0 0 
0 0 0 50 0 0 
0 0 0 50 0 0 
0 0 0 50 0 0 
0 0 0 0 39 0 
0 0 0 0 39 0 
0 0 0 0 39 0 
0 0 0 0 39 0 
0 0 0 0 39 0 
0 0 0 0 39 0 
0 0 0 0 39 0 
0 0 0 0 39 0 
0 0 0 0 39 0 
0 0 0 0 39 0 
0 0 0 0 28 0 
0 0 0 0 28 0 
0 0 0 0 28 0 
0 0 0 0 28 0 
0 0 0 0 28 0 
0 0 0 0 28 0 
0 0 0 0 28 0 
0 0 0 0 28 0 
0 0 0 0 28 0 
0 0 0 0 28 0 
0 57 0 0 0 0 
0 57 0 0 0 0 
0 57 0 0 0 0 
0 57 0 0 0 0 
0 57 0 0 0 0 
0 57 0 0 0 0 
0 57 0 0 0 0 
0 57 0 0 0 0 
0 57 0 0 0 0 
0 57 0 0 0 0 
0 0 0 0 0 32 
0 0 0 0 0 32 
0 0 0 0 0 32 
0 0 0 0 0 32 
0 0 0 0 0 32 
0 0 0 0 0 32 
0 0 0 0 0 32 
0 0 0 0 0 32 
0 0 0 0 0 32 
0 0 0 0 0 32 
0 56 0 0 0 51 
0 56 0 0 0 51 
0 56 0 0 0 51 
0 56 0 0 0 51 
0 56 0 0 0 51 
0 56 0 0 0 51 
0 56 0 0 0 51 
0 56 0 0 0 51 
0 56 0 0 0 51 
0 56 0 0 0 51 
52 0 0 0 0 0 
52 0 0 0 0 0 
52 0 0 0 0 0 
52 0 0 0 0 0 
52 0 0 0 0 0 
52 0 0 0 0 0 
52 0 0 0 0 0 
52 0 0 0 0 0 
52 0 0 0 0 0 
52 0 0 0 0 0 
0 0 30 0 39 0 
0 0 30 0 39 0 
0 0 30 0 39 0 
0 0 30 0 39 0 
0 0 30 0 39 0 
0 0 30 0 39 0 
0 0 30 0 39 0 
0 0 30 0 39 0 
0 0 30 0 39 0 
0 0 30 0 39 0 
44 0 0 0 0 0 
44 0 0 0 0 0 
44 0 0 0 0 0 
44 0 0 0 0 0 
44 0 0 0 0 0 
44 0 0 0 0 0 
44 0 0 0 0 0 
44 0 0 0 0 0 
44 0 0 0 0 0 
44 0 0 0 0 0 
0 0 31 0 0 0 
0 0 31 0 0 0 
0 0 31 0 0 0 
0 0 31 0 0 0 
0 0 31 0 0 0 
0 0 31 0 0 0 
0 0 31 0 0 0 
0 0 31 0 0 0 
0 0 31 0 0 0 
0 0 31 0 0 0 
0 0 0 0 0 41 
0 0 0 0 0 41 
0 0 0 0 0 41 
0 0 0 0 0 41 
0 0 0 0 0 41 
0 0 0 0 0 41 
0 0 0 0 0 41 
0 0 0 0 0 41 
0 0 0 0 0 41 
0 0 0 0 0 41 
0 0 0 0 0 28 
0 0 0 0 0 28 
0 0 0 0 0 28 
0 0 0 0 0 28 
0 0 0 0 0 28 
0 0 0 0 0 28 
0 0 0 0 0 28 
0 0 0 0 0 28 
0 0 0 0 0 28 
0 0 0 0 0 28 
52 0 0 0 0 27 
52 0 0 0 0 27 
52 0 0 0 0 27 
52 0 0 0 0 27 
52 0 0 0 0 27 
52 0 0 0 0 27 
52 0 0 0 0 27 
52 0 0 0 0 27 
52 0 0 0 0 27 
52 0 0 0 0 27 
33 0 0 0 0 45 
33 0 0 0 0 45 
33 0 0 0 0 45 
33 0 0 0 0 45 
33 0 0 0 0 45 
33 0 0 0 0 45 
33 0 0 0 0 45 
33 0 0 0 0 45 
33 0 0 0 0 45 
33 0 0 0 0 45 
0 26 0 0 0 0 
0 26 0 0 0 0 
0 26 0 0 0 0 
0 26 0 0 0 0 
0 26 0 0 0 0 
0 26 0 0 0 0 
0 26 0 0 0 0 
0 26 0 0 0 0 
0 26 0 0 0 0 
0 26 0 0 0 0 
0 0 60 0 0 44 
0 0 60 0 0 44 
0 0 60 0 0 44 
0 0 60 0 0 44 
0 0 60 0 0 44 
0 0 60 0 0 44 
0 0 60 0 0 44 
0 0 60 0 0 44 
0 0 60 0 0 44 
0 0 60 0 0 44 
51 0 0 0 0 0 
51 0 0 0 0 0 
51 0 0 0 0 0 
51 0 0 0 0 0 
51 0 0 0 0 0 
51 0 0 0 0 0 
51 0 0 0 0 0 
51 0 0 0 0 0 
51 0 0 0 0 0 
51 0 0 0 0 0 
0 0 0 21 0 0 
0 0 0 21 0 0 
0 0 0 21 0 0 
0 0 0 21 0 0 
0 0 0 21 0 0 
0 0 0 21 0 0 
0 0 0 21 0 0 
0 0 0 21 0 0 
0 0 0 21 0 0 
0 0 0 21 0 0 
0 27 0 0 0 0 
0 27 0 0 0 0 
0 27 0 0 0 0 
0 27 0 0 0 0 
0 27 0 0 0 0 
0 27 0 0 0 0 
0 27 0 0 0 0 
0 27 0 0 0 0 
0 27 0 0 0 0 
0 27 0 0 0 0 
0 0 0 28 0 0 
0 0 0 28 0 0 
0 0 0 28 0 0 
0 0 0 28 0 0 
0 0 0 28 0 0 
0 0 0 28 0 0 
0 0 0 28 0 0 
0 0 0 28 0 0 
0 0 0 28 0 0 
0 0 0 28 0 0 
0 0 0 55 0 0 
0 0 0 55 0 0 
0 0 0 55 0 0 
0 0 0 55 0 0 
0 0 0 55 0 0 
0 0 0 55 0 0 
0 0 0 55 0 0 
0 0 0 55 0 0 
0 0 0 55 0 0 
0 0 0 55 0 0 
0 0 42 0 0 0 
0 0 42 0 0 0 
0 0 42 0 0 0 
0 0 42 0 0 0 
0 0 42 0 0 0 
0 0 42 0 0 0 
0 0 42 0 0 0 
0 0 42 0 0 0 
0 0 42 0 0 0 
0 0 42 0 0 0 
0 0 0 0 0 53 
0 0 0 0 0 53 
0 0 0 0 0 53 
0 0 0 0 0 53 
0 0 0 0 0 53 
0 0 0 0 0 53 
0 0 0 0 0 53 
0 0 0 0 0 53 
0 0 0 0 0 53 
0 0 0 0 0 53 
0 0 18 0 0 26 
0 0 18 0 0 26 
0 0 18 0 0 26 
0 0 18 0 0 26 
0 0 18 0 0 26 
0 0 18 0 0 26 
0 0 18 0 0 26 
0 0 18 0 0 26 
0 0 18 0 0 26 
0 0 18 0 0 26 
0 0 0 0 35 0 
0 0 0 0 35 0 
0 0 0 0 35 0 
0 0 0 0 35 0 
0 0 0 0 35 0 
0 0 0 0 35 0 
0 0 0 0 35 0 
0 0 0 0 35 0 
0 0 0 0 35 0 
0 0 0 0 35 0 
0 54 0 0 0 0 
0 54 0 0 0 0 
0 54 0 0 0 0 
0 54 0 0 0 0 
0 54 0 0 0 0 
0 54 0 0 0 0 
0 54 0 0 0 0 
0 54 0 0 0 0 
0 54 0 0 0 0 
0 54 0 0 0 0 
29 0 0 0 42 0 
29 0 0 0 42 0 
29 0 0 0 42 0 
29 0 0 0 42 0 
29 0 0 0 42 0 
29 0 0 0 42 0 
29 0 0 0 42 0 
29 0 0 0 42 0 
29 0 0 0 42 0 
29 0 0 0 42 0 
0 29 0 23 0 0 
0 29 0 23 0 0 
0 29 0 23 0 0 
0 29 0 23 0 0 
0 29 0 23 0 0 
0 29 0 23 0 0 
0 29 0 23 0 0 
0 29 0 23 0 0 
0 29 0 23 0 0 
0 29 0 23 0 0 
42 0 0 0 0 54 
42 0 0 0 0 54 
42 0 0 0 0 54 
42 0 0 0 0 54 
42 0 0 0 0 54 
42 0 0 0 0 54 
42 0 0 0 0 54 
42 0 0 0 0 54 
42 0 0 0 0 54 
42 0 0 0 0 54 
16 0 0 0 0 23 
16 0 0 0 0 23 
16 0 0 0 0 23 
16 0 0 0 0 23 
16 0 0 0 0 23 
16 0 0 0 0 23 
16 0 0 0 0 23 
16 0 0 0 0 23 
16 0 0 0 0 23 
16 0 0 0 0 23 
0 45 0 55 0 0 
0 45 0 55 0 0 
0 45 0 55 0 0 
0 45 0 55 0 0 
0 45 0 55 0 0 
0 45 0 55 0 0 
0 45 0 55 0 0 
0 45 0 55 0 0 
0 45 0 55 0 0 
0 45 0 55 0 0 
0 0 39 0 0 55 
0 0 39 0 0 55 
0 0 39 0 0 55 
0 0 39 0 0 55 
0 0 39 0 0 55 
0 0 39 0 0 55 
0 0 39 0 0 55 
0 0 39 0 0 55 
0 0 39 0 0 55 
0 0 39 0 0 55 
0 0 33 0 19 0 
0 0 33 0 19 0 
0 0 33 0 19 0 
0 0 33 0 19 0 
0 0 33 0 19 0 
0 0 33 0 19 0 
0 0 33 0 19 0 
0 0 33 0 19 0 
0 0 33 0 19 0 
0 0 33 0 19 0 
0 0 0 0 43 0 
0 0 0 0 43 0 
0 0 0 0 43 0 
0 0 0 0 43 0 
0 0 0 0 43 0 
0 0 0 0 43 0 
0 0 0 0 43 0 
0 0 0 0 43 0 
0 0 0 0 43 0 
0 0 0 0 43 0 
38 0 0 0 0 0 
38 0 0 0 0 0 
38 0 0 0 0 0 
38 0 0 0 0 0 
38 0 0 0 0 0 
38 0 0 0 0 0 
38 0 0 0 0 0 
38 0 0 0 0 0 
38 0 0 0 0 0 
38 0 0 0 0 0 
0 0 0 0 56 0 
0 0 0 0 56 0 
0 0 0 0 56 0 
0 0 0 0 56 0 
0 0 0 0 56 0 
0 0 0 0 56 0 
0 0 0 0 56 0 
0 0 0 0 56 0 
0 0 0 0 56 0 
0 0 0 0 56 0 
43 0 0 0 56 0 
43 0 0 0 56 0 
43 0 0 0 56 0 
43 0 0 0 56 0 
43 0 0 0 56 0 
43 0 0 0 56 0 
43 0 0 0 56 0 
43 0 0 0 56 0 
43 0 0 0 56 0 
43 0 0 0 56 0 
0 33 0 0 0 0 
0 33 0 0 0 0 
0 33 0 0 0 0 
0 33 0 0 0 0 
0 33 0 0 0 0 
0 33 0 0 0 0 
0 33 0 0 0 0 
0 33 0 0 0 0 
0 33 0 0 0 0 
0 33 0 0 0 0 
0.0 0.0 0.0 0.0 0.0 0.0 
0.0 0.0 0.0 0.0 0.0 0.0 
0.0 0.0 0.0 0.0 0.0 0.0 
0.0 0.0 0.0 0.0 0.0 0.0 
0.0 0.0 0.0 0.0 0.0 0.0 
0.0 0.0 0.0 0.0 0.0 0.0 
0.0 0.0 0.0 0.0 0.0 0.0 
0.0 0.0 0.0 0.0 0.0 0.0 
0.0 0.0 0.0 0.0 0.0 0.0 
0.0 0.0 0.0 0.0 0.0 0.0 
mind
0 0 17 0 0 0 0 0 0 0 0 0 0 0 0 0 0 0 0 0 0 0 0 0 0 0 0 0 14 0 0 0 0 0 0 0 18 0 0 26 20 0 0 12 24 12 0 0 0 0 0 0
maxd
0 0 18 0 0 0 0 0 0 0 0 0 0 0 0 0 0 0 0 0 0 0 0 0 0 0 0 0 15 0 0 0 0 0 0 0 25 0 0 29 30 0 0 28 26 17 0 0 0 0 0 0
e
0 845 782 510 920 570 838 533 821 795 889 846 632 806 763 699 601 657 505 648 644 804 891 551 706 857 720 817 740 568 643 763 837 699 920 806 842 548 832 782 578 674 724 931 731 787 909 760 823 635 649 0
l
99999 965 902 630 1040 690 958 653 941 915 1009 966 752 926 883 819 721 777 625 768 764 924 1011 671 826 977 840 937 860 688 763 883 957 819 1040 926 962 668 952 902 698 794 844 1051 851 907 1029 880 943 755 769 99999
