nbNodes
52
nbVehi
10
nbServi
6
r
1 1 1 1 1 1 
0 0 0 0 1 0 
0 0 0 1 0 0 
0 0 1 0 0 0 
1 0 0 0 0 0 
0 0 0 0 1 0 
0 1 0 0 1 0 
0 0 0 0 0 1 
1 0 0 0 0 0 
0 0 0 1 0 0 
1 0 0 0 1 0 
0 0 0 1 0 0 
0 0 0 0 0 1 
0 1 0 0 0 1 
0 1 0 0 0 1 
0 0 0 1 0 0 
1 0 0 1 0 0 
0 0 1 0 0 0 
0 0 0 1 0 0 
0 1 0 0 1 0 
1 0 0 0 0 0 
0 0 0 0 1 0 
0 0 0 0 0 1 
0 1 0 0 0 0 
0 1 0 1 0 0 
1 0 0 1 0 0 
0 0 0 1 0 0 
0 1 0 0 0 1 
0 0 0 0 1 0 
0 1 0 0 0 0 
0 0 0 0 1 0 
0 1 0 1 0 0 
0 1 0 0 0 0 
0 0 0 0 1 0 
0 0 1 0 0 0 
0 0 1 0 1 0 
0 0 0 0 1 0 
0 0 1 1 0 0 
1 0 0 0 0 0 
0 0 0 0 0 1 
0 1 0 0 0 0 
0 0 0 0 1 0 
0 0 0 1 0 0 
0 0 1 1 0 0 
1 0 0 0 0 0 
0 0 0 1 0 0 
0 0 0 0 0 1 
0 0 1 0 1 0 
0 1 0 0 0 0 
0 1 0 0 0 1 
0 1 0 0 1 0 
1 1 1 1 1 1 
DS
7 11 14 15 17 20 25 26 28 32 36 38 44 48 50 51 
a
1 0 0 0 0 0 
1 0 0 0 0 0 
1 1 1 0 0 0 
0 1 0 0 0 0 
1 1 1 0 0 0 
0 0 0 0 1 0 
0 0 0 1 0 1 
0 0 0 1 1 1 
0 0 0 1 1 1 
0 0 0 1 1 1 
x
-30.0399 -30.0871 -30.0633 -30.0779 -30.0399 -30.0852 -30.0388 -30.017 -30.0738 -30.0057 -30.0365 -30.0267 -30.0368 -30.0893 -30.0104 -29.9952 -29.9954 -30.0702 -29.9929 -30.0061 -30.0637 -30.0143 -30.0644 -29.981 -30.0253 -30.0768 -30.0881 -30.0263 -30.0337 -30.0815 -30.0691 -30.048 -29.9948 -30.0809 -29.978 -30.0759 -30.0174 -30.0763 -29.9896 -30.06 -30.0275 -30.0753 -30.005 -30.0838 -29.9925 -30.0384 -30.1007 -30.0744 -30.0027 -30.0741 -29.9812 -30.0399
y
-51.1426 -51.1269 -51.1785 -51.1711 -51.1426 -51.1922 -51.1108 -51.1237 -51.1693 -51.1019 -51.1107 -51.1059 -51.1115 -51.1234 -51.1021 -51.1472 -51.1093 -51.1786 -51.1052 -51.1236 -51.1942 -51.1142 -51.1795 -51.1203 -51.0981 -51.1719 -51.1295 -51.0995 -51.1176 -51.166 -51.1777 -51.1309 -51.1381 -51.1659 -51.121 -51.1891 -51.0975 -51.1656 -51.1325 -51.1809 -51.1001 -51.1693 -51.1108 -51.1177 -51.1219 -51.1021 -51.1358 -51.171 -51.1098 -51.1684 -51.1204 -51.1426
d
0.00000 14.00000 12.00000 15.00000 0.00000 19.00000 6.00000 9.00000 13.00000 14.00000 8.00000 12.00000 7.00000 14.00000 13.00000 14.00000 14.00000 13.00000 14.00000 11.00000 14.00000 12.00000 12.00000 19.00000 12.00000 15.00000 13.00000 12.00000 7.00000 17.00000 13.00000 6.00000 12.00000 17.00000 18.00000 16.00000 11.00000 15.00000 14.00000 12.00000 11.00000 13.00000 12.00000 13.00000 15.00000 10.00000 15.00000 13.00000 12.00000 13.00000 20.00000 0.00000
13.00000 0.00000 13.00000 17.00000 13.00000 20.00000 16.00000 19.00000 15.00000 23.00000 17.00000 21.00000 17.00000 3.00000 23.00000 25.00000 24.00000 14.00000 24.00000 21.00000 16.00000 21.00000 13.00000 31.00000 22.00000 17.00000 2.00000 21.00000 17.00000 19.00000 14.00000 15.00000 24.00000 19.00000 29.00000 18.00000 21.00000 16.00000 25.00000 13.00000 20.00000 15.00000 22.00000 7.00000 24.00000 19.00000 7.00000 15.00000 22.00000 14.00000 31.00000 13.00000
11.00000 12.00000 0.00000 6.00000 11.00000 12.00000 14.00000 17.00000 5.00000 21.00000 15.00000 19.00000 15.00000 12.00000 21.00000 22.00000 22.00000 3.00000 22.00000 19.00000 7.00000 20.00000 3.00000 27.00000 20.00000 6.00000 12.00000 20.00000 15.00000 10.00000 3.00000 13.00000 20.00000 9.00000 26.00000 8.00000 19.00000 7.00000 22.00000 5.00000 19.00000 5.00000 20.00000 11.00000 22.00000 17.00000 14.00000 5.00000 20.00000 5.00000 27.00000 11.00000
15.00000 17.00000 6.00000 0.00000 15.00000 13.00000 18.00000 21.00000 3.00000 26.00000 19.00000 24.00000 19.00000 16.00000 25.00000 26.00000 26.00000 5.00000 26.00000 23.00000 10.00000 24.00000 6.00000 31.00000 24.00000 2.00000 16.00000 24.00000 19.00000 6.00000 5.00000 17.00000 24.00000 6.00000 30.00000 9.00000 23.00000 5.00000 25.00000 9.00000 23.00000 3.00000 24.00000 16.00000 26.00000 22.00000 18.00000 3.00000 24.00000 4.00000 31.00000 15.00000
0.00000 14.00000 12.00000 15.00000 0.00000 19.00000 6.00000 9.00000 13.00000 14.00000 8.00000 12.00000 7.00000 14.00000 13.00000 14.00000 14.00000 13.00000 14.00000 11.00000 14.00000 12.00000 12.00000 19.00000 12.00000 15.00000 13.00000 12.00000 7.00000 17.00000 13.00000 6.00000 12.00000 17.00000 18.00000 16.00000 11.00000 15.00000 14.00000 12.00000 11.00000 13.00000 12.00000 13.00000 15.00000 10.00000 15.00000 13.00000 12.00000 13.00000 20.00000 0.00000
18.00000 19.00000 8.00000 13.00000 18.00000 0.00000 20.00000 23.00000 12.00000 27.00000 21.00000 25.00000 21.00000 20.00000 27.00000 27.00000 28.00000 9.00000 28.00000 25.00000 9.00000 26.00000 8.00000 32.00000 26.00000 12.00000 18.00000 26.00000 21.00000 16.00000 9.00000 20.00000 25.00000 16.00000 31.00000 6.00000 25.00000 15.00000 26.00000 10.00000 25.00000 13.00000 26.00000 19.00000 27.00000 23.00000 16.00000 12.00000 26.00000 12.00000 32.00000 18.00000
6.00000 17.00000 15.00000 18.00000 6.00000 22.00000 0.00000 6.00000 16.00000 11.00000 2.00000 7.00000 2.00000 16.00000 10.00000 13.00000 11.00000 16.00000 11.00000 8.00000 17.00000 9.00000 15.00000 18.00000 7.00000 18.00000 16.00000 7.00000 3.00000 20.00000 16.00000 6.00000 11.00000 20.00000 17.00000 20.00000 8.00000 18.00000 13.00000 15.00000 6.00000 16.00000 9.00000 16.00000 12.00000 4.00000 18.00000 16.00000 9.00000 16.00000 18.00000 6.00000
9.00000 20.00000 17.00000 21.00000 9.00000 24.00000 6.00000 0.00000 18.00000 7.00000 7.00000 6.00000 7.00000 19.00000 7.00000 9.00000 8.00000 19.00000 8.00000 5.00000 20.00000 5.00000 17.00000 15.00000 6.00000 20.00000 19.00000 6.00000 7.00000 23.00000 18.00000 8.00000 7.00000 23.00000 13.00000 22.00000 6.00000 20.00000 9.00000 18.00000 6.00000 18.00000 6.00000 18.00000 8.00000 9.00000 21.00000 19.00000 6.00000 18.00000 15.00000 9.00000
13.00000 14.00000 5.00000 4.00000 13.00000 14.00000 16.00000 18.00000 0.00000 23.00000 17.00000 21.00000 16.00000 13.00000 23.00000 23.00000 23.00000 5.00000 24.00000 20.00000 9.00000 21.00000 5.00000 28.00000 21.00000 3.00000 13.00000 21.00000 16.00000 6.00000 5.00000 14.00000 21.00000 6.00000 27.00000 10.00000 20.00000 3.00000 23.00000 7.00000 20.00000 1.00000 21.00000 13.00000 23.00000 19.00000 15.00000 2.00000 21.00000 1.00000 28.00000 13.00000
13.00000 24.00000 22.00000 25.00000 13.00000 29.00000 11.00000 7.00000 23.00000 0.00000 12.00000 8.00000 12.00000 24.00000 2.00000 12.00000 6.00000 23.00000 6.00000 6.00000 24.00000 5.00000 22.00000 15.00000 7.00000 25.00000 24.00000 6.00000 11.00000 28.00000 23.00000 13.00000 10.00000 27.00000 15.00000 27.00000 5.00000 25.00000 11.00000 22.00000 7.00000 23.00000 3.00000 23.00000 9.00000 12.00000 25.00000 23.00000 3.00000 23.00000 15.00000 13.00000
7.00000 18.00000 16.00000 19.00000 7.00000 23.00000 2.00000 7.00000 17.00000 12.00000 0.00000 7.00000 1.00000 18.00000 12.00000 14.00000 12.00000 17.00000 12.00000 9.00000 18.00000 10.00000 16.00000 20.00000 8.00000 19.00000 18.00000 7.00000 4.00000 22.00000 17.00000 7.00000 12.00000 21.00000 18.00000 21.00000 9.00000 19.00000 14.00000 16.00000 6.00000 17.00000 10.00000 17.00000 13.00000 5.00000 19.00000 17.00000 10.00000 17.00000 20.00000 7.00000
11.00000 22.00000 20.00000 24.00000 11.00000 27.00000 7.00000 6.00000 21.00000 8.00000 7.00000 0.00000 7.00000 22.00000 8.00000 13.00000 11.00000 21.00000 11.00000 8.00000 22.00000 7.00000 20.00000 18.00000 5.00000 23.00000 22.00000 4.00000 7.00000 26.00000 21.00000 11.00000 11.00000 26.00000 17.00000 25.00000 4.00000 23.00000 12.00000 20.00000 3.00000 21.00000 8.00000 21.00000 11.00000 8.00000 23.00000 21.00000 8.00000 21.00000 18.00000 11.00000
7.00000 18.00000 16.00000 19.00000 7.00000 23.00000 2.00000 7.00000 17.00000 12.00000 1.00000 7.00000 0.00000 17.00000 11.00000 14.00000 12.00000 17.00000 12.00000 9.00000 18.00000 10.00000 16.00000 19.00000 8.00000 19.00000 17.00000 8.00000 4.00000 21.00000 17.00000 7.00000 12.00000 21.00000 18.00000 20.00000 9.00000 19.00000 14.00000 16.00000 7.00000 17.00000 10.00000 17.00000 13.00000 5.00000 19.00000 17.00000 10.00000 17.00000 19.00000 7.00000
14.00000 3.00000 14.00000 18.00000 14.00000 20.00000 17.00000 20.00000 16.00000 24.00000 18.00000 22.00000 18.00000 0.00000 24.00000 27.00000 25.00000 15.00000 25.00000 22.00000 17.00000 23.00000 14.00000 32.00000 23.00000 18.00000 4.00000 22.00000 18.00000 20.00000 15.00000 16.00000 25.00000 20.00000 31.00000 19.00000 22.00000 17.00000 26.00000 14.00000 21.00000 16.00000 23.00000 6.00000 25.00000 18.00000 7.00000 16.00000 23.00000 15.00000 32.00000 14.00000
13.00000 24.00000 22.00000 25.00000 13.00000 29.00000 10.00000 7.00000 23.00000 2.00000 11.00000 7.00000 11.00000 23.00000 0.00000 12.00000 7.00000 23.00000 7.00000 6.00000 24.00000 5.00000 22.00000 16.00000 6.00000 25.00000 23.00000 6.00000 10.00000 27.00000 23.00000 13.00000 10.00000 27.00000 16.00000 26.00000 4.00000 25.00000 11.00000 22.00000 6.00000 23.00000 4.00000 23.00000 10.00000 12.00000 25.00000 23.00000 4.00000 23.00000 16.00000 13.00000
16.00000 26.00000 19.00000 23.00000 16.00000 25.00000 16.00000 12.00000 20.00000 15.00000 17.00000 16.00000 17.00000 26.00000 15.00000 0.00000 14.00000 21.00000 14.00000 10.00000 20.00000 14.00000 19.00000 16.00000 17.00000 22.00000 26.00000 17.00000 17.00000 25.00000 20.00000 18.00000 7.00000 25.00000 15.00000 23.00000 16.00000 22.00000 10.00000 20.00000 17.00000 20.00000 14.00000 25.00000 11.00000 20.00000 27.00000 20.00000 14.00000 20.00000 16.00000 16.00000
14.00000 25.00000 23.00000 26.00000 14.00000 30.00000 12.00000 8.00000 24.00000 5.00000 13.00000 11.00000 13.00000 25.00000 6.00000 11.00000 0.00000 24.00000 3.00000 7.00000 25.00000 7.00000 23.00000 12.00000 10.00000 26.00000 24.00000 10.00000 12.00000 28.00000 24.00000 14.00000 9.00000 28.00000 13.00000 28.00000 8.00000 26.00000 9.00000 23.00000 10.00000 24.00000 5.00000 24.00000 7.00000 15.00000 26.00000 24.00000 4.00000 24.00000 12.00000 14.00000
13.00000 15.00000 3.00000 5.00000 13.00000 9.00000 16.00000 19.00000 5.00000 23.00000 17.00000 21.00000 17.00000 14.00000 23.00000 23.00000 24.00000 0.00000 24.00000 21.00000 7.00000 22.00000 3.00000 28.00000 22.00000 4.00000 14.00000 22.00000 17.00000 9.00000 2.00000 15.00000 21.00000 9.00000 27.00000 6.00000 21.00000 7.00000 23.00000 6.00000 21.00000 5.00000 22.00000 13.00000 23.00000 20.00000 16.00000 4.00000 22.00000 5.00000 28.00000 13.00000
14.00000 25.00000 23.00000 26.00000 14.00000 30.00000 12.00000 8.00000 24.00000 5.00000 13.00000 11.00000 13.00000 25.00000 6.00000 10.00000 3.00000 24.00000 0.00000 7.00000 25.00000 8.00000 23.00000 11.00000 10.00000 26.00000 24.00000 10.00000 12.00000 28.00000 24.00000 14.00000 8.00000 28.00000 11.00000 28.00000 8.00000 26.00000 8.00000 23.00000 10.00000 24.00000 5.00000 24.00000 6.00000 15.00000 26.00000 24.00000 5.00000 24.00000 11.00000 14.00000
11.00000 22.00000 19.00000 23.00000 11.00000 26.00000 8.00000 5.00000 21.00000 7.00000 9.00000 8.00000 9.00000 21.00000 6.00000 7.00000 7.00000 21.00000 7.00000 0.00000 22.00000 5.00000 19.00000 13.00000 9.00000 22.00000 21.00000 9.00000 9.00000 25.00000 20.00000 11.00000 6.00000 25.00000 11.00000 24.00000 8.00000 22.00000 7.00000 20.00000 9.00000 20.00000 5.00000 20.00000 5.00000 12.00000 23.00000 21.00000 5.00000 20.00000 13.00000 11.00000
14.00000 16.00000 4.00000 8.00000 14.00000 9.00000 17.00000 20.00000 8.00000 24.00000 18.00000 22.00000 18.00000 15.00000 24.00000 24.00000 25.00000 5.00000 25.00000 22.00000 0.00000 22.00000 3.00000 29.00000 23.00000 8.00000 15.00000 22.00000 18.00000 13.00000 5.00000 16.00000 22.00000 12.00000 28.00000 6.00000 22.00000 10.00000 23.00000 7.00000 21.00000 8.00000 23.00000 14.00000 24.00000 20.00000 17.00000 7.00000 23.00000 8.00000 29.00000 14.00000
10.00000 21.00000 19.00000 22.00000 10.00000 26.00000 8.00000 4.00000 20.00000 5.00000 9.00000 7.00000 8.00000 20.00000 5.00000 10.00000 7.00000 20.00000 8.00000 5.00000 21.00000 0.00000 19.00000 15.00000 8.00000 22.00000 20.00000 7.00000 8.00000 24.00000 20.00000 10.00000 8.00000 24.00000 14.00000 23.00000 6.00000 22.00000 9.00000 19.00000 7.00000 20.00000 4.00000 20.00000 8.00000 11.00000 22.00000 20.00000 4.00000 20.00000 15.00000 10.00000
11.00000 13.00000 1.00000 6.00000 11.00000 11.00000 14.00000 17.00000 5.00000 21.00000 15.00000 19.00000 15.00000 12.00000 21.00000 22.00000 22.00000 3.00000 22.00000 19.00000 7.00000 20.00000 0.00000 28.00000 20.00000 6.00000 12.00000 20.00000 15.00000 10.00000 3.00000 13.00000 20.00000 10.00000 26.00000 7.00000 19.00000 7.00000 22.00000 5.00000 19.00000 5.00000 20.00000 11.00000 23.00000 18.00000 14.00000 5.00000 20.00000 5.00000 28.00000 11.00000
19.00000 32.00000 28.00000 31.00000 19.00000 33.00000 19.00000 14.00000 28.00000 15.00000 20.00000 19.00000 19.00000 31.00000 17.00000 12.00000 13.00000 29.00000 13.00000 12.00000 28.00000 15.00000 27.00000 0.00000 19.00000 30.00000 31.00000 19.00000 19.00000 33.00000 28.00000 21.00000 10.00000 33.00000 6.00000 31.00000 18.00000 30.00000 8.00000 27.00000 19.00000 28.00000 15.00000 30.00000 11.00000 22.00000 33.00000 29.00000 14.00000 28.00000 1.00000 19.00000
12.00000 23.00000 21.00000 24.00000 12.00000 28.00000 7.00000 6.00000 22.00000 8.00000 8.00000 5.00000 8.00000 22.00000 7.00000 13.00000 10.00000 22.00000 11.00000 8.00000 23.00000 7.00000 20.00000 19.00000 0.00000 24.00000 22.00000 2.00000 7.00000 26.00000 21.00000 12.00000 11.00000 26.00000 17.00000 25.00000 3.00000 24.00000 13.00000 21.00000 2.00000 22.00000 8.00000 22.00000 12.00000 8.00000 24.00000 22.00000 9.00000 21.00000 19.00000 12.00000
15.00000 16.00000 6.00000 2.00000 15.00000 13.00000 18.00000 21.00000 3.00000 25.00000 19.00000 23.00000 19.00000 16.00000 25.00000 25.00000 26.00000 4.00000 26.00000 23.00000 10.00000 23.00000 6.00000 31.00000 24.00000 0.00000 16.00000 23.00000 19.00000 7.00000 4.00000 17.00000 23.00000 7.00000 29.00000 9.00000 23.00000 5.00000 25.00000 9.00000 22.00000 3.00000 24.00000 15.00000 26.00000 21.00000 17.00000 2.00000 23.00000 3.00000 31.00000 15.00000
13.00000 2.00000 13.00000 17.00000 13.00000 20.00000 16.00000 19.00000 15.00000 23.00000 17.00000 21.00000 17.00000 4.00000 23.00000 25.00000 24.00000 14.00000 24.00000 21.00000 16.00000 21.00000 13.00000 31.00000 22.00000 17.00000 0.00000 21.00000 17.00000 19.00000 14.00000 15.00000 24.00000 19.00000 29.00000 18.00000 21.00000 16.00000 25.00000 13.00000 20.00000 14.00000 22.00000 7.00000 24.00000 18.00000 9.00000 15.00000 21.00000 14.00000 31.00000 13.00000
12.00000 23.00000 20.00000 24.00000 12.00000 27.00000 7.00000 6.00000 21.00000 8.00000 7.00000 5.00000 8.00000 22.00000 7.00000 13.00000 10.00000 21.00000 10.00000 8.00000 23.00000 7.00000 20.00000 18.00000 2.00000 23.00000 22.00000 0.00000 7.00000 26.00000 21.00000 11.00000 11.00000 26.00000 17.00000 25.00000 3.00000 23.00000 13.00000 21.00000 1.00000 21.00000 8.00000 21.00000 12.00000 8.00000 24.00000 22.00000 9.00000 21.00000 18.00000 12.00000
7.00000 18.00000 16.00000 19.00000 7.00000 22.00000 3.00000 5.00000 17.00000 10.00000 4.00000 6.00000 4.00000 17.00000 9.00000 12.00000 10.00000 17.00000 10.00000 7.00000 18.00000 8.00000 15.00000 17.00000 7.00000 19.00000 17.00000 7.00000 0.00000 21.00000 16.00000 7.00000 10.00000 21.00000 16.00000 20.00000 7.00000 18.00000 12.00000 16.00000 6.00000 16.00000 8.00000 17.00000 11.00000 7.00000 19.00000 17.00000 8.00000 16.00000 17.00000 7.00000
18.00000 19.00000 10.00000 6.00000 18.00000 16.00000 21.00000 23.00000 6.00000 28.00000 22.00000 26.00000 22.00000 19.00000 28.00000 28.00000 28.00000 9.00000 29.00000 25.00000 15.00000 26.00000 10.00000 33.00000 26.00000 7.00000 18.00000 26.00000 21.00000 0.00000 9.00000 19.00000 26.00000 1.00000 32.00000 14.00000 26.00000 7.00000 28.00000 12.00000 25.00000 6.00000 26.00000 18.00000 29.00000 24.00000 20.00000 6.00000 26.00000 6.00000 33.00000 18.00000
13.00000 14.00000 2.00000 5.00000 13.00000 10.00000 16.00000 19.00000 4.00000 23.00000 17.00000 21.00000 17.00000 14.00000 23.00000 23.00000 24.00000 2.00000 24.00000 21.00000 7.00000 21.00000 2.00000 28.00000 22.00000 4.00000 14.00000 21.00000 17.00000 9.00000 0.00000 15.00000 21.00000 9.00000 27.00000 7.00000 21.00000 7.00000 22.00000 6.00000 20.00000 5.00000 22.00000 13.00000 23.00000 19.00000 15.00000 4.00000 21.00000 5.00000 28.00000 13.00000
6.00000 16.00000 14.00000 17.00000 6.00000 21.00000 5.00000 8.00000 15.00000 13.00000 7.00000 11.00000 6.00000 16.00000 12.00000 15.00000 13.00000 15.00000 13.00000 10.00000 17.00000 11.00000 14.00000 20.00000 11.00000 17.00000 16.00000 11.00000 6.00000 20.00000 15.00000 0.00000 13.00000 19.00000 19.00000 19.00000 10.00000 17.00000 15.00000 14.00000 10.00000 15.00000 11.00000 15.00000 14.00000 9.00000 17.00000 15.00000 11.00000 15.00000 20.00000 6.00000
11.00000 24.00000 21.00000 24.00000 11.00000 26.00000 11.00000 7.00000 21.00000 10.00000 13.00000 11.00000 12.00000 23.00000 10.00000 4.00000 9.00000 22.00000 9.00000 5.00000 21.00000 9.00000 20.00000 10.00000 12.00000 23.00000 23.00000 12.00000 12.00000 26.00000 21.00000 14.00000 0.00000 26.00000 9.00000 24.00000 11.00000 24.00000 3.00000 20.00000 12.00000 21.00000 9.00000 23.00000 6.00000 15.00000 25.00000 22.00000 9.00000 21.00000 10.00000 11.00000
17.00000 19.00000 10.00000 6.00000 17.00000 16.00000 20.00000 23.00000 6.00000 28.00000 22.00000 26.00000 21.00000 18.00000 27.00000 28.00000 28.00000 9.00000 28.00000 25.00000 14.00000 26.00000 10.00000 33.00000 26.00000 7.00000 18.00000 26.00000 21.00000 1.00000 9.00000 19.00000 26.00000 0.00000 32.00000 14.00000 25.00000 7.00000 27.00000 12.00000 25.00000 5.00000 26.00000 18.00000 28.00000 24.00000 20.00000 6.00000 26.00000 6.00000 33.00000 17.00000
18.00000 30.00000 26.00000 29.00000 18.00000 32.00000 17.00000 13.00000 27.00000 14.00000 18.00000 17.00000 18.00000 30.00000 15.00000 10.00000 12.00000 27.00000 11.00000 10.00000 27.00000 14.00000 26.00000 6.00000 18.00000 29.00000 30.00000 18.00000 18.00000 32.00000 27.00000 19.00000 9.00000 31.00000 0.00000 29.00000 16.00000 29.00000 7.00000 26.00000 18.00000 27.00000 13.00000 29.00000 9.00000 20.00000 31.00000 27.00000 13.00000 27.00000 7.00000 18.00000
15.00000 17.00000 5.00000 9.00000 15.00000 6.00000 17.00000 20.00000 9.00000 24.00000 18.00000 22.00000 18.00000 17.00000 24.00000 24.00000 25.00000 5.00000 25.00000 22.00000 6.00000 23.00000 5.00000 29.00000 23.00000 9.00000 17.00000 23.00000 18.00000 14.00000 6.00000 17.00000 22.00000 14.00000 28.00000 0.00000 22.00000 11.00000 24.00000 7.00000 22.00000 9.00000 23.00000 16.00000 25.00000 21.00000 19.00000 9.00000 23.00000 10.00000 29.00000 15.00000
11.00000 22.00000 20.00000 23.00000 11.00000 27.00000 8.00000 5.00000 21.00000 5.00000 9.00000 5.00000 9.00000 21.00000 4.00000 12.00000 8.00000 21.00000 8.00000 7.00000 22.00000 6.00000 20.00000 17.00000 3.00000 23.00000 21.00000 3.00000 8.00000 25.00000 21.00000 11.00000 10.00000 25.00000 16.00000 24.00000 0.00000 23.00000 12.00000 20.00000 3.00000 21.00000 7.00000 21.00000 11.00000 9.00000 23.00000 21.00000 6.00000 20.00000 17.00000 11.00000
15.00000 16.00000 8.00000 5.00000 15.00000 16.00000 18.00000 21.00000 4.00000 25.00000 19.00000 23.00000 19.00000 16.00000 25.00000 25.00000 26.00000 7.00000 26.00000 23.00000 12.00000 23.00000 8.00000 31.00000 24.00000 5.00000 16.00000 23.00000 19.00000 7.00000 7.00000 17.00000 24.00000 7.00000 29.00000 12.00000 23.00000 0.00000 25.00000 10.00000 22.00000 3.00000 24.00000 15.00000 26.00000 21.00000 18.00000 4.00000 24.00000 3.00000 31.00000 15.00000
14.00000 26.00000 22.00000 26.00000 14.00000 28.00000 13.00000 9.00000 23.00000 11.00000 14.00000 13.00000 14.00000 26.00000 11.00000 6.00000 8.00000 24.00000 8.00000 7.00000 23.00000 10.00000 22.00000 8.00000 14.00000 25.00000 26.00000 14.00000 14.00000 28.00000 23.00000 15.00000 4.00000 28.00000 7.00000 26.00000 13.00000 25.00000 0.00000 22.00000 14.00000 23.00000 10.00000 25.00000 6.00000 17.00000 27.00000 23.00000 9.00000 23.00000 8.00000 14.00000
12.00000 14.00000 4.00000 9.00000 12.00000 12.00000 14.00000 17.00000 8.00000 21.00000 15.00000 19.00000 15.00000 14.00000 21.00000 21.00000 22.00000 6.00000 22.00000 19.00000 7.00000 20.00000 4.00000 26.00000 20.00000 9.00000 14.00000 20.00000 15.00000 12.00000 5.00000 14.00000 19.00000 12.00000 25.00000 9.00000 19.00000 10.00000 21.00000 0.00000 19.00000 8.00000 20.00000 13.00000 22.00000 17.00000 16.00000 8.00000 20.00000 8.00000 26.00000 12.00000
11.00000 22.00000 19.00000 23.00000 11.00000 26.00000 6.00000 6.00000 20.00000 8.00000 6.00000 4.00000 7.00000 21.00000 7.00000 13.00000 10.00000 21.00000 11.00000 8.00000 22.00000 7.00000 19.00000 19.00000 2.00000 22.00000 21.00000 2.00000 6.00000 25.00000 20.00000 10.00000 11.00000 25.00000 17.00000 24.00000 3.00000 22.00000 13.00000 20.00000 0.00000 20.00000 8.00000 20.00000 12.00000 7.00000 23.00000 21.00000 9.00000 20.00000 19.00000 11.00000
13.00000 14.00000 6.00000 3.00000 13.00000 13.00000 16.00000 19.00000 1.00000 23.00000 17.00000 21.00000 17.00000 14.00000 23.00000 23.00000 24.00000 5.00000 24.00000 21.00000 10.00000 21.00000 6.00000 29.00000 22.00000 3.00000 14.00000 21.00000 17.00000 6.00000 5.00000 15.00000 21.00000 5.00000 27.00000 10.00000 21.00000 3.00000 23.00000 7.00000 20.00000 0.00000 22.00000 13.00000 24.00000 19.00000 16.00000 1.00000 22.00000 1.00000 29.00000 13.00000
12.00000 23.00000 20.00000 24.00000 12.00000 27.00000 9.00000 6.00000 21.00000 3.00000 10.00000 8.00000 10.00000 22.00000 4.00000 10.00000 5.00000 22.00000 5.00000 5.00000 23.00000 4.00000 20.00000 14.00000 8.00000 23.00000 22.00000 8.00000 10.00000 26.00000 21.00000 11.00000 9.00000 26.00000 13.00000 25.00000 7.00000 23.00000 9.00000 21.00000 8.00000 21.00000 0.00000 21.00000 8.00000 12.00000 24.00000 22.00000 2.00000 21.00000 14.00000 12.00000
16.00000 7.00000 16.00000 20.00000 16.00000 23.00000 14.00000 20.00000 18.00000 24.00000 16.00000 19.00000 16.00000 6.00000 24.00000 27.00000 25.00000 17.00000 25.00000 22.00000 19.00000 23.00000 16.00000 32.00000 20.00000 20.00000 9.00000 19.00000 17.00000 22.00000 17.00000 18.00000 25.00000 22.00000 31.00000 21.00000 21.00000 19.00000 27.00000 16.00000 18.00000 18.00000 23.00000 0.00000 26.00000 15.00000 11.00000 18.00000 23.00000 17.00000 32.00000 16.00000
15.00000 26.00000 23.00000 26.00000 15.00000 28.00000 12.00000 8.00000 24.00000 9.00000 13.00000 12.00000 13.00000 25.00000 10.00000 7.00000 6.00000 24.00000 6.00000 5.00000 24.00000 9.00000 23.00000 10.00000 13.00000 26.00000 25.00000 13.00000 13.00000 29.00000 24.00000 14.00000 5.00000 28.00000 9.00000 26.00000 11.00000 26.00000 5.00000 23.00000 13.00000 24.00000 7.00000 24.00000 0.00000 15.00000 27.00000 24.00000 7.00000 24.00000 11.00000 15.00000
9.00000 19.00000 18.00000 22.00000 9.00000 25.00000 4.00000 9.00000 19.00000 12.00000 5.00000 8.00000 5.00000 18.00000 12.00000 16.00000 15.00000 19.00000 15.00000 11.00000 21.00000 11.00000 18.00000 22.00000 8.00000 21.00000 19.00000 8.00000 7.00000 24.00000 19.00000 9.00000 15.00000 24.00000 20.00000 23.00000 9.00000 21.00000 16.00000 18.00000 6.00000 19.00000 12.00000 17.00000 15.00000 0.00000 21.00000 19.00000 12.00000 19.00000 22.00000 9.00000
15.00000 7.00000 15.00000 19.00000 15.00000 16.00000 18.00000 21.00000 17.00000 25.00000 19.00000 23.00000 19.00000 7.00000 25.00000 28.00000 26.00000 17.00000 26.00000 23.00000 18.00000 24.00000 15.00000 33.00000 24.00000 19.00000 6.00000 24.00000 19.00000 22.00000 16.00000 17.00000 26.00000 21.00000 32.00000 20.00000 23.00000 18.00000 28.00000 16.00000 23.00000 17.00000 24.00000 10.00000 27.00000 21.00000 0.00000 17.00000 24.00000 17.00000 33.00000 15.00000
13.00000 15.00000 5.00000 3.00000 13.00000 13.00000 16.00000 19.00000 2.00000 23.00000 17.00000 21.00000 17.00000 14.00000 23.00000 24.00000 24.00000 4.00000 24.00000 21.00000 9.00000 22.00000 5.00000 29.00000 22.00000 2.00000 14.00000 22.00000 17.00000 6.00000 4.00000 15.00000 22.00000 6.00000 28.00000 9.00000 21.00000 4.00000 23.00000 7.00000 21.00000 1.00000 22.00000 13.00000 24.00000 20.00000 16.00000 0.00000 22.00000 2.00000 29.00000 13.00000
12.00000 23.00000 20.00000 24.00000 12.00000 27.00000 9.00000 6.00000 21.00000 3.00000 10.00000 8.00000 10.00000 22.00000 4.00000 11.00000 4.00000 22.00000 5.00000 5.00000 23.00000 4.00000 20.00000 13.00000 8.00000 23.00000 22.00000 8.00000 10.00000 26.00000 21.00000 12.00000 9.00000 26.00000 13.00000 25.00000 6.00000 23.00000 9.00000 21.00000 8.00000 21.00000 1.00000 21.00000 7.00000 13.00000 24.00000 22.00000 0.00000 21.00000 13.00000 12.00000
13.00000 14.00000 5.00000 4.00000 13.00000 14.00000 16.00000 18.00000 2.00000 23.00000 17.00000 21.00000 17.00000 14.00000 23.00000 23.00000 23.00000 5.00000 24.00000 20.00000 10.00000 21.00000 5.00000 28.00000 21.00000 3.00000 14.00000 21.00000 16.00000 6.00000 5.00000 14.00000 21.00000 6.00000 27.00000 10.00000 21.00000 3.00000 23.00000 7.00000 20.00000 1.00000 21.00000 13.00000 24.00000 19.00000 15.00000 2.00000 21.00000 0.00000 28.00000 13.00000
19.00000 32.00000 28.00000 31.00000 19.00000 33.00000 19.00000 14.00000 29.00000 16.00000 20.00000 19.00000 19.00000 31.00000 17.00000 12.00000 13.00000 29.00000 13.00000 12.00000 28.00000 15.00000 27.00000 1.00000 19.00000 30.00000 31.00000 19.00000 19.00000 33.00000 28.00000 21.00000 10.00000 33.00000 6.00000 31.00000 18.00000 31.00000 8.00000 27.00000 19.00000 28.00000 15.00000 30.00000 11.00000 22.00000 33.00000 29.00000 14.00000 28.00000 0.00000 19.00000
0.00000 14.00000 12.00000 15.00000 0.00000 19.00000 6.00000 9.00000 13.00000 14.00000 8.00000 12.00000 7.00000 14.00000 13.00000 14.00000 14.00000 13.00000 14.00000 11.00000 14.00000 12.00000 12.00000 19.00000 12.00000 15.00000 13.00000 12.00000 7.00000 17.00000 13.00000 6.00000 12.00000 17.00000 18.00000 16.00000 11.00000 15.00000 14.00000 12.00000 11.00000 13.00000 12.00000 13.00000 15.00000 10.00000 15.00000 13.00000 12.00000 13.00000 20.00000 0.00000
p
0.0 0.0 0.0 0.0 0.0 0.0 
0.0 0.0 0.0 0.0 0.0 0.0 
0.0 0.0 0.0 0.0 0.0 0.0 
0.0 0.0 0.0 0.0 0.0 0.0 
0.0 0.0 0.0 0.0 0.0 0.0 
0.0 0.0 0.0 0.0 0.0 0.0 
0.0 0.0 0.0 0.0 0.0 0.0 
0.0 0.0 0.0 0.0 0.0 0.0 
0.0 0.0 0.0 0.0 0.0 0.0 
0.0 0.0 0.0 0.0 0.0 0.0 
0 0 0 0 26 0 
0 0 0 0 26 0 
0 0 0 0 26 0 
0 0 0 0 26 0 
0 0 0 0 26 0 
0 0 0 0 26 0 
0 0 0 0 26 0 
0 0 0 0 26 0 
0 0 0 0 26 0 
0 0 0 0 26 0 
0 0 0 32 0 0 
0 0 0 32 0 0 
0 0 0 32 0 0 
0 0 0 32 0 0 
0 0 0 32 0 0 
0 0 0 32 0 0 
0 0 0 32 0 0 
0 0 0 32 0 0 
0 0 0 32 0 0 
0 0 0 32 0 0 
0 0 38 0 0 0 
0 0 38 0 0 0 
0 0 38 0 0 0 
0 0 38 0 0 0 
0 0 38 0 0 0 
0 0 38 0 0 0 
0 0 38 0 0 0 
0 0 38 0 0 0 
0 0 38 0 0 0 
0 0 38 0 0 0 
39 0 0 0 0 0 
39 0 0 0 0 0 
39 0 0 0 0 0 
39 0 0 0 0 0 
39 0 0 0 0 0 
39 0 0 0 0 0 
39 0 0 0 0 0 
39 0 0 0 0 0 
39 0 0 0 0 0 
39 0 0 0 0 0 
0 0 0 0 27 0 
0 0 0 0 27 0 
0 0 0 0 27 0 
0 0 0 0 27 0 
0 0 0 0 27 0 
0 0 0 0 27 0 
0 0 0 0 27 0 
0 0 0 0 27 0 
0 0 0 0 27 0 
0 0 0 0 27 0 
0 39 0 0 22 0 
0 39 0 0 22 0 
0 39 0 0 22 0 
0 39 0 0 22 0 
0 39 0 0 22 0 
0 39 0 0 22 0 
0 39 0 0 22 0 
0 39 0 0 22 0 
0 39 0 0 22 0 
0 39 0 0 22 0 
0 0 0 0 0 40 
0 0 0 0 0 40 
0 0 0 0 0 40 
0 0 0 0 0 40 
0 0 0 0 0 40 
0 0 0 0 0 40 
0 0 0 0 0 40 
0 0 0 0 0 40 
0 0 0 0 0 40 
0 0 0 0 0 40 
42 0 0 0 0 0 
42 0 0 0 0 0 
42 0 0 0 0 0 
42 0 0 0 0 0 
42 0 0 0 0 0 
42 0 0 0 0 0 
42 0 0 0 0 0 
42 0 0 0 0 0 
42 0 0 0 0 0 
42 0 0 0 0 0 
0 0 0 58 0 0 
0 0 0 58 0 0 
0 0 0 58 0 0 
0 0 0 58 0 0 
0 0 0 58 0 0 
0 0 0 58 0 0 
0 0 0 58 0 0 
0 0 0 58 0 0 
0 0 0 58 0 0 
0 0 0 58 0 0 
22 0 0 0 31 0 
22 0 0 0 31 0 
22 0 0 0 31 0 
22 0 0 0 31 0 
22 0 0 0 31 0 
22 0 0 0 31 0 
22 0 0 0 31 0 
22 0 0 0 31 0 
22 0 0 0 31 0 
22 0 0 0 31 0 
0 0 0 53 0 0 
0 0 0 53 0 0 
0 0 0 53 0 0 
0 0 0 53 0 0 
0 0 0 53 0 0 
0 0 0 53 0 0 
0 0 0 53 0 0 
0 0 0 53 0 0 
0 0 0 53 0 0 
0 0 0 53 0 0 
0 0 0 0 0 23 
0 0 0 0 0 23 
0 0 0 0 0 23 
0 0 0 0 0 23 
0 0 0 0 0 23 
0 0 0 0 0 23 
0 0 0 0 0 23 
0 0 0 0 0 23 
0 0 0 0 0 23 
0 0 0 0 0 23 
0 48 0 0 0 21 
0 48 0 0 0 21 
0 48 0 0 0 21 
0 48 0 0 0 21 
0 48 0 0 0 21 
0 48 0 0 0 21 
0 48 0 0 0 21 
0 48 0 0 0 21 
0 48 0 0 0 21 
0 48 0 0 0 21 
0 51 0 0 0 48 
0 51 0 0 0 48 
0 51 0 0 0 48 
0 51 0 0 0 48 
0 51 0 0 0 48 
0 51 0 0 0 48 
0 51 0 0 0 48 
0 51 0 0 0 48 
0 51 0 0 0 48 
0 51 0 0 0 48 
0 0 0 41 0 0 
0 0 0 41 0 0 
0 0 0 41 0 0 
0 0 0 41 0 0 
0 0 0 41 0 0 
0 0 0 41 0 0 
0 0 0 41 0 0 
0 0 0 41 0 0 
0 0 0 41 0 0 
0 0 0 41 0 0 
17 0 0 45 0 0 
17 0 0 45 0 0 
17 0 0 45 0 0 
17 0 0 45 0 0 
17 0 0 45 0 0 
17 0 0 45 0 0 
17 0 0 45 0 0 
17 0 0 45 0 0 
17 0 0 45 0 0 
17 0 0 45 0 0 
0 0 34 0 0 0 
0 0 34 0 0 0 
0 0 34 0 0 0 
0 0 34 0 0 0 
0 0 34 0 0 0 
0 0 34 0 0 0 
0 0 34 0 0 0 
0 0 34 0 0 0 
0 0 34 0 0 0 
0 0 34 0 0 0 
0 0 0 57 0 0 
0 0 0 57 0 0 
0 0 0 57 0 0 
0 0 0 57 0 0 
0 0 0 57 0 0 
0 0 0 57 0 0 
0 0 0 57 0 0 
0 0 0 57 0 0 
0 0 0 57 0 0 
0 0 0 57 0 0 
0 32 0 0 26 0 
0 32 0 0 26 0 
0 32 0 0 26 0 
0 32 0 0 26 0 
0 32 0 0 26 0 
0 32 0 0 26 0 
0 32 0 0 26 0 
0 32 0 0 26 0 
0 32 0 0 26 0 
0 32 0 0 26 0 
43 0 0 0 0 0 
43 0 0 0 0 0 
43 0 0 0 0 0 
43 0 0 0 0 0 
43 0 0 0 0 0 
43 0 0 0 0 0 
43 0 0 0 0 0 
43 0 0 0 0 0 
43 0 0 0 0 0 
43 0 0 0 0 0 
0 0 0 0 49 0 
0 0 0 0 49 0 
0 0 0 0 49 0 
0 0 0 0 49 0 
0 0 0 0 49 0 
0 0 0 0 49 0 
0 0 0 0 49 0 
0 0 0 0 49 0 
0 0 0 0 49 0 
0 0 0 0 49 0 
0 0 0 0 0 31 
0 0 0 0 0 31 
0 0 0 0 0 31 
0 0 0 0 0 31 
0 0 0 0 0 31 
0 0 0 0 0 31 
0 0 0 0 0 31 
0 0 0 0 0 31 
0 0 0 0 0 31 
0 0 0 0 0 31 
0 44 0 0 0 0 
0 44 0 0 0 0 
0 44 0 0 0 0 
0 44 0 0 0 0 
0 44 0 0 0 0 
0 44 0 0 0 0 
0 44 0 0 0 0 
0 44 0 0 0 0 
0 44 0 0 0 0 
0 44 0 0 0 0 
0 60 0 20 0 0 
0 60 0 20 0 0 
0 60 0 20 0 0 
0 60 0 20 0 0 
0 60 0 20 0 0 
0 60 0 20 0 0 
0 60 0 20 0 0 
0 60 0 20 0 0 
0 60 0 20 0 0 
0 60 0 20 0 0 
33 0 0 48 0 0 
33 0 0 48 0 0 
33 0 0 48 0 0 
33 0 0 48 0 0 
33 0 0 48 0 0 
33 0 0 48 0 0 
33 0 0 48 0 0 
33 0 0 48 0 0 
33 0 0 48 0 0 
33 0 0 48 0 0 
0 0 0 29 0 0 
0 0 0 29 0 0 
0 0 0 29 0 0 
0 0 0 29 0 0 
0 0 0 29 0 0 
0 0 0 29 0 0 
0 0 0 29 0 0 
0 0 0 29 0 0 
0 0 0 29 0 0 
0 0 0 29 0 0 
0 52 0 0 0 47 
0 52 0 0 0 47 
0 52 0 0 0 47 
0 52 0 0 0 47 
0 52 0 0 0 47 
0 52 0 0 0 47 
0 52 0 0 0 47 
0 52 0 0 0 47 
0 52 0 0 0 47 
0 52 0 0 0 47 
0 0 0 0 42 0 
0 0 0 0 42 0 
0 0 0 0 42 0 
0 0 0 0 42 0 
0 0 0 0 42 0 
0 0 0 0 42 0 
0 0 0 0 42 0 
0 0 0 0 42 0 
0 0 0 0 42 0 
0 0 0 0 42 0 
0 38 0 0 0 0 
0 38 0 0 0 0 
0 38 0 0 0 0 
0 38 0 0 0 0 
0 38 0 0 0 0 
0 38 0 0 0 0 
0 38 0 0 0 0 
0 38 0 0 0 0 
0 38 0 0 0 0 
0 38 0 0 0 0 
0 0 0 0 59 0 
0 0 0 0 59 0 
0 0 0 0 59 0 
0 0 0 0 59 0 
0 0 0 0 59 0 
0 0 0 0 59 0 
0 0 0 0 59 0 
0 0 0 0 59 0 
0 0 0 0 59 0 
0 0 0 0 59 0 
0 31 0 21 0 0 
0 31 0 21 0 0 
0 31 0 21 0 0 
0 31 0 21 0 0 
0 31 0 21 0 0 
0 31 0 21 0 0 
0 31 0 21 0 0 
0 31 0 21 0 0 
0 31 0 21 0 0 
0 31 0 21 0 0 
0 28 0 0 0 0 
0 28 0 0 0 0 
0 28 0 0 0 0 
0 28 0 0 0 0 
0 28 0 0 0 0 
0 28 0 0 0 0 
0 28 0 0 0 0 
0 28 0 0 0 0 
0 28 0 0 0 0 
0 28 0 0 0 0 
0 0 0 0 57 0 
0 0 0 0 57 0 
0 0 0 0 57 0 
0 0 0 0 57 0 
0 0 0 0 57 0 
0 0 0 0 57 0 
0 0 0 0 57 0 
0 0 0 0 57 0 
0 0 0 0 57 0 
0 0 0 0 57 0 
0 0 60 0 0 0 
0 0 60 0 0 0 
0 0 60 0 0 0 
0 0 60 0 0 0 
0 0 60 0 0 0 
0 0 60 0 0 0 
0 0 60 0 0 0 
0 0 60 0 0 0 
0 0 60 0 0 0 
0 0 60 0 0 0 
0 0 36 0 57 0 
0 0 36 0 57 0 
0 0 36 0 57 0 
0 0 36 0 57 0 
0 0 36 0 57 0 
0 0 36 0 57 0 
0 0 36 0 57 0 
0 0 36 0 57 0 
0 0 36 0 57 0 
0 0 36 0 57 0 
0 0 0 0 53 0 
0 0 0 0 53 0 
0 0 0 0 53 0 
0 0 0 0 53 0 
0 0 0 0 53 0 
0 0 0 0 53 0 
0 0 0 0 53 0 
0 0 0 0 53 0 
0 0 0 0 53 0 
0 0 0 0 53 0 
0 0 31 39 0 0 
0 0 31 39 0 0 
0 0 31 39 0 0 
0 0 31 39 0 0 
0 0 31 39 0 0 
0 0 31 39 0 0 
0 0 31 39 0 0 
0 0 31 39 0 0 
0 0 31 39 0 0 
0 0 31 39 0 0 
31 0 0 0 0 0 
31 0 0 0 0 0 
31 0 0 0 0 0 
31 0 0 0 0 0 
31 0 0 0 0 0 
31 0 0 0 0 0 
31 0 0 0 0 0 
31 0 0 0 0 0 
31 0 0 0 0 0 
31 0 0 0 0 0 
0 0 0 0 0 43 
0 0 0 0 0 43 
0 0 0 0 0 43 
0 0 0 0 0 43 
0 0 0 0 0 43 
0 0 0 0 0 43 
0 0 0 0 0 43 
0 0 0 0 0 43 
0 0 0 0 0 43 
0 0 0 0 0 43 
0 34 0 0 0 0 
0 34 0 0 0 0 
0 34 0 0 0 0 
0 34 0 0 0 0 
0 34 0 0 0 0 
0 34 0 0 0 0 
0 34 0 0 0 0 
0 34 0 0 0 0 
0 34 0 0 0 0 
0 34 0 0 0 0 
0 0 0 0 58 0 
0 0 0 0 58 0 
0 0 0 0 58 0 
0 0 0 0 58 0 
0 0 0 0 58 0 
0 0 0 0 58 0 
0 0 0 0 58 0 
0 0 0 0 58 0 
0 0 0 0 58 0 
0 0 0 0 58 0 
0 0 0 29 0 0 
0 0 0 29 0 0 
0 0 0 29 0 0 
0 0 0 29 0 0 
0 0 0 29 0 0 
0 0 0 29 0 0 
0 0 0 29 0 0 
0 0 0 29 0 0 
0 0 0 29 0 0 
0 0 0 29 0 0 
0 0 34 24 0 0 
0 0 34 24 0 0 
0 0 34 24 0 0 
0 0 34 24 0 0 
0 0 34 24 0 0 
0 0 34 24 0 0 
0 0 34 24 0 0 
0 0 34 24 0 0 
0 0 34 24 0 0 
0 0 34 24 0 0 
40 0 0 0 0 0 
40 0 0 0 0 0 
40 0 0 0 0 0 
40 0 0 0 0 0 
40 0 0 0 0 0 
40 0 0 0 0 0 
40 0 0 0 0 0 
40 0 0 0 0 0 
40 0 0 0 0 0 
40 0 0 0 0 0 
0 0 0 29 0 0 
0 0 0 29 0 0 
0 0 0 29 0 0 
0 0 0 29 0 0 
0 0 0 29 0 0 
0 0 0 29 0 0 
0 0 0 29 0 0 
0 0 0 29 0 0 
0 0 0 29 0 0 
0 0 0 29 0 0 
0 0 0 0 0 29 
0 0 0 0 0 29 
0 0 0 0 0 29 
0 0 0 0 0 29 
0 0 0 0 0 29 
0 0 0 0 0 29 
0 0 0 0 0 29 
0 0 0 0 0 29 
0 0 0 0 0 29 
0 0 0 0 0 29 
0 0 27 0 40 0 
0 0 27 0 40 0 
0 0 27 0 40 0 
0 0 27 0 40 0 
0 0 27 0 40 0 
0 0 27 0 40 0 
0 0 27 0 40 0 
0 0 27 0 40 0 
0 0 27 0 40 0 
0 0 27 0 40 0 
0 60 0 0 0 0 
0 60 0 0 0 0 
0 60 0 0 0 0 
0 60 0 0 0 0 
0 60 0 0 0 0 
0 60 0 0 0 0 
0 60 0 0 0 0 
0 60 0 0 0 0 
0 60 0 0 0 0 
0 60 0 0 0 0 
0 49 0 0 0 24 
0 49 0 0 0 24 
0 49 0 0 0 24 
0 49 0 0 0 24 
0 49 0 0 0 24 
0 49 0 0 0 24 
0 49 0 0 0 24 
0 49 0 0 0 24 
0 49 0 0 0 24 
0 49 0 0 0 24 
0 58 0 0 18 0 
0 58 0 0 18 0 
0 58 0 0 18 0 
0 58 0 0 18 0 
0 58 0 0 18 0 
0 58 0 0 18 0 
0 58 0 0 18 0 
0 58 0 0 18 0 
0 58 0 0 18 0 
0 58 0 0 18 0 
0.0 0.0 0.0 0.0 0.0 0.0 
0.0 0.0 0.0 0.0 0.0 0.0 
0.0 0.0 0.0 0.0 0.0 0.0 
0.0 0.0 0.0 0.0 0.0 0.0 
0.0 0.0 0.0 0.0 0.0 0.0 
0.0 0.0 0.0 0.0 0.0 0.0 
0.0 0.0 0.0 0.0 0.0 0.0 
0.0 0.0 0.0 0.0 0.0 0.0 
0.0 0.0 0.0 0.0 0.0 0.0 
0.0 0.0 0.0 0.0 0.0 0.0 
mind
0 0 0 0 0 0 14 0 0 0 19 0 0 20 0 0 10 0 0 0 0 0 0 0 0 0 0 0 0 0 0 0 0 0 0 0 0 16 0 0 0 0 0 12 0 0 0 19 0 0 18 0
maxd
0 0 0 0 0 0 18 0 0 0 30 0 0 22 0 0 16 0 0 0 0 0 0 0 0 0 0 0 0 0 0 0 0 0 0 0 0 22 0 0 0 0 0 19 0 0 0 26 0 0 30 0
e
0 523 517 769 481 678 817 896 511 885 924 956 500 698 595 642 672 821 916 802 759 654 512 598 660 673 673 791 893 820 765 759 894 666 734 626 601 681 830 570 884 750 493 675 818 959 671 860 953 831 761 0
l
99999 643 637 889 601 798 937 1016 631 1005 1044 1076 620 818 715 762 792 941 1036 922 879 774 632 718 780 793 793 911 1013 940 885 879 1014 786 854 746 721 801 950 690 1004 870 613 795 938 1079 791 980 1073 951 881 99999
