nbNodes
52
nbVehi
10
nbServi
6
r
1 1 1 1 1 1 
0 0 1 0 0 1 
0 0 0 0 0 1 
1 0 0 0 0 0 
1 0 0 0 0 0 
0 1 0 0 0 1 
0 0 0 0 0 1 
0 0 0 0 1 0 
0 1 0 1 0 0 
0 1 0 0 0 1 
0 0 1 0 0 0 
0 1 0 0 0 1 
0 0 1 0 1 0 
0 1 0 0 0 0 
0 1 0 0 0 0 
0 0 0 0 0 1 
0 0 0 0 0 1 
1 0 0 0 0 0 
1 0 0 0 0 0 
0 0 0 0 0 1 
0 0 1 0 1 0 
0 0 0 0 1 0 
0 0 1 0 0 0 
0 1 0 1 0 0 
0 1 0 1 0 0 
0 0 0 1 0 0 
0 1 0 1 0 0 
1 0 0 0 0 0 
0 1 0 0 1 0 
0 1 0 1 0 0 
0 0 0 1 0 0 
0 1 0 0 0 0 
0 1 0 0 0 0 
0 0 0 0 1 0 
0 1 0 0 0 1 
1 0 0 0 0 0 
0 0 0 0 0 1 
0 0 1 0 0 0 
0 1 0 0 0 0 
0 1 0 0 0 0 
0 0 1 0 1 0 
0 1 0 0 1 0 
0 1 0 0 0 0 
0 0 1 0 0 0 
0 0 1 0 0 0 
0 0 0 1 0 0 
0 0 0 1 0 0 
0 0 0 0 1 0 
0 0 0 0 0 1 
0 0 1 0 1 0 
0 0 0 0 1 0 
1 1 1 1 1 1 
DS
2 6 9 10 12 13 21 24 25 27 29 30 35 41 42 50 
a
0 1 1 0 0 0 
0 1 1 0 0 0 
1 1 0 0 0 0 
1 1 0 0 0 0 
0 1 0 0 0 0 
0 0 0 1 1 1 
0 0 0 1 1 1 
0 0 0 1 1 0 
0 0 0 0 1 0 
0 0 0 1 1 1 
x
-30.1019 -30.0504 -30.1125 -30.083 -30.0314 -30.0435 -30.056 -30.1608 -30.1804 -30.0105 -30.0838 -30.0212 -30.075 -30.1568 -30.0217 -30.0723 -30.0651 -30.0208 -30.1485 -29.9866 -30.155 -30.0916 -30.0087 -30.1149 -30.0321 -29.9957 -29.985 -30.0177 -30.1812 -30.2229 -30.0279 -30.107 -30.0064 -30.1019 -30.1111 -30.0089 -30.0396 -30.076 -30.0332 -30.1756 -30.0715 -30.1419 -30.014 -30.0287 -30.1571 -30.1125 -30.1359 -30.1818 -30.112 -30.0453 -30.0276 -30.1019
y
-51.1654 -51.1863 -51.248 -51.2307 -51.1848 -51.1466 -51.1505 -51.182 -51.1876 -51.0966 -51.2315 -51.1842 -51.213 -51.1815 -51.1939 -51.1737 -51.2241 -51.1001 -51.1497 -51.1171 -51.1626 -51.1941 -51.1923 -51.2452 -51.1933 -51.1366 -51.1354 -51.1883 -51.185 -51.0827 -51.1473 -51.2451 -51.1607 -51.1654 -51.2337 -51.1007 -51.2204 -51.2265 -51.1514 -51.1907 -51.2042 -51.2272 -51.1779 -51.1288 -51.1777 -51.2313 -51.2305 -51.1802 -51.2302 -51.1245 -51.1872 -51.1654
d
0.00000 16.00000 21.00000 17.00000 22.00000 20.00000 18.00000 18.00000 24.00000 30.00000 17.00000 21.00000 14.00000 17.00000 22.00000 17.00000 17.00000 27.00000 18.00000 31.00000 15.00000 10.00000 24.00000 21.00000 21.00000 31.00000 34.00000 22.00000 23.00000 31.00000 23.00000 19.00000 27.00000 0.00000 18.00000 30.00000 18.00000 17.00000 22.00000 25.00000 13.00000 20.00000 23.00000 25.00000 18.00000 18.00000 19.00000 22.00000 18.00000 23.00000 21.00000 0.00000
17.00000 0.00000 17.00000 14.00000 7.00000 10.00000 12.00000 28.00000 33.00000 20.00000 14.00000 8.00000 11.00000 27.00000 10.00000 8.00000 10.00000 17.00000 30.00000 20.00000 28.00000 13.00000 12.00000 18.00000 6.00000 18.00000 21.00000 10.00000 33.00000 44.00000 11.00000 15.00000 14.00000 17.00000 16.00000 21.00000 8.00000 13.00000 10.00000 34.00000 8.00000 21.00000 11.00000 15.00000 28.00000 16.00000 20.00000 32.00000 16.00000 13.00000 8.00000 17.00000
21.00000 18.00000 0.00000 10.00000 23.00000 24.00000 24.00000 19.00000 24.00000 35.00000 10.00000 22.00000 12.00000 18.00000 23.00000 18.00000 14.00000 32.00000 23.00000 34.00000 21.00000 15.00000 26.00000 2.00000 22.00000 33.00000 36.00000 24.00000 23.00000 36.00000 25.00000 3.00000 28.00000 21.00000 5.00000 35.00000 18.00000 14.00000 24.00000 25.00000 13.00000 10.00000 25.00000 30.00000 18.00000 6.00000 8.00000 22.00000 6.00000 27.00000 23.00000 21.00000
17.00000 14.00000 10.00000 0.00000 18.00000 20.00000 20.00000 22.00000 26.00000 31.00000 1.00000 19.00000 5.00000 20.00000 18.00000 15.00000 7.00000 28.00000 23.00000 30.00000 21.00000 11.00000 20.00000 11.00000 17.00000 29.00000 32.00000 18.00000 26.00000 37.00000 21.00000 8.00000 25.00000 17.00000 9.00000 31.00000 13.00000 4.00000 20.00000 28.00000 8.00000 14.00000 21.00000 26.00000 21.00000 9.00000 13.00000 25.00000 9.00000 24.00000 17.00000 17.00000
21.00000 5.00000 21.00000 17.00000 0.00000 11.00000 14.00000 33.00000 37.00000 19.00000 18.00000 4.00000 13.00000 32.00000 5.00000 12.00000 11.00000 18.00000 34.00000 16.00000 32.00000 16.00000 8.00000 22.00000 4.00000 14.00000 17.00000 5.00000 37.00000 48.00000 10.00000 20.00000 10.00000 21.00000 20.00000 20.00000 9.00000 15.00000 9.00000 39.00000 11.00000 25.00000 6.00000 15.00000 32.00000 20.00000 24.00000 36.00000 20.00000 14.00000 4.00000 21.00000
20.00000 10.00000 23.00000 20.00000 10.00000 0.00000 6.00000 35.00000 39.00000 14.00000 20.00000 9.00000 17.00000 33.00000 12.00000 13.00000 18.00000 11.00000 35.00000 15.00000 33.00000 19.00000 14.00000 24.00000 12.00000 14.00000 17.00000 11.00000 39.00000 46.00000 6.00000 21.00000 11.00000 20.00000 22.00000 14.00000 16.00000 19.00000 5.00000 41.00000 14.00000 27.00000 12.00000 9.00000 34.00000 22.00000 26.00000 38.00000 22.00000 6.00000 12.00000 20.00000
17.00000 10.00000 22.00000 19.00000 13.00000 7.00000 0.00000 33.00000 38.00000 16.00000 19.00000 12.00000 16.00000 32.00000 15.00000 12.00000 16.00000 13.00000 32.00000 17.00000 31.00000 18.00000 17.00000 23.00000 14.00000 17.00000 20.00000 14.00000 38.00000 44.00000 9.00000 20.00000 14.00000 17.00000 21.00000 17.00000 15.00000 18.00000 9.00000 40.00000 13.00000 26.00000 15.00000 11.00000 33.00000 21.00000 25.00000 37.00000 21.00000 9.00000 15.00000 17.00000
18.00000 28.00000 19.00000 21.00000 34.00000 34.00000 34.00000 0.00000 9.00000 45.00000 20.00000 33.00000 23.00000 2.00000 34.00000 29.00000 27.00000 42.00000 10.00000 45.00000 6.00000 23.00000 36.00000 19.00000 33.00000 43.00000 46.00000 34.00000 9.00000 21.00000 35.00000 18.00000 39.00000 18.00000 17.00000 45.00000 30.00000 25.00000 34.00000 10.00000 23.00000 12.00000 35.00000 40.00000 3.00000 16.00000 12.00000 8.00000 16.00000 38.00000 34.00000 18.00000
24.00000 33.00000 24.00000 26.00000 38.00000 39.00000 39.00000 9.00000 0.00000 50.00000 25.00000 38.00000 28.00000 9.00000 39.00000 34.00000 31.00000 47.00000 15.00000 50.00000 12.00000 29.00000 41.00000 24.00000 38.00000 48.00000 51.00000 39.00000 2.00000 22.00000 40.00000 23.00000 44.00000 24.00000 21.00000 50.00000 35.00000 29.00000 39.00000 3.00000 28.00000 15.00000 40.00000 45.00000 10.00000 21.00000 17.00000 4.00000 21.00000 43.00000 38.00000 24.00000
29.00000 20.00000 34.00000 31.00000 19.00000 14.00000 16.00000 45.00000 50.00000 0.00000 31.00000 16.00000 28.00000 44.00000 17.00000 24.00000 27.00000 4.00000 40.00000 8.00000 42.00000 30.00000 16.00000 35.00000 20.00000 10.00000 13.00000 16.00000 49.00000 45.00000 14.00000 32.00000 12.00000 29.00000 33.00000 2.00000 25.00000 30.00000 15.00000 51.00000 25.00000 38.00000 15.00000 10.00000 45.00000 33.00000 37.00000 49.00000 33.00000 10.00000 17.00000 29.00000
18.00000 15.00000 10.00000 1.00000 19.00000 20.00000 21.00000 22.00000 26.00000 31.00000 0.00000 19.00000 6.00000 20.00000 18.00000 15.00000 7.00000 29.00000 23.00000 31.00000 21.00000 12.00000 20.00000 11.00000 17.00000 29.00000 32.00000 18.00000 26.00000 37.00000 22.00000 8.00000 25.00000 18.00000 9.00000 32.00000 13.00000 5.00000 21.00000 28.00000 9.00000 14.00000 22.00000 26.00000 21.00000 9.00000 13.00000 25.00000 9.00000 24.00000 17.00000 18.00000
23.00000 9.00000 23.00000 18.00000 5.00000 12.00000 15.00000 35.00000 40.00000 17.00000 19.00000 0.00000 15.00000 34.00000 3.00000 16.00000 13.00000 16.00000 36.00000 14.00000 34.00000 19.00000 5.00000 24.00000 6.00000 12.00000 15.00000 2.00000 39.00000 50.00000 10.00000 22.00000 8.00000 23.00000 22.00000 18.00000 11.00000 16.00000 9.00000 41.00000 13.00000 27.00000 4.00000 15.00000 34.00000 22.00000 26.00000 38.00000 22.00000 15.00000 3.00000 23.00000
13.00000 10.00000 11.00000 5.00000 15.00000 16.00000 16.00000 22.00000 27.00000 27.00000 6.00000 15.00000 0.00000 21.00000 15.00000 11.00000 6.00000 24.00000 24.00000 27.00000 22.00000 7.00000 17.00000 12.00000 14.00000 25.00000 28.00000 15.00000 27.00000 38.00000 17.00000 9.00000 21.00000 13.00000 10.00000 27.00000 10.00000 4.00000 16.00000 29.00000 4.00000 15.00000 17.00000 22.00000 22.00000 10.00000 14.00000 26.00000 10.00000 20.00000 14.00000 13.00000
17.00000 27.00000 18.00000 20.00000 32.00000 33.00000 32.00000 2.00000 9.00000 44.00000 19.00000 31.00000 22.00000 0.00000 33.00000 28.00000 25.00000 41.00000 9.00000 44.00000 5.00000 22.00000 35.00000 18.00000 32.00000 42.00000 45.00000 33.00000 9.00000 20.00000 34.00000 17.00000 38.00000 17.00000 15.00000 44.00000 29.00000 23.00000 33.00000 11.00000 22.00000 11.00000 34.00000 39.00000 2.00000 15.00000 11.00000 8.00000 15.00000 37.00000 32.00000 17.00000
21.00000 8.00000 22.00000 16.00000 5.00000 12.00000 15.00000 33.00000 38.00000 19.00000 17.00000 5.00000 12.00000 32.00000 0.00000 14.00000 10.00000 18.00000 34.00000 16.00000 32.00000 17.00000 6.00000 22.00000 3.00000 14.00000 17.00000 3.00000 37.00000 48.00000 11.00000 20.00000 10.00000 21.00000 21.00000 20.00000 8.00000 14.00000 10.00000 39.00000 11.00000 25.00000 6.00000 16.00000 32.00000 21.00000 24.00000 37.00000 21.00000 15.00000 3.00000 21.00000
17.00000 8.00000 18.00000 15.00000 13.00000 13.00000 12.00000 29.00000 34.00000 25.00000 15.00000 12.00000 12.00000 28.00000 15.00000 0.00000 13.00000 22.00000 31.00000 25.00000 29.00000 13.00000 17.00000 19.00000 13.00000 23.00000 26.00000 14.00000 34.00000 44.00000 15.00000 16.00000 19.00000 17.00000 17.00000 25.00000 12.00000 14.00000 14.00000 36.00000 9.00000 22.00000 15.00000 20.00000 29.00000 17.00000 21.00000 33.00000 17.00000 17.00000 14.00000 17.00000
17.00000 10.00000 14.00000 6.00000 12.00000 18.00000 18.00000 27.00000 32.00000 28.00000 7.00000 14.00000 6.00000 26.00000 12.00000 12.00000 0.00000 25.00000 28.00000 25.00000 26.00000 12.00000 14.00000 15.00000 11.00000 23.00000 26.00000 12.00000 31.00000 42.00000 18.00000 13.00000 19.00000 17.00000 15.00000 28.00000 7.00000 4.00000 17.00000 33.00000 6.00000 19.00000 15.00000 23.00000 26.00000 14.00000 18.00000 31.00000 15.00000 20.00000 11.00000 17.00000
27.00000 18.00000 32.00000 29.00000 18.00000 12.00000 13.00000 43.00000 48.00000 4.00000 29.00000 15.00000 26.00000 42.00000 17.00000 21.00000 26.00000 0.00000 41.00000 10.00000 40.00000 28.00000 16.00000 33.00000 19.00000 10.00000 13.00000 16.00000 48.00000 47.00000 12.00000 30.00000 12.00000 27.00000 31.00000 5.00000 23.00000 28.00000 12.00000 50.00000 23.00000 36.00000 15.00000 8.00000 42.00000 31.00000 35.00000 47.00000 31.00000 8.00000 17.00000 27.00000
17.00000 28.00000 22.00000 22.00000 34.00000 34.00000 32.00000 10.00000 14.00000 40.00000 21.00000 33.00000 23.00000 9.00000 34.00000 29.00000 27.00000 41.00000 0.00000 45.00000 5.00000 22.00000 37.00000 22.00000 33.00000 43.00000 46.00000 35.00000 14.00000 20.00000 35.00000 20.00000 39.00000 17.00000 19.00000 42.00000 30.00000 25.00000 35.00000 16.00000 23.00000 18.00000 35.00000 40.00000 8.00000 19.00000 18.00000 13.00000 19.00000 37.00000 34.00000 17.00000
31.00000 20.00000 35.00000 29.00000 16.00000 16.00000 17.00000 46.00000 51.00000 7.00000 30.00000 13.00000 26.00000 45.00000 15.00000 25.00000 24.00000 10.00000 45.00000 0.00000 44.00000 30.00000 13.00000 35.00000 17.00000 5.00000 6.00000 14.00000 50.00000 52.00000 12.00000 33.00000 10.00000 31.00000 34.00000 8.00000 21.00000 27.00000 14.00000 52.00000 24.00000 38.00000 13.00000 11.00000 45.00000 34.00000 37.00000 50.00000 34.00000 12.00000 14.00000 31.00000
15.00000 27.00000 20.00000 20.00000 32.00000 33.00000 31.00000 6.00000 11.00000 43.00000 20.00000 31.00000 21.00000 5.00000 33.00000 27.00000 25.00000 40.00000 6.00000 43.00000 0.00000 21.00000 35.00000 20.00000 32.00000 42.00000 45.00000 33.00000 11.00000 17.00000 34.00000 18.00000 37.00000 15.00000 18.00000 43.00000 29.00000 23.00000 33.00000 13.00000 22.00000 14.00000 34.00000 38.00000 5.00000 17.00000 14.00000 10.00000 17.00000 36.00000 32.00000 15.00000
10.00000 12.00000 15.00000 12.00000 17.00000 18.00000 18.00000 23.00000 29.00000 29.00000 12.00000 16.00000 9.00000 22.00000 17.00000 13.00000 12.00000 26.00000 23.00000 29.00000 21.00000 0.00000 20.00000 16.00000 16.00000 27.00000 30.00000 18.00000 29.00000 36.00000 19.00000 13.00000 23.00000 10.00000 14.00000 29.00000 13.00000 11.00000 18.00000 30.00000 8.00000 19.00000 19.00000 24.00000 23.00000 14.00000 18.00000 28.00000 14.00000 21.00000 17.00000 10.00000
23.00000 11.00000 24.00000 18.00000 8.00000 15.00000 18.00000 35.00000 40.00000 18.00000 19.00000 7.00000 14.00000 34.00000 4.00000 16.00000 13.00000 17.00000 36.00000 15.00000 34.00000 19.00000 0.00000 24.00000 7.00000 12.00000 16.00000 4.00000 40.00000 50.00000 12.00000 22.00000 9.00000 23.00000 23.00000 19.00000 9.00000 16.00000 12.00000 41.00000 13.00000 27.00000 6.00000 17.00000 35.00000 23.00000 26.00000 39.00000 23.00000 18.00000 6.00000 23.00000
20.00000 18.00000 2.00000 10.00000 23.00000 24.00000 24.00000 19.00000 23.00000 35.00000 10.00000 22.00000 12.00000 17.00000 24.00000 18.00000 15.00000 32.00000 22.00000 34.00000 20.00000 15.00000 26.00000 0.00000 23.00000 33.00000 36.00000 24.00000 23.00000 35.00000 25.00000 3.00000 29.00000 20.00000 4.00000 35.00000 18.00000 14.00000 24.00000 25.00000 13.00000 10.00000 25.00000 30.00000 18.00000 4.00000 8.00000 22.00000 5.00000 27.00000 23.00000 20.00000
21.00000 7.00000 22.00000 17.00000 4.00000 12.00000 15.00000 33.00000 38.00000 20.00000 18.00000 6.00000 13.00000 32.00000 5.00000 13.00000 12.00000 19.00000 34.00000 17.00000 32.00000 17.00000 9.00000 22.00000 0.00000 15.00000 18.00000 5.00000 37.00000 48.00000 11.00000 20.00000 11.00000 21.00000 21.00000 21.00000 10.00000 15.00000 10.00000 39.00000 11.00000 25.00000 7.00000 16.00000 33.00000 21.00000 24.00000 37.00000 21.00000 14.00000 3.00000 21.00000
30.00000 18.00000 33.00000 28.00000 14.00000 13.00000 16.00000 44.00000 49.00000 11.00000 28.00000 11.00000 24.00000 43.00000 13.00000 23.00000 22.00000 10.00000 45.00000 6.00000 43.00000 28.00000 11.00000 33.00000 15.00000 0.00000 4.00000 12.00000 49.00000 54.00000 9.00000 31.00000 7.00000 30.00000 32.00000 10.00000 19.00000 26.00000 11.00000 50.00000 22.00000 37.00000 11.00000 10.00000 44.00000 32.00000 36.00000 48.00000 32.00000 12.00000 13.00000 30.00000
33.00000 21.00000 35.00000 30.00000 17.00000 16.00000 19.00000 47.00000 51.00000 12.00000 31.00000 14.00000 26.00000 45.00000 15.00000 26.00000 25.00000 13.00000 48.00000 5.00000 46.00000 31.00000 14.00000 36.00000 17.00000 4.00000 0.00000 14.00000 51.00000 57.00000 12.00000 33.00000 10.00000 33.00000 34.00000 12.00000 23.00000 28.00000 14.00000 53.00000 25.00000 39.00000 13.00000 13.00000 46.00000 34.00000 38.00000 50.00000 34.00000 15.00000 15.00000 33.00000
22.00000 8.00000 22.00000 18.00000 4.00000 11.00000 14.00000 34.00000 38.00000 17.00000 18.00000 3.00000 14.00000 32.00000 3.00000 15.00000 12.00000 16.00000 35.00000 14.00000 33.00000 18.00000 5.00000 23.00000 5.00000 12.00000 15.00000 0.00000 38.00000 49.00000 10.00000 20.00000 8.00000 22.00000 21.00000 18.00000 9.00000 16.00000 9.00000 40.00000 12.00000 26.00000 4.00000 15.00000 33.00000 21.00000 25.00000 37.00000 21.00000 14.00000 3.00000 22.00000
23.00000 33.00000 23.00000 25.00000 38.00000 39.00000 39.00000 9.00000 2.00000 49.00000 25.00000 37.00000 27.00000 9.00000 39.00000 33.00000 31.00000 47.00000 15.00000 49.00000 11.00000 29.00000 41.00000 23.00000 38.00000 48.00000 51.00000 39.00000 0.00000 21.00000 40.00000 23.00000 43.00000 23.00000 21.00000 50.00000 35.00000 29.00000 39.00000 3.00000 28.00000 15.00000 40.00000 45.00000 10.00000 21.00000 17.00000 3.00000 21.00000 42.00000 38.00000 23.00000
31.00000 42.00000 36.00000 36.00000 48.00000 46.00000 44.00000 21.00000 22.00000 46.00000 35.00000 47.00000 37.00000 20.00000 48.00000 43.00000 41.00000 50.00000 20.00000 54.00000 17.00000 36.00000 51.00000 36.00000 47.00000 55.00000 58.00000 48.00000 21.00000 0.00000 49.00000 34.00000 53.00000 31.00000 33.00000 48.00000 44.00000 39.00000 48.00000 23.00000 37.00000 29.00000 49.00000 51.00000 19.00000 33.00000 29.00000 20.00000 33.00000 49.00000 48.00000 31.00000
23.00000 11.00000 26.00000 22.00000 8.00000 6.00000 9.00000 37.00000 42.00000 13.00000 22.00000 9.00000 19.00000 36.00000 12.00000 15.00000 19.00000 11.00000 38.00000 11.00000 36.00000 21.00000 11.00000 26.00000 11.00000 9.00000 12.00000 11.00000 41.00000 49.00000 0.00000 24.00000 7.00000 23.00000 25.00000 15.00000 17.00000 22.00000 2.00000 43.00000 17.00000 29.00000 10.00000 6.00000 37.00000 25.00000 28.00000 41.00000 25.00000 9.00000 10.00000 23.00000
19.00000 15.00000 2.00000 8.00000 21.00000 21.00000 22.00000 18.00000 23.00000 32.00000 8.00000 20.00000 10.00000 17.00000 21.00000 16.00000 12.00000 29.00000 21.00000 32.00000 18.00000 13.00000 24.00000 3.00000 20.00000 30.00000 33.00000 22.00000 22.00000 34.00000 22.00000 0.00000 26.00000 19.00000 5.00000 33.00000 16.00000 12.00000 22.00000 24.00000 11.00000 10.00000 22.00000 27.00000 18.00000 5.00000 9.00000 22.00000 5.00000 25.00000 21.00000 19.00000
28.00000 13.00000 28.00000 23.00000 9.00000 12.00000 15.00000 39.00000 44.00000 13.00000 23.00000 6.00000 19.00000 38.00000 8.00000 18.00000 17.00000 12.00000 41.00000 10.00000 39.00000 23.00000 7.00000 28.00000 10.00000 6.00000 10.00000 7.00000 44.00000 54.00000 8.00000 26.00000 0.00000 28.00000 27.00000 14.00000 15.00000 21.00000 8.00000 45.00000 17.00000 31.00000 6.00000 12.00000 39.00000 27.00000 31.00000 43.00000 27.00000 14.00000 8.00000 28.00000
0.00000 16.00000 21.00000 17.00000 22.00000 20.00000 18.00000 18.00000 24.00000 30.00000 17.00000 21.00000 14.00000 17.00000 22.00000 17.00000 17.00000 27.00000 18.00000 31.00000 15.00000 10.00000 24.00000 21.00000 21.00000 31.00000 34.00000 22.00000 23.00000 31.00000 23.00000 19.00000 27.00000 0.00000 18.00000 30.00000 18.00000 17.00000 22.00000 25.00000 13.00000 20.00000 23.00000 25.00000 18.00000 18.00000 19.00000 22.00000 18.00000 23.00000 21.00000 0.00000
19.00000 16.00000 5.00000 9.00000 22.00000 22.00000 23.00000 17.00000 21.00000 33.00000 9.00000 21.00000 11.00000 15.00000 22.00000 17.00000 15.00000 30.00000 20.00000 33.00000 18.00000 14.00000 25.00000 4.00000 21.00000 31.00000 34.00000 23.00000 21.00000 34.00000 23.00000 5.00000 27.00000 19.00000 0.00000 34.00000 18.00000 13.00000 23.00000 23.00000 12.00000 9.00000 23.00000 28.00000 16.00000 1.00000 8.00000 20.00000 2.00000 26.00000 22.00000 19.00000
30.00000 21.00000 35.00000 32.00000 20.00000 15.00000 16.00000 46.00000 51.00000 2.00000 32.00000 16.00000 29.00000 44.00000 18.00000 24.00000 27.00000 4.00000 42.00000 9.00000 43.00000 30.00000 17.00000 36.00000 20.00000 10.00000 13.00000 17.00000 51.00000 47.00000 14.00000 33.00000 13.00000 30.00000 34.00000 0.00000 25.00000 31.00000 15.00000 52.00000 26.00000 39.00000 16.00000 10.00000 45.00000 34.00000 38.00000 50.00000 34.00000 11.00000 18.00000 30.00000
18.00000 10.00000 18.00000 13.00000 11.00000 15.00000 18.00000 30.00000 35.00000 25.00000 13.00000 11.00000 10.00000 29.00000 9.00000 13.00000 8.00000 23.00000 31.00000 20.00000 29.00000 14.00000 10.00000 18.00000 9.00000 19.00000 22.00000 10.00000 34.00000 45.00000 16.00000 16.00000 16.00000 18.00000 18.00000 26.00000 0.00000 11.00000 15.00000 36.00000 8.00000 22.00000 13.00000 21.00000 30.00000 18.00000 21.00000 34.00000 18.00000 18.00000 9.00000 18.00000
17.00000 14.00000 14.00000 4.00000 16.00000 19.00000 20.00000 25.00000 30.00000 30.00000 5.00000 17.00000 5.00000 24.00000 15.00000 14.00000 4.00000 28.00000 26.00000 28.00000 24.00000 11.00000 17.00000 14.00000 14.00000 26.00000 29.00000 15.00000 29.00000 40.00000 21.00000 12.00000 22.00000 17.00000 13.00000 31.00000 11.00000 0.00000 20.00000 31.00000 7.00000 17.00000 19.00000 25.00000 24.00000 13.00000 16.00000 29.00000 13.00000 23.00000 15.00000 17.00000
21.00000 9.00000 24.00000 21.00000 7.00000 5.00000 8.00000 35.00000 40.00000 15.00000 21.00000 7.00000 18.00000 34.00000 10.00000 13.00000 17.00000 12.00000 36.00000 12.00000 35.00000 19.00000 11.00000 25.00000 9.00000 10.00000 13.00000 9.00000 40.00000 48.00000 2.00000 22.00000 7.00000 21.00000 23.00000 15.00000 15.00000 20.00000 0.00000 41.00000 15.00000 28.00000 9.00000 7.00000 35.00000 23.00000 27.00000 39.00000 23.00000 8.00000 9.00000 21.00000
25.00000 35.00000 25.00000 27.00000 40.00000 40.00000 40.00000 10.00000 3.00000 51.00000 27.00000 39.00000 29.00000 11.00000 40.00000 35.00000 33.00000 48.00000 16.00000 51.00000 13.00000 30.00000 43.00000 25.00000 39.00000 49.00000 52.00000 41.00000 3.00000 23.00000 42.00000 25.00000 45.00000 25.00000 23.00000 52.00000 36.00000 31.00000 41.00000 0.00000 30.00000 17.00000 42.00000 46.00000 11.00000 23.00000 18.00000 5.00000 23.00000 44.00000 40.00000 25.00000
11.00000 8.00000 11.00000 8.00000 13.00000 14.00000 14.00000 23.00000 27.00000 25.00000 8.00000 12.00000 5.00000 21.00000 13.00000 8.00000 9.00000 22.00000 24.00000 24.00000 22.00000 6.00000 16.00000 12.00000 12.00000 23.00000 26.00000 14.00000 27.00000 38.00000 15.00000 9.00000 19.00000 11.00000 10.00000 25.00000 9.00000 7.00000 14.00000 29.00000 0.00000 15.00000 15.00000 20.00000 22.00000 10.00000 14.00000 26.00000 10.00000 17.00000 13.00000 11.00000
20.00000 21.00000 11.00000 13.00000 26.00000 27.00000 27.00000 12.00000 16.00000 38.00000 13.00000 25.00000 15.00000 11.00000 27.00000 21.00000 19.00000 35.00000 19.00000 37.00000 14.00000 18.00000 29.00000 11.00000 26.00000 36.00000 39.00000 27.00000 15.00000 29.00000 28.00000 11.00000 31.00000 20.00000 9.00000 38.00000 23.00000 17.00000 27.00000 17.00000 16.00000 0.00000 28.00000 33.00000 12.00000 9.00000 4.00000 16.00000 9.00000 30.00000 26.00000 20.00000
25.00000 10.00000 25.00000 20.00000 6.00000 12.00000 15.00000 36.00000 41.00000 15.00000 20.00000 3.00000 16.00000 35.00000 5.00000 17.00000 14.00000 14.00000 38.00000 12.00000 36.00000 20.00000 4.00000 26.00000 7.00000 10.00000 13.00000 3.00000 41.00000 52.00000 9.00000 23.00000 6.00000 25.00000 24.00000 16.00000 12.00000 18.00000 9.00000 42.00000 15.00000 29.00000 0.00000 14.00000 36.00000 24.00000 28.00000 40.00000 24.00000 15.00000 5.00000 25.00000
24.00000 15.00000 29.00000 26.00000 13.00000 9.00000 11.00000 40.00000 45.00000 10.00000 26.00000 14.00000 23.00000 39.00000 16.00000 19.00000 23.00000 7.00000 39.00000 11.00000 37.00000 25.00000 16.00000 30.00000 16.00000 10.00000 13.00000 15.00000 45.00000 51.00000 6.00000 28.00000 12.00000 24.00000 28.00000 11.00000 21.00000 26.00000 7.00000 47.00000 20.00000 33.00000 15.00000 0.00000 40.00000 28.00000 32.00000 44.00000 28.00000 8.00000 15.00000 24.00000
18.00000 28.00000 18.00000 20.00000 33.00000 34.00000 33.00000 4.00000 10.00000 45.00000 20.00000 32.00000 22.00000 2.00000 34.00000 28.00000 26.00000 42.00000 9.00000 44.00000 5.00000 23.00000 36.00000 18.00000 33.00000 43.00000 46.00000 34.00000 10.00000 19.00000 35.00000 18.00000 38.00000 18.00000 16.00000 45.00000 30.00000 24.00000 34.00000 12.00000 23.00000 12.00000 35.00000 40.00000 0.00000 16.00000 12.00000 9.00000 16.00000 37.00000 33.00000 18.00000
18.00000 17.00000 6.00000 9.00000 22.00000 22.00000 23.00000 16.00000 21.00000 33.00000 9.00000 21.00000 11.00000 15.00000 22.00000 17.00000 15.00000 30.00000 19.00000 33.00000 17.00000 14.00000 25.00000 5.00000 21.00000 31.00000 34.00000 23.00000 20.00000 33.00000 24.00000 5.00000 27.00000 18.00000 2.00000 34.00000 18.00000 13.00000 23.00000 22.00000 12.00000 8.00000 24.00000 28.00000 15.00000 0.00000 7.00000 19.00000 1.00000 26.00000 22.00000 18.00000
19.00000 20.00000 9.00000 12.00000 25.00000 26.00000 26.00000 12.00000 17.00000 37.00000 12.00000 24.00000 14.00000 11.00000 26.00000 20.00000 18.00000 34.00000 19.00000 36.00000 14.00000 17.00000 28.00000 9.00000 25.00000 35.00000 38.00000 26.00000 17.00000 29.00000 27.00000 9.00000 30.00000 19.00000 8.00000 37.00000 22.00000 16.00000 26.00000 18.00000 15.00000 3.00000 27.00000 32.00000 12.00000 8.00000 0.00000 16.00000 8.00000 29.00000 25.00000 19.00000
22.00000 32.00000 23.00000 25.00000 37.00000 38.00000 38.00000 8.00000 4.00000 49.00000 24.00000 36.00000 27.00000 8.00000 38.00000 33.00000 30.00000 46.00000 14.00000 49.00000 10.00000 28.00000 40.00000 23.00000 37.00000 47.00000 50.00000 38.00000 3.00000 21.00000 39.00000 22.00000 43.00000 22.00000 20.00000 49.00000 34.00000 28.00000 38.00000 5.00000 27.00000 16.00000 39.00000 44.00000 9.00000 20.00000 16.00000 0.00000 20.00000 41.00000 37.00000 22.00000
18.00000 16.00000 5.00000 9.00000 21.00000 22.00000 23.00000 16.00000 21.00000 33.00000 8.00000 21.00000 11.00000 15.00000 22.00000 17.00000 14.00000 30.00000 19.00000 33.00000 17.00000 14.00000 24.00000 5.00000 21.00000 31.00000 34.00000 22.00000 20.00000 33.00000 23.00000 5.00000 27.00000 18.00000 2.00000 33.00000 18.00000 13.00000 22.00000 22.00000 11.00000 8.00000 23.00000 28.00000 15.00000 2.00000 7.00000 20.00000 0.00000 26.00000 21.00000 18.00000
23.00000 13.00000 28.00000 24.00000 13.00000 8.00000 9.00000 39.00000 44.00000 11.00000 24.00000 13.00000 21.00000 37.00000 15.00000 17.00000 21.00000 8.00000 37.00000 12.00000 36.00000 23.00000 17.00000 28.00000 15.00000 12.00000 15.00000 14.00000 44.00000 47.00000 9.00000 26.00000 14.00000 23.00000 27.00000 11.00000 19.00000 24.00000 8.00000 45.00000 19.00000 31.00000 15.00000 8.00000 38.00000 27.00000 30.00000 43.00000 27.00000 0.00000 15.00000 23.00000
22.00000 6.00000 22.00000 17.00000 3.00000 11.00000 14.00000 33.00000 38.00000 18.00000 18.00000 4.00000 14.00000 32.00000 4.00000 13.00000 12.00000 17.00000 35.00000 15.00000 33.00000 17.00000 8.00000 22.00000 3.00000 13.00000 16.00000 4.00000 38.00000 48.00000 10.00000 20.00000 9.00000 22.00000 21.00000 19.00000 10.00000 15.00000 9.00000 39.00000 11.00000 25.00000 6.00000 14.00000 33.00000 21.00000 25.00000 37.00000 21.00000 14.00000 0.00000 22.00000
0.00000 16.00000 21.00000 17.00000 22.00000 20.00000 18.00000 18.00000 24.00000 30.00000 17.00000 21.00000 14.00000 17.00000 22.00000 17.00000 17.00000 27.00000 18.00000 31.00000 15.00000 10.00000 24.00000 21.00000 21.00000 31.00000 34.00000 22.00000 23.00000 31.00000 23.00000 19.00000 27.00000 0.00000 18.00000 30.00000 18.00000 17.00000 22.00000 25.00000 13.00000 20.00000 23.00000 25.00000 18.00000 18.00000 19.00000 22.00000 18.00000 23.00000 21.00000 0.00000
p
0.0 0.0 0.0 0.0 0.0 0.0 
0.0 0.0 0.0 0.0 0.0 0.0 
0.0 0.0 0.0 0.0 0.0 0.0 
0.0 0.0 0.0 0.0 0.0 0.0 
0.0 0.0 0.0 0.0 0.0 0.0 
0.0 0.0 0.0 0.0 0.0 0.0 
0.0 0.0 0.0 0.0 0.0 0.0 
0.0 0.0 0.0 0.0 0.0 0.0 
0.0 0.0 0.0 0.0 0.0 0.0 
0.0 0.0 0.0 0.0 0.0 0.0 
0 0 39 0 0 28 
0 0 39 0 0 28 
0 0 39 0 0 28 
0 0 39 0 0 28 
0 0 39 0 0 28 
0 0 39 0 0 28 
0 0 39 0 0 28 
0 0 39 0 0 28 
0 0 39 0 0 28 
0 0 39 0 0 28 
0 0 0 0 0 51 
0 0 0 0 0 51 
0 0 0 0 0 51 
0 0 0 0 0 51 
0 0 0 0 0 51 
0 0 0 0 0 51 
0 0 0 0 0 51 
0 0 0 0 0 51 
0 0 0 0 0 51 
0 0 0 0 0 51 
46 0 0 0 0 0 
46 0 0 0 0 0 
46 0 0 0 0 0 
46 0 0 0 0 0 
46 0 0 0 0 0 
46 0 0 0 0 0 
46 0 0 0 0 0 
46 0 0 0 0 0 
46 0 0 0 0 0 
46 0 0 0 0 0 
33 0 0 0 0 0 
33 0 0 0 0 0 
33 0 0 0 0 0 
33 0 0 0 0 0 
33 0 0 0 0 0 
33 0 0 0 0 0 
33 0 0 0 0 0 
33 0 0 0 0 0 
33 0 0 0 0 0 
33 0 0 0 0 0 
0 56 0 0 0 42 
0 56 0 0 0 42 
0 56 0 0 0 42 
0 56 0 0 0 42 
0 56 0 0 0 42 
0 56 0 0 0 42 
0 56 0 0 0 42 
0 56 0 0 0 42 
0 56 0 0 0 42 
0 56 0 0 0 42 
0 0 0 0 0 30 
0 0 0 0 0 30 
0 0 0 0 0 30 
0 0 0 0 0 30 
0 0 0 0 0 30 
0 0 0 0 0 30 
0 0 0 0 0 30 
0 0 0 0 0 30 
0 0 0 0 0 30 
0 0 0 0 0 30 
0 0 0 0 23 0 
0 0 0 0 23 0 
0 0 0 0 23 0 
0 0 0 0 23 0 
0 0 0 0 23 0 
0 0 0 0 23 0 
0 0 0 0 23 0 
0 0 0 0 23 0 
0 0 0 0 23 0 
0 0 0 0 23 0 
0 59 0 43 0 0 
0 59 0 43 0 0 
0 59 0 43 0 0 
0 59 0 43 0 0 
0 59 0 43 0 0 
0 59 0 43 0 0 
0 59 0 43 0 0 
0 59 0 43 0 0 
0 59 0 43 0 0 
0 59 0 43 0 0 
0 49 0 0 0 56 
0 49 0 0 0 56 
0 49 0 0 0 56 
0 49 0 0 0 56 
0 49 0 0 0 56 
0 49 0 0 0 56 
0 49 0 0 0 56 
0 49 0 0 0 56 
0 49 0 0 0 56 
0 49 0 0 0 56 
0 0 52 0 0 0 
0 0 52 0 0 0 
0 0 52 0 0 0 
0 0 52 0 0 0 
0 0 52 0 0 0 
0 0 52 0 0 0 
0 0 52 0 0 0 
0 0 52 0 0 0 
0 0 52 0 0 0 
0 0 52 0 0 0 
0 38 0 0 0 22 
0 38 0 0 0 22 
0 38 0 0 0 22 
0 38 0 0 0 22 
0 38 0 0 0 22 
0 38 0 0 0 22 
0 38 0 0 0 22 
0 38 0 0 0 22 
0 38 0 0 0 22 
0 38 0 0 0 22 
0 0 22 0 38 0 
0 0 22 0 38 0 
0 0 22 0 38 0 
0 0 22 0 38 0 
0 0 22 0 38 0 
0 0 22 0 38 0 
0 0 22 0 38 0 
0 0 22 0 38 0 
0 0 22 0 38 0 
0 0 22 0 38 0 
0 16 0 0 0 0 
0 16 0 0 0 0 
0 16 0 0 0 0 
0 16 0 0 0 0 
0 16 0 0 0 0 
0 16 0 0 0 0 
0 16 0 0 0 0 
0 16 0 0 0 0 
0 16 0 0 0 0 
0 16 0 0 0 0 
0 48 0 0 0 0 
0 48 0 0 0 0 
0 48 0 0 0 0 
0 48 0 0 0 0 
0 48 0 0 0 0 
0 48 0 0 0 0 
0 48 0 0 0 0 
0 48 0 0 0 0 
0 48 0 0 0 0 
0 48 0 0 0 0 
0 0 0 0 0 44 
0 0 0 0 0 44 
0 0 0 0 0 44 
0 0 0 0 0 44 
0 0 0 0 0 44 
0 0 0 0 0 44 
0 0 0 0 0 44 
0 0 0 0 0 44 
0 0 0 0 0 44 
0 0 0 0 0 44 
0 0 0 0 0 38 
0 0 0 0 0 38 
0 0 0 0 0 38 
0 0 0 0 0 38 
0 0 0 0 0 38 
0 0 0 0 0 38 
0 0 0 0 0 38 
0 0 0 0 0 38 
0 0 0 0 0 38 
0 0 0 0 0 38 
51 0 0 0 0 0 
51 0 0 0 0 0 
51 0 0 0 0 0 
51 0 0 0 0 0 
51 0 0 0 0 0 
51 0 0 0 0 0 
51 0 0 0 0 0 
51 0 0 0 0 0 
51 0 0 0 0 0 
51 0 0 0 0 0 
44 0 0 0 0 0 
44 0 0 0 0 0 
44 0 0 0 0 0 
44 0 0 0 0 0 
44 0 0 0 0 0 
44 0 0 0 0 0 
44 0 0 0 0 0 
44 0 0 0 0 0 
44 0 0 0 0 0 
44 0 0 0 0 0 
0 0 0 0 0 48 
0 0 0 0 0 48 
0 0 0 0 0 48 
0 0 0 0 0 48 
0 0 0 0 0 48 
0 0 0 0 0 48 
0 0 0 0 0 48 
0 0 0 0 0 48 
0 0 0 0 0 48 
0 0 0 0 0 48 
0 0 38 0 56 0 
0 0 38 0 56 0 
0 0 38 0 56 0 
0 0 38 0 56 0 
0 0 38 0 56 0 
0 0 38 0 56 0 
0 0 38 0 56 0 
0 0 38 0 56 0 
0 0 38 0 56 0 
0 0 38 0 56 0 
0 0 0 0 22 0 
0 0 0 0 22 0 
0 0 0 0 22 0 
0 0 0 0 22 0 
0 0 0 0 22 0 
0 0 0 0 22 0 
0 0 0 0 22 0 
0 0 0 0 22 0 
0 0 0 0 22 0 
0 0 0 0 22 0 
0 0 15 0 0 0 
0 0 15 0 0 0 
0 0 15 0 0 0 
0 0 15 0 0 0 
0 0 15 0 0 0 
0 0 15 0 0 0 
0 0 15 0 0 0 
0 0 15 0 0 0 
0 0 15 0 0 0 
0 0 15 0 0 0 
0 49 0 18 0 0 
0 49 0 18 0 0 
0 49 0 18 0 0 
0 49 0 18 0 0 
0 49 0 18 0 0 
0 49 0 18 0 0 
0 49 0 18 0 0 
0 49 0 18 0 0 
0 49 0 18 0 0 
0 49 0 18 0 0 
0 34 0 45 0 0 
0 34 0 45 0 0 
0 34 0 45 0 0 
0 34 0 45 0 0 
0 34 0 45 0 0 
0 34 0 45 0 0 
0 34 0 45 0 0 
0 34 0 45 0 0 
0 34 0 45 0 0 
0 34 0 45 0 0 
0 0 0 60 0 0 
0 0 0 60 0 0 
0 0 0 60 0 0 
0 0 0 60 0 0 
0 0 0 60 0 0 
0 0 0 60 0 0 
0 0 0 60 0 0 
0 0 0 60 0 0 
0 0 0 60 0 0 
0 0 0 60 0 0 
0 21 0 42 0 0 
0 21 0 42 0 0 
0 21 0 42 0 0 
0 21 0 42 0 0 
0 21 0 42 0 0 
0 21 0 42 0 0 
0 21 0 42 0 0 
0 21 0 42 0 0 
0 21 0 42 0 0 
0 21 0 42 0 0 
35 0 0 0 0 0 
35 0 0 0 0 0 
35 0 0 0 0 0 
35 0 0 0 0 0 
35 0 0 0 0 0 
35 0 0 0 0 0 
35 0 0 0 0 0 
35 0 0 0 0 0 
35 0 0 0 0 0 
35 0 0 0 0 0 
0 59 0 0 20 0 
0 59 0 0 20 0 
0 59 0 0 20 0 
0 59 0 0 20 0 
0 59 0 0 20 0 
0 59 0 0 20 0 
0 59 0 0 20 0 
0 59 0 0 20 0 
0 59 0 0 20 0 
0 59 0 0 20 0 
0 58 0 47 0 0 
0 58 0 47 0 0 
0 58 0 47 0 0 
0 58 0 47 0 0 
0 58 0 47 0 0 
0 58 0 47 0 0 
0 58 0 47 0 0 
0 58 0 47 0 0 
0 58 0 47 0 0 
0 58 0 47 0 0 
0 0 0 28 0 0 
0 0 0 28 0 0 
0 0 0 28 0 0 
0 0 0 28 0 0 
0 0 0 28 0 0 
0 0 0 28 0 0 
0 0 0 28 0 0 
0 0 0 28 0 0 
0 0 0 28 0 0 
0 0 0 28 0 0 
0 28 0 0 0 0 
0 28 0 0 0 0 
0 28 0 0 0 0 
0 28 0 0 0 0 
0 28 0 0 0 0 
0 28 0 0 0 0 
0 28 0 0 0 0 
0 28 0 0 0 0 
0 28 0 0 0 0 
0 28 0 0 0 0 
0 23 0 0 0 0 
0 23 0 0 0 0 
0 23 0 0 0 0 
0 23 0 0 0 0 
0 23 0 0 0 0 
0 23 0 0 0 0 
0 23 0 0 0 0 
0 23 0 0 0 0 
0 23 0 0 0 0 
0 23 0 0 0 0 
0 0 0 0 19 0 
0 0 0 0 19 0 
0 0 0 0 19 0 
0 0 0 0 19 0 
0 0 0 0 19 0 
0 0 0 0 19 0 
0 0 0 0 19 0 
0 0 0 0 19 0 
0 0 0 0 19 0 
0 0 0 0 19 0 
0 16 0 0 0 36 
0 16 0 0 0 36 
0 16 0 0 0 36 
0 16 0 0 0 36 
0 16 0 0 0 36 
0 16 0 0 0 36 
0 16 0 0 0 36 
0 16 0 0 0 36 
0 16 0 0 0 36 
0 16 0 0 0 36 
38 0 0 0 0 0 
38 0 0 0 0 0 
38 0 0 0 0 0 
38 0 0 0 0 0 
38 0 0 0 0 0 
38 0 0 0 0 0 
38 0 0 0 0 0 
38 0 0 0 0 0 
38 0 0 0 0 0 
38 0 0 0 0 0 
0 0 0 0 0 25 
0 0 0 0 0 25 
0 0 0 0 0 25 
0 0 0 0 0 25 
0 0 0 0 0 25 
0 0 0 0 0 25 
0 0 0 0 0 25 
0 0 0 0 0 25 
0 0 0 0 0 25 
0 0 0 0 0 25 
0 0 57 0 0 0 
0 0 57 0 0 0 
0 0 57 0 0 0 
0 0 57 0 0 0 
0 0 57 0 0 0 
0 0 57 0 0 0 
0 0 57 0 0 0 
0 0 57 0 0 0 
0 0 57 0 0 0 
0 0 57 0 0 0 
0 19 0 0 0 0 
0 19 0 0 0 0 
0 19 0 0 0 0 
0 19 0 0 0 0 
0 19 0 0 0 0 
0 19 0 0 0 0 
0 19 0 0 0 0 
0 19 0 0 0 0 
0 19 0 0 0 0 
0 19 0 0 0 0 
0 53 0 0 0 0 
0 53 0 0 0 0 
0 53 0 0 0 0 
0 53 0 0 0 0 
0 53 0 0 0 0 
0 53 0 0 0 0 
0 53 0 0 0 0 
0 53 0 0 0 0 
0 53 0 0 0 0 
0 53 0 0 0 0 
0 0 27 0 28 0 
0 0 27 0 28 0 
0 0 27 0 28 0 
0 0 27 0 28 0 
0 0 27 0 28 0 
0 0 27 0 28 0 
0 0 27 0 28 0 
0 0 27 0 28 0 
0 0 27 0 28 0 
0 0 27 0 28 0 
0 55 0 0 23 0 
0 55 0 0 23 0 
0 55 0 0 23 0 
0 55 0 0 23 0 
0 55 0 0 23 0 
0 55 0 0 23 0 
0 55 0 0 23 0 
0 55 0 0 23 0 
0 55 0 0 23 0 
0 55 0 0 23 0 
0 50 0 0 0 0 
0 50 0 0 0 0 
0 50 0 0 0 0 
0 50 0 0 0 0 
0 50 0 0 0 0 
0 50 0 0 0 0 
0 50 0 0 0 0 
0 50 0 0 0 0 
0 50 0 0 0 0 
0 50 0 0 0 0 
0 0 35 0 0 0 
0 0 35 0 0 0 
0 0 35 0 0 0 
0 0 35 0 0 0 
0 0 35 0 0 0 
0 0 35 0 0 0 
0 0 35 0 0 0 
0 0 35 0 0 0 
0 0 35 0 0 0 
0 0 35 0 0 0 
0 0 42 0 0 0 
0 0 42 0 0 0 
0 0 42 0 0 0 
0 0 42 0 0 0 
0 0 42 0 0 0 
0 0 42 0 0 0 
0 0 42 0 0 0 
0 0 42 0 0 0 
0 0 42 0 0 0 
0 0 42 0 0 0 
0 0 0 58 0 0 
0 0 0 58 0 0 
0 0 0 58 0 0 
0 0 0 58 0 0 
0 0 0 58 0 0 
0 0 0 58 0 0 
0 0 0 58 0 0 
0 0 0 58 0 0 
0 0 0 58 0 0 
0 0 0 58 0 0 
0 0 0 55 0 0 
0 0 0 55 0 0 
0 0 0 55 0 0 
0 0 0 55 0 0 
0 0 0 55 0 0 
0 0 0 55 0 0 
0 0 0 55 0 0 
0 0 0 55 0 0 
0 0 0 55 0 0 
0 0 0 55 0 0 
0 0 0 0 56 0 
0 0 0 0 56 0 
0 0 0 0 56 0 
0 0 0 0 56 0 
0 0 0 0 56 0 
0 0 0 0 56 0 
0 0 0 0 56 0 
0 0 0 0 56 0 
0 0 0 0 56 0 
0 0 0 0 56 0 
0 0 0 0 0 21 
0 0 0 0 0 21 
0 0 0 0 0 21 
0 0 0 0 0 21 
0 0 0 0 0 21 
0 0 0 0 0 21 
0 0 0 0 0 21 
0 0 0 0 0 21 
0 0 0 0 0 21 
0 0 0 0 0 21 
0 0 35 0 40 0 
0 0 35 0 40 0 
0 0 35 0 40 0 
0 0 35 0 40 0 
0 0 35 0 40 0 
0 0 35 0 40 0 
0 0 35 0 40 0 
0 0 35 0 40 0 
0 0 35 0 40 0 
0 0 35 0 40 0 
0 0 0 0 48 0 
0 0 0 0 48 0 
0 0 0 0 48 0 
0 0 0 0 48 0 
0 0 0 0 48 0 
0 0 0 0 48 0 
0 0 0 0 48 0 
0 0 0 0 48 0 
0 0 0 0 48 0 
0 0 0 0 48 0 
0.0 0.0 0.0 0.0 0.0 0.0 
0.0 0.0 0.0 0.0 0.0 0.0 
0.0 0.0 0.0 0.0 0.0 0.0 
0.0 0.0 0.0 0.0 0.0 0.0 
0.0 0.0 0.0 0.0 0.0 0.0 
0.0 0.0 0.0 0.0 0.0 0.0 
0.0 0.0 0.0 0.0 0.0 0.0 
0.0 0.0 0.0 0.0 0.0 0.0 
0.0 0.0 0.0 0.0 0.0 0.0 
0.0 0.0 0.0 0.0 0.0 0.0 
mind
0 0 0 0 0 10 0 0 24 0 0 10 0 0 0 0 0 0 0 0 14 0 0 0 11 0 0 0 23 12 0 0 0 0 21 0 0 0 0 0 0 0 0 0 0 0 0 0 0 0 0 0
maxd
0 0 0 0 0 13 0 0 25 0 0 20 0 0 0 0 0 0 0 0 21 0 0 0 17 0 0 0 23 15 0 0 0 0 23 0 0 0 0 0 0 0 0 0 0 0 0 0 0 0 0 0
e
0 664 606 684 701 811 598 724 887 490 907 555 708 578 668 715 883 722 682 599 888 712 507 734 727 714 912 509 920 603 692 654 595 583 699 665 907 514 847 652 587 638 655 606 652 595 758 810 673 636 623 0
l
99999 784 726 804 821 931 718 844 1007 610 1027 675 828 698 788 835 1003 842 802 719 1008 832 627 854 847 834 1032 629 1040 723 812 774 715 703 819 785 1027 634 967 772 707 758 775 726 772 715 878 930 793 756 743 99999
