nbNodes
52
nbVehi
10
nbServi
6
r
1 1 1 1 1 1 
1 0 0 0 0 0 
1 0 0 0 0 1 
1 0 0 0 0 0 
0 1 0 0 0 0 
0 0 0 0 1 0 
0 0 0 1 0 0 
0 0 1 0 0 1 
1 0 0 1 0 0 
0 1 0 0 1 0 
0 0 0 1 0 0 
0 0 0 0 0 1 
1 0 0 0 0 0 
1 0 0 0 0 1 
1 0 0 0 0 0 
1 0 0 0 0 0 
0 0 1 0 1 0 
0 0 1 0 0 0 
0 0 0 1 0 0 
1 0 0 1 0 0 
1 0 0 0 0 0 
1 0 0 0 0 0 
0 0 0 0 1 0 
0 0 0 0 1 0 
0 0 1 0 0 1 
0 0 0 0 1 0 
0 0 1 0 1 0 
0 0 0 0 0 1 
0 0 1 0 0 0 
0 0 0 0 1 0 
1 0 0 0 1 0 
1 0 0 0 0 1 
0 0 0 1 0 0 
1 0 0 0 1 0 
0 1 0 0 1 0 
0 0 1 0 0 0 
1 0 0 0 0 1 
1 0 0 0 0 0 
0 0 0 0 1 0 
0 0 1 0 0 0 
1 0 0 0 0 1 
1 0 0 1 0 0 
0 0 1 0 0 0 
0 1 0 0 0 0 
0 0 0 0 1 0 
0 0 0 0 1 0 
0 1 0 0 0 0 
0 0 0 0 1 0 
0 0 0 1 0 0 
0 0 0 0 0 1 
1 0 0 0 0 0 
1 1 1 1 1 1 
DS
3 8 9 10 14 17 20 25 27 31 32 34 35 37 41 42 
a
1 1 1 0 0 0 
1 0 1 0 0 0 
1 0 0 0 0 0 
1 0 1 0 0 0 
1 0 0 0 0 0 
0 0 0 1 1 0 
0 0 0 0 1 1 
0 0 0 1 1 1 
0 0 0 1 1 1 
0 0 0 0 1 1 
x
-30.0423 -30.0188 -30.0061 -30.1627 -30.0423 -30.0092 -30.1256 -29.9939 -29.9998 -30.0796 -30.0411 -30.1453 -30.0343 -30.0694 -30.156 -30.0834 -30.0081 -30.0983 -30.087 -29.9939 -30.0715 -30.0168 -30.0436 -30.0352 -30.0806 -30.0505 -30.0196 -30.0078 -30.0721 -29.995 -30.0304 -30.0385 -30.0364 -30.0882 -30.0011 -29.9832 -30.0075 -29.9894 -30.0786 -29.9775 -30.0702 -30.026 -30.0922 -30.151 -29.9848 -30.0211 -30.054 -29.9952 -30.0763 -30.0778 -30.1636 -30.0423
y
-51.1345 -51.1581 -51.121 -51.173 -51.1345 -51.1057 -51.2185 -51.1475 -51.1012 -51.1911 -51.1252 -51.2073 -51.1052 -51.2132 -51.1762 -51.2347 -51.1318 -51.1732 -51.2306 -51.1125 -51.1623 -51.2138 -51.1262 -51.1198 -51.169 -51.1564 -51.1266 -51.1366 -51.1732 -51.1117 -51.1153 -51.1766 -51.2032 -51.2193 -51.1508 -51.2 -51.1219 -51.0922 -51.1719 -51.1949 -51.2179 -51.1239 -51.177 -51.2181 -51.1136 -51.1377 -51.1472 -51.1027 -51.2238 -51.1275 -51.1723 -51.1345
d
0.00000 10.00000 8.00000 38.00000 0.00000 10.00000 27.00000 14.00000 11.00000 19.00000 2.00000 31.00000 7.00000 19.00000 36.00000 23.00000 9.00000 24.00000 22.00000 9.00000 13.00000 18.00000 3.00000 3.00000 18.00000 7.00000 7.00000 10.00000 16.00000 10.00000 5.00000 8.00000 13.00000 19.00000 13.00000 18.00000 8.00000 14.00000 17.00000 20.00000 20.00000 6.00000 23.00000 31.00000 13.00000 8.00000 5.00000 12.00000 21.00000 11.00000 37.00000 0.00000
8.00000 0.00000 10.00000 39.00000 8.00000 13.00000 27.00000 11.00000 15.00000 20.00000 10.00000 31.00000 14.00000 18.00000 37.00000 23.00000 8.00000 25.00000 22.00000 11.00000 15.00000 14.00000 11.00000 11.00000 19.00000 8.00000 9.00000 7.00000 17.00000 12.00000 12.00000 8.00000 12.00000 20.00000 6.00000 13.00000 10.00000 15.00000 18.00000 15.00000 20.00000 11.00000 23.00000 32.00000 11.00000 6.00000 9.00000 14.00000 21.00000 15.00000 38.00000 8.00000
9.00000 13.00000 0.00000 44.00000 9.00000 6.00000 34.00000 8.00000 7.00000 26.00000 8.00000 38.00000 9.00000 25.00000 43.00000 30.00000 6.00000 31.00000 29.00000 5.00000 19.00000 19.00000 9.00000 8.00000 24.00000 14.00000 6.00000 7.00000 22.00000 6.00000 8.00000 15.00000 20.00000 26.00000 8.00000 17.00000 2.00000 10.00000 24.00000 18.00000 26.00000 6.00000 30.00000 38.00000 8.00000 9.00000 12.00000 8.00000 28.00000 18.00000 44.00000 9.00000
36.00000 37.00000 44.00000 0.00000 36.00000 45.00000 13.00000 46.00000 46.00000 26.00000 37.00000 9.00000 42.00000 25.00000 3.00000 22.00000 43.00000 18.00000 21.00000 44.00000 32.00000 36.00000 38.00000 39.00000 29.00000 32.00000 42.00000 42.00000 30.00000 45.00000 40.00000 32.00000 32.00000 21.00000 42.00000 40.00000 43.00000 48.00000 31.00000 42.00000 25.00000 41.00000 20.00000 11.00000 47.00000 39.00000 33.00000 48.00000 25.00000 28.00000 1.00000 36.00000
0.00000 10.00000 8.00000 38.00000 0.00000 10.00000 27.00000 14.00000 11.00000 19.00000 2.00000 31.00000 7.00000 19.00000 36.00000 23.00000 9.00000 24.00000 22.00000 9.00000 13.00000 18.00000 3.00000 3.00000 18.00000 7.00000 7.00000 10.00000 16.00000 10.00000 5.00000 8.00000 13.00000 19.00000 13.00000 18.00000 8.00000 14.00000 17.00000 20.00000 20.00000 6.00000 23.00000 31.00000 13.00000 8.00000 5.00000 12.00000 21.00000 11.00000 37.00000 0.00000
10.00000 15.00000 5.00000 45.00000 10.00000 0.00000 35.00000 11.00000 5.00000 27.00000 9.00000 39.00000 7.00000 26.00000 44.00000 31.00000 7.00000 32.00000 30.00000 6.00000 21.00000 22.00000 10.00000 9.00000 25.00000 15.00000 7.00000 8.00000 23.00000 6.00000 8.00000 16.00000 21.00000 27.00000 12.00000 20.00000 5.00000 8.00000 25.00000 22.00000 27.00000 7.00000 31.00000 39.00000 9.00000 11.00000 13.00000 7.00000 29.00000 19.00000 45.00000 10.00000
24.00000 25.00000 32.00000 15.00000 24.00000 34.00000 0.00000 35.00000 35.00000 16.00000 26.00000 7.00000 31.00000 13.00000 13.00000 10.00000 32.00000 15.00000 10.00000 33.00000 21.00000 25.00000 27.00000 27.00000 23.00000 21.00000 31.00000 31.00000 18.00000 34.00000 28.00000 21.00000 20.00000 10.00000 31.00000 29.00000 32.00000 38.00000 20.00000 31.00000 14.00000 30.00000 16.00000 8.00000 36.00000 28.00000 23.00000 36.00000 13.00000 24.00000 14.00000 24.00000
16.00000 10.00000 11.00000 44.00000 16.00000 15.00000 33.00000 0.00000 16.00000 25.00000 16.00000 37.00000 18.00000 22.00000 43.00000 28.00000 10.00000 31.00000 28.00000 12.00000 21.00000 15.00000 17.00000 16.00000 24.00000 16.00000 12.00000 9.00000 22.00000 13.00000 16.00000 14.00000 17.00000 25.00000 6.00000 12.00000 11.00000 16.00000 24.00000 14.00000 23.00000 14.00000 29.00000 37.00000 12.00000 12.00000 17.00000 15.00000 25.00000 23.00000 44.00000 16.00000
12.00000 16.00000 7.00000 47.00000 12.00000 4.00000 36.00000 13.00000 0.00000 29.00000 10.00000 40.00000 10.00000 28.00000 45.00000 32.00000 9.00000 33.00000 31.00000 5.00000 22.00000 23.00000 11.00000 11.00000 27.00000 16.00000 8.00000 10.00000 25.00000 5.00000 10.00000 18.00000 22.00000 29.00000 13.00000 21.00000 6.00000 5.00000 26.00000 20.00000 29.00000 8.00000 32.00000 41.00000 7.00000 13.00000 15.00000 3.00000 30.00000 21.00000 46.00000 12.00000
16.00000 17.00000 24.00000 26.00000 16.00000 25.00000 17.00000 26.00000 27.00000 0.00000 18.00000 21.00000 22.00000 8.00000 25.00000 13.00000 23.00000 10.00000 12.00000 25.00000 13.00000 18.00000 18.00000 19.00000 14.00000 12.00000 22.00000 22.00000 10.00000 25.00000 20.00000 13.00000 13.00000 9.00000 22.00000 21.00000 23.00000 29.00000 11.00000 23.00000 9.00000 22.00000 9.00000 21.00000 27.00000 19.00000 15.00000 28.00000 11.00000 15.00000 26.00000 16.00000
3.00000 10.00000 8.00000 38.00000 3.00000 9.00000 27.00000 13.00000 11.00000 20.00000 0.00000 31.00000 6.00000 19.00000 37.00000 24.00000 8.00000 24.00000 22.00000 9.00000 13.00000 19.00000 1.00000 3.00000 18.00000 8.00000 6.00000 9.00000 16.00000 9.00000 4.00000 9.00000 13.00000 20.00000 13.00000 19.00000 7.00000 13.00000 17.00000 21.00000 20.00000 5.00000 24.00000 32.00000 12.00000 8.00000 6.00000 12.00000 22.00000 12.00000 37.00000 3.00000
29.00000 30.00000 37.00000 10.00000 29.00000 38.00000 6.00000 39.00000 39.00000 20.00000 30.00000 0.00000 35.00000 18.00000 8.00000 15.00000 36.00000 20.00000 14.00000 37.00000 25.00000 30.00000 31.00000 32.00000 27.00000 25.00000 35.00000 35.00000 23.00000 38.00000 33.00000 25.00000 25.00000 14.00000 35.00000 33.00000 36.00000 42.00000 24.00000 35.00000 18.00000 34.00000 20.00000 4.00000 40.00000 32.00000 27.00000 41.00000 18.00000 28.00000 10.00000 29.00000
8.00000 15.00000 9.00000 42.00000 8.00000 8.00000 32.00000 14.00000 10.00000 24.00000 6.00000 36.00000 0.00000 23.00000 41.00000 28.00000 9.00000 29.00000 27.00000 9.00000 18.00000 23.00000 7.00000 6.00000 23.00000 12.00000 7.00000 10.00000 21.00000 10.00000 3.00000 13.00000 18.00000 24.00000 14.00000 23.00000 8.00000 13.00000 22.00000 24.00000 25.00000 7.00000 28.00000 36.00000 13.00000 11.00000 10.00000 12.00000 26.00000 15.00000 41.00000 8.00000
18.00000 19.00000 26.00000 25.00000 18.00000 27.00000 13.00000 27.00000 28.00000 8.00000 19.00000 17.00000 24.00000 0.00000 23.00000 7.00000 24.00000 12.00000 7.00000 26.00000 14.00000 15.00000 20.00000 21.00000 16.00000 14.00000 24.00000 23.00000 12.00000 27.00000 22.00000 14.00000 11.00000 6.00000 23.00000 19.00000 25.00000 31.00000 13.00000 21.00000 3.00000 23.00000 11.00000 18.00000 28.00000 21.00000 16.00000 30.00000 4.00000 17.00000 24.00000 18.00000
34.00000 35.00000 42.00000 3.00000 34.00000 43.00000 11.00000 45.00000 45.00000 25.00000 36.00000 7.00000 40.00000 23.00000 0.00000 20.00000 42.00000 17.00000 20.00000 43.00000 31.00000 35.00000 37.00000 37.00000 27.00000 30.00000 40.00000 41.00000 28.00000 43.00000 38.00000 31.00000 30.00000 19.00000 40.00000 38.00000 41.00000 48.00000 29.00000 40.00000 23.00000 40.00000 19.00000 9.00000 45.00000 38.00000 32.00000 46.00000 23.00000 27.00000 3.00000 34.00000
22.00000 23.00000 30.00000 23.00000 22.00000 31.00000 12.00000 30.00000 32.00000 13.00000 24.00000 16.00000 28.00000 7.00000 21.00000 0.00000 28.00000 17.00000 2.00000 30.00000 19.00000 17.00000 24.00000 25.00000 20.00000 18.00000 28.00000 27.00000 16.00000 31.00000 26.00000 18.00000 15.00000 5.00000 26.00000 21.00000 29.00000 34.00000 17.00000 23.00000 6.00000 27.00000 16.00000 16.00000 30.00000 25.00000 20.00000 32.00000 4.00000 21.00000 23.00000 22.00000
9.00000 9.00000 5.00000 44.00000 9.00000 8.00000 33.00000 7.00000 10.00000 25.00000 8.00000 37.00000 10.00000 22.00000 43.00000 28.00000 0.00000 30.00000 28.00000 7.00000 19.00000 16.00000 9.00000 8.00000 24.00000 14.00000 4.00000 2.00000 22.00000 8.00000 8.00000 14.00000 17.00000 25.00000 7.00000 15.00000 5.00000 11.00000 23.00000 17.00000 23.00000 6.00000 29.00000 37.00000 7.00000 5.00000 12.00000 10.00000 25.00000 18.00000 43.00000 9.00000
22.00000 23.00000 29.00000 18.00000 22.00000 31.00000 16.00000 32.00000 32.00000 10.00000 23.00000 20.00000 28.00000 12.00000 17.00000 17.00000 29.00000 0.00000 15.00000 30.00000 18.00000 22.00000 24.00000 25.00000 13.00000 18.00000 28.00000 28.00000 16.00000 31.00000 26.00000 18.00000 17.00000 13.00000 28.00000 25.00000 29.00000 35.00000 15.00000 27.00000 13.00000 27.00000 4.00000 21.00000 33.00000 25.00000 20.00000 34.00000 14.00000 15.00000 18.00000 22.00000
21.00000 22.00000 28.00000 22.00000 21.00000 30.00000 10.00000 31.00000 31.00000 12.00000 22.00000 14.00000 27.00000 7.00000 20.00000 2.00000 28.00000 16.00000 0.00000 29.00000 17.00000 19.00000 23.00000 23.00000 19.00000 17.00000 27.00000 27.00000 14.00000 30.00000 25.00000 17.00000 16.00000 4.00000 27.00000 22.00000 28.00000 34.00000 16.00000 24.00000 6.00000 26.00000 14.00000 15.00000 32.00000 24.00000 19.00000 32.00000 5.00000 20.00000 22.00000 21.00000
10.00000 13.00000 5.00000 45.00000 10.00000 6.00000 34.00000 9.00000 5.00000 27.00000 8.00000 38.00000 10.00000 26.00000 43.00000 30.00000 7.00000 31.00000 29.00000 0.00000 20.00000 20.00000 9.00000 9.00000 25.00000 14.00000 6.00000 8.00000 23.00000 2.00000 8.00000 16.00000 20.00000 27.00000 9.00000 17.00000 4.00000 5.00000 24.00000 18.00000 27.00000 6.00000 30.00000 39.00000 4.00000 11.00000 13.00000 4.00000 28.00000 18.00000 44.00000 10.00000
11.00000 15.00000 19.00000 34.00000 11.00000 20.00000 22.00000 23.00000 22.00000 14.00000 13.00000 26.00000 17.00000 14.00000 32.00000 19.00000 20.00000 20.00000 17.00000 20.00000 0.00000 19.00000 14.00000 14.00000 9.00000 8.00000 18.00000 20.00000 9.00000 21.00000 15.00000 10.00000 14.00000 15.00000 19.00000 21.00000 19.00000 25.00000 9.00000 22.00000 15.00000 17.00000 18.00000 27.00000 23.00000 16.00000 8.00000 23.00000 17.00000 9.00000 34.00000 11.00000
16.00000 13.00000 18.00000 36.00000 16.00000 22.00000 24.00000 17.00000 20.00000 17.00000 18.00000 28.00000 23.00000 13.00000 34.00000 17.00000 16.00000 21.00000 19.00000 18.00000 19.00000 0.00000 19.00000 19.00000 21.00000 16.00000 18.00000 15.00000 17.00000 19.00000 21.00000 10.00000 9.00000 17.00000 13.00000 8.00000 18.00000 21.00000 18.00000 9.00000 14.00000 20.00000 20.00000 29.00000 17.00000 17.00000 17.00000 19.00000 16.00000 21.00000 36.00000 16.00000
4.00000 11.00000 8.00000 38.00000 4.00000 10.00000 28.00000 14.00000 11.00000 20.00000 1.00000 32.00000 7.00000 19.00000 37.00000 24.00000 9.00000 25.00000 23.00000 9.00000 14.00000 19.00000 0.00000 3.00000 18.00000 8.00000 7.00000 10.00000 16.00000 10.00000 4.00000 9.00000 14.00000 20.00000 14.00000 19.00000 8.00000 14.00000 18.00000 21.00000 21.00000 6.00000 24.00000 32.00000 12.00000 8.00000 6.00000 12.00000 22.00000 12.00000 38.00000 4.00000
4.00000 12.00000 7.00000 39.00000 4.00000 8.00000 29.00000 12.00000 10.00000 21.00000 3.00000 33.00000 6.00000 20.00000 38.00000 25.00000 8.00000 26.00000 24.00000 8.00000 15.00000 20.00000 4.00000 0.00000 19.00000 9.00000 5.00000 9.00000 17.00000 8.00000 3.00000 10.00000 15.00000 21.00000 12.00000 20.00000 6.00000 12.00000 19.00000 22.00000 22.00000 5.00000 25.00000 33.00000 11.00000 9.00000 7.00000 11.00000 23.00000 13.00000 39.00000 4.00000
16.00000 18.00000 24.00000 29.00000 16.00000 26.00000 23.00000 28.00000 27.00000 14.00000 18.00000 27.00000 23.00000 15.00000 27.00000 19.00000 25.00000 13.00000 18.00000 25.00000 9.00000 21.00000 19.00000 19.00000 0.00000 12.00000 23.00000 24.00000 7.00000 26.00000 21.00000 14.00000 16.00000 16.00000 23.00000 24.00000 24.00000 30.00000 4.00000 26.00000 16.00000 22.00000 11.00000 28.00000 28.00000 21.00000 13.00000 28.00000 17.00000 14.00000 28.00000 16.00000
5.00000 9.00000 13.00000 33.00000 5.00000 14.00000 21.00000 16.00000 16.00000 14.00000 7.00000 25.00000 11.00000 13.00000 31.00000 18.00000 13.00000 19.00000 16.00000 14.00000 9.00000 17.00000 8.00000 8.00000 12.00000 0.00000 12.00000 12.00000 10.00000 15.00000 9.00000 7.00000 11.00000 14.00000 12.00000 18.00000 13.00000 19.00000 11.00000 19.00000 14.00000 11.00000 18.00000 26.00000 17.00000 9.00000 3.00000 17.00000 16.00000 9.00000 33.00000 5.00000
8.00000 10.00000 6.00000 42.00000 8.00000 7.00000 32.00000 9.00000 9.00000 24.00000 6.00000 36.00000 7.00000 23.00000 41.00000 28.00000 4.00000 29.00000 27.00000 7.00000 18.00000 19.00000 7.00000 6.00000 22.00000 12.00000 0.00000 5.00000 21.00000 7.00000 6.00000 13.00000 18.00000 24.00000 9.00000 18.00000 5.00000 11.00000 22.00000 19.00000 25.00000 3.00000 28.00000 36.00000 10.00000 5.00000 10.00000 10.00000 26.00000 16.00000 42.00000 8.00000
10.00000 9.00000 6.00000 43.00000 10.00000 9.00000 32.00000 7.00000 11.00000 24.00000 9.00000 36.00000 10.00000 21.00000 42.00000 27.00000 2.00000 30.00000 27.00000 7.00000 20.00000 16.00000 10.00000 9.00000 24.00000 13.00000 5.00000 0.00000 22.00000 8.00000 9.00000 13.00000 16.00000 24.00000 6.00000 15.00000 6.00000 11.00000 23.00000 16.00000 22.00000 7.00000 28.00000 36.00000 7.00000 5.00000 12.00000 10.00000 24.00000 18.00000 43.00000 10.00000
15.00000 16.00000 22.00000 30.00000 15.00000 24.00000 19.00000 25.00000 25.00000 10.00000 16.00000 23.00000 21.00000 11.00000 29.00000 15.00000 22.00000 16.00000 14.00000 23.00000 8.00000 17.00000 17.00000 17.00000 7.00000 10.00000 21.00000 21.00000 0.00000 24.00000 19.00000 12.00000 12.00000 12.00000 21.00000 20.00000 22.00000 28.00000 4.00000 22.00000 12.00000 20.00000 15.00000 23.00000 26.00000 18.00000 11.00000 26.00000 13.00000 12.00000 30.00000 15.00000
11.00000 14.00000 5.00000 46.00000 11.00000 6.00000 35.00000 10.00000 6.00000 27.00000 9.00000 39.00000 11.00000 27.00000 44.00000 31.00000 8.00000 32.00000 30.00000 2.00000 21.00000 21.00000 10.00000 9.00000 26.00000 15.00000 7.00000 9.00000 24.00000 0.00000 9.00000 16.00000 21.00000 27.00000 10.00000 19.00000 5.00000 6.00000 25.00000 19.00000 28.00000 7.00000 31.00000 39.00000 5.00000 11.00000 13.00000 5.00000 29.00000 19.00000 45.00000 11.00000
6.00000 13.00000 6.00000 41.00000 6.00000 8.00000 30.00000 12.00000 9.00000 23.00000 4.00000 34.00000 3.00000 22.00000 40.00000 27.00000 7.00000 27.00000 25.00000 7.00000 16.00000 21.00000 5.00000 3.00000 21.00000 11.00000 5.00000 8.00000 19.00000 8.00000 0.00000 12.00000 16.00000 23.00000 12.00000 21.00000 6.00000 12.00000 20.00000 22.00000 23.00000 4.00000 27.00000 35.00000 11.00000 9.00000 9.00000 10.00000 25.00000 15.00000 40.00000 6.00000
7.00000 8.00000 15.00000 32.00000 7.00000 16.00000 20.00000 17.00000 18.00000 13.00000 9.00000 24.00000 13.00000 12.00000 30.00000 17.00000 15.00000 18.00000 15.00000 16.00000 10.00000 11.00000 9.00000 10.00000 13.00000 7.00000 13.00000 14.00000 11.00000 16.00000 11.00000 0.00000 6.00000 13.00000 13.00000 13.00000 14.00000 20.00000 12.00000 15.00000 13.00000 13.00000 17.00000 25.00000 18.00000 11.00000 8.00000 19.00000 15.00000 12.00000 32.00000 7.00000
12.00000 12.00000 20.00000 32.00000 12.00000 21.00000 21.00000 20.00000 23.00000 14.00000 14.00000 25.00000 18.00000 9.00000 30.00000 15.00000 17.00000 18.00000 15.00000 20.00000 14.00000 7.00000 14.00000 15.00000 17.00000 12.00000 18.00000 16.00000 12.00000 21.00000 16.00000 8.00000 0.00000 13.00000 15.00000 11.00000 19.00000 24.00000 14.00000 13.00000 10.00000 18.00000 16.00000 25.00000 21.00000 16.00000 13.00000 23.00000 12.00000 16.00000 32.00000 12.00000
17.00000 18.00000 25.00000 20.00000 17.00000 27.00000 9.00000 28.00000 28.00000 9.00000 19.00000 13.00000 24.00000 6.00000 19.00000 5.00000 25.00000 13.00000 4.00000 26.00000 14.00000 18.00000 20.00000 20.00000 16.00000 14.00000 24.00000 24.00000 11.00000 27.00000 21.00000 14.00000 13.00000 0.00000 24.00000 22.00000 25.00000 31.00000 13.00000 24.00000 6.00000 23.00000 11.00000 13.00000 29.00000 21.00000 16.00000 29.00000 5.00000 17.00000 20.00000 17.00000
13.00000 7.00000 8.00000 43.00000 13.00000 11.00000 31.00000 7.00000 12.00000 24.00000 12.00000 36.00000 14.00000 20.00000 41.00000 26.00000 6.00000 29.00000 26.00000 9.00000 20.00000 14.00000 13.00000 13.00000 23.00000 13.00000 9.00000 5.00000 21.00000 10.00000 13.00000 13.00000 16.00000 24.00000 0.00000 11.00000 7.00000 13.00000 23.00000 13.00000 22.00000 11.00000 28.00000 36.00000 9.00000 8.00000 14.00000 11.00000 23.00000 20.00000 43.00000 13.00000
19.00000 13.00000 17.00000 40.00000 19.00000 20.00000 29.00000 16.00000 17.00000 22.00000 20.00000 33.00000 23.00000 18.00000 38.00000 22.00000 16.00000 26.00000 23.00000 15.00000 21.00000 8.00000 21.00000 22.00000 25.00000 19.00000 18.00000 15.00000 22.00000 16.00000 22.00000 12.00000 14.00000 21.00000 12.00000 0.00000 16.00000 18.00000 23.00000 3.00000 19.00000 20.00000 24.00000 33.00000 14.00000 17.00000 20.00000 17.00000 20.00000 24.00000 40.00000 19.00000
8.00000 12.00000 2.00000 43.00000 8.00000 5.00000 33.00000 8.00000 6.00000 25.00000 7.00000 37.00000 8.00000 24.00000 42.00000 29.00000 5.00000 30.00000 28.00000 4.00000 19.00000 19.00000 8.00000 7.00000 23.00000 13.00000 5.00000 6.00000 21.00000 5.00000 7.00000 14.00000 19.00000 25.00000 8.00000 16.00000 0.00000 9.00000 23.00000 18.00000 25.00000 5.00000 29.00000 37.00000 7.00000 9.00000 11.00000 7.00000 27.00000 17.00000 43.00000 8.00000
15.00000 17.00000 9.00000 49.00000 15.00000 8.00000 39.00000 13.00000 5.00000 31.00000 13.00000 43.00000 13.00000 30.00000 48.00000 35.00000 12.00000 36.00000 34.00000 5.00000 25.00000 24.00000 14.00000 14.00000 30.00000 19.00000 11.00000 12.00000 28.00000 7.00000 13.00000 20.00000 25.00000 31.00000 13.00000 21.00000 9.00000 0.00000 29.00000 20.00000 31.00000 11.00000 35.00000 43.00000 7.00000 15.00000 17.00000 4.00000 32.00000 23.00000 48.00000 15.00000
16.00000 17.00000 23.00000 31.00000 16.00000 25.00000 20.00000 26.00000 26.00000 11.00000 17.00000 24.00000 22.00000 12.00000 29.00000 16.00000 23.00000 15.00000 15.00000 24.00000 8.00000 18.00000 18.00000 19.00000 4.00000 11.00000 22.00000 22.00000 4.00000 25.00000 20.00000 13.00000 13.00000 13.00000 22.00000 21.00000 23.00000 29.00000 0.00000 23.00000 13.00000 21.00000 12.00000 25.00000 27.00000 19.00000 13.00000 28.00000 14.00000 13.00000 30.00000 16.00000
20.00000 14.00000 19.00000 42.00000 20.00000 20.00000 30.00000 17.00000 17.00000 23.00000 22.00000 34.00000 24.00000 19.00000 40.00000 23.00000 17.00000 27.00000 25.00000 15.00000 23.00000 10.00000 23.00000 23.00000 26.00000 20.00000 19.00000 16.00000 23.00000 16.00000 23.00000 14.00000 15.00000 23.00000 13.00000 3.00000 18.00000 18.00000 24.00000 0.00000 20.00000 21.00000 26.00000 34.00000 14.00000 18.00000 21.00000 16.00000 22.00000 25.00000 41.00000 20.00000
18.00000 19.00000 26.00000 25.00000 18.00000 27.00000 14.00000 27.00000 29.00000 9.00000 20.00000 18.00000 24.00000 2.00000 24.00000 6.00000 24.00000 13.00000 6.00000 27.00000 15.00000 15.00000 20.00000 21.00000 16.00000 14.00000 24.00000 23.00000 12.00000 27.00000 22.00000 15.00000 10.00000 6.00000 23.00000 18.00000 25.00000 31.00000 13.00000 20.00000 0.00000 24.00000 11.00000 18.00000 28.00000 22.00000 17.00000 30.00000 3.00000 17.00000 25.00000 18.00000
6.00000 12.00000 6.00000 41.00000 6.00000 8.00000 30.00000 12.00000 9.00000 22.00000 4.00000 34.00000 8.00000 22.00000 39.00000 26.00000 7.00000 27.00000 25.00000 7.00000 16.00000 21.00000 5.00000 5.00000 21.00000 10.00000 3.00000 8.00000 19.00000 8.00000 6.00000 11.00000 16.00000 22.00000 12.00000 20.00000 6.00000 12.00000 20.00000 22.00000 23.00000 0.00000 26.00000 34.00000 11.00000 7.00000 8.00000 10.00000 24.00000 14.00000 40.00000 6.00000
20.00000 21.00000 28.00000 20.00000 20.00000 29.00000 16.00000 31.00000 31.00000 9.00000 22.00000 20.00000 26.00000 10.00000 19.00000 15.00000 28.00000 4.00000 14.00000 29.00000 17.00000 20.00000 23.00000 23.00000 11.00000 16.00000 27.00000 27.00000 14.00000 30.00000 24.00000 17.00000 16.00000 11.00000 26.00000 24.00000 28.00000 34.00000 12.00000 26.00000 12.00000 26.00000 0.00000 21.00000 31.00000 24.00000 19.00000 32.00000 13.00000 17.00000 20.00000 20.00000
29.00000 30.00000 36.00000 11.00000 29.00000 38.00000 6.00000 39.00000 39.00000 20.00000 30.00000 3.00000 35.00000 17.00000 9.00000 15.00000 36.00000 20.00000 14.00000 37.00000 25.00000 29.00000 31.00000 31.00000 27.00000 25.00000 35.00000 35.00000 22.00000 38.00000 33.00000 25.00000 25.00000 14.00000 35.00000 33.00000 36.00000 42.00000 24.00000 35.00000 18.00000 34.00000 20.00000 0.00000 40.00000 32.00000 27.00000 40.00000 17.00000 28.00000 11.00000 29.00000
13.00000 13.00000 8.00000 48.00000 13.00000 9.00000 37.00000 9.00000 6.00000 29.00000 11.00000 41.00000 13.00000 26.00000 46.00000 31.00000 9.00000 34.00000 32.00000 4.00000 23.00000 20.00000 12.00000 12.00000 28.00000 18.00000 10.00000 8.00000 26.00000 5.00000 12.00000 18.00000 21.00000 29.00000 9.00000 17.00000 7.00000 7.00000 27.00000 16.00000 27.00000 10.00000 33.00000 41.00000 0.00000 11.00000 16.00000 5.00000 29.00000 22.00000 47.00000 13.00000
7.00000 7.00000 9.00000 41.00000 7.00000 11.00000 30.00000 10.00000 12.00000 22.00000 8.00000 34.00000 11.00000 21.00000 40.00000 26.00000 6.00000 27.00000 25.00000 10.00000 16.00000 18.00000 9.00000 9.00000 21.00000 10.00000 4.00000 5.00000 19.00000 11.00000 10.00000 11.00000 15.00000 22.00000 8.00000 17.00000 9.00000 15.00000 20.00000 19.00000 23.00000 7.00000 26.00000 34.00000 11.00000 0.00000 9.00000 13.00000 24.00000 15.00000 41.00000 7.00000
4.00000 10.00000 12.00000 33.00000 4.00000 13.00000 22.00000 18.00000 15.00000 15.00000 6.00000 26.00000 10.00000 14.00000 31.00000 18.00000 13.00000 19.00000 17.00000 13.00000 8.00000 17.00000 7.00000 7.00000 13.00000 4.00000 11.00000 13.00000 11.00000 14.00000 8.00000 8.00000 12.00000 15.00000 13.00000 19.00000 12.00000 18.00000 12.00000 20.00000 15.00000 10.00000 18.00000 27.00000 16.00000 9.00000 0.00000 16.00000 16.00000 6.00000 32.00000 4.00000
13.00000 16.00000 8.00000 48.00000 13.00000 6.00000 38.00000 11.00000 3.00000 30.00000 12.00000 42.00000 12.00000 28.00000 47.00000 33.00000 10.00000 35.00000 33.00000 4.00000 23.00000 22.00000 13.00000 12.00000 28.00000 18.00000 10.00000 11.00000 26.00000 5.00000 12.00000 19.00000 23.00000 30.00000 12.00000 20.00000 8.00000 4.00000 28.00000 19.00000 29.00000 10.00000 34.00000 42.00000 6.00000 14.00000 16.00000 0.00000 31.00000 22.00000 48.00000 13.00000
19.00000 21.00000 27.00000 25.00000 19.00000 29.00000 14.00000 28.00000 30.00000 11.00000 21.00000 18.00000 26.00000 5.00000 23.00000 4.00000 26.00000 15.00000 4.00000 28.00000 16.00000 17.00000 22.00000 22.00000 18.00000 16.00000 26.00000 25.00000 13.00000 29.00000 24.00000 16.00000 12.00000 5.00000 24.00000 20.00000 27.00000 33.00000 15.00000 22.00000 3.00000 25.00000 13.00000 18.00000 29.00000 23.00000 18.00000 31.00000 0.00000 19.00000 25.00000 19.00000
11.00000 17.00000 19.00000 30.00000 11.00000 20.00000 25.00000 24.00000 22.00000 18.00000 13.00000 30.00000 15.00000 17.00000 28.00000 22.00000 19.00000 16.00000 20.00000 20.00000 11.00000 22.00000 13.00000 14.00000 16.00000 9.00000 17.00000 20.00000 14.00000 20.00000 15.00000 13.00000 16.00000 18.00000 20.00000 23.00000 18.00000 24.00000 15.00000 25.00000 18.00000 16.00000 18.00000 30.00000 23.00000 16.00000 8.00000 23.00000 20.00000 0.00000 29.00000 11.00000
36.00000 37.00000 43.00000 1.00000 36.00000 45.00000 13.00000 46.00000 46.00000 26.00000 37.00000 8.00000 42.00000 24.00000 3.00000 22.00000 43.00000 17.00000 21.00000 44.00000 32.00000 36.00000 38.00000 38.00000 28.00000 32.00000 42.00000 42.00000 29.00000 45.00000 40.00000 32.00000 32.00000 21.00000 42.00000 40.00000 43.00000 48.00000 30.00000 42.00000 25.00000 41.00000 20.00000 11.00000 47.00000 39.00000 33.00000 47.00000 24.00000 28.00000 0.00000 36.00000
0.00000 10.00000 8.00000 38.00000 0.00000 10.00000 27.00000 14.00000 11.00000 19.00000 2.00000 31.00000 7.00000 19.00000 36.00000 23.00000 9.00000 24.00000 22.00000 9.00000 13.00000 18.00000 3.00000 3.00000 18.00000 7.00000 7.00000 10.00000 16.00000 10.00000 5.00000 8.00000 13.00000 19.00000 13.00000 18.00000 8.00000 14.00000 17.00000 20.00000 20.00000 6.00000 23.00000 31.00000 13.00000 8.00000 5.00000 12.00000 21.00000 11.00000 37.00000 0.00000
p
0.0 0.0 0.0 0.0 0.0 0.0 
0.0 0.0 0.0 0.0 0.0 0.0 
0.0 0.0 0.0 0.0 0.0 0.0 
0.0 0.0 0.0 0.0 0.0 0.0 
0.0 0.0 0.0 0.0 0.0 0.0 
0.0 0.0 0.0 0.0 0.0 0.0 
0.0 0.0 0.0 0.0 0.0 0.0 
0.0 0.0 0.0 0.0 0.0 0.0 
0.0 0.0 0.0 0.0 0.0 0.0 
0.0 0.0 0.0 0.0 0.0 0.0 
56 0 0 0 0 0 
56 0 0 0 0 0 
56 0 0 0 0 0 
56 0 0 0 0 0 
56 0 0 0 0 0 
56 0 0 0 0 0 
56 0 0 0 0 0 
56 0 0 0 0 0 
56 0 0 0 0 0 
56 0 0 0 0 0 
44 0 0 0 0 42 
44 0 0 0 0 42 
44 0 0 0 0 42 
44 0 0 0 0 42 
44 0 0 0 0 42 
44 0 0 0 0 42 
44 0 0 0 0 42 
44 0 0 0 0 42 
44 0 0 0 0 42 
44 0 0 0 0 42 
49 0 0 0 0 0 
49 0 0 0 0 0 
49 0 0 0 0 0 
49 0 0 0 0 0 
49 0 0 0 0 0 
49 0 0 0 0 0 
49 0 0 0 0 0 
49 0 0 0 0 0 
49 0 0 0 0 0 
49 0 0 0 0 0 
0 60 0 0 0 0 
0 60 0 0 0 0 
0 60 0 0 0 0 
0 60 0 0 0 0 
0 60 0 0 0 0 
0 60 0 0 0 0 
0 60 0 0 0 0 
0 60 0 0 0 0 
0 60 0 0 0 0 
0 60 0 0 0 0 
0 0 0 0 31 0 
0 0 0 0 31 0 
0 0 0 0 31 0 
0 0 0 0 31 0 
0 0 0 0 31 0 
0 0 0 0 31 0 
0 0 0 0 31 0 
0 0 0 0 31 0 
0 0 0 0 31 0 
0 0 0 0 31 0 
0 0 0 48 0 0 
0 0 0 48 0 0 
0 0 0 48 0 0 
0 0 0 48 0 0 
0 0 0 48 0 0 
0 0 0 48 0 0 
0 0 0 48 0 0 
0 0 0 48 0 0 
0 0 0 48 0 0 
0 0 0 48 0 0 
0 0 47 0 0 22 
0 0 47 0 0 22 
0 0 47 0 0 22 
0 0 47 0 0 22 
0 0 47 0 0 22 
0 0 47 0 0 22 
0 0 47 0 0 22 
0 0 47 0 0 22 
0 0 47 0 0 22 
0 0 47 0 0 22 
23 0 0 54 0 0 
23 0 0 54 0 0 
23 0 0 54 0 0 
23 0 0 54 0 0 
23 0 0 54 0 0 
23 0 0 54 0 0 
23 0 0 54 0 0 
23 0 0 54 0 0 
23 0 0 54 0 0 
23 0 0 54 0 0 
0 60 0 0 22 0 
0 60 0 0 22 0 
0 60 0 0 22 0 
0 60 0 0 22 0 
0 60 0 0 22 0 
0 60 0 0 22 0 
0 60 0 0 22 0 
0 60 0 0 22 0 
0 60 0 0 22 0 
0 60 0 0 22 0 
0 0 0 58 0 0 
0 0 0 58 0 0 
0 0 0 58 0 0 
0 0 0 58 0 0 
0 0 0 58 0 0 
0 0 0 58 0 0 
0 0 0 58 0 0 
0 0 0 58 0 0 
0 0 0 58 0 0 
0 0 0 58 0 0 
0 0 0 0 0 51 
0 0 0 0 0 51 
0 0 0 0 0 51 
0 0 0 0 0 51 
0 0 0 0 0 51 
0 0 0 0 0 51 
0 0 0 0 0 51 
0 0 0 0 0 51 
0 0 0 0 0 51 
0 0 0 0 0 51 
59 0 0 0 0 0 
59 0 0 0 0 0 
59 0 0 0 0 0 
59 0 0 0 0 0 
59 0 0 0 0 0 
59 0 0 0 0 0 
59 0 0 0 0 0 
59 0 0 0 0 0 
59 0 0 0 0 0 
59 0 0 0 0 0 
26 0 0 0 0 25 
26 0 0 0 0 25 
26 0 0 0 0 25 
26 0 0 0 0 25 
26 0 0 0 0 25 
26 0 0 0 0 25 
26 0 0 0 0 25 
26 0 0 0 0 25 
26 0 0 0 0 25 
26 0 0 0 0 25 
57 0 0 0 0 0 
57 0 0 0 0 0 
57 0 0 0 0 0 
57 0 0 0 0 0 
57 0 0 0 0 0 
57 0 0 0 0 0 
57 0 0 0 0 0 
57 0 0 0 0 0 
57 0 0 0 0 0 
57 0 0 0 0 0 
50 0 0 0 0 0 
50 0 0 0 0 0 
50 0 0 0 0 0 
50 0 0 0 0 0 
50 0 0 0 0 0 
50 0 0 0 0 0 
50 0 0 0 0 0 
50 0 0 0 0 0 
50 0 0 0 0 0 
50 0 0 0 0 0 
0 0 54 0 17 0 
0 0 54 0 17 0 
0 0 54 0 17 0 
0 0 54 0 17 0 
0 0 54 0 17 0 
0 0 54 0 17 0 
0 0 54 0 17 0 
0 0 54 0 17 0 
0 0 54 0 17 0 
0 0 54 0 17 0 
0 0 56 0 0 0 
0 0 56 0 0 0 
0 0 56 0 0 0 
0 0 56 0 0 0 
0 0 56 0 0 0 
0 0 56 0 0 0 
0 0 56 0 0 0 
0 0 56 0 0 0 
0 0 56 0 0 0 
0 0 56 0 0 0 
0 0 0 53 0 0 
0 0 0 53 0 0 
0 0 0 53 0 0 
0 0 0 53 0 0 
0 0 0 53 0 0 
0 0 0 53 0 0 
0 0 0 53 0 0 
0 0 0 53 0 0 
0 0 0 53 0 0 
0 0 0 53 0 0 
48 0 0 22 0 0 
48 0 0 22 0 0 
48 0 0 22 0 0 
48 0 0 22 0 0 
48 0 0 22 0 0 
48 0 0 22 0 0 
48 0 0 22 0 0 
48 0 0 22 0 0 
48 0 0 22 0 0 
48 0 0 22 0 0 
54 0 0 0 0 0 
54 0 0 0 0 0 
54 0 0 0 0 0 
54 0 0 0 0 0 
54 0 0 0 0 0 
54 0 0 0 0 0 
54 0 0 0 0 0 
54 0 0 0 0 0 
54 0 0 0 0 0 
54 0 0 0 0 0 
22 0 0 0 0 0 
22 0 0 0 0 0 
22 0 0 0 0 0 
22 0 0 0 0 0 
22 0 0 0 0 0 
22 0 0 0 0 0 
22 0 0 0 0 0 
22 0 0 0 0 0 
22 0 0 0 0 0 
22 0 0 0 0 0 
0 0 0 0 25 0 
0 0 0 0 25 0 
0 0 0 0 25 0 
0 0 0 0 25 0 
0 0 0 0 25 0 
0 0 0 0 25 0 
0 0 0 0 25 0 
0 0 0 0 25 0 
0 0 0 0 25 0 
0 0 0 0 25 0 
0 0 0 0 15 0 
0 0 0 0 15 0 
0 0 0 0 15 0 
0 0 0 0 15 0 
0 0 0 0 15 0 
0 0 0 0 15 0 
0 0 0 0 15 0 
0 0 0 0 15 0 
0 0 0 0 15 0 
0 0 0 0 15 0 
0 0 33 0 0 37 
0 0 33 0 0 37 
0 0 33 0 0 37 
0 0 33 0 0 37 
0 0 33 0 0 37 
0 0 33 0 0 37 
0 0 33 0 0 37 
0 0 33 0 0 37 
0 0 33 0 0 37 
0 0 33 0 0 37 
0 0 0 0 32 0 
0 0 0 0 32 0 
0 0 0 0 32 0 
0 0 0 0 32 0 
0 0 0 0 32 0 
0 0 0 0 32 0 
0 0 0 0 32 0 
0 0 0 0 32 0 
0 0 0 0 32 0 
0 0 0 0 32 0 
0 0 38 0 50 0 
0 0 38 0 50 0 
0 0 38 0 50 0 
0 0 38 0 50 0 
0 0 38 0 50 0 
0 0 38 0 50 0 
0 0 38 0 50 0 
0 0 38 0 50 0 
0 0 38 0 50 0 
0 0 38 0 50 0 
0 0 0 0 0 23 
0 0 0 0 0 23 
0 0 0 0 0 23 
0 0 0 0 0 23 
0 0 0 0 0 23 
0 0 0 0 0 23 
0 0 0 0 0 23 
0 0 0 0 0 23 
0 0 0 0 0 23 
0 0 0 0 0 23 
0 0 33 0 0 0 
0 0 33 0 0 0 
0 0 33 0 0 0 
0 0 33 0 0 0 
0 0 33 0 0 0 
0 0 33 0 0 0 
0 0 33 0 0 0 
0 0 33 0 0 0 
0 0 33 0 0 0 
0 0 33 0 0 0 
0 0 0 0 31 0 
0 0 0 0 31 0 
0 0 0 0 31 0 
0 0 0 0 31 0 
0 0 0 0 31 0 
0 0 0 0 31 0 
0 0 0 0 31 0 
0 0 0 0 31 0 
0 0 0 0 31 0 
0 0 0 0 31 0 
30 0 0 0 17 0 
30 0 0 0 17 0 
30 0 0 0 17 0 
30 0 0 0 17 0 
30 0 0 0 17 0 
30 0 0 0 17 0 
30 0 0 0 17 0 
30 0 0 0 17 0 
30 0 0 0 17 0 
30 0 0 0 17 0 
60 0 0 0 0 53 
60 0 0 0 0 53 
60 0 0 0 0 53 
60 0 0 0 0 53 
60 0 0 0 0 53 
60 0 0 0 0 53 
60 0 0 0 0 53 
60 0 0 0 0 53 
60 0 0 0 0 53 
60 0 0 0 0 53 
0 0 0 41 0 0 
0 0 0 41 0 0 
0 0 0 41 0 0 
0 0 0 41 0 0 
0 0 0 41 0 0 
0 0 0 41 0 0 
0 0 0 41 0 0 
0 0 0 41 0 0 
0 0 0 41 0 0 
0 0 0 41 0 0 
25 0 0 0 33 0 
25 0 0 0 33 0 
25 0 0 0 33 0 
25 0 0 0 33 0 
25 0 0 0 33 0 
25 0 0 0 33 0 
25 0 0 0 33 0 
25 0 0 0 33 0 
25 0 0 0 33 0 
25 0 0 0 33 0 
0 46 0 0 33 0 
0 46 0 0 33 0 
0 46 0 0 33 0 
0 46 0 0 33 0 
0 46 0 0 33 0 
0 46 0 0 33 0 
0 46 0 0 33 0 
0 46 0 0 33 0 
0 46 0 0 33 0 
0 46 0 0 33 0 
0 0 37 0 0 0 
0 0 37 0 0 0 
0 0 37 0 0 0 
0 0 37 0 0 0 
0 0 37 0 0 0 
0 0 37 0 0 0 
0 0 37 0 0 0 
0 0 37 0 0 0 
0 0 37 0 0 0 
0 0 37 0 0 0 
26 0 0 0 0 31 
26 0 0 0 0 31 
26 0 0 0 0 31 
26 0 0 0 0 31 
26 0 0 0 0 31 
26 0 0 0 0 31 
26 0 0 0 0 31 
26 0 0 0 0 31 
26 0 0 0 0 31 
26 0 0 0 0 31 
46 0 0 0 0 0 
46 0 0 0 0 0 
46 0 0 0 0 0 
46 0 0 0 0 0 
46 0 0 0 0 0 
46 0 0 0 0 0 
46 0 0 0 0 0 
46 0 0 0 0 0 
46 0 0 0 0 0 
46 0 0 0 0 0 
0 0 0 0 18 0 
0 0 0 0 18 0 
0 0 0 0 18 0 
0 0 0 0 18 0 
0 0 0 0 18 0 
0 0 0 0 18 0 
0 0 0 0 18 0 
0 0 0 0 18 0 
0 0 0 0 18 0 
0 0 0 0 18 0 
0 0 51 0 0 0 
0 0 51 0 0 0 
0 0 51 0 0 0 
0 0 51 0 0 0 
0 0 51 0 0 0 
0 0 51 0 0 0 
0 0 51 0 0 0 
0 0 51 0 0 0 
0 0 51 0 0 0 
0 0 51 0 0 0 
60 0 0 0 0 31 
60 0 0 0 0 31 
60 0 0 0 0 31 
60 0 0 0 0 31 
60 0 0 0 0 31 
60 0 0 0 0 31 
60 0 0 0 0 31 
60 0 0 0 0 31 
60 0 0 0 0 31 
60 0 0 0 0 31 
36 0 0 50 0 0 
36 0 0 50 0 0 
36 0 0 50 0 0 
36 0 0 50 0 0 
36 0 0 50 0 0 
36 0 0 50 0 0 
36 0 0 50 0 0 
36 0 0 50 0 0 
36 0 0 50 0 0 
36 0 0 50 0 0 
0 0 18 0 0 0 
0 0 18 0 0 0 
0 0 18 0 0 0 
0 0 18 0 0 0 
0 0 18 0 0 0 
0 0 18 0 0 0 
0 0 18 0 0 0 
0 0 18 0 0 0 
0 0 18 0 0 0 
0 0 18 0 0 0 
0 20 0 0 0 0 
0 20 0 0 0 0 
0 20 0 0 0 0 
0 20 0 0 0 0 
0 20 0 0 0 0 
0 20 0 0 0 0 
0 20 0 0 0 0 
0 20 0 0 0 0 
0 20 0 0 0 0 
0 20 0 0 0 0 
0 0 0 0 36 0 
0 0 0 0 36 0 
0 0 0 0 36 0 
0 0 0 0 36 0 
0 0 0 0 36 0 
0 0 0 0 36 0 
0 0 0 0 36 0 
0 0 0 0 36 0 
0 0 0 0 36 0 
0 0 0 0 36 0 
0 0 0 0 35 0 
0 0 0 0 35 0 
0 0 0 0 35 0 
0 0 0 0 35 0 
0 0 0 0 35 0 
0 0 0 0 35 0 
0 0 0 0 35 0 
0 0 0 0 35 0 
0 0 0 0 35 0 
0 0 0 0 35 0 
0 28 0 0 0 0 
0 28 0 0 0 0 
0 28 0 0 0 0 
0 28 0 0 0 0 
0 28 0 0 0 0 
0 28 0 0 0 0 
0 28 0 0 0 0 
0 28 0 0 0 0 
0 28 0 0 0 0 
0 28 0 0 0 0 
0 0 0 0 51 0 
0 0 0 0 51 0 
0 0 0 0 51 0 
0 0 0 0 51 0 
0 0 0 0 51 0 
0 0 0 0 51 0 
0 0 0 0 51 0 
0 0 0 0 51 0 
0 0 0 0 51 0 
0 0 0 0 51 0 
0 0 0 27 0 0 
0 0 0 27 0 0 
0 0 0 27 0 0 
0 0 0 27 0 0 
0 0 0 27 0 0 
0 0 0 27 0 0 
0 0 0 27 0 0 
0 0 0 27 0 0 
0 0 0 27 0 0 
0 0 0 27 0 0 
0 0 0 0 0 29 
0 0 0 0 0 29 
0 0 0 0 0 29 
0 0 0 0 0 29 
0 0 0 0 0 29 
0 0 0 0 0 29 
0 0 0 0 0 29 
0 0 0 0 0 29 
0 0 0 0 0 29 
0 0 0 0 0 29 
53 0 0 0 0 0 
53 0 0 0 0 0 
53 0 0 0 0 0 
53 0 0 0 0 0 
53 0 0 0 0 0 
53 0 0 0 0 0 
53 0 0 0 0 0 
53 0 0 0 0 0 
53 0 0 0 0 0 
53 0 0 0 0 0 
0.0 0.0 0.0 0.0 0.0 0.0 
0.0 0.0 0.0 0.0 0.0 0.0 
0.0 0.0 0.0 0.0 0.0 0.0 
0.0 0.0 0.0 0.0 0.0 0.0 
0.0 0.0 0.0 0.0 0.0 0.0 
0.0 0.0 0.0 0.0 0.0 0.0 
0.0 0.0 0.0 0.0 0.0 0.0 
0.0 0.0 0.0 0.0 0.0 0.0 
0.0 0.0 0.0 0.0 0.0 0.0 
0.0 0.0 0.0 0.0 0.0 0.0 
mind
0 0 0 0 0 0 0 19 0 0 0 0 0 0 0 0 10 0 0 0 0 0 0 0 0 0 22 0 0 0 22 21 0 0 10 0 0 0 0 0 12 12 0 0 0 0 0 0 0 0 0 0
maxd
0 0 0 0 0 0 0 26 0 0 0 0 0 0 0 0 12 0 0 0 0 0 0 0 0 0 30 0 0 0 25 30 0 0 28 0 0 0 0 0 23 28 0 0 0 0 0 0 0 0 0 0
e
0 601 518 760 532 944 673 806 797 860 754 808 570 795 611 698 939 534 516 657 657 793 703 641 669 942 613 919 714 935 595 576 567 629 589 567 510 854 942 721 644 583 939 873 521 946 899 604 658 836 809 0
l
99999 721 638 880 652 1064 793 926 917 980 874 928 690 915 731 818 1059 654 636 777 777 913 823 761 789 1062 733 1039 834 1055 715 696 687 749 709 687 630 974 1062 841 764 703 1059 993 641 1066 1019 724 778 956 929 99999
