nbNodes
52
nbVehi
10
nbServi
6
r
1 1 1 1 1 1 
0 0 0 0 0 1 
0 0 0 0 0 1 
0 0 1 0 0 0 
1 0 0 0 0 1 
0 0 0 0 0 1 
0 0 1 0 0 1 
0 0 0 0 1 0 
0 0 0 0 1 0 
0 0 1 0 1 0 
1 0 0 0 0 0 
0 1 0 0 0 0 
0 1 0 0 0 0 
0 0 1 0 0 1 
0 1 0 0 0 0 
0 0 0 1 0 0 
0 0 1 0 0 0 
0 0 0 0 0 1 
0 0 0 0 0 1 
0 1 0 0 0 1 
0 0 1 0 0 1 
0 1 0 0 0 0 
0 1 0 0 0 0 
1 0 0 0 1 0 
0 0 0 1 0 0 
0 0 1 0 0 0 
0 0 1 0 0 0 
1 0 0 0 0 0 
1 0 0 0 0 1 
0 0 1 0 0 1 
1 0 0 0 1 0 
1 0 0 0 0 0 
0 1 0 0 0 0 
0 1 0 0 0 0 
0 0 0 0 1 0 
1 0 0 0 0 0 
1 0 0 0 0 0 
0 0 0 0 0 1 
1 0 0 0 1 0 
0 1 0 0 0 1 
1 0 0 0 0 0 
0 0 1 0 0 1 
1 0 0 0 1 0 
1 0 0 0 0 0 
0 0 0 0 1 0 
0 0 0 0 0 1 
1 0 0 1 0 0 
0 0 0 0 0 1 
0 0 1 0 1 0 
0 1 0 0 0 0 
1 0 0 0 0 0 
1 1 1 1 1 1 
DS
5 7 10 14 20 21 24 29 30 31 39 40 42 43 47 49 
a
1 1 1 0 0 0 
0 1 1 0 0 0 
1 0 0 0 0 0 
1 1 1 0 0 0 
1 0 0 0 0 0 
0 0 0 1 0 1 
0 0 0 1 1 1 
0 0 0 0 1 1 
0 0 0 0 1 0 
0 0 0 1 0 0 
x
-30.0597 -30.124 -30.0374 -30.0331 -30.1314 -30.0321 -30.0794 -30.0724 -30.0385 -30.0815 -30.0379 -30.0825 -30.0869 -30.0425 -29.9933 -30.0597 -30.1232 -30.0107 -29.9943 -30.0824 -30.0316 -30.1024 -30.0906 -30.0492 -30.0544 -30.0837 -30.0632 -30.0543 -30.0795 -29.9932 -30.0694 -30.1308 -30.0497 -30.0331 -30.0787 -29.9888 -30.0328 -29.9919 -30.0708 -30.0739 -30.1138 -29.9929 -30.0165 -30.0297 -29.9806 -30.1129 -30.0428 -29.9908 -30.1373 -30.0795 -30.0822 -30.0597
y
-51.1696 -51.2108 -51.1765 -51.1819 -51.2155 -51.1736 -51.2165 -51.2341 -51.172 -51.2111 -51.1784 -51.2151 -51.2284 -51.1063 -51.1458 -51.1696 -51.2176 -51.1354 -51.1464 -51.2245 -51.1058 -51.2344 -51.2341 -51.1476 -51.1962 -51.2091 -51.1711 -51.1685 -51.2192 -51.1373 -51.1934 -51.2176 -51.1694 -51.1049 -51.2371 -51.1364 -51.1168 -51.1378 -51.2185 -51.2008 -51.2068 -51.1481 -51.1045 -51.1286 -51.1346 -51.2317 -51.189 -51.1212 -51.2109 -51.2303 -51.228 -51.1696
d
0.00000 18.00000 7.00000 9.00000 19.00000 8.00000 11.00000 16.00000 6.00000 10.00000 8.00000 9.00000 13.00000 15.00000 20.00000 0.00000 18.00000 15.00000 20.00000 12.00000 16.00000 14.00000 14.00000 8.00000 6.00000 10.00000 2.00000 3.00000 12.00000 19.00000 6.00000 18.00000 4.00000 16.00000 16.00000 20.00000 14.00000 19.00000 11.00000 8.00000 18.00000 20.00000 17.00000 15.00000 22.00000 16.00000 9.00000 20.00000 22.00000 14.00000 14.00000 0.00000
17.00000 0.00000 20.00000 21.00000 4.00000 20.00000 11.00000 15.00000 19.00000 9.00000 21.00000 9.00000 9.00000 29.00000 34.00000 17.00000 3.00000 29.00000 34.00000 10.00000 30.00000 7.00000 9.00000 23.00000 17.00000 10.00000 17.00000 18.00000 12.00000 33.00000 15.00000 4.00000 19.00000 30.00000 13.00000 34.00000 28.00000 33.00000 13.00000 11.00000 4.00000 34.00000 31.00000 29.00000 35.00000 7.00000 20.00000 34.00000 8.00000 12.00000 11.00000 17.00000
6.00000 20.00000 0.00000 3.00000 21.00000 2.00000 13.00000 18.00000 4.00000 12.00000 2.00000 11.00000 15.00000 13.00000 16.00000 6.00000 20.00000 11.00000 16.00000 14.00000 14.00000 16.00000 16.00000 8.00000 8.00000 12.00000 8.00000 6.00000 14.00000 15.00000 8.00000 20.00000 6.00000 15.00000 18.00000 16.00000 12.00000 15.00000 13.00000 10.00000 20.00000 16.00000 16.00000 13.00000 18.00000 18.00000 4.00000 16.00000 24.00000 16.00000 16.00000 6.00000
7.00000 22.00000 3.00000 0.00000 22.00000 4.00000 14.00000 17.00000 5.00000 13.00000 3.00000 13.00000 16.00000 14.00000 17.00000 7.00000 21.00000 12.00000 16.00000 16.00000 16.00000 17.00000 17.00000 9.00000 8.00000 13.00000 9.00000 8.00000 16.00000 15.00000 9.00000 21.00000 7.00000 16.00000 19.00000 16.00000 14.00000 15.00000 14.00000 12.00000 21.00000 17.00000 17.00000 13.00000 18.00000 20.00000 5.00000 17.00000 25.00000 17.00000 17.00000 7.00000
19.00000 4.00000 22.00000 23.00000 0.00000 22.00000 13.00000 17.00000 21.00000 11.00000 22.00000 11.00000 10.00000 30.00000 36.00000 19.00000 4.00000 31.00000 35.00000 12.00000 32.00000 7.00000 10.00000 24.00000 19.00000 11.00000 18.00000 19.00000 13.00000 34.00000 17.00000 1.00000 21.00000 32.00000 13.00000 35.00000 30.00000 35.00000 15.00000 13.00000 7.00000 36.00000 33.00000 30.00000 37.00000 7.00000 21.00000 36.00000 6.00000 13.00000 12.00000 19.00000
8.00000 23.00000 4.00000 4.00000 24.00000 0.00000 16.00000 19.00000 4.00000 15.00000 5.00000 14.00000 18.00000 14.00000 16.00000 8.00000 23.00000 11.00000 16.00000 17.00000 15.00000 19.00000 19.00000 9.00000 10.00000 15.00000 9.00000 8.00000 17.00000 15.00000 11.00000 23.00000 7.00000 16.00000 21.00000 16.00000 13.00000 15.00000 16.00000 13.00000 23.00000 16.00000 16.00000 12.00000 17.00000 21.00000 6.00000 16.00000 27.00000 19.00000 19.00000 8.00000
11.00000 13.00000 14.00000 16.00000 13.00000 14.00000 0.00000 9.00000 14.00000 4.00000 15.00000 3.00000 4.00000 23.00000 28.00000 11.00000 12.00000 23.00000 28.00000 3.00000 24.00000 8.00000 6.00000 17.00000 11.00000 5.00000 11.00000 12.00000 3.00000 27.00000 9.00000 12.00000 13.00000 25.00000 7.00000 28.00000 22.00000 27.00000 5.00000 5.00000 12.00000 28.00000 25.00000 23.00000 30.00000 11.00000 14.00000 28.00000 17.00000 5.00000 5.00000 11.00000
17.00000 17.00000 18.00000 17.00000 17.00000 19.00000 8.00000 0.00000 18.00000 9.00000 18.00000 9.00000 7.00000 27.00000 30.00000 17.00000 16.00000 25.00000 29.00000 6.00000 28.00000 12.00000 8.00000 22.00000 13.00000 10.00000 16.00000 17.00000 8.00000 28.00000 13.00000 16.00000 19.00000 29.00000 7.00000 30.00000 26.00000 28.00000 6.00000 11.00000 16.00000 30.00000 30.00000 27.00000 31.00000 15.00000 15.00000 30.00000 20.00000 5.00000 6.00000 17.00000
6.00000 23.00000 3.00000 6.00000 23.00000 3.00000 15.00000 19.00000 0.00000 14.00000 4.00000 14.00000 17.00000 12.00000 16.00000 6.00000 22.00000 11.00000 16.00000 17.00000 14.00000 18.00000 18.00000 7.00000 10.00000 14.00000 7.00000 6.00000 17.00000 14.00000 10.00000 22.00000 5.00000 14.00000 20.00000 16.00000 12.00000 15.00000 15.00000 13.00000 22.00000 16.00000 15.00000 12.00000 17.00000 21.00000 5.00000 16.00000 26.00000 18.00000 18.00000 6.00000
9.00000 13.00000 12.00000 13.00000 13.00000 11.00000 6.00000 11.00000 11.00000 0.00000 12.00000 4.00000 7.00000 20.00000 26.00000 9.00000 13.00000 21.00000 25.00000 7.00000 21.00000 8.00000 8.00000 14.00000 9.00000 2.00000 8.00000 9.00000 7.00000 24.00000 6.00000 12.00000 10.00000 22.00000 11.00000 25.00000 19.00000 24.00000 6.00000 2.00000 12.00000 25.00000 23.00000 20.00000 27.00000 11.00000 11.00000 26.00000 17.00000 8.00000 8.00000 9.00000
6.00000 21.00000 2.00000 4.00000 21.00000 2.00000 13.00000 18.00000 4.00000 12.00000 0.00000 12.00000 15.00000 13.00000 17.00000 6.00000 20.00000 12.00000 16.00000 15.00000 14.00000 16.00000 16.00000 8.00000 8.00000 13.00000 7.00000 6.00000 15.00000 15.00000 8.00000 20.00000 5.00000 14.00000 19.00000 16.00000 12.00000 15.00000 14.00000 11.00000 20.00000 17.00000 15.00000 13.00000 18.00000 19.00000 4.00000 17.00000 25.00000 16.00000 16.00000 6.00000
10.00000 11.00000 13.00000 14.00000 12.00000 13.00000 3.00000 9.00000 12.00000 3.00000 14.00000 0.00000 4.00000 22.00000 27.00000 10.00000 11.00000 22.00000 27.00000 3.00000 23.00000 7.00000 5.00000 16.00000 10.00000 3.00000 9.00000 11.00000 4.00000 25.00000 8.00000 11.00000 12.00000 23.00000 7.00000 27.00000 21.00000 26.00000 5.00000 4.00000 11.00000 27.00000 24.00000 22.00000 28.00000 9.00000 13.00000 27.00000 15.00000 5.00000 5.00000 10.00000
13.00000 10.00000 16.00000 18.00000 10.00000 16.00000 4.00000 7.00000 16.00000 5.00000 17.00000 4.00000 0.00000 25.00000 30.00000 13.00000 10.00000 25.00000 30.00000 2.00000 26.00000 5.00000 3.00000 19.00000 13.00000 6.00000 13.00000 14.00000 4.00000 29.00000 11.00000 10.00000 15.00000 27.00000 5.00000 30.00000 24.00000 29.00000 6.00000 7.00000 9.00000 30.00000 27.00000 25.00000 32.00000 8.00000 16.00000 30.00000 14.00000 4.00000 3.00000 13.00000
14.00000 31.00000 12.00000 15.00000 31.00000 13.00000 24.00000 28.00000 11.00000 22.00000 13.00000 22.00000 25.00000 0.00000 16.00000 14.00000 31.00000 12.00000 15.00000 25.00000 5.00000 27.00000 27.00000 9.00000 19.00000 23.00000 15.00000 13.00000 25.00000 14.00000 19.00000 31.00000 14.00000 5.00000 29.00000 15.00000 5.00000 14.00000 24.00000 21.00000 30.00000 15.00000 9.00000 10.00000 17.00000 29.00000 14.00000 15.00000 35.00000 26.00000 26.00000 14.00000
17.00000 34.00000 14.00000 14.00000 34.00000 13.00000 26.00000 27.00000 14.00000 25.00000 15.00000 25.00000 28.00000 19.00000 0.00000 17.00000 34.00000 10.00000 1.00000 27.00000 17.00000 29.00000 29.00000 16.00000 20.00000 26.00000 19.00000 17.00000 27.00000 9.00000 22.00000 33.00000 16.00000 19.00000 28.00000 11.00000 18.00000 9.00000 24.00000 24.00000 33.00000 2.00000 14.00000 16.00000 13.00000 32.00000 16.00000 12.00000 38.00000 26.00000 28.00000 17.00000
0.00000 18.00000 7.00000 9.00000 19.00000 8.00000 11.00000 16.00000 6.00000 10.00000 8.00000 9.00000 13.00000 15.00000 20.00000 0.00000 18.00000 15.00000 20.00000 12.00000 16.00000 14.00000 14.00000 8.00000 6.00000 10.00000 2.00000 3.00000 12.00000 19.00000 6.00000 18.00000 4.00000 16.00000 16.00000 20.00000 14.00000 19.00000 11.00000 8.00000 18.00000 20.00000 17.00000 15.00000 22.00000 16.00000 9.00000 20.00000 22.00000 14.00000 14.00000 0.00000
18.00000 3.00000 21.00000 22.00000 4.00000 20.00000 12.00000 16.00000 20.00000 10.00000 21.00000 10.00000 9.00000 29.00000 35.00000 18.00000 0.00000 30.00000 34.00000 11.00000 30.00000 7.00000 9.00000 23.00000 18.00000 10.00000 17.00000 18.00000 12.00000 33.00000 15.00000 3.00000 19.00000 31.00000 13.00000 34.00000 28.00000 33.00000 14.00000 12.00000 5.00000 34.00000 32.00000 29.00000 36.00000 6.00000 20.00000 35.00000 7.00000 12.00000 11.00000 18.00000
15.00000 32.00000 13.00000 13.00000 33.00000 12.00000 24.00000 25.00000 12.00000 24.00000 14.00000 23.00000 26.00000 11.00000 7.00000 15.00000 32.00000 0.00000 7.00000 26.00000 9.00000 28.00000 28.00000 10.00000 18.00000 24.00000 16.00000 15.00000 26.00000 6.00000 20.00000 32.00000 15.00000 11.00000 27.00000 7.00000 10.00000 6.00000 23.00000 22.00000 32.00000 7.00000 6.00000 7.00000 8.00000 30.00000 15.00000 7.00000 36.00000 25.00000 26.00000 15.00000
17.00000 33.00000 13.00000 14.00000 34.00000 13.00000 25.00000 26.00000 13.00000 25.00000 15.00000 24.00000 27.00000 19.00000 1.00000 17.00000 33.00000 9.00000 0.00000 27.00000 17.00000 29.00000 29.00000 16.00000 19.00000 25.00000 18.00000 17.00000 26.00000 9.00000 21.00000 33.00000 16.00000 19.00000 28.00000 10.00000 17.00000 9.00000 23.00000 23.00000 33.00000 2.00000 14.00000 15.00000 12.00000 31.00000 16.00000 12.00000 37.00000 26.00000 27.00000 17.00000
13.00000 11.00000 16.00000 17.00000 12.00000 16.00000 3.00000 6.00000 15.00000 5.00000 16.00000 3.00000 2.00000 24.00000 30.00000 13.00000 11.00000 25.00000 29.00000 0.00000 26.00000 7.00000 5.00000 19.00000 12.00000 6.00000 12.00000 14.00000 3.00000 28.00000 11.00000 11.00000 15.00000 26.00000 5.00000 29.00000 24.00000 29.00000 5.00000 7.00000 11.00000 30.00000 27.00000 24.00000 31.00000 9.00000 16.00000 30.00000 15.00000 2.00000 2.00000 13.00000
15.00000 32.00000 13.00000 16.00000 33.00000 14.00000 25.00000 29.00000 12.00000 23.00000 14.00000 23.00000 26.00000 5.00000 13.00000 15.00000 32.00000 9.00000 13.00000 26.00000 0.00000 28.00000 28.00000 10.00000 20.00000 24.00000 16.00000 15.00000 26.00000 12.00000 20.00000 32.00000 15.00000 2.00000 30.00000 13.00000 4.00000 12.00000 25.00000 22.00000 32.00000 13.00000 5.00000 9.00000 15.00000 30.00000 15.00000 12.00000 36.00000 28.00000 27.00000 15.00000
14.00000 7.00000 17.00000 18.00000 7.00000 17.00000 8.00000 12.00000 16.00000 6.00000 18.00000 6.00000 6.00000 26.00000 31.00000 14.00000 6.00000 26.00000 31.00000 7.00000 27.00000 0.00000 5.00000 20.00000 14.00000 7.00000 13.00000 15.00000 9.00000 30.00000 12.00000 6.00000 16.00000 27.00000 8.00000 31.00000 25.00000 30.00000 10.00000 8.00000 7.00000 31.00000 28.00000 26.00000 32.00000 4.00000 17.00000 31.00000 10.00000 9.00000 8.00000 14.00000
15.00000 10.00000 18.00000 19.00000 11.00000 17.00000 6.00000 8.00000 17.00000 7.00000 18.00000 5.00000 3.00000 26.00000 32.00000 15.00000 10.00000 27.00000 31.00000 4.00000 27.00000 6.00000 0.00000 20.00000 15.00000 7.00000 14.00000 15.00000 6.00000 30.00000 12.00000 10.00000 16.00000 28.00000 5.00000 31.00000 25.00000 30.00000 7.00000 9.00000 10.00000 31.00000 29.00000 26.00000 33.00000 9.00000 17.00000 32.00000 15.00000 6.00000 4.00000 15.00000
7.00000 25.00000 7.00000 9.00000 25.00000 8.00000 17.00000 22.00000 6.00000 16.00000 8.00000 16.00000 19.00000 9.00000 16.00000 7.00000 24.00000 10.00000 16.00000 18.00000 10.00000 20.00000 20.00000 0.00000 12.00000 16.00000 9.00000 7.00000 18.00000 15.00000 12.00000 24.00000 8.00000 11.00000 22.00000 16.00000 8.00000 15.00000 17.00000 15.00000 24.00000 16.00000 11.00000 9.00000 17.00000 23.00000 9.00000 16.00000 28.00000 20.00000 20.00000 7.00000
6.00000 17.00000 9.00000 7.00000 18.00000 8.00000 10.00000 12.00000 8.00000 9.00000 8.00000 9.00000 12.00000 17.00000 22.00000 6.00000 17.00000 17.00000 22.00000 11.00000 18.00000 13.00000 13.00000 11.00000 0.00000 9.00000 6.00000 6.00000 11.00000 21.00000 5.00000 17.00000 7.00000 19.00000 14.00000 22.00000 16.00000 21.00000 9.00000 7.00000 17.00000 22.00000 20.00000 17.00000 24.00000 16.00000 6.00000 22.00000 21.00000 12.00000 13.00000 6.00000
9.00000 13.00000 12.00000 14.00000 13.00000 12.00000 6.00000 11.00000 12.00000 1.00000 13.00000 4.00000 7.00000 21.00000 26.00000 9.00000 13.00000 21.00000 26.00000 7.00000 22.00000 8.00000 8.00000 15.00000 9.00000 0.00000 9.00000 10.00000 7.00000 25.00000 7.00000 13.00000 11.00000 23.00000 11.00000 26.00000 20.00000 25.00000 7.00000 3.00000 12.00000 26.00000 23.00000 21.00000 28.00000 11.00000 12.00000 26.00000 17.00000 8.00000 8.00000 9.00000
4.00000 19.00000 8.00000 10.00000 20.00000 9.00000 12.00000 17.00000 7.00000 11.00000 9.00000 10.00000 13.00000 15.00000 22.00000 4.00000 19.00000 17.00000 21.00000 13.00000 16.00000 15.00000 15.00000 9.00000 7.00000 11.00000 0.00000 4.00000 13.00000 20.00000 7.00000 19.00000 6.00000 17.00000 17.00000 21.00000 14.00000 20.00000 12.00000 9.00000 19.00000 21.00000 18.00000 15.00000 23.00000 17.00000 10.00000 22.00000 23.00000 15.00000 14.00000 4.00000
2.00000 19.00000 4.00000 7.00000 20.00000 5.00000 12.00000 17.00000 3.00000 11.00000 5.00000 11.00000 14.00000 13.00000 18.00000 2.00000 19.00000 14.00000 18.00000 13.00000 14.00000 15.00000 15.00000 7.00000 7.00000 11.00000 3.00000 0.00000 13.00000 17.00000 7.00000 19.00000 2.00000 15.00000 17.00000 18.00000 12.00000 17.00000 12.00000 9.00000 19.00000 18.00000 16.00000 13.00000 20.00000 18.00000 6.00000 19.00000 23.00000 15.00000 15.00000 2.00000
13.00000 13.00000 16.00000 17.00000 13.00000 16.00000 3.00000 8.00000 15.00000 6.00000 17.00000 4.00000 4.00000 25.00000 30.00000 13.00000 12.00000 25.00000 29.00000 3.00000 26.00000 8.00000 6.00000 19.00000 12.00000 6.00000 12.00000 14.00000 0.00000 28.00000 11.00000 12.00000 15.00000 26.00000 7.00000 30.00000 24.00000 29.00000 5.00000 7.00000 12.00000 30.00000 27.00000 24.00000 31.00000 11.00000 16.00000 30.00000 16.00000 5.00000 4.00000 13.00000
18.00000 34.00000 15.00000 15.00000 35.00000 14.00000 26.00000 27.00000 15.00000 26.00000 16.00000 25.00000 28.00000 14.00000 5.00000 18.00000 34.00000 5.00000 5.00000 28.00000 12.00000 30.00000 30.00000 14.00000 20.00000 26.00000 20.00000 18.00000 27.00000 0.00000 22.00000 34.00000 17.00000 14.00000 29.00000 2.00000 13.00000 1.00000 24.00000 24.00000 34.00000 5.00000 9.00000 11.00000 4.00000 32.00000 17.00000 6.00000 38.00000 27.00000 28.00000 18.00000
7.00000 15.00000 10.00000 11.00000 15.00000 10.00000 7.00000 13.00000 10.00000 6.00000 11.00000 6.00000 9.00000 19.00000 24.00000 7.00000 14.00000 20.00000 24.00000 8.00000 20.00000 10.00000 10.00000 13.00000 5.00000 6.00000 6.00000 8.00000 9.00000 23.00000 0.00000 14.00000 9.00000 21.00000 12.00000 24.00000 18.00000 23.00000 7.00000 5.00000 14.00000 24.00000 22.00000 19.00000 26.00000 13.00000 9.00000 24.00000 18.00000 10.00000 10.00000 7.00000
18.00000 3.00000 21.00000 22.00000 1.00000 21.00000 12.00000 16.00000 20.00000 10.00000 22.00000 10.00000 10.00000 30.00000 35.00000 18.00000 3.00000 30.00000 35.00000 11.00000 31.00000 7.00000 9.00000 24.00000 18.00000 11.00000 17.00000 19.00000 13.00000 33.00000 16.00000 0.00000 20.00000 31.00000 13.00000 35.00000 29.00000 34.00000 14.00000 12.00000 6.00000 35.00000 32.00000 30.00000 36.00000 6.00000 21.00000 35.00000 6.00000 13.00000 12.00000 18.00000
3.00000 21.00000 5.00000 7.00000 21.00000 6.00000 13.00000 18.00000 4.00000 12.00000 6.00000 12.00000 15.00000 12.00000 18.00000 3.00000 20.00000 13.00000 17.00000 15.00000 14.00000 16.00000 16.00000 7.00000 8.00000 12.00000 5.00000 4.00000 15.00000 16.00000 8.00000 20.00000 0.00000 14.00000 18.00000 17.00000 12.00000 17.00000 13.00000 11.00000 20.00000 18.00000 15.00000 12.00000 19.00000 19.00000 7.00000 18.00000 24.00000 16.00000 16.00000 3.00000
15.00000 33.00000 13.00000 16.00000 33.00000 15.00000 25.00000 30.00000 13.00000 24.00000 15.00000 24.00000 27.00000 5.00000 15.00000 15.00000 32.00000 11.00000 14.00000 27.00000 2.00000 28.00000 28.00000 11.00000 20.00000 25.00000 17.00000 15.00000 27.00000 13.00000 20.00000 32.00000 16.00000 0.00000 30.00000 14.00000 6.00000 14.00000 25.00000 23.00000 32.00000 15.00000 6.00000 10.00000 16.00000 31.00000 16.00000 14.00000 37.00000 28.00000 28.00000 15.00000
17.00000 14.00000 20.00000 18.00000 14.00000 19.00000 7.00000 7.00000 19.00000 9.00000 19.00000 8.00000 5.00000 28.00000 31.00000 17.00000 14.00000 26.00000 30.00000 5.00000 29.00000 8.00000 5.00000 22.00000 15.00000 9.00000 16.00000 17.00000 7.00000 29.00000 14.00000 13.00000 18.00000 30.00000 0.00000 30.00000 27.00000 29.00000 7.00000 11.00000 13.00000 30.00000 31.00000 28.00000 33.00000 12.00000 17.00000 31.00000 18.00000 5.00000 4.00000 17.00000
20.00000 36.00000 16.00000 16.00000 36.00000 16.00000 28.00000 28.00000 16.00000 27.00000 17.00000 27.00000 30.00000 15.00000 6.00000 20.00000 35.00000 7.00000 6.00000 29.00000 14.00000 31.00000 31.00000 15.00000 21.00000 28.00000 21.00000 20.00000 29.00000 2.00000 23.00000 35.00000 19.00000 15.00000 30.00000 0.00000 14.00000 2.00000 26.00000 26.00000 35.00000 6.00000 11.00000 12.00000 4.00000 34.00000 18.00000 6.00000 40.00000 28.00000 30.00000 20.00000
13.00000 30.00000 11.00000 13.00000 30.00000 12.00000 23.00000 27.00000 10.00000 21.00000 12.00000 21.00000 24.00000 5.00000 13.00000 13.00000 30.00000 9.00000 12.00000 24.00000 4.00000 26.00000 25.00000 8.00000 18.00000 22.00000 14.00000 12.00000 24.00000 11.00000 18.00000 30.00000 13.00000 6.00000 28.00000 12.00000 0.00000 12.00000 23.00000 20.00000 29.00000 13.00000 7.00000 8.00000 14.00000 28.00000 13.00000 12.00000 34.00000 25.00000 25.00000 13.00000
18.00000 35.00000 15.00000 15.00000 35.00000 14.00000 27.00000 27.00000 15.00000 26.00000 16.00000 26.00000 29.00000 14.00000 5.00000 18.00000 34.00000 5.00000 5.00000 28.00000 12.00000 30.00000 30.00000 14.00000 20.00000 26.00000 20.00000 18.00000 28.00000 1.00000 22.00000 34.00000 17.00000 14.00000 29.00000 2.00000 13.00000 0.00000 25.00000 25.00000 34.00000 5.00000 9.00000 11.00000 4.00000 33.00000 17.00000 6.00000 38.00000 27.00000 29.00000 18.00000
12.00000 14.00000 15.00000 14.00000 15.00000 15.00000 5.00000 6.00000 14.00000 6.00000 15.00000 5.00000 6.00000 23.00000 27.00000 12.00000 14.00000 22.00000 27.00000 5.00000 24.00000 10.00000 7.00000 17.00000 9.00000 6.00000 11.00000 12.00000 6.00000 25.00000 8.00000 14.00000 13.00000 25.00000 7.00000 27.00000 22.00000 26.00000 0.00000 6.00000 14.00000 27.00000 26.00000 23.00000 28.00000 13.00000 13.00000 27.00000 18.00000 5.00000 5.00000 12.00000
7.00000 15.00000 10.00000 11.00000 15.00000 9.00000 7.00000 12.00000 9.00000 6.00000 10.00000 6.00000 9.00000 18.00000 24.00000 7.00000 14.00000 19.00000 23.00000 9.00000 19.00000 10.00000 10.00000 12.00000 7.00000 5.00000 6.00000 7.00000 9.00000 22.00000 4.00000 14.00000 8.00000 20.00000 12.00000 23.00000 17.00000 22.00000 7.00000 0.00000 14.00000 23.00000 21.00000 18.00000 25.00000 13.00000 9.00000 24.00000 19.00000 10.00000 10.00000 7.00000
17.00000 5.00000 20.00000 21.00000 7.00000 19.00000 11.00000 15.00000 19.00000 9.00000 20.00000 9.00000 8.00000 28.00000 34.00000 17.00000 5.00000 29.00000 33.00000 10.00000 29.00000 7.00000 8.00000 22.00000 17.00000 9.00000 16.00000 17.00000 11.00000 32.00000 14.00000 7.00000 18.00000 30.00000 12.00000 33.00000 27.00000 32.00000 13.00000 11.00000 0.00000 33.00000 31.00000 28.00000 35.00000 8.00000 19.00000 34.00000 9.00000 11.00000 10.00000 17.00000
16.00000 33.00000 13.00000 14.00000 34.00000 13.00000 25.00000 26.00000 13.00000 24.00000 14.00000 24.00000 27.00000 18.00000 2.00000 16.00000 33.00000 9.00000 2.00000 27.00000 17.00000 29.00000 29.00000 15.00000 19.00000 25.00000 18.00000 17.00000 26.00000 8.00000 21.00000 33.00000 16.00000 18.00000 28.00000 10.00000 17.00000 9.00000 23.00000 23.00000 33.00000 0.00000 14.00000 15.00000 12.00000 31.00000 15.00000 12.00000 37.00000 26.00000 27.00000 16.00000
18.00000 35.00000 16.00000 19.00000 35.00000 17.00000 28.00000 32.00000 15.00000 26.00000 17.00000 26.00000 29.00000 10.00000 14.00000 18.00000 35.00000 10.00000 13.00000 29.00000 6.00000 31.00000 31.00000 13.00000 23.00000 27.00000 19.00000 18.00000 29.00000 12.00000 23.00000 35.00000 18.00000 8.00000 33.00000 13.00000 9.00000 12.00000 28.00000 25.00000 35.00000 13.00000 0.00000 10.00000 15.00000 33.00000 18.00000 12.00000 39.00000 31.00000 30.00000 18.00000
13.00000 30.00000 11.00000 13.00000 31.00000 12.00000 23.00000 27.00000 10.00000 22.00000 12.00000 21.00000 24.00000 10.00000 13.00000 13.00000 30.00000 8.00000 12.00000 24.00000 9.00000 26.00000 26.00000 8.00000 18.00000 22.00000 15.00000 13.00000 24.00000 11.00000 18.00000 30.00000 13.00000 11.00000 28.00000 12.00000 9.00000 12.00000 23.00000 20.00000 30.00000 13.00000 8.00000 0.00000 14.00000 28.00000 13.00000 13.00000 34.00000 26.00000 25.00000 13.00000
21.00000 37.00000 18.00000 18.00000 38.00000 17.00000 29.00000 30.00000 18.00000 28.00000 18.00000 28.00000 31.00000 17.00000 9.00000 21.00000 37.00000 9.00000 8.00000 31.00000 15.00000 33.00000 33.00000 18.00000 23.00000 29.00000 23.00000 21.00000 30.00000 4.00000 25.00000 37.00000 20.00000 17.00000 32.00000 4.00000 16.00000 4.00000 27.00000 27.00000 37.00000 9.00000 12.00000 14.00000 0.00000 35.00000 20.00000 7.00000 41.00000 30.00000 31.00000 21.00000
17.00000 7.00000 20.00000 21.00000 6.00000 20.00000 11.00000 15.00000 19.00000 9.00000 21.00000 9.00000 9.00000 29.00000 34.00000 17.00000 5.00000 29.00000 33.00000 10.00000 30.00000 5.00000 8.00000 23.00000 17.00000 10.00000 16.00000 18.00000 12.00000 32.00000 15.00000 5.00000 19.00000 30.00000 12.00000 34.00000 28.00000 33.00000 13.00000 11.00000 7.00000 34.00000 31.00000 29.00000 35.00000 0.00000 20.00000 34.00000 9.00000 12.00000 11.00000 17.00000
7.00000 21.00000 5.00000 4.00000 21.00000 6.00000 14.00000 15.00000 5.00000 12.00000 4.00000 12.00000 15.00000 14.00000 19.00000 7.00000 21.00000 14.00000 19.00000 15.00000 16.00000 17.00000 17.00000 9.00000 6.00000 13.00000 9.00000 8.00000 15.00000 17.00000 9.00000 21.00000 7.00000 16.00000 17.00000 19.00000 14.00000 18.00000 12.00000 11.00000 20.00000 19.00000 17.00000 14.00000 20.00000 19.00000 0.00000 19.00000 25.00000 15.00000 16.00000 7.00000
20.00000 36.00000 17.00000 17.00000 37.00000 16.00000 28.00000 29.00000 17.00000 28.00000 18.00000 27.00000 31.00000 14.00000 8.00000 20.00000 36.00000 8.00000 8.00000 30.00000 13.00000 32.00000 32.00000 16.00000 22.00000 28.00000 22.00000 20.00000 29.00000 6.00000 24.00000 36.00000 19.00000 14.00000 31.00000 6.00000 13.00000 6.00000 26.00000 26.00000 36.00000 8.00000 10.00000 13.00000 7.00000 34.00000 19.00000 0.00000 40.00000 29.00000 30.00000 20.00000
22.00000 7.00000 25.00000 26.00000 6.00000 25.00000 16.00000 20.00000 24.00000 14.00000 26.00000 14.00000 14.00000 34.00000 39.00000 22.00000 7.00000 34.00000 39.00000 15.00000 35.00000 11.00000 13.00000 28.00000 22.00000 15.00000 21.00000 23.00000 17.00000 38.00000 20.00000 5.00000 24.00000 35.00000 17.00000 39.00000 33.00000 38.00000 18.00000 16.00000 10.00000 39.00000 36.00000 34.00000 40.00000 10.00000 25.00000 39.00000 0.00000 17.00000 16.00000 22.00000
14.00000 13.00000 17.00000 16.00000 13.00000 17.00000 5.00000 5.00000 17.00000 6.00000 17.00000 5.00000 4.00000 26.00000 29.00000 14.00000 12.00000 25.00000 29.00000 2.00000 27.00000 8.00000 5.00000 20.00000 13.00000 7.00000 14.00000 15.00000 5.00000 28.00000 12.00000 12.00000 16.00000 28.00000 5.00000 29.00000 25.00000 28.00000 5.00000 8.00000 12.00000 29.00000 28.00000 26.00000 31.00000 11.00000 15.00000 30.00000 17.00000 0.00000 2.00000 14.00000
14.00000 12.00000 17.00000 17.00000 12.00000 17.00000 5.00000 6.00000 16.00000 6.00000 17.00000 5.00000 3.00000 25.00000 31.00000 14.00000 12.00000 26.00000 30.00000 2.00000 27.00000 8.00000 4.00000 20.00000 13.00000 7.00000 13.00000 15.00000 4.00000 29.00000 12.00000 12.00000 16.00000 27.00000 4.00000 30.00000 25.00000 29.00000 5.00000 8.00000 11.00000 31.00000 28.00000 25.00000 32.00000 10.00000 16.00000 31.00000 16.00000 2.00000 0.00000 14.00000
0.00000 18.00000 7.00000 9.00000 19.00000 8.00000 11.00000 16.00000 6.00000 10.00000 8.00000 9.00000 13.00000 15.00000 20.00000 0.00000 18.00000 15.00000 20.00000 12.00000 16.00000 14.00000 14.00000 8.00000 6.00000 10.00000 2.00000 3.00000 12.00000 19.00000 6.00000 18.00000 4.00000 16.00000 16.00000 20.00000 14.00000 19.00000 11.00000 8.00000 18.00000 20.00000 17.00000 15.00000 22.00000 16.00000 9.00000 20.00000 22.00000 14.00000 14.00000 0.00000
p
0.0 0.0 0.0 0.0 0.0 0.0 
0.0 0.0 0.0 0.0 0.0 0.0 
0.0 0.0 0.0 0.0 0.0 0.0 
0.0 0.0 0.0 0.0 0.0 0.0 
0.0 0.0 0.0 0.0 0.0 0.0 
0.0 0.0 0.0 0.0 0.0 0.0 
0.0 0.0 0.0 0.0 0.0 0.0 
0.0 0.0 0.0 0.0 0.0 0.0 
0.0 0.0 0.0 0.0 0.0 0.0 
0.0 0.0 0.0 0.0 0.0 0.0 
0 0 0 0 0 22 
0 0 0 0 0 22 
0 0 0 0 0 22 
0 0 0 0 0 22 
0 0 0 0 0 22 
0 0 0 0 0 22 
0 0 0 0 0 22 
0 0 0 0 0 22 
0 0 0 0 0 22 
0 0 0 0 0 22 
0 0 0 0 0 15 
0 0 0 0 0 15 
0 0 0 0 0 15 
0 0 0 0 0 15 
0 0 0 0 0 15 
0 0 0 0 0 15 
0 0 0 0 0 15 
0 0 0 0 0 15 
0 0 0 0 0 15 
0 0 0 0 0 15 
0 0 35 0 0 0 
0 0 35 0 0 0 
0 0 35 0 0 0 
0 0 35 0 0 0 
0 0 35 0 0 0 
0 0 35 0 0 0 
0 0 35 0 0 0 
0 0 35 0 0 0 
0 0 35 0 0 0 
0 0 35 0 0 0 
60 0 0 0 0 46 
60 0 0 0 0 46 
60 0 0 0 0 46 
60 0 0 0 0 46 
60 0 0 0 0 46 
60 0 0 0 0 46 
60 0 0 0 0 46 
60 0 0 0 0 46 
60 0 0 0 0 46 
60 0 0 0 0 46 
0 0 0 0 0 20 
0 0 0 0 0 20 
0 0 0 0 0 20 
0 0 0 0 0 20 
0 0 0 0 0 20 
0 0 0 0 0 20 
0 0 0 0 0 20 
0 0 0 0 0 20 
0 0 0 0 0 20 
0 0 0 0 0 20 
0 0 46 0 0 27 
0 0 46 0 0 27 
0 0 46 0 0 27 
0 0 46 0 0 27 
0 0 46 0 0 27 
0 0 46 0 0 27 
0 0 46 0 0 27 
0 0 46 0 0 27 
0 0 46 0 0 27 
0 0 46 0 0 27 
0 0 0 0 40 0 
0 0 0 0 40 0 
0 0 0 0 40 0 
0 0 0 0 40 0 
0 0 0 0 40 0 
0 0 0 0 40 0 
0 0 0 0 40 0 
0 0 0 0 40 0 
0 0 0 0 40 0 
0 0 0 0 40 0 
0 0 0 0 36 0 
0 0 0 0 36 0 
0 0 0 0 36 0 
0 0 0 0 36 0 
0 0 0 0 36 0 
0 0 0 0 36 0 
0 0 0 0 36 0 
0 0 0 0 36 0 
0 0 0 0 36 0 
0 0 0 0 36 0 
0 0 29 0 28 0 
0 0 29 0 28 0 
0 0 29 0 28 0 
0 0 29 0 28 0 
0 0 29 0 28 0 
0 0 29 0 28 0 
0 0 29 0 28 0 
0 0 29 0 28 0 
0 0 29 0 28 0 
0 0 29 0 28 0 
22 0 0 0 0 0 
22 0 0 0 0 0 
22 0 0 0 0 0 
22 0 0 0 0 0 
22 0 0 0 0 0 
22 0 0 0 0 0 
22 0 0 0 0 0 
22 0 0 0 0 0 
22 0 0 0 0 0 
22 0 0 0 0 0 
0 52 0 0 0 0 
0 52 0 0 0 0 
0 52 0 0 0 0 
0 52 0 0 0 0 
0 52 0 0 0 0 
0 52 0 0 0 0 
0 52 0 0 0 0 
0 52 0 0 0 0 
0 52 0 0 0 0 
0 52 0 0 0 0 
0 26 0 0 0 0 
0 26 0 0 0 0 
0 26 0 0 0 0 
0 26 0 0 0 0 
0 26 0 0 0 0 
0 26 0 0 0 0 
0 26 0 0 0 0 
0 26 0 0 0 0 
0 26 0 0 0 0 
0 26 0 0 0 0 
0 0 39 0 0 36 
0 0 39 0 0 36 
0 0 39 0 0 36 
0 0 39 0 0 36 
0 0 39 0 0 36 
0 0 39 0 0 36 
0 0 39 0 0 36 
0 0 39 0 0 36 
0 0 39 0 0 36 
0 0 39 0 0 36 
0 31 0 0 0 0 
0 31 0 0 0 0 
0 31 0 0 0 0 
0 31 0 0 0 0 
0 31 0 0 0 0 
0 31 0 0 0 0 
0 31 0 0 0 0 
0 31 0 0 0 0 
0 31 0 0 0 0 
0 31 0 0 0 0 
0 0 0 59 0 0 
0 0 0 59 0 0 
0 0 0 59 0 0 
0 0 0 59 0 0 
0 0 0 59 0 0 
0 0 0 59 0 0 
0 0 0 59 0 0 
0 0 0 59 0 0 
0 0 0 59 0 0 
0 0 0 59 0 0 
0 0 33 0 0 0 
0 0 33 0 0 0 
0 0 33 0 0 0 
0 0 33 0 0 0 
0 0 33 0 0 0 
0 0 33 0 0 0 
0 0 33 0 0 0 
0 0 33 0 0 0 
0 0 33 0 0 0 
0 0 33 0 0 0 
0 0 0 0 0 20 
0 0 0 0 0 20 
0 0 0 0 0 20 
0 0 0 0 0 20 
0 0 0 0 0 20 
0 0 0 0 0 20 
0 0 0 0 0 20 
0 0 0 0 0 20 
0 0 0 0 0 20 
0 0 0 0 0 20 
0 0 0 0 0 52 
0 0 0 0 0 52 
0 0 0 0 0 52 
0 0 0 0 0 52 
0 0 0 0 0 52 
0 0 0 0 0 52 
0 0 0 0 0 52 
0 0 0 0 0 52 
0 0 0 0 0 52 
0 0 0 0 0 52 
0 42 0 0 0 22 
0 42 0 0 0 22 
0 42 0 0 0 22 
0 42 0 0 0 22 
0 42 0 0 0 22 
0 42 0 0 0 22 
0 42 0 0 0 22 
0 42 0 0 0 22 
0 42 0 0 0 22 
0 42 0 0 0 22 
0 0 26 0 0 16 
0 0 26 0 0 16 
0 0 26 0 0 16 
0 0 26 0 0 16 
0 0 26 0 0 16 
0 0 26 0 0 16 
0 0 26 0 0 16 
0 0 26 0 0 16 
0 0 26 0 0 16 
0 0 26 0 0 16 
0 42 0 0 0 0 
0 42 0 0 0 0 
0 42 0 0 0 0 
0 42 0 0 0 0 
0 42 0 0 0 0 
0 42 0 0 0 0 
0 42 0 0 0 0 
0 42 0 0 0 0 
0 42 0 0 0 0 
0 42 0 0 0 0 
0 25 0 0 0 0 
0 25 0 0 0 0 
0 25 0 0 0 0 
0 25 0 0 0 0 
0 25 0 0 0 0 
0 25 0 0 0 0 
0 25 0 0 0 0 
0 25 0 0 0 0 
0 25 0 0 0 0 
0 25 0 0 0 0 
30 0 0 0 39 0 
30 0 0 0 39 0 
30 0 0 0 39 0 
30 0 0 0 39 0 
30 0 0 0 39 0 
30 0 0 0 39 0 
30 0 0 0 39 0 
30 0 0 0 39 0 
30 0 0 0 39 0 
30 0 0 0 39 0 
0 0 0 46 0 0 
0 0 0 46 0 0 
0 0 0 46 0 0 
0 0 0 46 0 0 
0 0 0 46 0 0 
0 0 0 46 0 0 
0 0 0 46 0 0 
0 0 0 46 0 0 
0 0 0 46 0 0 
0 0 0 46 0 0 
0 0 53 0 0 0 
0 0 53 0 0 0 
0 0 53 0 0 0 
0 0 53 0 0 0 
0 0 53 0 0 0 
0 0 53 0 0 0 
0 0 53 0 0 0 
0 0 53 0 0 0 
0 0 53 0 0 0 
0 0 53 0 0 0 
0 0 60 0 0 0 
0 0 60 0 0 0 
0 0 60 0 0 0 
0 0 60 0 0 0 
0 0 60 0 0 0 
0 0 60 0 0 0 
0 0 60 0 0 0 
0 0 60 0 0 0 
0 0 60 0 0 0 
0 0 60 0 0 0 
53 0 0 0 0 0 
53 0 0 0 0 0 
53 0 0 0 0 0 
53 0 0 0 0 0 
53 0 0 0 0 0 
53 0 0 0 0 0 
53 0 0 0 0 0 
53 0 0 0 0 0 
53 0 0 0 0 0 
53 0 0 0 0 0 
23 0 0 0 0 59 
23 0 0 0 0 59 
23 0 0 0 0 59 
23 0 0 0 0 59 
23 0 0 0 0 59 
23 0 0 0 0 59 
23 0 0 0 0 59 
23 0 0 0 0 59 
23 0 0 0 0 59 
23 0 0 0 0 59 
0 0 31 0 0 21 
0 0 31 0 0 21 
0 0 31 0 0 21 
0 0 31 0 0 21 
0 0 31 0 0 21 
0 0 31 0 0 21 
0 0 31 0 0 21 
0 0 31 0 0 21 
0 0 31 0 0 21 
0 0 31 0 0 21 
15 0 0 0 46 0 
15 0 0 0 46 0 
15 0 0 0 46 0 
15 0 0 0 46 0 
15 0 0 0 46 0 
15 0 0 0 46 0 
15 0 0 0 46 0 
15 0 0 0 46 0 
15 0 0 0 46 0 
15 0 0 0 46 0 
45 0 0 0 0 0 
45 0 0 0 0 0 
45 0 0 0 0 0 
45 0 0 0 0 0 
45 0 0 0 0 0 
45 0 0 0 0 0 
45 0 0 0 0 0 
45 0 0 0 0 0 
45 0 0 0 0 0 
45 0 0 0 0 0 
0 45 0 0 0 0 
0 45 0 0 0 0 
0 45 0 0 0 0 
0 45 0 0 0 0 
0 45 0 0 0 0 
0 45 0 0 0 0 
0 45 0 0 0 0 
0 45 0 0 0 0 
0 45 0 0 0 0 
0 45 0 0 0 0 
0 23 0 0 0 0 
0 23 0 0 0 0 
0 23 0 0 0 0 
0 23 0 0 0 0 
0 23 0 0 0 0 
0 23 0 0 0 0 
0 23 0 0 0 0 
0 23 0 0 0 0 
0 23 0 0 0 0 
0 23 0 0 0 0 
0 0 0 0 17 0 
0 0 0 0 17 0 
0 0 0 0 17 0 
0 0 0 0 17 0 
0 0 0 0 17 0 
0 0 0 0 17 0 
0 0 0 0 17 0 
0 0 0 0 17 0 
0 0 0 0 17 0 
0 0 0 0 17 0 
29 0 0 0 0 0 
29 0 0 0 0 0 
29 0 0 0 0 0 
29 0 0 0 0 0 
29 0 0 0 0 0 
29 0 0 0 0 0 
29 0 0 0 0 0 
29 0 0 0 0 0 
29 0 0 0 0 0 
29 0 0 0 0 0 
45 0 0 0 0 0 
45 0 0 0 0 0 
45 0 0 0 0 0 
45 0 0 0 0 0 
45 0 0 0 0 0 
45 0 0 0 0 0 
45 0 0 0 0 0 
45 0 0 0 0 0 
45 0 0 0 0 0 
45 0 0 0 0 0 
0 0 0 0 0 39 
0 0 0 0 0 39 
0 0 0 0 0 39 
0 0 0 0 0 39 
0 0 0 0 0 39 
0 0 0 0 0 39 
0 0 0 0 0 39 
0 0 0 0 0 39 
0 0 0 0 0 39 
0 0 0 0 0 39 
38 0 0 0 30 0 
38 0 0 0 30 0 
38 0 0 0 30 0 
38 0 0 0 30 0 
38 0 0 0 30 0 
38 0 0 0 30 0 
38 0 0 0 30 0 
38 0 0 0 30 0 
38 0 0 0 30 0 
38 0 0 0 30 0 
0 26 0 0 0 43 
0 26 0 0 0 43 
0 26 0 0 0 43 
0 26 0 0 0 43 
0 26 0 0 0 43 
0 26 0 0 0 43 
0 26 0 0 0 43 
0 26 0 0 0 43 
0 26 0 0 0 43 
0 26 0 0 0 43 
22 0 0 0 0 0 
22 0 0 0 0 0 
22 0 0 0 0 0 
22 0 0 0 0 0 
22 0 0 0 0 0 
22 0 0 0 0 0 
22 0 0 0 0 0 
22 0 0 0 0 0 
22 0 0 0 0 0 
22 0 0 0 0 0 
0 0 38 0 0 31 
0 0 38 0 0 31 
0 0 38 0 0 31 
0 0 38 0 0 31 
0 0 38 0 0 31 
0 0 38 0 0 31 
0 0 38 0 0 31 
0 0 38 0 0 31 
0 0 38 0 0 31 
0 0 38 0 0 31 
30 0 0 0 32 0 
30 0 0 0 32 0 
30 0 0 0 32 0 
30 0 0 0 32 0 
30 0 0 0 32 0 
30 0 0 0 32 0 
30 0 0 0 32 0 
30 0 0 0 32 0 
30 0 0 0 32 0 
30 0 0 0 32 0 
20 0 0 0 0 0 
20 0 0 0 0 0 
20 0 0 0 0 0 
20 0 0 0 0 0 
20 0 0 0 0 0 
20 0 0 0 0 0 
20 0 0 0 0 0 
20 0 0 0 0 0 
20 0 0 0 0 0 
20 0 0 0 0 0 
0 0 0 0 51 0 
0 0 0 0 51 0 
0 0 0 0 51 0 
0 0 0 0 51 0 
0 0 0 0 51 0 
0 0 0 0 51 0 
0 0 0 0 51 0 
0 0 0 0 51 0 
0 0 0 0 51 0 
0 0 0 0 51 0 
0 0 0 0 0 33 
0 0 0 0 0 33 
0 0 0 0 0 33 
0 0 0 0 0 33 
0 0 0 0 0 33 
0 0 0 0 0 33 
0 0 0 0 0 33 
0 0 0 0 0 33 
0 0 0 0 0 33 
0 0 0 0 0 33 
52 0 0 60 0 0 
52 0 0 60 0 0 
52 0 0 60 0 0 
52 0 0 60 0 0 
52 0 0 60 0 0 
52 0 0 60 0 0 
52 0 0 60 0 0 
52 0 0 60 0 0 
52 0 0 60 0 0 
52 0 0 60 0 0 
0 0 0 0 0 37 
0 0 0 0 0 37 
0 0 0 0 0 37 
0 0 0 0 0 37 
0 0 0 0 0 37 
0 0 0 0 0 37 
0 0 0 0 0 37 
0 0 0 0 0 37 
0 0 0 0 0 37 
0 0 0 0 0 37 
0 0 21 0 43 0 
0 0 21 0 43 0 
0 0 21 0 43 0 
0 0 21 0 43 0 
0 0 21 0 43 0 
0 0 21 0 43 0 
0 0 21 0 43 0 
0 0 21 0 43 0 
0 0 21 0 43 0 
0 0 21 0 43 0 
0 60 0 0 0 0 
0 60 0 0 0 0 
0 60 0 0 0 0 
0 60 0 0 0 0 
0 60 0 0 0 0 
0 60 0 0 0 0 
0 60 0 0 0 0 
0 60 0 0 0 0 
0 60 0 0 0 0 
0 60 0 0 0 0 
28 0 0 0 0 0 
28 0 0 0 0 0 
28 0 0 0 0 0 
28 0 0 0 0 0 
28 0 0 0 0 0 
28 0 0 0 0 0 
28 0 0 0 0 0 
28 0 0 0 0 0 
28 0 0 0 0 0 
28 0 0 0 0 0 
0.0 0.0 0.0 0.0 0.0 0.0 
0.0 0.0 0.0 0.0 0.0 0.0 
0.0 0.0 0.0 0.0 0.0 0.0 
0.0 0.0 0.0 0.0 0.0 0.0 
0.0 0.0 0.0 0.0 0.0 0.0 
0.0 0.0 0.0 0.0 0.0 0.0 
0.0 0.0 0.0 0.0 0.0 0.0 
0.0 0.0 0.0 0.0 0.0 0.0 
0.0 0.0 0.0 0.0 0.0 0.0 
0.0 0.0 0.0 0.0 0.0 0.0 
mind
0 0 0 0 0 0 18 0 0 0 0 0 0 12 0 0 0 0 0 0 17 0 0 0 0 0 0 0 28 0 13 0 0 0 0 0 0 0 12 0 0 0 0 0 0 0 15 0 16 0 0 0
maxd
0 0 0 0 0 0 18 0 0 0 0 0 0 13 0 0 0 0 0 0 23 0 0 0 0 0 0 0 30 0 22 0 0 0 0 0 0 0 26 0 0 0 0 0 0 0 24 0 17 0 0 0
e
0 924 889 722 817 750 490 951 670 909 822 713 511 837 539 898 686 934 808 668 564 491 923 509 514 932 519 550 641 653 521 832 831 877 592 514 858 780 540 907 952 805 612 599 563 693 640 683 781 943 606 0
l
99999 1044 1009 842 937 870 610 1071 790 1029 942 833 631 957 659 1018 806 1054 928 788 684 611 1043 629 634 1052 639 670 761 773 641 952 951 997 712 634 978 900 660 1027 1072 925 732 719 683 813 760 803 901 1063 726 99999
