nbNodes
52
nbVehi
10
nbServi
6
r
1 1 1 1 1 1 
1 0 0 0 0 0 
0 0 0 0 1 0 
0 1 0 0 0 0 
0 0 1 0 0 0 
0 1 0 0 0 1 
0 1 0 0 1 0 
0 0 0 0 1 0 
0 0 0 0 1 0 
0 0 1 0 0 0 
0 0 1 0 0 0 
0 1 0 0 0 1 
1 0 0 0 1 0 
0 1 0 0 0 0 
0 0 1 0 0 0 
0 0 0 0 0 1 
0 0 1 1 0 0 
0 1 0 0 0 1 
0 0 0 0 1 0 
0 1 0 0 0 0 
0 1 0 0 0 0 
0 1 0 0 0 1 
0 1 0 0 1 0 
0 0 1 0 0 0 
0 0 0 0 0 1 
0 0 1 0 0 0 
0 0 1 0 1 0 
0 0 0 1 0 0 
1 0 0 1 0 0 
0 0 0 0 1 0 
0 1 0 0 0 1 
0 0 0 0 1 0 
0 0 0 0 1 0 
1 0 0 0 1 0 
1 0 0 1 0 0 
0 0 0 0 0 1 
0 0 0 0 0 1 
0 1 0 0 0 0 
0 0 0 0 0 1 
0 1 0 0 1 0 
0 0 0 0 1 0 
0 0 0 1 0 0 
0 1 0 0 0 0 
0 1 0 0 0 0 
0 0 0 0 1 0 
1 0 0 0 1 0 
0 1 0 0 0 0 
0 0 0 0 0 1 
0 0 0 0 1 0 
0 0 0 0 0 1 
0 1 0 0 1 0 
1 1 1 1 1 1 
DS
6 7 12 13 17 18 22 23 27 29 31 34 35 40 46 51 
a
1 1 1 0 0 0 
0 1 0 0 0 0 
0 0 1 0 0 0 
0 1 0 0 0 0 
1 1 1 0 0 0 
0 0 0 0 1 1 
0 0 0 1 1 1 
0 0 0 0 0 1 
0 0 0 1 1 1 
0 0 0 0 1 1 
x
-30.0448 -29.9943 -30.0072 -29.9799 -30.0383 -29.9981 -29.9987 -30.0152 -30.0863 -29.9945 -30.0018 -29.992 -29.9976 -30.0066 -30.0218 -30.0208 -30.0924 -29.9942 -30.0168 -30.021 -30.0035 -30.0211 -30.096 -30.0156 -30 -29.9932 -30.0448 -30.0971 -30.0208 -30.027 -30.0135 -29.989 -30.0163 -30.0069 -30.0115 -30.0341 -30.0982 -30.0366 -30.1092 -29.9999 -30.0961 -30.0186 -29.9919 -29.9938 -30.0234 -30.0207 -30.0342 -30.0299 -30.0189 -30.0895 -30.0217 -30.0448
y
-51.1612 -51.1374 -51.1559 -51.1988 -51.1997 -51.1295 -51.0952 -51.1228 -51.1314 -51.1466 -51.1482 -51.1485 -51.1348 -51.2044 -51.203 -51.1925 -51.148 -51.1553 -51.2133 -51.2064 -51.1922 -51.1353 -51.1334 -51.1257 -51.1417 -51.1456 -51.1612 -51.1333 -51.167 -51.2219 -51.1207 -51.1366 -51.2131 -51.2059 -51.205 -51.0997 -51.1402 -51.1988 -51.1089 -51.1585 -51.1277 -51.2075 -51.1066 -51.137 -51.1215 -51.1631 -51.1351 -51.2265 -51.2059 -51.1251 -51.2012 -51.1612
d
0.00000 14.00000 9.00000 16.00000 9.00000 14.00000 18.00000 12.00000 12.00000 16.00000 12.00000 16.00000 13.00000 14.00000 12.00000 10.00000 17.00000 12.00000 15.00000 14.00000 11.00000 10.00000 14.00000 13.00000 12.00000 16.00000 0.00000 13.00000 9.00000 14.00000 12.00000 16.00000 15.00000 15.00000 14.00000 13.00000 14.00000 10.00000 18.00000 12.00000 13.00000 13.00000 16.00000 14.00000 10.00000 8.00000 8.00000 14.00000 12.00000 14.00000 12.00000 0.00000
15.00000 0.00000 6.00000 13.00000 17.00000 4.00000 12.00000 6.00000 22.00000 4.00000 4.00000 5.00000 2.00000 12.00000 14.00000 12.00000 26.00000 4.00000 15.00000 16.00000 10.00000 7.00000 24.00000 6.00000 3.00000 5.00000 15.00000 23.00000 10.00000 17.00000 7.00000 3.00000 15.00000 13.00000 13.00000 15.00000 24.00000 18.00000 28.00000 6.00000 23.00000 14.00000 8.00000 1.00000 8.00000 10.00000 10.00000 19.00000 14.00000 24.00000 14.00000 15.00000
11.00000 6.00000 0.00000 12.00000 13.00000 7.00000 15.00000 8.00000 20.00000 8.00000 5.00000 9.00000 6.00000 10.00000 10.00000 8.00000 25.00000 3.00000 13.00000 12.00000 8.00000 8.00000 22.00000 7.00000 5.00000 9.00000 11.00000 21.00000 6.00000 14.00000 9.00000 8.00000 12.00000 10.00000 10.00000 16.00000 22.00000 14.00000 27.00000 3.00000 21.00000 11.00000 11.00000 6.00000 9.00000 6.00000 10.00000 15.00000 10.00000 22.00000 10.00000 11.00000
17.00000 15.00000 13.00000 0.00000 15.00000 16.00000 19.00000 18.00000 27.00000 16.00000 13.00000 17.00000 14.00000 6.00000 10.00000 11.00000 31.00000 12.00000 8.00000 11.00000 6.00000 18.00000 28.00000 18.00000 13.00000 17.00000 17.00000 28.00000 13.00000 10.00000 19.00000 17.00000 8.00000 6.00000 7.00000 26.00000 29.00000 15.00000 33.00000 11.00000 27.00000 9.00000 15.00000 15.00000 20.00000 13.00000 20.00000 11.00000 9.00000 29.00000 11.00000 17.00000
10.00000 18.00000 14.00000 13.00000 0.00000 18.00000 25.00000 18.00000 19.00000 20.00000 17.00000 21.00000 18.00000 10.00000 6.00000 7.00000 23.00000 16.00000 8.00000 7.00000 10.00000 17.00000 20.00000 18.00000 17.00000 21.00000 10.00000 20.00000 9.00000 6.00000 18.00000 20.00000 8.00000 9.00000 8.00000 19.00000 21.00000 3.00000 25.00000 14.00000 19.00000 7.00000 22.00000 18.00000 17.00000 11.00000 14.00000 7.00000 7.00000 21.00000 6.00000 10.00000
16.00000 4.00000 6.00000 15.00000 17.00000 0.00000 10.00000 5.00000 22.00000 5.00000 6.00000 6.00000 3.00000 14.00000 14.00000 12.00000 26.00000 6.00000 16.00000 16.00000 11.00000 7.00000 24.00000 5.00000 5.00000 6.00000 16.00000 23.00000 10.00000 18.00000 6.00000 4.00000 16.00000 14.00000 14.00000 13.00000 24.00000 18.00000 28.00000 7.00000 22.00000 15.00000 6.00000 4.00000 7.00000 10.00000 9.00000 19.00000 14.00000 24.00000 14.00000 16.00000
18.00000 11.00000 14.00000 21.00000 23.00000 10.00000 0.00000 9.00000 24.00000 13.00000 13.00000 14.00000 10.00000 21.00000 22.00000 20.00000 29.00000 13.00000 24.00000 24.00000 19.00000 14.00000 26.00000 11.00000 13.00000 14.00000 18.00000 25.00000 18.00000 24.00000 8.00000 12.00000 24.00000 22.00000 22.00000 13.00000 26.00000 24.00000 31.00000 15.00000 25.00000 23.00000 5.00000 11.00000 9.00000 18.00000 14.00000 25.00000 22.00000 26.00000 22.00000 18.00000
12.00000 7.00000 8.00000 18.00000 16.00000 6.00000 9.00000 0.00000 18.00000 9.00000 8.00000 9.00000 6.00000 16.00000 16.00000 14.00000 22.00000 9.00000 18.00000 18.00000 14.00000 6.00000 20.00000 2.00000 7.00000 9.00000 12.00000 19.00000 12.00000 19.00000 3.00000 9.00000 18.00000 16.00000 16.00000 9.00000 20.00000 18.00000 24.00000 10.00000 19.00000 17.00000 7.00000 7.00000 3.00000 12.00000 8.00000 21.00000 16.00000 20.00000 15.00000 12.00000
11.00000 22.00000 18.00000 24.00000 16.00000 21.00000 23.00000 18.00000 0.00000 24.00000 21.00000 25.00000 22.00000 23.00000 20.00000 18.00000 7.00000 20.00000 22.00000 21.00000 19.00000 17.00000 6.00000 19.00000 21.00000 25.00000 11.00000 6.00000 17.00000 20.00000 17.00000 24.00000 22.00000 23.00000 22.00000 18.00000 7.00000 17.00000 11.00000 21.00000 5.00000 21.00000 21.00000 23.00000 16.00000 16.00000 13.00000 19.00000 20.00000 5.00000 19.00000 11.00000
15.00000 8.00000 6.00000 13.00000 16.00000 9.00000 17.00000 12.00000 25.00000 0.00000 7.00000 2.00000 8.00000 12.00000 14.00000 12.00000 29.00000 3.00000 14.00000 15.00000 9.00000 12.00000 27.00000 11.00000 7.00000 2.00000 15.00000 26.00000 9.00000 17.00000 13.00000 10.00000 14.00000 12.00000 12.00000 20.00000 27.00000 18.00000 31.00000 5.00000 25.00000 13.00000 13.00000 8.00000 13.00000 9.00000 15.00000 18.00000 13.00000 27.00000 13.00000 15.00000
13.00000 4.00000 4.00000 13.00000 16.00000 6.00000 13.00000 8.00000 22.00000 6.00000 0.00000 7.00000 4.00000 11.00000 13.00000 11.00000 27.00000 3.00000 14.00000 15.00000 9.00000 8.00000 24.00000 8.00000 3.00000 7.00000 13.00000 24.00000 9.00000 16.00000 9.00000 7.00000 14.00000 12.00000 12.00000 16.00000 24.00000 17.00000 29.00000 4.00000 23.00000 13.00000 10.00000 5.00000 10.00000 9.00000 11.00000 18.00000 13.00000 24.00000 13.00000 13.00000
15.00000 8.00000 7.00000 13.00000 17.00000 10.00000 17.00000 12.00000 25.00000 2.00000 7.00000 0.00000 8.00000 12.00000 14.00000 12.00000 29.00000 4.00000 15.00000 16.00000 9.00000 12.00000 27.00000 12.00000 7.00000 3.00000 15.00000 26.00000 9.00000 17.00000 13.00000 11.00000 14.00000 12.00000 12.00000 20.00000 27.00000 18.00000 31.00000 5.00000 26.00000 14.00000 13.00000 9.00000 14.00000 9.00000 15.00000 18.00000 13.00000 27.00000 13.00000 15.00000
16.00000 2.00000 7.00000 14.00000 17.00000 4.00000 12.00000 7.00000 23.00000 4.00000 5.00000 5.00000 0.00000 13.00000 15.00000 12.00000 27.00000 5.00000 16.00000 17.00000 10.00000 8.00000 25.00000 6.00000 4.00000 5.00000 16.00000 24.00000 10.00000 18.00000 8.00000 3.00000 15.00000 13.00000 13.00000 15.00000 25.00000 18.00000 29.00000 6.00000 24.00000 15.00000 8.00000 2.00000 8.00000 10.00000 11.00000 19.00000 14.00000 25.00000 14.00000 16.00000
14.00000 12.00000 10.00000 6.00000 10.00000 14.00000 21.00000 14.00000 23.00000 14.00000 11.00000 15.00000 12.00000 0.00000 5.00000 7.00000 27.00000 10.00000 5.00000 6.00000 4.00000 14.00000 25.00000 14.00000 11.00000 15.00000 14.00000 24.00000 9.00000 8.00000 16.00000 14.00000 5.00000 2.00000 2.00000 22.00000 25.00000 10.00000 29.00000 9.00000 23.00000 4.00000 17.00000 13.00000 16.00000 9.00000 16.00000 9.00000 4.00000 25.00000 6.00000 14.00000
12.00000 15.00000 12.00000 10.00000 6.00000 16.00000 23.00000 16.00000 20.00000 17.00000 13.00000 17.00000 14.00000 7.00000 0.00000 5.00000 24.00000 12.00000 6.00000 4.00000 7.00000 16.00000 22.00000 15.00000 14.00000 17.00000 12.00000 21.00000 8.00000 6.00000 17.00000 17.00000 6.00000 6.00000 5.00000 21.00000 22.00000 6.00000 26.00000 11.00000 20.00000 4.00000 19.00000 15.00000 17.00000 10.00000 16.00000 7.00000 3.00000 22.00000 2.00000 12.00000
10.00000 14.00000 10.00000 10.00000 7.00000 14.00000 21.00000 14.00000 19.00000 15.00000 12.00000 16.00000 13.00000 7.00000 3.00000 0.00000 24.00000 11.00000 6.00000 5.00000 6.00000 14.00000 21.00000 13.00000 12.00000 16.00000 10.00000 20.00000 6.00000 7.00000 15.00000 15.00000 6.00000 6.00000 5.00000 19.00000 21.00000 7.00000 26.00000 10.00000 20.00000 4.00000 17.00000 14.00000 15.00000 8.00000 14.00000 8.00000 4.00000 21.00000 3.00000 10.00000
16.00000 28.00000 23.00000 29.00000 22.00000 27.00000 29.00000 23.00000 7.00000 29.00000 26.00000 30.00000 27.00000 28.00000 25.00000 24.00000 0.00000 26.00000 27.00000 26.00000 25.00000 22.00000 6.00000 24.00000 26.00000 30.00000 16.00000 5.00000 23.00000 25.00000 23.00000 30.00000 27.00000 28.00000 27.00000 24.00000 4.00000 22.00000 12.00000 26.00000 7.00000 26.00000 27.00000 28.00000 21.00000 22.00000 19.00000 25.00000 25.00000 8.00000 24.00000 16.00000
13.00000 5.00000 4.00000 11.00000 14.00000 6.00000 14.00000 9.00000 23.00000 7.00000 4.00000 8.00000 5.00000 10.00000 12.00000 10.00000 27.00000 0.00000 12.00000 13.00000 7.00000 9.00000 24.00000 9.00000 4.00000 8.00000 13.00000 24.00000 7.00000 15.00000 10.00000 7.00000 12.00000 10.00000 10.00000 17.00000 25.00000 16.00000 29.00000 2.00000 23.00000 11.00000 10.00000 6.00000 10.00000 7.00000 12.00000 16.00000 11.00000 25.00000 11.00000 13.00000
14.00000 15.00000 13.00000 8.00000 9.00000 16.00000 21.00000 17.00000 23.00000 17.00000 13.00000 17.00000 14.00000 5.00000 4.00000 6.00000 27.00000 12.00000 0.00000 4.00000 7.00000 17.00000 24.00000 17.00000 14.00000 17.00000 14.00000 24.00000 10.00000 5.00000 19.00000 17.00000 1.00000 4.00000 3.00000 23.00000 25.00000 8.00000 29.00000 11.00000 23.00000 2.00000 17.00000 15.00000 19.00000 11.00000 18.00000 7.00000 4.00000 25.00000 5.00000 14.00000
13.00000 15.00000 12.00000 9.00000 7.00000 16.00000 22.00000 16.00000 21.00000 16.00000 13.00000 17.00000 14.00000 6.00000 2.00000 5.00000 25.00000 12.00000 4.00000 0.00000 6.00000 16.00000 22.00000 15.00000 14.00000 17.00000 13.00000 22.00000 8.00000 4.00000 17.00000 17.00000 4.00000 6.00000 4.00000 22.00000 23.00000 6.00000 27.00000 11.00000 21.00000 2.00000 19.00000 15.00000 17.00000 10.00000 16.00000 6.00000 3.00000 23.00000 3.00000 13.00000
12.00000 11.00000 9.00000 7.00000 9.00000 12.00000 19.00000 13.00000 21.00000 12.00000 9.00000 13.00000 10.00000 4.00000 5.00000 6.00000 26.00000 8.00000 6.00000 7.00000 0.00000 13.00000 23.00000 13.00000 9.00000 13.00000 12.00000 22.00000 8.00000 8.00000 15.00000 13.00000 6.00000 4.00000 4.00000 21.00000 23.00000 10.00000 28.00000 7.00000 22.00000 6.00000 16.00000 11.00000 15.00000 8.00000 15.00000 10.00000 5.00000 23.00000 5.00000 12.00000
11.00000 8.00000 7.00000 18.00000 15.00000 8.00000 13.00000 6.00000 18.00000 9.00000 8.00000 10.00000 7.00000 15.00000 15.00000 13.00000 22.00000 10.00000 18.00000 17.00000 13.00000 0.00000 20.00000 4.00000 7.00000 10.00000 11.00000 19.00000 10.00000 19.00000 7.00000 9.00000 18.00000 15.00000 16.00000 12.00000 20.00000 17.00000 24.00000 10.00000 19.00000 16.00000 11.00000 8.00000 6.00000 8.00000 5.00000 20.00000 15.00000 20.00000 15.00000 11.00000
14.00000 25.00000 21.00000 27.00000 19.00000 24.00000 26.00000 20.00000 4.00000 27.00000 24.00000 28.00000 24.00000 25.00000 22.00000 21.00000 6.00000 23.00000 24.00000 24.00000 22.00000 20.00000 0.00000 22.00000 24.00000 28.00000 14.00000 1.00000 20.00000 23.00000 20.00000 27.00000 25.00000 26.00000 24.00000 21.00000 4.00000 20.00000 9.00000 23.00000 3.00000 24.00000 24.00000 26.00000 19.00000 19.00000 16.00000 22.00000 23.00000 5.00000 22.00000 14.00000
13.00000 6.00000 7.00000 18.00000 18.00000 5.00000 10.00000 2.00000 19.00000 8.00000 8.00000 9.00000 5.00000 15.00000 15.00000 13.00000 24.00000 8.00000 18.00000 17.00000 13.00000 4.00000 21.00000 0.00000 7.00000 9.00000 13.00000 20.00000 11.00000 19.00000 4.00000 8.00000 17.00000 15.00000 15.00000 10.00000 21.00000 19.00000 26.00000 10.00000 20.00000 16.00000 8.00000 7.00000 4.00000 11.00000 6.00000 20.00000 15.00000 21.00000 15.00000 13.00000
14.00000 3.00000 5.00000 14.00000 16.00000 4.00000 12.00000 7.00000 22.00000 4.00000 3.00000 5.00000 3.00000 13.00000 13.00000 11.00000 26.00000 5.00000 16.00000 15.00000 10.00000 7.00000 23.00000 6.00000 0.00000 5.00000 14.00000 23.00000 9.00000 16.00000 8.00000 5.00000 15.00000 13.00000 13.00000 15.00000 24.00000 17.00000 28.00000 5.00000 22.00000 14.00000 8.00000 3.00000 8.00000 9.00000 10.00000 18.00000 13.00000 24.00000 13.00000 14.00000
16.00000 9.00000 7.00000 13.00000 17.00000 10.00000 18.00000 12.00000 26.00000 2.00000 7.00000 3.00000 8.00000 12.00000 14.00000 12.00000 30.00000 4.00000 15.00000 16.00000 10.00000 13.00000 27.00000 12.00000 8.00000 0.00000 16.00000 27.00000 10.00000 17.00000 13.00000 11.00000 15.00000 13.00000 13.00000 21.00000 28.00000 18.00000 32.00000 6.00000 26.00000 14.00000 14.00000 9.00000 14.00000 10.00000 16.00000 18.00000 14.00000 28.00000 14.00000 16.00000
0.00000 14.00000 9.00000 16.00000 9.00000 14.00000 18.00000 12.00000 12.00000 16.00000 12.00000 16.00000 13.00000 14.00000 12.00000 10.00000 17.00000 12.00000 15.00000 14.00000 11.00000 10.00000 14.00000 13.00000 12.00000 16.00000 0.00000 13.00000 9.00000 14.00000 12.00000 16.00000 15.00000 15.00000 14.00000 13.00000 14.00000 10.00000 18.00000 12.00000 13.00000 13.00000 16.00000 14.00000 10.00000 8.00000 8.00000 14.00000 12.00000 14.00000 12.00000 0.00000
13.00000 24.00000 20.00000 26.00000 19.00000 24.00000 26.00000 20.00000 3.00000 26.00000 23.00000 27.00000 24.00000 25.00000 22.00000 20.00000 5.00000 23.00000 24.00000 23.00000 22.00000 19.00000 1.00000 21.00000 23.00000 27.00000 13.00000 0.00000 19.00000 22.00000 19.00000 26.00000 24.00000 25.00000 24.00000 20.00000 3.00000 19.00000 8.00000 23.00000 2.00000 23.00000 24.00000 25.00000 18.00000 19.00000 15.00000 21.00000 22.00000 4.00000 21.00000 13.00000
8.00000 10.00000 6.00000 12.00000 8.00000 10.00000 18.00000 10.00000 18.00000 12.00000 9.00000 13.00000 10.00000 10.00000 7.00000 5.00000 22.00000 9.00000 10.00000 9.00000 8.00000 10.00000 20.00000 10.00000 9.00000 13.00000 8.00000 19.00000 0.00000 11.00000 12.00000 12.00000 10.00000 10.00000 9.00000 16.00000 20.00000 9.00000 24.00000 8.00000 18.00000 8.00000 14.00000 11.00000 12.00000 3.00000 9.00000 12.00000 7.00000 20.00000 7.00000 8.00000
14.00000 16.00000 14.00000 9.00000 9.00000 17.00000 22.00000 19.00000 21.00000 17.00000 14.00000 18.00000 15.00000 7.00000 6.00000 8.00000 26.00000 13.00000 4.00000 5.00000 7.00000 19.00000 23.00000 18.00000 14.00000 18.00000 14.00000 22.00000 10.00000 0.00000 20.00000 18.00000 4.00000 7.00000 6.00000 23.00000 23.00000 8.00000 28.00000 12.00000 22.00000 4.00000 18.00000 16.00000 20.00000 13.00000 18.00000 4.00000 6.00000 23.00000 7.00000 14.00000
12.00000 6.00000 7.00000 18.00000 17.00000 5.00000 8.00000 3.00000 18.00000 8.00000 8.00000 9.00000 5.00000 15.00000 15.00000 13.00000 23.00000 8.00000 18.00000 17.00000 13.00000 7.00000 20.00000 5.00000 7.00000 9.00000 12.00000 19.00000 11.00000 19.00000 0.00000 8.00000 18.00000 15.00000 15.00000 10.00000 20.00000 18.00000 25.00000 10.00000 19.00000 16.00000 6.00000 7.00000 3.00000 11.00000 8.00000 20.00000 15.00000 20.00000 15.00000 12.00000
17.00000 3.00000 8.00000 16.00000 19.00000 5.00000 12.00000 8.00000 24.00000 6.00000 6.00000 7.00000 4.00000 15.00000 16.00000 14.00000 29.00000 6.00000 17.00000 18.00000 12.00000 9.00000 26.00000 8.00000 5.00000 7.00000 17.00000 25.00000 12.00000 19.00000 9.00000 0.00000 17.00000 15.00000 15.00000 17.00000 26.00000 20.00000 31.00000 8.00000 25.00000 16.00000 8.00000 2.00000 10.00000 12.00000 12.00000 21.00000 16.00000 26.00000 16.00000 17.00000
14.00000 15.00000 13.00000 8.00000 9.00000 16.00000 21.00000 17.00000 23.00000 17.00000 13.00000 17.00000 14.00000 5.00000 4.00000 6.00000 27.00000 12.00000 1.00000 4.00000 7.00000 17.00000 24.00000 16.00000 14.00000 17.00000 14.00000 24.00000 9.00000 5.00000 18.00000 17.00000 0.00000 4.00000 3.00000 23.00000 25.00000 8.00000 29.00000 11.00000 23.00000 2.00000 17.00000 15.00000 18.00000 11.00000 18.00000 7.00000 4.00000 25.00000 5.00000 14.00000
14.00000 13.00000 11.00000 6.00000 11.00000 14.00000 21.00000 15.00000 23.00000 15.00000 11.00000 15.00000 12.00000 2.00000 5.00000 7.00000 28.00000 10.00000 4.00000 6.00000 5.00000 15.00000 25.00000 14.00000 12.00000 15.00000 14.00000 24.00000 9.00000 8.00000 16.00000 15.00000 4.00000 0.00000 3.00000 23.00000 25.00000 10.00000 30.00000 9.00000 24.00000 4.00000 17.00000 13.00000 16.00000 10.00000 16.00000 9.00000 5.00000 25.00000 6.00000 14.00000
13.00000 13.00000 11.00000 7.00000 9.00000 14.00000 22.00000 15.00000 22.00000 15.00000 12.00000 16.00000 13.00000 3.00000 3.00000 5.00000 27.00000 11.00000 3.00000 5.00000 5.00000 15.00000 24.00000 15.00000 12.00000 16.00000 13.00000 23.00000 9.00000 6.00000 17.00000 15.00000 3.00000 2.00000 0.00000 22.00000 24.00000 8.00000 29.00000 9.00000 23.00000 3.00000 18.00000 13.00000 17.00000 10.00000 17.00000 8.00000 3.00000 24.00000 5.00000 13.00000
13.00000 14.00000 15.00000 25.00000 18.00000 13.00000 13.00000 9.00000 19.00000 16.00000 16.00000 17.00000 13.00000 23.00000 21.00000 19.00000 24.00000 16.00000 24.00000 23.00000 20.00000 13.00000 21.00000 11.00000 15.00000 17.00000 13.00000 20.00000 18.00000 23.00000 9.00000 16.00000 24.00000 23.00000 23.00000 0.00000 21.00000 19.00000 26.00000 18.00000 20.00000 22.00000 13.00000 15.00000 9.00000 15.00000 10.00000 23.00000 21.00000 20.00000 21.00000 13.00000
14.00000 25.00000 21.00000 27.00000 19.00000 24.00000 26.00000 21.00000 4.00000 27.00000 24.00000 28.00000 25.00000 26.00000 23.00000 21.00000 4.00000 23.00000 25.00000 24.00000 22.00000 20.00000 4.00000 22.00000 24.00000 28.00000 14.00000 3.00000 20.00000 23.00000 20.00000 27.00000 25.00000 26.00000 25.00000 21.00000 0.00000 20.00000 10.00000 24.00000 4.00000 24.00000 24.00000 26.00000 19.00000 19.00000 16.00000 22.00000 23.00000 6.00000 22.00000 14.00000
10.00000 19.00000 15.00000 13.00000 2.00000 19.00000 25.00000 19.00000 19.00000 20.00000 17.00000 21.00000 18.00000 11.00000 7.00000 8.00000 23.00000 16.00000 8.00000 8.00000 11.00000 17.00000 21.00000 18.00000 17.00000 21.00000 10.00000 20.00000 9.00000 7.00000 19.00000 20.00000 9.00000 10.00000 9.00000 20.00000 21.00000 0.00000 25.00000 15.00000 20.00000 8.00000 22.00000 19.00000 17.00000 11.00000 15.00000 8.00000 7.00000 21.00000 6.00000 10.00000
18.00000 29.00000 25.00000 31.00000 23.00000 29.00000 31.00000 25.00000 8.00000 31.00000 28.00000 32.00000 29.00000 30.00000 27.00000 25.00000 13.00000 28.00000 29.00000 28.00000 27.00000 24.00000 9.00000 26.00000 28.00000 32.00000 18.00000 8.00000 24.00000 27.00000 24.00000 31.00000 29.00000 30.00000 29.00000 25.00000 10.00000 24.00000 0.00000 28.00000 7.00000 28.00000 28.00000 30.00000 23.00000 24.00000 20.00000 26.00000 27.00000 8.00000 26.00000 18.00000
13.00000 5.00000 3.00000 11.00000 14.00000 6.00000 14.00000 9.00000 23.00000 7.00000 4.00000 7.00000 5.00000 10.00000 11.00000 9.00000 27.00000 2.00000 13.00000 13.00000 7.00000 9.00000 24.00000 8.00000 4.00000 7.00000 13.00000 24.00000 7.00000 15.00000 10.00000 7.00000 12.00000 10.00000 10.00000 17.00000 25.00000 15.00000 29.00000 0.00000 23.00000 12.00000 10.00000 5.00000 10.00000 7.00000 12.00000 16.00000 11.00000 25.00000 11.00000 13.00000
14.00000 25.00000 21.00000 27.00000 19.00000 24.00000 26.00000 20.00000 4.00000 27.00000 24.00000 27.00000 24.00000 25.00000 22.00000 21.00000 8.00000 23.00000 24.00000 23.00000 22.00000 20.00000 4.00000 21.00000 23.00000 27.00000 14.00000 3.00000 20.00000 23.00000 20.00000 27.00000 24.00000 25.00000 24.00000 21.00000 6.00000 19.00000 7.00000 23.00000 0.00000 23.00000 24.00000 25.00000 18.00000 19.00000 16.00000 22.00000 23.00000 4.00000 22.00000 14.00000
12.00000 14.00000 11.00000 9.00000 8.00000 15.00000 22.00000 15.00000 21.00000 16.00000 13.00000 17.00000 14.00000 6.00000 2.00000 4.00000 25.00000 12.00000 4.00000 2.00000 6.00000 15.00000 23.00000 15.00000 13.00000 17.00000 12.00000 22.00000 8.00000 4.00000 17.00000 16.00000 4.00000 5.00000 4.00000 21.00000 23.00000 7.00000 27.00000 11.00000 22.00000 0.00000 19.00000 15.00000 17.00000 10.00000 16.00000 6.00000 4.00000 23.00000 3.00000 12.00000
16.00000 7.00000 10.00000 18.00000 21.00000 6.00000 5.00000 7.00000 22.00000 9.00000 9.00000 10.00000 7.00000 18.00000 18.00000 16.00000 27.00000 9.00000 20.00000 20.00000 15.00000 12.00000 24.00000 9.00000 9.00000 10.00000 16.00000 23.00000 14.00000 20.00000 6.00000 8.00000 20.00000 18.00000 18.00000 14.00000 24.00000 22.00000 29.00000 11.00000 23.00000 19.00000 0.00000 7.00000 7.00000 14.00000 12.00000 21.00000 18.00000 24.00000 18.00000 16.00000
15.00000 1.00000 7.00000 14.00000 17.00000 4.00000 12.00000 7.00000 22.00000 4.00000 5.00000 5.00000 3.00000 13.00000 15.00000 12.00000 27.00000 5.00000 16.00000 17.00000 10.00000 8.00000 24.00000 6.00000 4.00000 5.00000 15.00000 24.00000 10.00000 18.00000 8.00000 2.00000 15.00000 13.00000 13.00000 15.00000 24.00000 18.00000 29.00000 6.00000 23.00000 15.00000 8.00000 0.00000 8.00000 10.00000 11.00000 19.00000 14.00000 24.00000 14.00000 15.00000
10.00000 8.00000 9.00000 19.00000 15.00000 7.00000 9.00000 3.00000 17.00000 10.00000 10.00000 11.00000 7.00000 17.00000 17.00000 15.00000 21.00000 10.00000 20.00000 19.00000 15.00000 6.00000 18.00000 4.00000 9.00000 11.00000 10.00000 18.00000 13.00000 20.00000 3.00000 10.00000 19.00000 17.00000 17.00000 8.00000 19.00000 16.00000 23.00000 12.00000 17.00000 18.00000 7.00000 9.00000 0.00000 12.00000 6.00000 20.00000 17.00000 19.00000 17.00000 10.00000
7.00000 11.00000 7.00000 15.00000 9.00000 11.00000 18.00000 11.00000 17.00000 13.00000 10.00000 13.00000 10.00000 12.00000 10.00000 8.00000 21.00000 9.00000 13.00000 12.00000 10.00000 9.00000 19.00000 11.00000 9.00000 13.00000 7.00000 18.00000 3.00000 13.00000 13.00000 13.00000 13.00000 12.00000 12.00000 15.00000 19.00000 10.00000 23.00000 8.00000 18.00000 11.00000 15.00000 11.00000 12.00000 0.00000 8.00000 14.00000 10.00000 19.00000 10.00000 7.00000
8.00000 11.00000 9.00000 19.00000 12.00000 10.00000 14.00000 8.00000 14.00000 13.00000 11.00000 13.00000 10.00000 17.00000 16.00000 14.00000 18.00000 11.00000 18.00000 18.00000 15.00000 5.00000 15.00000 7.00000 10.00000 13.00000 8.00000 15.00000 11.00000 17.00000 8.00000 13.00000 18.00000 17.00000 17.00000 10.00000 16.00000 14.00000 20.00000 11.00000 14.00000 16.00000 12.00000 11.00000 6.00000 9.00000 0.00000 17.00000 15.00000 16.00000 15.00000 8.00000
13.00000 17.00000 15.00000 10.00000 9.00000 19.00000 23.00000 19.00000 20.00000 19.00000 16.00000 20.00000 17.00000 9.00000 7.00000 8.00000 25.00000 15.00000 6.00000 7.00000 9.00000 19.00000 22.00000 19.00000 16.00000 20.00000 13.00000 21.00000 10.00000 2.00000 21.00000 20.00000 6.00000 9.00000 8.00000 23.00000 22.00000 8.00000 27.00000 14.00000 21.00000 6.00000 20.00000 18.00000 20.00000 13.00000 18.00000 0.00000 7.00000 22.00000 6.00000 13.00000
13.00000 15.00000 12.00000 9.00000 9.00000 16.00000 22.00000 16.00000 22.00000 16.00000 13.00000 17.00000 14.00000 6.00000 3.00000 5.00000 26.00000 12.00000 4.00000 3.00000 6.00000 16.00000 23.00000 16.00000 13.00000 17.00000 13.00000 23.00000 9.00000 4.00000 18.00000 17.00000 4.00000 5.00000 4.00000 22.00000 24.00000 8.00000 28.00000 11.00000 22.00000 2.00000 18.00000 15.00000 18.00000 11.00000 17.00000 6.00000 0.00000 24.00000 4.00000 13.00000
14.00000 25.00000 21.00000 27.00000 19.00000 24.00000 26.00000 20.00000 4.00000 27.00000 24.00000 28.00000 24.00000 25.00000 22.00000 21.00000 9.00000 23.00000 25.00000 24.00000 22.00000 20.00000 5.00000 22.00000 24.00000 28.00000 14.00000 4.00000 20.00000 23.00000 20.00000 27.00000 25.00000 26.00000 24.00000 20.00000 6.00000 20.00000 9.00000 23.00000 4.00000 24.00000 24.00000 26.00000 19.00000 19.00000 16.00000 22.00000 23.00000 0.00000 22.00000 14.00000
12.00000 15.00000 12.00000 10.00000 6.00000 16.00000 23.00000 16.00000 20.00000 17.00000 13.00000 17.00000 14.00000 7.00000 1.00000 5.00000 24.00000 12.00000 6.00000 4.00000 7.00000 16.00000 22.00000 15.00000 14.00000 17.00000 12.00000 21.00000 8.00000 7.00000 18.00000 17.00000 6.00000 6.00000 5.00000 21.00000 22.00000 6.00000 26.00000 11.00000 21.00000 4.00000 19.00000 15.00000 17.00000 10.00000 16.00000 7.00000 3.00000 22.00000 0.00000 12.00000
0.00000 14.00000 9.00000 16.00000 9.00000 14.00000 18.00000 12.00000 12.00000 16.00000 12.00000 16.00000 13.00000 14.00000 12.00000 10.00000 17.00000 12.00000 15.00000 14.00000 11.00000 10.00000 14.00000 13.00000 12.00000 16.00000 0.00000 13.00000 9.00000 14.00000 12.00000 16.00000 15.00000 15.00000 14.00000 13.00000 14.00000 10.00000 18.00000 12.00000 13.00000 13.00000 16.00000 14.00000 10.00000 8.00000 8.00000 14.00000 12.00000 14.00000 12.00000 0.00000
p
0.0 0.0 0.0 0.0 0.0 0.0 
0.0 0.0 0.0 0.0 0.0 0.0 
0.0 0.0 0.0 0.0 0.0 0.0 
0.0 0.0 0.0 0.0 0.0 0.0 
0.0 0.0 0.0 0.0 0.0 0.0 
0.0 0.0 0.0 0.0 0.0 0.0 
0.0 0.0 0.0 0.0 0.0 0.0 
0.0 0.0 0.0 0.0 0.0 0.0 
0.0 0.0 0.0 0.0 0.0 0.0 
0.0 0.0 0.0 0.0 0.0 0.0 
21 0 0 0 0 0 
21 0 0 0 0 0 
21 0 0 0 0 0 
21 0 0 0 0 0 
21 0 0 0 0 0 
21 0 0 0 0 0 
21 0 0 0 0 0 
21 0 0 0 0 0 
21 0 0 0 0 0 
21 0 0 0 0 0 
0 0 0 0 27 0 
0 0 0 0 27 0 
0 0 0 0 27 0 
0 0 0 0 27 0 
0 0 0 0 27 0 
0 0 0 0 27 0 
0 0 0 0 27 0 
0 0 0 0 27 0 
0 0 0 0 27 0 
0 0 0 0 27 0 
0 54 0 0 0 0 
0 54 0 0 0 0 
0 54 0 0 0 0 
0 54 0 0 0 0 
0 54 0 0 0 0 
0 54 0 0 0 0 
0 54 0 0 0 0 
0 54 0 0 0 0 
0 54 0 0 0 0 
0 54 0 0 0 0 
0 0 52 0 0 0 
0 0 52 0 0 0 
0 0 52 0 0 0 
0 0 52 0 0 0 
0 0 52 0 0 0 
0 0 52 0 0 0 
0 0 52 0 0 0 
0 0 52 0 0 0 
0 0 52 0 0 0 
0 0 52 0 0 0 
0 51 0 0 0 25 
0 51 0 0 0 25 
0 51 0 0 0 25 
0 51 0 0 0 25 
0 51 0 0 0 25 
0 51 0 0 0 25 
0 51 0 0 0 25 
0 51 0 0 0 25 
0 51 0 0 0 25 
0 51 0 0 0 25 
0 54 0 0 46 0 
0 54 0 0 46 0 
0 54 0 0 46 0 
0 54 0 0 46 0 
0 54 0 0 46 0 
0 54 0 0 46 0 
0 54 0 0 46 0 
0 54 0 0 46 0 
0 54 0 0 46 0 
0 54 0 0 46 0 
0 0 0 0 26 0 
0 0 0 0 26 0 
0 0 0 0 26 0 
0 0 0 0 26 0 
0 0 0 0 26 0 
0 0 0 0 26 0 
0 0 0 0 26 0 
0 0 0 0 26 0 
0 0 0 0 26 0 
0 0 0 0 26 0 
0 0 0 0 24 0 
0 0 0 0 24 0 
0 0 0 0 24 0 
0 0 0 0 24 0 
0 0 0 0 24 0 
0 0 0 0 24 0 
0 0 0 0 24 0 
0 0 0 0 24 0 
0 0 0 0 24 0 
0 0 0 0 24 0 
0 0 25 0 0 0 
0 0 25 0 0 0 
0 0 25 0 0 0 
0 0 25 0 0 0 
0 0 25 0 0 0 
0 0 25 0 0 0 
0 0 25 0 0 0 
0 0 25 0 0 0 
0 0 25 0 0 0 
0 0 25 0 0 0 
0 0 17 0 0 0 
0 0 17 0 0 0 
0 0 17 0 0 0 
0 0 17 0 0 0 
0 0 17 0 0 0 
0 0 17 0 0 0 
0 0 17 0 0 0 
0 0 17 0 0 0 
0 0 17 0 0 0 
0 0 17 0 0 0 
0 50 0 0 0 44 
0 50 0 0 0 44 
0 50 0 0 0 44 
0 50 0 0 0 44 
0 50 0 0 0 44 
0 50 0 0 0 44 
0 50 0 0 0 44 
0 50 0 0 0 44 
0 50 0 0 0 44 
0 50 0 0 0 44 
23 0 0 0 23 0 
23 0 0 0 23 0 
23 0 0 0 23 0 
23 0 0 0 23 0 
23 0 0 0 23 0 
23 0 0 0 23 0 
23 0 0 0 23 0 
23 0 0 0 23 0 
23 0 0 0 23 0 
23 0 0 0 23 0 
0 50 0 0 0 0 
0 50 0 0 0 0 
0 50 0 0 0 0 
0 50 0 0 0 0 
0 50 0 0 0 0 
0 50 0 0 0 0 
0 50 0 0 0 0 
0 50 0 0 0 0 
0 50 0 0 0 0 
0 50 0 0 0 0 
0 0 23 0 0 0 
0 0 23 0 0 0 
0 0 23 0 0 0 
0 0 23 0 0 0 
0 0 23 0 0 0 
0 0 23 0 0 0 
0 0 23 0 0 0 
0 0 23 0 0 0 
0 0 23 0 0 0 
0 0 23 0 0 0 
0 0 0 0 0 49 
0 0 0 0 0 49 
0 0 0 0 0 49 
0 0 0 0 0 49 
0 0 0 0 0 49 
0 0 0 0 0 49 
0 0 0 0 0 49 
0 0 0 0 0 49 
0 0 0 0 0 49 
0 0 0 0 0 49 
0 0 38 50 0 0 
0 0 38 50 0 0 
0 0 38 50 0 0 
0 0 38 50 0 0 
0 0 38 50 0 0 
0 0 38 50 0 0 
0 0 38 50 0 0 
0 0 38 50 0 0 
0 0 38 50 0 0 
0 0 38 50 0 0 
0 15 0 0 0 15 
0 15 0 0 0 15 
0 15 0 0 0 15 
0 15 0 0 0 15 
0 15 0 0 0 15 
0 15 0 0 0 15 
0 15 0 0 0 15 
0 15 0 0 0 15 
0 15 0 0 0 15 
0 15 0 0 0 15 
0 0 0 0 49 0 
0 0 0 0 49 0 
0 0 0 0 49 0 
0 0 0 0 49 0 
0 0 0 0 49 0 
0 0 0 0 49 0 
0 0 0 0 49 0 
0 0 0 0 49 0 
0 0 0 0 49 0 
0 0 0 0 49 0 
0 56 0 0 0 0 
0 56 0 0 0 0 
0 56 0 0 0 0 
0 56 0 0 0 0 
0 56 0 0 0 0 
0 56 0 0 0 0 
0 56 0 0 0 0 
0 56 0 0 0 0 
0 56 0 0 0 0 
0 56 0 0 0 0 
0 26 0 0 0 0 
0 26 0 0 0 0 
0 26 0 0 0 0 
0 26 0 0 0 0 
0 26 0 0 0 0 
0 26 0 0 0 0 
0 26 0 0 0 0 
0 26 0 0 0 0 
0 26 0 0 0 0 
0 26 0 0 0 0 
0 27 0 0 0 37 
0 27 0 0 0 37 
0 27 0 0 0 37 
0 27 0 0 0 37 
0 27 0 0 0 37 
0 27 0 0 0 37 
0 27 0 0 0 37 
0 27 0 0 0 37 
0 27 0 0 0 37 
0 27 0 0 0 37 
0 16 0 0 52 0 
0 16 0 0 52 0 
0 16 0 0 52 0 
0 16 0 0 52 0 
0 16 0 0 52 0 
0 16 0 0 52 0 
0 16 0 0 52 0 
0 16 0 0 52 0 
0 16 0 0 52 0 
0 16 0 0 52 0 
0 0 48 0 0 0 
0 0 48 0 0 0 
0 0 48 0 0 0 
0 0 48 0 0 0 
0 0 48 0 0 0 
0 0 48 0 0 0 
0 0 48 0 0 0 
0 0 48 0 0 0 
0 0 48 0 0 0 
0 0 48 0 0 0 
0 0 0 0 0 49 
0 0 0 0 0 49 
0 0 0 0 0 49 
0 0 0 0 0 49 
0 0 0 0 0 49 
0 0 0 0 0 49 
0 0 0 0 0 49 
0 0 0 0 0 49 
0 0 0 0 0 49 
0 0 0 0 0 49 
0 0 49 0 0 0 
0 0 49 0 0 0 
0 0 49 0 0 0 
0 0 49 0 0 0 
0 0 49 0 0 0 
0 0 49 0 0 0 
0 0 49 0 0 0 
0 0 49 0 0 0 
0 0 49 0 0 0 
0 0 49 0 0 0 
0 0 41 0 28 0 
0 0 41 0 28 0 
0 0 41 0 28 0 
0 0 41 0 28 0 
0 0 41 0 28 0 
0 0 41 0 28 0 
0 0 41 0 28 0 
0 0 41 0 28 0 
0 0 41 0 28 0 
0 0 41 0 28 0 
0 0 0 55 0 0 
0 0 0 55 0 0 
0 0 0 55 0 0 
0 0 0 55 0 0 
0 0 0 55 0 0 
0 0 0 55 0 0 
0 0 0 55 0 0 
0 0 0 55 0 0 
0 0 0 55 0 0 
0 0 0 55 0 0 
16 0 0 24 0 0 
16 0 0 24 0 0 
16 0 0 24 0 0 
16 0 0 24 0 0 
16 0 0 24 0 0 
16 0 0 24 0 0 
16 0 0 24 0 0 
16 0 0 24 0 0 
16 0 0 24 0 0 
16 0 0 24 0 0 
0 0 0 0 38 0 
0 0 0 0 38 0 
0 0 0 0 38 0 
0 0 0 0 38 0 
0 0 0 0 38 0 
0 0 0 0 38 0 
0 0 0 0 38 0 
0 0 0 0 38 0 
0 0 0 0 38 0 
0 0 0 0 38 0 
0 18 0 0 0 47 
0 18 0 0 0 47 
0 18 0 0 0 47 
0 18 0 0 0 47 
0 18 0 0 0 47 
0 18 0 0 0 47 
0 18 0 0 0 47 
0 18 0 0 0 47 
0 18 0 0 0 47 
0 18 0 0 0 47 
0 0 0 0 27 0 
0 0 0 0 27 0 
0 0 0 0 27 0 
0 0 0 0 27 0 
0 0 0 0 27 0 
0 0 0 0 27 0 
0 0 0 0 27 0 
0 0 0 0 27 0 
0 0 0 0 27 0 
0 0 0 0 27 0 
0 0 0 0 28 0 
0 0 0 0 28 0 
0 0 0 0 28 0 
0 0 0 0 28 0 
0 0 0 0 28 0 
0 0 0 0 28 0 
0 0 0 0 28 0 
0 0 0 0 28 0 
0 0 0 0 28 0 
0 0 0 0 28 0 
46 0 0 0 39 0 
46 0 0 0 39 0 
46 0 0 0 39 0 
46 0 0 0 39 0 
46 0 0 0 39 0 
46 0 0 0 39 0 
46 0 0 0 39 0 
46 0 0 0 39 0 
46 0 0 0 39 0 
46 0 0 0 39 0 
19 0 0 52 0 0 
19 0 0 52 0 0 
19 0 0 52 0 0 
19 0 0 52 0 0 
19 0 0 52 0 0 
19 0 0 52 0 0 
19 0 0 52 0 0 
19 0 0 52 0 0 
19 0 0 52 0 0 
19 0 0 52 0 0 
0 0 0 0 0 30 
0 0 0 0 0 30 
0 0 0 0 0 30 
0 0 0 0 0 30 
0 0 0 0 0 30 
0 0 0 0 0 30 
0 0 0 0 0 30 
0 0 0 0 0 30 
0 0 0 0 0 30 
0 0 0 0 0 30 
0 0 0 0 0 29 
0 0 0 0 0 29 
0 0 0 0 0 29 
0 0 0 0 0 29 
0 0 0 0 0 29 
0 0 0 0 0 29 
0 0 0 0 0 29 
0 0 0 0 0 29 
0 0 0 0 0 29 
0 0 0 0 0 29 
0 41 0 0 0 0 
0 41 0 0 0 0 
0 41 0 0 0 0 
0 41 0 0 0 0 
0 41 0 0 0 0 
0 41 0 0 0 0 
0 41 0 0 0 0 
0 41 0 0 0 0 
0 41 0 0 0 0 
0 41 0 0 0 0 
0 0 0 0 0 49 
0 0 0 0 0 49 
0 0 0 0 0 49 
0 0 0 0 0 49 
0 0 0 0 0 49 
0 0 0 0 0 49 
0 0 0 0 0 49 
0 0 0 0 0 49 
0 0 0 0 0 49 
0 0 0 0 0 49 
0 20 0 0 18 0 
0 20 0 0 18 0 
0 20 0 0 18 0 
0 20 0 0 18 0 
0 20 0 0 18 0 
0 20 0 0 18 0 
0 20 0 0 18 0 
0 20 0 0 18 0 
0 20 0 0 18 0 
0 20 0 0 18 0 
0 0 0 0 18 0 
0 0 0 0 18 0 
0 0 0 0 18 0 
0 0 0 0 18 0 
0 0 0 0 18 0 
0 0 0 0 18 0 
0 0 0 0 18 0 
0 0 0 0 18 0 
0 0 0 0 18 0 
0 0 0 0 18 0 
0 0 0 21 0 0 
0 0 0 21 0 0 
0 0 0 21 0 0 
0 0 0 21 0 0 
0 0 0 21 0 0 
0 0 0 21 0 0 
0 0 0 21 0 0 
0 0 0 21 0 0 
0 0 0 21 0 0 
0 0 0 21 0 0 
0 29 0 0 0 0 
0 29 0 0 0 0 
0 29 0 0 0 0 
0 29 0 0 0 0 
0 29 0 0 0 0 
0 29 0 0 0 0 
0 29 0 0 0 0 
0 29 0 0 0 0 
0 29 0 0 0 0 
0 29 0 0 0 0 
0 47 0 0 0 0 
0 47 0 0 0 0 
0 47 0 0 0 0 
0 47 0 0 0 0 
0 47 0 0 0 0 
0 47 0 0 0 0 
0 47 0 0 0 0 
0 47 0 0 0 0 
0 47 0 0 0 0 
0 47 0 0 0 0 
0 0 0 0 27 0 
0 0 0 0 27 0 
0 0 0 0 27 0 
0 0 0 0 27 0 
0 0 0 0 27 0 
0 0 0 0 27 0 
0 0 0 0 27 0 
0 0 0 0 27 0 
0 0 0 0 27 0 
0 0 0 0 27 0 
52 0 0 0 16 0 
52 0 0 0 16 0 
52 0 0 0 16 0 
52 0 0 0 16 0 
52 0 0 0 16 0 
52 0 0 0 16 0 
52 0 0 0 16 0 
52 0 0 0 16 0 
52 0 0 0 16 0 
52 0 0 0 16 0 
0 19 0 0 0 0 
0 19 0 0 0 0 
0 19 0 0 0 0 
0 19 0 0 0 0 
0 19 0 0 0 0 
0 19 0 0 0 0 
0 19 0 0 0 0 
0 19 0 0 0 0 
0 19 0 0 0 0 
0 19 0 0 0 0 
0 0 0 0 0 37 
0 0 0 0 0 37 
0 0 0 0 0 37 
0 0 0 0 0 37 
0 0 0 0 0 37 
0 0 0 0 0 37 
0 0 0 0 0 37 
0 0 0 0 0 37 
0 0 0 0 0 37 
0 0 0 0 0 37 
0 0 0 0 54 0 
0 0 0 0 54 0 
0 0 0 0 54 0 
0 0 0 0 54 0 
0 0 0 0 54 0 
0 0 0 0 54 0 
0 0 0 0 54 0 
0 0 0 0 54 0 
0 0 0 0 54 0 
0 0 0 0 54 0 
0 0 0 0 0 23 
0 0 0 0 0 23 
0 0 0 0 0 23 
0 0 0 0 0 23 
0 0 0 0 0 23 
0 0 0 0 0 23 
0 0 0 0 0 23 
0 0 0 0 0 23 
0 0 0 0 0 23 
0 0 0 0 0 23 
0 47 0 0 27 0 
0 47 0 0 27 0 
0 47 0 0 27 0 
0 47 0 0 27 0 
0 47 0 0 27 0 
0 47 0 0 27 0 
0 47 0 0 27 0 
0 47 0 0 27 0 
0 47 0 0 27 0 
0 47 0 0 27 0 
0.0 0.0 0.0 0.0 0.0 0.0 
0.0 0.0 0.0 0.0 0.0 0.0 
0.0 0.0 0.0 0.0 0.0 0.0 
0.0 0.0 0.0 0.0 0.0 0.0 
0.0 0.0 0.0 0.0 0.0 0.0 
0.0 0.0 0.0 0.0 0.0 0.0 
0.0 0.0 0.0 0.0 0.0 0.0 
0.0 0.0 0.0 0.0 0.0 0.0 
0.0 0.0 0.0 0.0 0.0 0.0 
0.0 0.0 0.0 0.0 0.0 0.0 
mind
0 0 0 0 0 21 0 0 0 0 0 23 0 0 0 0 16 0 0 0 0 0 15 0 0 0 0 0 18 0 0 0 0 0 16 0 0 0 0 0 0 0 0 0 0 15 0 0 0 0 16 0
maxd
0 0 0 0 0 30 0 0 0 0 0 28 0 0 0 0 16 0 0 0 0 0 28 0 0 0 0 0 24 0 0 0 0 0 21 0 0 0 0 0 0 0 0 0 0 18 0 0 0 0 29 0
e
0 855 685 876 835 845 658 623 764 913 540 694 524 730 952 881 814 567 688 934 739 916 552 600 666 498 610 512 800 895 774 868 800 510 894 543 720 495 532 781 805 557 622 685 929 515 722 673 935 936 797 0
l
99999 975 805 996 955 965 778 743 884 1033 660 814 644 850 1072 1001 934 687 808 1054 859 1036 672 720 786 618 730 632 920 1015 894 988 920 630 1014 663 840 615 652 901 925 677 742 805 1049 635 842 793 1055 1056 917 99999
